user_recommendation
318
296
527
858
260
593
50
608
1196
356
2858
2571
47
1221
589
1270
2959
1198
1210
4993
4226
1197
912
750
1
1193
110
111
7153
1136
1213
1208
1617
2918
908
1089
1704
150
5952
2997
293
4973
904
2762
969
1225
923
2502
1259
1240
1291
32
364
1247
480
2028
1252
778
1207
457
2804
913
1206
919
899
924
1036
3578
1203
2396
6
58559
1265
588
6016
1214
1219
1258
4963
4878
7361
595
1682
1200
1230
1961
1732
1060
926
2329
1228
3996
541
2064
2716
5989
6539
235
2692
44191
920
79132
1222
4027
1968
1233
17
4011
903
1304
745
1250
1148
246
953
2324
1028
33794
223
68157
3421
1073
1276
1204
555
48516
1288
2395
2599
3471
1097
1246
2291
4995
1500
3114
1394
1172
48780
1199
1278
1035
1212
1079
2268
55820
8874
3481
898
1220
16
32587
6874
2797
1387
8961
8368
56367
2791
910
40815
3897
3868
106920
1307
1625
2115
4034
1945
1080
1952
337
497
2076
1674
2542
4886
515
1356
5995
3147
2318
950
1953
162
232
1293
1254
1287
33493
1084
4306
78499
551
1263
1244
3462
1095
2019
671
3730
2300
36
2795
3949
1217
475
509
1947
471
5679
1267
50872
3435
3362
529
306
590
800
951
1234
905
916
3504
81591
265
1077
3006
3735
56782
70286
994
1673
1299
377
1256
1610
4979
5418
21
922
5060
1284
109487
349
2761
106782
34405
307
1090
88125
1223
31658
954
1957
357
1994
914
68954
2580
86882
474
1960
1912
2144
300
194
1178
5669
30749
2005
2289
1175
3671
272
5618
1094
534
2871
7502
3911
3007
11
1997
1411
92259
2194
733
7438
6377
57669
3683
116797
27773
911
1719
4085
2303
33166
1269
1231
3499
1096
1449
3307
5500
3088
1580
2243
1218
2917
2501
946
1201
39292
6787
3363
1266
5225
1260
907
8636
720
7099
3095
955
7090
2186
68237
3000
2739
39
49272
2231
63082
81845
1224
115713
1209
968
2985
3469
1948
1264
945
175
6863
1374
4235
35836
3791
3201
1954
54503
69844
1357
2971
3044
81834
581
1292
2132
1466
2359
85414
49530
3246
69481
4450
1361
1611
2081
3317
2208
308
72226
3359
5816
5630
59315
8665
29
1257
54259
64839
1238
348
1215
5971
741
1333
54997
1248
3476
2248
96079
28
1927
46578
96821
112552
3983
58
161
31410
3037
109374
40819
5991
3022
106100
112852
1029
88129
59784
3703
26587
1283
440
3039
1272
51255
50068
3035
2949
6796
909
2944
134130
1939
1280
68358
1955
930
99114
2935
2302
2664
2973
81932
3152
353
3468
2355
3686
3448
6807
85
4361
53123
8228
531
4007
8132
97938
80463
2916
4017
280
1834
345
230
98491
7386
6385
115569
30707
431
44665
1923
3424
26776
1179
1963
54286
1261
2108
54001
3033
3198
38038
69757
79702
46976
7147
7451
1959
5377
5876
4489
1321
3260
52281
928
8970
1103
3196
8958
3081
1884
3788
73290
319
4623
1296
5791
76093
1189
2010
661
1946
2788
2301
68073
933
1192
2690
3101
1950
4903
973
134853
4021
3167
508
1393
902
5103
4679
2071
1211
1066
44199
146656
104841
4016
224
54881
5444
81229
1845
5064
41566
3702
65261
71264
110102
97304
3512
65188
6565
51540
1797
3019
2987
262
2150
34
5055
3451
2202
3543
1243
3414
915
6502
104374
6440
2947
33660
104913
2925
6380
2336
2160
8949
4945
4466
1262
1964
4103
233
140174
3548
759
3168
1242
3072
6350
100556
85774
26084
2067
2078
107559
3355
3020
44195
3551
142488
73
115617
7075
2420
1464
1537
106441
2313
96728
89804
441
1944
80
2245
3724
3741
2726
176
112183
3967
102993
2929
1078
1251
785
766
3814
1734
1982
535
3606
6378
2920
900
322
2344
549
1810
3060
30816
2109
7802
6711
3510
3653
1408
2863
2857
6979
3360
2712
3104
4105
1729
4029
1131
8807
7116
40629
64716
1237
37741
1965
26729
3952
3175
4873
2391
93721
1784
1285
27660
106438
3989
5008
1104
4033
2983
3200
25
1305
3811
3213
1081
6724
7013
3210
74458
1934
5114
94959
6942
8981
99764
3252
8493
41285
7132
2137
8798
2529
1120
2467
2357
96829
2080
8641
81564
1023
7373
53519
27022
3350
100714
1041
112138
2125
37731
80906
1663
149
82
4117
949
7767
3083
6662
2648
32525
1616
4427
3365
1956
86377
3639
4537
628
3801
111921
3505
2936
3524
3386
84152
72641
54995
1649
65514
1032
59995
290
971
599
178
105504
538
5893
3203
1086
3871
1860
127152
87222
1859
47610
4322
2203
4262
1173
7698
6273
373
128360
63853
48738
91658
72171
2463
3134
2403
81562
5992
2068
2660
2020
58803
3038
3068
26131
1088
3783
4223
93510
7143
2932
3062
3310
2846
3396
5956
215
5445
3527
56757
2114
2890
88810
2841
139757
2434
921
850
6870
2908
67255
4128
1282
3034
27831
5238
3429
99813
6732
4273
5902
86781
4302
4731
3320
5071
6669
866
261
7285
1185
7649
7091
2644
213
140267
41
55274
222
5269
2746
27846
2728
428
1273
838
37733
37857
45950
4571
6777
59018
8933
112515
5146
80489
2942
96588
2553
1147
942
7139
3467
3341
2066
5477
2423
3915
97
7256
4086
1799
4179
2130
2006
56587
42418
1345
935
4066
85342
5812
90061
4755
3739
7096
73344
77455
58303
5782
5690
6852
6650
3361
1396
3011
539
6254
8542
2459
8264
93443
1249
2912
4210
111622
1281
2278
1688
965
26662
37729
1942
89904
48698
156
115122
60069
66934
3794
56152
6101
4483
1747
3699
3420
3016
3357
4181
3475
7137
1938
309
3916
44788
3275
121231
30812
3736
1019
1025
927
3655
85438
117529
845
2454
5668
5540
78574
4327
55269
3098
250
133771
55247
2686
111781
3536
96467
4326
3111
6367
6783
103048
60684
2328
3077
4713
1253
2352
73017
30
123
5341
803
54372
1049
1227
5646
4037
3270
2151
1366
5747
3364
42718
127108
74754
139116
54256
86000
148881
79677
128620
160590
