user_recommendation
318
296
356
593
608
858
527
260
50
7153
2858
5952
47
2959
4993
4973
1196
2571
1221
1198
1136
589
1197
6
778
1291
1089
912
1193
32
1270
110
1704
457
1252
908
3578
1213
293
1259
541
1240
1210
1230
1617
6016
4011
904
1219
4226
1265
2028
1
2329
913
2324
1203
899
1206
750
1961
2692
349
364
32587
1247
497
903
515
923
150
48516
1225
1207
1148
733
2762
1035
4878
1411
58559
1258
4963
79132
78499
36
922
235
2396
111
953
68157
44191
380
2501
1304
46578
5418
745
1200
3114
1220
1278
59315
3435
1036
1212
2599
2973
1732
1276
49530
1228
1673
6377
357
924
926
4886
2542
54286
898
1175
8961
1466
1214
3147
969
920
648
1968
76093
2076
2804
1246
588
2231
224
475
595
8368
720
3134
223
919
337
1204
1256
2918
11
7361
555
5669
1682
88810
1248
17
4262
50872
162
4306
74458
838
6539
246
994
194
1884
29
4979
628
8228
594
2467
1625
1208
3676
368
2132
1947
1267
5989
7371
6874
1237
8874
40629
6936
474
8970
7438
3949
1073
44195
1263
1222
101
866
2997
1939
3072
2064
3270
81845
3152
4235
62
492
1223
2160
81591
1077
55820
4085
8950
85
2115
1272
8958
5017
766
1233
1266
1464
3683
1348
1271
2302
1080
106696
1292
40815
53123
3363
4995
7263
6987
31410
1235
4901
471
2066
2010
27773
6530
3362
4014
7123
5618
2300
1192
60397
1250
361
1232
68269
48791
80839
79824
32289
41573
58
954
2202
3462
1952
41566
7981
5105
3476
5816
86882
1953
916
1945
1217
7700
590
2019
161
1994
116797
27317
7771
5062
4437
68954
8784
3000
2579
10
45722
198
2194
928
1997
33166
2330
4914
70286
109487
2289
306
30749
5608
4404
6971
2716
7587
56782
3735
3088
1215
4223
73017
538
1287
7451
4357
2726
1954
3503
1079
2551
1834
1097
5782
3594
7147
308
72641
1244
64957
3307
1357
7502
2454
1610
3255
34437
1960
1680
54503
1172
1199
151
69757
1674
81847
1201
800
55280
8798
1663
893
1096
5995
57669
1050
261
232
1211
2917
616
1500
2186
7256
529
3007
1060
1179
1693
934
2303
2313
1186
5673
1285
7116
2288
56367
1361
1254
5991
1950
85414
3481
1293
3504
932
290
921
4037
1227
1231
2971
54001
1147
3033
2580
5630
915
1224
3730
281
71033
2947
71899
534
109374
3104
2137
1354
6942
92259
2359
911
3095
1020
535
88125
2278
61323
373
95167
36529
3724
25
2797
1028
106920
2920
2020
81834
3546
2929
8132
3510
1029
1302
30
82169
905
37731
3916
94959
53972
5444
2846
2739
1094
543
300
99114
6666
2232
72226
6502
1719
2987
1090
3246
55247
2353
2333
307
1408
69481
2318
3468
968
91542
69844
1303
39414
1209
950
3527
86
319
1921
2117
81932
1234
1086
51255
671
134130
31658
44665
1641
47099
3897
1748
3361
81229
494
930
431
1281
3783
3198
1958
3006
2038
8366
1023
2357
910
927
1959
6331
3793
1283
1284
971
1927
1253
3022
4322
3671
4034
8645
4369
1797
1260
428
5319
3038
178
2355
45186
3421
1957
955
1189
1305
2925
1941
1537
91630
973
931
1183
1356
3420
80463
524
2791
30810
1956
2490
3471
986
64716
106782
2130
41
8477
2664
2291
4677
2563
6375
7099
562
115617
268
4450
2099
412
3915
1161
39
3168
3167
2746
1307
5903
233
4546
7069
6565
2078
680
1394
3359
1777
110102
73290
30707
1049
5010
8914
1104
6480
3788
1688
938
70293
3741
632
850
53
2204
146
1066
89745
901
3256
68838
1948
1393
3386
35836
96079
1218
8
1264
1345
27834
4645
4725
7115
5949
5137
6380
6643
40148
43267
165
4427
2871
2474
44974
2403
3638
2761
272
1127
5103
2203
3702
87232
2944
3039
3984
7164
91104
7728
229
2366
4623
3083
97
1041
6863
951
3200
3703
3068
1269
27846
106100
741
714
79091
45950
2788
3037
3535
7135
1012
31
3545
106438
599
107559
802
5064
106441
65188
53125
241
44199
68237
88744
5225
65037
59684
31435
1178
2908
2248
26614
3365
1370
3357
76173
2600
728
3062
918
1340
3341
6893
7439
77455
549
3635
2989
2109
3358
2138
2729
2774
1057
122882
59369
26524
3018
2176
58347
2612
55267
3035
3655
55276
1298
27611
54997
64034
2409
55069
138036
46970
6197
3684
207
2108
7068
940
943
514
633
7075
255
122900
34405
32598
3879
2432
1358
3868
1944
4679
91886
5102
78316
46062
7375
54276
61071
46919
47382
62912
1251
945
1242
2351
85736
3633
3153
5446
2750
1120
62849
2208
6001
5812
3809
3456
2932
902
3550
1420
1177
3101
97938
8636
2670
111759
37741
613
60753
2919
7827
3524
2690
3598
53956
38061
333
54995
2938
2331
4406
8665
1935
7137
51540
3125
3814
59501
2648
907
116
1280
3102
1983
2677
1262
6777
8493
2085
40583
3742
104374
3548
42004
5876
3617
100
935
1639
4855
2145
2736
102993
1419
2105
4616
1934
7022
3606
71535
2912
900
1013
39307
4033
28
1658
4642
34072
8938
7154
4326
3201
3551
3429
2102
1946
99149
1099
5878
6724
5391
3469
1238
59387
97752
1982
63853
85774
2268
2469
1653
6869
6870
41527
7459
3360
5055
6974
2068
1274
8010
3952
2890
661
2133
105504
2857
58998
222
44761
1131
3030
2594
57368
1344
3016
3679
4263
230
937
103810
98809
26133
2067
39292
48780
2935
351
6852
5464
581
80906
2070
6235
6187
60072
98961
422
6811
605
3260
575
6662
27721
3105
48738
2949
1103
27904
6188
142488
3508
635
6218
521
135887
3100
7649
1936
3364
91653
27803
8873
2391
52885
71462
69
3275
6299
2245
1967
2696
7698
837
1916
27156
2459
8981
55442
55250
1279
556
4027
1405
805
2641
3196
61240
6776
2951
1552
52952
3203
9018
2361
2993
2144
3501
6787
6254
4148
3082
97304
171
4308
6807
3272
4465
81562
79702
68347
2572
3087
