user_recommendation
318
296
527
858
2571
50
260
593
2959
608
2858
1196
47
1197
356
1221
293
110
4993
1198
1136
912
589
778
1270
4226
457
1
1210
541
1213
1089
1193
7153
1704
4973
2997
2762
750
32
3578
2329
79132
1208
2918
1617
111
2542
1291
58559
2028
1148
1225
1240
2324
1214
364
150
5952
1968
4963
919
36
1220
1682
595
1252
745
908
6016
1247
1219
2291
904
969
2716
913
1222
4306
1259
898
2502
4878
903
924
4011
1250
223
1961
1246
2692
1732
1204
5989
3897
1610
2797
48780
1203
1230
1090
4034
6
6874
899
555
3481
923
44191
1200
1207
497
1206
1228
1625
1073
1199
2599
1060
1276
8874
16
6539
910
161
265
46578
1278
2396
56367
2268
4308
17
48516
5995
4995
515
235
32587
3147
3996
1357
68157
6377
4027
1028
7022
474
349
2115
1673
1265
926
6863
29
1500
337
1641
1307
671
3006
1285
741
272
1287
1288
1267
1580
2019
953
1394
1036
55820
319
471
2194
1266
1356
7438
1254
7361
733
3683
1172
551
78499
11
588
109487
1304
475
33166
3448
509
1299
1653
3421
106782
2076
1077
6942
2690
950
1233
508
3793
7147
64839
1079
4239
1035
1729
353
5618
3462
3671
57669
116797
62
246
1212
1466
3252
33794
1234
922
68954
81591
2300
63082
104374
3020
1411
5816
232
1244
49530
3362
1094
5064
3114
1953
1960
348
3735
2395
5630
68073
4014
2064
8961
1217
1215
920
40815
800
2232
56782
2580
4886
50872
4262
720
357
1095
48394
3948
3471
1947
1293
1084
28
25
5418
134130
6979
6350
86882
955
2231
1272
3499
1223
1674
5669
1945
7099
2917
40819
2336
280
70286
1231
1952
914
30749
80463
3868
36529
2289
2160
2243
951
1263
134853
1179
1281
1292
1096
4223
1235
106920
3788
2700
1784
88125
5971
2318
3039
928
2144
954
1103
2908
2871
2467
4085
648
1374
2804
1224
86
31658
1178
5782
2924
34405
2763
8368
4103
8950
1262
5010
3060
628
994
3081
59315
44665
3468
2795
1080
2359
3363
7090
3418
175
7502
1527
3095
2391
1393
68358
805
1056
2321
1300
58
1175
30816
27773
2739
3201
431
1097
5956
52
44195
1227
4235
3203
3435
1464
735
7451
866
74458
1967
3307
6807
3068
89904
3000
2501
3581
1284
2105
1249
3791
2202
4166
5991
8958
68237
1256
5152
2020
2944
54259
3359
2841
26662
534
115617
1261
314
5812
97
7802
2761
4037
4361
42418
1269
69844
58998
38038
86377
4033
54997
45728
1921
2474
3823
72226
6502
1333
97304
4696
1754
81834
921
194
905
3134
49272
1237
2041
3952
1366
946
3730
2490
88129
1120
81229
3538
69122
1939
6440
1343
1954
1258
96079
21
1260
3044
2987
109374
2005
76093
4406
306
112852
7844
1305
5225
31410
3358
3034
3198
3111
1238
34162
6385
87232
1257
64957
2968
121231
2394
26152
3256
34332
2390
4848
8633
6565
104913
916
4007
6618
46976
380
5014
5349
6870
8132
1584
2929
3543
2109
4755
90061
8807
3213
94959
3035
31878
3219
6796
59725
8665
3070
1277
3504
2952
1243
307
111921
52973
1248
1303
282
5444
428
1959
7064
2780
79702
933
8949
1264
54286
2248
4567
876
2880
4442
4565
4717
3033
91104
1086
1956
3408
4467
4846
81847
8981
2788
1957
538
373
30707
2352
2278
81932
412
900
59784
3386
945
3627
60069
1927
92259
377
4121
41566
30810
477
27831
106489
48738
47610
3022
3424
58803
213
3153
5464
599
5460
66934
529
2463
1211
8636
3355
80906
2890
3175
7139
4326
2912
3016
3361
492
8228
1192
1185
73017
3038
69757
1201
6104
4450
44199
3556
2070
2106
2353
3469
4299
3783
1994
2355
51255
2985
281
3342
2303
3246
64285
3983
5103
907
2108
2935
2687
1147
64716
8798
2973
3771
6188
909
1946
2436
3512
3814
1242
8493
5146
6620
3032
7235
3510
2916
3360
911
96728
4019
1845
930
6436
452
81845
3152
1013
105504
3676
1694
115713
1962
56152
4623
8638
3089
33493
1296
4333
1476
3275
102445
535
3272
1964
1283
8784
3071
4128
3037
3072
233
2971
7757
1834
3451
4017
27022
2011
8360
96821
581
44555
2288
5690
2677
7254
262
2729
2096
92535
4776
728
3429
2553
54503
322
4263
80
4211
53519
4489
6001
440
1209
1958
4787
106100
6281
7285
363
4566
838
2125
2857
63876
1088
27317
2208
1680
1066
1948
41285
2594
37731
4465
3262
85
37733
4789
6725
2132
85414
3702
7123
108981
81564
1907
2312
50068
308
6452
3102
4133
104069
422
55250
6419
95510
3104
6662
108727
98809
102684
2140
91529
1719
3501
52281
51662
8641
7116
4617
4522
4088
5960
4734
3317
3713
531
2852
108583
3088
4628
6380
3681
55247
2611
82459
1449
942
7380
850
521
3186
2919
140174
8530
965
122892
115122
6669
3036
2331
1395
2863
2186
7320
53956
27660
99813
41
61240
7212
261
5540
108932
491
3420
6732
3703
2962
93510
86347
1950
106916
122900
84152
2951
139385
3507
178
7164
2726
2686
6711
3067
65514
1218
3879
26554
55290
2357
3167
55442
4816
38061
861
279
7587
70565
3745
7137
4855
4978
4642
55765
2287
101
2067
968
4343
4427
647
54995
49957
1023
88163
37729
8908
7669
26865
3905
65261
31435
7143
98491
4008
940
61323
7771
6708
1537
971
4225
3724
1085
31116
51471
1202
2066
215
4553
64034
33834
6643
8371
4557
93855
766
27803
1649
7419
6773
7371
85342
3341
86320
973
1942
1280
128360
80489
1797
2819
2938
52604
1289
1194
82
230
114060
4304
4459
56339
4478
759
3196
97921
7087
2728
58295
5074
112138
3949
60756
2117
70293
53953
2366
927
89745
2694
30
1542
893
2423
64969
73290
3135
1361
45183
51935
6987
5522
3513
1191
309
34338
110102
1693
2065
8019
3811
117176
2245
1934
74727
4799
1734
3210
72
53318
50641
5244
93320
147
71135
5060
8827
2648
68135
2151
1955
51540
69481
