user_recommendation
318
296
260
50
356
593
527
858
2571
608
2959
1196
2858
1198
4993
1197
1270
1704
1
2762
1221
4226
1210
1136
589
110
457
7153
5952
1291
1213
58559
32
111
1089
912
4306
1617
1240
1203
480
1193
4973
778
4963
47
6016
364
3147
2396
48516
3578
150
7361
1265
1580
2028
1304
745
750
541
1225
2692
1200
1732
908
904
1148
25
1222
1682
2997
2716
1214
733
1258
293
588
5418
2918
1252
4995
2064
1036
969
899
4011
4886
2324
923
54286
920
919
8961
497
2804
2329
6
1219
2542
33794
924
4027
6874
3481
1080
913
5445
1276
953
1923
1674
1247
79132
48780
1968
4878
903
6539
1288
1307
5995
32587
1625
44555
2115
1207
2019
3949
246
55820
1358
720
1387
1234
6377
349
3363
1961
1079
1199
590
1259
46578
1212
16
3996
1228
905
1060
5816
1172
194
1356
3897
4896
57669
1215
515
39
17
1208
1953
1201
994
50872
2599
1947
357
628
838
1584
51255
36
648
1610
319
1230
5989
8368
34405
1393
474
58
1500
1957
1217
1527
1376
1223
73017
2890
595
68157
1233
34
475
76093
914
44191
2289
1097
2005
78499
508
780
1267
2712
2268
5618
898
2502
3104
555
1945
3421
69
926
8665
62
54997
2490
6502
535
922
1954
69757
253
27773
3007
1256
2318
1784
2186
56367
805
2791
3462
40815
1250
2917
1994
2501
3307
2797
41
440
337
7438
2739
4235
7502
2291
368
2871
5669
162
3730
5903
56782
950
68358
6711
1278
3114
2406
2580
1094
954
265
161
30707
59315
6787
1254
529
1333
1293
3468
109487
232
3088
916
70286
33166
44665
300
2690
1090
3095
81591
40819
1729
235
1834
109374
67087
1997
3504
1244
2231
553
3152
2987
99114
2194
1299
3911
21
5010
377
2467
3510
800
49530
1209
80463
3198
74458
471
1204
5218
3100
30749
1374
116797
54503
2011
1246
2300
1302
5902
68237
581
2359
741
4034
1394
3735
1449
3671
1263
272
3000
1084
151
81229
60069
928
8132
3098
3362
539
1939
1211
8784
8957
5630
3035
2761
69122
3160
1264
2137
1262
3868
29
2248
3448
73321
3683
31658
1673
4022
1411
2948
1272
1192
1227
2125
1948
112552
3418
930
8874
306
88125
7090
3365
1960
79702
6708
3081
69844
454
307
2132
4223
3435
1238
56251
1466
6807
27724
36931
1282
4262
1284
1952
6870
74946
3793
39292
6796
348
2529
1035
2078
3089
86
3702
52458
1220
1269
3359
1408
2144
3952
2243
2707
2303
911
104913
2474
6187
72998
71838
951
1950
112852
2278
1061
1680
7143
69481
2344
106920
7099
88810
11
1189
89745
1958
308
156
5673
91542
1248
2863
2434
3703
3200
91104
8636
1147
86882
3653
106782
1231
2357
6669
4641
946
5444
968
2202
3983
1281
3125
6333
2080
1260
3742
551
4979
1361
3310
261
1257
6565
224
4085
538
2968
7373
53123
61323
3471
596
1271
1287
2971
2463
3201
5464
1396
4427
1032
5956
2020
8798
1237
85
910
509
82459
2018
832
62956
108979
1066
1103
4128
54259
7386
2081
3639
3741
222
27611
3006
2090
1946
178
7116
373
353
1178
89804
945
81932
233
6269
3134
3038
6552
2245
428
2788
942
3548
1611
1249
2935
3414
6753
534
2447
62374
122904
1354
2819
1175
1073
6662
1619
262
6378
6380
4848
1641
2572
8154
1261
1956
3507
1343
1982
35836
1077
3317
7212
81845
2355
3083
1285
1096
1298
927
1303
2087
7147
3527
902
2352
68954
7156
96079
37729
2208
56152
1275
3545
2973
3984
8807
96821
1245
1081
2795
1597
60756
477
280
3361
4873
2391
2203
115617
2366
71899
59369
938
94959
5114
2929
1810
2066
3360
290
105504
27478
4351
5679
49272
900
64285
3499
2423
3967
3071
1019
5064
299
64614
3505
3175
7419
1028
1330
2846
213
2371
2648
6273
7027
3328
94466
1218
4225
7013
36527
491
249
940
88129
8981
7075
54001
2096
1701
6331
6664
40629
2677
2433
458
26403
1131
3350
28
1885
51471
6440
3260
26007
4903
27156
230
3156
1884
55250
5991
2070
72011
44195
60161
1321
3101
3512
31116
3811
4007
5971
443
59018
3167
2067
1120
66246
65188
57528
56145
661
3037
3181
71429
3022
3068
116
501
4086
80748
4450
4661
971
98491
2302
933
3429
7569
2841
5300
6286
100
97306
5060
4321
1916
1243
106100
1616
52435
1305
3869
907
62081
7137
1104
2395
4623
2925
2872
102445
92210
110873
57353
1021
134130
3801
54372
6986
3020
2252
55276
2083
87232
4448
1845
412
4105
3524
2792
5876
1794
3543
2938
2612
1942
72641
73
63082
1537
3030
1719
3521
3844
6003
6350
3739
54881
1927
2138
36529
32898
6001
79428
1366
8711
3129
6077
6125
2857
6612
5446
3300
79008
31410
215
7827
2353
92259
89492
2919
3638
102123
973
146656
4062
2331
45950
1023
7256
5291
671
5747
44199
7787
2099
3475
3111
6777
3194
1955
3246
3406
4483
80
127152
3469
69644
13
6979
446
281
4679
1464
2664
783
3929
3791
7132
86377
2094
3252
3168
65216
51935
7833
6385
122886
84152
4016
1484
1414
3503
7323
104374
1280
3176
2779
943
2409
65514
8208
8125
8188
7324
3044
106471
122900
3203
915
3364
51540
1964
2694
1300
1025
106696
2622
100383
99764
5498
3033
3424
97304
48783
101
96829
2726
8638
85414
30810
6235
60333
26524
1357
4140
1689
98809
2687
1130
31435
3112
3606
2398
1086
122882
56587
2102
110102
2905
3019
6450
1283
4299
1959
58351
1251
1095
6242
8641
4263
115713
128360
67997
524
4422
76251
678
1029
93510
1345
1127
1907
3632
2454
108932
1912
3751
2991
38499
3034
3097
4037
64034
1937
5475
1962
55267
492
2470
4642
5013
2288
1934
4187
55069
4681
198
63131
3917
2073
8970
93838
66297
2747
3476
1876
6323
6643
2731
3635
2924
937
77658
6936
1649
3213
6732
6987
115569
3852
1150
8199
97938
3178
1266
1575
