user_recommendation
318
296
527
356
858
260
593
1196
2858
2571
50
608
2959
1198
589
1221
1270
110
1210
1704
1197
1
4226
4973
7153
4993
5952
150
1193
1136
1617
1213
457
778
1291
912
2762
47
1225
1203
293
2324
899
908
1259
969
541
32
1089
2997
364
58559
913
2918
1240
2028
1207
953
6016
48516
904
750
68157
1682
2396
590
7361
1206
903
1968
6539
923
4995
3147
1252
4963
1036
2692
44191
2804
2329
1073
1258
56367
3114
1172
588
2797
2599
3578
1208
1304
1214
497
1246
4011
745
32587
2716
36
720
5418
1200
480
5989
1961
79132
1148
5618
6
2542
2064
111
1212
3481
4306
4878
1060
4027
1250
6874
1035
33166
1204
1219
898
1028
337
48780
4034
924
1247
3996
595
357
1228
349
55820
1276
30707
1230
68954
5991
1199
11
1079
1674
1625
919
1947
1610
1732
1356
1080
926
40815
1265
8961
2291
74458
1293
78499
1201
922
5995
733
4979
1254
57669
2739
1288
81845
4886
59315
515
2019
1394
628
30749
50872
2194
6711
1222
1223
2186
509
1387
46578
54286
474
1957
2501
671
8970
920
1945
1269
7502
223
8665
1090
555
8368
99114
1287
2300
194
3462
16
3160
1994
1097
950
106920
905
6377
3897
3510
1952
2289
928
109487
1263
49530
910
3421
3104
17
2355
49272
2268
994
1103
2391
72641
914
116797
3435
2791
1278
1411
471
112852
4235
63082
106782
954
29
25
1217
2067
33794
69844
88125
1960
7371
2076
94959
115713
73290
2243
1959
2467
76093
2987
1175
5669
92259
59784
31658
69757
51255
107559
3916
106100
1256
161
1267
106441
3868
1997
2125
1333
2761
2580
80463
1466
3198
3671
64839
2917
56782
2005
1224
3359
1393
1953
2137
53123
70286
3006
162
1285
2020
916
54001
3730
81834
2971
142488
1307
535
34405
805
2248
1244
81932
2231
3471
44665
2502
7147
1234
3307
3000
1094
290
7090
475
1248
942
1220
3468
3703
1673
1084
2908
7099
232
911
1580
88129
5971
951
134130
1096
2795
3952
2081
3039
27773
1500
1374
91104
44195
97304
8228
3072
88810
109374
68237
1358
508
81591
3246
648
64716
2871
8132
5630
44555
529
2690
272
3363
122882
96079
3088
1303
112552
8874
1264
106438
110102
1299
2490
1729
134853
2010
2144
97938
148626
1077
1237
6979
72226
1916
3735
6807
3152
1215
3386
3448
3362
98961
5903
63853
4014
2303
5816
4085
1948
1950
265
2132
73017
104913
64957
89745
60069
261
3361
1249
955
1357
7143
440
534
1284
1939
1923
1272
2947
7438
36529
741
5956
1464
2288
501
4262
8784
6942
3035
3100
940
968
44199
1262
40819
1927
2694
3683
2138
1958
1955
3429
87232
431
2423
6350
3504
3545
647
3505
1296
2846
918
3543
3548
1834
69481
933
102993
1348
59995
100714
86882
1292
946
538
50068
909
1619
31410
54997
141
1962
1189
1104
37733
2115
5444
65188
900
1179
5103
3068
3791
2245
105504
353
1227
6796
1280
1086
3256
306
3358
64614
8958
8645
4308
6987
800
7669
2078
4037
235
1663
1982
2929
1257
89864
5377
5791
3355
3167
1231
5225
4450
3101
7386
307
3038
6003
1956
6188
6662
1233
2788
55247
3098
146656
115617
299
1131
1594
1641
2203
54259
3071
1260
84152
5608
6724
2935
2208
55250
6385
2202
48738
5017
6787
80969
85414
89804
1242
51662
1238
123
766
2726
37741
1081
1192
1218
4380
1120
2232
1845
3105
1537
2474
64620
1754
40583
938
3007
91542
4326
70293
2644
3201
2857
103048
3451
2890
850
52281
5114
3811
175
3869
2648
3111
5010
5876
91630
1059
390
66665
2863
7116
4086
3134
81229
2463
4029
106696
62
5013
3801
1611
3034
1361
112183
63876
1954
6502
36517
222
6852
81564
3083
3686
41
85342
2359
5782
119145
91658
85
1049
2712
147
7132
3499
1784
42004
1124
7064
33493
8366
524
2312
8950
96821
7360
7123
71899
13
3022
2420
115569
2366
2333
93838
4223
81562
104841
47099
3044
1023
4661
6863
5349
7263
2920
3252
1271
5812
2070
26326
1366
1946
3512
2357
56152
34072
838
2563
146
3364
1021
921
3019
268
51540
4427
1211
2819
33660
59387
58
1266
55269
80489
68848
61323
3414
5319
7802
230
632
575
1797
27523
56145
492
3159
8528
735
35836
53
2949
1281
3081
3360
26587
1147
7587
3672
2670
32898
7771
2353
86
2102
27317
7075
373
30810
377
1178
4263
3200
6530
49651
52975
1964
3310
39414
30812
917
122900
60756
90866
581
3910
500
52435
4965
104374
3037
4007
931
3967
949
2066
1810
3210
2612
88744
1283
3702
7139
6104
2318
3095
3527
1305
7767
4865
3546
1013
4518
986
1041
4641
71033
107406
280
60684
53000
6283
1029
1202
52952
54995
3983
34338
3742
7419
54281
65261
927
10
4432
1835
1277
9010
59018
8933
1734
97
2936
44974
2732
362
6331
7091
4679
7700
4623
62849
233
8542
77455
3263
6001
4720
7981
2432
565
3536
122892
7827
97921
56251
38038
27721
930
4022
2687
1352
1688
99813
1354
1942
1884
64034
68269
2951
87306
1251
98124
101
3565
5427
4076
1819
1563
1450
4591
4796
3892
4930
3469
2447
3949
2284
26729
5475
2160
477
971
55052
58803
37729
213
4660
3129
4880
134170
6776
30850
88140
39
5902
2919
26776
116
81847
128360
2352
47518
6380
4914
40870
85612
30
68838
2496
5064
7212
47610
4349
32289
79824
80839
48791
41573
135887
2594
4128
1967
4465
7285
6773
6777
54503
3911
86377
58347
60397
97923
3501
3018
3871
5772
3342
1584
1396
4422
1132
55721
2267
7256
106489
4225
4616
98809
6669
5391
85774
945
43267
40148
3194
4406
322
1913
156
140174
55276
52767
45186
79702
6452
3112
2841
345
70183
224
7482
6281
663
3524
5074
71535
4437
4787
53519
3809
2313
7649
106766
2731
2961
3814
3089
4239
4190
62344
27790
3741
5105
152077
4642
2304
73321
112623
2520
3251
2925
5008
93510
5062
3475
