user_recommendation
318
296
527
858
593
608
1196
260
2571
356
589
2858
50
47
2959
1221
1198
110
2762
1193
1270
1704
912
1197
457
1089
1210
778
150
4993
541
4226
904
1213
364
908
1240
111
1073
3578
32
2918
1265
1682
919
293
924
1
7153
3897
1961
1291
2324
1136
79132
969
5989
2997
595
1252
750
7361
926
899
1259
1206
1247
1036
4963
2329
4306
1225
1208
1258
6016
2028
5952
2692
1968
1228
1222
17
1207
1732
923
48516
36
2797
913
1204
46578
1287
2268
1610
1148
903
4878
2396
1617
1035
2542
953
1625
5995
1230
4308
551
590
1203
1214
44191
1199
910
1219
58559
55820
16
6539
1250
2019
2599
1307
1584
1278
1673
497
745
1172
56367
1299
1220
1262
4995
898
59315
5225
56782
1060
235
1097
2502
2064
68157
955
920
2716
223
2580
337
1200
29
194
8949
1028
1304
515
1246
3147
1267
30707
2359
1212
1096
3114
1356
265
1393
2291
7147
3462
555
922
232
2076
2115
1276
475
2300
33166
64839
6
6711
3481
1953
471
4973
4027
4235
2289
3996
2712
175
2804
78499
5956
1947
1263
1466
8874
5669
5064
1272
1223
246
2739
3362
1674
480
2791
1254
74458
950
1387
3471
1960
1923
588
2144
474
349
44555
3868
1264
928
4034
1500
3671
1256
106782
4014
34162
32587
35836
3468
1358
733
5418
1217
2863
3499
2243
3730
1305
1080
1084
1235
509
1952
800
8981
1103
2194
2186
3176
163
4011
28
3421
671
3160
2248
8784
1280
1090
3386
116797
3683
508
57669
1269
40819
3424
2971
1077
280
4886
62
1293
1333
1411
81932
5679
994
106920
971
81591
63082
6942
968
1734
6796
6807
1946
314
5902
1248
1945
112852
3072
5444
3019
4037
4085
3275
92259
6874
1719
1884
306
1729
3252
3911
3788
1104
1147
1285
2916
1095
44195
2644
1183
2132
581
7132
2303
3307
49530
33794
3186
1296
1127
2010
2871
1361
3203
2096
1957
1939
109374
48394
6863
7669
8958
2648
1527
4816
1231
2202
4019
431
1288
8360
2917
162
3504
4450
52973
1178
1580
5791
1357
2020
1211
2395
70286
68358
39
247
44665
3006
2231
954
2067
1175
2946
538
3735
97
1374
115617
2726
50872
909
1784
5668
5103
134130
441
27773
72226
2287
54286
916
1927
902
930
307
866
45728
3039
4103
1086
6732
357
76093
5630
1260
3168
3793
914
34405
3033
1251
759
1955
2125
945
104374
112183
5010
2474
529
2686
8961
7116
2118
96728
2105
3724
1956
377
81229
68954
3101
3167
2467
7320
2357
3317
4489
1959
2944
2728
7438
3310
3361
30749
2890
6377
32898
3022
3260
1079
4422
3741
1834
2795
8542
3418
1209
272
1124
4623
6662
3980
1242
3552
30816
1921
7087
1094
1189
1273
106489
4432
3038
106916
1282
2908
7802
48780
8132
4007
56339
4188
1085
54259
1046
60756
1948
946
1233
951
3067
838
7099
933
6565
1179
49272
4239
300
7419
5991
4262
1243
11
3417
1041
85
5114
1244
4720
3256
5014
105504
87232
3060
4016
534
42004
308
1234
1249
1049
2430
2761
4965
905
1950
6350
85414
26729
6440
6187
1997
110102
1120
911
309
1284
88129
921
390
3104
1292
86882
3983
8228
1537
1376
6188
213
6378
6773
1023
89745
3068
942
64614
3429
3686
477
2841
3108
48738
3152
2203
55247
54503
21
7285
4033
86320
6001
380
3507
3684
7143
3814
45
3801
3551
7013
3469
5017
88125
7022
7451
8645
4047
2232
7091
2925
97304
26422
59418
49280
2788
8970
8880
5971
348
44199
3037
5876
1916
55276
938
2285
91658
2612
3702
1131
4410
363
4361
1641
2690
121231
80
7502
91542
7075
6552
101
2078
1185
1088
3916
8368
3969
8464
3546
104119
101850
96075
26797
26501
58649
5238
5475
53887
8264
86487
2283
8123
4428
74089
55063
8261
163949
150856
112577
114464
7139
3111
6104
1237
3653
2924
4661
5341
68073
1281
134853
176
34338
3510
6787
4776
69122
102445
51662
4809
6021
5385
63131
6273
229
41566
2108
4969
281
3359
4467
7836
3000
3872
2664
3879
2952
233
927
1238
3007
6385
3952
6979
8636
3088
2278
7767
2318
2058
54997
3435
907
7162
80489
1693
2700
3272
102684
108727
108981
1066
1663
1754
1963
80463
2745
4117
4263
6870
2160
4349
1343
2403
2731
63876
51540
109487
5903
1303
116
48322
2005
33171
82459
67255
74727
31658
2529
69481
2353
850
720
353
46723
1680
39414
2145
112290
115713
3505
262
3408
1029
261
2763
59784
3095
6003
64034
2459
127152
5812
56152
8371
1958
3548
147
4326
556
1283
48696
7943
105197
373
7616
140174
7386
2245
38499
7265
1967
45499
7256
36529
5015
55052
290
3763
78039
56805
735
8641
81845
30
2066
4865
101525
51255
3142
1408
38061
4054
3342
4211
42418
3249
832
5349
6184
4658
106766
112552
3783
91077
53956
70293
5074
38038
3219
93510
3178
1354
8933
5008
1845
1224
135887
115569
3100
52767
7566
3071
594
1025
91104
40629
9010
319
68838
171
4223
1962
6724
222
5060
4945
4466
1964
2501
766
3809
1913
2208
6530
4179
6502
3396
37741
3020
3594
2420
68135
46976
3747
2541
4912
84954
104841
89804
2553
2732
3910
106696
915
3062
2117
81834
1300
2654
2651
6323
69844
58295
4537
111921
2394
2935
3016
102123
139385
4021
89904
101895
99145
3175
3089
34332
8638
87306
6852
94959
53972
6101
7164
26326
7445
58803
4518
4688
3966
787
54190
3475
79091
6777
5955
1298
27721
8125
122892
901
117176
3246
326
2081
5028
585
5095
40826
2687
599
2333
8188
6725
4789
26524
98154
67087
1594
6791
2563
55269
3077
6669
6783
128360
99813
4616
26614
1191
106100
58303
3201
1019
4722
2068
3034
7064
663
2936
1061
3848
2660
937
4327
81847
5618
5772
8042
5152
452
7008
3083
4406
805
3150
2434
87304
4343
40583
6063
5380
3196
31410
86
8199
1042
2729
2961
2070
7380
1611
7373
70565
