user_recommendation
318
296
858
527
260
593
2571
356
50
608
2959
2858
1198
1196
589
110
1197
1270
1
4226
1221
2028
912
4993
1213
457
1210
1704
47
4973
1136
1089
778
150
1291
904
32
111
7153
58559
750
1240
1203
1193
908
2997
1617
2762
1225
293
2918
6016
899
923
541
5952
3578
969
924
2692
919
1247
48516
903
2396
1252
1214
1732
1073
1036
2542
953
79132
1265
55820
2324
4011
7361
2716
1148
1682
2064
2804
1208
1258
2329
1968
1200
745
4878
913
6539
4963
2599
364
4306
3147
1060
3996
1304
1207
44191
1219
1222
1228
1259
2797
32587
349
1288
1206
1230
68157
3421
5989
8961
1356
1947
3897
1276
480
1307
235
48780
497
1246
898
920
2291
1953
1250
1961
1673
1212
733
1625
3481
50872
1199
4034
2019
2076
337
1028
1267
3114
6
1172
905
1079
6874
5418
56367
922
33794
555
4886
2186
2502
4027
56782
3462
926
1952
1035
914
1674
33166
910
1204
1217
1234
78499
1387
11
3307
5995
3949
1244
1945
3730
1957
246
588
4995
2289
1293
2501
515
46578
106920
1263
36
4235
1394
950
7147
59315
1233
590
7502
1278
68358
2395
2115
1610
357
232
1094
3362
994
1299
6502
49530
54286
2300
194
4979
3735
1223
8874
1254
2871
3006
265
2917
671
595
3504
471
17
2231
1729
916
2194
720
319
161
475
2712
1269
1097
40815
3435
57669
6863
6377
2580
49272
3095
29
7090
76093
3471
1960
3868
175
1201
1080
2318
8636
3671
81591
16
377
3088
2268
954
34405
3683
106782
1284
2391
1287
1302
3468
1090
1580
1466
5816
1084
928
4262
27773
2890
74458
1077
2243
112852
1192
5444
3703
116797
2761
1256
1264
5010
109374
3499
3007
51255
30749
81845
44555
3793
1954
30707
25
88129
5669
69757
1834
2160
40819
34
440
88125
2795
1220
272
307
1393
1357
134130
1178
3363
109487
538
64839
1939
2739
2303
3386
3035
134853
535
474
911
3104
1500
1358
3175
1103
1248
741
508
63082
951
1927
6979
1411
44665
59784
69844
115713
1215
35836
3039
3081
2791
2490
4085
6787
529
2971
44199
86882
3448
110102
2132
223
3788
946
70286
3256
8368
81229
89745
3510
8970
1361
2359
628
54259
1527
5903
3791
1948
1260
3022
306
112552
1280
4848
5618
68237
1333
6711
73017
3152
3359
431
1272
1959
1224
162
299
3089
68954
2202
31658
1374
92259
1994
1292
2987
44195
3000
1179
4016
72226
142488
1281
1950
5991
62
2248
3134
800
2125
54997
3983
930
102445
1209
2690
3196
2863
8665
5956
6796
5630
2144
501
581
6942
2467
41
1029
2137
81932
1238
96079
2935
99114
1916
1175
1845
3702
7099
4007
104913
115617
1305
2726
3083
106100
1189
4450
2788
54503
933
1303
1211
2232
290
909
3365
3424
8807
945
3476
3168
3198
122900
87232
1262
1095
79702
38061
2020
2694
146656
178
2846
2067
5064
80463
2929
1449
3361
2208
58
1231
3952
6807
805
28
1120
3070
91542
1408
3451
3100
8132
942
1955
4014
1997
6440
5782
1946
509
2357
1096
72641
7438
262
280
1982
1131
2973
2245
52435
96728
1376
300
2819
1537
7022
82459
3505
88810
7669
380
973
3545
64620
2908
968
73321
1283
735
68073
8981
3524
48394
2005
81834
51935
2366
2924
31878
91658
33660
1088
112183
154
3038
69481
6662
3101
353
1227
94959
91104
1066
3741
82
1249
3310
907
3201
105504
3037
1963
1147
37729
1345
3355
2944
1296
1243
21
36529
3044
54001
48738
477
106696
81847
3246
3469
86
3512
7386
96821
47610
1257
97304
1218
1719
86377
6350
115569
2925
4623
3911
148626
1964
3098
1921
85
1266
27831
2648
955
1237
3167
4037
56152
1784
4299
2068
2474
2612
6669
1688
69122
3742
53123
3414
2070
927
2938
37733
7116
3019
4427
3203
93510
1464
60756
3551
8958
6620
104374
54881
5971
7075
4489
1251
3200
106489
1934
900
4846
3072
4641
97
5812
8633
2406
51540
67087
49651
2792
26729
492
84152
2066
6269
6552
3701
85414
6378
7132
2664
2644
7802
30816
4308
2138
89804
3429
106766
6870
7373
140174
26152
2203
3068
5114
368
1285
766
6380
2985
64034
1104
55250
3676
1343
101
7064
8950
1923
3653
3548
2529
3360
1616
3260
1261
2841
392
40629
6987
89492
6331
5349
1754
2078
81562
412
6565
1810
3811
5060
122892
5013
87306
80489
6003
7371
534
47518
2331
4787
60069
3213
3916
3418
2920
943
7263
2463
2313
58295
86320
6235
94466
1023
32898
1884
4103
965
125
52281
106471
102684
224
1619
1321
3507
108981
108727
1300
55269
6385
50068
89904
1907
233
850
3020
60684
2780
3252
1942
26587
123
39292
57368
348
390
8228
1944
45950
147
7256
81564
7156
5446
52458
56145
5460
112290
4903
96829
2729
1641
41285
1086
106438
6732
54281
4022
2423
5500
97921
55276
27846
3350
4661
4696
4565
4717
7844
876
4442
4567
2880
4225
1827
4086
1734
2352
4873
3160
2947
594
3745
6188
5017
7419
121231
88140
915
3508
56251
6986
4304
648
116897
51412
1797
4422
2932
3364
216
3317
33493
3629
3071
3111
3910
8798
6959
2344
2420
3275
99764
5608
837
3475
62081
4679
2102
428
5146
3032
2936
5225
938
3627
3783
88744
3358
6333
85774
55069
4166
69
6777
6273
8493
26524
90428
3272
1956
39183
838
127152
1476
107406
6708
77455
2302
7767
3543
3654
6450
3194
308
4128
2459
122882
3521
64957
50851
7087
3062
73290
7787
93838
2073
5876
1298
1019
2105
3060
2857
111362
55267
1962
553
3814
3686
139385
5475
53519
4263
917
2968
4465
31410
5074
5103
6612
7649
80
8542
59018
491
1049
6218
59725
112623
70293
4223
441
3016
26326
2731
54372
6643
52
902
3606
98809
146
4349
58347
3556
971
2099
8208
56775
30810
6283
71838
7380
940
9010
3251
2351
7137
101525
4537
7027
6618
5772
39414
98491
96488
1078
30
62849
5319
