user_recommendation
318
296
527
858
260
608
1196
50
356
593
2571
2858
2959
1221
1198
4993
589
110
1210
1270
1193
2918
3578
47
1225
111
750
1089
1704
7153
1136
1247
1240
1214
293
5952
1291
1197
4226
32
2762
1258
541
778
1208
2028
926
912
1233
1213
2997
919
2329
223
48516
2804
2502
1968
904
3897
1961
1259
1732
7361
1246
1610
58559
1073
924
1207
3114
1
1079
265
1200
590
79132
4011
1219
4306
920
595
1265
588
908
969
364
4963
306
457
1206
36
480
3481
17
1036
1060
307
1203
2194
1204
1262
1673
1228
6874
4034
1682
308
1250
2716
1222
5225
1097
5679
2797
910
46578
6
1288
6016
903
6711
497
1252
1230
6539
2132
5989
2542
2599
1299
1096
194
1199
8961
953
25
899
44191
68157
471
32587
8874
27773
4308
55820
1220
56367
1242
4878
4995
3462
1035
150
4027
1584
1287
349
1148
913
2324
1356
3362
1625
2580
1266
2396
1617
1179
16
68954
2692
1957
955
4979
1674
2359
1263
54286
232
968
1272
337
48780
89745
3363
2115
951
5418
1224
56782
5349
1244
475
1945
474
3421
2268
1090
5995
8949
162
8970
3504
3147
2395
534
720
2791
1185
377
1172
1304
1960
2064
994
1178
78499
923
357
1394
1278
1387
3683
1293
5015
3911
1784
2318
1276
733
3424
7147
1080
4103
922
1254
380
1393
3996
28
3545
2501
246
3499
1358
1217
1693
3201
5668
3039
2144
2291
81591
3671
3196
1231
1267
1307
1084
109374
2300
1927
1357
2231
33794
2871
4235
2303
551
272
1104
3006
33166
1734
74458
535
7438
5956
44195
1953
6440
509
1028
2019
88125
68848
1095
3095
163
175
5782
1192
599
5630
745
68358
1374
1212
35836
3916
538
1939
1094
66665
1201
34405
1964
68237
2076
1923
106782
1041
49530
348
2289
2202
3203
1884
30810
29
5902
69122
2005
4007
2929
8665
1260
900
2000
1952
555
850
21
1085
3552
81834
1283
1719
7502
1962
4262
69757
68554
1466
44665
4816
34
2248
5060
3317
3252
3435
4085
2728
1025
281
2739
1077
5791
235
508
759
3868
3952
3152
1282
3471
661
2
54503
51662
2287
529
85
4047
3418
928
3417
1215
3307
581
2430
1959
3089
345
805
5669
213
898
80463
1958
230
79702
1361
3361
2750
4033
921
916
1183
4427
1641
2745
2712
1023
1081
2761
1103
3072
6870
50872
3469
97
8981
2987
3702
1994
4016
6003
72226
2490
2944
4886
2321
4722
88140
64957
2010
156
5816
1944
1281
914
2700
1354
96079
2467
3703
1408
161
1237
3793
2788
2908
3033
1835
106920
2690
1285
1845
2890
1946
64839
7139
3081
6333
3101
2985
144976
6104
3730
154
140267
69844
431
3134
34162
70286
2186
76093
441
3686
1517
116797
1256
2078
6796
3783
8132
3341
2302
4973
2973
41285
5064
1982
3022
3035
63082
1127
3062
3468
1292
5377
1284
30749
8580
1921
728
51255
4489
94466
1950
2917
3654
1956
363
40815
39414
2947
1954
30707
2952
1235
412
909
2971
86882
3037
1264
2333
36529
290
101
671
2065
2572
44199
5618
2951
2857
3747
4846
927
3451
930
1273
3007
1057
233
1376
8957
3342
3788
80549
1046
52
5470
59315
88810
1345
4037
1948
3527
4920
1223
3357
40
3074
3256
2660
1211
935
57669
4406
3386
92259
1257
5444
45728
110102
1271
787
1248
764
2664
905
8207
4688
3476
1396
122882
492
2020
1500
1249
71535
628
72
1175
3071
3809
73290
1639
82459
190
1177
8528
6807
7156
3150
1238
4571
5903
3251
3098
8636
2626
911
6787
81845
1120
34338
2529
6957
3501
7451
1343
26729
4014
62
3088
8784
4903
2434
4855
5103
4720
704
6620
936
3036
99114
4128
1194
26587
3565
2686
3359
1748
55269
149
53123
61240
946
3396
81847
1147
97304
2721
6552
501
2391
5312
3090
64614
104
2243
361
5810
131724
3160
6502
71156
2371
73017
85414
6323
2351
30812
3814
3448
1150
5876
373
3168
46976
4616
838
1101
87232
5095
1251
40819
33493
2670
54001
97921
3848
2460
4117
6979
8969
7116
866
3198
5255
4822
2336
1963
1333
44633
3548
30
7099
1305
46723
3067
326
6708
5812
2403
515
176
7926
6783
4190
3879
3739
6188
7285
51540
80
84772
8950
64034
3275
3365
3701
6953
49272
321
5991
1191
2087
950
7802
55451
3358
3020
8910
198
61323
347
3429
7013
1047
41997
98809
115617
3844
2545
55069
6377
48394
2160
80489
268
3135
2726
88129
8368
27831
3983
47610
59387
109487
5135
741
3521
299
1189
76251
3967
1253
68135
2820
1941
965
3505
2131
2573
6918
97938
2046
3063
1296
76077
73344
2029
4342
140743
140759
107083
6342
6369
59549
140761
3914
84414
140741
4724
5229
6033
140755
140751
140749
5264
140745
140739
140747
98933
140763
103731
8699
142240
26843
27700
54251
27826
70762
142068
26791
82608
127728
147037
7260
130522
141124
6770
6769
3575
1903
48738
89804
428
1914
115713
3724
66934
215
1300
63131
38886
1227
7983
4584
66371
52973
41566
314
3510
55765
116
2488
4450
106100
6187
56339
2138
7386
3034
945
8154
280
2117
531
915
203
4326
5670
6254
1086
6993
1966
918
1078
309
1951
7698
4801
5617
2096
6773
159
632
1255
934
1934
4537
32234
53
6669
6932
5391
521
954
4338
112552
6327
2313
582
3310
38499
55814
5398
1924
4424
178
3457
95558
91542
8645
392
106489
1344
122900
108981
3741
2125
108727
102684
31658
52767
55276
3060
37741
6273
4921
3100
8873
7767
1942
3330
1348
4263
101525
18
3000
6101
4857
5114
8188
8125
1302
6299
26614
4211
106441
107559
2607
3632
3091
8199
446
2454
2694
51935
6947
4888
7075
3019
6380
6565
4177
2463
2930
3902
7025
139385
550
6643
264
40629
53129
2644
206
1680
59784
8958
108932
4102
8983
3551
2553
104913
4361
55908
91094
943
33660
42004
78209
77455
7090
2496
4783
3265
3364
