user_recommendation
318
296
260
858
593
527
1196
2571
608
356
1198
1210
50
1270
110
2959
2858
589
1240
1193
912
1197
4226
4993
1213
1089
150
2396
47
7153
1221
1291
457
778
908
899
364
1225
923
2762
5952
1617
1704
1203
111
904
1682
1
1265
1136
750
541
1172
2692
969
4973
745
913
2918
3578
4963
6016
1219
2028
79132
2997
1208
7361
293
1304
1259
2324
58559
910
1247
953
1230
2019
6539
1207
1961
1206
1148
3462
349
1036
1258
1079
2804
32
2599
3949
1097
1732
36
1252
300
4034
588
1212
920
2064
2797
3996
1250
46578
4011
1307
4308
1945
903
4306
1293
3897
1968
1527
926
11
595
1280
17
4027
497
1387
922
4979
1625
2791
48516
4995
1204
1222
2542
1267
1200
2395
5989
1228
2300
1952
2329
6
1580
1214
3435
5995
2716
1060
44191
1923
898
4878
68157
1957
5902
919
3421
162
924
1288
1269
3083
1084
4886
905
1251
509
555
3307
6874
1073
4235
671
2359
3471
55820
2186
1217
16
1094
474
733
235
1947
3481
223
78499
32587
590
5418
1287
76093
1276
1223
246
39
3176
2289
3147
232
1080
480
911
2501
954
2125
50872
70286
116797
3114
1953
1199
34
5992
8961
909
475
950
3386
194
48780
56367
7090
3006
2132
54286
33493
39183
1183
1246
1376
1994
3310
1019
1673
2268
81845
1356
1641
1035
3730
1997
380
33794
5013
916
1254
30749
1674
1884
3983
551
440
535
1256
928
8874
1834
7147
2731
106920
33166
4914
2291
27773
1220
68954
534
2115
1248
5669
1260
2502
3793
2144
3104
8981
3260
3067
3671
946
1963
1244
508
3468
1955
49530
2863
2971
5618
2068
951
121231
3072
3101
8636
1263
1028
7502
25
6918
44555
10
2081
1927
6377
1748
3361
1860
1296
1034
4014
838
109487
2208
1234
1103
2890
1950
3868
1283
2761
3160
994
54503
1131
2351
8665
2108
40629
1500
1394
1466
368
2580
57669
26729
2712
5971
56782
2529
1584
1959
2946
21
26242
1939
314
1302
942
3000
261
7099
1077
3510
2739
471
1201
7132
2176
1954
1278
8970
5225
1262
5673
2010
529
59315
2243
175
3317
454
2321
2076
3060
72641
2690
377
780
2925
81847
7136
2202
357
51255
2087
538
7669
2846
2118
74458
68237
41
1354
2917
1361
648
29
3007
2357
1215
6787
914
7022
109374
34405
1264
1021
44665
1104
2726
1948
2105
81932
85
222
1231
1537
2648
7767
3129
8955
1946
1059
3952
104374
515
134130
89904
319
736
3524
1218
1029
8542
2203
1273
2947
32898
2795
1147
2248
2612
1186
2194
32525
40819
3015
26587
8132
8371
3246
8228
2935
945
1357
3686
581
7091
8958
3089
3359
141
2366
26326
3701
2145
3256
3037
3363
1237
2005
1885
8368
3504
7256
2908
61323
3548
2
38061
3168
3159
720
968
69481
1233
2936
1305
3251
1358
3033
1321
2732
4085
4450
3499
5010
51540
5064
1635
7649
3011
1333
68358
1944
106696
56152
73017
1127
39292
247
1374
7116
1224
2336
337
1797
2572
54997
500
37741
907
5008
3594
86377
44199
2245
2686
4623
2976
8933
3910
6975
1202
1135
5114
97
6281
3735
70293
933
2018
800
7013
6807
5269
224
8042
1784
7438
2020
116897
3038
3167
1918
4019
4816
64034
207
3967
1178
6786
4188
492
42004
69844
6669
30810
86882
3100
3035
4103
3498
6783
4424
2301
105504
30707
88810
915
1209
2333
3364
628
4179
146
68838
27803
55269
6565
2078
7263
845
783
5991
2434
58303
6218
7386
3505
6378
1238
2871
2949
4105
53123
3175
668
4483
3275
4679
68269
1810
80463
55276
7063
6732
48738
2353
88125
1211
4007
38038
348
1594
3252
2287
353
7075
4017
3629
89492
2920
3088
6796
1699
6987
72226
4422
1982
1101
6235
92259
1078
8650
971
8264
927
1281
4612
306
1025
2788
32289
48791
79824
41573
80839
1907
3196
4086
5772
3198
4903
27611
54372
58
6214
1099
2355
31658
3814
25852
7208
8121
2927
47728
35836
40412
3911
7371
40815
6548
1719
7265
4755
90061
215
5319
58347
3736
8239
25769
1845
3702
6881
2420
1680
2553
6273
3476
3527
3270
7320
110102
3044
8880
938
3546
6001
96079
156
6380
125
2137
832
345
2745
1227
1300
3039
4273
1941
26131
6662
3414
1120
272
7285
3791
1611
3984
6650
7373
6942
2090
111921
3022
49272
262
1189
477
1066
2423
2150
3703
101
42418
3362
1643
58803
229
6003
3915
932
549
1663
524
6385
764
2071
7323
39414
1049
2664
73344
79702
5475
4427
55247
1299
5876
3683
670
54881
4191
55052
77455
4410
3216
92494
97957
4754
37729
2160
3469
82
1096
307
53956
2993
4187
4661
1689
965
5055
8784
4271
2303
106782
1353
3948
54281
8477
99114
89804
6936
6711
7064
3507
8873
3360
6777
7072
7566
52767
5444
5147
1859
1616
5367
4967
26501
96075
7087
58649
2285
53887
5017
26797
8123
86487
8261
4428
74089
5238
55063
163949
112577
101850
114464
104119
150856
2232
91542
3475
5633
80489
26974
4969
5812
2231
40583
36535
6611
7070
3245
3989
2948
44974
8369
930
6021
2916
1180
6643
115569
6724
1303
1249
77658
3105
140267
6852
5341
4658
67087
4361
6350
1175
73321
5446
7836
4846
2310
4037
52435
7943
86320
3872
5630
5893
91653
3210
106100
3254
483
3328
973
6187
6932
1960
2490
26472
2467
25850
47518
2403
55069
63131
6331
1934
2096
2644
4945
4466
26524
44195
54259
33004
7088
3811
5505
4304
6985
1866
3478
2066
6502
96488
4432
82169
4225
2944
309
32598
3966
48696
7451
7419
41566
2792
4873
5385
99764
52458
6271
8645
4128
6791
5177
3300
112515
3809
60397
902
428
3869
47099
4642
662
93510
92535
90428
5391
56339
91978
7360
3030
40148
6776
8754
2330
5028
7574
52617
26150
26578
7564
872
81229
5608
1272
50068
7164
3010
6708
6530
96829
56715
2283
4033
1014
73290
80
3604
1729
84152
