user_recommendation
318
296
527
356
608
2571
858
593
2858
260
1196
7153
110
2959
50
1198
1221
2762
1704
4993
3578
1193
2028
7361
1270
58559
5952
3897
4973
912
1210
908
589
4963
1136
32
1213
457
1732
1291
48516
1961
4306
1197
4226
47
1097
150
904
4011
1089
2692
111
2396
590
1206
1682
293
2918
4995
6016
79132
1625
2329
1240
1246
1230
2804
1247
1610
1393
2502
750
778
4308
1265
1228
33166
7147
953
1225
5225
919
1222
5418
1219
1968
541
1
1214
1204
923
1203
4979
68157
6539
6377
6711
2542
3147
5989
62
32587
48780
1252
2997
474
235
223
364
1036
59315
1258
4034
44191
1207
1259
1293
380
1084
61323
1617
4878
1148
2324
2599
3386
497
2359
1079
1278
5995
8665
1307
2132
926
1233
8874
1674
1957
969
6874
46578
3114
16
913
349
2194
1947
1584
2797
1200
6
56367
454
92259
910
1250
30749
3996
2019
920
4886
480
5669
2278
3083
3469
8970
1208
377
81845
161
1884
1243
54286
1267
81591
265
3462
44195
3481
60069
3408
10
194
922
49530
246
899
1224
1952
6942
1394
1748
1234
1387
1408
1304
903
3476
35836
1673
529
1028
307
36
68954
306
1282
1223
3363
1500
535
898
1299
6502
1217
1407
2580
3317
1945
4901
116797
357
8784
3916
2761
2302
51255
1220
759
3252
70286
3735
6378
3980
954
4033
2064
31658
745
8873
80
29
7090
1396
1172
76251
4117
8961
3196
3186
4235
832
1212
7451
141
471
932
2289
3702
671
4246
555
1199
2501
2395
595
1374
1288
1201
5782
74458
4027
1073
1287
109374
333
2716
5956
337
44665
1262
8622
3435
968
88125
2115
3683
475
1103
308
940
5902
3730
3362
1358
2068
3256
8366
3468
2881
69122
261
916
1939
58
8981
2176
50872
2791
3983
3176
55820
3566
1953
46723
80463
911
50068
59387
1254
1231
955
3175
41
86882
48394
515
3742
3471
7256
101
3952
2690
79702
106489
1280
7265
4357
300
5903
3671
5679
4914
1357
48738
1693
280
1211
8376
3000
933
905
2976
2300
2186
2841
7254
4225
3456
900
1948
49272
1242
27773
2961
353
39292
112556
5329
5791
736
31410
3512
39414
1285
3703
1237
4103
3307
1035
1096
5618
805
4720
8228
4085
1227
64957
26242
6918
89745
1343
44199
134130
733
4489
1077
2917
2890
534
943
2351
2920
6350
2551
1835
319
914
6187
40819
5013
785
3949
5971
3686
1298
3536
54503
1256
1921
1719
8645
2455
2058
838
2686
1912
134853
56339
4187
7502
2330
4967
1958
8132
3044
5668
1950
142488
57669
3007
2596
76093
5377
89759
1271
628
2268
42004
224
1860
30707
2291
1711
3156
27803
6787
5444
3791
909
1641
2671
2670
1025
73344
8955
1935
97
7136
176
64839
3310
1611
2288
2490
928
63876
7285
1361
994
87232
1411
3328
2565
501
3089
27478
2202
3095
106920
3967
6985
5992
2423
2460
477
68237
1924
1049
509
556
8957
66665
52973
3724
2843
68848
17
1959
3548
6184
1260
3006
8972
8533
3499
7371
5312
1305
2687
538
58803
2357
97921
3360
800
26587
69844
2434
2144
2459
5010
5400
2664
2174
766
78499
5387
5415
26524
1513
2971
68358
7293
4016
203
3179
8938
52952
4903
4450
4642
33794
5878
59126
915
4190
4128
4427
59418
49280
26422
2648
25
77846
3783
4014
1175
2318
1296
1663
1041
3911
4447
2443
56587
3414
175
88129
34326
670
154
1927
4361
68347
86
56782
1940
1354
3067
1088
5505
1965
3551
3679
1078
1248
3255
508
69481
594
27815
8371
63131
3198
1810
45728
2622
112183
3355
6235
86377
28
6480
2846
34319
1419
39183
1955
6565
1209
2938
3793
7235
3111
7
30816
2105
7063
111759
368
71838
2718
4499
1281
2863
3037
1192
6893
1131
581
7099
562
3098
8010
3955
3060
272
3251
85414
7123
73321
2467
2006
3218
1962
96488
1936
1292
4552
2763
44555
8254
2897
32840
8464
77800
3448
665
81834
1941
47518
51540
7459
41912
41527
26947
4741
8576
57845
71640
8958
3153
3677
1754
2078
2739
3424
2819
3034
6188
3545
2454
2478
71156
5015
3134
1378
5617
230
2010
741
26729
6881
2151
934
1283
3629
53956
98491
3684
2076
5103
446
6774
3498
1269
1273
26326
26231
7024
3788
33138
3871
97938
3505
69
1264
69640
33004
2403
2020
4612
1537
2731
49957
117176
54259
61240
1120
8530
77291
40226
5473
26749
60384
42900
63836
8240
95113
80553
32515
27792
71390
1302
1946
2728
7360
6783
37729
2726
6870
2313
116
2366
60684
5876
1124
7767
1597
3915
5446
1147
7386
41566
7941
1944
6591
52
2440
3035
728
112552
2125
26258
69761
98587
59447
4114
107555
6107
76111
48682
71180
102753
97826
135
938
1090
4017
99114
1914
4641
3543
3580
2201
3657
3656
156
2301
44709
3527
69757
6598
6807
33171
3357
1672
5391
106782
3104
6331
3199
89804
155
1466
2563
34323
48774
6375
2871
6618
3844
5008
999
4039
58303
93840
64614
5630
55442
4677
188
266
151
80748
3203
1094
2117
2795
38038
37741
3200
4537
2279
3989
45186
96655
6643
714
89864
2005
3249
52767
8042
1023
6725
4789
3701
7439
8933
4021
2333
6791
222
2712
6385
6218
7787
55069
7091
4189
1994
90600
6986
1949
56941
1066
2245
3265
46976
3789
3685
1797
232
7132
3364
8910
7139
115617
1692
3909
3845
25769
4978
44633
79091
1907
91690
122888
3270
3245
5633
6611
7072
7070
3300
4184
6299
97225
7089
5177
2140
3068
72356
661
3612
8983
8638
720
81788
1569
53318
4890
8542
84392
6380
37731
48304
40815
3194
8368
8950
26131
6269
946
4705
6183
3412
1964
1161
8650
70183
3753
32525
25852
4179
47728
8121
7208
27846
2360
4822
3253
6281
1060
631
4697
33669
1688
3396
2745
3501
4855
2328
3070
96821
3925
4177
8973
26472
7137
376
3478
7669
4327
931
6975
4406
5414
1484
314
2572
53123
62374
2038
4299
