user_recommendation
318
296
858
527
593
50
260
356
2858
608
1196
2959
2571
1198
1197
1221
110
47
4226
912
1210
589
1193
293
4993
1270
1089
457
1
7153
1136
1291
1704
1617
150
778
1213
5952
4973
2997
1225
32
2918
908
58559
2762
969
904
1208
750
364
6016
1203
1682
1968
1240
111
1247
2599
2542
1259
899
588
1252
919
1073
2396
2028
1961
2329
36
1732
1148
4011
541
480
595
3578
913
2692
4878
1207
4963
2324
1204
745
1228
4995
79132
497
1200
923
1222
44191
1214
17
1246
1304
2716
48516
3996
2502
6
1206
953
1265
4306
4027
1278
1219
2064
926
903
6539
1250
33794
1258
1230
1060
1233
898
2291
6874
48780
5995
1356
246
1625
2115
2797
1287
7361
1035
349
68157
1172
509
1036
1028
5989
1394
223
235
1212
3421
3147
920
32587
8961
4034
56367
922
924
1387
33166
3114
2804
1199
3897
555
1079
2268
1254
1276
1299
55820
1673
5618
3462
1947
3481
2580
1272
1953
474
50872
515
950
590
1293
910
2019
11
1500
720
1217
1084
46578
78499
1077
1090
8874
1292
3683
2194
1094
4886
2186
265
2987
1357
3671
63082
337
2971
1244
68954
1263
116797
1080
2300
1674
1267
1945
1220
162
2712
40815
4308
1201
5225
357
1952
3499
671
194
1266
109487
34405
1466
30749
8368
954
2467
161
3435
1307
471
551
57669
2917
1097
1960
1234
5669
3363
2202
44665
106920
1285
538
3362
44555
1288
1096
1262
535
475
534
3471
232
2395
56782
733
2076
39
3730
5418
5816
2289
1269
741
2020
905
1610
955
29
7099
6863
30707
1223
1411
3735
2248
2908
49530
1103
81591
1959
1527
3033
6377
5060
54286
2231
1641
59315
54997
2739
2318
88125
994
1178
928
74458
3307
1095
1192
4235
5010
2795
2144
1927
3468
951
3448
3095
3006
1284
25
76093
3275
3868
628
31658
70286
914
1256
1179
54259
911
51255
1954
5991
106782
916
1264
2278
4979
64839
16
1131
353
1729
86882
3949
272
508
3510
2132
62
8784
529
2501
1224
1939
59784
1175
3000
5064
3359
7502
69844
3791
6796
7090
1305
44195
1086
5971
1957
1374
2863
72226
838
3386
6979
2353
2890
81834
2359
1580
1361
800
72641
1260
69757
1296
3068
2973
262
3686
1280
1120
2944
6942
4103
728
1248
946
49272
7147
4085
2005
3527
2138
1948
2791
968
1946
1185
2871
3203
3134
477
2125
3252
5444
3358
27773
345
1237
81845
3417
380
68358
4007
3088
377
8132
3083
4262
2490
1982
2287
6440
64716
8970
5630
73017
3418
307
3016
2355
2160
2761
3814
2302
581
945
6807
1085
280
2664
99114
2648
106100
68073
1734
3504
319
134130
3361
3022
1537
306
104374
3246
112852
1449
3167
2108
3037
28
54503
930
224
7451
1283
1963
2690
233
314
2303
6502
94959
73290
1834
1281
1333
1354
3420
2935
5329
308
3039
7802
3342
3035
3038
2612
2459
36529
97
2336
300
1215
3788
3101
1663
373
1300
52
1784
4037
4047
2137
50068
44199
80463
1211
3551
3072
907
2203
440
68237
3201
3200
850
3196
53123
805
6380
8981
5103
1257
81229
30816
2841
3044
4239
1719
2313
3081
1967
2208
3524
1012
3007
156
97938
85414
5013
2430
1231
2728
106489
1081
431
2243
4427
281
4014
1302
1303
531
3545
942
88129
33493
2352
2947
909
5956
38038
1066
7438
428
96079
52281
2109
3724
115713
2788
921
3355
368
8950
6350
98809
2357
3213
106438
933
1209
46976
1227
1020
230
1916
6620
58803
7022
81932
3983
3198
973
107559
3548
178
106441
5903
112183
5812
2288
81564
2726
3104
1189
900
412
3783
30810
31410
1923
64957
6870
3272
6385
2929
48738
81847
3152
492
122882
2232
3317
65188
3476
8958
115617
2391
1245
1994
98491
2745
175
41566
2857
89745
766
3036
261
85
2245
92259
65261
106696
109374
1805
2952
3429
3910
1243
521
27831
40819
7371
37731
3952
125
45728
2920
96728
1029
66934
110102
1680
2938
5415
7373
322
54001
7075
1147
2366
2644
1797
86
134853
37733
1611
1931
6331
3793
2010
915
3260
104913
1393
2924
3536
102993
59995
100714
3809
1958
1693
3089
1649
3034
514
3469
1023
3512
30
1845
4642
5992
2968
1396
5876
927
3219
2140
491
363
2529
7116
6662
2130
5146
3020
87232
3102
1944
8493
54995
55269
2474
93721
3175
4450
3406
42418
4623
2846
299
1104
4776
893
60756
2361
3310
47610
3424
4304
3112
1366
7256
6565
3653
965
61323
7132
6711
4223
97304
6773
4848
3728
2951
1912
7386
2070
5312
1150
3062
96821
2936
102445
290
115122
6552
4326
67087
37857
128360
47518
69481
45950
2553
3018
64034
2434
7137
2721
3679
2919
3153
56152
27022
26662
229
7669
67255
422
1013
33660
759
26776
2463
65514
1678
79702
3071
1955
222
2925
1348
1235
3725
6188
3505
55247
1330
1218
7013
86377
56757
72
2495
91542
26524
116
6269
1261
37741
27660
8933
51935
1135
5114
7767
1950
1408
326
3844
3105
6669
3341
1082
93855
3741
26084
2729
268
8807
52604
2912
3365
3546
122892
2102
140174
71033
52952
1242
115569
50641
93320
108583
5244
5387
6281
3263
735
64614
5446
2696
2442
4179
3451
94466
7263
6791
348
55069
6787
26729
85342
79357
8228
943
4846
38499
1274
4299
524
3270
2279
68269
55290
8340
6273
31435
53956
3612
3364
149
4211
1345
2901
63853
8641
1688
4616
7419
59725
7380
64285
3521
26614
1463
55276
1249
2961
866
6724
32525
7285
88810
3702
99764
7091
2496
2752
8542
112552
146
71429
6235
2932
1884
4688
8938
103048
3360
1341
787
1921
2763
184
77455
71264
632
1934
53
146656
3811
58295
51412
483
7649
5608
1964
40629
108932
1049
121231
3090
1202
2801
105504
845
7212
917
86320
96829
55052
1321
3396
5690
6283
501
63131
764
3194
6323
2267
139385
53318
31878
6003
2290
215
3475
6783
1554
