user_recommendation
318
296
356
593
527
2858
260
608
50
858
7153
5952
4993
4973
1193
1197
1196
1704
912
1198
2692
110
2762
4226
2959
1210
47
357
457
7361
904
1089
589
908
778
1221
541
1682
6016
2997
1213
150
1204
1304
750
293
903
2571
1732
899
1136
2599
32
953
2396
4963
913
111
1240
1219
1270
58559
46578
4995
1206
1617
1
1208
4306
2324
969
17
923
1203
3114
1230
2019
1103
1291
1968
922
509
1961
1207
3160
745
2028
32587
48516
1259
364
7147
36
671
5989
1097
1267
44555
1225
1172
1250
5902
1278
2918
79132
497
2291
926
1084
1280
6539
6874
1252
59315
5418
6377
3462
61323
1080
68157
910
1293
1625
2908
2797
1247
595
3147
3742
223
39
555
1212
1276
2329
4011
474
44191
480
1200
6
1500
319
3910
1748
898
1945
1947
3897
1148
1214
2542
3176
3578
3949
194
1251
551
3435
1265
2076
33166
3996
928
588
3386
74458
8873
2064
2186
1884
49272
3255
2067
4034
5991
29
2580
4308
44195
1939
3793
141
1073
5995
1307
161
515
1199
1246
349
7265
235
246
50872
5669
4054
1248
508
1285
2804
6985
919
720
1394
2843
1079
4886
232
1393
337
1228
4027
4979
1237
471
8254
2897
3969
3310
4878
1217
1952
918
1997
4380
3471
68954
1060
8958
1407
1262
1619
924
3730
1663
1233
2391
1537
40629
5225
1610
1784
345
1354
2289
56782
8228
178
3825
1950
39183
8961
1077
54286
1028
56367
2427
2443
628
8981
4235
55820
1256
8874
1387
2300
838
299
954
475
2716
4914
2321
222
76093
6942
8368
1641
2686
3702
3307
3481
44665
314
538
1220
1215
6104
905
64839
70286
1569
837
2726
4085
368
955
1223
3083
2359
1527
3865
109487
994
3548
2731
1957
5782
57669
2248
261
1673
86882
6918
5992
30749
3735
1263
680
69757
96079
3408
3703
69481
3676
2125
866
2351
2010
7371
2467
30707
5017
3671
1232
581
3134
2973
1948
1994
2066
1104
25805
1175
4016
938
3361
89745
48394
3067
34437
1834
1287
6787
6807
1041
62
78499
2357
2132
2109
535
6711
2355
1305
1260
2395
2863
116797
6987
2202
1357
1235
2690
501
1941
1953
2971
2890
7116
5618
5444
1674
1827
2068
3536
41
175
1035
8910
31410
920
3510
26242
2243
1066
3724
71535
54503
3362
1258
51255
915
88810
934
6643
81932
7438
909
2020
69
1835
290
1244
3683
2115
3198
6502
7136
2144
2232
3552
8784
3000
2916
5064
2763
3545
1885
1923
49530
1288
8970
3317
594
2501
7502
6530
309
1273
8973
2947
72226
3546
106696
106782
34405
1958
2176
714
81845
6001
1090
63082
5971
942
380
3022
2920
3684
940
7587
1916
951
8950
590
30
8955
1860
911
3421
1658
1299
6936
1088
2648
59387
492
3916
3983
6218
1264
1185
134130
93840
27815
8464
8798
7771
54997
7669
5630
931
945
265
946
55274
5445
1218
7981
1257
3686
1231
1411
3363
2961
916
2739
4262
1127
70293
3104
4369
4427
53953
3527
7700
40732
1466
306
4967
1959
7263
68237
2946
2594
3456
5816
1238
1059
2541
3594
6003
73017
1735
5013
37729
1269
633
1178
53123
1584
7132
4037
2078
106920
943
4010
5878
2363
1927
927
99114
147
2403
1653
7090
40815
6773
5608
5010
766
2712
333
122900
3196
8665
1944
2485
3256
37741
1429
4848
233
930
6235
3879
81
968
3060
2791
7123
3967
1963
4437
8042
3252
26729
68269
94864
308
3424
5062
4404
2579
1408
4422
10
6971
32289
79824
80839
41573
48791
8132
1936
901
46723
272
971
1356
5903
2677
64957
82459
3168
4641
55276
122882
3260
933
67087
2409
64614
5105
1046
97
514
1283
1094
39292
1935
3175
198
123
4007
3270
45722
2303
25
5291
2551
1254
2925
2434
2620
1211
1946
2917
2282
2624
1333
6881
4188
1012
3089
3896
2949
3088
1029
45
60069
2208
27773
68838
5218
1112
224
69844
134853
33794
3755
2774
44199
3952
3418
4406
668
4238
1719
6732
1955
5475
35836
3498
27803
38061
230
21
2366
1234
3468
7091
2018
3507
3501
112852
3989
38038
3788
2203
1189
58
5673
81847
48696
213
3167
2976
88744
1078
2117
5238
441
64034
55052
754
950
48774
307
3357
6783
4424
1086
1298
1552
241
8542
8914
60397
2912
8933
3656
3153
3580
2201
3657
4014
73321
5114
8125
2736
6273
3398
412
55253
48780
5876
115713
105504
5446
6662
1300
91104
106916
1303
1099
7099
5341
8880
1034
1209
3814
7156
32898
1201
3638
6669
7766
2336
1124
4661
907
1611
3038
88140
3551
7767
2670
1281
647
1147
342
1965
6776
104374
40583
88129
3503
2137
2454
2871
4809
6777
25769
1224
7320
7087
2935
2442
60040
4410
6331
54281
2732
162
3745
2285
8264
6021
8261
86487
8123
58649
26501
26797
74089
53887
55063
96075
4428
163949
112577
150856
104119
101850
114464
3872
54259
2728
3129
1131
42004
5008
4086
55247
1096
3007
2194
1620
1688
2331
2105
1358
7072
140
575
73
2283
1921
1292
8645
452
71033
27317
58347
109374
2268
3635
7836
52458
353
71838
1284
3566
2099
5949
3082
93510
429
63876
3100
89804
7419
3359
207
3677
3178
55280
1202
8477
4546
7069
6786
7943
2204
4187
53956
82169
2879
33004
97938
5633
62849
2096
85
3245
6611
7070
670
4720
44974
4623
59
4881
4326
3364
4179
2644
1361
2301
8636
3451
171
36535
3505
127152
3809
7143
3469
6975
3504
1192
3476
6724
7164
5319
921
2941
56152
6852
7088
88125
1380
41566
2490
116
7063
26524
805
1343
3653
2195
6101
141668
50703
2287
5385
4969
1253
7285
2948
3360
440
6666
55069
52435
91542
3556
3467
3798
4178
5103
36931
27724
73881
4239
97304
106100
5812
6552
8188
800
2344
5414
7137
53000
45728
2819
2131
4821
2612
31658
43267
40148
268
4776
2846
3035
3984
5177
5147
7698
7215
2718
5367
48738
52767
7566
