user_recommendation
318
527
296
593
608
858
50
356
260
2571
1193
1221
110
1196
47
2028
1247
1270
589
1704
2959
111
541
1210
2858
750
1198
457
778
912
1197
4993
3897
1225
3578
2762
1208
1240
2918
1213
1259
1219
1732
924
1233
46578
1250
1228
32
590
36
246
904
17
6016
1036
6
48516
7153
2791
5995
1230
908
1673
7361
1961
25
1079
1291
910
1610
4973
919
1214
5952
4226
926
1617
2329
1136
1089
1204
1203
923
5669
2599
1258
1206
1073
969
293
337
1060
1220
1265
1200
79132
899
508
150
1968
349
1288
953
6711
2716
2797
1682
1252
2019
3421
551
1035
1
1952
1084
5989
2804
1246
2395
1625
1179
2502
58559
4103
1090
364
2300
1222
2268
3462
1097
44191
8961
4878
2580
4306
1299
2359
5225
1960
4963
223
595
913
903
55820
1945
920
1185
1262
2132
56782
3996
1263
2324
4034
1095
1293
1148
2248
8874
3362
3481
475
3683
1267
4979
8949
1178
922
759
3504
529
28
16
2194
2302
35836
175
6377
1266
2692
1207
1927
1307
162
1278
1946
1276
230
5418
480
1584
1304
306
515
3386
380
4007
1172
4995
3499
34162
3147
76093
1212
6539
78499
1215
50872
1693
1287
2529
348
3006
951
5902
307
4641
1235
534
6440
3730
1025
3039
1256
3435
2985
1028
1393
1224
2542
1280
3469
2997
3095
474
1466
1641
2076
8784
265
2396
955
1254
497
2064
1096
2005
2303
671
1285
720
2115
898
232
7147
58
109374
2144
3552
1358
56367
3363
1387
81847
588
3317
1077
850
4037
5010
308
194
1719
8981
5013
1264
3747
1884
8622
1242
161
3783
2917
3468
1150
3471
377
235
1939
2890
8970
2501
27773
2871
2745
2728
7502
3418
866
74458
1192
2952
1272
3256
745
3203
3342
68954
2231
1784
261
1748
2278
2944
3201
92259
4085
4011
2321
928
3071
787
4688
89745
21
8228
88125
3424
1094
68135
733
1283
3724
68157
3150
994
909
3814
441
3114
54503
32587
88810
7451
4424
4720
3036
1104
3196
3911
1251
6187
1244
81845
1527
911
44195
535
3735
4117
1537
471
4886
968
33166
8207
1231
1023
116797
1944
1260
946
3527
3252
1923
8665
52973
1217
2973
42004
56339
3035
37741
72
2750
5444
48780
3809
300
1199
40629
49280
26422
59418
3090
26729
63131
57669
40815
3270
30707
6979
927
2243
587
54286
347
81834
363
49530
1845
3101
6870
4427
1234
1500
104374
106920
5377
6942
2125
4211
5679
109487
921
581
1964
5782
2467
3246
8366
5617
2087
2351
6918
4361
945
6807
6188
1953
1131
3788
6104
69844
7263
6993
1959
80
555
6783
79702
4235
2291
3916
4537
1257
832
106696
3152
45728
954
3671
6101
8636
3260
86882
509
1238
222
72641
42418
44555
3160
6787
1361
1249
1721
905
229
8798
3341
5618
68237
39183
3983
1921
935
3594
2010
5028
3089
39414
3408
8638
125
3088
106782
1956
68269
30749
1273
1357
101
48394
2788
33493
3037
2131
6796
41573
32289
80839
48791
79824
7767
8580
599
3702
431
1408
6552
7091
3307
2573
2820
1284
1177
2391
7285
5060
3072
97
1941
918
2289
2700
29
233
149
3359
3879
8368
2085
907
3361
38886
39
14
5971
59315
950
44199
34405
33794
2020
2318
5500
6708
3063
4326
3000
53123
7698
60397
916
1248
6874
22
428
3255
6773
1948
1019
51540
72226
2929
4920
4489
4308
5008
4658
41997
3357
3074
1066
538
5103
159
2357
87232
30812
1963
68358
1078
6299
2690
1396
55069
50068
156
2938
3167
1223
4903
3067
1635
1191
2553
2936
4027
3060
7025
2930
4021
2118
1147
2366
64839
7256
213
2987
8542
7132
1292
2916
94959
314
5470
1674
1895
3448
2081
6791
3868
3034
41566
4271
26150
872
26578
7574
7564
52617
1211
5135
1189
458
5630
144976
140267
8239
3062
1950
4881
5670
3902
8957
2109
8933
322
46723
1958
1663
663
115617
97921
1057
81229
3801
1912
110102
2721
2726
2935
4033
55118
2664
3526
1103
3871
7139
6620
3703
2761
6662
1269
26472
54001
4616
4734
3654
2908
6786
68838
7075
3551
51662
1997
2420
61323
4273
96588
4450
40819
2730
6724
4017
3989
52767
4179
2648
1345
3793
4722
326
7375
668
31658
3077
1321
2145
1305
1120
85
3360
2208
62
3022
736
3019
27721
8958
2971
4855
1934
70286
8650
61240
8132
4263
930
764
3545
2403
7208
4612
2927
8121
32525
47728
25852
2920
628
69122
2186
4338
74727
58303
215
3108
82169
7090
44709
6957
7265
2071
6436
6770
1175
4277
7156
2029
4801
4002
1957
116
48696
6947
2363
66934
3952
3310
2712
3546
531
4422
5341
5398
1680
6932
741
6378
1111
1080
33669
4128
1041
97306
80549
5238
55276
44665
6936
70293
4006
361
55451
82459
70762
27700
54251
140747
140745
3575
84414
142068
140751
140743
140749
6033
27826
140741
59549
140739
107083
26843
82608
26791
98933
127728
140755
2626
6369
8699
6769
142240
6342
7260
5264
5229
141124
103731
140763
130522
140759
147037
4342
4724
140761
1903
2336
1129
98491
2607
53318
45950
1046
48322
66665
7566
1344
1348
915
7386
8464
2644
131724
1938
805
88140
1029
1810
6502
2545
321
121231
4432
4351
3198
1099
58047
6184
7802
32234
26084
3135
26258
1245
3263
1086
8807
8528
95558
59387
1354
8010
40583
3831
61024
73017
5379
6254
154
3510
38499
2141
1376
2312
7616
95167
7116
4783
3415
1694
5876
7836
1955
55814
3038
3175
36529
5446
1366
7072
971
86
900
47099
7096
942
89804
2459
2333
2203
53894
1176
138036
8645
66371
8191
4705
492
91658
115713
8873
6331
94466
115569
4584
6881
2022
96728
933
5673
50658
26712
7164
3507
6893
1279
8950
4327
3914
7137
68848
949
30810
4292
6327
112183
1343
4014
357
1942
73
67087
7926
6777
77658
4334
1827
1302
4181
2983
4191
52
1271
6003
80489
2463
4217
40826
91542
2490
3457
3105
1281
