user_recommendation
318
296
527
260
858
50
593
356
2858
2571
1198
608
1196
2959
4993
1270
1197
7153
589
1221
1210
4226
5952
110
1
1704
2028
58559
778
912
47
1291
1136
1213
293
1193
4973
32
111
2762
1089
3578
457
541
6016
750
1203
2918
7361
899
745
150
1617
2997
908
1036
904
364
48516
1240
919
1148
923
1252
497
4011
1225
2396
2692
2542
2329
1732
969
1265
246
2804
4306
1208
2324
588
1288
4963
1682
6
480
79132
1204
3114
1214
1259
1258
4878
1200
6874
2064
1207
1968
1079
1247
913
595
1250
1228
1219
2599
3996
590
2502
903
3897
4027
953
2716
1060
1230
1222
2019
8961
1304
32587
36
6539
3147
44191
2115
924
1267
2797
48780
1610
17
920
5995
78499
898
1580
1625
68157
5989
25
1073
926
337
1293
733
4995
1953
50872
33794
194
5418
1212
54286
349
1246
1201
55820
1961
1172
994
1276
3481
555
357
7502
1500
5618
1199
720
4886
1028
474
1307
1090
475
1206
1080
1393
59315
515
1945
3462
910
1299
1947
1097
6711
5669
3363
161
1084
16
1220
3949
2194
471
2395
1784
33166
1256
1356
4034
319
2300
106920
112852
1285
57669
1269
30749
1923
1278
1233
4235
535
56367
1234
8874
954
671
44555
1674
3421
46578
40815
3435
6377
8368
1387
508
74458
1254
3362
2580
1957
1035
1223
76093
1357
232
1527
70286
1262
950
2712
628
86882
109487
6502
1209
922
4979
31658
8636
2791
30707
3307
56782
1673
2318
51255
2501
116797
68358
1094
3683
73017
2917
29
49272
1192
2291
49530
529
2289
1954
162
2690
106782
2005
905
3730
1266
3504
2761
1217
68954
534
2406
1215
3000
838
59784
1374
3007
1939
2467
223
1224
122882
3868
44199
109374
914
581
44195
58
300
2186
4308
951
3095
2020
1952
96079
1466
134130
5816
2268
1641
1077
928
81591
34405
81845
5902
2303
8132
509
68237
1729
2359
1584
1449
3035
39
99114
54503
3911
27773
7090
3033
1361
1263
235
265
44665
2132
69844
89745
92259
2278
3160
1280
1394
3471
306
3088
2871
1994
2971
1287
1244
88125
2248
538
377
3418
1264
3359
5445
40819
1096
5010
1680
911
1376
800
3201
916
2125
79702
6787
1272
54259
3468
69
1960
81229
1663
112552
104913
5444
54997
1946
3104
80463
3386
5673
6979
4896
1948
110102
1248
224
7099
1411
247
4007
1284
1257
2243
1997
3983
54001
72226
1175
3703
1231
955
1086
38038
115713
2137
3952
8798
968
7143
1950
88129
1023
5064
3545
39292
2739
64839
1227
5971
47610
1251
2081
93510
930
307
4085
1211
2231
7147
4128
106100
741
5630
2490
6796
805
91104
146656
2357
2890
946
348
2987
81932
1179
2863
2929
3089
35836
8665
53123
1343
3317
63082
69481
102445
6378
67087
2648
28
3671
1178
85
3735
940
945
1103
1537
8970
105504
11
2144
3429
51540
3448
7212
3083
233
1292
368
5991
178
261
440
428
2973
927
115617
50068
1189
2078
91542
6662
921
81564
64285
2080
1147
4016
648
3038
1358
1066
3246
1354
431
3310
2366
40629
553
69757
6807
492
2288
134853
51935
900
4103
7438
1964
3653
2355
65514
230
1283
3198
3260
54881
96821
5903
1131
8784
142488
1095
2203
5992
85414
81847
551
122892
51471
7132
2935
1260
115569
31116
3006
72641
441
2726
1884
3176
2938
2948
345
156
104374
3606
3203
81834
84152
7451
3020
308
34
1249
1218
27831
8950
1245
1719
151
915
3365
1305
112183
175
106696
272
8228
6385
97304
3044
122900
33493
2463
599
97
728
1959
2076
3505
3360
100556
94959
1962
3068
1927
2138
3527
3361
31410
21
86377
322
6708
935
6773
3167
1237
353
3469
1302
909
1688
65188
72998
1261
8807
6732
3252
1834
4450
127152
2208
933
112138
3022
1104
2160
2529
98809
222
2925
4623
3510
5956
7386
1934
1827
8542
2474
942
8981
89492
2068
4427
63131
3034
1029
3071
1944
1321
87232
215
71535
55250
1333
31435
99764
6001
4037
97938
6350
2202
3967
1303
3263
766
3521
60069
88810
902
7116
6870
3213
2321
101
3030
850
89804
6187
3424
86
2232
4017
1185
3814
106438
4014
1942
290
8958
2434
26729
4679
96728
918
26776
3406
1019
108932
7091
102123
3328
2664
973
4848
2936
6331
7802
85342
98961
73290
1484
907
3507
3134
4262
7256
52
3357
2352
3098
48738
4914
91658
41566
96829
62
6669
56152
4799
48698
3702
3341
2841
3037
71264
3364
2924
128360
2351
3081
82459
89904
2920
8580
3724
97921
8641
1127
5876
3512
5500
4661
73321
7013
3178
2745
3793
2313
3355
6565
596
1271
5103
6783
7482
3019
27846
56251
3101
2459
5146
281
2944
38061
6323
64614
2694
2083
2788
1281
6003
1345
2302
6659
3684
7371
2409
1616
60756
3111
2846
64716
1408
7767
2677
299
7075
2731
4225
1860
139757
6440
4033
6380
55276
55069
32898
72171
2331
3871
50641
4105
26242
1810
3475
36529
4327
6974
45950
1938
58295
106489
2951
93443
3152
81156
7263
116
262
3499
133771
6959
2707
3543
1754
832
3548
1955
52604
96467
2644
4489
549
85438
268
2423
71033
62081
2750
7137
2010
86000
41
5812
2795
7419
88744
7373
108979
2245
160590
148881
139116
127108
54256
107978
79677
74754
128620
3414
6918
58803
5114
3801
89774
8933
55247
4571
59018
58351
3100
5475
62956
5608
901
3072
412
4021
26084
5380
4010
71429
6201
866
3736
4873
45728
7156
121231
64034
68073
1912
3681
1963
5690
115122
67997
2087
443
3358
2070
764
40583
4029
79008
6777
47518
3168
4660
4422
123
62849
3551
3175
93838
141
125
98491
3476
3783
7072
48322
64620
6724
3181
971
4263
37729
4920
65037
59684
7649
3728
30
85774
26587
8638
6753
1916
105197
30816
7285
2736
76173
112515
2336
26524
63876
57504
5244
93855
93320
7087
1734
250
1049
95167
213
38499
108583
48783
7136
2108
3524
36527
477
80748
