user_recommendation
318
296
527
356
608
593
858
260
1196
1221
2858
50
2571
4973
589
1136
1197
1193
2959
4226
1210
110
2028
47
1198
1617
150
1270
912
2324
1
6
1225
4878
778
58559
1252
457
1208
1213
590
750
1207
515
953
480
1961
7153
969
1028
32
364
1704
1263
924
111
1172
1968
1230
1288
4995
48516
1276
1291
3897
68954
36
541
1394
5989
913
1304
1259
1278
2396
1219
1148
4011
4963
1203
17
79132
2542
594
357
56367
1682
16
1247
475
293
4993
2692
923
3147
2599
1240
2804
3481
3578
4306
7502
3996
6377
2395
2318
904
4027
34
899
2019
595
3671
5995
3006
3504
2329
2502
1089
497
2918
60069
272
116797
1293
1090
162
922
1214
919
4886
2762
8961
1222
6863
46578
1244
265
1233
223
2268
1234
2355
2973
6016
910
508
4034
1284
1246
1254
6787
2997
44191
908
2321
3362
1084
4979
1175
1179
5418
3911
994
1952
1177
306
509
62
534
59784
2291
1610
2144
63082
307
1096
1201
529
1299
2391
1947
33166
3363
8132
86882
68358
1228
4641
2064
1250
30749
903
68073
308
69122
555
44555
300
1029
78499
49530
64957
3543
6539
3152
30707
1200
1361
39292
88125
954
3471
905
1358
2819
3088
109374
33794
70286
3949
1287
2186
805
3435
59315
68157
5377
79702
6413
3791
5010
40815
2194
2289
348
3035
5299
7147
230
353
1674
1356
3246
8228
745
1224
1095
1035
628
1206
2501
55765
3735
76093
4967
2300
1094
4881
1271
1217
134853
1079
47610
69844
1500
40819
5971
8970
2908
28
6299
4361
926
6993
72641
3730
1212
25
1641
5669
49272
3462
838
280
8784
7139
1300
1080
55269
2871
1060
1088
1732
1131
71838
2243
46976
4903
1147
1307
728
6942
175
2890
8874
2132
11
57669
1077
37733
349
1204
1132
898
3871
3104
1192
72226
474
1073
48304
92259
84392
1242
2570
3967
2303
1237
1643
37741
2102
1257
968
282
6502
535
1238
1202
232
1231
1173
8368
3468
39183
1256
117176
91690
90600
122888
81788
3683
1396
3724
2987
3201
4246
2366
2071
48738
81845
2929
942
69757
3989
1653
599
69640
5618
2580
7096
2065
55820
51662
5505
3105
85414
951
279
1272
31410
1283
2005
1611
3451
1281
34405
91104
1111
106782
531
3341
8665
319
58
89745
88810
59369
2353
161
1449
1245
1625
6598
1374
6807
1273
314
3000
7698
2020
140110
4103
115713
1945
26974
2917
2231
50872
112552
4326
69481
122900
97957
1411
96821
3317
3551
6214
1185
92494
40412
3216
3068
1333
892
3198
4008
1260
44195
85774
1261
1183
68237
3037
1958
914
54259
720
266
7669
3062
44199
8958
1354
59725
7137
99114
2750
80463
2359
4754
1964
2352
106489
337
72998
800
8981
1223
14
194
6350
97938
2043
91529
4014
1729
1097
3077
8827
2109
927
5060
35
1466
246
2761
8535
3334
741
1267
1162
48780
55451
930
1211
1189
3022
4378
5952
8191
73017
2336
1957
97921
1296
3255
2797
1266
33171
1303
2947
4217
2694
104374
955
148626
94959
911
98491
111759
543
290
1301
647
3095
4033
500
1220
54997
832
7215
3034
949
1218
122892
452
1227
112852
104913
77658
1292
115617
4537
1885
54001
5630
36529
58803
4427
237
142488
56782
1103
2313
44665
74458
54286
8580
1041
3174
5782
97304
3074
1719
31658
539
1180
2248
361
921
84152
35836
5398
522
1215
109487
3469
5544
1020
5470
1199
935
4920
3357
3350
222
1357
30816
5379
1274
2971
368
7285
5954
3167
87232
3609
5801
1423
5238
3135
2944
2788
1262
1584
7361
1343
51255
5876
13
1747
1282
431
4465
6777
33493
110102
3200
8128
7099
1960
3396
1387
440
1104
32029
58154
1948
4128
54503
1693
27611
3111
3703
1171
5945
1321
1694
62374
3386
6724
91500
2273
73321
5747
1955
1178
102445
55250
5812
6870
6218
98961
1912
3916
4263
30810
3089
1848
1810
49651
55247
6909
50068
2594
33660
134130
144
40629
650
37731
1951
91542
3160
973
32587
733
1678
4017
5446
1249
27329
88140
5878
45720
916
1580
96588
3952
2687
71535
3713
45950
63876
90439
89864
55069
47518
3260
3655
3654
103235
1277
4333
3361
1393
2357
61132
3421
1953
4095
64614
26776
6331
106920
632
53
3256
2962
1834
3360
26662
4321
1209
708
106100
138208
2690
850
1013
3983
2070
64839
5135
6440
928
1598
3069
66097
3210
64620
4037
3507
3420
2716
915
24
2026
27773
104303
143385
56633
110352
7156
3412
70293
85
5500
268
101
8530
53972
1645
556
2467
58047
562
53123
3252
80489
4292
920
802
5903
3753
2926
6662
94466
65261
4880
2125
27882
27831
146656
4223
5341
3347
7160
6187
5611
3307
1348
51540
3994
3783
55814
1078
112175
6461
4062
1376
105504
2023
3359
4007
6380
30812
1345
8966
5816
5064
73290
107559
253
8730
3675
106438
3467
106441
5617
45728
662
1994
63131
4499
115569
55442
229
5152
8972
7327
1661
2151
6852
52287
29
3844
3060
96737
63062
2970
7827
134170
62344
41566
4728
52952
4437
5292
2964
6940
5569
31952
108192
8507
118880
90357
6063
4552
4901
4235
661
1537
1959
6269
47099
3505
4359
7090
4280
3499
2866
2463
2712
1086
7265
2133
36517
51705
52668
85401
55290
63992
2312
89837
549
58347
1701
663
112515
64716
2390
4105
3984
109848
6890
93838
3555
3581
108979
8622
1253
8798
837
1934
50160
2208
4021
2872
6591
2335
2454
26587
38499
4857
41569
112556
3634
69
91658
2
281
1827
152081
81591
5014
1649
80906
2182
722
1938
82459
5120
4086
7493
4464
2488
1027
2202
66371
58706
40414
106918
2596
2852
4334
4085
2137
6337
88129
2108
6327
6783
7926
6254
4801
32234
6561
2434
105844
3114
4211
4022
5902
3789
4769
54190
6283
4450
4723
3289
8366
6452
64285
465
97
1944
51935
3404
21
26614
2022
95088
4174
7091
108932
1913
4809
4191
4171
4279
3502
4273
4216
1545
26084
5642
4061
