user_recommendation
318
296
527
858
2571
2959
2858
4993
356
260
589
1197
593
1198
608
1196
47
50
4226
2918
2762
1221
110
1193
1210
7153
912
1617
1704
1270
3578
1136
1213
111
2028
5952
293
1291
1
480
1258
2329
457
1225
1240
595
778
4878
1060
2502
223
1580
1222
1089
6016
1259
588
1252
1214
3996
924
2716
1968
2997
2542
1200
44191
908
750
5989
3897
745
2599
1036
5669
4973
1208
6539
1148
6
590
1206
1610
364
1073
7361
1287
5618
150
32
4011
1682
36
904
48780
1204
3147
4995
3481
1219
899
1246
1250
969
2115
541
903
2064
6874
1228
116797
2791
1732
265
1288
497
2324
1527
2395
1215
48516
2712
2804
3916
2076
1247
923
1172
4306
68157
16
2797
1500
919
1961
1674
58559
2692
2396
1625
2700
1278
3114
913
56782
1784
50872
33493
953
3039
1035
59784
1203
1242
246
3421
54259
1673
40815
1199
1263
1097
109487
1285
4896
175
17
551
280
46578
81591
2916
555
55820
1923
6711
307
41566
4963
3788
5995
8874
474
25
306
1269
2194
3499
3033
1262
926
8368
74458
2081
1272
475
1299
161
5225
32587
3552
1265
2019
64839
1293
1233
2987
106782
1358
1952
54997
194
79132
6377
4027
1356
377
741
2580
89745
337
308
2291
3418
7502
3160
6807
1307
2761
898
380
51662
920
28
1079
1212
1207
31658
1230
3034
3671
2144
7438
1095
5971
98491
471
5816
2268
534
27773
2664
3408
1266
348
911
34
11
733
1220
163
1084
4085
1584
1884
1394
509
1261
213
4308
3362
58803
52281
1517
2278
2160
65261
2863
34405
1953
44199
1077
37857
3868
2890
235
2690
93721
4489
3000
954
1997
1927
6188
4007
2287
4235
2739
2467
1185
1235
1257
1959
86
2202
8784
119145
1231
86882
33794
33166
2917
79702
6502
63082
6796
3386
2686
4979
2231
115617
1284
50068
3468
671
104374
48394
5782
7090
81229
3471
29
49530
1466
515
121231
47610
57669
2318
1090
44195
134853
3424
581
59315
1120
8949
950
85
5500
5679
951
1224
6440
5630
1387
59369
1249
1178
5060
2020
1393
1374
968
1254
6979
69122
1244
70286
4033
272
147
1641
232
8798
4239
2248
1954
3317
946
2125
2150
4623
1028
6296
1719
65514
333
4450
2132
7147
37386
112852
800
319
2968
56367
1264
3203
431
2353
115713
1085
1912
1248
3911
3793
4047
7022
4128
1960
492
106489
69844
34162
7802
3252
3512
5444
5103
21
68954
88125
6791
44665
349
2186
910
3006
2706
5064
2430
3417
162
2648
1305
441
4002
5388
353
2087
1086
2938
3448
1256
33171
88129
3435
62
909
2359
3253
916
1179
56757
4105
54001
440
92259
1693
5010
2795
3949
4034
955
3510
3358
30816
2463
3363
1343
67255
1537
4016
4103
3612
122892
2108
1223
945
1267
4641
6942
1217
7386
42418
8950
2490
907
106920
27831
2501
64957
45722
900
4262
1227
95311
102445
1301
314
1357
2010
2023
39
3083
1945
5617
3791
8970
38061
553
2788
1080
1188
114552
2644
508
45447
55269
357
9010
81834
102684
7075
3683
2151
1175
6385
108727
108981
134130
6104
4102
290
928
3275
3018
1754
1946
8958
7099
30707
8371
6870
322
3095
2005
76093
785
99114
1345
5380
41571
2423
2935
1289
97304
3967
3262
3635
3246
1094
56152
81847
805
5299
3686
96728
36529
110102
30
6787
1361
4499
2303
3030
46322
1845
253
2406
61240
3307
1150
1211
5505
51935
309
264
5955
7156
90061
4755
1955
922
5377
104913
56587
7380
7064
111921
3952
96655
1957
1096
524
3270
1041
77846
3730
1243
3462
61024
104
216
2654
1127
2636
2635
2650
2651
2649
2647
2634
2420
1286
44555
55052
230
68358
30812
261
1350
3729
4776
26587
1729
4848
73290
8132
4478
2652
3983
2936
8807
69757
101
1964
4277
5991
994
5956
40629
5876
2289
1234
850
3272
5992
6063
1835
97957
8645
2313
3703
190
2857
51412
2312
58295
69
3451
55280
3181
2971
78499
5415
3216
92494
4754
40412
55908
914
1209
7451
720
6214
2745
38038
218
82459
101525
4443
3198
905
759
131724
87232
2334
97
1023
538
2352
80463
71156
73
1344
6754
108932
281
36527
6378
1300
5312
2203
140174
529
86377
347
27721
3591
5329
5300
5810
112183
52973
3696
5765
3437
56941
1921
3361
2841
26662
8228
2208
3871
68237
50851
3420
1354
7212
57528
1916
4322
3218
8961
531
7256
1827
81845
2694
477
1131
31878
1982
53129
1446
55290
2985
3213
3359
3068
88140
2184
4321
3081
279
106100
3159
1057
8873
1260
663
96079
1296
3219
1292
96829
80
4914
2459
3747
58303
3594
83613
3342
4384
26974
51084
6350
4630
3396
452
4552
66934
7132
7454
6957
26084
37733
84152
2355
48738
4246
8937
52435
8542
1947
1103
2096
14
6863
52767
3677
597
93040
3469
30810
8580
3062
363
89904
6003
1892
6565
3355
7123
95858
1483
4612
31410
35836
3098
3725
114060
60684
54995
126106
118696
40
81932
3504
3702
80906
3508
6774
46976
66665
6183
1348
7254
3556
1611
451
4270
2232
2908
64614
7445
5008
6620
63859
2366
1302
3035
4169
5168
42732
6355
31026
2168
6536
8712
2952
51540
98809
3201
233
4533
45
2920
106766
635
3044
72226
650
3406
6283
56171
1680
2872
6323
2114
6783
3783
3735
49278
5074
535
2336
3854
3196
99813
3527
2926
41997
1962
55442
2924
1192
4378
5540
3429
73017
99
139385
7767
26326
1022
4361
6786
1191
1635
180
26258
2328
2730
86320
5387
866
3959
2243
3310
106696
1201
27020
428
68848
97921
3844
965
5414
4179
26472
8121
32525
2927
25852
8650
7208
4705
8933
47728
92535
3060
1967
2677
6187
2434
3565
1046
159
7566
26712
2011
4014
35957
5049
4021
3089
64285
556
2693
18
1914
628
1280
48783
4010
81564
96821
54272
68554
2846
2048
2937
37830
3963
54503
1958
4658
6993
51471
3679
71033
1939
599
96588
1476
