user_recommendation
318
296
260
593
858
527
356
1196
608
2858
50
1198
1210
2571
589
110
1193
912
47
2959
1197
1221
1270
1089
2762
457
1704
1
541
293
1136
778
1213
908
150
3578
4226
2028
750
1265
111
4973
58559
480
1682
1291
899
919
364
7361
1240
969
1036
2329
2692
32
1208
904
1203
1259
2324
745
1225
4993
2396
588
926
913
1204
923
6016
48516
1207
36
17
1304
7153
6
1732
1214
1228
1968
1252
2918
1073
44191
2599
5989
4306
953
246
4963
1206
590
1250
3462
1247
1097
3996
2542
2019
1199
1148
1276
5952
2997
3114
2804
2064
1356
1172
59315
46578
6539
898
78499
595
903
1617
474
1961
671
1230
1219
922
349
337
32587
733
4027
79132
6874
1200
1060
3147
4886
2300
1246
2797
4878
1625
1293
497
2289
910
3897
1035
2395
509
2359
1307
1262
1272
471
555
68157
1299
5669
1280
3072
920
1212
1278
1222
515
1610
1220
1393
1500
4011
838
62
2791
2502
1084
1953
1287
1267
4995
39
2186
55820
1269
1254
1079
994
1223
1923
1952
5225
56782
3730
1090
3362
954
1201
1288
2917
3471
4308
2863
1957
2194
1096
314
1233
54286
161
3386
1358
2115
3671
8874
475
1094
1019
29
905
235
2580
1584
3468
194
928
2243
2105
1217
1673
377
5995
3176
720
5064
3435
4235
1945
223
1537
1028
508
2125
2248
33166
1258
2144
1674
5418
2716
3260
3481
1066
1234
232
6377
911
4979
109374
1273
54503
2467
5444
30707
8961
106920
56367
49272
1305
955
1939
50872
1104
1264
1256
116797
3160
2712
76093
7090
628
49530
2268
4896
551
1960
1103
2690
1296
1183
1285
5902
35836
7143
8368
27773
2971
1948
1292
950
2739
2987
1719
945
2020
3361
7132
3469
51255
48780
33794
924
44665
866
21
2366
1127
44195
8981
1387
3868
2081
2132
2005
5103
3359
175
2232
2321
3510
70286
1248
68954
1834
1077
3307
1357
162
1927
57669
1131
3949
300
261
265
3006
30749
1080
72226
968
92259
1411
916
34162
2291
4720
1963
106782
74458
3037
1784
930
1300
1394
7451
1147
5956
3246
1224
3038
3020
1884
5991
5630
3310
2076
534
3088
2068
2336
4019
63131
3551
8542
2726
7438
3421
2278
7147
581
91542
3417
1466
6796
2648
2202
222
1361
8228
5992
2010
1049
42004
16
3252
2871
1211
805
224
4369
81845
1946
81932
44199
1641
4034
3983
3044
40629
7091
5791
539
6807
1243
1680
3083
1729
1237
3317
73017
357
7502
1283
4014
2761
1959
110102
165
514
3167
1734
2728
1997
3527
4103
1754
7767
86882
3101
64839
538
40815
2355
38061
28
921
6942
1244
81229
45728
1827
3198
3814
3683
3200
907
1260
68237
44555
2644
1209
8958
1284
26729
59784
5816
4179
41
112183
116
5008
3653
946
8132
41566
8933
85
6662
2357
4007
3916
832
6732
2938
942
1023
8970
6187
2944
2501
11
86
5679
96079
2096
1218
69481
3067
53123
3418
3424
951
69844
3035
2474
5903
81847
88125
2936
529
3000
3019
1189
1253
56339
2288
1419
6786
6791
319
4037
106696
2078
7445
4422
3507
1303
280
51540
3275
2745
6783
8798
48322
80
3524
7022
3406
26422
49280
5971
59418
1354
3068
1175
6502
54997
1955
4848
85414
1099
1298
88129
4432
7256
2108
373
3408
902
3111
933
3007
1916
3871
3022
2973
52973
2203
3735
1527
1178
58303
8645
61323
81591
115617
3684
2403
3363
104374
2916
2150
3429
2920
122900
8949
345
4612
1885
105504
36529
6979
32898
37741
5876
4047
8650
2925
3256
2841
2949
7669
163
2553
32525
6773
938
97
3089
4424
88140
1580
54259
3911
7208
25852
2927
8121
47728
1374
2687
112852
1994
127152
741
68838
65188
106100
7285
233
7116
587
1931
3703
1449
26242
5618
4085
1192
80463
50068
96728
1266
3263
428
1408
3724
89745
1059
178
54881
2140
2117
780
45
759
3809
7099
3134
380
7087
1161
1302
48738
7136
106489
4450
7263
1095
309
4658
93510
1967
6001
4239
2109
6724
8784
1944
6918
2924
363
5475
2231
55276
412
7075
1020
2102
2908
1860
81834
67087
648
353
2087
4349
1046
4271
1086
800
7802
5028
668
927
1281
2612
3499
2363
2352
8464
38038
2353
51662
102123
7013
2085
171
6787
63082
4616
7419
2273
2406
2106
7235
1693
73
3060
1249
2046
2351
8042
1120
52617
26578
7564
872
7574
26150
26614
5017
483
1238
2976
8636
31658
4821
68135
3104
8239
322
6565
3545
845
88810
306
2
34405
146656
81564
5673
128360
8264
7943
62849
46970
99114
3633
1343
5238
4410
2750
2208
215
3536
4816
1611
971
6385
4799
2795
86377
48696
97938
3952
1429
477
2859
3504
2890
55063
8123
4428
96075
74089
8261
26797
53887
86487
58649
26501
163949
150856
101850
104119
112577
114464
3470
901
2137
3178
1271
3548
115569
30816
4914
140267
7836
7566
52767
6993
55269
5445
2318
5341
144976
7164
7320
5955
3594
1947
307
6021
2283
4223
8955
3872
3606
2434
58
766
2620
1699
3696
4327
6669
1263
680
94959
26472
53318
7371
3108
4188
1041
3498
89804
3686
3070
6331
4809
97304
3249
89904
3635
2430
3801
2788
98809
1845
3811
2624
3270
4969
3033
3203
3948
106438
1202
2344
1112
5385
79702
18
87232
915
281
39183
6852
3702
122892
4117
112515
1935
56152
4304
537
121231
937
431
4263
3091
1950
55247
134853
105197
9010
931
1965
1938
64716
104913
900
99764
6323
40819
4277
40583
4661
1895
2141
440
6461
1231
5765
3437
103810
36708
1215
3341
68269
2490
26326
1620
1958
6378
68358
38499
7894
8340
70293
6104
112138
53550
4642
2398
53956
2846
943
2935
5367
100556
2779
2195
97921
3030
2138
51935
1635
2176
111921
5108
61024
6893
27831
594
3168
3508
58803
3347
8880
96829
5668
5110
79824
41573
48791
80839
32289
1032
3989
2330
1186
1663
2872
3071
109487
4623
2066
3966
64285
