user_recommendation
318
296
527
858
608
1196
356
260
2858
1221
1210
50
2571
47
1198
1270
2959
589
1136
1225
110
1193
593
969
750
1704
541
1197
904
1213
111
1089
4993
2918
1073
293
457
778
306
3578
1259
4226
912
308
2997
1060
1258
2329
5952
6016
1220
194
924
7153
6
920
2028
1265
1207
1204
1961
1041
2324
1222
1968
1208
919
2762
1
5225
1247
1610
898
1228
1097
21
1291
4306
926
4973
6874
1148
1262
1356
32
223
4963
903
2502
1219
1035
908
1287
3114
357
480
1682
923
1214
1036
1584
595
307
1242
2804
1235
497
745
588
1233
1199
7361
1288
590
1203
58559
17
1246
1299
1252
1732
2268
913
1095
272
48516
720
733
150
509
2115
5995
4011
1278
968
54286
36
16
2599
3481
1254
8874
265
5679
2396
3033
55820
1223
1079
2194
1096
162
2580
5989
25
175
4878
79132
2542
1206
4027
1217
1211
5418
348
1240
1178
2797
1387
1238
56782
911
4995
163
2202
3897
1231
3176
916
314
555
1273
1023
46578
534
377
1172
1257
44191
1393
1394
1085
1090
1673
3499
899
1224
1084
56367
6796
68157
1185
2987
1304
1200
1025
1267
1080
955
1734
3462
4308
28
2712
508
6711
1127
319
33794
2716
8949
1374
1243
232
671
2359
7438
2692
3147
88125
213
1250
5060
1674
3418
5015
471
2318
928
915
1625
2395
953
230
951
3417
4047
5064
32587
3421
5668
1179
141
326
380
1500
106782
1104
1264
3006
1884
543
1266
2287
2430
1927
2144
1272
1344
1276
5312
235
8961
1680
3911
1466
3471
1086
51662
2005
29
1188
109487
1333
1260
3548
2248
1305
1357
1269
3429
262
2278
910
373
1253
5445
2076
68954
1183
1784
3868
34405
5669
994
3788
2019
501
64839
515
78499
27773
866
74458
1354
81591
1429
280
1923
431
1953
728
106920
2186
1212
1693
4848
85
309
5816
1293
59315
104374
154
2944
1960
72226
3203
3424
5902
81834
44195
109374
5791
290
3683
5329
6440
342
581
54503
116797
759
1066
3072
69757
1957
4979
57669
2064
930
3363
850
5956
2728
465
364
475
5415
1263
68237
838
3362
176
11
349
79702
89745
161
4235
362
88140
3019
3386
3948
1408
5630
1283
596
34162
2020
1150
3510
3865
4103
1719
49272
68358
538
6620
51255
44665
1032
5377
4489
69
3252
233
96728
54001
69122
1103
3168
30707
954
474
945
1296
2231
171
1300
921
3448
1921
1261
2303
2761
2291
3504
49530
1019
1962
1292
44761
2952
1029
2010
42418
30
971
3160
2289
1201
901
4007
902
1945
1946
289
26614
2686
264
1237
7445
1777
121231
1916
635
4846
4571
2660
3783
134853
1057
582
3020
3342
69844
96079
3275
1947
73290
7502
1286
2132
84772
3671
3201
2745
1282
4037
6377
2302
33166
6539
2000
149
59784
35836
1449
5810
2746
1617
2788
2890
965
39
159
144976
2774
36529
140267
938
3747
708
5254
3090
2690
63082
1249
2700
3036
3406
1982
937
1365
205
8207
3916
1081
97
8132
1184
800
1050
86882
787
4688
1028
3039
741
55269
1944
6979
429
3067
3150
4033
3071
1515
97938
8360
922
92259
48780
6104
907
2736
2459
2572
40629
529
3398
2058
1653
1358
2114
2871
8368
7802
4085
178
1099
704
950
3435
4776
45499
70286
4369
6807
2046
3186
4211
1245
837
8950
3793
347
88129
2434
54997
2966
112515
106100
5103
363
3095
110102
2739
6565
111921
805
3545
1192
1537
1120
38061
115617
108981
3967
108727
102684
4450
3358
64285
4722
3565
4010
14
3317
2313
80
1046
1931
1948
5876
6863
7212
3556
3000
1964
31658
7451
222
1209
51471
31116
4021
3108
3251
2409
190
936
1215
5095
3848
3538
933
4855
3469
89904
107559
106441
900
3879
2677
3134
2917
93510
64716
2575
6242
4755
90061
2971
38886
5387
2232
96829
81847
4117
1248
6101
2141
96588
2730
1175
1663
521
1274
3262
2467
122892
4223
97304
1191
2336
99
1912
3272
41285
27831
3034
2908
3552
80463
2857
1892
112138
1285
663
73
599
2243
2929
58047
4262
7099
106438
1345
4034
46970
1361
2311
5502
134130
492
3181
1218
1827
3420
2300
5110
123
98809
64034
5673
72
127152
102993
8958
3200
1124
45
3724
4901
1939
40815
299
2403
60753
1941
556
139385
3910
7147
1380
26084
57353
54881
77658
102123
3476
101525
1284
2863
1256
3178
6957
5055
1965
4616
2125
18
1061
8970
8798
68135
71264
562
3081
47610
4326
6870
30749
3396
1176
41997
50851
53972
2363
7022
50872
1307
3062
62849
3451
6932
2916
4874
61240
146656
3037
53129
392
112183
6552
680
48698
339
2620
63853
2328
2624
67087
53956
7139
85438
100556
1476
6732
26729
60756
3606
1914
493
2795
99764
250
1348
48322
76093
64614
72171
4537
1639
96467
133771
93443
1959
3980
1994
81156
6385
65188
2160
114060
128620
160590
139757
79677
127108
74754
148881
86000
107978
54256
139116
36527
91630
4019
3643
36708
976
897
3628
3653
6773
44199
7075
43396
2161
1958
3608
86320
54259
5670
2930
3902
7025
1873
1281
2750
3246
3702
5002
126106
33437
4239
2355
73017
632
3088
98491
5414
53
7983
81932
69134
58998
48738
2469
3070
3063
8340
81229
224
3089
1343
8910
6808
2282
3360
33171
140110
89759
4181
2983
4105
6201
1297
30810
61024
59995
140174
3129
2985
1077
94070
3521
74727
3551
7894
108932
91542
2078
5646
1952
5991
8528
4214
2393
5971
3566
3467
115569
40412
92494
26974
3216
97957
4754
2732
2664
6214
53123
3068
84152
5819
3060
76077
55442
2485
514
1611
53519
46976
54736
27022
100714
86377
55290
70
2386
56152
3929
6323
6708
1678
39292
104069
92535
47200
5324
1564
27721
1824
3943
4474
531
104913
46530
934
2501
34332
4623
103048
966
982
1483
47044
4888
1924
917
99813
144
7371
1376
37731
131724
1587
3686
5316
65514
929
3468
3156
32029
8641
