user_recommendation
318
527
296
593
858
2571
2959
50
2858
356
1196
608
260
589
1221
1198
1197
47
4993
1270
912
1
4226
2028
1193
1136
110
293
1210
2918
1704
7153
32
3578
58559
750
1291
778
1213
2997
457
1617
2762
2329
1240
1208
1148
111
2502
908
4973
1089
969
1682
1214
904
150
1961
541
4878
595
1732
5952
2716
919
4963
364
5989
1252
223
1968
1625
2291
4011
6
1225
2542
1278
913
3897
44191
745
1610
1222
4306
2692
79132
6016
1228
48516
235
48780
2324
497
926
1036
1259
953
1200
923
2797
1250
68157
36
2599
1230
555
480
4995
337
1203
899
1204
1247
903
8874
1060
924
2804
6539
1207
6874
3147
265
474
2268
7361
1199
3114
55820
1028
1073
1035
1580
920
720
509
475
4027
1246
1500
29
46578
1220
1276
898
3421
2064
2395
7502
515
1673
377
1393
4034
1272
2115
56367
1219
1265
1244
1206
1266
106782
32587
1293
1234
33166
64839
28
349
1258
7438
2231
1307
2396
16
3996
7022
1674
588
1299
78499
134130
1077
741
1952
3671
59315
4886
471
6377
1233
353
56782
922
2144
800
1356
1287
1784
4308
3362
1096
3418
1090
11
1292
2076
280
1394
112852
49530
63082
3481
33794
70286
3462
2987
25
1172
3683
1254
5956
161
2194
68954
1953
17
59784
1223
1466
2318
3468
3448
68073
116797
955
50872
4239
2739
5418
81591
6863
3039
1097
4085
106920
1960
2712
2005
34405
5064
3735
109374
954
733
3386
3471
1267
1288
4848
1912
4262
109487
246
86882
48394
910
1263
1084
2501
5630
5444
4361
628
1215
3868
2580
2019
2871
1212
40815
914
3730
1945
40819
1285
3499
2289
3791
30749
1086
175
272
5618
2490
6942
3949
348
1584
2690
1103
89745
6979
3210
232
968
950
5669
2300
2917
2467
27773
2463
7090
3788
36529
39
6502
866
51662
4007
5816
7147
88129
1947
88125
3359
1175
44195
194
2303
8368
45
1653
6870
7802
2359
6807
115713
6711
30816
2243
1411
3512
2795
86
2160
3198
104374
2355
1962
805
104913
1120
1304
1663
99114
1374
5995
2232
1235
41566
2202
551
6796
68358
1361
590
1284
1095
1269
54259
1680
74458
1224
2700
1231
671
4450
3201
5225
4979
76093
57669
2020
35836
92259
441
3510
1729
6385
508
2391
477
3035
538
1261
529
1956
1959
1343
1464
3358
1305
3068
110102
52
1376
3408
3275
428
2971
4720
2125
3317
31658
921
247
4235
2186
27831
5103
363
1217
3504
2648
1179
900
1249
8807
928
1948
2108
33493
3067
2459
3952
357
68237
8949
8784
54997
69844
2353
3033
1357
81834
115617
905
3363
2248
916
87232
2763
3814
47610
3256
2644
1094
2096
7099
3429
1921
54286
66934
4014
7064
44665
1264
1333
1201
319
3213
1719
951
4033
994
1641
1088
122892
2929
64285
8132
122900
2664
7212
2313
1079
1262
3435
58
54503
452
3034
8961
3252
44199
1967
2761
1927
96079
534
38038
1192
80463
48738
3152
1380
97
735
5971
1227
2924
104841
1954
3020
3167
3424
79702
412
5782
3022
911
3104
121231
72226
96821
30707
81564
3019
4901
539
31878
1257
58803
34
380
581
7235
3469
2912
3006
8950
106100
3272
81932
3552
102445
933
2109
1366
3686
3361
81845
64957
1191
2788
4103
81229
2287
8958
2336
3702
1283
125
3018
907
60684
51540
3307
1537
52973
535
8665
6662
64614
4571
4406
82459
838
5791
597
6378
6440
3414
106916
4696
37731
97304
1845
3793
946
34162
73017
2067
140174
373
531
4128
306
1939
1178
91542
2474
54001
233
1754
3102
4489
3355
5146
6787
85414
2132
1281
2916
3081
112552
1243
31116
51471
37733
3038
5299
62
3175
6104
2105
2890
52281
1209
2944
5991
8798
2819
8970
1211
4037
3044
8636
431
5876
3548
7386
3135
1046
307
440
322
5377
84152
1256
98491
1734
26152
3451
49272
2947
50068
2729
3543
112183
8493
8633
1085
3037
1248
945
142488
54995
5152
5074
3612
69
1277
2245
3083
215
3916
3591
6350
3000
156
3505
85
59725
45728
3111
1964
3420
2935
230
2430
34332
2302
115569
21
51935
4478
1218
261
1260
1302
33171
162
7844
85342
55052
1958
95510
96728
1957
4263
4623
930
1296
65514
108981
134853
1527
1688
1387
5668
149
102684
147
5812
3417
4223
279
2686
2951
1950
6187
7139
108727
4465
2952
213
6323
4326
521
5380
94959
2553
4846
7445
4427
2278
206
2726
6618
1147
2857
3342
98809
2919
3200
51255
8366
64716
2687
55290
3406
6452
2985
3725
115122
4029
2288
2041
2780
52604
4166
111362
4814
99813
54328
728
1946
81847
99
6725
4789
2321
5903
82
2961
67255
1081
942
7380
1982
89904
2707
3983
2352
1303
3679
80
2208
663
3088
6281
2134
7075
3728
3194
3627
4787
647
89804
8638
6708
2174
2841
56339
971
1994
39292
26729
2203
4467
101525
6283
3801
262
5293
58295
63876
30
122882
111921
4567
4442
4717
4565
876
2880
4566
55269
8981
2495
3811
3089
3724
2496
2852
97921
5505
4734
3546
3501
3879
69757
148626
2594
3653
88140
91529
4776
1693
390
2138
2654
8580
5970
53519
2140
3153
26326
766
5014
6565
2078
116897
492
3706
6003
1594
53318
91658
27790
108932
139385
6773
146656
121
93838
32898
3036
6419
26662
80489
5108
128360
41
1289
190
108583
1483
4105
114060
6001
42004
3654
56587
4047
7669
4553
27022
1066
7285
93855
93320
5244
50641
105504
1476
93721
556
6214
2693
38061
55721
1202
759
88810
38499
4821
1238
2651
65261
1616
3911
60756
3246
87306
1649
1810
4522
4617
5960
4088
2070
86320
30812
1080
3007
71135
3095
79357
1554
64620
3696
2612
151
4190
965
893
2366
1049
1237
2736
8641
314
61240
514
5500
1931
3072
6188
1907
116
5540
5060
3134
1955
27660
37857
5955
3713
4628
7265
3551
86377
2650
2649
2647
2636
26258
59369
6754
1392
26084
46723
85401
1189
