user_recommendation
318
296
527
858
50
608
356
593
260
2858
2571
1196
1198
4226
110
1221
2959
1270
912
1193
457
589
1704
1197
4993
1210
7153
1136
778
1213
1089
1
47
541
4973
2028
58559
5952
908
1291
1617
904
32
750
293
111
899
6016
1203
150
2918
2762
1240
1968
1225
2692
2324
2542
3578
1682
7361
1732
2396
6539
1219
48516
4011
969
590
913
1259
1247
923
2599
1207
364
1208
910
2329
1230
4306
1250
1036
17
79132
4995
1265
2997
1214
745
924
919
2064
2019
56367
5989
1172
1258
4963
1252
46578
36
953
903
3147
1288
497
920
1228
2804
1961
3996
898
68157
595
1304
926
44191
3897
32587
48780
2716
246
1200
4027
480
2797
1307
1625
1148
349
1204
1079
2300
78499
1947
3462
555
1267
5995
55820
33794
1212
4878
1293
922
2502
950
8961
6874
1246
515
1674
1945
5418
1222
1276
1394
1278
1234
377
1060
1527
50872
7502
2580
380
1035
2186
2917
116797
3114
2289
11
1073
33166
337
1199
40815
3730
1953
1952
1233
588
57669
6377
4886
994
59315
905
1097
475
25
1256
1206
1077
2712
8874
1094
1299
474
4034
954
2268
1387
955
30749
81845
1217
928
5669
5618
6711
1500
74458
194
5991
1028
671
3307
6
109374
5816
8368
2971
265
1269
3735
21
1080
2359
1254
3481
232
1220
733
2791
1610
357
49530
106920
1287
109487
3256
1262
3683
1673
2248
1103
1192
1263
3435
1280
3421
68954
31658
3362
44195
76093
1264
1923
161
30707
134853
1580
1096
4235
1959
68237
2243
2132
3468
16
1939
5010
2194
39
1224
951
2303
628
471
1357
92259
2871
73017
68358
1223
134130
1260
8981
2395
81834
3949
916
2648
1584
2231
88125
1201
1948
2020
29
1957
3671
40819
509
51255
34405
2739
3088
162
54286
1292
1997
1084
2501
58
2115
4979
1090
1215
2467
3471
69844
2125
54259
2137
2761
5902
1960
581
5956
1272
2890
3386
914
6502
1411
3504
2973
106782
5064
3363
3035
73290
4896
946
122882
838
44199
1784
5971
3868
1131
3104
63082
115713
909
2644
86882
800
7147
44665
56782
7143
3510
2690
508
1884
2490
1284
3916
49272
3361
551
91104
942
1333
1361
2357
3037
5445
7438
8784
3545
2664
54997
1244
272
741
720
3198
1356
1283
1104
2908
1251
538
945
106100
3095
142488
33493
81932
1466
1376
3359
4014
2318
6378
6807
2352
1300
927
1248
2291
1238
1189
115617
99114
3006
112852
1175
2935
319
3038
2987
1343
6350
3160
933
81847
1641
2612
2010
1719
6380
535
1178
69481
54001
104913
3167
728
3022
1537
911
5630
529
28
61323
104374
235
1281
5349
3499
7090
930
54503
907
64839
96079
6942
261
1066
1305
2081
3152
4007
80463
832
1729
3060
4085
3952
3083
7669
37729
110102
88129
3429
34
2078
3081
1464
151
3814
2076
3007
6796
5903
1834
1946
1023
3000
454
70286
3260
81229
94959
44555
27773
8132
72226
6003
3469
2144
105504
40629
921
3317
8665
2203
59784
2202
72641
1296
223
4427
1944
1449
88810
3310
97304
1358
1916
1120
3201
968
2288
5444
1994
7451
6662
2863
1086
56152
1302
3020
2366
222
91542
940
81591
2938
1029
534
3524
3252
6787
6281
3072
3983
89745
1927
2278
7132
2138
2245
5060
116
1218
7116
3414
2474
2208
48738
477
2746
6187
69
299
112552
3134
87232
53123
55269
96821
1237
6331
2726
36529
1963
440
2353
4262
2336
38061
58803
3948
6979
3089
50068
1955
647
146656
307
2391
596
3039
3703
247
2654
2925
3724
106696
1147
80
64716
89804
3200
1185
2948
3068
45728
55250
3793
6001
106438
8970
3966
3175
1954
866
1950
1374
3861
3365
2651
3505
524
4037
2131
2351
3213
5992
353
6870
1209
1934
7013
5225
501
2070
85
91529
1081
106489
38038
8798
55247
54328
428
2795
64034
8636
7099
97938
1734
148626
41
1956
55276
4422
308
1408
55069
64620
1958
63131
3535
6918
2788
45
3355
1179
233
7767
2109
5690
69757
60756
51540
3801
3741
2846
84152
52
5812
280
3101
98961
5114
2312
306
7137
4223
1810
2929
1249
8542
7075
1227
973
4304
3275
6188
3448
7212
805
3194
2067
7263
363
348
2694
102445
26524
86377
1941
2434
345
300
4263
1211
6385
224
3246
4103
3653
89904
3791
1303
5103
5791
67255
27803
2647
2636
2649
2650
2652
93510
47518
4225
441
7091
1594
971
6669
3418
4661
6773
65188
98809
27790
115569
2912
178
1845
5876
3684
2553
5446
65261
32898
4019
4432
309
6732
6269
26776
3546
2920
6565
6235
6708
128360
1271
8638
6273
5878
7371
915
3702
141
2919
1231
56145
6552
2344
262
3536
56251
3507
67087
6724
7087
8641
42004
107559
3018
938
1150
4642
2018
2635
3358
2936
5475
91658
2108
97921
52435
97
41566
3102
30825
1962
1273
93838
1354
106441
7256
33004
6783
1095
64285
7419
3475
3451
2102
1194
156
6777
3543
1649
30
58295
8958
8950
2080
7285
2232
2801
79702
2745
1611
1747
55052
52973
368
51935
6986
6286
81564
2820
122900
2573
62
51471
31116
68838
56339
1366
3360
8933
2087
3364
2634
45950
3015
56757
314
4787
26662
6283
4349
4465
2331
1257
5341
125
5385
648
162542
2315
2924
1688
8228
5017
2096
4410
917
1827
26729
68347
4252
26599
91673
9018
7932
2729
1918
112183
918
4308
38499
1019
3548
85342
62956
230
3100
7836
65514
105844
7360
122886
943
106471
8938
3341
49280
26422
59418
146
3629
2946
27831
4848
290
54995
5146
935
8264
55063
4428
26797
86487
74089
58649
53887
26501
8261
8123
6021
5238
96075
163949
104119
101850
114464
150856
112577
52281
6452
90061
4755
87306
3844
31184
60069
1277
2406
98491
2463
85774
759
1393
70293
58347
7649
7320
54372
3871
556
3196
5008
3112
4816
127152
66934
2066
3251
2386
2944
3263
6450
3129
1202
7787
3742
1282
86320
106916
30816
68269
51412
