user_recommendation
318
296
527
356
593
608
858
260
2858
1198
1193
110
541
50
47
1196
1270
2762
7361
1704
293
111
1136
1206
1213
1089
1210
2571
1214
589
1221
1968
2329
1208
1036
1265
2396
4226
6016
46578
924
1
1233
1225
1258
1079
2804
1240
1732
2028
1197
2959
2918
750
1219
912
27773
2502
223
480
1200
1288
4973
904
2194
1259
337
48516
5989
1252
1097
778
4878
4027
1220
3114
3897
457
903
4011
2599
2467
1073
1673
1246
5669
1060
919
1721
1207
44191
364
1247
1617
5995
2692
4306
5782
25
32
2302
1682
3578
1997
1262
349
8981
55820
2395
2076
56782
4995
1291
2997
150
1250
1610
1625
2791
1028
17
4034
2716
5618
1222
922
4103
3996
70286
555
1953
923
3527
1358
35836
68954
6711
908
2064
11
6187
1204
1285
4979
2005
2085
71838
2144
8874
92259
3481
54503
32587
357
1393
36
1304
1387
3788
508
116797
4720
1272
5617
16
785
1185
2115
2289
78499
913
3072
48304
44555
6377
1230
84392
90600
2010
6993
8961
2797
21
34162
1263
55765
2712
246
3814
2542
1884
5679
3462
1278
117176
69640
91690
122888
6440
339
63082
4963
81788
37733
235
175
590
141
2278
8784
8949
7451
3160
3147
4262
30707
6807
32029
588
745
2087
1235
529
1090
2580
1961
3198
920
1273
1080
161
3424
1203
8638
380
3421
68237
29
1408
73344
551
319
4658
1394
52973
2991
910
4886
2871
300
5028
1095
63131
62
3911
2321
2068
3210
26258
3362
26150
668
872
52617
8239
3415
26578
7564
7574
4271
2788
2318
1374
2944
56367
8366
7254
1466
1199
1947
1299
6539
1994
1674
4007
3499
3363
58
805
2078
3101
7147
6104
3035
42004
1005
72226
26422
59418
49280
3683
56339
64839
5010
61240
31410
144976
140267
1215
3062
58559
1257
3034
1175
595
1960
2916
926
1148
3196
1396
134853
1357
3654
3551
194
2908
74458
3317
3504
230
1019
45728
109374
4235
106782
6796
497
2454
4338
229
97938
515
79702
741
40629
2686
2423
1266
2406
2529
3251
1178
62374
2872
48322
3653
6620
1035
1354
3060
96728
1293
2046
1260
1228
1952
101
4299
8970
162
898
1344
1950
3265
2114
5505
1243
1022
969
103235
81845
1361
39414
2102
1957
1719
67087
3037
112
2091
2086
5225
968
3040
4450
2140
71033
1283
2890
1031
1227
1267
106920
6787
33794
5971
51540
5377
90439
1217
2949
2268
3275
3253
7802
71899
5107
838
1858
1125
5103
1334
5444
3342
69122
64957
3671
86
307
2670
52767
77846
2042
7669
916
1234
140110
54259
110352
56633
138208
143385
104303
48872
2877
1030
6461
50872
3681
147
45720
1120
850
1249
33166
7285
58154
1343
1025
454
1569
1694
1211
112552
58803
1962
2723
616
3408
247
96829
951
2109
1242
5673
2138
3865
3879
44665
6436
51255
1127
79132
2161
2333
49272
53972
68135
2018
2019
1941
2434
3108
1305
2746
306
6
3949
2
6773
342
1188
1172
3361
4369
3
5074
6188
3783
8873
2248
3246
3676
1129
2745
2455
1921
3386
7983
1345
61024
8645
3272
108981
102684
108727
3730
3262
3543
4247
3703
1173
1231
44709
5299
6947
40826
524
1956
116
377
2023
1912
3948
76093
1645
33669
928
8957
86882
7502
2575
4334
30749
139385
2761
8622
3359
53318
1077
2726
5269
151
2359
562
26729
2553
3176
112515
33493
1959
7090
37741
4085
26326
1515
4427
4571
55269
3081
390
3471
1232
953
48780
2186
2330
1845
1635
2174
4958
26084
549
4128
933
8228
1271
3006
1254
2664
68358
3089
8199
8798
7265
4422
8207
1248
3095
26318
720
58425
2673
6641
40491
4470
6123
61206
8338
1945
7979
314
3167
3635
76077
1307
708
1982
955
2952
534
3135
2706
55442
594
2968
48394
8641
3201
3071
1513
54881
3360
8807
4641
1251
44199
3916
266
3000
2739
6350
2993
2501
471
4874
1104
2690
2819
8360
2488
1023
1964
3505
2985
52
3330
85
4903
631
5816
5391
1958
50851
5812
1966
4349
915
1189
39
232
112556
115569
2336
97
4584
95088
1041
163
1914
49530
64614
2459
1580
5785
127152
71264
4292
5945
628
2000
363
4783
80549
2490
102123
3020
2987
93443
5876
326
1150
1287
112183
1224
1946
1264
105844
3606
101525
1042
27803
3969
930
7771
6732
73017
38886
761
911
2728
3129
1927
3022
6331
6218
3260
6413
1333
2513
222
2324
2132
73321
1103
2644
2231
599
27838
6942
104374
2105
33171
3168
40412
121231
115617
3216
92494
26974
97957
1124
5630
2925
1500
2073
4304
146656
72171
133771
139757
148881
139116
85438
86000
79677
74754
100556
96467
99764
54256
107978
48698
127108
128620
160590
55290
250
4880
2261
93510
3384
4562
2824
4711
2627
3718
3133
1202
3947
1123
1834
2554
81156
1537
4326
6062
490
112138
6380
866
3476
268
632
53
4190
6565
6662
4037
3036
4688
759
787
3150
3412
2366
99114
376
4772
2117
114060
126106
5002
71535
5379
3677
6598
8827
38061
6003
475
3552
2300
3011
69134
224
4855
1895
3178
3189
2082
2570
6979
353
6323
1034
3725
3510
3747
2243
2310
2160
3252
2391
8950
4537
3861
72641
5013
4223
4478
1399
86320
535
7445
4444
3693
5265
44788
1147
2879
85414
3203
55908
4214
219
1587
2984
3952
1177
6870
3515
4508
3429
4499
2291
900
27846
2966
5266
2924
2810
5828
47254
3521
1209
140174
830
501
1612
55069
2795
1916
1748
262
4432
8958
8132
111759
3102
4036
156
41
3793
48385
73290
106100
68157
6269
7139
3474
2460
80489
1463
4278
4019
308
4616
2946
4211
1292
2989
128360
215
1856
1366
36931
27724
1429
443
5872
3831
3441
59731
93040
53883
67508
4970
84152
299
94466
1179
1223
6184
7156
8337
4901
3863
1244
1094
3526
46976
2463
1777
122892
104913
781
125
6101
899
3451
581
5069
4437
3300
2420
4754
6299
3186
4273
140
1483
74486
27186
154
30
131724
361
2067
