user_recommendation
318
296
527
356
593
2571
50
608
858
1196
260
2959
2858
1198
47
110
1197
1221
1270
2028
1
541
3578
589
4993
1210
1193
1213
1089
1136
293
457
32
778
111
58559
912
1704
2918
6016
908
7153
4226
2762
1961
1208
750
48516
79132
4306
1240
2329
924
1291
4973
2542
5952
1252
1230
1732
2324
904
899
1148
8961
2997
3897
1247
2804
1228
1222
4011
2692
926
2502
4878
364
919
223
1214
1036
1225
1035
953
246
1968
1278
5995
3114
1625
7361
1206
5989
36
1288
1204
923
745
1682
1073
1258
1259
2716
595
1203
1250
1617
1610
4963
1079
6377
2599
913
44191
46578
337
1265
903
720
969
4886
1090
2019
2797
6539
32587
78499
1673
2291
2268
1200
1219
68954
1299
7502
48780
2395
1220
2064
4995
3671
2300
1028
2194
150
56367
377
3462
17
50872
1207
16
68157
349
3996
2289
265
497
1784
922
1233
671
6
508
1953
1096
25
3793
1060
44195
1223
1276
1952
2580
509
5418
59784
1293
357
30707
106782
3421
55820
1246
92259
81845
471
3481
1393
3147
5669
955
1256
29
3256
2303
1285
968
56782
1212
1960
33166
1192
3730
910
1307
2917
74458
1244
475
3471
1234
76093
54286
5444
28
38061
49530
2115
555
1266
1084
1242
2366
1267
1172
81591
994
3362
1199
1179
1356
5010
1097
5225
588
64839
6942
4979
4034
70286
1272
441
1357
5618
866
7147
1921
1304
1201
1262
60069
581
3006
64957
474
898
2144
2132
3683
534
3735
5782
2359
1147
1674
3019
590
6796
162
1945
4235
109374
89745
2501
1264
1215
1249
920
7090
82459
2791
1641
3868
5956
8970
3448
2871
599
2105
175
363
1927
6188
7132
34162
1387
2391
800
47610
3702
8798
125
3468
1183
33794
6874
1584
86882
4085
3504
2318
1254
2005
44199
6711
1269
109487
8542
3152
2467
69844
5377
1343
1282
2396
3020
8368
1500
116797
480
3317
1959
8665
59315
2985
1394
2076
1719
58
3424
1287
3916
1284
27831
235
80463
741
661
1178
7669
2690
1466
3201
4014
8636
1224
40815
6979
1231
41566
1077
8874
4027
7091
1263
1361
3435
79702
122900
230
88125
3034
5816
2788
2243
933
1964
68237
2186
4308
4103
1080
44665
759
6662
1653
4327
1175
307
1209
4361
80
57669
1537
1227
40629
6440
4571
951
1235
3386
30749
3418
3469
161
3203
1095
106920
1257
5060
2761
85
1260
1957
50068
900
115617
538
348
2951
2232
134130
261
97304
1191
2248
232
3911
2929
3000
1283
7445
1046
51662
3476
71535
2321
1962
64614
1845
3035
2987
3088
48394
928
54259
36529
3363
3361
2908
8228
946
911
1094
1103
2712
1025
3033
87232
6791
97
2890
4450
663
380
69122
51540
1120
950
3703
1273
206
2000
62
373
529
7075
1243
733
272
2460
190
2231
106696
1185
88129
6807
194
1374
2020
30816
40819
5103
8132
8807
1958
73017
1217
2973
81847
122892
3342
1956
3030
69
905
1211
6863
4037
1031
63082
7022
3039
3022
3499
2728
11
8580
1939
176
88810
805
2160
1088
6783
110102
3007
1292
1047
3067
104374
832
954
1104
21
7802
31658
6957
47518
4799
585
1946
8645
58347
2857
3252
3095
46976
8949
7263
26729
60684
106916
85414
1734
115713
3952
1041
6323
97921
3871
108932
6870
7767
1305
3275
105504
2961
2938
3801
81229
3037
2336
52435
4117
68848
53129
233
2109
551
6893
3060
4033
66665
70293
1748
69757
4007
3429
3788
4128
3552
1238
3198
48738
1280
6350
6618
44555
213
3551
4623
3246
535
628
306
81932
8950
2841
4865
2459
3219
1248
2924
7256
2745
1950
3359
2644
7380
1835
1476
45728
927
68135
1086
2278
2096
1131
5522
1177
63876
91658
1693
1189
48304
735
3071
91529
3270
5630
7156
5915
8983
3879
112852
6787
1954
906
3213
3341
72641
2726
93510
942
3814
3677
65514
945
6375
132333
69481
2041
1948
112552
2944
4612
104913
9010
4776
2463
616
930
322
35836
54001
1754
64034
6187
515
1947
55276
5064
6502
3070
8366
4262
31878
3536
921
3612
26152
54997
909
3089
477
2919
4896
2357
4396
7386
5668
8933
2920
63131
2947
5791
3681
6104
66934
3044
5903
1281
2936
59369
4489
8784
1944
30812
26472
2125
7451
4427
5490
6993
2490
116
3508
58303
2208
71838
390
33615
3724
5008
3594
5902
3052
27904
3494
2078
156
8958
2971
42004
85774
89492
2524
41997
3983
2006
3196
1020
117176
91077
112183
3408
8650
31433
2302
34338
131724
91542
2474
3072
52604
1333
7706
32525
2927
25852
47728
4179
7208
8121
34405
3507
2313
3135
81834
4121
2355
4720
6184
140267
3036
58803
115569
7757
68073
95510
914
6598
3186
764
2138
64716
3330
2648
27721
52973
1023
74727
916
8981
84392
1261
105197
3679
34072
5500
5540
6708
45950
62718
2496
140
407
144976
68269
93040
79824
2912
5349
41573
48791
80839
32289
88140
6003
4432
2331
308
71156
3104
81564
2140
8464
4920
1411
41
56339
5955
54503
1913
33171
2916
8633
33639
3074
6331
6773
3357
2420
4321
1022
4326
33660
51255
4901
907
2572
7375
61240
971
2952
4467
4688
1527
2664
3783
787
850
3763
79091
80693
52767
3272
27846
8873
27773
91653
73
4734
314
7285
5074
55069
2202
6461
2763
935
34332
3398
766
492
3747
111362
4246
2991
56152
2863
51935
3150
4616
68838
7844
8638
61024
46723
26524
3706
5470
73587
2780
838
3521
27803
1884
67255
63062
3696
3831
55908
64620
101
4016
5810
89804
280
48783
3396
147
49272
80219
4696
70183
3068
7419
7293
1580
76251
224
2739
72226
728
7649
4717
4565
4567
4566
4442
876
2880
55290
4705
562
3167
3111
2108
4019
101525
5971
102123
69640
27790
6218
4584
106438
3451
96588
2935
121
159
36708
4641
3437
5765
58047
26084
7123
26326
3098
6932
7247
7894
1344
3627
40583
6954
1955
5812
91094
4349
32898
301
1575
1428
347
