user_recommendation
318
527
296
593
858
608
260
2571
50
4993
356
1193
1196
1198
2959
912
589
2858
47
1270
1197
1210
1221
1704
541
111
110
1213
1089
904
908
7153
293
2762
1035
919
5952
3578
1136
1240
1617
750
4226
17
2997
1073
778
899
1208
1961
2918
4973
2028
903
1
969
1247
2797
1258
457
1036
1291
926
1207
6016
1214
1252
924
1259
2329
2692
923
1307
1225
46578
1219
5989
2324
150
1204
595
21
2716
920
1265
1228
1968
2599
55820
1222
32
953
4306
590
1206
555
1060
1028
7361
898
913
56782
745
1732
3897
1673
2502
1097
1148
79132
1288
1220
1682
1610
2268
2076
1267
1230
36
1263
1172
246
1200
2791
56367
1250
1199
2804
1276
337
720
3039
2019
2144
3362
1262
1299
1203
2542
4027
2395
8949
1584
4963
175
2291
6711
1293
1952
1358
4007
4995
1997
16
1223
2300
4878
955
8874
497
1084
5995
509
2064
910
377
3424
1278
48516
349
3160
1272
3147
27773
3481
1175
471
475
265
68157
4308
508
3462
2005
2359
1096
916
3114
1264
78499
44191
1090
529
922
29
364
3006
1234
4848
1305
314
4034
515
994
4979
1466
1953
1215
7022
58559
1233
5618
2580
4085
4014
2303
68954
1960
3386
3468
1212
6
194
64839
474
3504
2231
2396
5782
671
2289
1333
1625
7502
7438
6796
35836
800
3499
3949
3788
2944
2871
1231
39
1023
109374
1235
1343
551
3421
3471
3916
2115
921
1183
1079
1356
5225
866
1304
163
971
2501
2248
4896
3730
1945
3683
1095
2243
86882
1947
57669
928
3996
4262
1754
1537
1374
1361
954
1254
2917
1653
2186
911
1296
1104
280
1147
1287
1784
1500
2391
106920
2916
6377
3101
3868
1249
3671
2160
1103
1680
116797
3361
1120
5444
223
1179
25
48394
1957
1273
58
1950
1719
3552
6942
1086
8961
2467
945
92259
1238
2712
348
272
6773
1393
134130
70286
1192
3253
3152
1188
232
3317
6874
2987
2644
63082
2908
106782
3418
261
4361
1280
1292
1281
4641
1256
1641
4103
1674
1269
4002
4235
4037
1956
3072
927
50872
5064
2971
2648
6539
357
33166
30707
441
7147
266
930
2726
968
6870
2125
1959
597
8368
1946
76093
6787
741
2232
81591
950
44195
32587
1217
5991
1948
3168
3435
2863
2929
109487
72226
1962
222
96728
5669
342
2739
3201
306
7802
4011
2078
74458
34405
3702
1185
7090
3067
373
588
5060
1964
106916
3176
3035
59315
1248
88810
4450
3104
1253
6979
11
363
7132
2132
40629
1177
5010
3060
2194
3019
628
88129
1246
112183
480
581
2357
933
1189
6662
3038
2686
5500
914
8981
2067
8807
2946
6104
1046
2096
3363
2081
6350
115617
4277
34162
1211
61240
3089
79702
902
428
7087
1834
33493
1088
1244
1178
4467
3167
52973
3703
3952
2018
6502
1285
55269
147
2474
41566
1927
40819
1261
112552
3198
3203
97
102684
108981
108727
1283
1094
3814
28
81845
5971
36529
8798
3034
32898
2924
88125
3556
1077
81834
8958
171
3469
307
26729
3307
3545
3551
1066
1025
4720
7419
6001
7669
759
1527
2612
2952
86320
951
3546
3791
62
1284
2141
2490
1019
7075
2366
3359
3272
48780
104374
2925
8636
55276
5074
2105
6188
247
116
4432
1967
69481
3260
80489
1955
5816
594
1242
440
1224
1300
3507
3745
3070
52767
3088
2202
1734
1693
3270
176
6620
82459
431
37386
4422
3246
937
735
2321
1029
3108
101525
2330
8542
8970
54328
2841
6440
2729
5630
30749
2728
6331
4263
3735
3724
539
2761
7116
105504
27790
31658
5956
6732
4623
1266
4846
94959
3654
3801
3022
81932
599
3196
3510
1202
1191
4326
8228
55052
5341
2318
7767
1939
3175
61323
2459
2690
2355
938
596
308
2065
121231
4188
3310
1365
140174
477
34338
3000
1845
8371
907
4696
8950
8633
1099
2912
4465
205
1271
55118
7091
3062
2137
8464
1260
115713
230
901
190
139385
4410
40815
2145
7649
2745
80
2285
5103
2819
1729
27022
2203
2890
2572
3256
2780
5385
3219
106766
64034
6378
1931
8638
6187
26152
7256
1184
81847
46723
7386
4886
1282
7263
69844
4661
6783
2398
55069
74089
8261
4428
5017
96075
5238
5475
8123
8264
58649
26501
86487
26797
53887
55063
101850
163949
112577
114464
104119
150856
2041
7836
3684
1921
4117
115569
7320
6021
91104
4809
5464
1594
946
2973
8589
72641
81229
390
30812
3429
2926
1277
2731
4166
112290
412
2020
1395
3594
1748
106696
74727
96079
4442
4717
2880
3627
876
4565
4567
4801
7698
635
1129
8580
68838
56805
78039
7844
2283
6947
2846
47099
233
39183
3872
4357
1150
2732
6807
905
5903
3983
5992
64716
7566
2140
112852
6724
53123
31878
4105
38038
37733
6552
50851
8880
4239
91658
534
2278
4338
4033
6777
1411
60756
2664
85
1237
89804
4128
6385
1366
3771
6003
70293
6452
918
4292
114060
1257
97957
68237
3966
126106
5002
3725
5812
8933
3783
3275
73344
67255
3871
5008
92494
3216
40412
2434
69122
850
102123
87232
3153
942
97923
42004
4121
26524
4304
224
4029
1243
4489
161
69
50068
213
915
59418
49280
26422
935
4179
127152
3074
4969
3111
56152
2936
56339
2287
4349
2654
2651
6419
1251
51540
4920
4821
861
3505
4787
1449
309
45950
63876
30816
48696
2951
3213
26974
4789
6725
33171
5460
1061
2788
27329
448
492
6530
5470
4658
3747
7139
2087
4427
1694
8665
44665
99114
61024
2118
1963
5540
6993
4356
41
3357
3077
48738
5876
6618
2463
4945
4466
7265
1429
3408
2750
91542
1041
4010
1131
90866
3925
1994
38499
7943
2553
3252
1218
69134
53024
6271
38304
6791
34332
128360
89745
6214
3475
2935
2245
44555
91077
7285
3068
3911
4912
2575
18
7156
1357
917
219
4783
2000
8042
6786
105197
1080
1354
4133
4537
3342
1895
36517
8132
2184
4223
5135
73290
5505
1913
121
3263
