user_recommendation
318
296
260
1196
593
858
50
1198
527
1210
356
1270
608
4993
2959
2571
2858
111
1197
5952
1291
2918
1193
47
2762
4226
1221
589
7153
912
2028
110
1617
223
1208
1259
457
1704
953
595
364
1968
300
2997
1961
2791
1
1097
1213
1089
4963
2115
25
2692
246
2502
1225
1222
2804
750
337
1214
2324
1307
1240
1136
1393
1252
541
778
7361
480
904
1258
2797
3671
1206
150
923
2019
5989
2716
3578
2329
6539
235
4979
1203
920
2144
1200
899
1288
1247
141
1584
3147
1035
908
1304
293
903
588
32
48516
58559
79132
2395
3481
6188
3033
1682
1219
1079
913
2300
5669
2700
46578
508
1060
590
2081
1215
4011
1580
11
3996
4973
33493
3897
4995
1267
1250
5902
319
1285
3949
910
48780
4886
4878
1997
1784
1265
36
3672
1387
1032
2194
4306
733
2064
1278
497
922
1271
17
2396
2268
4489
1527
969
1207
2987
2599
306
551
805
1573
2232
1333
3735
1732
1090
1230
1287
1674
1234
1036
8665
3039
1073
968
229
1220
509
5618
2947
1242
3793
1748
1235
6711
104
380
500
1641
5954
1212
529
222
905
911
3000
4623
5995
1280
339
2572
1223
33794
1625
8874
2118
247
3160
926
3408
2406
1610
2020
4467
2455
70286
3435
3210
1028
1204
109487
162
2145
69481
33166
4235
1186
1262
1084
333
919
924
3317
54286
2739
3510
69
79702
368
3499
1228
76093
2863
3083
3471
6377
1912
1500
708
5971
728
1356
307
3868
2712
2005
4914
539
4007
515
1201
34
8961
2542
5114
121231
5445
1293
1251
1172
2125
2846
3006
2267
4105
39292
2788
8368
942
458
1099
2096
5673
501
1953
1022
3253
6016
81229
5617
1688
3983
230
261
4641
3019
2011
1380
1955
16
29
1302
6796
1374
1361
2761
538
3552
27773
38061
5010
3527
3361
1945
3114
6502
1237
3386
1188
1376
390
1013
2890
1081
3879
3104
586
7502
2563
1274
3462
4034
232
134130
2752
3112
1994
2078
2291
1233
3548
4085
735
3034
4027
112852
3071
534
5500
308
2109
1041
175
6350
1860
8798
6870
1357
2463
35836
2318
565
3067
4086
7022
26587
2520
4014
2289
51540
1246
909
5377
2087
4965
2467
3360
1954
58
54503
2694
938
26729
2193
1394
357
3730
1719
6
1450
4930
4796
5427
4591
1819
4076
1563
4518
2139
4967
1321
2335
6787
800
1673
44191
549
1094
4352
2288
4728
3696
2310
92259
2580
5505
3044
1080
648
3101
3089
1835
88125
745
373
5269
1077
3915
2093
2058
1345
1266
2068
115569
1639
39
6063
940
1982
3476
65642
26131
7090
1517
1352
68237
475
149
3504
2137
6874
2671
6918
1289
272
4361
2875
5955
1276
4630
9010
3437
5765
2085
4903
262
54001
1354
7649
535
56367
68358
52885
1299
2090
5064
4308
1269
161
68157
2912
1061
2432
2243
1347
13
1209
86781
955
1199
3814
1281
290
5291
1777
2795
1135
5893
3952
2186
89492
57669
3505
1923
3320
5071
4731
4302
1859
2097
1286
3984
1944
6975
1231
1272
2978
1958
7099
1095
8645
1261
2693
40412
26974
97957
92494
3216
3298
3683
22
33171
72998
47099
1217
5992
2872
2248
5418
7669
671
1086
188
1343
1353
4322
8937
2371
4896
594
1127
2132
954
1029
4128
2176
4754
1175
2648
5103
1014
1232
280
82
3654
3760
3088
8958
88163
103228
49272
122886
69844
215
7265
4865
2263
4873
4378
106920
59369
2792
1249
3060
81845
6807
914
2949
2313
1227
60684
1148
2686
1483
76293
7034
322
8638
3198
2946
2916
64614
4095
3310
3524
3948
709
4033
1566
1466
1653
88744
2413
68954
838
68135
8970
1034
2901
928
8914
3015
3635
52
8589
4720
6942
7386
61240
6214
26242
7136
1845
2731
8955
4246
2687
87232
452
233
6932
1305
3707
3359
112556
3421
2478
3788
1884
1952
6077
8711
6125
81
1283
7451
48394
7833
30793
3246
668
7063
1754
377
1449
1350
7360
91529
491
3062
994
3030
5060
2529
180
2365
5876
7438
1629
4210
2746
492
8957
1927
51080
2208
2944
3300
81834
1914
321
2131
91653
1244
32587
5816
898
59315
64034
1218
50872
1260
616
4533
2501
866
2304
3967
54881
474
555
412
4103
106782
3507
116897
4002
76251
803
54372
4899
2925
4874
663
44195
2394
1797
111622
2423
107910
1885
90428
134368
40815
70336
62511
1301
1680
3910
90531
60069
2871
54259
194
87520
2038
2517
7375
1463
123
111781
58347
2985
86
3363
1947
27478
84844
80489
106918
2640
1931
3987
943
3252
1078
3892
4056
3265
2460
3794
3102
1298
31193
2841
86882
951
5945
2321
7256
2696
156
2670
1827
3016
3702
1611
1904
1257
2728
4901
2420
49530
3219
85414
1185
4188
70293
4017
79428
3266
7143
2361
3261
6332
61250
6266
90576
86817
345
1268
6104
80549
8880
6732
1962
2482
101
7320
78574
349
3865
3831
104913
3498
3129
2779
8981
543
2594
2550
1957
67997
3007
1275
1464
77364
514
28
3869
1248
3474
6184
2430
42718
7569
2613
3546
2398
2010
104841
55269
7802
1950
30707
36535
5147
3135
3424
1587
62718
42004
7941
1131
52287
3334
3301
31658
52973
1967
78499
1189
62374
1941
3911
6650
2160
3167
8949
68159
3811
281
2726
2612
8132
2363
3412
2174
7380
4679
3809
85179
1025
4029
1297
4019
3943
1082
4271
3526
2273
7013
766
54281
141668
50703
6776
3728
1179
375
3633
176
363
2513
2866
2203
1012
2442
1396
104879
2553
6662
273
3186
3516
1254
1120
362
109848
62155
1341
5135
4814
6187
7419
2015
1678
581
3274
52435
4066
4571
44788
2870
2333
1104
3429
115713
3615
73881
8784
720
54997
8754
4102
31921
26268
4713
4474
3451
82667
4658
8264
249
893
3770
3105
59126
77658
85401
7147
5165
1429
27846
3177
2976
1130
3430
4016
34542
4144
7766
1689
1177
1801
1590
841
2560
8751
6271
2908
