user_recommendation
318
296
858
527
593
260
2858
356
1196
608
2571
1221
1198
50
110
2959
4993
1270
7153
912
1136
5952
2762
1210
4226
457
589
47
750
1197
1193
969
2028
1291
4973
150
1089
953
908
111
1225
1704
923
778
1258
1207
1213
293
3578
2997
1
1252
1214
1219
1240
480
904
1036
541
4963
48516
58559
1208
2918
1200
913
1247
1204
919
1617
497
1148
32
926
1222
36
2692
1228
1968
2324
1732
1265
1203
1304
745
733
899
924
364
79132
44191
6539
3996
2329
6
903
1073
922
1682
1217
1230
1259
1035
898
2064
1287
2599
7361
1250
1278
1212
1254
1961
4995
3147
6016
4878
920
1288
349
1625
1276
5418
2300
1097
246
1411
588
1293
1206
1947
590
5618
6874
2396
2019
5995
3462
1262
3481
59315
2115
1267
3897
1060
68157
515
17
1080
2542
1953
994
1610
1172
2186
5902
1945
1299
33794
1952
3362
5225
2804
5989
595
4027
910
32587
4308
2797
2580
194
1387
1233
905
1028
671
48780
1256
1246
1394
4011
2791
1244
3735
33166
4306
950
54286
3671
2716
1263
78499
928
3000
1201
3114
1939
3435
3088
1960
116797
3307
1199
5991
914
161
1224
1674
1029
7147
1292
475
306
1260
25
1272
2194
2739
2132
1357
3730
1179
109487
2917
1361
3916
265
49272
5060
474
3683
2971
3504
307
1094
162
2712
31658
968
2268
1584
6377
5669
2289
44555
1248
49530
50872
2076
1500
1096
8961
1356
357
2359
55820
308
51255
1103
2020
1077
581
1084
538
5903
720
1284
30707
40815
8132
72226
56367
3152
2248
68954
3022
2502
60069
3095
1303
8874
534
235
7099
1251
3007
951
57669
1466
46578
3868
44665
1954
1957
3386
4886
1927
4979
1178
30749
1948
86882
1175
1950
34405
2925
7438
56782
2726
122882
7090
2303
954
300
1959
3741
1280
1307
7143
2690
3510
44195
4235
6711
1784
29
92259
62
232
3363
3468
916
41566
955
5954
1079
76093
353
1946
1281
106920
81591
3469
1348
3471
3967
80463
280
1754
3527
2863
1192
59784
81845
6787
3168
337
3703
5679
8665
54259
3134
1211
1266
2202
628
930
5971
45722
3724
74458
3160
1296
6380
3686
1104
8464
223
1189
3499
3246
55247
1834
2357
7116
2005
2313
535
1264
1283
63082
50068
471
1090
1393
54997
1209
2137
1354
1449
44199
3167
509
1333
4037
909
3252
3260
3546
1086
3101
3359
1183
5630
2761
2501
3424
2203
88125
88129
4223
3310
6218
648
1994
37741
40819
81932
1663
69481
2728
2648
115713
741
1237
2973
272
2664
54272
3006
3037
8784
2612
2881
2391
380
16
3911
5956
2208
3038
3100
1302
3062
86
7139
7669
109374
1131
3068
4085
1340
1285
942
973
105504
3083
4034
7132
1997
5010
6565
3072
1358
8368
2318
134853
81229
3317
3035
1257
2467
112552
31410
99114
1269
3983
2745
2087
7502
759
3203
2687
106782
3417
866
3507
1527
2474
2245
8970
1095
91104
96079
3503
2130
3104
32898
5013
2352
5377
6385
1305
3418
52281
529
1049
68237
2890
6662
1408
5876
80
112183
3684
6773
2142
3275
2920
661
2081
2361
3034
2944
927
70286
594
5114
3111
5329
2871
5017
106489
2929
6273
477
5444
6502
1916
56757
5238
1693
933
7254
7013
2454
1982
8228
3545
54503
3606
2403
1955
3200
2644
110102
2291
3198
2099
2459
4661
5668
6350
3365
51662
2795
81834
48738
2125
918
11
47610
850
971
1185
5341
6979
2288
7075
26084
281
1231
123
1227
134130
2010
2160
4422
7087
142488
911
6987
5475
2932
26729
3361
8622
1066
116
2351
2427
2067
1635
64839
8264
2068
1300
5992
1041
555
2231
3406
3949
7419
73017
368
1680
6552
55276
72641
377
7836
2908
1245
55063
2430
4432
28
58803
119145
4809
125
96075
101850
8123
86487
74089
58649
53887
26797
26501
8261
4428
4410
104119
163949
112577
114464
150856
6852
64034
2947
4047
2078
2857
2108
1537
3844
838
1147
1242
1345
3108
3536
6021
106916
945
1956
5312
38038
2353
7091
3655
64285
33493
69844
5791
1963
2938
39183
3872
5291
37733
2243
728
5385
1958
51471
1944
2278
1243
290
2070
101
2273
97
8958
8949
8542
6101
6378
1419
31116
176
4103
115617
7767
3952
4969
91529
30810
4299
89804
112852
3989
2434
40629
2283
8981
4642
3508
5103
1611
85414
2731
127152
4014
946
8636
3551
907
1884
3550
1420
6807
69757
8972
98809
1120
3467
3429
1734
5064
5415
1186
2490
7371
7212
3451
85
1673
32525
56152
5387
431
34338
1913
1218
1078
1012
26524
146656
154
128360
4117
106471
87232
218
65261
3033
64957
4844
7386
106696
98491
4033
6666
3060
2150
62849
2066
35836
96821
1249
6001
5414
1321
1238
3505
55269
39414
6777
94959
37731
6708
2109
2935
6650
5500
68838
4537
3543
5445
2138
921
2694
45950
3548
53123
6331
3077
3364
26614
233
2788
3355
6724
93721
3475
91542
79702
508
4277
40583
4380
3814
1220
68358
54995
940
2919
2333
7566
52767
4263
1374
3030
97938
3178
4326
82459
25850
2948
55250
7698
2
98961
7256
108979
115569
2287
7215
1023
766
3791
6530
7293
97304
38499
4489
5218
2670
213
247
5008
3653
3249
53972
1729
99145
229
3702
3256
37857
45728
89492
7156
2046
6942
4021
37729
80906
8042
80489
4427
53956
3089
156
86320
5446
309
52885
764
501
3871
299
4349
326
2946
6669
4211
1234
56607
1719
2398
3811
3501
7943
3036
104913
91077
7285
230
2395
454
1223
2025
48394
599
1923
148626
3783
2677
1810
77658
48696
79091
1253
6639
88744
54881
448
2232
8933
5772
178
60756
4187
3966
73290
69122
6786
556
72
31435
373
1282
105197
66934
91630
7766
45
100556
26662
46723
1964
5747
6003
3739
45499
41285
3105
27156
87304
2349
1827
7160
1161
1124
3521
5380
2141
7137
7827
531
2732
66665
2058
551
4720
1484
255
8491
38304
55052
4616
7089
2165
1274
