user_recommendation
318
593
296
608
527
858
260
356
7153
5952
1213
2858
1219
778
4993
1704
50
1204
4226
912
1196
1617
904
4973
908
2692
1240
1198
2571
1304
2324
1221
920
1193
1197
150
47
1036
457
899
1252
1089
1732
1259
1258
589
750
903
1203
293
898
923
56782
1270
39
48516
926
1276
969
2959
110
1291
1222
953
1945
1247
2791
1230
2064
541
913
2186
1265
1208
1
1207
2762
1212
1307
4027
1172
919
17
1028
1206
357
1073
6016
2797
246
2289
111
2804
1293
1217
2329
1952
922
3462
1210
1278
1961
1267
2599
1136
2300
5989
3088
7361
1387
69481
1953
5418
3147
2076
4963
924
4034
1288
1682
581
1263
364
70286
1035
3730
1097
1950
1060
1200
1250
300
1251
1225
2716
4995
3578
902
910
928
905
3307
1103
1947
1244
3168
3152
79132
2132
1214
3362
1080
48774
3504
59315
994
3072
1234
1269
2303
4235
58
3104
44191
1256
81932
497
2925
3060
3424
25
955
1939
1282
2648
68157
2726
3703
3114
3897
2403
1299
7669
942
1333
1248
78499
733
1296
1411
648
3310
1029
1254
63082
2846
515
88744
8665
1361
194
60040
44555
2731
1948
1077
122900
57669
1084
475
971
106782
3361
1147
1264
5060
2067
3527
74458
3101
3386
950
2644
2288
3260
88140
55820
3435
3006
3481
938
2396
2732
3468
1946
2917
30707
3546
916
1228
32898
10
745
46578
1280
2971
954
1968
2357
56152
2248
47099
6001
2890
3108
5475
1189
32
2946
3038
112183
109374
3255
3741
2612
88129
3022
2863
2391
105504
3868
3167
3037
49530
1303
594
1104
106920
5992
4308
2918
380
1834
2203
3418
595
1292
55247
7419
4014
106916
33166
5238
1088
2020
1797
55276
4422
1079
5341
6662
3507
7087
7836
4428
104119
4410
4661
101850
96075
5017
6021
86487
114464
53887
74089
7116
8123
58649
8261
8264
26501
26797
55063
112577
163949
150856
4809
3548
7132
4432
4037
5385
909
2580
1295
3872
4306
40819
440
1997
3524
5618
2283
671
5225
56367
4086
64839
2908
1099
1357
474
927
36
448
1231
4878
8798
4969
1688
2330
2871
3683
940
838
3735
1179
1370
1957
2285
2202
368
6773
72226
21
1305
92259
1199
2398
1885
1955
1680
2018
3007
1348
2176
555
1356
3724
53972
99114
262
6787
55052
265
6
2019
82459
1466
1094
4979
3949
30749
125
934
116797
37741
3095
2941
8958
5995
6539
1449
58559
2474
3421
2208
2291
4848
1285
3253
176
3019
59784
5013
4901
26729
2137
222
1719
8970
1059
3684
224
1186
39292
54259
2336
538
2115
1260
911
2728
85
1013
1537
2038
54272
337
4886
588
2916
111759
247
1032
1408
50872
8042
2109
6101
257
3966
6987
3105
3471
86882
91104
3672
3536
932
1078
3967
2502
40629
115569
590
3783
306
2068
27773
8874
86320
766
64614
3039
3983
2245
6942
3100
2302
111362
2664
2929
866
96610
134130
3989
97938
477
1994
80489
3911
3467
3176
7013
7147
88810
471
7089
90866
7088
123
3475
3545
4821
3089
81845
60069
968
1340
1963
1419
116
6104
99145
6552
52767
7566
38499
529
78039
56805
102123
148626
1238
128360
107
81229
1272
89804
6724
930
68838
3087
97923
5902
115713
48696
112290
1584
6777
3363
4085
3077
5669
4349
7215
7698
165
105197
105355
26084
55253
2427
4965
6852
4218
6639
4263
97673
915
2351
1721
6538
5991
91077
79242
26178
7084
7478
3812
2066
319
127152
87304
47629
8492
7126
95135
112735
110752
5772
151307
56607
25999
25996
25945
7075
7300
25882
6273
4801
1652
6271
7487
8979
1475
98154
47092
4927
50245
120821
75990
61357
26147
72367
30712
127164
101895
7111
6133
128606
49824
8572
27812
45210
26505
8542
5088
112399
26350
26323
8491
38304
94931
53024
72720
6378
2690
7073
6530
7091
4912
58879
107141
1913
3510
1611
6218
1395
3015
3910
7090
918
951
7943
91658
945
1211
8622
26242
7136
72395
91630
1302
3200
213
5291
48738
3198
3011
4345
6003
2130
3000
11
1082
1748
8131
7360
1041
345
5445
76093
69757
2761
4021
48780
3360
3134
596
96079
5876
1283
1131
2313
272
1135
178
2443
2651
2654
3503
1376
1407
52435
232
2745
1253
97304
106100
3359
1673
1860
59
4384
2349
5693
7256
1884
175
1827
1287
8366
3067
2333
5812
3809
34338
51935
6375
2563
29
1393
3915
663
62849
2366
1178
1215
1635
973
1366
261
5391
44195
6666
104374
1835
58803
54736
2935
115617
1185
39183
3742
6296
6863
1734
3175
3469
1095
628
4816
1965
31225
7163
8949
81591
800
63859
2926
1271
64034
91542
508
2763
1958
2949
500
339
6502
45499
3702
1281
6711
1658
54286
4380
1012
535
1500
3254
97921
1974
60756
8464
2639
2160
3083
2278
44199
53121
70293
68954
2997
3869
235
47610
2938
7766
2352
6870
1380
2344
1641
134853
1625
110102
3129
1729
1161
55118
3263
73017
299
2071
333
87232
780
1245
2459
46723
5319
931
2686
8784
6385
2384
37733
2099
55250
99149
1944
103444
8933
1127
96728
952
7139
138036
103810
1956
943
3328
3476
4054
37729
3178
58299
6796
2145
2792
31658
2542
77455
4361
2183
3736
106696
3952
2434
2729
4322
1653
57368
441
4029
4191
2951
3925
55269
147
917
2920
1237
36519
2739
4677
25769
117176
30
7265
2243
5971
3499
7371
342
44974
233
101525
3505
373
4016
1218
38038
2359
84954
1358
71033
80463
5608
98961
43267
40148
2942
4357
1936
2361
106766
140174
2078
266
3677
2919
2932
1066
7327
62
1924
1092
6331
3498
116897
97
534
3364
3604
6380
8477
71108
1096
41285
1446
3671
2125
96488
2070
7099
6890
81562
40583
5367
8125
5114
2181
1273
3163
3451
65188
8528
3814
1175
4066
377
90376
41
95873
4017
190
7160
73344
54372
53000
50658
26712
6377
3350
1960
2363
8955
6918
3062
4465
4292
4280
61323
661
67255
35836
308
3357
79293
7323
4022
37731
74545
3882
2057
