user_recommendation
318
296
527
608
2571
593
2959
858
50
356
260
2858
47
589
1196
4993
1197
1270
912
293
2762
110
1221
1704
111
1198
4973
4226
1210
1240
1
4306
904
2028
2918
5952
908
899
58559
750
79132
4963
3578
924
7153
2997
778
1193
223
1136
3793
1732
1213
5989
1089
1214
1968
1225
6874
3147
913
6377
953
969
56367
2329
2502
2692
6016
8961
4995
32
2291
457
1961
1247
1208
923
1203
4878
2797
364
1219
48780
150
926
1207
1259
6539
1148
1291
2268
17
2395
1252
1073
2324
1278
7361
1035
541
1228
903
25
919
2076
1625
36
48516
2716
1230
2599
2804
246
595
745
1682
56782
2542
68954
5995
4886
2396
6
1617
68157
1610
1220
3481
3897
480
46578
1206
3996
1265
377
4027
1060
32587
4011
475
1393
1307
1200
497
1264
910
1222
720
1204
555
3362
955
1036
78499
175
44191
8874
1356
2064
4034
57669
1250
509
29
920
1673
551
2019
48394
6942
1293
60069
1028
1172
1231
1217
55820
6796
2501
319
7502
3424
8665
40819
994
1223
1244
3671
2231
5418
33166
3421
7438
968
34405
2580
1090
2289
1945
44195
1212
232
1284
2300
1299
7147
1246
3471
898
2303
1952
508
41566
16
1584
2186
50872
866
2144
1276
64839
106782
1084
1269
1394
28
2841
3462
6323
800
34
2871
357
1097
134130
21
1884
109487
68358
4308
6502
3386
1258
3256
5349
3114
1953
89745
1104
1235
70286
474
63082
471
112852
3361
1088
337
76093
1947
3504
2066
2908
1466
7022
8360
81845
134853
5377
1500
62
1215
5444
1199
8970
951
1464
1267
79702
6870
3219
1939
4262
3418
106920
1288
5816
3203
5669
348
36529
950
44199
3039
162
515
1674
49530
914
2160
82459
2248
81847
2359
2109
27773
46976
1272
900
6188
11
4085
2321
1357
104374
39
1192
1960
3788
3033
4235
1096
2096
1304
8645
1254
1234
1305
235
2420
2391
922
1266
69844
1224
97
1103
8958
7802
2125
3683
3152
265
163
954
8798
529
1147
733
3730
1719
88125
2232
5955
59784
3006
51662
5782
68237
4007
9010
588
109374
1248
30707
1845
363
1950
628
4848
3879
5060
1729
1046
115713
663
3702
54259
69757
1361
40815
1178
5010
1233
1077
194
2690
6711
1641
59315
64614
3696
3437
5765
581
40629
916
4630
3016
8949
3104
81229
1784
930
2987
3019
538
5225
161
921
81834
280
2890
3949
70293
261
4014
30812
1653
3865
2739
3201
349
4361
3499
2863
3252
54286
1957
1387
322
3089
2132
2318
928
122892
1537
1189
91529
1964
6708
1287
2700
933
3594
72226
106696
122900
1343
5618
2929
3067
1150
7139
1734
1120
306
1175
6807
30816
1958
88129
3270
1948
1283
85
6662
37733
6787
4103
3510
8784
7669
3359
3868
6773
1179
3468
2078
911
8368
2005
121231
3448
2726
1260
2302
5630
1358
671
45
971
8937
3507
6063
2010
69122
2912
905
3088
4427
3686
1079
247
3317
38061
3363
1944
72641
3435
94959
86
4239
190
599
7090
1249
7087
838
48738
3095
1962
3408
58295
407
945
1688
2940
33794
1262
1281
1191
3735
7156
55276
272
3100
108932
927
102445
1380
8228
1303
86882
74458
3952
8950
63876
1211
8636
47610
4223
2145
4228
1256
2105
58
1594
1251
1954
1292
597
3022
6863
2761
1218
2467
5956
1580
1411
80489
2644
4533
81591
54503
2788
2917
7116
3552
8580
373
48774
907
5103
140174
946
99
534
116797
805
131724
2971
51935
66934
7419
431
96728
87232
492
97304
46723
1956
102684
108727
108981
262
2664
3081
3307
94466
38499
4450
1263
44665
3556
27831
71535
147
585
80463
3814
106916
441
3275
110102
1333
70
3020
89804
5502
81932
101525
2202
3551
3310
6957
1282
54001
27664
7263
2919
590
62344
3469
3741
68269
48791
80839
32289
79824
41573
2791
1680
4901
6754
2243
96079
1374
3916
1921
5074
8132
5445
55290
1959
4432
53123
1982
69481
3253
3035
7380
2712
2208
1095
5064
4033
52668
2951
88810
139385
7075
3911
55118
1946
111921
4720
26729
58347
6565
54997
7013
4584
2935
3357
59387
27904
3476
54328
3831
3724
3167
55908
1094
3612
33493
3196
2962
2070
1302
6333
96655
8464
85414
307
42418
3034
233
61240
1238
380
1280
171
27790
1177
3135
3134
95510
1271
92259
2336
89904
314
2020
86320
5812
106489
1296
8807
56152
942
2648
1237
2460
2067
115569
52435
3451
4422
1023
1209
4019
7373
1201
309
3007
115617
49278
1020
178
3108
2065
3330
3272
90061
4755
56587
66097
477
7099
8873
128360
390
2925
47518
2819
79091
6273
215
116
6184
2330
909
3474
73017
6385
5146
176
2474
45728
4037
3512
2686
105504
6598
6440
3684
82
71156
1639
2553
2366
72998
93840
55247
51540
5970
4920
98809
5470
3546
4246
4821
1941
106766
5971
3524
6959
6003
86504
3554
64716
5341
4406
7164
2728
1810
1693
361
108583
7285
3074
7698
53129
3943
34162
5385
3654
1672
63062
3505
100383
4801
1347
74727
2353
308
2496
2357
112183
764
3072
2184
34332
111362
2732
1078
58803
7836
2463
8957
50851
3341
2280
2846
230
935
1942
4128
67255
24
2937
1753
1047
68838
1066
1242
53972
2151
69524
31878
837
47099
938
3077
6001
5055
7375
59018
82169
101
114060
7143
61024
126106
5002
3098
4002
77846
2203
1061
549
8870
37731
6777
1086
32898
30
2459
52
766
69134
105844
6986
3181
3071
4066
8264
3038
152081
4357
78039
56805
6283
40583
4292
7386
3044
1285
52604
3260
839
8188
8125
5114
2287
7566
52767
3739
55451
832
5380
4459
222
6659
65261
2750
112290
5810
1273
206
213
91658
494
34338
4410
78209
125
1131
4722
3725
117529
8638
1994
96588
97923
51412
8123
86487
74089
58649
4428
53887
5238
5475
6021
26797
26501
2283
8261
55063
163949
150856
112577
101850
104119
96075
114464
127152
2721
6059
3701
26974
6954
5017
781
4661
4912
4616
