user_recommendation
318
296
858
50
527
593
2571
608
260
356
1196
2858
1197
1221
1198
2959
4993
1270
912
47
4226
1210
457
7153
32
589
1136
778
110
1291
3578
5952
1
4973
1240
293
364
1193
36
904
1617
1089
1230
750
1225
79132
541
1704
2762
111
1213
7361
2997
1208
2396
1682
2028
908
150
1203
899
1252
1247
1968
4963
58559
3897
2329
923
913
2692
595
953
6016
2918
1258
1265
1259
497
6539
6
969
1250
1204
1219
44191
919
588
48780
1246
1304
1206
1580
1961
5989
4011
48516
4878
1214
1732
1148
2324
745
246
926
4306
480
3996
223
1036
2115
5618
1278
2804
1233
4995
2716
68157
475
1287
3481
6874
5669
46578
1207
910
1222
551
17
1199
2542
32587
4308
2599
474
5995
1200
1228
1610
6377
2064
2797
4886
733
1035
994
2502
2019
1625
903
8874
920
5418
1285
62
50872
116797
1077
25
349
33166
515
1394
838
1220
78499
8961
2791
7147
1945
4034
1244
1276
1172
1060
922
49530
1307
235
7438
1254
162
1673
1357
555
3317
4027
1084
59315
2300
81229
3462
1952
1212
337
8368
1073
2501
3147
1266
924
648
1784
76093
5971
11
2194
54286
8784
1090
2268
30749
1947
40815
1256
2395
3471
1267
60069
471
31658
1939
1466
58
4235
535
81845
29
1231
954
1719
741
6711
2917
671
56367
194
70286
357
2359
232
898
1224
91529
1262
1358
86882
1411
101
1674
161
16
106782
41566
54259
950
28
265
7090
3671
1094
68954
300
44195
2076
2580
85
3949
1500
2132
1299
534
33794
1217
5816
2291
1393
1080
109487
3362
1356
88125
5225
3730
1693
58803
2303
3114
8970
3435
2231
3504
1272
1293
2871
2890
54997
628
2186
3256
1096
955
5902
1103
106920
3000
3386
7099
55820
3421
2243
3911
1288
3363
2109
3095
3735
281
2248
1292
3201
64839
92259
2916
2690
1269
5010
109374
6942
909
2202
800
2971
5444
81834
951
5991
1960
50068
1303
905
3683
48394
1251
53123
2321
3868
1097
581
134130
74458
44199
1280
81932
3468
538
6350
3418
1958
44665
7502
3152
3361
2289
5630
65261
914
79702
57669
911
52281
529
6502
306
2318
1234
104374
97
3083
1192
68237
73017
2863
3686
8958
261
59784
30707
2125
1248
98491
86
1201
69844
348
893
1028
1283
115713
49272
1179
2357
2020
2467
1050
1953
3007
3983
3275
2924
4979
2712
1189
106489
81847
6807
2664
2144
3198
3252
80463
89745
46976
2739
2105
7139
3081
2648
3310
1729
1946
1611
3006
33493
56782
1950
175
4103
1641
1374
1284
1104
30816
3089
1527
1079
34405
3793
1215
30810
3359
946
7451
2391
37857
4014
8132
1281
4085
927
1020
4427
45722
1957
85414
6380
8228
764
1944
3104
431
3512
6918
1131
63082
1178
93721
6385
3910
928
1997
122882
2351
508
900
39292
56757
766
6787
1834
1211
106696
2761
7143
1361
6378
2000
1242
2081
6870
115617
8665
48738
3702
1923
2096
2938
97304
3536
233
3499
3967
2302
2278
1884
866
7022
82459
1927
112852
1260
3952
1175
5782
4450
307
36529
1734
3019
67255
2908
26662
353
7419
89804
6440
2353
87232
54503
1845
69481
6796
1680
110102
2728
1095
428
37741
1264
3088
2287
38038
91542
72641
39414
6218
2232
1584
99114
1078
492
3039
1948
2726
1955
47099
1964
134853
5876
907
5064
5679
1959
377
88810
971
56152
121231
26524
8580
3724
5103
2108
599
88129
104913
1994
921
4642
45728
1218
3916
1962
3594
2208
2005
4406
2010
42418
1209
56587
3033
39
8638
1376
3072
7156
8972
4017
7075
2352
215
7263
5992
3448
3476
6979
3543
31410
933
3035
3703
63876
79091
549
42004
3342
3980
2151
6773
2731
4896
1537
8711
272
81591
1941
6077
1333
106100
5446
56339
7285
3270
5060
2138
3213
1963
72226
68358
1408
5956
6331
7833
55247
333
4914
224
55069
7091
165
151
3612
8950
4424
1147
6125
1289
2394
51255
916
64957
735
6791
81564
79824
942
68269
48791
41573
80839
32289
66934
111921
3357
4755
90061
4037
1263
4903
3467
54995
1305
3507
5812
51540
5146
26729
1860
115569
945
2273
4369
6987
1282
2935
3811
31878
108583
373
8645
5690
2644
60397
4616
347
108932
7164
4720
2929
968
45950
3307
125
61323
930
3037
7137
2059
76293
55052
6565
1907
1296
8938
2430
3469
79428
32898
6187
3246
128360
3408
1298
2331
99813
1954
3510
1237
6783
7063
2203
3417
55442
6281
7371
850
59018
55276
6662
3341
308
3677
2336
3871
1194
1688
2612
26152
3501
7116
2312
3034
94466
86377
55267
7123
26242
3196
440
2066
3044
1354
7566
52767
53956
5380
4007
115122
2788
68135
3788
7132
7212
556
97921
65514
51412
2857
441
5608
3424
114552
935
119145
2131
6188
58295
26326
3260
2078
105504
2841
1921
2176
2148
95311
213
6863
27803
2067
3071
80906
7235
106916
46322
3167
7698
361
2936
3814
1931
7136
477
7802
111759
1227
1271
3429
2820
2573
27831
3203
380
1085
2594
77455
26258
1649
40629
1223
63131
3551
39183
40148
96079
122892
91630
268
5791
8042
8371
4033
454
3134
5017
7256
3355
7380
25769
27773
70565
4304
46723
2117
1302
94959
5391
5013
3210
3989
4349
68838
422
71033
6461
98809
26712
8981
322
8542
4021
51935
2961
70293
2070
918
222
7767
2068
2732
1183
2920
2026
64716
590
3022
3160
7844
53519
4623
37729
3077
6725
4789
64285
26422
49280
3629
44974
80489
7320
3791
51471
7386
8264
37733
3101
3175
6618
1598
8955
1023
3546
662
2670
3068
89904
2366
31435
1661
3929
8633
3524
66371
4696
4179
2403
27660
4920
149
7669
6669
38499
53318
1942
949
71135
5878
2925
3789
1257
4422
2118
49957
37830
3038
72011
2344
7072
2490
3074
59418
59387
4047
5341
90428
2973
280
31116
1120
2288
26587
363
6254
34
6732
2071
3745
91978
26268
31921
3350
82169
3742
2423
6643
8798
6323
159
