user_recommendation
318
858
296
260
527
593
2858
608
50
356
2571
1221
110
1198
1196
4993
1193
1704
2959
457
1197
150
912
1210
1617
589
1270
1213
4226
1089
47
904
908
2396
1225
1
111
1252
541
778
1136
2762
5952
3578
2997
4973
899
590
1208
293
7153
1203
1240
364
1291
924
923
2028
745
903
1259
919
2918
2599
79132
1148
1580
2692
750
913
1036
6016
58559
1247
1250
595
1230
1228
1079
1258
7361
1199
1206
32
36
48516
2502
1968
2324
32587
17
1307
349
1207
1997
2019
3897
1304
969
1267
1223
1172
44191
1732
2797
4963
2064
5989
1961
1222
920
1214
910
4034
1244
1682
1073
337
1923
1265
300
480
2804
2716
555
1527
1953
4886
588
2542
1234
3793
2300
1276
1610
3949
3481
46578
232
1094
5995
509
733
1060
926
1212
246
4306
2572
474
1219
551
3006
2194
4995
2329
4011
1080
3996
3730
1256
3462
1673
1200
55820
1035
1947
48780
2580
1097
953
16
6
1233
59315
2115
2243
905
2791
3160
1945
1641
1263
3471
898
3317
1204
497
4027
3948
30793
2289
1246
1674
671
1077
3147
2712
6711
1288
8874
2739
3083
1387
2186
922
950
50872
5669
2501
909
6565
33794
1293
8961
3095
2890
78499
1299
4308
3868
3307
5064
2359
3101
911
21
1084
57669
5010
106920
1215
1952
3499
1343
377
5816
994
7022
141
5618
3198
8641
1292
1028
928
68157
3983
1272
7502
6787
4235
2971
25
2947
1358
6539
4007
3000
2968
1090
3435
3683
2268
40815
3952
1955
3448
1957
109487
1374
916
81845
1287
508
380
6874
648
68358
1466
1834
56367
1280
44199
39
106782
628
5956
161
306
3210
3421
76093
3504
1262
1231
4896
1625
3735
1209
1217
33493
914
5902
39183
2081
38061
3363
951
3104
1254
29
3468
2917
162
1959
11
51540
3362
27773
348
741
954
3246
946
1260
8636
1962
529
86882
1960
2108
39292
4878
1095
69844
1096
33166
1729
475
1269
2023
454
4014
1284
68237
515
8368
1912
69481
1147
1994
1916
1927
1411
5991
3635
54286
535
838
54503
2318
2871
1302
3039
6796
54372
2291
2137
92259
194
1394
2125
7132
1218
2357
90428
2303
3916
3088
222
1264
8665
5971
4623
265
1333
6732
89745
2076
2231
1201
3072
357
7320
1192
89492
73017
223
549
6350
5446
2167
440
1227
6863
1296
500
51255
471
4899
3451
3175
3035
1178
3359
115569
54997
2232
955
5903
2366
353
724
1251
3030
4188
3671
2529
54881
2686
2944
1356
8981
4903
1500
112852
64034
52973
73290
3811
1719
31658
5114
1185
8542
307
26587
3358
4361
53996
2795
2202
5418
3196
5876
4085
81932
2352
942
70286
3114
1393
3256
735
1476
3548
2020
3060
2948
60069
4873
1859
1171
40819
116797
81229
2690
1784
26131
902
116897
1584
1939
110102
2863
88125
73344
82
4033
1278
49530
7143
927
6502
6378
314
109374
3536
2321
2248
37729
26729
1948
3507
2355
1963
6269
7147
7137
7451
2132
67997
3328
4489
5477
105504
5893
3915
4056
4054
3361
4467
2395
86781
501
1186
3201
3320
2096
1321
1041
5071
4731
4302
56152
1449
8880
7091
368
6331
88744
2612
319
1283
3022
8638
2648
1950
3037
55069
26662
27022
56782
3994
80463
111759
4427
933
2924
2916
945
262
121231
538
3310
91653
5152
431
1189
1464
915
115617
30749
2761
1127
800
1266
2925
48394
3038
943
1103
2391
45950
1301
176
2951
93510
4017
1248
3007
599
2313
8371
2935
2490
3505
149
3360
412
6669
1023
60756
1357
56251
4037
35836
3019
5500
4019
5445
930
4327
4103
49272
1954
373
1946
1224
5522
2331
102445
534
3300
85774
6235
6807
96821
80489
2946
1396
3477
3966
215
1220
2353
26524
3068
6380
27846
5291
3252
235
123
1131
4322
2846
85
91658
3129
72011
44555
1086
106438
524
89904
52
3365
8798
134130
3152
6870
175
2664
4299
3565
56145
8228
940
3033
6932
3071
2474
98491
290
77455
1845
104374
4304
3729
54259
8908
1285
280
6979
106471
88810
2406
2067
3100
7116
3424
3469
87222
2463
2208
3429
2160
3543
78574
70293
543
1934
2144
112138
4443
6001
2278
4252
7932
91673
26599
9018
1179
803
134393
2068
3396
1537
8938
4799
1860
65642
3672
3508
3213
134368
3168
1958
55276
1964
54001
1238
3920
973
8622
7034
51080
65216
4914
5915
1242
8933
4945
4466
2467
106489
36708
3681
1261
42718
4816
26152
28
1635
1066
6867
477
233
3510
7669
107910
5992
5008
6375
4210
3414
96079
3178
6975
6187
5630
91077
2819
2524
428
2920
68073
6104
3476
2936
4262
106100
111622
44195
8264
7075
1237
4979
4333
3791
63131
132333
2993
3814
5014
62434
6993
921
556
6440
1794
2694
3111
3070
3527
72641
101
1680
1275
7767
68135
68159
3633
596
390
97
68954
553
4846
80906
47518
3044
6662
6273
5812
1305
5319
308
146656
4787
3654
100556
40732
1616
2929
2788
4263
4271
345
104913
1918
3470
4765
8807
2083
8958
6244
8910
140174
968
62511
5490
1352
2729
2687
3364
8784
2344
105197
938
1277
7013
2563
48322
69
1689
2644
1361
26776
2657
97938
94677
6271
80
4179
77658
2203
4086
492
6188
1253
86377
900
4002
4465
1734
1376
3261
224
117529
3265
1286
7235
96588
88129
7285
71033
4796
4076
1563
4591
4518
1450
4930
565
5427
1819
27831
8914
8132
97921
1300
74458
1883
27660
2267
71462
907
3788
53123
90531
44788
441
58803
3967
2991
2434
88163
42004
3742
7256
7090
1956
55274
3167
62849
4679
62
31878
5049
4678
1754
4450
7099
10
850
2949
3551
6643
7649
1611
6452
1921
3274
30816
3741
3739
2245
2908
41566
4642
299
65261
2336
3524
4128
81591
8199
3266
32525
4326
7247
6327
7156
73321
2138
112623
1982
97304
3844
4016
3089
4406
69757
7826
1907
3010
4422
6783
917
3871
26326
2984
54281
107406
6708
971
4144
