user_recommendation
318
50
296
858
527
4993
2571
356
608
2858
260
2959
593
1197
7153
1221
1198
1196
47
5952
1270
4973
58559
110
1208
457
3578
912
4226
2918
2762
1213
1136
1968
1
1704
44191
1210
223
778
3897
293
48780
589
2502
1207
1240
32
588
1230
5618
904
480
150
36
541
116797
1291
750
2692
5989
111
48516
1090
6016
6539
25
1682
2997
2329
497
1252
4995
364
1036
1035
1244
595
1222
4011
1961
1947
1206
1203
6711
8961
2716
903
7361
4878
2712
1259
1258
79132
3996
11
6874
109487
1220
2318
46578
1193
68157
4963
62
1500
2396
106782
55820
1250
953
33166
919
2542
1617
1225
913
6502
6
8784
1234
908
16
33794
1199
59315
7502
475
59784
2580
56367
1173
7147
115713
64839
2231
49530
2115
1201
1247
32587
1060
246
1304
671
2167
81591
50872
3262
3181
5971
474
8665
1393
2804
91500
1271
48394
98491
3476
4886
54997
515
2194
1293
89745
8874
1356
2797
74458
1278
741
1394
1732
36529
96821
30749
5669
5103
3317
49272
2671
54259
44195
54286
2501
1625
2291
4239
2028
6870
1246
1276
68358
51662
265
1263
65261
1610
2334
86
6350
31658
2791
57669
3706
926
5060
59369
161
76093
899
17
30707
112552
950
1095
3671
1719
745
5630
1262
3462
165
134853
3421
56782
7438
3114
112852
41566
70286
1219
1228
4308
3000
337
6979
1680
1380
5791
2324
86882
1953
2076
555
1357
3481
26662
3362
1094
2109
69757
2976
969
2278
104841
1200
39292
58998
910
78499
162
93721
3471
85774
7099
106920
115617
2144
5418
3033
5349
5995
37857
104913
1233
58
52281
357
106489
534
1080
1466
2300
40819
40815
800
1148
4306
1287
2268
4406
1584
58803
3545
1212
3868
4014
81834
4027
3543
349
1307
8622
79702
5010
1411
3703
1939
60069
3081
6377
88125
99114
1204
7143
34405
1217
368
81564
2761
84152
1218
380
1227
5991
2064
38499
96079
82459
1952
4085
300
7139
1077
2160
151
142488
524
2132
69122
1243
54503
922
3793
3510
50068
733
6620
1281
1674
4427
44761
2020
122882
1673
97304
73017
2328
3307
1266
551
2019
3252
2890
235
91529
2289
2687
3219
115569
110102
994
1231
3501
4369
26614
377
63082
3683
7022
838
1059
529
134130
39
96610
98809
44665
175
88810
923
3916
88129
68237
2763
4223
2871
2279
64957
5903
1211
914
106100
280
27773
80489
2916
2908
3039
52
148626
7156
91542
85342
1299
3275
81932
46723
3761
3147
2395
39183
3798
3863
2359
3788
67255
81229
262
119145
8533
1260
1089
7137
3210
1286
2387
2690
1285
45
2336
146656
8154
2353
628
2105
88140
3006
3160
109374
1256
3088
7802
2005
920
2459
538
5294
431
281
95858
87232
1284
4333
6787
1272
28
53956
26151
93838
3735
2297
94466
2677
1954
3358
2924
6188
99813
51540
1537
1784
5299
1663
69844
1012
1997
45447
80549
543
2071
65514
7445
3203
6796
2078
31433
3255
215
1050
60684
954
51255
198
4102
66934
3095
104374
2313
29
37729
2795
5812
64620
1957
95311
4002
1589
955
1283
41571
64614
101
4467
3077
3741
3363
1641
4616
122900
1960
1967
114552
6385
8132
6565
893
26776
2302
4623
3639
2721
2409
6218
97
46976
5782
85414
3435
108932
441
2788
898
3994
2029
131724
80463
3451
968
95088
661
1408
1387
2133
2664
55721
51935
288
56145
4327
4128
930
47518
3134
8950
4641
3022
46322
1945
8530
247
89
55442
1257
2335
134170
1907
3468
2734
2202
1079
52952
2315
45722
57528
4041
581
37741
56757
535
33493
97938
1192
508
81845
7386
1274
6323
735
7844
122892
55052
2599
96737
4262
4450
5225
5876
91658
2386
2114
307
5064
98124
7669
3489
915
306
2707
8908
68848
89804
266
4007
54995
61323
2841
5218
7064
2912
5014
112183
2186
6753
3686
3174
69
122886
112175
5460
553
232
1966
4642
6101
76251
4166
1224
2134
3952
71156
91630
1178
1449
72641
4696
3070
106766
2572
481
4235
2338
1464
92259
648
1964
111759
272
4846
3020
14
1805
8633
5152
3420
4006
1649
1189
31696
5108
56171
1073
4881
6618
107406
2948
52767
26712
50658
7566
50740
50742
8958
3260
4519
1333
1254
3196
837
93510
3365
7116
3739
6273
5114
7013
5291
115122
194
1267
2857
7027
2563
6440
1734
1616
49957
1912
56152
2968
2780
7285
3044
353
4304
2496
3098
3548
1729
471
2232
8493
27660
5159
3135
55290
61132
4133
876
4567
4566
26152
2880
4565
4442
4717
4941
2041
97921
6773
3032
87192
37830
1635
85
93320
50641
93855
5244
108583
79357
3272
3386
87222
6669
1120
102993
8340
1209
3627
105504
65130
1678
2108
41997
319
112556
965
1305
66097
2000
3911
4017
1088
49651
3724
3198
2273
55276
3598
5690
946
109578
97306
3175
64034
934
662
3168
66665
3989
3702
549
1611
47099
2490
58347
71899
2528
2357
6380
3034
1358
3783
1845
27831
3470
1345
4019
4584
55451
4553
1688
139385
7096
3963
1215
8228
178
98126
8933
78903
6954
104283
103444
5475
7212
1251
4010
2774
111781
2138
101525
1162
61024
905
6378
3742
79091
102445
3079
902
216
6591
6944
1103
3624
98122
3310
1185
4789
6725
26258
69481
2067
599
1350
71135
2137
4802
60293
3062
64285
1179
48738
257
51471
31116
2947
452
59387
77658
38038
7481
3213
5810
6770
224
180
41285
106916
1248
1693
4448
4299
72226
140
18
1361
3551
2208
8337
1175
1948
10
2148
84944
2949
2718
322
60756
2288
8191
1027
3359
63859
56587
52604
2303
2736
3016
7160
3018
31435
2248
195
2607
4722
123
587
53129
3743
5970
3152
8981
2026
1598
3980
1661
3083
26524
8938
52973
2391
1057
5747
4821
53000
3424
4459
2151
3469
82608
27826
140745
140743
84414
7260
140741
6369
4724
98933
140739
5264
3575
27700
142068
147037
127728
59549
5229
2545
140763
6342
140761
140759
26791
26843
141124
70762
142240
130522
6033
54251
140755
107083
140751
6769
