user_recommendation
318
296
527
260
858
593
356
1196
608
2959
589
1198
50
1221
2571
1270
4993
1193
912
1210
2858
1704
47
7153
110
111
1197
5952
541
293
778
2762
4226
2918
1089
904
1213
908
3578
750
457
1036
2028
1240
1208
1259
1247
924
899
364
1136
595
1258
2997
1214
590
36
1
150
17
2329
903
1073
5989
923
1252
926
919
1200
1035
1968
1617
1961
953
745
79132
6016
1225
3897
2324
1291
1207
4973
1228
913
7361
32
1206
1219
1610
1204
1097
969
46578
2797
1682
4963
480
497
1148
3114
1060
55820
1307
588
5995
2019
48516
1199
4878
1222
3481
898
56367
2542
920
1304
2716
551
4308
2396
1230
2692
1220
1203
3462
1288
1235
1625
1732
6
56782
910
246
1172
2804
4995
2599
1387
1250
1265
68157
265
2712
4306
3147
44191
1299
6711
7438
1287
2064
1212
2076
2791
4011
1256
337
1084
377
2300
1584
555
58559
3362
1356
32587
30707
175
1278
4027
5225
29
194
1263
1358
2144
1223
1293
3996
1276
2502
1952
6874
1673
8874
1215
471
8961
349
671
16
922
25
2268
2580
2359
1500
1784
2395
39
720
5669
4007
106782
2291
1953
955
1269
78499
1947
1096
3868
3468
1183
1028
2289
1267
1957
21
3418
6539
2132
64839
994
3424
3730
1264
2303
4979
1262
1945
3160
307
1217
1246
2186
1674
1254
475
3504
3039
1361
74458
3006
3471
1224
8368
3088
1393
1104
92259
515
106920
3176
8949
116797
916
1272
1333
7022
2971
1080
3435
4085
509
1285
27773
2243
1244
2248
7147
2194
5418
1103
1527
1466
1305
57669
1077
581
4235
2739
8981
306
109487
3307
109374
33166
1079
2278
3072
1090
3499
1997
5902
2005
7075
314
33493
28
2761
70286
954
104374
1023
1960
928
68954
62
1095
5064
1120
1719
48780
1249
81591
1175
7502
4034
63082
2081
3788
1282
474
1411
909
272
733
3916
35836
1729
1948
950
1946
5991
2908
2871
3108
945
1959
2917
2137
971
116
1248
163
1537
1179
232
7669
7132
4014
911
5956
866
2010
85
930
968
3671
1233
5500
1292
280
1374
1234
80463
6377
1086
223
59315
34405
281
2644
33794
34162
54286
1242
1253
4002
121231
594
44665
2648
3683
5618
3168
3034
2115
1296
1939
3359
2726
2863
3469
1950
4262
50872
1041
2690
3019
134130
55247
6662
946
7386
1923
5679
1185
48394
5010
162
2125
72226
3724
914
3101
5782
1284
4037
41566
1127
759
3386
7116
838
8970
1266
3246
1147
1955
69122
1251
3421
8958
1231
441
6870
115617
8636
6796
3167
3035
1884
115713
1178
6942
3310
3741
3702
3152
4103
2078
81229
8228
1343
1927
1280
30749
7767
1066
7087
88125
3037
81932
3879
3361
44199
87232
3095
40819
1273
8542
900
2160
3252
1281
4422
6440
905
1029
40629
3703
1357
6807
1211
85414
4361
4105
3275
1956
3684
4450
2973
112183
32898
2203
96728
2087
2728
2946
3429
110102
86882
2067
6979
2944
3022
902
5060
2357
3552
2434
2664
3260
55269
88129
2686
942
1189
39183
44555
2231
2745
508
40815
64034
52975
51255
54259
79702
1734
3060
7419
76093
40
6787
2925
3111
3104
308
36529
2096
927
3203
2020
3363
51662
8132
5008
3038
431
1094
44195
49530
7013
6791
3007
2318
7091
97
3201
52767
3551
3814
4432
1635
440
7099
1192
741
1046
2398
73290
55276
5444
1754
68358
1964
33171
3865
3545
80
112852
45
3983
933
4776
5103
6502
1260
3317
235
5238
105504
86320
69844
26729
72641
4033
261
345
68237
538
6724
800
34338
64716
7802
5341
3507
3067
6104
66665
2366
1994
81834
6552
52973
534
6273
8950
1237
31658
7836
7285
106916
2467
7256
247
80489
84844
4117
921
2929
6783
363
2920
4809
2313
1025
4489
91658
3365
8933
1283
6732
7320
2987
2285
2936
64957
3089
61240
4179
5816
108981
102684
108727
4848
2890
5385
7566
2474
81847
5876
4658
951
1057
74089
58649
55063
53887
86487
26797
26501
8264
8261
8123
5475
96075
4428
101850
4410
104119
163949
114464
112577
150856
5017
5971
1188
111921
3801
97304
48738
2283
1611
6021
30816
97938
1962
8798
7826
42418
940
3872
222
2459
5630
3100
97957
5013
1257
94959
55052
70293
3216
92494
40412
2105
907
6565
3000
3270
2731
4223
3809
11
56152
1049
42004
6003
140174
89904
32525
4816
4661
373
938
48696
2068
106100
7943
38061
2732
1916
3077
54997
5992
3510
1680
303
115569
766
1238
74727
6101
112290
8665
134853
1209
89864
233
101525
26974
1449
1958
529
4754
7451
2145
6786
3253
3546
5791
147
3198
2575
38499
68838
4969
3068
4029
1218
4188
1921
5349
6001
45728
51540
1124
3735
6378
59784
7649
3272
81845
4612
8650
122892
1243
78039
56805
1042
58303
3142
2985
4799
7698
5028
52435
4846
1834
3989
89804
27790
3467
54001
63876
6187
7380
8880
2245
3783
4277
64614
3871
7090
2321
6184
56339
18
6852
1408
8641
5114
47728
7208
25852
8121
2927
1298
6530
901
1963
3475
3952
4263
2612
8784
3966
6669
2935
4019
54328
67255
1965
3134
6214
7265
37733
3873
1345
97923
101
599
448
8528
2952
4641
1261
59418
49280
26422
1641
86
128360
1944
90061
4755
89745
7235
7564
7574
52617
26578
26150
872
4271
2651
2654
4965
8239
628
127152
4349
2208
139385
300
55118
1982
27329
91542
91077
2976
4537
1419
380
4903
50658
26712
69481
1340
39414
6777
1303
6333
936
2066
2501
5014
2150
850
171
6380
3186
4801
1191
3071
3200
2333
6385
7215
106696
477
3178
3196
27022
5055
7162
68554
213
41285
1931
82459
88810
8199
99145
8125
5074
937
3256
556
112515
2961
3831
26326
2670
8042
2117
5772
105197
1286
1394
3396
1019
446
906
3967
7139
40583
1201
6639
2795
1078
4211
96079
6708
1954
64620
3747
5505
1241
2938
47518
309
60756
2846
31410
3606
3686
2490
1938
106438
98154
50851
8188
1721
