user_recommendation
318
296
527
260
858
593
1196
50
356
608
2571
1198
589
1210
1221
2858
110
2959
4226
457
1193
4993
1197
912
1270
1704
7153
1291
111
47
541
1259
1213
5952
150
1617
1225
2762
2028
293
2918
4973
778
1089
1136
750
1240
1
904
3578
1073
908
1203
2997
1208
3897
2324
1079
1288
903
1247
1200
590
1219
913
58559
337
953
919
899
2329
1214
1036
923
1207
32
79132
1212
2804
2797
920
6016
1304
926
898
1307
349
2599
1265
3481
1035
924
1610
595
2542
1252
969
246
1732
2396
1060
48516
4306
745
1228
2692
7361
4034
1961
2064
1204
36
4963
1028
4878
17
6539
5618
1246
497
3462
3147
2716
3996
1172
1230
56367
1356
588
1387
46578
6
2115
1968
1090
5989
1358
1097
910
1250
5225
922
4027
59315
2268
1957
1682
2019
1222
6711
1148
1258
68157
471
1947
32587
2289
55820
2194
4979
1263
5995
4011
733
1267
364
1287
994
265
8961
1206
5669
1199
1096
44191
1960
16
508
1234
1299
1673
78499
1276
11
194
1293
1674
3006
1217
1269
3256
3421
1264
232
2132
54286
3671
48780
3088
2300
2186
2501
1233
1080
905
1357
4995
4235
5418
1953
5010
480
116797
1086
2917
2761
1952
25
551
1254
1220
2395
3039
1393
2243
2580
3435
2791
33166
1333
74458
3868
2291
1945
6377
3730
162
955
1223
3114
2137
230
5902
39
1256
8636
2890
30707
1584
1023
33794
56782
2502
3468
3471
515
3104
3504
2078
2690
911
2020
1278
4886
954
1103
40815
1224
50872
671
2467
942
7502
1242
49530
57669
5956
2248
1249
474
4007
8622
2303
44199
4085
6942
31658
3362
3916
2081
6874
1466
92259
3307
272
2871
3683
106782
1201
1077
1923
3952
223
1179
1175
1084
2529
475
134853
3703
1215
86882
720
1025
8665
1834
21
80463
529
2010
3510
5991
3983
916
3000
357
4103
44665
1185
104374
8784
1231
3363
940
5013
555
805
1029
4262
2144
2005
63082
8981
2908
1927
3007
2739
6440
3089
535
106920
1192
759
3035
1262
1147
1178
30749
1374
1994
3160
33493
1688
222
377
931
362
1946
1280
3548
3152
89904
7147
1884
69122
950
81845
6552
1094
3469
68237
1734
3499
1729
1104
5971
938
3545
1950
8132
2745
51255
628
1955
2318
3071
88125
76093
1235
6502
1251
6979
1376
42418
968
1625
1959
2391
3252
56152
3317
1127
1300
2694
3448
3783
69844
1095
3948
3072
6796
1680
91104
2846
3081
2359
109487
1537
850
4037
3168
4086
3359
8368
2863
1939
1408
109374
235
3429
3067
5679
1189
1244
81834
1260
3418
40629
72641
4489
73290
2231
64839
81847
306
3108
115617
1248
5444
7132
1266
906
29
928
87232
3361
1411
1245
1283
307
68954
1641
3095
81591
85414
2490
594
3201
115713
1845
7669
1281
2357
49272
2929
90061
4755
262
4246
1958
3246
175
524
281
6807
6269
50068
8528
110102
7256
538
1948
40819
2125
121231
1394
2726
111921
300
951
3037
3360
5349
96079
27773
59784
8970
1361
3060
1013
4299
1748
1449
1964
1021
54001
581
44555
971
3310
6003
4903
154
81229
6787
54259
909
2355
2278
84152
2971
1124
2068
1527
2728
1305
64034
2273
26729
3022
930
900
101
73017
80
5876
88129
28
2938
3735
3100
3342
1211
3424
97938
648
7116
5630
741
1237
7451
7767
7075
446
233
6863
112852
946
8542
2067
8874
2208
7438
1032
62
2648
5060
927
2987
902
1954
86377
261
2925
2087
2612
7099
1099
81932
6101
6773
6378
2985
4422
431
7091
57368
3198
39183
1913
1081
1257
6350
8228
3527
2644
8950
3111
105504
106100
314
93510
4016
3019
34405
6565
6104
1956
94959
3702
106438
69
3167
6331
122892
1719
33615
3741
8933
1238
348
7090
36529
1272
5500
1273
134130
7013
146
48394
7143
2420
1285
7649
945
2731
1271
933
1022
4450
64716
5475
2944
5782
363
3814
7386
6620
97304
2952
6662
31410
1944
116
2553
6612
6993
1209
2202
79702
5816
2474
800
3101
3365
70286
102445
92535
2520
52975
54272
22
1396
5028
4432
142488
914
55250
72226
68358
2946
1296
7254
3355
3476
3203
1275
91658
112183
1643
32898
3653
52767
1963
60756
68073
52435
125
1202
3507
122900
1302
1227
1500
6273
1056
106441
107559
55247
1120
178
3505
55276
6724
61240
5668
45950
2920
2333
37729
3200
787
96728
2423
4225
4688
8239
96821
69481
3546
2366
7285
3801
663
596
3467
3176
4014
290
95167
534
48082
5791
6188
2687
2463
2141
5812
632
1754
3044
53
104069
373
48738
3150
1916
106696
2138
5008
268
1663
41285
2118
7419
4427
80489
26776
26578
7564
52617
26150
872
4271
7574
4002
148626
2102
3134
3967
73344
8207
86320
4658
66665
3036
3879
89804
65188
34162
866
6870
161
4019
2973
3038
2203
347
8341
917
6669
6385
1059
1611
6783
1284
3083
54997
2310
4211
5238
55069
616
4537
4304
477
3581
55052
52281
35836
4661
4888
4816
146656
1082
3871
64620
2245
3823
8958
3551
4327
44195
2106
68838
3966
1784
7371
6708
5341
60069
6187
4273
3263
3724
2779
3328
39414
668
5064
2919
2285
32525
5114
45728
7566
112290
280
1078
7836
3451
5992
1934
53519
91542
3068
502
3077
353
4410
6021
26797
96075
74089
4428
55063
8123
26501
53887
7087
86487
8264
8261
58649
163949
112577
114464
104119
101850
150856
5017
3412
47518
7943
5385
2978
2288
6380
106489
1131
8949
3811
2070
3747
4117
91077
2951
3869
38038
7827
1354
3742
3034
4958
7293
3543
4277
54503
81564
1049
3538
115569
55118
2936
3112
6786
3396
3910
8199
4105
3062
106471
55269
4799
3706
26662
1962
2283
3872
4722
26524
4660
5670
56339
117176
3556
7137
3524
2284
2730
7263
4969
53996
70293
63853
2432
4179
7802
2312
13
6235
1012
3260
96488
5291
213
64957
1066
6001
97921
3330
1292
2732
6791
7380
2069
3334
49286
599
3788
