user_recommendation
318
296
527
858
260
1196
356
593
608
2571
2858
1221
50
2959
1198
110
589
1270
912
1210
2762
7153
4993
1704
457
1136
47
750
1197
4973
969
3578
2028
1193
150
1291
908
1225
32
1240
541
1213
5952
48516
1089
1
2918
4226
778
899
904
6016
364
923
79132
4963
111
7361
1204
1259
1036
953
919
1247
913
1617
58559
293
3897
1219
745
1203
1230
6
1265
2329
910
595
1214
3114
1682
2324
2692
36
898
1625
1732
1148
4995
3462
926
588
1207
903
2997
1200
4306
1208
6539
1228
3147
1252
1961
4034
1258
922
2396
1097
2797
497
1610
5225
1028
1199
46578
1206
4308
1945
349
2599
2542
1172
733
2804
3481
1073
5989
1968
1288
3176
78499
1267
1035
8961
1304
1952
1287
5418
1250
1212
2132
1307
1084
1293
2501
2064
1080
32587
2115
68157
480
6874
3996
3435
1947
44191
920
1217
194
475
1233
2300
337
49530
590
3386
3362
1262
5669
2019
2186
4011
1358
4886
54286
994
5995
1224
357
1584
1060
1957
671
1079
55820
33166
59315
30749
1254
56367
1393
1220
74458
471
2739
8665
16
11
2289
1674
529
1251
62
3916
2231
1269
81845
6377
5902
1256
30707
474
235
380
3160
1104
223
2359
3252
1278
56782
1222
1939
928
48780
50872
2712
4235
924
68954
4848
1411
3006
1096
116797
33794
2971
4979
41566
2076
1077
3468
300
1466
1246
3307
1748
2194
1950
1953
1248
306
3671
1276
2580
1948
76093
161
2268
3730
5991
1264
1223
88810
29
1283
954
8981
2917
17
70286
2690
2881
3424
2068
1244
2303
72641
6711
720
3471
2202
1103
2078
4014
106920
25
3246
51255
2726
909
3469
162
2791
955
5956
40629
7090
3363
232
57669
628
353
4878
1023
1094
3310
44665
1719
2351
3418
3504
3104
3868
3949
2010
1361
106696
3545
1944
53123
1693
3101
1356
950
1272
64839
1954
454
272
6807
5329
2243
3683
2731
106489
1049
68237
1927
2278
44195
8958
3983
44199
1237
1357
1955
1754
109374
3594
1266
8970
3256
1641
3270
8874
3007
92259
2087
2929
905
5444
2908
175
1923
1280
88125
7263
3361
1090
246
1231
8784
6787
4085
1242
81932
555
8228
60397
1994
2648
838
1884
3510
2871
535
2357
28
1305
6918
581
32289
79824
68269
41573
80839
48791
63082
86
1729
3735
3952
1374
2687
1673
2716
3034
81847
2391
515
6936
3910
3083
54503
3039
35836
3201
1946
61323
1263
307
914
916
85414
2502
3067
106782
3911
3134
5992
2067
7371
2355
72226
49272
377
1201
1147
3814
1179
2287
1292
1376
33493
4450
1387
5971
3421
3035
1285
97
8528
26242
2863
261
3068
1124
4225
2081
1959
534
81591
968
971
5064
2467
112183
3167
308
81834
1333
5387
8957
2973
5903
3359
4489
80
27773
3168
3417
3724
2203
1299
2761
7147
5415
7132
668
1343
88129
6001
3111
122882
3060
3088
5017
4422
7099
3980
4037
1273
911
4047
55247
1354
40819
3788
3546
428
5013
39183
951
2947
1784
2788
7136
927
6378
6942
37741
2430
3038
2020
1284
1192
5630
1260
921
759
5791
80463
6385
7116
4914
1958
69481
3429
281
3072
76251
2248
2125
6565
3275
3196
2976
3703
68838
2925
8132
1175
431
66665
7767
1296
3033
6662
26729
1029
6003
2059
4033
5312
538
509
48738
5103
2176
4117
1281
2612
5876
2403
7669
2490
7360
1189
3022
1941
3089
2142
144976
7502
5010
5238
3037
7091
2664
2763
3548
3062
930
32898
3100
94959
2732
85
105504
142488
55276
3989
140267
4658
110102
2434
1211
6893
2105
1960
2644
42004
1302
1041
1396
4661
280
5400
7285
6987
8955
1860
3686
946
3000
3507
6796
54997
373
73017
648
89804
900
86882
2018
59784
8542
2728
64957
2395
8873
2946
8042
5341
6188
3251
942
3844
832
1680
3198
2117
7451
8010
2686
68848
34405
1963
69844
97938
4380
1834
7022
8368
6724
4103
1303
1663
5028
3364
3967
1178
115713
8239
647
82169
70293
52617
7564
7574
872
4271
26150
26578
2273
741
3152
7419
109487
40815
2066
4776
7075
2137
2670
6777
3505
2291
3200
6530
945
2288
106100
4967
1619
4369
441
7293
3809
68135
4007
2245
1209
4263
805
2
4021
1046
2920
4881
4187
4846
128360
45728
3527
5414
31658
3948
7836
4432
866
79091
1964
34338
69122
348
2454
4903
4410
5673
125
5812
7164
1234
51540
2285
492
2144
7
4428
8261
8264
58649
74089
86487
101850
55063
5475
53887
26501
7087
8123
96075
26797
163949
104119
150856
112577
114464
2318
5254
26587
2283
6852
4809
556
933
6979
7698
122900
1183
1611
931
5008
1688
1078
96488
26326
907
7123
918
7386
6021
5618
27803
233
106916
3499
26524
6783
32598
6552
7256
3872
3684
2890
6643
2961
50068
3317
3791
5608
55269
68554
1916
8949
3249
88140
3451
3328
5385
112552
3498
4969
40583
1810
4019
2208
4720
1340
6773
116
84152
63876
55052
87232
41
3467
47099
7438
4262
2108
4642
4427
6863
3019
2694
215
97304
5679
4537
3741
77455
6786
95167
25769
58347
265
3701
7235
3702
4641
104374
115569
1120
8645
30816
2944
86320
7771
73290
1419
36529
81564
8622
89759
8933
52952
4190
3414
1232
764
96079
101
8950
2160
3203
4277
5878
80489
7139
7215
1218
508
6708
3108
1921
345
7802
1934
216
4465
1620
915
4361
1300
893
1500
6218
104
1215
6187
91542
91104
59018
1095
2131
670
6881
134853
56339
3869
3955
4789
6725
6993
3543
594
81562
1722
7587
7981
59126
1449
1537
54001
1127
1056
3536
7089
2936
1086
2935
7088
96728
938
62849
4616
38038
8638
599
26258
8636
104913
7566
52767
6732
2398
3095
2553
7943
48696
973
1962
106438
148626
6380
38499
1907
2353
2150
122892
26422
59418
49280
1965
2841
2058
2313
213
7143
2423
6331
68347
3105
52973
7375
4188
7072
2983
4181
7700
1245
575
7137
4821
6104
5446
3654
