user_recommendation
318
296
527
608
356
858
1196
1221
2858
593
589
2571
2959
4973
260
50
1198
4993
912
457
1732
2762
1206
7153
1258
47
1193
111
1270
4226
1617
778
1089
1214
293
953
36
1230
3578
2918
1200
110
1213
1252
1210
1036
908
3147
969
2329
595
904
1225
1240
79132
1704
1136
5952
1228
48516
1197
1
3897
541
1222
1304
1265
1204
2028
6539
903
1259
2692
1291
1148
32
750
4011
913
44191
6016
2324
1219
480
1278
25
4995
1244
1952
1356
1968
745
223
920
3039
364
2502
2542
2076
2997
58559
5989
5669
720
235
2144
32587
1199
1266
1077
1247
1207
1641
7361
1028
922
2712
306
3362
1299
1610
1500
2359
1361
4308
1073
307
923
3481
4963
2288
2973
555
4306
1411
2804
116
2081
6711
926
1682
2467
246
581
5418
68157
3363
1673
529
1464
1912
4979
3386
30749
8961
2064
74458
1094
2132
515
116797
497
1292
2664
3504
2019
1208
474
1246
3418
1179
3083
337
1035
955
968
101
1234
1282
3683
3101
3724
924
1954
2318
866
3160
46578
150
7147
56782
162
1084
2459
33166
594
2313
1625
3152
319
1387
300
1293
380
1235
3361
1233
1466
2648
1220
1212
1305
3499
8874
919
899
551
1959
3175
2115
49530
2599
5995
6377
910
1947
17
16
21
1175
1358
1994
800
348
1267
1285
134130
3730
2395
92259
59315
3167
28
4641
3068
8970
2333
1953
2971
247
3108
2791
1120
1097
893
5225
2130
1302
1263
1242
1348
58
2594
1012
194
1096
2203
1393
8665
628
81591
3359
233
1060
29
3018
2232
2018
3471
2005
766
4235
30
2020
1271
64839
1029
1345
471
48780
1256
3200
1680
3679
1086
3435
1288
475
8784
2682
3671
921
3307
2912
70286
161
2976
538
1250
1287
3424
2759
230
1125
1921
85
56367
106782
1192
3468
4489
2245
1590
2442
3067
4021
1223
1945
3546
2268
1956
3469
898
149
2690
1224
3476
4034
2108
1674
1201
4881
2919
1269
1079
308
1172
2361
5618
492
3272
1249
1272
125
2612
728
1678
39414
1248
3213
61323
1748
1307
1997
2321
3102
1281
556
3728
3112
2138
2725
521
229
63082
280
2349
3135
1884
1343
3524
3198
109374
1961
213
523
2194
3725
3814
3738
3527
86882
3462
1663
2300
41566
1217
1354
1080
1187
2093
3153
1191
2096
3788
2901
239
4878
363
1483
2289
39
2917
104374
2696
2721
2890
2279
2693
2495
1374
1333
2988
4009
7502
1615
349
81845
1701
3036
2560
2455
1262
1875
3194
1754
1584
1982
1991
76251
994
2137
1254
1177
3244
373
1958
44199
2795
534
2165
1554
2271
1183
232
38038
1480
69122
2463
6385
3016
1904
3833
3734
2797
2384
1031
2327
2553
2131
3804
621
2024
3490
240
3757
3391
241
3837
1326
1312
2177
341
49
2465
2267
1543
1655
3024
2945
3281
1531
1771
184
3021
183
2982
3851
3840
1463
3063
106920
3547
2483
2613
2668
88125
3088
1103
567
3034
1128
422
88129
3911
3980
1279
1130
2545
92
33171
7022
31658
8622
80463
907
1649
39292
2580
3813
8645
384
2419
3770
988
2550
1236
428
2551
1392
326
3908
55820
312
3576
2248
2348
514
248
30707
2716
2752
2475
88140
1237
2966
3529
1516
4085
3672
1034
3967
1635
1513
2987
1341
69481
3557
366
8798
2468
8228
79702
2391
3420
6378
2111
2600
3457
1218
1419
928
3760
2871
3252
4450
3807
97
34
2166
2606
6502
3125
6787
3342
35836
4033
1939
671
2739
426
1357
60069
838
1719
1090
40819
733
741
6796
532
1960
1693
2908
4901
500
2517
2755
3115
8958
3916
2983
4181
1611
1948
2118
2524
7212
3703
2985
3809
103
2788
1211
954
1189
74727
2644
7235
2315
1057
3791
26587
5646
3844
1629
188
122900
5391
109487
539
261
271
3735
3258
1135
550
423
278
2726
2863
1955
1983
6296
3060
272
3134
206
117176
47610
64285
121231
905
2926
416
2278
2367
1203
51471
31116
588
2662
2080
215
78499
1284
7123
6942
3006
3044
54286
879
1209
1332
3989
2085
7139
2109
1022
85414
1264
57669
142488
55269
832
8950
40815
3566
2140
3052
3358
151
52952
2087
3448
849
156
2107
2357
3917
80
8873
2728
88744
281
106489
111921
2231
37733
2303
3545
3507
4552
3260
8376
748
1261
2337
5679
5017
6530
4105
48738
2403
3712
96821
68954
8981
1161
264
2938
3552
3186
5103
290
1276
5060
5500
51255
4380
3037
6987
1950
3062
1162
1032
3114
900
37741
5238
2160
3000
3406
2290
115713
1227
2058
1260
329
2365
81932
2070
3265
2066
1527
951
3274
4437
96488
1885
7386
3256
3072
31410
26084
3396
64614
58047
309
6299
1396
535
5380
1405
347
2291
1946
1023
2750
6350
3741
3317
2700
96588
91658
2440
3508
63876
678
661
6870
60040
27317
707
4117
2857
1129
30816
112183
8191
3355
1274
7802
1347
1784
111759
6184
2501
140110
34338
1965
2398
3210
48385
1296
1321
97957
7096
1280
7669
54259
76093
3685
933
7698
47518
3246
2396
67255
92494
40412
3216
4754
46723
26326
5876
4128
3608
89759
2867
104913
2336
2067
5991
477
446
3612
77800
1827
97938
2757
1104
106100
2125
5505
45
166
2925
4903
759
98491
6774
3007
27773
2535
89904
2654
2779
32898
4361
3684
50068
41527
7459
2352
8638
495
4014
2243
7116
7215
7371
1127
27803
105504
3983
5105
1082
2346
3095
5341
2872
26524
4239
2929
1081
8132
3397
4642
2366
1283
64957
599
7090
64620
3105
2048
3038
2369
106916
714
5747
82459
115569
930
2474
1619
90061
4755
916
1446
68347
26947
4741
41912
57845
71640
4809
1253
3456
8576
265
111362
6662
350
6791
407
2490
7419
44195
77658
6893
81788
1694
4776
6618
3111
7024
26231
7285
5971
1186
7981
64716
7254
7075
3635
1963
69640
81834
8368
6852
3341
4037
665
97304
4886
1648
42418
4191
