user_recommendation
318
296
260
593
527
858
50
608
1198
356
1196
2858
2571
589
1210
912
1270
457
2959
4226
110
4993
150
1197
1089
4973
899
1291
7153
1221
1136
923
47
5952
904
750
908
1193
1240
1704
32
1213
111
2396
1
2028
58559
293
969
1225
1617
1252
1304
541
1247
3578
2997
1265
2692
1219
1203
480
913
778
2762
2324
1036
2599
48516
920
1208
1732
6016
919
2064
953
3462
79132
3996
926
1682
364
4963
2791
745
7361
17
903
2804
1230
6539
349
595
1172
36
1288
2918
2289
4306
2019
4027
910
1293
1079
1094
590
1097
5418
1527
2300
2329
1148
2542
1259
1214
1207
1307
33794
1952
1212
4886
1204
922
588
1280
1217
1961
1947
1968
497
1387
2797
4034
905
357
1356
733
11
994
8961
515
1267
246
3147
59315
475
1953
1200
44191
898
1228
32587
1080
555
1035
1250
1258
1945
4011
377
5995
1923
1234
1278
1073
1060
1256
1199
916
46578
1673
1269
300
232
3260
2716
68157
2186
3897
7502
54286
3730
55820
3471
76093
3435
235
5989
3101
1358
2971
1276
1206
1028
2863
3386
474
4235
1957
78499
1263
50872
1948
3307
3088
3361
1254
2081
1264
2076
1994
48780
501
194
4995
1222
955
1580
1244
112852
3363
671
2917
81845
3160
5114
30749
928
3524
3949
1299
1500
2132
106920
1302
6874
3481
380
39
1305
954
68358
319
299
1376
1131
7147
924
2115
3006
3114
1939
3362
1223
337
2871
3468
594
1625
1357
1394
2321
3310
49530
1084
1287
951
581
1192
1411
1077
368
3104
40815
6
2908
5902
1260
3019
74458
2359
1674
509
2144
1246
1834
529
57669
1997
5816
6377
2268
508
1019
1175
109374
1296
8368
2890
8636
7116
261
162
2580
3256
1248
44555
44199
8981
89745
3868
8665
1233
3504
1103
1641
1029
1963
34405
49272
538
3037
290
2501
2467
1959
1090
950
33493
5903
2366
69844
2137
1303
3793
2648
5992
1237
3671
2739
1096
628
39183
33166
2248
91542
5991
81932
2245
2761
921
2612
1262
73017
3672
1361
1189
3152
1884
2987
914
56367
942
927
21
3072
2267
3038
3973
44195
3476
3910
2208
3527
72641
838
53123
3683
1300
2395
5444
2712
4878
1179
1292
471
51255
2020
3060
1127
911
3359
3545
1104
56782
3724
2291
2203
345
2243
2357
720
1220
106696
4014
534
2125
3421
4979
3200
5225
1466
3246
68237
8874
307
3134
6502
1885
110102
88125
3015
1584
440
29
6807
3167
3022
1719
8970
1066
3007
1120
735
62
390
3469
7669
4965
40629
1955
5064
3039
1147
7013
92259
2563
2
41
3083
2925
2726
945
207
933
81229
35836
7132
2160
106782
54259
6273
565
2108
946
3983
3499
1965
930
6662
7090
134130
3703
116797
3791
1784
3089
2288
52
5669
2010
1946
3176
2138
81847
1059
81
800
4896
27773
1178
2078
3035
96079
1927
69481
88810
44665
1034
4930
4518
4076
1563
5427
4796
1819
1450
4591
514
37729
122882
272
4085
3448
306
81834
492
4352
1211
6787
7143
1224
2096
938
39292
943
4422
832
539
60069
6380
104913
89804
535
1805
5445
4308
2105
2202
58
596
105504
4661
68954
2490
2018
6001
2109
3198
3892
30707
3067
3814
2664
54503
2102
1238
1352
3044
7767
141
2336
1283
2080
1960
88129
2644
1408
5673
115713
7373
373
7091
4865
2352
26729
902
412
766
2973
968
1135
2303
5475
3735
2728
3095
2935
1810
3081
5291
1284
3175
2846
102445
1049
32898
1374
3470
2745
1272
8542
4037
6281
2553
1281
1345
1950
5017
45
4467
1321
116
262
1688
3275
1215
2474
3153
5341
146
26242
7836
2750
2938
6796
142488
1023
3952
3341
1343
30
3317
54001
5385
115617
3091
1982
8958
97938
51935
2929
3684
1271
8264
54997
34
6783
64034
1161
2070
7087
2150
68838
3000
3505
5630
3196
6777
3507
2066
106100
98809
3168
4410
86882
1333
3741
224
314
2912
1449
106489
2948
55267
3213
96075
8261
26501
104119
101850
86487
53887
8123
6021
4428
5238
26797
74089
58649
55063
163949
114464
150856
112577
265
7263
8228
1729
7075
845
3739
55276
4427
222
7419
37741
2344
2068
3194
4432
3872
38061
26587
2944
6918
2788
6669
918
1614
2232
6565
3966
915
448
2919
1611
1860
1537
907
454
2690
2099
3510
1186
7136
6724
109487
940
3357
85
1663
125
115569
3355
1827
99114
3414
1201
6987
4809
2795
8933
3546
551
188
8042
229
2130
148626
5055
68269
1253
80839
79824
48791
32289
41573
233
1935
2976
1249
27803
3252
85414
7943
32525
2529
6643
122886
2351
86
3129
2731
8132
2353
64839
1298
4945
4466
7698
112183
8125
6378
176
2231
70293
1678
4801
2502
2140
2349
146656
2947
97921
1177
87232
2194
2278
5971
648
4969
247
6773
1273
2283
2442
98961
2859
106916
80463
4103
1353
2427
48738
1419
4007
2872
5812
7371
4086
2920
71535
93510
2406
4349
3536
3417
1699
4623
54372
1748
3125
917
1949
69
3105
1341
97304
1594
5008
4016
741
1931
3812
73290
2355
2304
86320
8208
3365
2313
8371
5010
55069
127152
7566
52767
5013
2131
55269
3270
6979
6942
4263
531
3869
54281
7766
1616
2721
3016
59018
6786
4188
5618
2949
134853
59784
6650
4225
65188
6271
1183
6732
102123
6552
8188
280
6101
5772
2989
2696
40819
6235
1734
106471
1282
6254
2290
56145
57368
3364
1934
2333
3745
54881
2176
89492
3396
72226
2988
3347
4821
1907
6003
2165
58295
87306
3989
7256
2391
48696
3498
128360
104374
51412
91077
3702
8955
8957
31658
1020
3475
56251
3424
935
26524
41566
97
112290
549
38499
2301
4912
4816
309
7285
7088
1944
53024
38304
63082
7139
6269
33660
6708
5319
2482
7072
6863
3911
105197
1231
55247
3712
7386
1475
6954
51540
40732
5791
52435
3406
80
2659
537
2302
3679
63131
3811
58347
2046
3077
3251
543
1463
5146
84152
5218
