user_recommendation
318
527
296
593
356
858
260
2571
50
2959
608
2858
1196
1197
589
1198
4993
1
1221
1136
1270
4226
58559
2028
1193
110
1704
1210
912
1213
3578
2762
5952
111
293
7153
47
1240
1617
1089
1203
1200
1214
4306
908
904
457
541
1682
2396
2918
1291
750
2324
778
150
6539
899
32
1259
2692
1304
1225
1968
2329
913
588
924
3147
364
969
4973
1036
953
1230
919
3114
48516
1207
1732
1234
2064
2797
1208
1265
8961
923
1252
1247
6016
4878
2804
1148
79132
2542
2997
7361
1961
1288
1172
1278
2502
1060
5995
6
1073
1228
48780
2716
1625
1276
4995
745
903
4027
39
509
497
595
926
4011
56367
7502
6377
246
4886
33794
5989
1580
68157
1258
590
1219
905
1220
25
2289
32587
1307
910
1250
3996
4896
898
1244
1090
319
2291
4963
55820
40815
951
1674
1500
1222
5816
223
8368
3363
2599
44191
54286
1212
1299
36
474
1673
1077
720
74458
954
471
1233
3897
68358
1192
1264
63082
555
1246
69757
1215
265
733
50872
70286
741
194
81834
1954
88125
1223
1201
1079
1947
3462
1094
49530
232
78499
2019
2395
8874
1953
2580
5418
1224
3504
1097
28
3362
2987
109487
2300
1206
6502
1394
17
1945
508
922
3421
54001
73017
3358
581
1284
58
1784
3481
162
1267
1610
3359
1387
3435
1994
1256
2186
44665
3307
1356
59315
1199
2908
2303
3175
116797
76093
3000
1952
349
2268
134130
1217
1357
357
54997
5010
2947
3256
441
2761
2318
337
800
916
1272
1957
3448
49272
1269
529
950
34
994
69844
161
3088
106920
1028
551
109374
8970
3471
348
2359
3035
29
1263
920
59369
3039
2076
81845
134853
44555
1282
115617
524
2501
1204
2243
3916
2115
8132
2194
3730
1719
914
16
57669
6874
33166
946
945
1254
3949
30707
1023
900
6378
68237
35836
2248
31658
106782
1292
3468
475
45
7147
1035
832
1411
6870
377
46578
3524
3702
54503
6711
2572
928
3451
272
907
51255
5669
2871
30749
1734
73290
112852
2779
47610
1281
2917
3543
1293
21
3671
4223
628
68954
92259
115713
515
1934
8807
1449
89745
2973
2125
1266
3006
87232
535
1517
5444
671
2712
1238
3469
1939
363
1584
1287
1393
3510
911
3081
480
2467
300
2321
3735
104913
1374
909
3361
1242
36529
64614
2020
81591
942
3683
306
8665
2288
307
2935
86882
1175
933
3095
3019
1358
56782
1178
955
1361
62
3020
104374
728
902
6796
81562
1260
1958
106100
73321
1095
48738
5060
8636
299
2144
1211
1942
930
71838
96079
1938
2406
2355
206
968
122900
4034
1956
1147
7143
2690
6787
1982
235
1179
27773
3499
1963
72998
1189
3653
921
1046
84152
4262
1537
1466
2231
116
79702
2137
44195
52
3152
39292
5991
125
80463
31410
97304
67087
1960
940
1120
3104
1955
3210
190
122892
2971
41
1321
2463
3535
2490
110102
85414
1944
3201
3355
142488
1343
1950
1345
99114
280
96821
3022
2841
2788
1066
68073
4007
3868
3007
7254
156
6807
40819
86377
2066
82459
46976
1191
6979
64620
91529
3861
2108
3507
1249
915
59784
6333
538
31878
5446
1103
69
2232
8493
64716
805
3198
104841
2130
4427
6565
224
27724
36931
3809
88129
492
1527
1209
3072
2160
3016
3793
838
1280
2391
1057
3196
1923
4085
1948
308
233
81847
85
91542
122882
230
5971
3418
1080
50068
52458
3365
534
69122
2750
3200
431
491
69481
4128
1464
1086
57368
3512
3033
56251
107559
1248
55269
1111
353
106489
7156
88810
261
2208
4235
1194
1020
2067
106441
3098
866
91104
6380
30816
51540
3219
5903
148626
549
2664
2080
27831
2105
6669
64839
3089
556
3275
3811
1912
178
81229
3037
3167
3703
54259
5103
34405
7438
72641
1688
1104
89904
55250
1845
146656
6003
1096
56145
3213
3044
106438
61323
1946
5812
1376
3476
1012
4014
3521
52435
89804
3789
175
1150
4448
31193
60684
81932
3068
94959
1078
412
80748
2434
973
3015
47518
3424
71535
3350
2694
4783
33660
7075
11
2138
1082
7263
203
6708
1081
3181
1834
98491
2686
3396
1964
8950
8208
215
4029
53123
8641
1333
7013
3134
3263
5876
62956
661
5630
60756
262
6187
1237
58803
52281
380
30810
63131
1484
2764
58295
55908
3347
97938
1754
2331
2890
2846
5956
3498
7139
37729
162542
5618
82
3246
7099
65514
55267
62374
2763
322
102993
1185
99
66934
3341
1131
41566
837
1061
33004
309
8183
3911
1218
38061
3967
5064
6461
3565
2938
134170
2366
64034
451
281
1231
63853
65261
1047
2736
7027
92535
3742
93510
3135
85774
44199
98809
2746
112552
2924
91658
1414
49651
3429
5673
7371
2132
2594
80549
2791
26776
102445
4361
96737
56152
26152
4623
8154
3791
3097
30825
2344
6350
2070
935
62081
4696
5732
8675
171
3844
6331
290
5193
632
53
268
7445
5445
7116
4246
531
99813
3368
7022
1305
53996
54995
97921
452
1227
2073
850
3334
6104
99764
1302
98961
2102
33493
8580
8937
74946
599
4450
55276
55442
54328
3739
635
2937
2313
1729
4304
6662
3156
1262
2065
735
4016
1303
8633
1171
53129
98124
2919
1173
34153
45950
3526
111759
3111
27790
1283
65188
4571
428
5747
6296
4889
4584
61132
48304
4857
6440
927
6188
2203
3724
89864
440
4166
1940
3071
27523
2780
4565
4567
4442
876
2880
4717
7380
3814
7844
55247
3357
6273
2150
3153
3627
55052
2912
6773
1277
86347
1927
2357
5114
3741
80489
1330
3262
6618
314
87306
48783
1884
56757
3505
1611
5146
553
1177
5955
3871
93838
27611
2739
3244
2940
1694
105504
2836
1019
3360
4103
1261
104069
26084
2721
3612
2041
131724
3364
3983
949
7482
71429
934
121231
30
5791
55290
81564
6286
40583
93721
2874
4755
90061
1747
501
3310
1084
108932
4846
1678
52604
3252
1916
2442
2081
8360
7137
8958
59995
1300
