user_recommendation
318
296
593
260
858
527
50
2571
608
356
2858
1196
2959
1198
4993
589
1221
1270
110
7153
1210
1197
4226
5952
1
457
912
1136
1213
47
1704
32
1089
150
778
4973
2762
1291
2028
111
1193
58559
293
1617
750
1240
908
2997
1203
899
904
541
3578
1252
1265
2918
923
2324
48516
1036
364
2396
79132
745
969
6016
1247
913
2692
1304
2064
7361
480
2542
1225
1208
1148
3996
1222
4963
924
1732
4306
246
1682
4011
953
1214
6539
1207
1258
920
1200
1230
2599
2329
1250
3147
1968
36
32587
1219
1228
898
497
2804
1288
1259
44191
349
1625
903
2716
919
6
1199
4878
1276
2019
733
1267
48780
1206
1060
17
1580
588
4027
1947
2797
4995
5418
1204
4886
1961
926
1172
68157
910
6874
55820
2502
515
1212
1073
1307
33794
5989
1356
3462
555
3481
595
994
1945
1500
5995
337
1080
590
1097
474
3897
78499
1278
33166
1079
954
3730
357
59315
2186
475
1953
950
671
50872
46578
1674
5618
1223
922
5669
4034
25
1084
1254
1923
471
1234
2300
76093
905
194
54286
1293
161
58
3949
1952
377
1394
8961
1094
40815
1217
232
2917
2580
2289
3307
8874
57669
11
2712
7502
2501
49530
3468
2115
1387
1957
1201
928
8368
81845
5816
6377
30749
1610
529
4235
1090
68358
3435
3114
1256
3362
1035
3421
3363
1729
2291
1233
16
7090
56367
106920
3104
1939
4896
1411
235
1269
116797
1077
1244
1287
1299
3006
1393
800
2890
2871
508
62
4308
1527
648
2761
1376
5991
2971
2243
2359
109487
2132
265
68954
1834
1361
1584
3683
3504
1246
628
29
1028
720
1280
1954
3359
1466
3007
319
5903
1215
74458
914
951
92259
6502
70286
112852
1192
3471
2739
4979
306
44555
1272
7147
3317
1248
1264
2791
2248
40819
2194
1357
535
3868
5010
73017
3083
81591
1284
581
2268
2231
1374
109374
8636
56782
31658
44199
1948
1285
1263
3735
353
34405
1302
2357
68237
27773
81229
6787
21
1997
86882
6711
2395
223
1231
1189
6979
1224
3000
7143
69844
51255
60069
49272
838
3418
8665
2020
5630
272
3386
1950
1784
1333
1641
368
1946
1096
162
380
2076
741
1994
968
2125
44665
1960
946
1296
3983
3198
911
3035
2144
2987
1147
89745
3088
3671
2648
1673
2318
3361
88125
54997
2232
3152
2303
1260
930
3703
2863
1358
3038
110102
1251
916
3167
72641
1103
307
54503
2202
106782
3095
942
538
1303
1183
5064
955
115713
44195
1104
909
2690
8132
96079
1178
1175
927
3260
945
2467
7099
2529
3310
6565
6796
2355
3499
1209
2005
69481
81932
3081
3201
300
2935
1262
54259
2203
866
5444
2908
1131
534
5956
59784
88129
80463
805
1292
2795
6807
91542
91104
2726
8970
39292
88810
81847
1719
6380
5971
2612
30707
53123
104913
151
1537
3022
1029
134130
3952
1257
1237
1238
1305
2081
1066
1449
5225
99114
2353
81834
2474
3101
106696
3068
3545
1916
6662
2947
1266
105504
3246
2644
3507
280
907
6331
3448
3252
1218
2490
4427
1283
3355
2664
1095
36529
3200
28
142488
3505
224
921
4262
39183
3510
85414
54001
1963
1023
1464
115617
26729
3196
261
2366
308
2925
1211
4037
4085
115569
7116
4304
55276
146656
7132
5876
48738
1281
5060
40629
3037
3089
933
3429
477
1959
106100
50068
233
69
3527
41
2938
8958
38038
2078
63082
428
45950
54881
5992
2391
2070
1754
1885
26524
112552
2208
2288
3203
7022
440
348
178
33493
1845
101
1927
175
971
8784
1179
509
3724
106489
4128
322
1934
41566
3653
2924
1249
3741
3213
89804
2245
3469
7419
112183
6001
6235
89492
37729
1081
51540
3702
94959
4661
1220
902
5475
3916
1942
85
2929
32898
6350
31878
1944
900
2108
766
2434
64839
2278
6669
86377
2105
3811
1982
3100
4642
2067
122882
3365
2936
1734
56152
2080
134853
3072
3801
6269
2841
5446
122892
54372
55069
6281
2973
96821
7013
37741
1938
2011
2302
3548
8228
3684
55250
73290
7137
1955
4361
8807
116
4432
91658
56251
86
3475
7669
3364
3160
5902
2406
2344
3686
1611
553
56145
98809
3134
51935
90428
6708
5812
3793
1810
81564
3551
9010
84152
1354
973
4422
4873
8264
125
1827
1408
8981
3414
72226
3256
87232
4007
431
3521
1261
6003
345
5146
3742
915
3044
3791
262
215
3358
1484
26587
4263
8938
281
1663
412
3098
4014
4450
58803
3543
7438
8933
6870
7386
2731
69757
7091
104374
52281
551
4017
1243
31410
93510
3424
33660
2321
3033
2331
441
6773
2788
102445
5017
6552
8798
2137
60756
97304
594
2066
51412
3111
918
1967
6732
128360
8950
5878
7767
7802
5772
2352
3736
4103
3328
8542
1958
7263
6777
68838
5291
2313
79702
5238
82
7075
4410
34338
6987
5341
3524
6273
80489
4903
7156
7932
91673
26599
4252
99764
67087
4033
148626
1271
2138
1019
8641
68269
735
26776
73321
373
3536
1964
127152
4105
27846
6286
1120
3871
64620
7827
9018
65188
2920
98961
27831
1616
4623
26242
6385
55063
69122
7836
1860
106438
2068
4187
3966
86487
8261
53887
96075
58649
7087
26501
4428
8123
26797
74089
163949
104119
101850
112577
114464
150856
4846
72011
4489
2106
2944
97
80748
1086
6724
62956
2819
1956
1962
27611
5385
6378
1619
123
26152
6021
938
67997
3070
6104
55267
230
38499
2283
49957
8633
3911
549
1680
26326
2732
4223
2745
55052
1407
4016
3546
3194
6986
45
3814
3168
5782
122900
309
4809
79824
5791
32289
48791
80839
41573
96728
86320
935
3604
3989
85342
7256
3270
2102
5008
88744
1202
64034
937
8042
4537
8645
59018
106471
100556
30
52767
7566
4019
58295
521
3071
2423
93838
5103
27660
2463
1082
3178
2846
26662
39414
65261
6244
1295
4190
2553
3112
4424
4351
35836
7235
6942
77455
3512
2729
5013
2130
7649
3350
4696
3060
6612
