user_recommendation
318
296
527
858
593
608
260
2571
50
589
356
1196
2858
2959
1197
1270
1198
912
110
47
1221
778
4993
1
4226
1193
2028
1240
7153
1704
4973
457
750
111
1210
2918
32
293
904
3578
1136
908
2997
1089
150
969
1213
919
923
1208
1203
1259
541
899
1732
1291
1247
1617
58559
2762
5952
2324
6016
2396
1225
1252
2329
3897
1073
1222
953
364
1214
36
1219
913
2692
1682
48516
1036
1204
595
2804
4306
745
924
2502
1968
480
1207
4878
1230
903
7361
1961
926
1148
2542
2797
1278
1200
6539
4963
2291
3996
1258
79132
3147
497
1206
910
2716
2599
1250
1199
246
6
56367
1304
551
1035
1610
4995
5989
3481
1228
44191
17
1060
920
1293
1673
2019
4011
590
68157
55820
555
46578
8961
898
2064
1307
1952
2076
588
1265
1246
337
48780
265
32587
2268
8874
1084
1172
4034
6874
4027
1276
1288
1028
1625
1212
2300
57669
235
475
1947
56782
1299
1220
1090
515
4308
78499
1256
1287
5995
223
1945
7147
471
3362
1269
3462
11
1500
2791
1244
1267
1223
474
2303
2580
994
3471
1784
1254
3019
3114
3504
1264
1077
3949
1233
232
1234
64839
954
63082
112852
1079
1263
109374
349
2395
6377
194
1080
2186
5618
3730
922
2871
1729
950
175
1096
1103
733
5225
3671
33166
2321
16
3006
3468
2917
2144
1285
1231
27773
2243
1674
3735
7438
35836
2289
2971
377
50872
28
6502
29
5418
76093
1356
1097
106782
508
7502
1217
4235
2194
1094
1394
106920
1953
5669
1466
2132
1580
581
1224
7022
905
62
3868
59315
1960
955
2115
2712
4886
4014
88125
3152
1272
30749
134130
671
529
3000
6942
3363
3421
8368
6796
800
1266
509
3499
68954
2908
3386
1088
44199
116797
44195
3435
1939
1262
5010
1179
8228
1215
1584
4007
3256
3201
81845
31658
40815
1393
348
74458
7099
272
1374
6863
70286
3317
1357
99114
1411
40819
81591
2501
46976
3095
2761
628
30707
3683
1527
1192
1358
34405
68358
3424
1282
49530
3088
909
1095
1280
1957
92259
1948
1946
741
2690
3361
3104
1305
5060
3788
69844
927
1959
307
928
4085
5444
735
54286
2359
5064
2739
5991
1641
89745
85414
81932
951
1242
866
946
2357
2467
87232
1284
3724
3418
3252
2863
720
7669
3791
86882
1248
1361
319
88129
2648
3359
2020
54259
6807
8958
8970
33794
3035
968
3307
7090
2160
109487
1292
916
2231
1120
1189
1343
1994
2005
1719
8981
8132
5630
4103
1296
2125
1251
5903
4450
2890
106489
68237
5816
97
1104
2391
945
1964
7802
1884
72226
81229
44665
380
81834
41566
1950
1734
6773
5971
911
1303
1958
82459
534
5956
6350
68073
8784
59784
8636
431
112183
5114
134853
3469
48394
971
3039
914
2318
306
30816
88810
69757
3168
1956
49272
112552
4037
3037
3260
3275
2336
3167
1235
6870
3034
280
2108
3448
3310
3467
2529
300
1175
2664
441
390
1611
80463
907
2935
4361
6188
440
3703
3060
3916
3213
7139
1178
2248
2105
39
261
7075
7132
72641
2726
85
51255
58
3072
4239
2728
7386
1333
5103
7419
921
3510
942
7087
3983
48738
247
290
6979
115617
501
45
54997
1962
2929
4965
3038
6787
3429
161
3246
3702
52435
2245
933
838
25
6662
8665
492
3967
1283
3507
1537
106100
115713
2232
3911
2203
7285
91542
27831
4865
7116
4262
4776
3081
3007
3068
96728
105504
2612
2208
6711
97921
6001
538
2644
2202
3546
54001
2420
2924
1927
60069
39183
110102
8950
535
45728
44555
37733
1387
7767
1201
1257
32898
63876
1238
4128
5238
1955
5876
106696
2106
3198
5341
2563
2278
1249
3089
33493
363
7698
1023
125
322
4422
314
900
69122
3272
1147
477
8542
38038
3067
70293
805
94959
3203
4979
4661
4518
55276
39292
6783
1834
66934
6724
3793
565
53123
2078
115569
1131
4591
5427
1563
1819
4930
1450
4796
4076
5902
3952
3871
3892
7836
86320
5349
1321
3022
55052
5812
6440
3814
1352
8580
128360
122900
106916
7649
3989
7091
104374
1260
1680
594
3111
6380
1086
50068
4427
2267
98809
7235
147
37729
1029
140174
2070
97304
5782
663
2732
102445
3684
759
64034
3200
79702
1046
3741
1982
1302
5475
89804
930
2010
7013
1191
21
96079
5385
2331
2731
1921
1281
86
108981
4352
47518
4809
357
6777
163
6385
4021
5008
122892
1944
102684
97938
108727
38499
7566
52767
4017
40629
2919
5013
5791
2096
4432
81
5017
3543
2925
3077
1025
2081
2788
2938
8933
55069
51540
5992
2474
27022
3108
26729
101525
2355
162
2352
935
4848
4410
2366
81564
233
3414
1754
8264
2109
308
3801
96075
8261
8123
53887
86487
74089
55063
4428
58649
26501
26797
163949
150856
112577
104119
114464
101850
4720
69481
2459
4263
5500
91104
6021
4537
80
2936
2987
2283
56339
6791
6378
373
1810
87306
1693
4801
949
6552
2285
4179
26524
1078
7256
6669
2313
68838
104913
34338
139385
4105
2952
4299
73017
48696
64716
3071
51935
8645
2946
3476
64957
3016
3872
4903
60756
58803
42004
6974
61323
850
3357
2841
1845
67255
55118
5380
34162
80489
1177
1194
37741
3672
108583
1049
2463
81562
6101
6852
96821
3811
81847
3175
7482
31193
5772
1041
58295
2351
8807
3475
428
3196
65261
2973
2287
99145
7215
1085
52973
5446
6918
3505
64614
2916
6331
1967
1653
3451
91658
7156
71899
3101
3545
78039
56805
47610
1218
4223
3342
1066
2138
54503
902
4349
5878
96488
4846
59725
97923
6708
3783
230
4489
1916
7380
2184
3070
61240
58347
4920
7137
4465
262
213
58303
2920
3686
1963
8644
6565
8798
7943
6786
52952
2745
1449
766
176
6620
2857
3396
142488
108932
116
1913
98491
2301
55250
222
3350
190
6273
2962
84152
55442
4969
4642
106766
115122
7265
9010
3074
2288
1635
4019
2944
3270
1931
148626
3612
26712
50658
2961
