user_recommendation
318
527
296
858
356
593
608
260
50
1196
2571
2858
1221
1198
2959
110
589
47
1210
912
1270
1193
4993
457
1197
541
32
1704
4973
750
1247
2762
1136
5952
7153
1089
1240
778
908
1225
919
3578
595
1291
293
4226
1073
2028
969
1219
1208
904
1213
1214
1
1204
2329
923
899
1230
745
926
1200
733
150
898
1148
1233
7361
58559
590
1228
2396
2324
36
1307
4308
1079
1259
1617
111
4979
6
2804
2542
2918
913
44191
953
364
1250
920
46578
4027
4034
3114
1961
1732
1028
32587
903
6016
1968
5225
4011
1036
1207
1682
1097
497
3462
588
337
1203
1262
2599
4963
1206
3897
910
2797
1252
1287
17
246
2115
1288
1673
380
2997
1220
4306
1265
79132
2692
6874
3147
1246
2502
671
68157
1084
922
5669
1212
1610
1035
2019
3006
5989
1172
235
5995
1096
1060
3996
1199
59315
1224
1304
4995
48516
1267
1945
1393
78499
1674
2580
2064
8970
8961
33166
471
377
1258
475
1254
3362
3252
3176
223
508
8874
194
2300
3481
3435
1242
1266
8784
1952
4103
1358
1641
1217
349
2716
1293
1625
7147
54286
1357
1374
25
4878
357
16
56367
8368
509
2081
2186
6539
2917
1263
1927
2690
2194
48780
515
1278
2359
474
1272
116797
1090
1222
1256
109374
101
759
30707
3469
88125
994
5418
92259
8981
55820
3418
2395
76093
2739
4886
1077
1285
2761
2355
955
1223
1276
628
5902
50872
480
35836
3683
5816
3160
1466
551
4014
1960
81845
535
1023
5444
1939
1264
1693
3034
3386
2268
555
3730
1234
928
2791
72641
39414
7438
4235
1283
1584
11
80
62
161
88810
3916
68954
21
529
2132
28
1179
1784
5956
1957
1025
1231
909
3039
2125
1080
8949
265
74458
3468
2944
3196
1947
3735
2908
1959
1500
1041
2333
2076
2501
2971
29
7090
8636
2929
40815
232
1094
7451
6942
2202
911
4117
81847
314
4007
175
3060
81591
2243
900
2985
2303
5630
44665
2467
3201
720
3203
905
3952
1921
1944
534
86882
3363
2391
6377
306
3246
6711
3270
954
5668
1292
5991
5679
950
968
1299
73017
3068
3671
3035
70286
34162
1946
866
2947
56782
1948
1955
40629
106696
4037
428
3020
2078
81834
280
4720
69844
96079
348
30810
1376
3111
1269
42004
230
308
3499
3594
162
44195
6936
3809
2231
2686
4085
5312
838
57669
2087
281
3134
1192
2289
7263
1411
2287
3703
538
2248
1085
3421
1185
106920
56339
1729
1719
7371
2042
53123
3844
1754
2712
1953
1958
1251
52973
951
7502
2291
110102
4047
64839
4896
2321
3000
3527
1104
1095
1237
89745
272
3868
1273
3417
85414
5064
1178
2005
60397
1950
2020
51255
106489
49272
6187
3983
94959
300
2278
3072
48791
79824
41573
32289
68269
80839
91542
72226
45728
59418
26422
49280
1056
3429
88140
581
3408
64716
4450
8366
7767
741
946
7099
31658
1748
921
1124
41566
7285
5329
2430
109487
2728
30749
1962
2890
33794
2871
7132
2351
68237
3067
1257
3510
5791
1248
261
8132
95167
916
50068
5391
2137
86
1343
1201
85
1994
3062
1688
68135
73290
945
44555
1537
80463
3198
1280
2434
8228
3200
8542
3581
412
373
54503
63131
151
3967
1175
54001
3101
3823
1101
3552
3007
106782
1103
1300
6979
8645
2961
4033
307
3783
5971
79091
7022
2951
5618
104374
7091
6918
76251
2553
2141
3548
3538
4855
6791
2726
2572
5903
2144
6003
933
4327
3152
63082
3088
1734
5992
4406
3307
3801
106100
2920
81564
1188
6436
2010
1361
1249
2000
2745
1260
6783
3424
4277
942
4273
2232
1284
5415
477
7075
850
1005
2863
106438
492
97921
7256
5103
107559
6104
3328
97938
140
88129
97
3310
2976
1884
3175
106441
87232
122882
936
2763
4914
37741
927
27773
8528
3359
33493
2648
1209
2670
2357
2841
134130
2575
55269
1964
5876
3451
8958
1916
4928
3038
112852
3545
68838
940
54997
53318
51540
1227
30816
3089
1941
3501
319
5108
1680
2068
69
3361
125
31410
1963
116
4021
4326
3071
105504
3504
7123
2459
2952
144976
222
1147
55247
8950
34405
8933
1296
1895
98809
4017
1305
82169
8873
3036
4211
764
1834
51662
4787
22
213
69481
26729
2664
1120
81932
1281
1211
3701
4612
84152
7235
6724
140267
353
1066
3342
7386
7164
971
8827
2085
5812
5414
48738
2732
599
2105
26524
3507
2
5013
3364
58
5008
3355
2936
8665
3911
3476
2065
73
6440
233
2973
6807
4688
787
3871
44199
2788
6662
3095
5810
3471
3546
7
3654
69757
7669
63876
42418
4369
59784
6385
2436
81229
154
58303
3360
32898
70293
2490
48322
1020
5017
1086
3679
3910
2059
2318
2731
4642
431
2403
8580
8798
2935
3677
6155
3037
1366
6773
1046
58347
1243
4789
6725
4641
91630
8650
123
1127
4179
47518
6001
2138
49530
3022
3150
63853
1934
102903
48394
3724
4187
97304
7373
3251
7265
32525
47728
25852
7208
8121
2927
108932
4489
112183
27831
5500
55052
4190
1967
3747
3536
4338
616
33669
1177
1032
26326
44709
1049
1860
3791
309
907
59995
1419
4722
1663
2687
4380
4821
26242
100714
52
1078
81562
3275
3249
2529
1238
3505
134853
6796
47099
2302
3102
6708
26587
3213
2117
2208
26472
115617
48696
2114
7136
95858
7116
1611
6786
91104
347
7649
3702
1907
5970
3341
4105
2273
2348
931
104913
2131
128360
2423
6350
973
2203
89904
6552
5673
58803
52767
7566
36529
5608
48043
6774
65188
5387
3788
2660
1333
4263
8938
906
86377
4465
2949
3256
3811
61323
4361
2938
115713
112175
41997
6530
34326
3063
122900
2925
3949
2916
6753
2846
55069
556
1354
7700
2066
3612
345
1827
2644
48082
322
5015
4424
64034
7375
8955
2924
4552
84772
935
5095
3848
991
39
7802
74727
670
2730
914
3090
363
6870
122892
3357
3016
2612
1356
1619
8207
3030
2176
