user_recommendation
318
296
858
527
50
593
260
2858
1196
356
2571
2959
608
1221
1270
1198
1197
589
4993
1
110
1210
4226
7153
912
1136
47
1193
2762
1704
1291
293
2997
1213
4973
5952
457
58559
3578
32
1089
904
1208
364
778
1617
1252
899
111
745
4963
150
908
2329
36
750
2396
2028
7361
1148
1258
2502
480
1036
1968
1199
6016
913
969
1203
1225
48516
1240
541
1732
1214
1682
79132
1259
1250
2918
2324
923
1222
6874
1200
4878
4011
48780
919
1230
2716
1206
588
4027
2804
1204
6539
3481
920
926
2599
3897
4306
5989
1247
3147
46578
2542
32587
4995
1035
903
1304
1228
1219
1961
2692
497
3114
1207
1276
733
8961
475
8874
246
337
68157
910
1246
953
6
1080
595
377
1610
223
17
1580
994
6711
11
44191
898
2019
2064
1500
3996
2797
474
349
2115
7438
78499
33794
1266
1278
25
1265
5816
5618
6377
1060
1784
1625
33166
1172
1090
8368
1212
30749
1945
5669
2268
55820
106920
1285
1411
1084
1947
63082
838
57669
27773
2076
112852
1952
5418
1953
1254
1256
1394
64839
3462
3362
109374
4034
1674
1356
950
4896
1220
1077
555
2580
2291
70286
68954
2303
2300
40815
924
3730
62
2871
3363
1729
194
1293
1939
1073
1466
2005
3504
1287
106782
380
4886
265
1231
1244
515
161
3095
1096
1233
68358
2132
1299
2194
81591
671
99114
56367
59315
1333
1028
86882
1217
2971
3468
3152
348
34405
3201
2186
529
3735
109487
914
2712
628
2917
7502
235
3104
922
3198
2501
1288
1079
30707
1224
3317
1957
471
2791
581
5064
1201
1267
1094
7022
800
720
2231
5444
4308
741
134130
5995
1234
2890
56782
54286
2690
3435
3868
88125
1223
116797
1994
16
900
104913
68237
954
1641
232
1950
1307
1960
50872
81229
79702
1215
96079
2739
6796
175
58
80463
1269
7099
89745
5630
2243
4235
1948
1357
81845
1218
1959
357
112552
1103
2929
3424
5991
2289
3359
29
3683
4239
51255
2144
2078
2761
3952
2664
49530
4979
955
1361
4085
3949
1393
3307
44665
2467
3418
1264
115713
69844
108583
49272
2648
86
3034
6979
1374
2395
39292
94959
1257
98809
440
1303
112183
1179
44195
534
7419
73017
3471
1097
88129
7802
1962
1272
81834
115122
81932
91529
33493
3275
648
1946
1281
2924
3801
41566
3252
905
2336
1923
946
1680
1693
916
927
128360
122882
6787
300
1235
5060
81564
1088
3006
1263
1964
48774
353
3686
28
2391
2357
3019
3035
1248
76093
2857
6662
2474
951
44199
31658
1449
428
535
2359
1956
54259
3967
1284
3499
3361
1262
6773
3671
6502
115569
106100
3213
72641
928
105504
85342
866
102445
1527
1209
2203
1954
74458
5903
306
50641
3724
66934
3038
8132
2490
1958
3088
54503
921
59784
2245
971
1251
54997
909
441
3044
4223
1719
36529
1095
3068
93855
93320
79357
5244
2841
7143
1584
96821
3386
5103
69757
3507
7132
7090
599
538
3543
3365
38038
1192
79428
5971
3536
3196
4128
3429
44555
281
72226
7116
3414
125
3684
4033
8950
6350
45728
6870
2644
5876
134853
911
2313
3741
40819
2732
4427
940
106489
5146
1211
1997
1292
2318
930
2202
8970
1261
3203
4846
5014
345
1271
3791
3167
27022
5812
2138
37733
431
1967
53123
968
1673
4021
3310
3328
2248
97938
1464
8228
51935
93838
2687
91542
307
21
2232
3007
3983
97304
3545
3911
97
47610
104374
4014
3408
2355
280
2065
1189
2935
3111
64957
2108
3512
104841
1834
89774
3448
4661
8641
477
1376
3793
215
3357
4406
92259
71535
3467
59995
2463
54001
69122
6323
272
6385
5782
2726
39
26084
69
31878
373
27831
8542
52604
65514
1147
2529
322
69481
2081
4519
3000
735
5225
2067
7087
1260
2920
3546
85414
1927
1283
100714
4037
893
2160
52281
71135
1343
8580
68073
213
4103
1178
4369
1227
2948
4105
1810
5329
2925
89
2728
3871
108932
35836
233
3501
110102
7235
73290
2105
3181
1305
8665
76293
64614
6669
8529
2020
2819
87232
8711
6077
539
88810
3072
53318
6001
101
63876
1238
6003
146656
27660
7091
89804
935
4623
8340
492
48394
97752
2366
3505
4017
2763
7139
1296
1537
6125
48738
30816
6783
2331
6659
7844
590
4263
3134
55052
64716
3260
51540
4467
2788
34338
6807
551
1348
98491
85401
3178
319
32898
3451
6777
122892
6724
949
1237
4422
3364
2150
3469
3929
4553
4029
79008
2288
6378
7669
3246
82667
2961
4821
2936
6708
5341
7137
7833
7285
37741
3153
87306
122900
71429
7212
3811
7386
7075
147
2952
50068
1942
48696
142488
2125
224
2420
1175
1734
55269
30810
7767
945
97921
55721
6273
3016
3200
110501
7013
2951
4187
942
4262
4007
1616
5380
55069
7836
7698
54995
52767
5152
80489
3970
99145
3475
2919
2070
1050
3358
5992
5238
87192
55276
106438
115617
933
27317
3728
1277
36527
3702
7482
104944
74416
8633
5385
96728
1944
3703
5010
6440
93510
3788
5475
4642
121231
76251
152077
3681
4450
178
6986
140174
247
1688
72733
3100
45
67255
51277
5772
3098
3916
85
7147
26662
1104
82459
8784
6974
1340
95499
27646
162376
95965
102252
95475
31435
26547
2305
89085
5746
37731
27109
1916
2612
3606
51662
4410
1982
106916
88140
3510
3844
2278
26152
2863
3089
101525
1611
8958
4801
3598
64285
3548
8933
1023
8981
5540
4844
6104
2670
6754
8807
8264
26797
96075
86487
8261
8123
74089
53887
55063
2285
58649
4428
26501
163949
114464
150856
101850
104119
112577
139385
2137
4016
3101
2353
5017
3168
6021
3612
1635
3873
5391
37729
33171
4190
4809
2096
2283
2109
4465
4349
66665
7566
1366
55247
6791
100383
140
5690
1280
4179
2151
2208
55290
4166
1663
973
26524
3639
7451
2780
2321
7445
127152
4920
6786
5902
117176
7265
73023
5470
5791
106696
4432
7943
3396
38499
850
3037
2409
99764
60293
4326
59018
54881
