user_recommendation
318
296
527
2571
608
858
2959
356
260
2858
50
4993
593
1196
1198
1270
457
589
1210
480
3578
2762
5952
1221
17
912
1704
32
110
1197
2028
750
7153
47
4226
1225
780
2396
1136
2542
2918
2804
913
150
1252
36
2324
923
1200
745
1036
4896
969
5444
1230
4011
62
58559
1240
595
364
1148
1208
2081
597
588
1073
1291
1961
293
2997
1617
541
1247
904
4973
1968
3114
908
1193
1214
5445
2797
1089
76
3147
1732
2692
1207
2329
89745
733
515
1
1203
44191
1259
1288
377
994
899
112852
59315
1387
1077
1088
5989
2599
3510
1287
1682
4306
44199
1223
1610
4878
1213
81229
1580
59369
475
3996
7502
587
2687
1357
1356
72998
376
920
4027
54259
924
1307
2064
6016
50872
2580
838
6754
2712
903
48516
7361
40815
1222
56367
1269
349
1394
471
58
1674
1304
5991
1411
8972
1552
1258
1206
4369
440
5502
953
47610
3798
3175
1035
281
11
1244
1220
2502
2318
1688
1466
1276
5995
1094
2739
2137
919
122892
300
1266
68358
2125
1500
1246
30707
74458
2841
1233
1090
474
1228
102445
280
2186
8644
898
246
4995
4720
5414
3044
31903
73017
1254
110102
59784
2268
1172
2300
1261
1256
832
3421
76093
926
893
109487
58295
89
6942
106072
3462
1199
101
3358
1719
2716
1284
68157
1050
1028
122900
1212
3967
2080
1358
6959
2485
8529
3897
235
6539
3504
2359
8636
2087
6659
1393
2761
8368
116797
1015
1060
910
34
2947
3088
4963
2291
5064
5146
2078
51412
1250
539
3671
4886
4814
1030
122886
111
45722
93363
2019
653
3301
21
44195
596
91529
922
628
87232
497
3362
111362
1947
5630
5816
3035
49530
78499
4128
905
1285
1031
5108
32587
7323
1188
3072
2424
3095
8961
16
265
362
45
3104
3916
380
45447
2289
122882
6155
1895
720
94018
1573
2791
535
4867
2617
1278
1262
3256
3743
4821
5970
1249
8361
4901
91542
1686
1952
5159
3481
168
3201
272
162
81847
6377
86
340
1204
1566
3435
69844
2115
88140
1361
1192
1958
3006
339
3451
48738
106782
928
55820
3160
1945
4277
3111
1096
3418
39
1217
51935
1784
2917
87306
1888
4626
6974
4632
1982
2406
1616
2572
3363
38061
3452
1219
1916
348
8784
68954
109374
3068
1584
1487
1907
7373
40819
1173
71535
3949
98809
4270
49278
5463
117529
1023
2355
1084
1263
104374
56775
3408
1343
1272
1224
266
2788
3317
900
54503
88810
2106
28
99007
306
85179
57504
8607
94780
79139
52950
62081
3359
1680
68237
73290
5299
1673
106696
3081
32596
2805
3825
67408
3543
1953
1292
307
3246
49272
130520
1927
1179
6502
4506
4366
2640
1955
5400
48780
140
3499
1264
4016
2194
3198
92259
4343
115713
170
31427
1237
1693
1231
1079
3181
671
2076
257
555
2017
778
261
5387
2114
54001
5478
78105
53972
73268
2908
529
52287
3262
288
951
30749
916
2108
3911
2096
1641
1353
4023
64620
2340
134130
942
1884
8228
82459
2875
2395
2352
3706
1948
194
3152
1754
4235
3476
5882
1299
72226
2929
79702
319
800
3868
3210
84954
55247
4054
361
44022
728
2657
4039
1201
950
3703
368
8798
1729
3420
1960
6
5669
2141
79132
69
1608
86332
6879
1380
839
3007
1449
1643
8970
3966
968
317
41
6870
2926
2144
3471
5377
81564
1283
946
1957
3101
2846
1080
2973
27478
35957
911
2935
1611
1422
1120
3920
337
2915
494
2132
3521
63082
81834
4299
109578
2434
1175
373
1178
85414
58103
115617
3255
2303
7482
2872
2071
72209
105844
96821
631
2971
111759
39292
954
1484
69481
88125
48783
613
52604
151
2208
108932
7147
3134
2273
1962
97921
4085
2690
29
3545
3469
534
2706
6979
6350
86880
2202
538
46976
5060
1834
50068
3683
2792
1124
74727
4105
1095
3213
581
1281
2334
2102
57401
232
33794
991
86882
4570
508
3429
48394
1104
3219
1189
3203
134853
599
1997
89864
4979
1302
3019
3467
6787
161
64034
84152
930
2594
7163
3107
3745
2243
492
3252
111659
1954
3735
3844
63131
106642
2694
3037
2391
907
1931
2353
1303
91658
55052
2092
116
1245
97304
3819
142488
4848
5903
104925
95088
106471
945
292
6218
104913
230
134170
965
3275
3548
3468
52885
6283
80549
71033
2052
3730
229
6380
2857
5957
88380
98243
114795
109864
103384
52456
74851
70282
65552
7017
72165
72641
101741
112552
2020
3034
5500
2707
222
116897
110645
1564
162542
6807
94777
1376
955
2366
308
34150
1234
3925
69524
108979
80463
1260
1029
2069
8860
5114
27904
2664
64614
3186
44665
936
8641
5505
60756
477
53123
3022
5876
82202
3365
79091
4776
4881
1257
5151
1248
2570
2403
3259
2010
106100
52435
68073
2313
3871
6281
8910
5902
34405
91630
104841
103810
1103
3200
7827
1964
119145
3724
1296
949
81845
27831
2863
106920
45186
1227
36529
1939
55908
531
1944
69757
428
89804
81562
524
2467
933
7156
3741
79185
95510
2312
3341
7669
81782
1235
40583
4623
34162
8950
96079
45062
89492
7616
2070
3000
72378
3016
64716
85056
59103
1965
53996
61132
85774
26
52458
8132
2746
8640
5673
3307
115569
647
4262
3334
1934
8981
516
56782
6669
2118
8366
4723
63062
51662
1253
1963
7649
1086
66171
2779
3470
3062
106489
106487
3069
64839
68791
971
2757
1942
1653
92
1399
5103
86504
8154
2138
71838
60753
3361
27788
55290
1226
4086
451
7149
91535
1251
3989
49651
7096
53129
44555
68159
943
3251
1162
47518
1297
3836
4802
3984
3983
59018
2871
40614
6436
1836
146656
5956
1956
47099
3761
7454
7386
1721
7380
2937
98961
3809
1663
65642
85412
735
1747
1177
3174
158314
1049
1921
33166
31878
326
3654
333
7116
1021
4223
549
2245
562
32031
6187
5446
551
2575
179
921
2288
1171
1835
2331
3167
4643
2357
1041
7075
3739
131724
1013
30822
39427
7154
3310
