user_recommendation
318
296
858
527
260
593
608
2858
1196
50
2571
1198
356
2959
1197
4226
589
110
1221
1210
1136
1
1270
4993
1704
457
1193
1291
2918
1617
7153
912
4973
1213
47
1225
1240
750
293
1968
2997
778
1089
908
923
541
32
2396
1207
899
5952
150
2762
904
1208
58559
111
1203
1259
913
2324
1214
1250
1252
1073
2599
969
924
1247
2692
6016
1682
3578
1947
2542
4011
48516
337
1148
364
2502
1036
1079
4963
1961
2064
2028
910
953
1267
497
7361
36
920
903
1228
1265
79132
1394
1200
44191
1258
2716
56367
1219
1172
745
2194
898
595
590
1304
515
3996
6539
1288
4027
1230
4306
1222
5618
1035
1204
32587
2289
48780
4034
2329
4878
480
1732
588
926
11
33794
2804
265
357
232
1060
1293
1307
3114
1674
55820
1246
68157
6711
1080
4995
1276
17
5989
2268
2186
1263
29
5995
2019
2580
1212
235
46578
950
928
3897
377
3481
1260
475
1223
2797
2300
6
1220
1094
1278
1233
994
1952
1625
1945
529
349
33166
57669
474
1028
1199
800
1217
955
1262
2115
1287
1090
3462
2291
162
4308
3147
1206
380
1953
59315
5418
109487
223
3671
1957
40815
3504
2318
2739
905
3006
2501
951
1411
3471
733
3683
290
2947
1610
2712
914
919
49272
922
1500
1387
1097
194
4886
2231
1280
3104
1234
555
5225
8874
3499
116797
1256
5991
3730
1254
1960
1096
6874
78499
1299
1192
307
8784
7502
916
1997
1673
1356
5060
3362
933
1272
3435
5669
2908
5956
3451
4979
1333
2871
272
1201
1178
3358
3421
1641
741
954
538
25
8961
1916
306
106920
6787
2202
2144
3160
2359
56782
440
1179
3868
2248
3735
1284
2353
21
2694
54259
5064
3307
50872
3246
1580
1175
4235
16
69844
1189
2890
3175
1077
2132
968
3448
161
628
27773
299
68358
4262
1948
3359
720
3363
69757
6502
7669
308
68954
73290
1357
1729
91104
1527
54286
3468
4014
309
535
2490
2971
2391
1393
1358
1954
68237
38061
88125
7147
2160
508
1283
509
942
1408
2303
2671
49530
3703
501
2125
3198
246
1238
262
1231
44665
1994
51255
1248
2467
44199
81845
8981
8368
6380
5010
76093
3022
1302
3000
1264
3039
54997
319
3543
4085
74458
34405
1215
2076
2243
534
3007
1104
390
1719
2791
3035
4427
3210
5876
81834
2788
1466
1927
1939
5812
3256
63082
2987
728
5971
6003
48394
3089
2357
1982
6807
5630
82
31658
3037
3510
1810
115713
805
3386
1950
2529
2463
1376
64034
2138
2917
3414
106100
1095
1103
7099
3361
2761
1361
5791
1912
2137
222
6378
3791
5114
230
39292
3083
134853
1211
1345
3983
5349
353
1269
56152
3167
2929
4299
3152
4304
5816
1224
8132
1464
6269
2245
8636
2795
1955
6331
3019
3088
37729
96079
106782
3317
2010
6350
109374
1084
3952
6979
92259
4865
3469
930
2935
37741
2020
735
6440
47518
8641
178
2067
1959
5446
40819
2726
2563
3033
73017
5903
1292
1120
2644
3196
2267
44195
1845
1619
30749
2612
213
2070
52435
3948
7137
850
45950
13
87232
69
1834
671
1734
86882
141
3201
59784
1081
122882
915
2664
2648
3275
946
1023
1249
55250
106438
965
176
2165
2686
7022
7386
3814
96821
80
1594
52
5152
3081
3098
2690
8228
1227
565
81
6235
927
1029
33493
2944
3724
110102
3194
1242
1147
175
1449
1616
2819
1352
1958
1237
33639
54272
1396
4930
4518
5427
4591
4076
1819
4796
1563
1450
99114
1281
3527
104913
44555
148626
5668
2118
1374
3100
632
53
362
52287
58347
4571
1218
3505
280
88129
3068
3016
268
2081
3252
8970
54001
1086
5445
7649
94959
5878
2434
2677
142488
224
6333
3551
107559
431
69481
2208
62718
471
3067
31433
154
3892
3134
562
4903
373
89904
3476
4623
106441
6863
73344
68073
6281
973
8665
2729
368
97938
348
80463
3911
2145
6796
5902
4062
4263
1366
45186
4033
41285
6461
81591
4537
1964
3420
4467
4450
3062
647
30812
6986
115617
1584
233
3508
945
2102
3545
648
4352
3129
909
4489
1088
1944
4037
229
1956
917
7787
4326
4361
62155
1537
55069
7371
30
6620
3072
1343
3916
556
70286
1013
86377
7451
4465
26524
4642
81229
6942
3135
1059
49286
90428
7380
3260
3111
4019
3355
1296
1923
2073
3546
2925
64839
81932
26729
9018
2321
45
3038
81847
55269
84152
2232
1303
112852
3524
4661
4406
596
3429
2284
3565
7373
4016
921
26599
4252
91673
7932
2973
6552
26662
8938
4223
122900
7090
3783
5747
1305
2395
1066
2553
97304
55267
3741
2313
7027
3365
8645
2351
6777
1261
6669
104374
1127
1277
105504
7139
3949
911
4787
6244
106489
3102
2330
134130
3548
1946
6452
6662
1257
85
1300
2288
54281
4007
3702
3203
98961
3811
392
102993
3095
6565
3967
7075
932
3989
146656
5103
8208
2474
1251
6218
2932
3071
30816
3174
56145
785
2108
2336
63853
7285
247
4846
2924
2352
8950
70293
3686
4292
3112
85774
4349
2920
6188
4816
1354
2912
4616
2949
599
4357
81562
3060
4432
3788
2312
2687
1321
3200
1202
1244
363
4765
2366
3396
4880
1963
1635
8337
56251
1921
4225
3512
3310
112552
6724
54328
49651
65261
2951
261
1209
2852
2919
6870
27803
64716
53956
2654
93838
7771
4679
345
1794
64620
3654
2752
27478
67997
1962
3801
6873
2099
4873
5772
5074
5444
54372
7254
4776
3296
1185
4327
93510
2304
8958
4459
62956
4190
27831
1266
100714
7320
2736
97921
759
70183
72641
6367
5015
1907
7827
4881
91658
45728
1111
2011
6001
59995
62849
7212
2442
2261
1949
41
8528
6242
3384
156
581
4017
65188
971
4211
5690
1649
2651
2948
4848
5291
3034
52281
60684
4103
7802
700
6612
1663
2310
81564
4703
85342
3536
907
6732
4187
115569
7013
314
6122
55999
3676
27846
3655
106471
2287
53519
