user_recommendation
318
296
527
593
858
260
50
1196
2571
356
608
2858
2959
1198
589
110
1270
4993
1197
1221
4226
912
7153
47
1210
457
1193
5952
778
1704
1089
1136
3578
1213
293
150
2762
1
1291
908
2028
904
1240
2997
32
969
750
4973
2396
111
899
6016
541
2329
7361
480
1682
1203
1617
58559
2918
1208
2324
364
4963
919
923
1225
1265
1258
903
1073
1214
79132
1204
913
1252
1259
1200
1961
1247
1207
36
2692
48516
4306
2542
1036
1968
497
745
4027
2797
2019
3147
1219
924
1222
2804
4011
1148
4995
588
1732
3996
1228
2716
1035
2599
5989
17
1199
595
4878
6539
1084
1060
555
32587
898
1276
910
68157
3462
6874
6
920
926
1212
2064
1304
1172
3114
1206
5995
48780
1230
1625
46578
953
1250
1356
4308
733
194
3897
1097
1293
1246
246
55820
56367
2502
44191
8961
1610
1287
2115
3481
2268
2712
2186
78499
8874
590
2291
1269
377
1254
349
25
2300
1947
2580
1674
1278
1945
30707
1220
265
922
1079
1307
56782
1217
1233
474
1299
994
235
1028
1080
950
54286
471
1580
3730
5418
57669
475
232
106920
27773
337
11
63082
33166
4034
515
70286
50872
1267
1953
1952
33794
59315
1096
1288
3435
720
1500
2917
1090
6377
3949
5816
34405
1729
8368
671
1262
109374
1094
16
223
116797
30749
4235
4886
2132
64839
5669
3868
838
7438
44555
3362
1960
2076
161
916
2761
1263
2871
2971
81591
74458
1285
2739
955
3468
29
68954
49530
106782
628
109487
357
1223
1103
1466
1256
380
44665
5064
2194
8132
1077
1673
40815
2243
3006
928
2289
68358
1948
76093
1272
1244
112852
1264
3421
51255
2202
509
3735
3307
954
1215
1394
73017
2863
1927
1234
1231
272
3471
69757
2144
1411
3671
7502
508
1994
3499
1959
6796
2005
2501
914
134853
905
2248
4085
1957
5444
1333
3363
2303
3418
3152
54997
1387
2078
3683
1374
68237
946
3545
1393
175
1201
21
49272
5618
1305
3510
1224
3072
1784
1834
99114
134130
741
1248
3176
2231
3095
6711
3275
1939
3104
2890
4896
581
81932
5630
88125
1584
80463
1284
1280
1537
1358
7147
44199
7022
6979
431
7099
2467
1361
2359
1104
2648
307
2125
1946
3088
2690
1641
538
911
69844
81229
3007
1754
86882
3793
54259
314
2929
1950
5010
3101
3952
2357
6502
353
306
529
7132
1178
968
59784
1095
86
1923
40819
81845
4979
60069
115713
1211
1281
1296
3310
3504
3424
36529
2020
440
3361
81834
1357
1237
3201
104374
800
31658
88129
945
3134
930
28
1251
1192
1175
1449
2278
3916
3160
534
971
62
6863
1527
2791
8981
4103
7116
5445
1260
1292
54503
7090
927
1680
162
72641
44195
1023
1086
85
2908
94959
8636
1283
72226
53123
3686
2490
112183
5902
5060
2726
951
4450
4262
300
2434
1238
3469
7087
1179
96079
4007
6662
6773
91542
1257
4848
3801
4014
106100
8970
3035
38038
3359
1266
5903
2203
3000
40629
3198
7419
3252
3038
4037
3022
1019
3200
68073
163
98809
7767
224
2732
5991
1218
3168
2664
6870
92259
1982
3788
2644
1120
921
3741
1916
3724
280
2160
7669
8542
551
3507
1963
97
88810
535
3983
2924
3081
3034
373
112552
308
3429
412
3911
1088
2987
64716
8950
4846
2474
1209
2612
96728
2935
2245
115617
2395
178
2067
39183
5956
89745
110102
105504
3246
3365
2232
1066
3260
2137
4223
2391
7802
2318
909
8228
6669
5971
6787
8958
2920
3213
3167
933
4422
128360
2925
539
97938
1954
32898
900
48738
5225
3317
8665
866
67087
1955
2795
7386
6783
477
2916
55247
37729
2788
69481
3684
4623
1147
69122
902
233
4661
6385
3871
31410
79702
41
1029
96821
122892
1189
7256
89804
7013
1719
2353
1242
73290
850
6724
4128
97304
115569
54001
8933
3019
106489
6273
907
55276
5992
3068
2686
1964
1303
87232
222
7091
6378
81564
2208
6350
5812
348
4239
1944
441
5103
2973
3703
5146
84152
2138
6807
3791
3203
2287
102445
80
7143
281
6565
759
7075
1734
39292
5475
5017
64285
3546
6786
3060
4179
45
5013
7212
2728
1611
6333
1884
3417
55052
64614
106696
2936
7836
1663
2366
55269
3551
942
106438
1273
64034
3386
5385
5341
1913
39
4776
3527
45728
1131
86320
66934
3505
1376
104913
122900
27831
6001
5008
52281
4410
1049
319
3039
2105
3044
4105
8264
4428
5238
8123
8261
86487
96075
74089
26501
26797
53887
55063
58649
101850
163949
112577
104119
114464
150856
140174
58303
48774
1958
3702
38499
3967
4432
290
65188
6021
5679
58803
345
1810
2283
2841
107559
805
3111
262
89904
5791
3448
50068
2430
106441
2301
299
5772
7943
3556
198
2423
3355
33493
30816
56152
2066
41566
735
176
35836
108583
52767
7566
55442
60756
48696
3089
67255
4277
54995
91104
3070
3100
8641
31116
51471
2944
58295
51935
146656
2406
68838
3910
81847
4019
6777
4427
7139
4021
98491
5114
3745
127152
492
936
1343
99145
4263
1243
4017
1962
31435
2106
6003
2108
108932
32525
3414
2731
1300
4029
8650
4047
2946
428
7285
1956
6380
3872
8125
4299
4969
7371
3524
2344
4612
3406
55069
40583
3742
31878
4809
101525
34338
261
85414
55250
4349
6552
4117
37741
2336
8807
25852
47728
7208
8121
8633
6791
80489
115122
1408
2927
3451
1907
965
30
3475
6281
139385
91658
6659
1921
59018
648
6987
51412
6732
1185
86377
7482
1340
37733
931
6986
108981
3653
59995
8188
1025
26729
27660
5876
26524
5690
268
1081
3811
116
6852
4844
973
52458
95167
102684
2285
6708
1041
111921
108727
100714
2745
54881
8798
99764
2331
7844
65514
6974
3966
78039
56805
73321
1616
780
7373
7698
4801
309
93510
7649
2694
6286
3536
142488
4166
3083
3364
3467
2575
4821
6440
3272
2951
47610
3342
4361
3037
632
36527
2459
62081
915
53
4642
121231
6959
