user_recommendation
318
296
527
858
608
356
2571
593
260
50
2858
47
2959
1221
1193
1196
912
589
111
1198
908
4993
4226
1270
293
924
778
457
110
904
1704
3578
4973
541
750
150
919
590
1247
1197
1213
2762
1210
32
3897
7153
2028
17
1208
246
899
4878
1252
1136
2997
923
1258
1225
2918
6016
1089
903
7361
48516
1732
1222
1259
1206
1219
2396
2692
79132
5952
36
1265
58559
5989
1228
2324
1214
2064
969
2502
1617
1203
480
3996
1288
926
2019
1207
913
1291
306
1035
1220
1233
1084
1240
46578
56782
2329
953
2542
1673
1682
2599
1
1968
55820
1230
194
1097
1267
555
4306
48780
3481
307
1961
1060
5995
265
6
910
16
3147
922
56367
1172
1293
1073
4963
1625
175
4995
357
920
1952
308
509
2804
2076
1204
6711
3462
7502
2186
2917
1584
2300
2359
68157
8874
3730
3362
44191
1610
1036
1299
1527
745
1263
1212
508
2395
300
1278
898
551
1250
1307
4011
497
1028
4007
994
3006
1282
2580
29
1945
1079
232
595
733
3435
106920
475
1287
1200
2871
2712
8949
106782
3160
3468
48394
3671
1244
1358
2797
1254
1246
4308
955
1231
27773
3504
1276
364
515
1090
2268
5782
32587
3683
1148
2291
1179
3788
5418
3176
1466
1095
1217
1269
1235
3088
3471
64839
2318
1361
3911
92259
134853
5902
4034
4235
529
1285
581
3868
377
7147
319
1041
2132
720
2160
866
6502
2278
1884
5225
1234
349
1953
1304
3967
57669
2115
134130
3469
1080
471
905
2243
2289
1096
70286
109374
1256
272
2321
68237
1343
928
3363
116797
1960
534
314
4361
68954
222
1653
6787
44195
1223
954
3735
2916
280
1103
1305
6807
2686
5377
1104
78499
3871
8981
594
115569
1264
21
1296
3424
2144
2248
3317
3095
5618
2005
3724
348
1272
759
104374
58
44199
3793
3035
2863
2357
3201
162
1947
2303
28
3060
911
5010
60069
62
81591
72226
176
33493
73344
2366
5679
213
34
30707
54001
474
4450
1019
3983
1192
3007
1946
1834
79702
74458
1262
4014
1199
80
2908
223
3386
1183
1955
968
35836
4002
41566
44555
1175
96728
3114
1189
6796
4117
1023
1921
121231
1077
40629
3256
1948
233
1224
7669
5992
3252
971
1449
69481
3037
900
3196
2648
3499
3089
4037
1923
235
1238
59315
3198
431
8958
1784
1280
3152
1641
2938
39
8228
33166
2194
1283
4489
927
49530
1357
115713
51540
1249
1939
59784
945
1273
2716
7075
1284
3952
82459
40819
951
4027
1393
39292
52767
8970
741
109487
116
3019
48304
81932
50872
30749
61240
26729
2726
86882
2925
1260
1253
1956
51662
230
7156
5669
2434
1950
1719
88125
2102
55276
4017
2971
7132
49272
88129
5971
4033
54503
942
27721
1959
68358
112556
930
3246
2078
3684
64614
3357
27831
2006
86320
4021
1827
4103
2929
2575
2791
2690
7802
6942
63082
3854
3000
938
38061
921
3260
4903
7451
31658
89745
69122
553
26587
54259
916
1674
25
54881
46976
1147
112183
105844
1215
8873
6187
2644
97938
4816
1211
337
1964
3429
4085
6662
3022
31410
3077
2501
1242
80489
108727
108981
1927
1127
4641
102684
7698
27803
1374
373
1248
902
1120
3341
2020
140174
3310
2043
105504
90600
3167
6440
6188
127152
7265
112852
3421
1963
7091
3168
7419
8264
7116
1537
347
4979
1271
909
2231
1088
26084
7160
2728
1958
6378
3546
2920
61024
2664
309
1994
2745
5341
8580
229
1251
535
3702
5380
1178
7064
3272
5238
39183
101525
7767
5008
102123
77846
2739
441
85
131724
7285
33615
6539
1201
7139
27020
1188
2973
1394
47610
89492
32898
70293
1094
6791
2459
1185
6863
3200
1411
7836
8542
3175
3536
4848
128360
8638
30
106489
7087
3980
117176
3989
4424
2391
4432
111921
950
34162
5060
71838
149
901
2352
51255
61323
40414
51935
1845
56152
1257
1029
556
2732
2018
1356
2208
3104
6870
3873
93510
84392
2731
7649
71033
493
264
104913
8622
1464
110102
3030
115617
34405
2108
1333
3566
42418
2750
943
2926
6724
139385
1941
5385
7099
3361
50851
1500
97304
3328
3545
3418
2140
2117
86504
1274
1186
6104
4239
326
6271
91690
122888
81788
6783
89804
51080
5791
34338
3396
2105
4410
38499
4809
5893
4901
6975
3203
728
4422
108932
5812
5103
1025
26131
69134
146656
4191
1237
4801
1635
599
112515
1131
140267
3038
7566
53972
2285
37733
281
97
74727
3101
2788
1484
3476
6350
30816
8665
2203
56339
55069
96075
4428
58649
4661
5017
86487
5475
8123
8261
74089
26501
26797
53887
55063
101850
163949
150856
114464
104119
112577
4029
6786
2944
5269
6021
33794
3186
549
81845
112138
69844
141
3742
52973
1042
6299
3062
76093
3181
100556
785
3108
80906
58803
4920
96829
3300
3307
2872
3083
27846
8933
3135
8961
2283
2010
3948
69757
596
78039
56805
112290
6101
80463
6957
1066
800
838
3879
1111
2109
63876
42004
90061
4755
6732
448
116897
936
2905
108583
1078
3521
3074
1300
5470
48738
7386
1354
159
7013
3949
26151
3789
5500
53129
68159
5876
1177
1936
36527
115149
261
4616
48696
4679
6777
6327
90531
44788
6565
4220
1951
1209
3814
96079
6620
96588
2467
935
4873
845
32525
628
321
1962
55451
2890
93040
7215
67255
68838
164
2150
4262
126106
114060
5002
215
6669
3763
2912
63131
96488
3543
1086
55442
6725
4789
6254
3677
86377
3872
5477
1859
4731
3320
5071
4302
54372
803
3728
8368
66097
77658
4914
4349
4537
1387
40815
6001
452
2594
4965
60756
91658
67087
41997
946
363
5445
139757
64620
86781
3364
78574
6852
65261
3275
3915
64034
48698
92535
2312
54286
2949
7943
1935
163
86833
104069
8
631
5673
2626
345
32029
1580
146
3071
46723
55290
8132
8910
3111
53123
6708
53024
38304
8042
1860
362
6979
907
4722
26422
59418
49280
5152
3142
65642
8650
2721
3598
2946
4384
