user_recommendation
318
296
527
260
858
593
1196
356
2858
110
50
2571
1221
608
2959
1270
1198
589
912
1193
1210
47
1704
1136
7153
457
969
2762
1259
908
3578
1089
750
541
778
4993
1291
1213
1036
919
2028
293
48516
1204
111
3897
1247
2918
4226
904
5952
32
1197
2329
1732
2324
36
1240
150
1208
1225
1207
4973
913
7361
1214
1968
1228
1206
79132
923
1258
480
17
926
2797
590
1084
1265
745
898
595
58559
1252
5989
1097
899
1287
1200
1199
1610
44191
1203
5225
3147
953
1682
68157
4963
1952
1304
1961
6016
3114
2019
364
1584
588
1073
2542
2791
1617
1148
920
46578
1219
903
2268
1035
2132
6
2716
3462
2115
5418
59315
1272
306
4878
4995
733
2064
1079
1233
6711
1299
475
1625
3481
1262
1060
1356
32587
21
5669
194
1
1183
1222
56367
1172
1217
2289
2997
1254
1358
2396
4306
1278
2804
2502
8874
3468
6539
1246
349
2194
54286
4011
1250
55820
1293
3469
1957
1212
380
497
910
2599
62
2692
671
307
3176
3362
1096
377
3996
30707
1090
1953
3527
1923
922
337
29
1387
2300
265
4308
3471
308
2580
49530
6874
56782
515
33166
1267
1960
1276
5995
1223
7438
4979
78499
994
8961
2076
74458
1224
1230
314
2917
720
1945
1220
1269
1103
3386
4235
1264
2359
8665
955
3363
1028
246
1948
1305
1393
7147
1307
924
2863
8981
3435
3101
2144
175
1411
116797
81591
1256
3730
1673
1959
4034
3417
1041
3421
759
474
1939
106920
3160
272
1273
357
2971
1947
1104
2987
5902
1211
64839
2186
109374
2728
1243
1263
3916
106782
51255
3361
8784
8970
3671
35836
70286
3088
1242
3246
1266
3006
3037
1095
1235
16
80
1234
34162
471
88125
1927
1292
61323
33794
4117
63082
1500
508
1085
1094
3307
30749
1466
3545
48780
5013
1296
3868
1237
57669
3424
1080
3724
2020
1077
8228
116
1300
2336
529
581
2745
232
2474
92259
2761
106489
1361
4085
44665
3200
2712
954
223
8949
1023
1253
1288
6787
3499
950
5064
7132
1066
2690
3504
1946
28
51662
44195
3038
1285
2403
3134
3983
3911
2916
4047
3683
88129
2288
911
2202
49272
4816
534
3801
3510
1394
2248
73290
161
5956
805
1884
81834
3034
2078
8622
1283
2125
1419
3167
1019
373
2366
2005
6377
1231
68954
25
6385
1674
81845
1248
5329
928
1693
2278
1635
1537
81932
905
3406
2739
2243
3967
69122
6796
3741
97938
7256
5103
54503
7767
2467
39414
2105
2648
5679
44199
11
2944
281
55247
741
2871
1641
7022
1175
27773
101
6724
4223
2150
866
6942
3429
80463
230
3260
838
5876
104374
3104
3448
930
7091
163
88140
8542
110102
594
945
4037
40815
5238
2434
5008
2357
902
107559
5444
3788
52973
106441
2490
916
8528
4903
8368
3168
2644
1029
235
3703
2857
4450
26587
8958
3060
2010
1408
4027
3989
1965
2287
6502
3871
900
4489
8132
154
300
4881
4776
6378
3735
7143
1120
7116
7669
1729
1127
968
3039
4033
1719
555
2973
3253
5991
66665
2726
7451
55269
1179
1663
4007
31658
104
2664
7075
3095
69844
6552
112183
1147
2352
2938
4886
5387
7285
134853
2985
59784
2920
1357
3007
3252
3201
907
5782
3020
2046
1931
106100
2071
112852
2140
5903
3524
3000
2430
2686
32898
3543
6979
2106
3310
1611
42004
1281
3359
2203
134130
2273
6791
48738
76093
3317
1284
115713
2291
1161
2070
704
56339
72226
1185
1754
2109
6440
2081
7502
4422
4021
800
69481
64716
53123
7090
1949
1527
4019
1722
2313
2333
8933
7099
3783
26614
88810
3551
5341
5060
921
86882
40819
3948
4809
1916
2318
94959
4179
3347
1178
68554
85414
353
106438
1260
5791
37741
52767
109487
6893
933
936
1333
7265
3152
2925
6662
628
91542
96079
45728
1827
446
3198
6786
3062
49280
59418
26422
1025
3186
914
4537
2469
32525
40629
2551
68848
7419
1298
5254
943
4103
4014
3091
3479
3022
7087
8645
162
4344
34338
1834
1956
6187
97
2936
3082
6783
105504
938
1131
2245
1280
4612
7698
6101
4432
1218
971
1967
1215
2141
58303
1401
6003
1963
142488
41566
6565
7215
97304
7836
6104
76251
1680
5415
2353
2859
412
3044
3548
1282
62849
8650
5152
4277
64957
48696
440
2919
34405
2108
8010
7360
26729
7013
3275
1944
96728
4661
7235
6188
89804
115617
2423
509
3256
3980
631
3470
5017
54001
1941
2927
7208
8121
25852
47728
68237
50872
69757
2321
6273
64034
5630
2087
7371
3070
345
1189
2612
86
53887
5475
4428
96075
4410
8123
58649
8261
86487
8264
26501
26797
55063
74089
101850
163949
150856
112577
104119
114464
4187
4361
2976
6852
7445
2575
45499
87232
55276
2283
1303
3203
2102
7943
68838
8636
96488
89745
780
348
6021
4969
1162
55052
946
99114
3814
3089
44555
2872
6773
4965
5312
2795
1302
1835
86320
85
7096
3684
3108
7566
36529
10
3872
6807
6777
927
1201
1374
280
122900
5414
3077
4239
1086
2961
431
2453
68358
50068
531
5385
1935
2
5010
51540
2160
233
3952
2427
2659
4105
213
3447
984
961
3165
2238
1925
1455
3476
1365
3507
3178
4263
3467
81562
1271
1249
2670
4616
222
2949
3405
5971
112552
1958
4623
63853
6639
514
3396
2231
63131
3090
1994
3272
940
102993
5668
46970
3086
2099
59387
65188
112290
2501
53956
5801
309
4789
6725
556
2117
7293
937
3105
3686
115569
140174
54259
4211
73017
37731
8191
61240
171
3153
1620
1997
8873
4720
1244
4369
31410
64614
80489
3100
6669
2143
3019
255
7386
33171
850
59995
4326
2687
68135
7649
3265
5391
3035
1046
1257
5400
111921
2173
7439
42418
54997
915
1184
2303
5379
128360
2058
3341
38499
1340
3702
4292
100714
81229
2750
73344
56805
78039
901
1049
7616
1209
3679
3071
3536
6184
2660
2890
7212
26326
2118
64285
127152
2929
4181
