user_recommendation
318
296
593
527
50
858
2858
260
1196
356
4973
1193
608
1221
5952
7153
1089
2959
4993
1198
111
1252
778
32
1304
1732
912
1136
110
1270
1197
1208
2324
923
4226
1214
2019
750
899
1278
47
1204
1207
357
457
1968
1206
58559
2028
1213
1084
2571
515
541
480
904
922
2692
1291
594
589
1500
17
1356
969
1259
235
1094
908
1953
1952
3362
1217
246
1219
1411
293
588
2064
150
3527
1288
475
590
1254
4886
1237
1203
1939
3088
2467
6016
3361
1240
2020
1036
3363
1704
1299
32587
920
3134
913
2288
497
1222
7361
1305
898
1090
3147
2329
1265
1263
8961
2791
1200
1079
1247
954
3386
1293
3468
2599
1302
1292
3260
2289
919
3153
2863
46578
926
903
1408
1948
1212
1097
1035
36
2076
364
534
2716
1303
905
2997
1267
4306
2917
3578
1225
3200
940
1271
3730
3038
2313
1264
4963
955
1387
2474
2551
1103
2109
3037
2762
953
1307
3462
943
720
3683
1131
1258
3742
2804
380
2919
1935
3114
1148
1419
514
1266
2396
538
1348
1245
2728
261
3724
2144
521
48516
2336
56782
3524
2366
2622
3091
1125
1120
745
7147
2406
3469
1161
2641
1233
3341
1617
61323
1183
1235
1199
707
2132
581
345
1361
2352
1272
1285
1298
1210
1224
1248
3307
2070
1246
595
62
2427
3095
2750
1965
628
1663
1253
1625
1028
1234
300
596
1256
1066
1211
1940
1228
5418
2971
555
5902
3101
224
49272
2105
733
44555
7116
6377
2857
299
2291
1276
2745
2985
1020
704
4034
2859
40629
537
3347
1429
2872
1244
1945
3086
2490
2648
3470
1242
1029
7265
76093
2938
2659
100
3435
412
307
1931
50872
2150
501
1300
2160
81845
162
1923
1827
838
8368
1949
1925
1401
3022
59315
3246
2300
3406
531
866
30749
1179
1019
164
984
961
3447
1455
3165
3417
3271
3448
78499
29
2203
1282
2102
2173
2987
2099
2046
4027
3684
2238
6985
8873
194
1077
5017
2843
349
2797
2761
3310
2739
2081
306
69481
3481
994
2194
2111
928
3405
2357
6539
44191
539
1994
2897
8254
3265
2143
1967
535
25805
106696
1269
1957
1947
3167
30707
1641
2321
125
116
970
1464
2973
368
2066
3741
88810
3476
314
5225
3545
1674
3735
5995
3066
1037
2248
34437
2871
2453
64839
2469
1884
5816
1080
6987
2968
1060
1250
1946
30
2140
2726
57669
265
4037
417
3020
350
2018
2746
1260
1273
8958
2664
2455
1393
1693
1280
2186
39
3270
3060
543
968
3044
33794
1375
4235
1513
319
1189
3090
6530
1186
3897
6662
1175
832
81847
106920
60069
7263
106782
927
8874
55820
3068
671
1682
921
2403
1466
2096
4848
8981
474
1096
41566
3949
2106
68157
1580
4878
766
3070
529
3420
68269
109374
3471
79824
48791
32289
80839
41573
156
232
342
1192
1959
2110
2890
97
88744
1073
1357
1281
8665
6273
3152
35836
8798
6936
2580
4995
53123
6874
1178
32898
60397
930
85
6001
2349
3868
2612
1610
4422
2640
122900
40815
81932
2644
54286
938
916
3814
2925
5618
5475
1262
1194
3007
492
3359
7502
3198
661
3108
8950
88140
3479
1296
2232
2355
951
5105
7371
3424
8264
2696
7981
4308
1527
2130
900
1834
88125
1885
7132
2010
3357
3175
1982
96079
1354
1243
1997
63082
1673
7419
5341
5385
1232
3112
1321
1961
97938
55063
4432
1147
3703
1032
2302
3702
54272
7836
37729
272
3594
7087
1358
88129
31410
55276
6643
3536
1284
3083
1941
2085
105504
2112
1231
2988
2115
68838
950
229
70286
74089
114464
58649
86487
104119
6021
26797
53887
8123
96075
5238
112577
4661
4428
7669
4410
8261
26501
101850
150856
163949
3507
3911
52
233
2138
2700
2290
353
2908
1936
45722
714
26084
4969
69844
5114
1177
5669
3638
55247
112183
99149
1227
2600
54503
2252
1345
6666
2470
3676
3456
3728
4809
4437
4262
2245
176
8228
1101
308
60040
3102
448
901
633
333
5679
2108
55274
33166
3342
3952
2501
3872
1012
1963
134130
56367
6380
8910
3203
79132
89804
902
7771
1343
4009
1688
3844
8125
3039
7075
2
247
454
5062
7700
509
27317
7123
8188
3213
3006
48696
1805
72226
3598
764
248
1220
1047
3033
55253
508
290
2920
550
7013
8636
3317
115713
54259
3499
1587
82169
422
680
2513
8973
280
5291
2283
7587
2721
2579
103
942
112852
1711
7566
52767
1678
127152
5989
1927
3035
99114
2278
102123
2202
2517
161
178
312
38038
2330
1960
2208
1279
6971
86
945
70293
2337
5673
5444
3833
3272
3739
6796
1635
86882
6101
7943
5377
326
2165
3635
2468
2594
1554
38304
1483
3089
363
41
915
1057
2736
1934
3529
2495
373
4191
82459
44195
3801
2901
1784
4801
7698
3016
7091
3252
728
6777
92259
477
2024
3019
341
1991
92
1463
184
8154
1341
3547
3679
3656
3580
3672
2912
5992
2982
1771
1629
183
3024
1904
3021
2465
3281
3490
2327
3391
1543
893
1531
3804
1655
3757
2553
3770
1312
2419
567
2945
2682
3837
3840
1326
3851
2926
1128
3576
2442
27815
3657
2201
3168
2131
87232
1649
241
3194
2759
3036
1614
106916
6565
621
1104
1480
2267
3244
81834
3256
51255
106100
3421
2989
1130
384
278
123
230
1340
8042
4546
81229
3973
933
37741
1701
1342
1475
1209
5991
2690
122882
1031
2693
495
5782
426
91542
8491
800
2795
7766
49
3557
2867
6724
7089
8477
3983
240
3104
1127
4021
6552
86320
3966
55269
68954
149
1615
910
110102
6773
8949
2315
26729
2774
6787
3000
3671
49530
55052
3018
2935
3015
2752
71535
3077
7069
2459
3807
2193
2137
1238
28
1230
1394
934
3812
2116
936
3783
6942
3632
3475
2204
3365
2271
38499
798
931
3917
128360
1516
6271
53024
2475
115569
2080
6669
3725
6807
1432
423
4011
3125
2918
