user_recommendation
318
296
527
858
260
593
50
1196
356
608
2571
1198
1210
2858
2959
110
589
4993
1221
1270
1193
47
912
2028
7153
5952
457
1704
541
111
1197
3578
1213
1
1089
2762
4226
293
778
1136
908
1291
899
750
2918
1208
1247
904
2997
590
150
1036
1240
32
58559
1259
1252
48516
1225
1203
7361
364
6016
246
923
1258
2324
349
1228
919
1200
4973
924
1617
745
913
337
36
1961
2599
2329
926
733
969
903
1073
1214
3897
6
2019
1222
1148
1079
2804
79132
1199
1035
3996
1265
3147
2396
1204
480
588
1060
595
1250
2797
497
2502
4963
1307
1207
46578
1968
920
1084
2692
5989
377
5995
3462
898
1610
1219
2542
2580
1097
3114
1682
1584
1212
1288
2268
4878
2716
6711
1276
1220
1263
1625
2064
1732
1172
1267
68157
555
2712
1299
953
1230
1304
2115
3006
5418
8874
1293
17
671
1246
1096
44191
910
1233
4306
1090
2186
1278
6539
2300
2194
55820
1234
59315
25
4011
922
21
194
78499
1674
1287
5669
1262
4308
471
54286
30707
994
515
3730
48780
1269
7502
50872
2791
1960
35836
1242
628
1945
5225
475
1947
509
56367
4979
27773
1223
1953
56782
109374
3481
8961
380
1927
1952
32587
508
1080
4995
1206
4034
3160
2739
3499
265
3418
1358
1466
955
2917
5064
3176
74458
2395
3362
1957
1673
1527
106920
3468
232
1028
950
1264
2243
1254
2248
1185
1094
2076
40815
92259
2132
6874
1256
2761
474
4027
3435
2303
106782
1231
1356
3868
175
1095
1224
1183
57669
44199
1266
116797
1217
2871
954
2289
68954
3683
64839
33493
4103
29
2359
1235
1580
6502
109487
33794
16
1946
3421
4007
2944
1784
1272
2971
3504
5816
1179
759
112852
1192
2144
911
6796
1959
58
33166
4235
1025
4037
8949
8368
928
81229
2005
49530
3101
551
5444
3471
2863
1023
6979
4896
2890
3916
1077
69844
581
81591
89745
5956
76093
3317
314
1361
2501
1333
2125
88125
4085
3386
905
8665
235
916
8636
3035
805
49272
1285
1948
5618
134130
3246
1215
968
3469
3152
866
7132
946
2231
1834
3088
5902
4014
1249
3203
1178
3801
440
86882
3363
2908
4489
3424
3039
3735
3072
1950
1962
3307
54001
6378
2929
8981
538
1387
96079
11
357
2081
1537
80
3000
3095
1449
7099
741
838
70286
927
44195
3545
3198
1754
3510
900
306
7022
30749
68358
850
2529
72641
72226
280
86
1500
1376
110102
1103
2690
2357
5991
3952
2020
1641
4886
3034
28
99114
5630
2745
2467
1248
59784
6669
1916
1305
2686
971
3201
39
1357
1939
3429
73017
1719
6787
441
1956
7767
2291
8542
2078
2728
1104
8798
3793
945
1251
307
115617
1280
6440
529
112552
6732
81932
3256
431
1041
1964
94959
1923
88810
348
3104
68237
3983
6662
1955
1175
3252
921
1237
1244
1693
800
44665
102445
2160
161
3100
1393
91542
1201
8970
63082
105504
106100
88129
7091
54259
6104
373
1257
1411
2137
1189
2096
909
1273
54503
300
69
3071
7438
104374
3038
2648
2434
40629
2318
115569
1281
7116
5782
1147
69122
345
2924
2202
4117
151
51255
1086
104913
64716
3030
6783
4641
1734
930
3359
34405
3703
3213
3788
3060
7090
230
1374
3724
1729
85
176
3671
3342
3310
2946
31658
2952
477
8228
1238
1260
951
7320
2474
6377
5010
8933
115713
3019
1296
91658
942
3747
1284
272
5971
7669
1283
2391
2920
3871
534
2232
4422
2612
55269
5008
7087
2203
2936
7419
2925
79702
134853
1343
6791
7147
3196
4188
2067
1921
52767
1209
26729
2278
2644
4033
27831
648
933
74727
32898
112183
1680
4019
96728
4361
4848
37741
55069
5014
2726
81847
3022
116
2687
2366
3200
3507
3111
2973
1243
1997
1688
6724
4105
51540
3451
2302
6786
97304
223
146656
36529
4179
1127
5500
1944
8641
4326
3783
81834
222
3741
3007
2732
6807
8880
106696
6552
2245
51935
1066
3167
7256
1958
4612
7075
26524
3879
2459
3408
1188
7451
720
44555
4661
4211
106438
412
2010
93510
787
8650
3036
8807
53123
1302
5103
308
8958
3365
3068
1292
41566
1218
2087
69481
7386
4688
7802
80463
25852
32525
7208
8121
47728
8132
5060
3361
2927
3134
6773
40819
2420
97
1101
5679
2985
55276
4450
281
3949
3684
97938
62
58303
1982
42004
7566
88140
5992
8264
3150
2331
96821
5876
914
3546
4776
3168
2935
162
299
4263
6870
87232
128360
5903
54881
1994
48696
3037
68838
936
47610
5475
7943
3527
832
3360
938
121231
5341
3089
6273
1963
81845
1211
7836
4410
8950
5329
81564
1088
5385
4623
4537
6708
7285
56152
3083
940
73290
41997
6001
34162
3505
3548
64620
5017
428
2490
39292
5812
30816
6187
2670
363
2285
1635
4821
34338
53887
26501
86487
26797
8123
5238
55063
96075
58649
4428
74089
8261
163949
101850
112577
150856
104119
114464
26422
49280
59418
50068
1019
56339
3275
26326
7013
6331
353
902
6350
4191
2841
86320
2273
4277
4720
8528
127152
3814
8622
4432
97921
122892
3175
2788
1616
6021
4809
2283
63131
7649
60756
89804
26472
54997
1408
98809
233
107559
106441
1827
3966
2846
5400
535
3702
3686
148626
3364
3263
3948
2138
2208
1277
5028
101
6867
3077
123
55052
4658
3911
66665
3556
37729
6777
45950
54328
4427
72
1120
8580
3552
67087
7698
4225
6188
3355
5415
102123
2961
2068
142488
4642
3062
154
3328
1029
3872
27022
61240
2575
5772
1845
4801
4271
2066
85414
6932
63876
3476
5668
91104
2664
3475
68159
6620
3081
1049
26587
8938
42418
52973
26712
50658
112290
907
1177
4128
7143
4017
4465
5498
70293
3070
140174
8207
7265
6271
1419
1934
122882
935
2353
8827
2730
2313
224
31878
3033
87306
492
3811
8199
6101
3873
599
27790
5152
4349
6184
6993
2083
30825
3551
84152
3654
8125
5114
4002
2905
8371
2336
917
26152
