user_recommendation
318
296
260
527
858
593
50
1196
608
1210
1198
2571
356
2858
4993
1193
589
1089
110
4226
2959
1221
457
1291
7153
1270
590
1704
912
1225
5952
1240
47
2762
1197
2396
750
150
1259
1213
4973
32
3578
1207
1617
541
1233
480
2692
111
778
1247
1208
595
919
904
2804
1203
588
1079
2599
908
969
1961
2542
364
1265
1136
17
36
58559
2918
1304
1
2194
1214
1246
2324
913
1252
1219
1584
4011
745
3996
2329
4034
1682
4306
6016
2289
1097
2028
920
4027
357
48516
899
2019
923
1968
1172
1287
44191
1387
349
2997
3897
1094
4963
1060
300
509
1204
953
5618
5989
1288
1228
2064
2115
293
1148
1394
1610
7361
1732
3147
515
1073
1206
1200
1673
3481
4995
903
5995
1267
497
79132
1090
1036
68157
1258
1957
39
3006
3462
59315
2797
4235
6
926
2268
1217
1028
1997
1354
1035
838
2081
4886
905
1242
4878
1223
5669
1250
8636
223
1674
1263
924
910
1212
3363
2502
720
1947
2020
1960
3160
1272
337
3527
1280
1307
5225
33166
1358
314
8961
535
33794
1299
1953
1262
1276
475
2890
2739
162
1293
474
1222
1234
5013
1199
222
555
2359
194
1237
54286
8368
1625
3421
2716
40815
78499
50872
1296
5903
898
529
534
4007
805
922
2580
733
1834
3671
232
3246
3101
246
32587
911
3967
5816
4103
141
2529
5991
1230
3362
2863
2908
508
1356
1380
1500
3260
3468
1357
3435
3703
44195
161
1927
1580
916
2300
2125
1954
2318
2186
1300
2005
2321
1175
3039
306
3949
1095
628
4979
538
3114
368
3448
2973
76093
1215
1466
1945
2137
914
551
3983
3176
1127
3471
5679
5010
5064
2395
2791
30707
2406
1408
3683
1131
4903
2202
1396
1080
2871
51255
265
648
1183
2291
68358
35836
1245
3104
3083
440
3307
5902
1641
1104
3088
4019
994
7090
1374
1192
6440
1921
2501
1923
1663
1023
2248
1231
30793
2467
4308
1201
307
671
1963
299
11
2355
1393
3499
44199
8981
2745
2144
2132
6796
3000
30749
1302
272
308
3417
56367
3911
69844
3504
57669
6711
1227
3007
1264
1220
1019
74458
832
1527
3030
1688
89745
109487
2944
6787
1254
1032
1952
49530
850
72641
938
2846
3548
31658
6269
1224
88125
3783
2712
8970
6333
1086
3071
3469
3360
3089
91104
1305
3361
3510
8622
106471
2138
800
951
53123
262
5291
928
235
85
39292
81845
4085
86882
3317
1178
2096
1643
3252
29
4047
34405
594
2690
4014
6874
1994
501
6552
7502
6377
5444
2985
68237
48780
1278
2917
921
55820
915
46578
2243
5954
3730
107559
3793
81229
106441
73290
5630
1084
2795
54503
1333
4873
1057
52885
5445
2366
2010
116797
5812
942
3095
54259
4086
122882
1955
2520
3081
44665
2434
2728
543
106438
27773
3037
3100
1232
1260
6565
3952
3200
2572
2118
943
112852
524
1912
1939
1211
3476
146
1269
62849
1982
955
845
1283
88810
72998
1103
8957
290
54001
2971
101
3328
902
3910
2231
5387
1948
3129
2278
759
2140
377
73017
2208
3396
3102
3072
44555
2102
2761
5971
1253
1256
4037
85414
2976
596
5673
1150
1639
4016
69757
1719
8132
81932
1959
1273
6380
73344
2430
4424
1805
8798
2948
373
1449
1066
3090
8228
3386
3524
3310
49272
483
2750
233
1185
4211
40629
229
1914
5329
106920
1965
54997
97938
3022
7371
562
110102
37729
80463
2423
3342
3505
728
4846
3341
2490
2288
1147
16
2232
1096
3984
2686
1059
3203
261
92259
492
1281
954
2551
2336
1189
7256
2968
102993
1179
1931
3412
6620
3735
2046
122886
412
6807
106100
1249
268
1946
116
3196
1251
3672
4914
41285
3068
3134
353
2357
65188
3543
81834
1243
968
77455
2078
2099
2427
514
4299
2352
4641
1619
2640
5608
91542
4427
431
4720
97
1944
3091
55250
41
2287
3844
5147
3498
109374
1366
3868
52
6666
2
8784
2403
4967
5446
55269
494
7766
7143
4105
471
1298
26729
632
53
3153
7649
839
319
6732
37741
72226
1958
6331
5312
5319
8641
3067
1827
3702
2989
45950
2612
71899
3545
8665
4642
3406
5992
63853
7063
99114
59369
930
8972
224
6612
7116
8874
446
1029
6918
934
1248
106696
281
156
92
1962
766
4787
3742
1120
69481
94959
7075
178
98961
3125
1699
2553
5114
71033
2105
933
6187
1238
3150
5414
3470
1271
102445
2333
3676
1361
6235
1081
3038
30
5956
40148
43267
7013
44974
6979
4537
787
2872
27611
3503
1077
1860
3355
581
134130
4688
2947
230
51540
1884
2626
8
39183
932
41997
2310
280
5418
3105
8880
1061
2360
2779
69
63131
7320
2085
68954
3686
1261
7137
3788
6273
80748
556
84954
51412
1411
4188
3739
3035
89864
647
90428
26242
708
3635
3194
3359
55069
3526
3112
940
4128
13
1042
8361
1949
1941
42004
8207
3062
945
1935
87232
64716
2924
3724
1794
56782
1202
2949
3044
3111
1810
1784
6003
32525
2952
100714
4571
2752
1345
6669
6643
1916
2130
4304
549
142488
3213
2273
7285
1025
1940
7451
7386
80
454
6993
80969
59995
1209
6539
6001
7156
2351
3178
7827
107081
163
6378
3693
900
2920
2344
1161
2866
36527
60756
5103
3535
917
4888
6773
3414
5670
7767
7373
3015
3152
6724
1257
8933
3418
56339
4444
1566
490
1041
2463
6959
764
4262
3529
8958
4508
207
6286
5415
2284
53894
1711
1049
26524
2905
56949
2648
326
3429
176
59418
26422
49280
4478
64034
2038
3365
54272
1645
4899
1937
9018
7482
1135
6863
3265
4880
3086
4380
4273
26587
2245
106072
2432
5265
103048
4326
4223
7136
27660
253
8955
6216
67997
1845
2694
2131
91673
7932
26599
4252
7263
6975
345
48082
52975
2442
3347
4450
2575
171
1904
2594
8938
116897
45186
1186
123
2090
6664
1365
2664
58295
52458
6932
2068
6502
68347
