user_recommendation
318
527
296
593
858
608
356
2858
260
2571
1196
50
1198
2959
589
1221
1197
912
4226
47
1210
4993
1
1193
7153
1136
110
2762
4973
2918
1270
750
2028
541
3578
1617
5952
58559
1208
1240
457
1213
32
150
908
2692
1704
293
48516
1291
899
904
1225
778
969
913
1247
1148
1214
1219
111
1230
1259
6016
1252
364
745
1304
1089
2599
923
1250
953
588
3996
44191
480
1288
2997
1203
3897
926
1968
1961
1228
1204
1207
36
2064
2329
2542
2804
1079
2502
5989
1233
898
3114
4306
1276
2716
1682
1200
337
2396
2324
1394
1625
4011
6
1732
903
4878
595
4995
1028
919
497
1036
7361
1172
2289
349
4963
1263
4034
1610
78499
1278
720
1234
920
924
1199
1246
1952
1293
2318
2019
3147
1265
1212
515
922
68157
59315
474
3504
1299
1073
1035
1244
2395
1222
3362
590
5991
2797
246
1267
1500
1272
471
3683
3421
56367
1223
5669
8961
628
1060
5995
8368
910
79132
3730
1674
1947
2580
1090
40815
950
2300
2291
509
2268
161
1179
1284
1287
377
1077
39
6539
3462
7502
4027
1953
1266
1307
16
2194
33166
357
50872
48780
2081
3471
2917
1258
1094
2248
1945
1387
1960
1175
1292
1361
5618
1192
44195
3435
3735
2186
2973
3671
4886
116797
6377
5060
1254
1393
6502
2791
555
59784
6711
534
112852
2132
968
955
2303
1206
1201
44199
2908
1673
529
1096
55820
74458
2137
68954
1084
1269
32587
307
6874
46578
3006
54286
306
928
905
3088
1356
265
1580
4308
1217
223
3481
2987
308
1411
2020
475
86882
1285
3246
1080
1260
2076
1283
1097
1256
805
92259
80463
3418
951
1357
8636
1095
551
5956
3363
2231
581
5630
1584
109487
1178
1719
3152
30749
1248
4085
3967
1103
1333
58
3868
1104
33794
800
914
671
81591
106782
49530
5418
2243
3198
1264
3724
508
1086
5225
942
235
194
3468
2664
2871
57669
4979
1220
6787
3359
994
17
47610
2115
3167
52
56782
29
2690
8228
62
3543
89745
1959
2108
2467
40819
3361
2359
599
106489
1262
4896
1227
109374
2353
230
3256
866
954
63082
3022
5444
2313
2761
54001
1343
6942
1224
125
73017
1249
2391
1939
2366
4014
5876
1029
535
5064
1185
134853
930
88125
363
1641
64839
3201
5971
162
3037
28
3551
911
1209
104374
2726
1997
69844
122882
3095
3068
3791
31658
115713
30707
3000
35836
232
8798
3451
272
2501
1231
3007
3508
110102
134130
2929
81845
8132
7143
1845
5816
3101
733
1189
2944
3035
37741
2125
76093
4235
2005
2739
106920
27831
3034
1127
594
1131
39292
1280
8970
1147
81834
2971
5299
2160
2355
3062
3814
68237
87232
122900
3702
7147
6979
2357
441
2687
3429
115617
2920
88810
1784
97921
900
3871
1688
3307
2648
300
3104
4326
68358
2712
1958
3476
7099
96821
2336
3989
8972
1948
97304
3175
3911
1281
1303
1218
1729
3916
3089
3386
562
49272
72226
3081
106100
94959
3546
44665
1466
945
81932
6863
5747
2841
832
3983
2644
4037
1012
3469
3255
3317
3499
663
30816
1057
933
2352
54259
112552
299
1946
2232
5812
3033
2947
2067
2208
59369
38061
3536
99114
3135
64957
1527
55247
7132
1366
3741
91542
3200
6807
91104
1956
105504
946
1955
73290
1950
741
6350
261
1191
89864
81229
85774
104913
1954
766
5103
122892
1238
973
921
96079
2070
2935
30812
50068
2202
7075
44555
3510
3952
8784
60684
7096
1944
36529
2144
2459
6662
2553
8981
907
85414
86
2073
70286
2925
1300
2010
52975
7451
4263
1994
2463
106438
1734
940
6870
501
8542
4903
1537
7137
45728
538
3448
4465
1049
8958
4007
4881
3181
2795
4292
2130
3038
6796
728
647
68073
3655
69
3360
2729
11
6993
98961
9010
102445
1358
6104
88129
51662
5238
1354
1088
838
48738
1171
34162
3252
104841
3111
3703
33660
1120
2312
206
7698
54997
41566
1611
7090
1046
69757
6754
41
2454
4489
2890
51935
3783
98809
5791
8366
3134
3210
1257
4623
6461
1177
8208
7091
2287
3213
6385
4537
6724
65514
2068
3612
916
71535
1966
4427
428
1202
1964
72641
5955
26729
42004
26084
64716
1289
3102
909
1253
142488
1251
7445
4322
6188
14
6440
1663
55267
33493
6436
1694
3083
7371
322
4720
4450
850
69481
58803
2474
2976
81564
3077
2857
7285
3105
5380
1927
7215
2279
4103
2109
4017
2746
3355
2442
7022
8807
6791
5878
2330
4086
2351
1245
107559
2138
319
64614
116
2203
3030
63131
97938
34072
51540
2788
5379
106441
4008
8645
82459
3203
3505
88140
93510
5152
8191
1047
1296
2096
27721
5008
233
1921
4033
2728
7293
3811
52952
3334
45950
3606
3677
89904
4327
7256
280
390
2165
6852
1449
1340
3219
1680
5446
1957
3272
4432
58295
3044
1305
4262
1211
1082
229
84152
1277
81847
53129
6331
5801
3016
927
2846
949
2361
3548
86377
8580
5377
1374
4406
3260
2912
3350
2961
1150
3498
281
108932
6003
3521
4787
222
7380
3696
1261
5341
2932
4211
4019
55052
72998
6452
111362
3679
2071
2288
1345
4880
2184
2919
3713
7802
1649
6375
1237
4660
7669
4190
2721
55269
7027
1013
54503
2952
4304
1420
1643
1085
2245
8641
4321
4029
1923
6773
1396
3036
3609
1380
451
7373
52604
3397
2938
146656
91658
56339
1423
4217
190
3672
63876
4776
6155
373
95088
6187
2315
4821
7386
6380
6299
73587
5500
1484
115569
3550
8665
6001
2801
8874
759
4799
55250
52435
27803
43
4223
64620
3507
2951
148626
4809
62849
89
3437
5765
2328
3789
3196
3512
3310
2102
6565
91077
1111
1215
5992
290
3018
3039
53123
69122
1635
91529
122886
6959
26422
59418
49280
105197
3020
87306
4273
2694
4783
268
3358
3684
3412
5970
1931
111759
3788
6419
105844
40583
5349
6708
6777
3270
938
943
7139
7827
85
80
3357
32898
4361
531
