user_recommendation
318
296
593
858
527
608
2858
2959
50
356
1197
260
2571
1221
4993
912
47
1198
589
1196
750
1136
4226
111
1193
778
969
1213
293
1270
2918
3578
110
457
899
2028
953
913
58559
908
1089
1704
2762
1207
2804
1259
1356
1276
1203
1235
898
910
1073
1240
919
4306
5952
904
4878
1968
3114
2395
2329
1247
1220
1036
2997
6
2291
1208
1206
32
2987
1682
1225
7361
1732
2300
1784
1254
2716
1674
1961
1214
2359
28
3897
541
595
79132
2797
923
1252
3035
2599
6016
16
497
8874
7153
17
900
1258
1617
926
150
1219
1957
3108
1948
1411
3606
2973
945
916
3359
1204
1256
1278
2690
2542
1222
55820
994
3481
3088
1233
924
1201
46578
1148
2692
175
4995
4973
1299
2019
1673
1282
1500
1625
4361
903
5989
1230
3044
1066
2502
2396
3111
2268
4011
4799
555
1302
5995
3684
4802
2064
2069
44191
1288
337
3365
1228
838
1293
56367
1374
2144
3175
3368
4963
5301
1250
2080
4046
3675
2083
3836
1246
48780
56782
1077
1097
3284
745
940
3996
1060
515
339
1610
1945
349
2076
68157
3260
1200
48516
920
235
1304
5034
2779
4027
1271
1269
932
3949
5418
79702
3098
3671
36
7502
590
1361
377
5225
1953
2791
161
6711
1459
68954
3471
223
78499
3095
4308
3363
106920
704
954
509
33794
1357
6874
1285
106782
109487
4896
1262
922
2186
1284
551
3147
3510
66665
5618
1210
3462
3157
1291
3201
5617
720
121231
2193
2318
1264
914
6539
3421
3788
27773
5377
2289
246
3019
4979
70286
364
1614
72226
1947
3196
1265
1212
2160
3683
39
671
2761
529
230
588
1223
928
29
35836
1172
2324
4034
1292
68848
2125
1267
1266
2078
2908
7147
5060
3911
32587
905
162
1047
3037
2010
3424
1244
1224
1079
3006
1096
68554
6502
33166
5505
1209
33171
471
2132
2105
1653
911
1960
26974
55269
1103
508
3216
40412
97957
92494
1884
930
1283
265
57669
6440
1035
45
3255
2303
1104
64839
1734
1287
441
2968
48394
1199
3317
34162
1231
1178
1358
6214
1217
2971
3435
134853
112515
4848
474
4754
1950
51255
3730
1466
3499
3451
363
8961
1719
2712
194
3469
1029
306
2096
968
800
34
741
3386
50872
2580
1179
2917
4641
581
3089
134130
1173
54503
805
480
1192
1954
261
475
1237
2871
64957
955
907
933
3071
3871
96728
6807
2501
21
2496
3067
1248
3360
81591
866
5956
5902
3724
2194
348
3868
596
74458
951
7451
30707
613
38886
663
1845
112183
1249
49272
3256
733
1023
5791
3653
4187
2231
3418
1387
59315
971
1272
2081
34405
1175
247
96079
1946
44665
7090
1921
1449
5444
5669
3512
38061
5103
49530
1345
3034
1234
26084
1147
4262
2248
2664
4103
4277
2529
2087
1393
1080
66934
30749
1028
361
8970
2739
116797
3275
1
3873
5630
50068
5168
206
2788
4235
63131
4007
3362
1754
45728
2137
1022
89745
628
68358
8949
122892
1057
3735
96829
86377
1191
33493
2916
272
3203
1394
2459
1305
112552
1962
3702
68237
2366
2109
86882
59784
54259
915
6796
3429
40629
728
2108
3072
1084
2005
1927
909
2961
319
1090
3342
2355
4357
1333
5008
1025
85414
599
1046
40819
562
92259
44195
3334
54001
848
60069
2490
901
4263
11
3341
4019
1277
2726
3508
6377
3916
2313
8132
3814
30810
63082
88125
69844
8950
1049
2391
112138
5991
950
2145
88129
2245
61240
3556
5782
373
7265
3507
4128
3967
4246
4658
48322
941
6218
71264
54286
3747
80463
7254
1241
3022
5971
7802
4489
4450
6461
3763
2352
4356
6732
1483
1211
535
93510
4190
97
1956
8366
1095
2670
1086
26729
2841
81845
81156
4189
127152
4704
468
4787
5187
2243
6620
54881
4552
8228
30816
1078
2648
946
115713
27329
2746
4720
300
72171
4795
2857
5214
3468
104374
2488
86
2106
431
99764
125
93443
190
785
5445
8981
3783
3414
3246
81847
2085
2935
4709
4798
4401
5233
5234
5232
5231
5230
1555
148
5167
1537
942
1260
41566
30812
48783
82459
85
2068
3167
798
2889
48698
861
1939
4437
3061
115617
759
64614
110102
3519
6787
2660
2273
100556
4936
213
90357
118880
5569
6940
6063
108192
31952
89837
67087
146656
65261
108932
1944
3244
96467
250
991
128620
79677
85438
148881
160590
139757
127108
107978
133771
86000
74754
139116
54256
8507
2929
42418
3599
97304
1189
1965
2398
308
4178
1964
6863
55290
81229
3498
2070
307
140174
4105
7327
8958
233
51540
280
3983
4037
31658
2964
1226
1432
109848
4835
390
3200
3551
2749
85401
3000
51662
7380
3612
108981
108727
102684
2863
6662
58295
7438
121
4270
2952
1227
4017
4914
3134
232
490
3198
40815
5668
3168
1303
73017
6993
224
5074
3549
7616
1441
6979
91104
42004
3252
5673
2357
2434
54995
66097
3007
48738
5876
91658
3219
2208
36529
1611
440
31410
47610
7827
80906
1296
81834
70293
3600
52435
1242
106100
2141
1499
492
7139
52281
4239
99
850
6773
37741
3135
3929
6378
6187
51935
3186
1286
76093
4783
2694
7075
7285
4349
8638
6283
8784
91529
106489
2150
2644
4427
3379
1005
4499
1663
7235
7669
1633
8641
99114
7132
1966
3062
203
55442
216
46976
74727
700
1111
1004
6101
63876
3083
2420
4688
2966
787
3789
5028
81932
2951
3676
2575
4537
55908
2463
80489
2745
139385
5015
2553
3952
1243
122882
1202
4223
534
3358
4033
668
8580
8665
6296
1982
451
115569
64716
8798
1251
2846
3504
5785
94959
766
8207
56339
5500
111921
6331
6942
2138
27831
88140
1931
4432
6281
34332
2728
56757
1120
2330
68135
33660
1958
5146
2937
4021
2071
5679
8873
2924
678
549
3969
1834
1085
5064
90061
4755
58803
4191
147
1693
2351
2067
3677
3543
1354
5010
73268
6947
33615
54997
72
6932
26326
63062
1912
556
3545
4616
25
59418
26422
