user_recommendation
318
296
2571
356
1196
260
593
2959
527
858
50
608
2858
4993
110
1210
589
47
7153
457
1270
1198
5952
32
58559
541
1291
1197
3578
1240
1221
1136
6539
4306
2918
4973
2028
1247
364
1704
1230
150
969
4226
5618
293
6
1265
79132
912
7361
1961
2542
7147
1214
2797
3897
6377
1682
1036
926
919
1089
908
17
349
778
1035
904
1208
733
480
1193
3147
2997
44191
1393
8961
2692
111
1376
590
1213
953
1617
46578
2502
1200
1610
595
48780
1625
588
59315
28
1307
48516
377
6711
56367
4308
2329
380
4011
1222
1204
2064
2712
1183
68157
741
60069
922
2804
31658
1580
2324
1952
553
1073
55820
474
49530
2976
1252
306
910
4896
2762
750
194
1090
1674
903
2117
2194
899
1228
3916
805
1207
3996
7090
5791
2115
7438
33166
2268
7502
1288
3510
68358
6016
1
1203
2291
2105
134130
36
1084
1258
16
5971
8874
333
1380
5225
5995
50068
1299
2019
6333
2289
4878
832
1287
1172
4886
913
1244
1954
8371
1298
838
33794
2336
551
5903
1968
68954
1215
1206
1958
581
1259
62
5989
3181
5349
5418
86882
1081
1754
54259
81591
1784
265
2924
29
2359
4027
1945
3476
3911
44195
3481
1217
2132
2739
4963
2144
3793
1219
1921
648
32587
1584
246
671
2917
924
4848
8368
122882
555
2318
1175
81229
3000
5679
307
3386
1096
81845
3256
58803
50872
1292
37386
348
2395
40815
1262
48394
471
2248
2353
1097
1285
1361
6350
6725
4789
54997
1225
3868
2125
92259
266
1272
65261
1267
89745
3462
1732
31410
2000
73017
2202
168
1250
272
2694
1527
2396
955
1281
1835
1234
3317
3081
308
1103
116797
2938
3175
2025
30707
161
5015
2490
1201
2788
5668
3706
3469
2081
5816
112852
33171
44665
4235
3545
994
3671
1254
6502
109487
6378
5630
72998
5956
2141
2278
44199
1358
46976
1608
2005
89804
1077
1211
3019
36529
91542
534
54286
2599
74458
2300
40629
11
162
475
1173
1192
235
497
2463
1060
7235
69844
80
4021
3471
1566
1907
597
1997
1339
914
1269
85
2971
6979
347
8132
1243
923
2916
45722
281
1041
1673
8784
6618
151
8360
2791
52281
7123
759
119145
25
4881
1057
920
5669
5377
1261
98491
3362
31878
4117
4103
357
5902
56757
26865
55280
3448
535
1500
175
37857
1231
1947
3070
4361
7143
1419
93721
1927
4846
1028
8958
34405
3555
6385
2066
2020
6807
46322
4980
53123
2303
1960
26776
316
1611
1734
1459
81847
2076
6708
78499
2010
2134
1094
6662
26662
4642
56587
2792
63876
26524
905
68237
3418
3763
2716
1209
1233
3104
76093
58295
8633
5481
1931
8972
106489
1719
4552
59784
3925
3007
106916
59018
3275
3251
85414
7156
2118
2908
3218
909
2160
3310
907
2058
6184
2022
6281
5146
3972
1034
1249
4263
3307
1953
63082
2232
3301
7164
965
4921
5500
86
51412
2273
64839
1293
233
2096
1271
4033
7024
26326
26231
68554
2335
1275
2440
2186
69481
1013
230
4223
1220
4979
3108
104374
3679
5473
4450
33138
42900
71390
27792
166
26749
80553
8938
32515
40226
8240
60384
95113
32840
77291
34326
6774
63836
5782
866
735
4181
2983
7099
1078
2746
3633
288
5060
213
66665
3022
575
83613
4697
222
47099
67255
2302
3844
1484
2467
46723
2139
27611
299
1394
34323
5646
1246
30749
1687
6954
73290
162542
3701
353
587
3018
2310
54001
26152
8807
2780
2430
7139
1179
8751
3152
8754
280
8970
1085
4427
1061
594
2761
4034
1227
48738
4442
4696
2880
2041
4166
876
4717
4567
4566
4565
61323
1086
338
3504
1962
3627
69951
27741
45950
1266
3114
3134
3112
3624
4128
3213
55269
4085
34162
3683
110102
1014
5460
928
1356
56152
55247
4277
2432
3203
3703
2097
34437
1257
4343
56782
3173
3030
26840
4101
51277
1256
515
3083
13
3702
190
51255
3608
2263
4349
147
130
6116
5518
1545
4553
599
7060
88125
6316
4616
2863
3730
971
26587
3196
37830
2890
2752
991
55442
916
3355
115617
1148
4133
4467
2978
7844
6909
7116
4121
25771
3417
79702
2348
1422
1722
2987
524
3088
6565
3039
3654
59369
2496
64614
1264
3037
927
2009
87232
57669
122886
968
60684
1684
1693
7323
835
106920
95311
7075
27882
2841
3071
3219
39292
32898
2501
4941
2311
2352
125
2138
2140
1948
114552
8949
3761
6870
2925
714
87522
4995
745
91978
6959
106072
663
7766
1834
3091
88129
3421
102445
98809
6874
1605
3521
4262
6286
1965
1286
30825
3252
93363
1466
5810
2660
4873
68848
1432
1951
2133
1242
54999
708
51662
4299
1049
41571
936
106696
5218
7482
26258
252
4019
48696
2287
742
88140
115713
6987
950
3740
6440
6548
2946
6283
2090
73
5312
3006
54995
3741
1918
898
94018
64716
61024
2046
1411
56251
101
81834
8947
55052
73321
3429
6721
232
6787
1022
1273
59387
1147
529
1253
3677
8369
1080
66097
1408
88810
49278
7669
41285
27815
38499
1304
47999
3357
66934
2106
3201
66371
56171
2929
943
8636
3129
3020
2810
2357
6461
3342
5828
105504
5876
1260
97304
34
3848
5095
4722
1333
71282
52435
4047
1321
2398
5400
3420
4014
30816
900
2734
41997
1189
27660
2871
7649
3260
111659
8589
70183
97
1345
247
7013
1537
5337
27523
1278
2626
3089
1378
2846
51935
6273
4422
4102
5255
6796
8528
6001
3507
7757
4489
49957
951
79091
2644
1302
1263
1305
4232
64957
40819
1939
538
115210
3452
1248
8370
4225
2732
2137
106782
292
1276
66297
4010
2731
44555
38038
3905
45183
26554
33834
6582
149
7836
5341
3724
3873
8019
2071
1374
986
104
47254
5690
7022
3363
1956
5882
1950
5444
117529
3262
87306
6323
2333
1046
71156
56775
508
5401
154
4432
6879
62956
60161
149606
108514
57504
2961
5103
3160
1792
1283
6296
450
6598
122892
1964
31184
363
262
52973
32596
