user_recommendation
318
296
527
260
593
858
50
2571
608
1196
356
2858
2959
4993
7153
1210
110
1198
1221
589
5952
1197
912
1270
1089
1193
4973
47
4226
457
1291
2028
1
1704
1136
32
778
750
3578
908
904
899
1240
293
111
541
2762
1213
58559
1247
2329
4306
1208
150
1207
2324
364
2997
36
4963
1204
1259
969
923
919
1304
48516
2918
1617
1732
2396
7361
1252
1265
1203
1036
79132
1214
1219
745
1225
2692
953
1258
903
595
17
913
6016
926
497
46578
1961
480
1682
1148
898
920
1230
32587
588
1228
1199
4027
1968
1610
2019
2064
2797
6539
1035
3147
68157
3897
1084
2542
4995
1222
246
6377
1276
1200
1307
8961
3462
4011
2804
924
994
1172
2599
4886
6
6874
910
590
733
1080
1278
1206
44191
1060
3996
2716
1073
475
3481
194
1217
48780
1953
78499
4878
59315
1212
671
5989
1250
4034
1945
1097
1267
1299
1952
1293
3730
3114
1233
471
30707
33166
1947
56367
922
4308
357
1028
1584
11
3362
1220
1500
1254
55820
2132
1625
555
720
5995
349
1079
2300
5669
5418
2791
7438
2917
2502
950
1939
8874
1288
57669
474
106920
1256
50872
3793
1246
1957
515
1096
2194
337
1356
1674
2186
2580
1264
81845
1960
3468
955
2289
2115
2971
2863
8368
30749
1090
4235
76093
1269
109374
954
1948
54286
5618
2268
3307
2501
1411
232
33794
3152
63082
2871
628
68358
56782
1361
5010
7147
34405
62
1104
223
3868
1580
3361
2020
1262
1285
68954
1223
29
1234
49530
5991
581
1305
1094
5816
3363
1296
3104
3504
1358
72641
3088
44199
914
916
4085
1103
1215
1729
51255
235
3435
1287
306
1374
112852
40815
2248
1224
1292
3418
3386
2359
25
70286
3545
1077
3683
1244
1387
1641
5444
1231
44555
2291
5225
1466
64839
265
1248
44665
3471
1333
60069
800
1834
927
106782
2278
1946
2467
838
529
928
74458
3007
1280
2076
261
3949
1183
5349
8970
81229
1235
7502
930
2303
1263
3421
116797
3724
81932
3671
40629
2357
86882
6711
134130
2648
1394
44195
3038
1272
1147
1175
1211
1994
162
1923
8981
1950
1959
307
88810
3424
1303
968
31658
99114
2144
921
971
4896
4979
319
8132
106696
68237
905
2474
2203
866
3260
2726
115713
53123
3310
3167
41566
3000
85414
2890
902
2739
88125
1192
3095
272
3741
5956
1066
54259
7116
92259
945
3916
2612
2761
1023
58
1189
1408
55247
81591
1376
94959
1201
7419
69844
7132
3469
1784
2644
5902
2125
1693
86
4422
373
81847
6662
2908
1284
2243
2925
380
4014
3735
6796
4103
7090
2690
105504
509
538
40819
377
3134
6787
3200
2005
175
2105
534
112183
4037
49272
7099
353
6502
3684
2231
477
5903
7087
3507
54997
741
1281
1673
3359
2664
1663
5679
134853
3952
81834
314
1357
6773
3160
32898
6942
2109
5064
1537
1237
104374
5630
21
55276
6333
1680
1719
1283
2490
116
3060
6807
4661
3275
2427
101
5060
6385
3168
3022
1178
1251
1956
5341
1300
281
128360
3039
233
1253
1086
1131
161
89804
69122
69481
1179
5475
4432
5238
1527
7836
2728
3983
5385
7669
3814
3252
6552
87232
1266
7263
1963
8958
88129
97938
110102
3201
59784
3317
5017
115569
8264
4007
3101
1958
73017
27773
16
2366
7767
55063
79702
5971
86487
26797
58649
4428
8261
96075
4410
53887
101850
104119
74089
26501
8123
163949
150856
112577
114464
938
3006
412
4262
6021
68838
36529
3198
3527
911
7075
3801
1754
1238
2202
109487
4223
1260
946
3035
6870
2938
2283
3510
8636
3686
951
1419
1927
1218
3546
50068
6001
3872
6724
6003
7256
122882
308
85
91542
1273
918
8542
8949
80463
224
1298
915
4969
7091
2070
6378
4809
6979
2929
594
7013
5876
1127
933
2067
1209
2010
2920
1955
48738
3505
112552
1964
1029
39414
1884
79824
48791
68269
80839
32289
41573
6380
39183
3068
1257
3270
6273
348
72226
8665
54001
5103
97
2066
97304
31410
2245
2935
7139
3037
6565
3429
5013
1242
6777
33493
2712
2745
2352
2336
1354
2081
5992
942
280
6331
96079
1340
1095
3475
3246
5146
1120
1997
37741
26729
52767
7698
3213
45728
2108
99145
3910
508
55052
3809
54503
907
106100
38499
7285
86320
73290
3476
3153
4903
26524
2795
7143
3072
2355
901
37733
7943
428
66665
7451
448
5772
2732
3256
7566
759
79091
2068
48696
142488
89745
4427
4801
937
3203
2138
6101
2232
108583
1962
3911
909
1161
102445
900
127152
7386
1271
2423
6350
38038
4349
222
55269
3702
70293
5791
1827
514
1944
34338
8784
3703
3100
80
3176
3524
8228
64716
2403
4450
95167
106916
1019
2434
35836
3019
3966
3989
3406
115617
80489
2018
6852
7212
1916
1810
7373
67087
3536
6783
1907
55069
98809
8933
3081
3879
59018
91658
3178
58295
1101
60397
3499
2099
4424
441
106438
2313
4263
56607
8042
72998
8950
1941
4912
96728
2130
38304
3089
1734
63876
8972
51412
6708
2553
4623
247
2731
1243
7164
3365
230
53024
6271
440
2944
3077
6669
171
3364
28
2391
2951
3594
91104
78039
56805
64285
5812
431
5446
26587
31435
2936
6530
69757
4846
943
79242
6987
6538
2273
4658
1619
931
91077
3653
3355
7215
893
6786
300
1393
122886
1935
1050
105197
3108
6959
45950
2924
81564
2208
3091
87304
106489
4380
64957
6639
2331
51471
64614
2857
67255
3347
146656
55253
7088
107559
106441
2919
140174
61357
8979
31116
54995
122892
3083
66934
2117
51935
4537
1343
98154
1931
115122
1611
2912
5114
26178
7802
97673
2288
973
112290
3341
148626
8492
8125
6187
2333
101895
2946
58879
935
27812
25996
50245
7300
25882
25999
6133
120821
112735
151307
47092
72367
8572
26147
128606
25945
94931
105355
127164
110752
4927
26350
26505
75990
26323
5088
112399
7126
7111
30712
7022
4821
7084
95135
7478
5028
6612
4117
635
1365
1475
1302
