user_recommendation
318
296
527
2959
2571
593
858
50
1196
260
356
608
2858
589
1197
4226
2762
778
1221
1198
912
4993
47
1270
1
1210
1193
2918
1704
293
1136
1617
1213
111
908
1225
1089
32
223
923
1208
110
4878
2028
1214
2997
2291
457
79132
3578
1207
595
2329
919
1278
509
1968
2716
913
750
7153
6016
58559
1203
2692
2797
1259
1240
4011
1276
2324
969
1073
5952
1732
899
2542
1228
364
1247
1682
4973
541
1250
1222
904
2502
953
1219
1265
1060
474
2268
898
1291
1961
1200
2396
150
5989
2804
588
4963
1234
1230
3114
1288
1220
3147
2395
1252
2289
6539
1304
6874
246
926
2599
1272
1035
3362
2321
555
1244
2064
1206
48780
4306
36
1500
1952
745
16
44191
2300
1246
1610
1036
1266
1172
235
903
1148
29
1258
1212
337
56367
3996
3421
1267
922
48516
1204
3897
4034
1028
1077
7361
1293
910
471
1394
3671
1094
6
3468
3448
3481
515
951
32587
954
3039
1625
3006
4886
720
56782
1954
8874
1356
1263
1653
5995
1673
33166
3471
1079
265
68954
2243
2194
4995
4027
1945
508
2144
1095
3462
3735
68157
1104
1084
480
905
70286
7147
55820
17
357
1242
741
7022
3359
48394
3358
2973
348
2115
2359
1269
3424
50872
475
924
272
1233
1299
529
5618
1387
3435
3543
2231
1224
1199
1254
81591
3469
6807
28
349
161
497
175
1307
2318
1953
5444
928
116797
1466
900
5064
1393
1292
6863
2248
57669
3361
2081
1179
1120
46578
1947
1343
2463
551
2076
1641
3499
921
2908
58
1729
1674
3504
76093
2005
4308
1287
64839
800
3683
1281
2020
2125
2947
1357
3363
1090
1285
2467
1231
2739
6502
1694
2019
1464
1103
3788
5630
1147
134853
1663
7438
1590
2871
4239
534
920
4848
3510
162
68073
63082
33794
1580
59315
2490
2788
8961
1097
6796
3307
2288
2987
2160
112852
955
531
2336
11
27773
1527
7502
122900
1223
6942
950
3524
52
215
1963
1217
30749
109374
1960
1939
44665
3081
78499
5060
86882
911
2580
2391
4007
1175
116
628
3730
902
5299
2690
3507
4014
1260
45728
1096
1944
30816
40819
1023
34405
7139
4262
1042
3275
106782
104374
27831
3949
7802
4235
319
96079
6870
88129
6377
39
5812
7090
2186
5418
1256
25
2130
3418
1211
1934
280
2779
2917
1305
1942
968
2109
134130
2501
66934
1041
88125
89745
1192
54259
34
3019
81847
1080
4085
866
87232
5816
1249
1938
766
1264
3791
1411
8970
49530
106489
2841
40815
33493
3255
2232
1201
8132
1784
47610
2750
363
1950
805
69844
5991
933
8530
535
916
262
441
3256
1940
6440
581
3793
3246
1284
81834
5377
4016
538
3355
671
109487
3034
8493
942
3408
3451
8784
1374
8798
2096
233
95510
72226
33660
2916
89904
6378
3198
106920
1238
41566
6188
2671
307
1366
2011
49272
3317
2763
2829
247
3068
1243
7099
36529
4450
8950
1912
34332
1688
1569
115617
97
125
73017
907
314
945
59784
946
121231
3020
1719
3526
3210
44199
353
1361
58295
6979
80463
1380
1189
8368
4361
1921
3386
1283
3072
51662
3814
68358
62
5152
2065
914
5956
909
5782
1215
2140
37733
8228
4720
51255
377
230
51935
3219
8873
3035
2924
3167
2108
104913
2355
27022
42418
122892
1956
4326
1282
3135
2459
1333
2949
4755
90061
1178
2944
6350
2303
68237
3213
6754
2795
8958
5103
3037
3702
2132
1594
2202
3420
44195
1296
1237
3022
477
111921
232
85414
3067
5225
6954
261
3033
85
48738
73290
96821
38061
6565
8949
1227
562
30812
2474
1191
3044
428
194
1395
96728
2687
6461
2066
2952
4734
206
1277
3088
8754
6711
41
54997
3252
37729
7285
1476
64957
2302
4033
1082
1414
49957
3038
108981
1537
556
81229
3724
3000
3512
431
5146
31878
98809
108727
102684
66097
2366
1202
6104
79702
106100
112183
3200
1111
837
82
8751
3102
5971
88140
45
2138
1047
156
74458
3686
1958
3360
1449
115713
86377
106696
5074
648
1948
140174
3556
69757
6283
55442
521
2693
373
8360
4008
4465
7380
3952
2070
69481
3111
4263
2985
4128
59725
3342
55267
3262
94959
2728
965
3396
6591
54001
3713
1046
735
3104
2761
3016
1086
81564
3201
1303
4623
492
4223
4343
5955
6787
514
3186
6385
6436
111759
4103
3334
1218
3612
104841
4321
1088
7064
1248
81845
61240
1994
31658
2935
4037
1946
3175
1587
54190
4211
2971
38499
1185
8464
92259
106916
56152
108932
1845
6323
2313
1057
1257
55290
279
3089
3591
54286
53956
84152
4787
1907
452
3272
6452
3152
4489
4696
92535
139385
6959
282
1262
3725
111362
110102
26152
86
2729
4019
58803
412
4369
3070
96829
3508
308
9010
5293
190
3551
3696
37731
80
65514
3653
8645
6618
63876
2726
440
3134
2852
68135
4427
2594
35957
101525
728
99
64614
3203
6419
53519
46976
14
7164
7386
8633
2912
322
2926
5446
6620
2312
114060
4088
4617
5960
4522
55908
7087
1964
178
1799
91529
553
8981
7844
7451
2919
4616
1019
4406
4459
3244
4628
1967
85179
930
326
7156
43
647
64716
52952
81932
56715
104069
1643
2105
213
4783
6218
4881
121
7132
86320
390
97921
1797
7137
1957
2553
4557
7075
2165
940
6001
69122
1734
3989
87306
3498
339
52604
176
5690
2968
306
2280
3347
2423
2495
6791
1273
1280
38038
5970
4166
4979
3513
599
34072
3153
3868
1927
4292
4846
5791
2644
93040
26084
1649
6281
82459
446
67255
2890
2041
3179
55250
69134
5847
109249
64034
8638
3429
2611
994
34321
7669
1066
2780
31410
2301
6598
4978
2712
7757
8542
50851
1125
4565
4442
4567
4717
876
2880
501
2208
30810
4349
785
2706
126106
5002
3627
1194
7096
3437
5765
2137
39292
5540
4017
102445
6708
147
1701
1678
2664
3341
5128
96588
1274
1289
97304
56339
1271
93510
4366
