user_recommendation
318
296
858
260
593
527
608
356
2858
50
1196
1198
2571
2959
1210
589
4226
4993
1221
1197
47
1704
1213
110
457
1270
1
150
2762
1193
111
5952
1617
912
1089
7153
1136
293
2918
904
2396
32
778
364
1225
1203
1291
2997
4973
908
1265
541
1240
2028
2692
6016
899
480
58559
1259
48516
2599
3996
745
750
1252
1208
923
3578
1304
7361
913
588
1682
924
1148
1968
1732
4011
903
953
1247
1961
2542
2329
2064
1079
1036
969
4027
1580
1258
79132
1228
1097
4878
2804
1219
1206
1199
1200
1207
1222
2797
1060
1307
1250
1276
6
1288
1214
349
32587
919
1267
1172
590
1073
1263
920
1997
4963
44191
3147
246
55820
1230
2019
733
1080
3949
1947
4034
3114
1234
337
2115
5618
3481
6874
48780
2712
36
1954
555
5989
2268
1674
2324
2716
1212
1201
1293
8961
33794
2289
27773
232
595
1625
2502
926
11
898
1387
1673
6539
2186
1246
68157
2318
1953
2395
922
1945
16
1356
2300
2194
1217
59315
5995
3897
3471
2580
3462
1394
4235
1204
1028
3006
1233
4979
508
2291
33166
910
21
497
377
2501
474
78499
1223
4995
68358
3104
1527
720
3730
1094
529
1952
2739
994
5669
112852
905
4886
46578
1500
7090
2871
6711
3499
76093
2248
1957
4306
7502
235
50872
5445
6502
1090
1466
3435
40815
1287
1220
39
5418
3735
2973
74458
1960
440
106920
162
44199
1278
319
914
223
6796
57669
1019
1244
5064
2005
6787
300
515
3683
3307
3363
1272
54286
800
8368
34405
29
2908
5816
968
928
49272
2231
1912
86882
68237
1393
1834
109487
2137
3504
51255
916
2243
1260
56782
1994
70286
475
49530
116797
1192
1215
911
3421
1333
1449
3983
2125
161
194
3671
73017
8874
950
5903
2529
306
3083
1227
1299
54997
54503
44555
2890
2795
1256
1280
81845
4262
3468
272
3362
2917
2132
89745
3868
780
509
628
3007
3175
954
2467
17
4007
3198
2232
2791
671
1374
1955
1218
1407
1209
106782
3451
3246
92259
1086
307
1175
2359
6440
308
31658
3033
44665
81229
4873
109374
2076
471
4848
69481
1262
357
1254
805
3510
3317
1959
56367
30749
1283
58
2011
8798
1264
25
1131
39292
262
6565
2138
2144
1302
915
1035
3358
99114
1300
3000
1077
41
1950
69844
96079
3476
1641
1096
1248
54259
3703
80463
501
1231
3359
69757
2572
1927
299
1095
431
88125
1610
62
3101
104913
2303
3088
8641
82
68954
3152
30707
783
5010
1939
215
1104
2406
2971
1982
1178
1189
2929
69
2925
4903
3952
2020
2947
4623
81591
4016
1211
1376
37729
348
951
741
2987
1354
3548
3095
175
106100
1411
261
6807
63082
6331
3022
51540
7802
106489
353
55267
2761
380
73290
1784
134130
3035
1916
2118
30793
1059
930
110102
5630
91104
1537
538
1147
1361
265
6870
3196
8636
2067
2160
412
54001
233
6269
1251
8228
8132
2391
549
648
2288
1127
224
2202
290
2366
2357
8208
1948
3543
1357
946
2944
7099
1185
3160
112552
5971
81564
1249
1380
68073
3355
1023
1884
7143
2924
551
115569
5812
933
2208
3365
85414
141
2352
2726
86377
2078
4427
3910
3360
3210
1729
1963
102445
4085
1238
3676
3524
1292
115713
54372
2729
54881
81932
4128
7022
3039
4014
3129
88129
535
6669
1269
3424
3037
1921
1944
2912
368
26587
3551
89492
5114
7027
3448
6378
4019
176
222
3044
2612
178
60756
1345
4914
2846
90428
3788
2968
122900
1719
1923
3098
1150
33493
1885
56145
2073
1305
33660
4304
3089
6377
3508
7137
5991
6333
2463
428
2245
5992
3414
2819
1261
1284
1034
5876
67997
7373
5013
1103
91658
8981
35836
88744
96821
3791
1224
72641
1266
116897
1845
146656
3505
3030
1194
942
53123
3527
3168
56251
1797
8638
2920
5444
2788
3546
6235
45950
2010
3071
1245
2108
64839
6380
3020
7256
2648
3178
105504
62849
1860
4321
3967
85342
1810
3081
2096
1066
3015
4489
2736
1689
647
72998
921
89904
7132
373
31410
3200
1081
6732
8958
2434
973
562
2949
5747
106696
3213
1303
838
3653
2090
73321
322
146
735
3545
2664
837
1619
3948
2068
909
51412
3916
7235
50641
88810
26729
6323
37741
4450
97938
38061
1958
111759
1962
3512
2310
477
106471
1025
93510
3811
390
2951
3167
3068
59784
8950
52458
1464
64034
87232
1084
99764
1237
4641
13
3201
73344
1663
4017
27846
123
3260
230
2946
945
1734
2935
2099
59369
84152
91542
3194
6993
1179
1186
55280
6979
492
104841
2420
5477
4103
1396
1135
280
2863
3915
1049
5446
8807
5291
1584
55052
3535
3361
7147
55250
8933
4105
3252
6350
556
142488
4642
8645
3696
55069
3742
6773
122892
5055
4466
4945
1956
121231
3310
65514
6959
3783
51935
940
9010
534
117529
85
27660
1274
26131
4086
56152
3062
27831
62081
4322
4037
4467
115122
2278
2102
77455
2312
4865
938
3038
7482
111362
850
3814
107406
1680
6708
4062
67087
8970
93855
8542
93320
5244
108583
932
927
62956
112183
52281
3100
2932
632
268
2563
53
3702
1649
93838
7386
79357
89804
2686
26776
5500
5008
3396
6281
2690
32525
2774
6975
7116
1859
6662
2671
26326
71429
3016
3112
50068
4188
1029
65261
106438
90531
5956
5782
7091
917
2361
1616
3320
3072
4896
4616
47518
4302
4731
5071
4263
2474
5772
971
2801
5103
6461
6942
6001
4361
2336
3011
2553
148626
2490
26524
3741
3111
7320
7767
3263
2936
4327
86781
1964
6552
3134
140174
3507
68159
1321
1946
1566
6986
3261
65188
2284
3386
1330
1012
36931
27724
7263
7787
71899
3125
156
1120
2267
8607
2745
321
64620
229
3159
7013
37733
65216
6242
4033
1366
362
8880
2130
4776
60161
247
3469
91673
26599
7932
4252
1653
3801
4349
96728
4661
575
6659
79008
128360
3498
2066
115617
8938
6286
345
2594
2520
