user_recommendation
318
593
356
296
608
527
2762
260
2571
50
1198
457
590
1196
858
1270
150
589
300
364
1197
1240
1291
4226
1
2997
2028
4963
25
778
1704
1136
111
47
2599
2918
32
1210
110
541
5418
904
2858
6874
2716
4993
2959
1200
293
2502
4973
6016
1617
36
235
1213
29
912
480
1258
5995
7361
529
4306
3147
908
79132
924
4878
500
68157
2324
1193
2329
74458
2712
1028
1994
1968
1265
1682
16
1387
1214
838
1527
7438
733
1278
34405
1625
1089
48780
3703
2115
1148
2692
1203
2671
319
2396
923
63082
5989
1285
56782
2160
475
55820
6323
5782
2359
1073
246
96079
48394
969
2064
1080
54286
3868
8665
3949
2174
12
1927
1219
7153
1673
1199
4995
2791
1262
1206
69757
5679
2076
2291
2804
1464
4450
2916
229
53953
1244
6807
3481
2132
3897
1912
1088
3788
1639
6565
357
69122
93840
750
2231
68954
1247
2871
4085
89745
2005
1259
3735
2318
64839
3671
8874
5218
2542
112852
71535
57669
44191
94864
1287
1079
458
4343
11
1220
3196
253
2150
81229
1466
914
141
4246
1249
1952
3039
1228
40732
7099
1674
1947
1252
745
3578
3255
39
54997
1204
6539
2797
4022
1035
3006
1953
49530
70286
1230
916
1961
50872
48516
112552
99114
2501
903
3476
3967
2252
1207
2761
5349
81591
3793
1221
1060
1784
474
2746
3007
2078
8950
175
51255
5816
27773
728
44665
33166
509
741
905
106782
1376
2144
1019
1921
1225
1876
919
2090
307
2987
8360
46578
6796
3414
1855
1414
1689
3730
1948
3262
306
671
1250
7802
3035
3424
1954
30707
339
1810
1923
2094
44555
497
1036
1945
3000
31658
3499
76093
79702
1025
4034
1120
1288
1173
2108
3100
2018
1276
1732
56367
1021
1616
1293
79428
4679
223
33794
2580
2747
73321
4483
6986
6188
3534
1215
431
1246
33004
2917
88129
3676
61323
54503
1580
515
5445
1097
555
2394
32587
109487
6502
4262
4427
3791
2081
2431
783
1396
162
80463
2019
913
96728
5618
3702
6711
67087
8949
4011
116797
2000
39292
2194
933
454
1090
64614
6333
3421
68237
69481
216
534
1641
920
866
539
2770
953
8908
3911
8957
922
194
1208
1256
1394
2243
2087
1175
4467
3168
48
4128
6863
2391
3275
59387
2186
2605
108981
1957
6378
3556
368
88125
3272
1305
108727
102684
68358
4225
1014
1018
3175
2406
3159
2942
3408
36931
74946
62374
27724
1997
91104
4239
1449
7044
93510
106100
6350
4235
106920
2085
2819
5074
3478
6450
4062
7787
97
3252
6235
2232
6620
3194
1172
40819
3081
3552
3450
6077
8711
7833
6125
76293
147
6755
1238
7419
6942
2105
5014
49272
3435
2245
52458
2395
14
1934
714
2300
7064
65261
1393
2795
735
5388
4333
2947
37857
3706
81834
6440
647
3683
2935
1066
1610
1077
4299
3098
3020
2463
5971
5574
3156
7649
3148
1217
3471
37733
3451
2012
594
67255
7022
2125
1390
3070
543
98491
53468
83134
2539
491
52281
71838
4571
4833
2739
1411
3350
661
6870
1653
3996
8807
230
1982
112183
115617
1222
1299
322
54259
2968
1078
915
940
73017
1584
3200
3742
2344
4896
73
2006
3861
59369
553
93721
2788
3181
5690
3468
140174
139385
62049
2504
452
946
6979
2353
3198
973
5299
3088
53000
69844
41
108932
3034
48774
161
3037
3019
800
2924
3546
114060
65514
101525
41566
40414
1884
3462
2459
249
97938
61240
215
30749
68073
1748
4027
3654
4489
2915
58803
86320
71429
736
22
4327
69134
587
1345
1095
3363
3060
156
3608
3114
64716
1663
4623
106489
3639
62
538
1391
3507
3448
5952
899
1459
6
50851
5002
2280
126106
69526
96821
232
373
353
55250
1597
390
2268
2133
7
3365
1226
5903
4499
4016
1619
6787
106766
8633
26268
31921
202
375
167
4700
1408
113
1962
71899
2687
47518
86882
59784
2208
2517
3362
1343
155
3686
6777
2420
4007
4041
6636
4537
32139
4535
8337
3952
3296
8190
6630
8929
7357
1937
6686
6423
7614
4661
6829
5836
4359
3505
8535
4357
6743
1949
1963
3134
1180
2932
7255
1178
48043
3629
3152
3512
902
1693
4017
65188
1950
551
968
1333
1907
80748
909
290
3469
3096
4214
2496
3869
56949
1834
2145
7235
5060
92
3420
96829
3811
8368
1254
7445
31435
3104
720
8914
27821
5954
5064
3044
8873
72226
7143
178
102993
299
4641
104913
665
2971
1281
8132
45
2976
60756
31410
588
5103
8638
8958
5630
2140
53996
3129
3696
3745
1729
2677
280
55118
109374
82
107559
106441
73290
57528
27803
4014
3341
8645
1983
5444
70
7387
95311
1212
106438
81564
1211
1500
5377
8981
4223
37729
92259
1272
8641
3675
262
2991
115569
2352
134130
8529
2467
4846
7844
2694
3701
1235
64957
100714
59995
1292
54001
2138
1588
46976
74727
2278
5955
33615
1023
4662
2985
4649
1194
628
41285
2787
4251
4652
3213
222
4509
5282
3653
764
80489
2636
2634
2635
2651
2654
2647
2644
2652
2649
2650
1672
9010
5765
3437
115713
2529
5483
3794
62081
898
41571
3479
8019
115122
114552
54995
44195
4519
27660
51084
55290
4361
2759
3251
945
907
2841
2780
1261
98809
8916
1243
1284
2952
5460
27523
1753
5244
93855
108583
85342
50641
93320
2248
122900
6662
2376
5522
84152
7247
5339
965
94466
5114
835
3527
55269
95167
26403
8798
524
1209
3101
2413
1260
535
72641
926
26152
4133
4518
4351
5812
4121
59315
3032
2880
876
4565
4566
4717
4696
4442
4567
79357
7569
6975
4076
5427
4930
1563
4965
4591
3892
2563
565
1819
4352
4796
1352
1450
2267
85414
3681
2792
26007
97306
3203
581
2202
3761
69644
4941
3358
1273
63853
33437
2495
59725
59684
65037
70728
5146
50068
180
76173
3219
134853
1594
99764
176
562
47610
58559
6774
4321
3247
7944
146656
8937
27838
1356
2686
27156
4630
26342
33760
26425
1297
52
