user_recommendation
318
296
260
593
858
1196
527
356
1198
50
2571
608
1221
2959
2858
1270
4993
1197
7153
1210
589
457
5952
912
1089
47
1
4226
58559
1213
110
150
1291
2028
1136
1193
2692
750
3578
2997
1208
1704
1203
778
2762
4973
1240
32
1225
1036
6016
541
953
2542
1617
969
2918
923
588
2396
111
1265
1304
293
1252
4011
904
1732
480
899
2324
48516
1968
908
3114
1288
913
497
2064
1148
1079
920
1387
8961
78499
1230
44191
2019
1207
1214
364
1307
1259
1090
1219
1276
2329
1200
1228
919
1035
745
2797
1204
2804
1222
2289
1097
2716
1961
3996
39
36
4963
349
1682
1234
79132
590
5418
1247
1060
1258
1953
1293
555
7361
733
6874
357
2599
17
4886
32587
1250
50872
898
2791
1244
6539
922
1356
1625
926
509
1278
1500
3897
1246
1784
903
1094
30707
54286
4027
8636
1223
2300
1957
3462
905
59315
4034
1256
33794
1212
5989
1527
246
1947
595
1172
3949
515
1269
529
300
1201
3671
3421
1267
8368
3088
1217
3868
1028
1206
3363
3147
11
1923
628
1674
1224
1199
474
910
5995
1263
2987
3104
2502
81845
33166
994
76093
30749
7502
6
3386
1220
1073
69
534
4878
3361
1299
194
954
1077
1254
2580
1302
3730
235
1280
2366
671
44195
5816
68157
1147
106782
2917
2115
109374
1945
48780
4995
368
2194
1673
4235
6377
4306
112852
1264
337
1262
955
4085
40815
3160
16
1663
46578
1610
299
55820
5669
35836
59784
2186
2908
3468
2248
2291
5010
1411
74458
44199
2020
916
232
3006
5956
3435
3448
3307
106920
1994
116797
1357
1948
2761
1287
2890
1641
1343
2318
2081
5618
1939
1952
81932
2973
49272
1233
2971
3481
2863
2144
377
538
44555
122882
501
475
1305
3362
319
3007
1242
2243
51255
3471
2268
2948
3524
1394
2467
272
2976
7132
942
86882
1354
223
134130
1084
2947
56367
2359
64839
1361
1303
1960
3256
162
1729
2395
3359
800
3476
3101
1175
3260
928
2490
1466
33493
581
2406
1131
3683
3548
2231
41566
112552
1080
1292
1248
49530
720
73017
2132
535
1120
2739
2125
2501
57669
2288
6502
6565
110102
1209
3200
89745
3198
2968
5445
5902
921
105504
92259
2355
44665
3504
2137
1584
1358
2076
2871
1029
1272
8542
87232
1834
471
115713
3510
8981
2648
1023
1096
3035
2712
1192
8665
2985
81229
41
3791
72641
4896
3038
1963
1104
911
27831
4308
938
2105
3176
940
1237
3152
2951
785
3083
4979
492
2078
508
3167
122886
307
63082
2203
2690
4799
5064
1179
261
594
3037
950
1215
3418
2018
838
7147
2474
3507
82459
8798
3310
3246
54259
1019
1580
40629
514
5444
52
1300
6863
68954
6662
1688
115617
106696
494
306
86
45722
1066
40819
5349
951
45728
1103
5992
8874
7091
68237
914
7143
31658
69481
1408
142488
161
91542
2612
3703
3635
88125
3724
27478
53123
3545
1189
4623
29
1227
454
5225
93510
96079
1283
832
2728
85414
2989
4037
543
4014
3168
68358
3203
945
88810
1946
728
3735
2846
3039
6807
2745
65514
3499
2245
230
69844
930
4327
915
34405
97921
116
106916
1333
1211
7116
7090
89492
1266
27773
1393
60684
50068
98961
1927
6001
70286
39183
1296
224
4450
3175
2788
91077
54997
290
2357
3030
2138
353
3095
3396
105197
2726
4086
85774
3508
3016
1178
3060
2919
62849
805
3134
968
8970
56782
1271
233
2010
265
1127
2313
1281
3033
72226
2160
2208
3194
3681
4128
2795
1183
927
62
3983
6375
3153
4661
2993
3869
106100
54001
38061
3015
766
2070
3469
97938
7386
2529
1419
5915
3317
1614
91104
4422
81564
2470
3967
146656
3044
6979
6787
2102
30
8132
373
2779
4016
80463
943
4225
5991
1965
7099
412
102445
4679
2130
5971
51540
3365
81847
2005
3252
3022
3948
2991
3814
91658
1260
97304
1449
1950
81834
2644
6796
2949
1396
924
3952
3341
1944
3275
2736
3100
2202
5630
5522
2524
4321
2463
3181
71033
5500
5608
1020
134853
2553
6281
1476
132333
3020
115569
5475
71535
2664
1537
2083
3213
3984
866
8528
122900
3072
2068
1161
4262
850
81591
2273
6552
2925
2099
900
104374
3672
5017
80693
3684
262
2935
87306
4299
3342
2774
946
6773
5903
3068
2232
933
3470
47610
32898
1374
1032
5490
3679
2108
39292
2693
64034
55247
1086
2352
3018
89804
119145
3741
1885
3019
8228
837
3081
1238
2938
1186
2080
104913
6380
2696
45
7263
4103
1348
6331
3398
3000
314
3274
3745
60069
348
2912
1810
7013
1284
7451
106438
7767
4007
1954
2131
8958
102123
101
3505
64957
3360
112183
4396
5013
268
90866
345
85
25
4019
902
363
3091
2750
4263
2872
58295
58803
3763
3706
51935
5146
4865
1376
64614
84152
99114
61132
5110
5114
1251
3414
3102
2321
4432
6003
3742
3702
7419
3263
101895
125
1321
2763
3105
68838
6273
1380
1827
6777
146
105844
156
1249
2455
26729
1955
845
1935
92
68269
229
37741
53
632
7323
4410
3067
5341
48783
73321
2721
7669
3417
3639
1095
2442
1243
32289
48791
80839
41573
79824
26524
3429
5812
2087
5218
2353
3712
1734
1934
89904
88129
8123
8261
26501
96075
8264
7087
26797
86487
55063
74089
4428
53887
5238
58649
163949
104119
150856
112577
101850
114464
63131
3872
215
1261
6959
1231
28
52767
97
109487
1931
1012
7285
2988
7075
26242
63876
483
1845
7836
151
8933
64620
2409
7137
103
5385
6669
3543
84954
6021
1701
94959
1049
3973
2165
6987
1341
128360
3077
3112
148626
48738
247
1034
98809
38038
4585
2066
1949
36708
2267
2857
55276
7089
8638
2303
3424
1643
112290
88744
551
114028
440
3686
3364
4642
7438
52952
741
3911
53129
2752
7566
4941
2423
907
3270
2551
1273
49651
2671
73344
3347
1941
3196
3638
4424
4427
2336
2167
2096
2106
127152
6708
73587
