user_recommendation
318
296
527
593
858
608
50
2858
2571
260
1196
356
912
4973
1197
1270
1221
4226
1213
3578
899
1
7153
908
2959
904
293
1198
4306
110
589
2997
7361
1203
1682
1136
2324
2762
5952
2028
778
6016
111
47
150
364
1193
1252
4993
4308
6874
1219
1704
1210
32
1204
1208
1230
246
1304
4963
457
1291
953
2804
48516
2692
1247
750
1207
745
1293
2396
1278
1240
919
4027
920
913
926
1732
1035
1265
1222
6539
1276
46578
1089
898
3114
541
5995
1961
1080
1212
923
2791
48780
969
903
954
68157
2186
1285
79132
922
1617
1172
60069
58559
5989
3730
1950
2132
910
497
2797
2599
57669
30749
34
1307
6773
1258
1393
475
17
3793
2918
2300
1073
5418
36
733
2064
2580
1148
1939
78499
3152
33166
1259
3104
1228
5618
3897
1945
3462
588
4995
2329
994
4034
1267
4235
648
1097
1784
4886
1036
1234
109374
1060
2303
1947
34405
5902
595
39183
480
1223
1200
1625
2076
3481
2357
1952
1256
1248
4878
1217
1084
2202
2019
971
38038
3310
928
6
1147
1269
3435
1251
2321
3996
3386
2443
68954
30707
474
1244
3949
29
11
1250
8961
2726
3362
1280
1411
44199
58
2291
2731
39292
4011
3546
2176
106920
1288
916
194
1028
4016
2917
551
1225
1199
866
3147
927
1835
70286
1254
1246
134130
515
924
5225
81845
3504
3916
1214
3724
2648
2871
1206
1231
1088
720
6001
2289
1296
25
265
3536
56782
44191
7147
3095
105504
1103
7419
3969
3507
3186
581
2268
7438
529
3684
3735
1729
1361
5992
235
911
3510
2971
4054
2302
1271
300
1680
56367
555
1357
5669
955
1179
905
99114
8958
7116
3468
5017
3260
8368
32587
7669
3868
1343
3088
1994
1953
2203
3307
950
3357
8873
838
81932
1946
3255
50872
3408
1641
54286
27803
2732
6377
1968
68237
2427
2908
306
64839
1948
942
1580
3683
2115
2125
1299
1104
3361
3257
1077
8874
6662
373
2925
3471
1189
6787
6502
1537
2501
590
1264
1834
1527
1303
3038
2890
31658
88810
6987
6333
2929
76093
72641
63082
32898
5013
2644
1958
7132
5475
49530
4037
112852
2081
2716
106916
2020
3168
5341
7836
8228
3317
112183
44195
2920
81229
48394
48774
125
2863
535
86882
49272
80463
3424
7087
26242
55247
1237
3072
3167
1282
128360
94959
7090
1673
1201
5816
7136
1394
534
4422
5385
2278
1305
477
72226
1962
940
40819
2391
55063
96075
101850
104119
2285
4428
86487
4410
53887
5238
74089
8123
8261
8264
26501
58649
26797
112577
163949
150856
114464
3872
2283
46976
2712
55276
1029
97921
7371
59315
2068
915
2351
40815
2542
938
115713
934
628
16
3108
1500
3742
6021
1964
38499
4661
82459
4432
1348
2066
1860
59387
4809
8042
2248
1096
1611
115569
96079
4085
81591
800
2739
1407
5782
4014
77846
6807
1466
3067
7091
3677
26729
1263
37741
2761
6530
3702
1653
63876
2467
69844
1376
2946
6942
81847
538
1936
3083
3359
4969
2961
3983
88125
40583
3060
5444
134853
53123
492
232
5445
308
8949
337
108583
7698
4801
34072
8542
909
3556
3007
74458
1078
1209
1211
1175
968
69481
6869
921
1333
6711
3467
3755
7235
349
3101
8955
6918
8132
1094
52435
930
918
86
1754
116797
68838
55052
348
33004
6724
41527
7459
3746
96655
943
951
37729
51255
6777
4427
931
2846
1292
3198
3019
7767
69
1449
7502
36529
357
3911
448
471
3741
52767
7566
7143
46723
26524
68358
1192
2948
6783
3896
1935
2005
1748
56941
1284
661
261
1295
89745
754
3089
104374
599
7013
1079
1957
5971
97304
2664
7075
140
3989
901
1419
48696
4369
7088
2245
3475
79702
44555
62
106696
5991
1218
27478
6101
3545
48738
1020
6218
3081
7072
53024
6271
38304
54881
79428
7022
4979
122882
8933
4349
89492
3252
4277
2078
2
4086
2690
7943
102445
8950
54259
6273
41566
1358
1674
4914
935
2208
25769
2612
99145
2718
3077
1885
4262
2160
3201
36517
3034
40629
162
1955
26084
41997
3134
98961
6643
58803
1913
7123
671
5630
3524
1041
902
86504
100383
3246
5105
79242
2243
5772
441
7981
3100
97
3000
3153
8580
1954
6852
87232
115122
1584
3966
5878
3580
3656
72998
3657
2201
3200
1340
80489
5291
4912
1202
3456
1274
1099
2728
1131
7360
176
2529
56152
2232
4263
112556
1272
73
70293
8981
4920
946
152081
148626
97673
8970
3256
92259
262
76293
40732
105844
333
5010
97923
49824
8979
61357
151
127152
72720
105197
105355
266
8492
87304
1941
47629
27812
26350
26323
127164
26178
128606
26147
72367
25882
78039
25999
25996
25945
75990
4345
55253
101895
56805
7300
7126
50245
4927
116
94931
8572
5088
6639
151307
112399
47092
6133
120821
86320
56607
7111
112735
58879
110752
91077
26505
30712
3811
4821
45950
2366
6552
3105
7478
7487
1092
2474
7766
3566
95558
1021
7215
8360
1475
8645
4642
6786
2067
945
88129
106782
8966
1395
900
53000
32234
8638
741
2447
3341
4270
3074
3196
3022
8711
6077
6881
6281
102194
34338
3505
31878
1238
3363
2502
1177
2935
440
728
86377
3736
5319
91658
7084
97752
2349
6125
272
575
6331
764
117176
45210
91104
7771
5812
1719
233
2788
2313
55820
3355
54001
47610
5367
3175
53953
59018
7089
79091
1374
8125
5114
6385
71535
55069
51540
949
2144
280
1884
1260
2141
7587
4218
1356
28
112290
4896
2976
7285
6380
3791
2109
6796
2936
8972
1810
7700
85414
5876
5690
2541
1178
31410
2938
2148
3476
4967
2792
6003
4965
1688
93838
6708
5377
5608
3018
1266
85
5146
1652
6970
47099
50658
26712
80
8477
80906
122904
7265
3364
96811
37733
3035
73017
156
112552
2130
50641
4546
7069
140174
91542
2420
2919
1262
596
215
1635
508
2352
26662
213
1249
6350
7073
3213
4238
86347
4903
2000
4019
34326
6954
3598
7156
2924
123
2951
1161
6358
