user_recommendation
296
318
527
608
110
2858
260
2959
2571
858
356
32
1196
50
47
589
2997
593
590
1291
4226
4993
1198
1210
7153
79132
1073
2918
5952
1197
58559
1258
1089
1732
7361
1221
541
2028
5349
1270
32587
4308
595
2396
1214
1673
1213
1225
1036
2115
733
2716
1961
1208
349
1923
2542
1200
1247
1259
2599
4034
3578
8636
41285
34
364
1222
3481
594
1230
104374
134853
1573
5010
457
5445
3160
1968
6874
1228
2985
6539
2005
919
111
2194
778
8981
1304
508
2329
1136
2395
1240
33794
1193
588
1250
3897
48780
1262
150
1148
1625
1
246
2268
293
1242
4027
2174
235
1025
1150
1960
4973
1203
1610
3006
33493
1060
134130
46578
3448
4816
1233
2248
44665
1252
4103
2692
6
8360
48516
2791
4963
1784
1299
51255
122882
3421
1095
237
1693
6440
36
3386
2762
1245
1220
1994
3783
1408
62
2890
3683
5618
2745
1090
1185
3095
1266
3020
50872
1580
2728
2502
6365
5013
1178
5225
3036
787
850
2952
1946
3203
4037
3150
8207
3342
3090
759
5995
4688
4211
6016
6003
2000
52722
3747
380
1287
648
42418
72
1354
1927
555
2108
1179
2966
38886
2730
1466
3081
1617
1682
109487
3499
2427
377
1219
1836
5060
46976
56367
2944
7147
3527
1246
1204
3071
44195
3996
44555
750
55820
1288
2318
16
6333
8961
1293
953
59315
2640
4979
1393
1584
109374
2797
31658
2011
7451
4306
913
8874
348
1079
2289
54286
34162
53996
1356
2580
265
745
3060
2761
68157
480
4878
1265
3034
1320
8368
2572
48082
1028
1097
97921
2447
1954
54272
2278
1407
49272
106920
54997
30707
2076
86882
2291
74458
4011
1357
1199
1285
6773
1282
44199
53956
3504
1387
8528
61323
30810
1527
1278
1243
2529
5971
333
1267
2947
1884
1217
97938
3246
2324
1172
41997
2987
116797
2064
2114
141
45722
27721
159
79702
1032
8132
56715
471
8371
4007
912
319
3275
2541
68237
968
8665
4246
106100
161
112421
111529
926
8949
337
55269
6367
7285
3317
4326
3510
2707
7090
33615
3724
6552
509
5670
7025
4537
2930
3902
26729
6101
21
4855
4755
121231
89904
90061
111921
1704
7767
6932
1183
8957
2022
2949
27706
904
54787
5414
6868
6835
1449
106782
53894
4262
903
2109
50794
515
1674
11
6664
1194
7360
3000
2406
2078
4235
1264
6548
1344
88125
5507
2467
2085
272
1396
1587
37741
1721
5902
353
2102
3635
2788
6620
2948
6873
49286
79428
6377
8972
7317
6934
497
91500
616
2080
60069
81229
2454
85414
7373
52973
1059
2403
1257
91529
3686
31410
6711
4370
5954
2144
7254
6979
1358
2046
3671
6947
3501
1031
92535
2671
832
300
3033
3251
4776
4848
671
1883
1858
2091
3040
2086
3265
6708
2877
5418
55282
38061
1334
2087
1284
802
1921
2723
5669
176
3196
5989
2478
86377
4406
25
475
838
4641
45950
1939
1081
3252
6796
55765
3699
899
232
3639
1033
1953
63082
3147
1046
104069
6957
4865
3114
33166
441
2096
1030
1307
1378
223
2019
4351
1958
3638
3476
2301
1207
720
119145
115713
139644
3408
5673
116
17
322
18
2018
631
87232
112
2100
6942
122892
2460
7833
8711
76293
6125
6077
2391
95088
6870
2940
2066
1719
122890
761
57368
84954
7139
1754
3019
78499
1641
1042
231
2872
6350
1249
51662
60950
35836
661
7143
9010
1175
2420
1924
84152
3355
3256
50068
363
56757
1244
1959
1333
1235
663
2160
1345
3556
2908
3105
2355
2968
39446
1080
71033
4427
2273
2501
2302
2249
2359
48738
307
1339
529
586
535
3030
4159
88812
34338
596
1734
1962
3911
56152
2232
2919
53953
1997
55280
27523
4085
2288
116823
2161
1234
28
8970
101
5955
3696
5765
3437
4630
48696
1049
3328
500
1027
53519
7099
2991
2023
920
493
6537
1047
2423
4017
4881
2151
95167
8937
866
534
1171
80463
908
2750
68358
57669
314
3916
440
1192
2303
914
48043
110102
108932
151
538
86347
1302
66097
26776
3536
115617
53125
3983
1280
3507
4033
3539
3
5956
524
6863
1966
2013
27831
1845
2142
1300
1947
1615
5218
905
479
1956
549
2001
55247
3704
280
8370
1248
2
7419
26268
31921
8861
3271
1834
52435
51540
65261
163
8983
73017
55442
82459
6807
3972
4343
93040
45186
34405
2686
1810
53972
3793
1616
40148
30822
281
1022
1254
51935
81847
206
6612
7162
2494
4723
6215
6760
4297
3077
8451
4888
2166
4035
2782
6881
6638
6974
3852
2885
7151
7177
1085
39414
7348
2610
2425
4391
4977
4783
5028
5680
3117
37240
2090
1670
1366
5508
5297
1816
2530
2370
482
27660
379
4117
109249
5500
80549
81562
106487
3298
81845
4965
77455
8337
1029
40815
49278
3259
5134
4584
277
2020
2245
4489
53123
3168
2112
5630
59784
55267
8622
2513
72226
64957
1489
1645
3702
7156
5417
1279
5608
5040
42718
27851
4660
46967
48518
1497
49314
31420
53435
55272
56775
5809
32017
4200
55261
42002
5915
33164
52717
44694
62849
1342
60756
1223
177
898
6063
3526
1374
2067
5903
26662
3098
3623
1572
2757
1406
102903
3175
4533
474
3424
5319
43267
106489
8917
6662
95858
87222
72395
66934
47999
96079
1290
1094
7502
52281
1274
96821
44974
33660
2328
5266
8645
45499
5679
3360
26840
2313
2243
3703
4128
1447
37731
6323
4047
80906
1955
3082
531
5816
3581
1056
1566
1256
54259
412
1515
61024
36519
8208
3538
46322
3173
67997
1041
4014
42723
805
5991
2407
30745
27592
74
6001
2231
59684
31435
76173
65037
207
934
27741
4378
4327
122886
7323
105844
31193
5064
5690
1035
81564
43
781
1399
1201
149406
136016
55363
39715
3910
2871
911
2690
51277
2924
26865
69951
4101
34332
161944
1283
6163
95377
5108
77435
95313
152017
135436
4802
117192
157296
98491
106642
60674
145935
59392
848
70183
96737
1518
81932
2390
112175
110730
230
31878
68319
581
85736
147
3698
6753
