user_recommendation
318
296
858
50
527
608
2571
593
2858
260
1197
1196
2959
912
1198
356
4993
1221
4226
1270
110
293
47
1
1136
589
4973
904
111
750
457
2997
150
1617
1210
1240
32
1252
2918
1208
1203
1704
778
908
899
1089
7153
1247
1213
1193
2762
5952
1291
79132
58559
913
923
6539
969
364
4306
3578
1225
4963
1682
1968
953
2692
2502
541
48516
1230
1259
1206
2396
2028
595
6016
4878
1148
2716
1207
48780
2599
1961
903
1219
1732
745
36
1073
919
1394
4027
924
497
2329
2797
2542
4011
223
246
1276
1214
1278
1222
44191
1250
1035
2064
2804
3996
555
25
1199
926
1244
1304
1228
5989
920
5618
1200
3793
910
7361
2291
3481
17
4034
4995
1204
11
8874
1265
68157
3897
1036
515
2324
32587
55820
6874
950
50872
1028
33166
1060
898
1258
588
3114
1947
1256
1212
5995
2712
2076
922
1307
1246
4886
2300
1077
46578
4308
475
2019
6
2395
3362
1267
1945
1254
1580
3462
1217
1356
235
1233
349
3421
551
1172
954
1952
2580
1500
60069
3671
1527
1625
6711
3006
1080
337
48394
70286
480
1953
671
16
106920
994
3730
2289
57669
1673
8961
3317
1220
2871
1269
1079
2761
1293
56367
3735
1357
33794
1090
2186
3683
1285
8665
2115
1287
474
1466
2791
357
78499
914
300
1094
3147
7147
1729
1223
6502
951
1234
1288
106782
1097
905
1284
741
3504
49530
800
529
3000
6863
1411
3949
68954
76093
1263
56782
162
3471
2194
2231
265
5010
1674
3510
3363
1095
2318
353
3435
928
7502
30749
41566
2160
1266
4361
3256
134130
88125
1641
733
62
3868
1260
2501
232
2268
2248
5418
471
115713
6942
64839
4235
1292
2917
1939
3088
1084
1201
1103
109487
6979
7022
2908
1178
1179
916
40819
112852
1248
838
161
54286
2202
3791
911
4014
2890
3095
3359
2739
8970
2353
955
5444
3361
1374
68237
175
3468
59784
3307
1251
946
1231
1280
1719
7099
5060
31658
3022
3152
2132
3499
1189
3196
2232
2303
1303
909
86882
81845
4085
2125
1959
1096
1610
40815
5971
109374
8784
34
6870
3083
116797
8368
1957
49272
1393
1950
34405
59315
1224
2359
5816
4979
7139
2243
194
69844
2947
6787
29
3175
1257
930
3210
2144
5225
628
534
3104
2208
1960
1361
1175
81834
68358
1333
6377
1192
2020
3310
1272
549
1305
535
54997
1218
39292
2971
58
63082
44195
2109
1967
377
5812
7013
508
306
68073
2648
2108
942
7075
3814
272
30816
3983
51540
1948
2664
1147
1299
80463
2788
115569
2690
2795
1845
6350
33493
968
5064
3536
1653
2726
720
1927
3788
28
1215
4427
1283
3035
27831
3355
6807
2924
7116
927
8132
2929
933
2935
7802
6380
3386
69481
3451
72641
88129
261
431
3686
3167
945
81229
2357
2078
1464
2973
3543
2352
6796
134853
3505
3201
1343
1131
4903
3039
31878
51255
1537
58803
26152
1194
6188
2644
115617
81932
1029
5630
96079
1964
2391
97
8958
4007
104374
3089
3252
1264
3952
3246
6662
900
54259
2916
262
6001
921
37729
7090
26729
7669
538
36529
599
2321
101
380
5991
73
280
72226
907
1281
3070
728
8493
224
60684
1954
3033
1754
4262
82459
91529
1262
1209
92259
81591
3081
112556
3448
2005
1955
44199
307
5669
4846
477
1271
6669
2459
233
55267
3724
5152
965
3546
1387
3198
1238
735
971
105504
106489
2529
3260
247
55276
7419
1834
56152
7386
368
1282
6273
53956
1860
5114
65261
8228
5782
37733
3016
52
3213
6378
3034
94959
121231
4406
3476
85
140174
82
1086
215
1237
3741
4696
106696
4450
2925
88810
1104
106100
5446
2366
4304
98491
2138
80489
26587
6618
308
2846
1396
2312
38499
3068
39183
7844
2467
2731
89492
1982
6331
581
348
2987
3135
893
8633
68269
2612
3702
8950
2203
4103
2070
3038
7156
1120
6773
3203
3469
281
3703
8807
1066
1994
3270
84152
1916
38061
2780
97304
2245
2302
3739
5103
37741
142488
48738
1946
940
7451
3507
4033
1449
766
3916
49957
373
222
3037
973
6440
6565
5903
7137
2686
86
3341
149
2949
108583
1302
3007
86377
4166
4717
4567
4565
2880
4442
876
3594
2140
85414
70293
148626
7263
3272
2355
1797
3424
322
4566
79702
866
51080
26524
90428
2912
3357
58347
91658
26131
6620
111759
128360
6104
3030
3627
1918
3134
4263
7285
52281
5291
3551
1912
2841
1235
54881
67997
2279
65514
4017
27022
104913
2863
1594
3701
64716
1019
69757
99114
1958
6918
4489
1078
122900
112183
1249
3251
8580
26662
3429
45950
6643
4037
1020
2968
492
55069
2328
7649
1289
1997
63876
61323
1296
115122
27773
2387
26242
7235
491
8264
4873
64034
4623
422
1649
8981
7438
8530
79824
4121
110102
80839
48791
41573
32289
64957
5893
3989
80906
1944
5460
2819
60397
4432
1963
96728
7698
66934
3420
4422
8638
1227
59725
6385
1441
2288
55442
8125
5475
3365
37857
3915
2857
4086
6254
3111
146656
949
3200
6218
3467
5013
122892
97921
54372
2463
2273
3060
3771
915
2068
4776
3470
68159
5992
125
412
2961
3811
1202
943
2732
4019
6591
861
452
2096
7164
81564
41
4642
2553
2434
8645
8208
7132
178
3684
4239
2351
27523
55290
3153
104841
3018
3612
85342
139385
53519
93838
7136
111622
1934
102445
4789
6725
4459
2496
42718
112
3044
107406
50641
93721
5377
1799
86781
428
8938
108981
91653
1211
6650
5876
87232
935
5238
30707
3062
1366
54995
5341
26776
65642
2951
60756
4128
6975
8188
3358
4731
3320
4302
5071
1859
5500
590
2315
3102
8949
108727
102684
314
441
7091
47518
2721
3077
2920
7445
1088
6271
7380
1408
4465
1023
82169
2331
53123
96821
88744
5772
87222
1611
3598
26326
2073
8199
3524
34332
94466
2932
27846
55250
2474
86320
8042
3219
6235
902
39
1186
4478
1748
90061
4755
2386
3629
