user_recommendation
318
296
858
527
593
50
608
2959
356
260
1197
1196
2571
1198
1221
2858
912
1270
4226
1
1136
589
4993
293
457
110
7153
2997
1213
1193
47
778
150
1210
1208
6016
1704
111
1291
2918
1617
904
2762
750
1073
58559
6539
3578
1089
1230
32
908
923
79132
2716
1203
4963
2542
4973
1225
364
2329
4011
1968
969
1961
1035
6874
2028
1214
5952
1276
2692
541
1732
1228
1036
4878
2324
899
36
2797
924
1240
1682
1246
1206
1222
913
1028
48780
1250
48516
903
919
16
1247
1252
5989
953
8874
3897
2291
223
2502
1259
1148
1265
2396
1304
1207
3996
1953
555
5995
745
2019
4306
7361
3671
25
3114
1204
1278
1219
3481
1288
595
1060
1079
337
4027
1258
2194
32587
926
2804
2115
1234
1244
1394
4085
68157
588
161
78499
6
55820
2289
2395
106782
11
671
8961
1077
1343
33166
2268
4995
349
3868
1201
64839
246
1256
6377
474
5060
1356
1947
2599
6711
1200
1610
1262
44191
3462
497
733
2076
1729
1090
29
4034
3421
3949
1266
46578
741
6863
1954
471
1299
4886
1233
48394
898
3147
265
4262
17
1199
1212
1147
57669
910
1673
1223
56367
1952
56782
49272
5618
1287
1500
920
81845
1625
994
3793
1227
599
1476
3317
2791
1217
45728
348
54286
1307
2788
235
2300
3039
3448
5418
1957
3362
2231
1293
70286
475
51255
1080
1269
7022
2064
112552
1254
4308
1641
1263
2366
1945
81591
2951
955
3363
109487
950
6502
2318
922
2871
63082
3499
7132
1224
134130
33794
4235
1209
62
27773
5669
508
59315
4623
8542
2968
3095
1103
106920
1231
1285
2712
3735
3471
1267
1466
2580
720
3175
30707
1411
3681
7438
109374
7147
1220
116797
3683
1084
50872
115617
3508
1097
86882
480
3424
1653
30749
590
49530
5522
951
529
3104
3361
4799
2908
2160
4327
3030
44665
1094
5816
6375
5915
1357
3468
3006
132333
1172
96079
2947
87232
1292
80463
5010
3034
36529
5490
1282
2144
4321
8368
28
74458
380
105504
2243
112852
4396
38061
1784
2105
1960
3275
2524
905
6440
3494
914
33493
2467
2924
1095
3044
3033
68073
54997
800
1393
2501
3788
1674
6796
175
232
1527
3730
3791
88125
76093
58803
515
272
3504
7802
1281
551
81932
1096
106916
7247
6979
1387
377
73017
68954
2973
357
5225
3359
1939
3307
93510
928
1120
7502
2232
933
60069
69481
2202
1284
1179
85774
916
4239
2186
3435
8360
4014
7099
6618
3510
1333
104841
1283
2041
6870
8493
115713
3000
1927
7091
2359
3948
82459
4941
1964
1260
3355
81834
134853
3536
3152
4128
27831
6942
3198
1178
97304
2132
80489
5630
3213
2991
492
2739
946
30816
6807
2987
41566
319
34405
509
2391
300
80693
88129
1275
3763
900
64957
2474
954
91077
8970
2303
112183
1272
1305
2985
4121
3507
3639
538
105197
3201
1639
3686
6188
2694
106438
5782
1959
7139
8641
1238
2949
89745
3022
69844
6296
7706
3255
3451
2761
1950
194
91658
3088
3342
7894
2463
3019
1374
5064
3543
7757
314
1192
67255
7137
66934
4103
942
104913
108932
353
51540
2020
68237
735
911
3020
648
2011
59784
1580
36708
1215
7090
1303
440
162
2109
50068
4450
52
44555
76251
837
3035
92259
5540
581
97
3418
1921
2070
81564
1020
8665
280
97921
6893
8638
2138
5956
4299
106100
6104
3703
4361
3081
2948
6662
1464
7143
3168
94959
2700
965
2288
3702
4846
3469
1264
2993
6620
1361
89904
968
1280
31658
99114
1845
3256
930
3967
2971
81229
3196
69
616
2917
54281
1031
3814
79702
71535
2459
8949
3396
8132
5152
27478
2690
38499
2321
6350
5500
86
4007
5444
628
54259
1449
3398
4848
7669
1719
3016
1175
58
3007
5971
1396
5218
1125
2764
37729
8950
1958
1251
909
1590
84944
84152
6461
68358
3272
26152
7844
4246
72226
1248
2795
2693
3688
247
4734
1994
215
3070
89492
1680
3134
3420
1537
3701
101
2857
61323
5299
40815
2841
80219
1104
1189
4660
3467
3037
4010
1302
96821
178
1257
8807
110102
6565
534
44195
104374
8530
1086
3252
3524
1962
96728
3072
3068
31878
441
39416
7773
4467
71466
82527
58351
1185
5903
8633
3089
48783
7419
373
6378
281
108981
2078
945
3512
54503
125
37733
1261
7013
3983
6323
4499
2935
2726
3786
1019
35836
4696
112138
2529
3386
921
122900
3310
431
85342
101895
60756
108727
140174
7116
39292
102684
5049
55267
115569
2664
1088
907
3635
2890
2780
4873
1243
30812
5103
55765
40819
4166
4565
2880
4717
4442
876
4567
111759
38038
114028
3783
3358
4566
233
1948
5339
2728
322
1963
535
1956
97923
4223
4322
7386
3100
64614
1012
82
952
1946
1754
491
3627
2352
1734
7235
2066
134881
134393
8958
30810
6380
915
135861
6773
2353
1296
115122
8981
3111
95510
971
1242
53956
108583
81156
8917
147
49957
5954
4585
106489
94466
2090
6708
2108
1218
363
6669
1942
2331
6331
1967
89470
4571
2302
4981
3167
81847
73321
3203
2763
5690
3741
2312
728
115231
48262
2018
2846
2989
4857
5446
3274
3724
59725
941
5250
805
5014
6427
89305
66785
104078
106062
97870
84696
49688
1678
2051
5991
64716
4349
1321
47610
163
1171
62434
4225
5382
56152
88163
34162
412
3251
52767
4304
54995
5114
114060
117176
2208
5791
1023
52281
5074
91653
2922
101525
139385
55290
6273
5812
102123
4681
48738
1131
142488
2952
4616
3135
85
63876
2140
1748
1011
103341
98491
1663
3071
64034
51935
1237
422
553
2990
8910
224
2357
8983
8798
785
927
7380
3771
7285
452
2686
4783
107141
1013
4019
1955
3357
2248
4017
3789
47099
3057
128360
7027
307
893
3077
7566
58347
3210
31410
8645
112556
86320
64285
3739
106766
2096
27803
90746
1799
6954
18
8873
93838
973
6791
93320
50641
93855
5244
308
61240
121231
103235
122892
55118
507
2334
5146
