user_recommendation
318
296
260
527
2571
858
50
356
2858
2959
4993
1196
1197
593
608
110
1210
4973
5952
1
1704
2762
7153
778
904
1089
1136
47
4306
1193
1278
589
912
223
908
4886
2028
1270
1961
1221
1198
4226
4963
32
150
6377
5995
1207
6539
924
899
8961
2329
2324
1617
903
1265
6874
1247
1208
919
2599
6711
1682
1259
293
58559
923
7438
11
1220
3114
1968
56367
3793
4878
2997
1213
2692
1610
2396
7361
720
3481
2716
111
3897
1036
595
4011
36
3996
1252
953
68157
1225
1203
2918
1732
6016
1097
497
1291
541
509
50872
745
2791
4995
2797
1219
32587
474
1035
357
969
1214
1240
750
590
3578
57669
1060
457
1222
3462
2542
1288
1148
2291
3408
48516
68954
1356
1394
364
1307
5618
2804
1235
56782
46578
5060
5377
1269
3033
4979
79132
5989
1172
555
44191
3671
1028
1641
3910
1947
337
5669
17
1230
471
3865
235
800
34405
41566
1246
40629
1204
30812
39
62
475
1276
1500
1223
1653
78499
671
1304
2231
27773
86882
926
2019
7
44195
246
2501
6502
76093
8874
1127
913
916
7147
21
81845
1374
33794
2395
25
2064
55820
1234
88125
1211
5103
3147
69844
910
898
1215
4896
4623
1284
1380
4262
222
1580
920
40815
915
8368
5445
1084
1194
5418
261
1199
1918
106782
5816
588
3879
1387
34
5291
59315
2078
1784
4235
109374
2664
5444
40819
44665
289
2300
81834
106920
994
4014
1212
48780
175
1209
7263
945
99114
180
49272
88810
8970
70293
69757
2109
81591
1293
262
2890
2355
3000
911
163
951
306
72226
49530
2467
33166
3729
16
1271
3635
4641
368
1729
1678
72641
5791
4443
1639
1175
2863
1945
46976
8360
1227
2987
3270
1927
1147
551
3686
247
1080
2563
907
1884
4357
8949
94959
1375
6773
515
2080
194
2916
1250
1953
349
1256
4010
2644
1680
18
4489
2144
2409
914
1231
1086
2648
922
162
1201
65261
2268
3398
6796
2076
971
4308
68269
2527
3275
63082
6936
1238
1301
1950
1104
837
61323
1997
1066
3104
3735
122900
2248
4085
64839
3594
6269
1305
1464
1372
29
3256
1059
60397
3019
3504
69481
4321
5971
63876
106696
86
7099
1298
955
3911
265
1079
307
161
3471
5673
2303
968
272
4027
930
36529
1177
1333
2736
6
6380
2297
62344
45728
54286
2108
48791
79824
80839
32289
41573
2184
2058
1573
1674
55247
728
3160
7502
3952
69
2010
8132
112552
2654
2651
5114
480
1282
921
30707
92259
1569
41
1258
3152
3949
373
52668
3967
1273
5010
412
2690
3476
6807
1358
6954
3435
4901
224
950
2167
8751
4103
2652
2650
2649
2647
2636
8754
3421
1449
96079
58
7090
3363
59784
73344
7139
31658
1096
7143
81932
2635
2634
2066
2208
4361
2186
2746
1023
30749
97304
8798
37733
1343
1264
2871
3018
1251
232
538
2391
933
2774
48774
79702
8228
1625
1233
7451
1248
3916
6787
2289
54997
106438
6385
116797
6350
429
1466
1916
3054
82169
4814
3653
2819
599
2105
3730
2968
106489
50068
954
266
3507
1393
5500
59387
866
2412
1280
134130
733
662
2908
1845
6662
26776
6870
3868
1192
5903
1967
2971
902
1061
56152
6598
2194
1077
4447
45499
1178
58803
2935
1262
2502
3361
1300
2962
3683
6188
4327
3089
2359
937
7132
115617
70286
6942
3039
927
2232
3034
6375
1673
6184
60069
635
3448
3831
1217
4474
198
314
1958
36517
31410
905
1189
1099
3424
390
91529
3396
805
51255
30810
3253
492
88129
4034
3474
3255
66097
1952
4616
1267
3510
71264
2150
3543
8958
1103
2394
575
107559
106441
1537
97
38061
1797
6378
534
1354
901
4427
611
1376
6333
493
1960
1948
6565
1050
1073
73290
1184
171
95510
1361
64716
6970
54503
2020
5690
1913
2330
3548
2788
3615
3030
946
3763
4518
4591
4796
1352
1563
565
4930
1450
5427
4352
1819
4076
1150
104374
8972
7116
735
205
8645
53123
714
106100
51662
562
123
4965
2202
328
6254
3035
30816
8580
290
1964
1090
2096
6413
68358
2267
4499
1939
2718
3088
51705
5349
5049
3892
1527
5630
3451
6708
1218
3362
5812
54001
2366
115569
1619
1411
451
4161
2937
121
3100
112183
1287
3505
61240
5956
4019
96728
105504
2357
3317
3201
55451
1962
529
501
35836
3219
233
766
1283
2287
6863
4017
27660
94466
3022
2067
1959
4322
68237
3198
81
6893
2138
514
906
5955
1957
34338
33615
2670
900
99813
3007
54259
1296
1228
81562
71899
931
98491
1885
1272
1188
1292
1658
3095
63853
2132
2580
2478
6732
52885
7164
1365
4223
156
2023
5135
6776
1224
918
112556
1827
2846
6461
121231
2925
741
68838
3546
70565
1020
1810
2924
4326
4349
2087
115713
508
431
3606
3360
4239
85
7091
3556
64614
9010
3966
102993
7285
2726
4459
3617
53972
3612
1688
6561
2474
97938
7649
7445
36708
7894
6273
3798
58347
54995
31433
5820
935
6063
72171
4899
1956
97957
1944
6944
2946
8873
67255
8542
67997
5014
4380
26662
105197
1476
8535
1693
661
2496
69122
3508
5505
1257
4041
2912
4225
5225
4396
230
7375
2423
140174
2951
73017
112852
2826
8827
25850
92494
40412
26974
3216
4754
89745
5388
6214
1126
47610
309
100556
81156
34162
3915
928
26133
46062
2693
95167
26084
58351
8464
7256
5522
2065
6331
6724
3359
7802
40
764
127152
2318
112138
361
6480
5765
3437
3696
6777
112515
2524
6650
348
55442
56757
87232
1046
2459
54881
132333
5915
2084
7669
3739
66934
2463
6296
3925
1171
7371
4920
27664
90866
2947
5992
2917
54736
2973
91653
91077
3414
2331
4799
3551
6358
1611
4967
3357
3074
1263
2764
3503
2363
5446
2624
31685
86548
93510
1112
8183
59995
2145
2620
77658
52281
55765
159
5490
443
33171
93721
80489
7075
51540
3307
342
4467
8529
99764
1620
48698
3677
1552
549
