user_recommendation
318
356
296
527
593
2858
260
608
2571
1196
4993
50
858
1270
110
5952
7153
4973
2028
912
2959
778
1198
1136
589
357
1221
1197
2692
457
3114
1210
32
4306
720
3578
1204
1304
1193
1682
2324
6016
7361
1233
47
1225
1089
1203
595
36
1704
1094
246
969
1252
908
293
1617
899
1213
4011
4886
1291
1
953
2997
1214
923
745
4995
2599
48516
588
1265
364
2396
1208
903
1240
78499
1035
4963
497
515
150
1219
1079
1207
161
7147
4308
541
62
6539
111
58559
1206
913
898
750
235
1961
2542
1036
4226
1200
904
223
1952
475
68157
1293
2427
4034
4235
838
509
1968
2391
1673
300
2115
17
1148
594
368
1732
81845
1259
3153
1356
5989
2987
2064
349
3246
1580
6377
3949
5618
2791
2502
534
1278
1243
1222
2908
1288
1411
954
922
377
5995
2917
92259
1258
3910
72226
1247
3362
4641
1223
2289
1246
50872
79132
54286
2329
68954
918
535
4979
1266
2716
4380
1947
2916
2490
2105
1217
1060
920
5991
538
1500
1939
6
1228
1272
40815
1292
1358
1619
2313
3386
3527
1408
3793
4896
3070
2641
2099
224
5903
44191
58
2918
265
41
74458
4027
1393
1084
2762
69757
1305
1271
7090
49530
555
6711
30810
474
1215
30749
49272
2797
31658
350
2302
1302
8873
2336
1953
44195
766
1227
2467
33166
1242
5225
8961
1945
905
2938
3996
2580
85
1250
2186
2985
88125
1211
1172
1935
1948
2011
1357
11
1090
3160
926
31878
38038
80463
671
373
1224
1220
1754
72641
1103
1280
5418
7502
3083
968
76093
46578
8970
6874
2288
733
1183
2763
943
56782
3683
2366
2019
87232
8874
1285
1254
3468
3420
994
1237
1303
454
3730
1120
1941
1249
3435
101
60069
1253
86
928
3134
1020
3462
1276
5319
247
151
88810
1264
4357
3200
53123
3260
3088
1940
2076
1967
3361
2355
7438
741
80
8807
59315
115617
1131
1419
1587
3147
3255
2804
47610
97304
494
3735
1161
5782
412
81932
934
1361
3038
1693
940
39
39292
94959
89745
1077
1722
2291
3421
1267
4571
3897
3524
213
1923
2232
3095
2395
1212
915
8368
27803
1192
1028
648
2920
1401
521
380
1199
2857
2728
5673
514
2046
1299
3265
2863
1429
8533
1263
2144
100
3556
56367
531
2919
3007
2068
3635
3471
2469
69844
44974
6863
2718
1931
1273
628
1957
2300
1261
162
3175
3081
3745
2357
10
1256
4014
2501
2194
2973
2443
79702
1175
5669
2351
3916
2020
3809
5608
3448
1354
3086
1663
2102
2989
58998
1575
1428
301
1625
95088
2134
71033
91104
1066
3406
97
3476
2109
537
1012
3469
2750
2924
3341
832
735
1965
3984
55820
3310
1925
2659
3072
5444
2202
2111
5992
232
2406
345
3408
3627
43267
40148
306
1201
2318
5816
54001
8949
2176
6773
3347
194
30
2070
3417
3447
1455
984
3165
961
2238
2968
2739
37731
8665
3089
1711
3479
3452
3066
3091
2173
1827
8784
26152
3307
2041
3638
2780
81847
34072
3032
48780
2745
1073
1248
1125
4442
4696
4567
4566
4565
4717
876
2880
4166
105504
2470
7844
8633
2140
2872
2174
4846
2551
5460
44199
3470
164
2640
1307
500
41527
7459
4232
1466
122904
3405
2330
4133
2376
2726
1179
6618
3702
2976
1260
1244
54881
3067
3090
40629
3044
1748
3363
5013
73321
2474
4914
61323
86377
1300
290
80906
1209
2353
893
134853
6979
3742
8645
46976
919
1835
73266
6869
97921
932
2993
106920
1719
2278
86882
50068
54503
1370
4901
98491
116797
1186
3724
106782
1597
99114
3771
471
970
1610
2528
57669
2423
440
1590
91542
3624
2361
3677
6378
3746
2949
308
4247
62849
89492
86347
1694
72356
5630
86345
3082
109374
4121
2648
1269
2859
26242
102194
1245
96911
44665
64839
72395
7136
1345
2137
951
97225
106696
417
2160
3213
3911
930
1041
73017
97057
93324
74152
59273
866
1394
81229
6918
1860
8955
3198
7256
4054
106002
111759
7263
2912
307
81591
7371
56587
60072
764
3052
2138
2442
3270
2110
104
77455
37729
581
562
60397
3000
2971
1287
1023
661
8636
71579
361
96610
40583
8371
2321
3424
4967
4941
3168
1037
84954
2081
1057
3022
524
281
2846
30707
911
7063
2130
39414
2018
5620
35836
4450
5219
96655
299
3545
6936
1690
633
41997
6502
3684
1729
1997
8360
802
32587
914
39183
3967
1674
134130
2333
3481
950
1949
480
1537
272
88129
337
2352
3896
6104
3679
1178
529
2459
7451
2670
1049
261
8958
492
3456
1104
2005
70286
55250
29
1013
79824
1670
3868
41573
68269
80839
48791
32289
3129
112
69481
47099
2203
3676
613
3983
1994
1284
48043
1944
36529
230
543
3508
207
1283
178
2677
104374
986
901
2990
3510
168
110102
8
916
27846
7156
77846
1680
2961
1641
1927
4128
45950
921
3706
6350
26554
2729
1683
2871
146
138036
2991
2944
2736
5971
7757
616
25769
2932
270
56941
5377
64034
2038
6582
33834
26865
45183
3905
140
2453
27801
229
2925
1924
32525
2359
116
7265
1936
6001
6970
1231
2125
8042
3271
1189
4978
1645
2454
5878
2774
26729
55269
3357
6565
2563
3018
91630
71899
5177
2795
6375
3915
8366
3105
4007
3548
176
71156
1340
7013
1954
3580
2201
3657
3656
3952
6365
3359
2690
7022
109487
4369
4322
3685
96079
1281
7143
3551
268
6480
131724
6985
1096
48738
754
973
3068
55247
1907
931
6787
102445
106100
4677
3498
7132
728
2664
861
428
3006
1688
42004
7091
910
85414
353
34332
73290
2622
2788
6783
7360
3355
82459
1087
3062
53972
2890
3102
206
1095
2936
26326
3199
32898
5218
2581
2970
80693
3263
3167
34326
7767
6987
31410
2273
16
429
3536
1277
6881
3550
3655
1420
7072
379
3825
156
1950
2108
837
8542
3507
5152
5956
3396
2208
3181
26662
483
80026
72393
4151
