user_recommendation
318
356
1198
858
2571
1
2858
593
4993
50
2959
1270
1196
260
5952
1210
1136
296
58559
1221
4011
589
110
912
2542
6016
4226
608
7153
1291
1704
47
3114
1193
527
1197
1213
4973
293
1089
2918
4878
457
32
6874
44191
2028
1036
32587
48516
2692
364
1617
2599
1230
969
8961
2762
923
750
1265
2329
1028
1304
2997
1250
1228
4306
953
778
590
1276
908
4085
919
1148
588
54286
480
150
59784
38061
1233
745
1259
1204
2355
1208
1262
1240
5418
2019
49272
904
44195
1968
6
1200
595
4995
50872
1288
78499
27831
59369
1953
33794
1961
903
2716
3897
541
48780
509
2324
2289
349
1220
7361
3671
720
65514
1206
16
1214
59315
1201
1079
1209
913
1225
1147
1278
1227
3033
3147
3910
1256
2268
1203
671
69
68157
106782
2804
4571
8798
111
2797
2194
39
161
246
4623
555
45728
1343
2366
4321
1035
1923
1080
6375
1060
5669
3868
599
1246
1476
357
534
1073
3508
1272
4327
7132
3996
8542
2951
3681
497
1500
112552
4010
5991
3421
3030
474
4886
223
5956
5522
5915
132333
4799
4034
899
3494
7247
5490
337
30707
1077
47610
3949
1207
1287
2115
1682
2391
3578
1580
51255
924
3967
2064
2991
2791
5618
2396
1307
3398
1172
3275
4396
1234
33166
1610
1266
1784
898
1258
44665
57669
4641
3198
1527
1199
1252
918
1393
1224
1031
2291
7502
4941
1680
2987
81845
1223
1275
926
2067
7445
6711
1219
64839
49530
106438
3052
80463
1954
35836
54997
44199
741
85774
92259
6377
5630
60684
368
4380
36708
7894
3255
2231
3548
2524
4499
3688
134130
1356
5989
4979
1090
51662
62849
53129
3639
5060
6893
1641
920
93510
10
5110
7438
7143
105504
3000
2300
29
954
7091
5349
1663
50068
3471
112852
2968
8132
80693
73017
56367
2788
97304
2948
3039
1222
3104
34162
105197
6502
2463
1254
2427
7706
529
348
2502
1261
91077
4027
81591
1084
2736
914
73587
915
74458
25
96079
1729
70286
81932
377
31658
272
2409
82459
2990
289
2917
2908
2467
3763
265
2857
2989
2718
1231
1283
67255
585
628
1357
69481
2973
71535
58803
2993
837
235
1732
62434
1387
224
6807
1292
1947
4262
1103
1358
2243
108932
3448
2774
3034
3168
492
8949
36
2746
1394
55247
4235
5500
89745
4239
3317
1299
1952
109487
21
1945
58351
4322
1247
11
429
3677
2109
3617
300
8641
69757
2474
4734
922
1619
48783
45722
36529
910
3396
4223
1096
428
596
2949
3504
4963
1217
3361
3020
3363
76251
3019
3201
91529
2078
1674
87232
800
84944
4616
3536
71033
1374
6331
2013
1285
115617
2971
81156
5444
7137
112138
838
1805
2083
5049
2318
89470
1380
6440
2490
4014
4225
4901
2096
51540
5299
2671
1081
3160
2336
2018
79132
58
2881
104913
2924
3526
3175
102123
82527
7099
5540
728
5791
44555
3735
4019
1244
708
941
3253
71466
2359
2916
5218
6662
4848
2889
6296
471
80219
68237
1032
4660
3552
7064
994
3397
116797
6993
8983
194
34405
103141
3481
1921
114028
1030
3249
3256
3462
1242
109374
1620
2700
1293
73
135861
1958
2303
5995
89904
4865
31435
2140
5064
1625
2138
1173
5339
17
3044
306
951
119145
52604
2041
30812
1957
62
2335
106920
56782
114935
3635
27773
3507
2105
2501
4585
2087
3865
3274
94959
4339
952
7256
1097
5785
4855
1856
230
3362
3703
1211
4981
2922
115231
48262
104078
66785
101895
49688
134881
97870
84696
3057
89305
6427
7757
3468
6539
134393
5445
2090
2202
515
6708
1298
232
543
54001
31878
1085
1379
31
90866
1011
5250
7076
2108
2110
3327
7147
71899
2947
3730
1411
1396
1950
1020
79702
3429
2693
1948
6618
5010
89492
2690
145
86
81564
64285
1303
55820
2739
2144
475
40815
3095
103341
3263
3418
1755
3301
911
91658
33615
928
8950
1673
4128
2709
3101
95167
86882
1057
1267
6957
4681
3450
2353
2395
86833
110102
3618
1212
8528
91653
1175
6796
1722
553
3408
2810
3342
5971
2051
5247
1125
905
45499
2841
7090
8970
6461
5382
112183
52952
59684
65037
76173
2010
339
8464
4349
5828
98961
5608
8366
1274
2278
307
5464
3152
6979
3702
1918
5103
7007
2000
96821
47254
3614
1960
5528
233
441
106100
107
1639
3358
88125
30749
3683
48394
106062
3752
2938
2915
7293
7451
2407
6867
8957
2871
69844
1466
3435
73290
76093
3007
4357
1215
3653
122900
3129
1333
616
7075
261
95441
2011
106916
581
950
648
54259
64716
1884
3521
2912
3633
5816
3751
3929
3035
2580
1061
33493
97938
2330
866
66934
34542
7386
97921
3414
4308
3037
916
1962
5541
921
54995
44761
3068
80906
4148
4873
373
5876
54503
3793
280
6187
2567
1912
2677
2020
2060
934
6104
1939
3952
115713
5690
81834
48322
5146
1296
68954
8341
88129
2660
1263
41997
2186
151
5679
3285
107348
4299
122882
971
198
8807
97752
1517
1171
1023
117176
281
805
180
4121
156
2890
1095
3916
102445
2287
72998
26614
7371
108583
107141
785
7649
102993
3307
8879
2431
114662
1688
40629
7323
308
452
1931
2080
1614
3359
123
111759
1408
1277
2929
3178
99813
8910
175
55442
3360
2728
2150
6863
103235
7802
1564
3943
5812
86548
946
1566
98491
3499
56339
147
1361
2706
4005
101
2442
91094
1824
88163
3219
3252
4246
3308
5308
1537
3844
98154
52975
27846
440
26
3467
3267
3038
3200
8340
64614
3911
26386
91104
524
3686
3350
1249
52
84152
1449
2985
85881
178
96829
6658
89
79091
3788
107559
7212
52281
115122
99114
54272
94833
2430
90746
766
104841
2687
6323
122886
1243
4720
932
59118
222
61323
3417
535
61352
106441
111743
3811
80
80864
105844
3246
6385
65261
353
79946
91126
95508
105211
7895
138208
129659
134859
106839
98230
113532
74510
78116
118985
73323
83374
70984
33004
65188
2288
61240
53956
3476
4029
5944
714
