user_recommendation
318
296
260
858
527
1198
50
356
608
593
1197
1196
2858
2959
2571
912
110
457
4226
150
589
1221
1225
1704
1210
2396
1270
1213
1193
47
923
4973
1089
1617
1203
953
2918
1291
1136
904
2692
899
2997
913
750
908
1682
1240
4963
1207
1208
1
4993
969
111
778
1732
2762
2599
6539
32
919
2804
2797
364
4306
6016
7153
1252
293
2028
1961
1259
1219
58559
588
1246
541
3996
7361
1247
3114
44191
2291
1212
1968
1293
1172
497
898
3578
2542
1148
1265
910
1204
1947
4027
1267
745
4011
1230
2300
1945
337
595
5952
46578
1276
1228
920
1217
1957
8961
1673
1288
1250
1028
2329
79132
1073
2186
5989
2019
2716
4034
2502
3481
480
926
2268
4878
1097
2064
2324
3462
733
555
1387
1254
905
3897
1304
1079
1060
56367
1214
590
1233
1287
223
1263
4995
1200
48516
922
5995
1278
3088
3435
903
1256
509
6
55820
1527
916
1674
5669
11
1036
6874
3671
3006
8874
1035
515
3949
1201
1269
300
3735
4886
4235
4979
1394
2289
349
1411
2973
950
1280
914
1251
1260
2395
1952
1222
994
1223
2137
3362
1299
508
32587
33166
535
1466
911
62
39
1220
628
940
8368
3307
68157
1953
6377
6863
6942
50872
3510
33794
2076
1206
5418
3147
3730
1234
1333
3683
928
924
48780
1242
5225
36
671
232
1224
1302
2917
3421
805
3360
3035
1500
2351
2501
2068
235
1178
3246
1950
2739
3007
942
1960
162
1948
7090
1103
2125
2359
3176
3363
2580
1393
5618
59315
2115
1244
954
2132
1944
6796
5444
2318
2846
56782
2194
968
1356
3791
3386
246
3095
4014
3451
1258
2890
78499
161
1094
51255
3022
106920
8645
2908
1262
3359
319
34
54286
474
5013
57669
1248
194
8636
5816
1077
5991
1192
2761
8970
40815
35836
1029
648
1283
2160
1625
34405
1939
1199
951
933
7147
27773
1104
838
3365
4007
3104
3160
2303
8981
475
3310
44555
2690
1292
1641
2529
529
116797
1090
37386
1927
1307
262
1080
3868
38061
2232
4896
946
5064
1281
2686
2248
7451
2929
932
3910
3111
2726
3468
2005
8371
3083
3983
1449
6918
2355
4308
1086
1021
377
3098
1175
68954
42004
5992
1264
3548
44199
1066
54259
112852
2231
9010
1784
4787
3196
1284
4086
2208
41
3275
2391
69844
1231
945
2020
2779
3499
45728
3044
930
1237
1303
109374
3606
1211
1729
2968
3471
44195
3256
3448
1179
4019
909
3101
1357
2791
17
1955
72226
5971
272
538
2245
44665
2081
1343
1095
1227
26242
2520
5903
1059
5812
800
3703
2731
6440
8665
1272
973
69
1963
2920
6218
141
2971
49530
2944
2932
109487
6502
4450
64034
3067
3134
1019
224
3967
7669
938
54503
6979
5630
2795
1688
2671
7502
52
3089
1610
900
3676
2144
2321
30810
7136
3168
63131
68073
80463
2925
39292
27478
2871
3952
7063
1296
1215
3037
3696
8955
1860
562
4914
1305
29
2712
6281
2243
3071
1663
1354
3424
5765
4630
3437
2366
915
6333
4326
73017
440
2729
7371
1238
16
1994
1084
471
850
2096
88125
8228
2138
2924
3175
8641
1374
8807
28
4720
5103
3252
1916
2078
1834
3551
4037
146
3629
1361
8784
4085
76093
1946
2694
322
3745
6732
2935
61323
647
7143
7256
2420
7099
534
1025
54001
1202
5955
70293
3414
6932
2987
1748
3549
3686
94959
115617
1209
47518
2069
54281
2938
66934
1131
3788
106100
2648
6001
4802
4299
8958
1734
3469
5034
1797
3341
81591
97938
30749
3062
4263
106489
1049
6787
3672
39183
1120
4978
6565
501
1173
81229
4679
3368
7285
1537
1376
1959
5301
4046
56152
94466
907
1180
3543
2664
357
4799
25769
3284
3355
26729
91542
49272
1277
3783
2952
5956
7132
7386
2863
955
1096
3100
1396
2357
261
3675
53123
6188
68237
89745
73290
41285
3814
8042
2361
3000
965
6807
3498
247
83613
4357
7802
52435
299
37729
4225
3020
1810
1974
56339
1013
4103
7767
207
1189
30816
2099
4967
4483
6881
72641
3038
81932
4211
86882
6187
1912
2202
106782
1088
49280
26422
1078
2745
2301
106696
5177
40583
64957
88129
2819
720
6269
134130
3836
3504
1845
77455
268
13
454
1023
1643
5502
6380
6783
5008
85414
4465
3068
1405
37741
106471
7022
30707
8880
492
92259
7320
1616
81845
175
33493
5010
2102
27803
3072
53956
36517
59418
6669
412
8873
6776
6063
2936
1366
3505
58347
68358
1271
2728
3524
1459
1921
4361
4533
4846
4427
632
53
4880
6552
1266
6986
1147
4187
3702
668
8542
2083
3334
1805
1954
6643
594
6235
4641
5954
31433
65188
1982
115713
3655
1420
63082
3550
3741
551
8933
663
1937
4188
556
40629
3412
6852
4033
2070
1273
98491
34162
2130
2454
1934
7091
2496
931
2090
2038
3677
102445
2463
97
1245
54997
52975
524
8937
84954
917
3508
110102
3061
6975
2434
6331
7013
31658
30850
59725
62718
112552
2313
134853
3429
87232
6452
2010
5446
290
34072
309
96728
5878
3194
2970
6450
7787
4814
104374
7072
4178
2763
380
2866
5414
52767
7566
81834
1958
63876
1639
1282
7064
2730
7139
52281
4537
6711
2916
2284
31878
140174
7773
39416
3786
2946
30793
3015
2203
40819
1300
8798
265
5608
40148
89904
3871
89759
921
71264
2310
6323
122900
71033
51412
73344
2176
5673
6786
1150
373
3260
48394
52973
44974
3342
60756
81847
68554
7075
96821
353
5114
7070
5633
670
3245
6611
2165
2951
735
3599
1941
4179
8132
2432
5319
43267
7649
6773
112183
4062
3152
6350
106438
66665
549
6873
55069
1965
26712
6283
58303
927
1754
2687
222
4406
3507
58803
68269
2106
2131
49286
2852
8650
3684
3159
53519
971
7263
5146
428
8493
4661
3439
32525
47728
8121
4612
2927
25852
7208
4017
3213
986
58295
2273
8633
122892
7089
3980
3198
3255
2352
3396
54995
4642
32898
