user_recommendation
318
296
527
593
608
858
1196
50
356
110
260
1221
2858
1198
2571
1193
1210
2959
541
1270
2028
1225
457
750
1073
47
589
1213
1208
1732
778
1291
4993
1259
1204
2762
1214
912
1222
590
3578
1197
1035
111
1240
1136
293
1089
919
2329
595
223
969
1228
32
1
1247
2918
5225
1252
926
7153
1968
3897
1961
2804
1097
1233
5995
1079
1704
1219
1262
904
1287
36
1036
4306
1242
3114
2115
17
1258
923
1265
2396
5952
1220
265
1200
150
1673
4973
1288
1682
6016
480
6
1246
25
1610
58559
924
162
1148
4226
908
1625
246
920
2324
235
2194
4963
2580
1617
48516
2599
903
551
2502
307
953
508
1060
968
6377
1278
1207
7361
46578
910
1250
2716
194
50872
76093
1028
1096
4886
474
1206
4034
509
1179
534
306
5669
922
2997
5679
1299
497
3462
1025
3683
337
1090
1960
1178
1203
1393
2268
899
1304
2692
1185
308
35836
3176
2395
109374
59315
261
357
4027
1927
2359
8874
68954
1254
1085
913
2202
2797
3499
2019
529
1272
4103
2791
4995
733
805
1266
1095
535
16
955
78499
5989
1230
2064
230
538
1293
759
34162
8949
4047
1172
364
5418
1285
1041
588
88125
2287
85
720
5444
1674
56782
3417
3386
1719
2005
3421
2430
4878
3481
2144
1224
1267
3147
1387
1953
2318
6440
44191
4308
2987
475
471
1084
3911
349
4979
5902
3471
1374
2248
1358
2010
28
68157
5015
232
3730
106782
1357
5956
3363
1235
3814
898
3203
342
27773
6711
1408
8961
1080
2712
4720
1307
3504
106696
70286
1641
1466
29
81847
3342
81845
2728
1217
54286
5312
1569
1199
1243
1260
515
1921
11
1276
1094
1946
34
581
951
8798
1211
3448
2985
154
7502
3006
1734
1957
88810
1361
2085
1127
3095
2908
1376
2542
4037
2321
2300
928
1263
671
850
8665
3418
3036
1264
1693
79132
3783
2745
1952
2
1500
2944
363
89745
2289
88140
916
5668
40629
1245
116797
1292
3703
2291
3150
3317
4688
787
81834
26729
1192
3033
6187
1584
3747
6874
2278
3724
3186
628
54503
1280
3527
2132
1244
728
866
56367
7263
300
5782
176
1175
2000
1150
3429
3071
69844
1231
8784
156
175
55820
2467
8207
501
1023
1884
3060
92259
1958
33794
1223
1077
56339
2020
3510
1394
233
2761
63131
3916
8981
745
3252
2529
52973
64839
2686
3702
380
1962
122900
97
4211
1212
42004
1257
1964
2303
32289
41573
80839
79824
68269
48791
2302
3270
1273
2952
91529
1997
69481
2871
3160
1283
59418
49280
26422
1945
3000
1956
2890
149
4489
26258
1348
68135
1345
3362
68237
6796
3067
2976
477
52
5329
3469
2403
3090
3260
3476
140267
144976
2288
6993
915
4235
1784
5617
8366
60397
4007
3039
41566
5010
3671
5028
1845
6539
4117
3019
599
3037
3594
326
5013
708
213
6807
3201
37741
4016
555
161
377
5630
994
314
3020
4848
1248
80
4658
911
30707
1994
1081
764
1201
1296
6773
4722
60069
1251
2460
2459
1176
44199
2076
60040
8239
5876
3255
2788
3152
2690
1284
74458
3361
106920
262
800
1173
110102
63082
5415
39
26326
7090
347
1238
72226
3424
4014
8970
4326
3246
2434
4450
49530
5816
3196
3167
5377
31410
81229
3359
44555
6104
2058
2971
50068
5791
1191
3135
111362
6101
1344
4271
4033
1611
1189
1537
2553
159
5103
6552
872
7564
26150
52617
26578
7574
3213
2863
51540
441
921
82169
2575
115617
4537
8638
2313
2739
91542
2660
3679
345
5971
663
1177
79091
1125
6979
6003
2042
3189
3788
30749
40
3022
86882
4085
2232
3551
2108
2966
668
7285
2718
3072
3686
446
27721
1104
85414
5254
2664
38886
2750
2700
3089
5445
1959
45728
1476
1305
21
1321
2068
1188
53123
4424
838
2644
3198
3251
2022
2726
7802
73344
3735
6787
33171
2174
125
99114
2930
7025
3415
8228
5095
2114
661
5670
97938
3168
72
3902
6870
930
42418
6932
2648
5255
3848
55269
6942
1429
7139
7235
7451
53318
333
4783
1419
2469
2916
1963
704
40815
348
7164
54259
2443
73017
3435
1131
64614
281
122892
1396
559
820
46976
1103
48322
3408
3083
3468
1580
1057
4432
6436
1939
8132
1653
140
3018
1948
6188
1274
1912
1249
1256
1965
1950
272
68838
88744
33669
531
25771
88129
14
111759
2721
87232
1982
6184
112183
229
494
3341
86
1924
3552
104374
5618
48738
4571
6662
3062
1086
2131
97921
3272
2348
1120
44709
6350
53894
222
52767
927
945
44195
1047
4128
2879
3969
26524
41997
322
1286
280
5810
390
61240
5064
1261
99
32587
1678
106100
3034
58347
909
68073
64957
4292
7265
950
4552
2138
69
1645
63876
3983
2046
2929
3035
1589
1407
6947
79702
66934
3108
2059
45950
373
8636
3545
6783
1031
2730
2067
62
55247
48394
785
3102
1147
2125
93040
3406
2186
54276
2440
4427
140110
7091
71033
6598
6863
2545
77658
954
965
1209
44665
2488
2917
3357
6774
3879
946
2261
4422
6461
2706
2951
3548
55267
3566
4855
1944
2594
32898
5269
4361
635
2423
3696
58295
7132
3330
6620
73290
832
70293
2919
134130
3457
206
7123
1923
3628
897
3643
976
77846
163
905
2105
61024
8958
2243
7024
4642
64716
3007
94959
556
521
7771
2355
2279
76077
34326
2463
2551
48780
1333
6062
3809
3063
1078
3521
2920
48696
1366
2141
33166
4711
2824
4562
3718
2627
3947
2330
8580
2117
55069
1966
2311
80553
32840
32515
33138
40226
5473
71390
27792
26749
60384
42900
63836
8240
95113
77291
3307
2073
1237
1941
31658
4304
64034
7767
1914
117176
1281
97304
8938
7983
81932
3980
2391
57353
8542
5146
4612
2554
1827
4901
3539
53972
5955
7669
4384
7375
96588
3451
115569
2203
3355
109487
1392
798
3701
5903
5400
2166
5008
47099
2973
2102
6918
7099
309
40583
78316
