user_recommendation
318
296
260
356
593
527
858
1196
1198
608
2858
50
2571
2959
589
457
150
1089
110
1193
1210
1270
4993
7153
912
1197
5952
1221
2028
1291
1704
1225
1240
4226
908
4973
1617
2692
32
1265
47
1213
778
904
541
2762
111
1136
2396
899
1259
1
913
923
750
1203
953
1252
364
2918
293
969
349
1304
590
36
58559
6016
903
79132
2997
4963
1228
2599
1247
1208
1968
1258
48516
1036
1682
1732
1204
1079
1206
337
1207
2019
588
44191
745
1219
595
1097
4034
1028
3462
2324
1148
5989
1293
922
920
4306
3996
1214
8961
46578
1172
926
2542
1527
2329
1952
3578
6539
1961
2064
2804
17
7361
3114
11
898
555
4011
1035
480
1673
733
509
3147
235
919
910
357
1302
1230
1625
1233
1212
2797
1200
2300
32587
1947
1267
4995
1387
1288
1246
2289
1222
59315
2268
300
1287
1250
1094
1217
6
56367
1263
1945
3160
3435
2908
50872
720
1280
1199
4878
1953
55820
78499
232
2501
8636
529
76093
68157
2076
1242
1356
1959
2291
5418
4886
3421
1276
3471
2739
2716
905
3006
1244
116797
2186
2973
3468
3730
1674
1223
1060
7147
1957
3481
5991
1960
3386
109374
4235
1292
1466
1923
74458
3510
3362
3897
21
4027
1997
1084
928
8368
916
4014
380
3246
1080
2580
515
497
1264
2467
56782
1358
4007
628
39
1307
924
1256
1411
1272
1948
1299
2971
162
1305
81845
2917
3307
1248
2160
5995
3949
8970
671
1237
1131
1269
106696
5225
81229
1927
2125
194
1234
223
54259
2248
1262
914
1224
2231
474
1278
246
954
2137
2359
3683
3088
1096
1939
1077
2863
5669
1175
5064
68954
3256
40815
106782
2288
92259
2115
30707
49530
4979
950
44199
299
29
1254
3671
8981
475
1963
1104
3363
7502
40629
106920
3868
3134
3176
3101
6565
2144
1994
2490
1103
3735
2890
1784
911
2366
1641
508
110102
1260
3007
2010
968
3499
7090
8228
2318
33166
2791
1663
49272
85414
5902
3527
5444
838
2395
81847
3524
3038
1029
1120
1500
2194
1090
134853
412
1580
2976
3814
2132
1192
112852
534
2020
2726
1361
2391
16
44195
44665
2243
3260
3448
921
30749
994
1086
88810
3910
471
1300
6807
3361
955
3067
2353
2245
501
72226
3037
5618
5013
64034
1178
265
7669
2068
1073
54286
81932
8958
2795
3476
3083
1834
4308
6863
3168
538
5673
1183
51255
1066
5992
7263
57669
3310
3200
946
3594
4037
1201
3196
3469
1231
222
2099
7132
1719
2313
3167
48780
35836
33493
69844
2871
44555
3072
2081
1283
3022
805
161
2648
7767
8874
514
6378
27773
3359
6377
72641
261
766
104374
2336
2018
69481
5816
2321
41566
68269
2728
1537
2612
800
2944
87232
115617
79824
32289
41573
48791
80839
5010
492
2203
3104
2355
2712
86882
41
38061
91542
7373
2920
1127
1179
1333
3791
2138
5971
3504
1303
1965
454
88125
3703
1296
4450
2109
3952
5956
3194
73017
224
85
1023
866
3044
6001
7116
106489
2232
64839
1884
1019
1273
3983
3916
5630
2096
2553
70293
1211
3724
4914
930
2066
122900
7091
4019
3270
8542
377
2763
89745
951
2925
368
3095
1946
943
53123
2351
63082
3035
33794
3414
1810
535
106100
88744
741
2130
5017
115713
1955
7371
3068
3788
7386
40819
1584
2985
1281
3100
7256
8933
8132
2102
1220
2474
68237
1950
1374
1147
1354
3252
3198
42004
1357
54503
1619
3081
68838
918
62
1954
3015
30
6281
1729
1944
2729
6732
6942
581
5903
4380
3420
2208
2108
1394
2664
88129
31410
6783
1186
4103
3424
2594
116
4225
142488
59784
1982
2301
3545
2357
58347
8645
1189
109487
4326
97938
2936
32525
3505
6796
1034
4085
3676
3365
945
307
2361
3102
5008
26242
938
88140
531
31658
648
4422
6787
1238
1931
54001
647
4179
2745
4188
2403
262
122882
4661
2145
2761
1616
230
1419
58295
942
4262
1345
3546
845
3551
98809
5608
81834
3396
3060
931
832
6987
4263
1227
26729
483
6918
58303
3745
2938
8665
32898
54997
1827
52435
6773
1161
431
55247
2442
2352
2935
6936
96079
134130
8650
1916
8784
2070
2118
345
933
4612
3341
2333
3679
537
1215
64620
6350
373
2846
3869
87306
47728
7208
25852
8121
77455
1243
7649
146656
2927
6003
3741
105504
68135
3470
3507
3272
229
40583
4641
3153
2202
7075
3129
56152
2686
2750
2278
2788
54281
5291
1797
2165
2406
272
1754
3152
6777
52885
48738
3000
7022
3213
6530
4062
2947
973
6669
8880
1907
6754
106471
233
6959
6786
7700
1266
84152
6852
326
39414
2176
1321
6643
1935
2131
1209
1393
51412
1284
45
1232
2919
6385
850
3181
148626
4211
551
5812
1949
7136
1688
33660
7285
7320
34072
363
2398
2912
3635
5028
6662
4465
4623
4679
668
3091
91658
4489
3030
1921
2644
3548
103810
1218
2349
3342
3275
3654
1748
89904
81564
3175
1253
2434
5114
4658
1012
39183
7787
6450
5103
915
1693
93363
6273
176
71033
759
2454
5319
96728
1249
353
6452
4848
7564
52617
26150
7574
26578
872
1860
3498
5146
4787
73344
7771
2303
8239
5475
94959
1699
7323
314
62849
51540
3062
60397
53996
73290
2344
175
4187
2046
27803
3429
4271
1934
82169
7943
104913
1735
8371
4537
2872
6986
1396
2459
51935
927
4086
3105
6333
1135
1341
1610
3686
917
101
3347
97921
37741
57368
7981
1649
8042
68358
99149
86
7123
2916
55052
4016
38038
3417
2949
86320
6440
8528
6724
1734
3039
56775
3966
3871
2078
74727
3809
2087
6552
111362
32598
2693
80
290
3203
8955
3159
2987
1941
86377
2819
2659
5507
1643
4432
40148
44974
43267
13
7419
2988
4343
89804
4410
26472
4009
428
56715
6932
594
3699
2932
8464
3967
7013
680
2469
91104
3529
2267
6776
31433
111921
47099
3543
80463
3089
7235
7587
3251
3020
93510
63131
62718
