user_recommendation
318
296
260
527
593
858
356
1196
608
50
2571
2858
1198
2959
1221
1210
1270
589
4993
1197
912
1193
1089
47
110
2028
750
4226
1136
150
2762
1
7153
541
1213
908
1704
457
904
293
778
4973
111
58559
5952
1291
1617
2918
924
2692
1240
1036
1225
3578
1252
1208
1203
969
1259
480
1961
6016
1228
1247
36
2997
1732
1682
2324
5989
1258
1222
1207
1219
953
1265
48516
913
899
903
1304
1968
1148
745
7361
2804
919
1230
1214
2502
1200
1220
3996
32
4306
1204
923
2329
2599
926
3114
2291
4963
2542
4011
6539
2716
349
1276
1356
2396
3897
1250
337
595
1288
1060
68157
1234
79132
2268
4027
55820
588
2797
1278
1206
509
364
1233
898
8961
590
246
17
1035
1625
78499
4878
6
44191
16
720
922
3362
1610
3471
1952
32587
1580
2300
3481
2064
1079
7438
6874
1028
1199
4995
920
3421
555
1387
1299
3462
515
910
59315
3147
1673
1244
1293
46578
1263
7502
1307
1223
11
56367
1960
2791
2019
1500
1246
551
1090
109374
497
235
3730
106782
3683
2289
50872
8368
1073
4886
377
2318
1272
1212
628
3671
1394
1097
1953
40815
2132
39
4034
1179
3504
1945
1201
162
1266
1292
1175
2115
1096
29
1997
7147
86882
2076
56782
950
5995
671
2739
1172
5618
48780
1947
1086
1674
1094
1077
33794
1393
1084
1267
74458
3152
223
1095
265
1333
2144
112852
800
116797
8874
54286
1527
475
916
5991
1641
92259
474
1269
1215
49272
76093
44195
5418
49530
2501
194
6377
733
21
64839
1284
1192
2194
471
3160
5060
3735
2395
1103
2231
89745
25
232
2303
2871
1285
5444
1361
1104
994
3363
954
3198
1260
68954
1954
5630
2020
1254
1343
230
8636
968
1959
3435
2186
2917
134130
2580
27773
2248
955
928
34405
3868
3359
1080
81845
3468
307
30749
1262
1178
1729
2359
88125
6711
106920
1956
115617
3072
1256
2321
2467
2761
534
1927
109487
91542
1466
1537
2973
4014
2355
3039
2971
104374
508
1211
2788
1120
921
99114
110102
59784
741
4085
54503
4235
4979
3000
35836
1217
2005
5064
3724
1283
161
1994
6502
951
73017
5445
72226
31658
1231
63082
1357
233
88129
40819
2160
1248
1264
911
81834
3386
69844
1305
4848
2243
48394
2987
529
3510
6796
81229
2929
805
70286
2664
44665
3167
1287
96079
7090
3546
81932
36529
87232
8228
5669
1249
3307
3499
3814
2108
930
3246
57669
306
104913
3022
538
1209
3201
115713
4223
272
58
905
3016
1280
914
2391
3088
68358
1939
1449
2908
3068
2202
2944
6807
3361
28
3448
6863
3469
33166
5816
6787
373
581
122900
80463
81591
599
3081
2690
2841
1950
2648
3006
3543
134853
8970
222
8798
68237
44199
54259
6870
1653
1257
1374
5103
2288
2313
2726
85414
1411
4427
3095
501
6378
363
2137
945
2278
1235
97304
1948
3911
6979
1238
1177
3256
3033
1955
3101
280
2795
3879
3788
3420
3418
7099
1218
2067
33493
4007
3104
2245
866
2096
106489
1964
3524
45
82459
2366
3200
3203
102445
1271
1189
3358
3272
8132
1059
1147
54001
5971
2463
4262
838
3275
3219
112552
3135
69
79702
3551
4308
6350
6773
2712
3007
1251
946
2912
50068
52
2130
1784
1186
156
6440
5225
69481
1029
96821
3952
5956
3429
4623
5377
348
2553
4037
1227
8665
2138
2125
933
3476
4720
1678
1946
1019
902
326
30707
38061
3252
3545
41566
728
3451
965
2232
1242
1281
539
6662
2203
2459
261
308
51662
299
48738
4450
8958
7022
98809
1719
4263
7132
4896
2890
907
5782
1012
3793
3044
2644
4103
93510
3741
4299
1649
89804
53123
440
4326
2612
1680
357
146656
51540
34162
51255
224
3213
142488
1023
6104
47610
3424
380
106100
1345
7669
2474
7091
971
85
7139
116
3168
3134
492
175
2935
27022
122892
3102
2442
3317
2746
54997
39292
3037
1944
4361
2336
5152
759
1224
3342
3355
1253
2398
2925
927
1131
300
81847
64034
2302
1663
3967
2920
531
1845
30816
38038
81564
3038
1957
5903
5500
5812
68073
51935
105504
88140
353
2721
80
1366
766
1958
3983
3035
6942
1348
30812
122882
1296
1191
1185
2763
84152
64620
95510
7373
6385
1963
88810
58295
149
3062
1041
3260
27831
8542
178
361
115569
3801
89904
148626
5876
4465
3181
96728
1912
5349
3019
7698
7802
3508
7323
1321
37733
262
7143
2357
6218
1261
1300
1962
3653
26729
3686
2729
1274
7075
26776
3505
428
8807
2490
3989
3679
106916
3111
1747
973
2919
6001
1354
84954
229
1358
2131
1046
3783
3036
4128
8580
7767
4321
6993
1237
80549
32898
6783
7256
3030
8638
850
4117
106696
3067
99813
3020
1049
2693
87306
915
1066
2728
5008
2594
6461
2495
5238
477
5791
3507
71264
900
30
2952
2524
4537
8949
33660
2010
3606
2353
2208
8933
1340
1982
2792
103
3112
2545
3725
3341
5299
1464
4821
97
3811
3089
52435
27721
73321
1463
98491
1081
8981
1341
3310
104841
31878
247
2165
4584
159
2949
2863
4029
56152
4466
4945
2696
7386
69757
8493
521
4327
4292
6281
6974
514
86
4432
89492
647
95088
5341
5608
3105
97921
3655
2725
3728
6724
86377
7380
4033
91658
184
64716
2988
3194
3210
562
5074
3703
40732
64285
2750
46976
3916
431
3770
1921
2287
2936
3791
37729
4009
935
40629
45728
102123
2065
4616
5747
55247
5135
390
80489
1277
3676
3365
6852
7212
7285
5010
839
3034
319
2572
7116
8191
2184
6669
64614
26326
6791
4017
4881
40583
98124
6452
2070
2068
6777
3360
2682
3457
26084
1135
441
2351
347
8641
3702
5380
3871
1797
7419
3529
6003
71535
2349
1286
6184
4901
3357
2901
452
7096
3536
60684
52973
3018
986
111921
1279
2857
86320
1629
7215
6786
5475
4903
7235
4787
1302
171
3074
3831
125
4211
108932
91630
