user_recommendation
318
260
296
527
858
356
593
50
1196
2858
1198
1210
1193
608
4993
1221
541
5952
2571
7153
2959
457
589
1270
1704
590
110
4226
912
1089
1197
778
750
3578
1247
1617
47
1225
904
364
1136
150
111
908
1208
1240
1214
1213
1291
2762
1200
2997
923
1
1207
2918
2396
32
17
2019
1036
58559
1288
1259
3996
4973
2542
1252
745
2692
899
1265
1079
2324
293
1206
919
1258
36
6016
1961
7361
4011
924
2804
2064
246
1219
1148
1203
1035
48516
1233
1732
44191
920
1060
39
1307
913
1222
480
1250
953
1172
5618
2797
5989
1267
2599
3897
903
4878
2716
2791
588
4306
1230
2329
1584
1968
3006
3114
1304
2289
2502
497
337
1610
595
300
1682
349
1387
926
1997
5445
1673
1263
1228
4027
910
32587
4963
44195
1223
1090
4979
994
3481
1276
1278
1625
223
1028
969
1073
5669
2580
59315
1183
2395
232
1204
2194
4995
8961
1947
2115
1945
1246
515
1674
2028
1293
2186
2300
3462
4034
1923
54286
1097
6539
475
898
5010
509
79132
2501
1212
3868
1394
3147
922
3030
2231
50872
6
38061
377
162
1094
1023
1299
5995
78499
68157
671
1256
3160
357
1527
2081
800
2359
2947
16
3949
25
1287
59784
2243
2137
838
4235
6787
40815
720
1175
1580
3317
3671
2268
1199
1201
48780
44199
2712
2010
3000
1192
1080
1237
1356
1912
1500
3435
8368
1261
1224
8636
272
2318
6807
534
1272
33166
49272
106782
1254
1188
21
1104
1251
8798
1242
1393
2917
1784
4886
1264
35836
1466
3039
3730
3471
1262
306
1217
3104
3246
1273
1283
3362
56367
1234
954
1280
1127
454
1220
4007
474
1147
1449
7502
1096
46578
5500
106920
55820
529
1215
4623
1209
1269
1955
7147
265
33794
1189
3476
1747
51540
52885
194
3088
3083
471
1357
92259
1244
3703
2366
86882
1232
1077
551
81229
2761
6711
549
89745
911
5291
3983
109487
88744
905
524
69481
64034
54259
1354
3035
1957
76093
58
2987
5902
5991
54997
1358
266
2248
1374
2132
30707
1185
2973
7649
2971
3504
7075
222
555
2087
1253
8981
1834
1227
6502
1296
1084
1953
73290
3037
307
2648
431
115569
3101
5418
3916
29
916
7386
1641
2102
1249
1927
3527
5971
2890
2664
4896
1884
728
2020
5816
3952
4105
89492
8622
594
2108
141
1748
1231
97938
176
122886
440
5903
3210
1734
7132
2355
2925
2871
1211
1300
3129
3635
2138
1952
4271
1032
5377
5269
3683
65514
1939
60684
110102
101
4361
73344
3176
2303
1361
1179
314
2572
6957
3363
2529
59369
4103
4056
26131
68954
1944
5679
4033
1131
4210
134130
4903
68237
556
3468
299
8970
2125
54001
5992
1635
5060
7143
4489
11
4085
33493
2745
2739
2144
6377
2078
6331
81845
741
945
933
1948
8784
1305
112852
90428
54881
5064
2863
5225
2644
8542
26587
2150
26729
832
1235
4128
85774
1343
116797
850
3524
3089
373
921
915
508
492
4571
1238
67997
3260
2985
3361
3060
280
1019
8638
2993
261
3499
2690
5956
1960
6565
3814
2357
2406
927
6993
112552
3948
86781
7091
1186
3396
39292
3915
5071
1859
4731
4302
3320
5893
3007
1719
733
3545
3044
6874
1260
57669
914
628
6187
8132
1380
34542
4873
52975
85414
308
7451
3300
4327
69
105504
8464
2291
27831
839
1301
2654
1643
233
1941
8228
106471
115713
8874
81932
68358
102445
6932
2651
39183
91104
3252
4914
69844
6666
116897
3072
175
62849
3505
4720
105844
3429
1202
1086
2872
2005
72641
7156
2387
4299
64957
1827
215
6918
1537
917
5028
909
2650
2649
2647
2636
6440
106438
1916
1066
1680
7669
3022
3788
4427
8239
535
4799
2948
2652
56152
54372
82
3469
7034
1464
538
91653
49530
2634
2635
268
31658
96079
5446
1611
2686
581
1061
7574
872
7564
26150
52617
26578
1025
668
27846
2284
54503
88125
3871
93510
2908
106918
1914
123
51080
1484
6974
632
53
224
3307
88810
6975
892
98961
4014
48304
6867
86833
73017
321
441
7482
4322
1411
1180
4037
971
3018
1946
596
161
142488
78574
7767
362
55069
866
1963
1271
1041
8641
4321
4017
97921
5008
52435
803
91658
3359
53129
1860
4029
2076
4632
4626
4016
2694
412
3984
7826
951
1476
59126
946
2728
111622
42718
70286
7063
4308
1754
1178
1095
930
3198
77455
55247
63131
6662
1958
2328
2386
5103
2612
3201
3386
229
53996
106100
333
1184
6380
8264
116
2938
134368
3266
27721
2208
6942
42004
2333
2131
6659
1285
53123
117529
44665
3801
89864
146656
40629
2912
91077
28
107910
1173
6216
3735
3015
262
100556
112138
6979
3507
1950
2951
2467
90531
7137
1248
2946
2288
60069
2929
2905
3521
2080
1663
44788
4658
2820
2573
65642
648
7766
2334
368
3200
37729
58803
2140
907
968
1959
80
3152
164
2232
6271
2788
122900
8958
1616
2968
51255
1845
73587
501
171
134393
6641
5915
5673
3633
2423
3654
3536
6327
4661
4865
1176
3854
26258
55276
714
1956
35
51935
89804
8910
62511
60756
5954
3365
2949
54328
1573
5662
5812
3261
2391
2626
8972
97304
149
26524
2935
5791
759
4396
2068
2398
52287
56339
3341
347
45
2202
7090
13
4422
8341
5147
3034
49280
26422
4616
3062
2750
82459
45950
2916
3019
37741
3791
1150
5477
5522
71899
3301
8914
132333
6375
3415
59418
27790
3253
111781
105197
4304
3020
2736
1365
4679
65261
5490
2331
3196
1934
3168
6001
104913
3310
5630
56782
3966
7285
5876
5810
94677
6732
2310
1866
205
96821
6959
902
45186
93422
37733
5339
3494
32525
1218
950
6708
54281
122882
48394
1171
3728
928
938
2779
937
104374
1689
140267
3844
80906
4678
4132
6188
2141
36708
74458
3358
3265
955
97866
6269
7256
4066
4723
2746
3498
3071
4722
6235
80463
71462
8607
68791
52281
1286
3794
3203
2721
