user_recommendation
318
296
527
356
260
858
593
1196
2571
50
608
1198
912
4993
1270
1210
2858
589
1193
1221
7153
541
1197
1704
2959
110
47
5952
3578
2762
2028
1089
750
457
908
1208
1213
1291
4226
1240
778
2918
1136
1247
904
293
32
1259
150
1225
1204
1
111
1250
919
1230
926
1073
923
2997
899
7361
1682
1961
745
1732
1036
1228
1617
1214
595
2797
1219
1148
36
6016
364
3897
1610
1265
480
1203
2324
79132
5989
2692
1097
1252
969
48516
58559
590
913
1199
1206
910
2329
953
2019
4963
2804
4306
3462
2599
4973
6
3114
2502
903
1060
246
1200
1288
2542
1625
1233
46578
1035
1258
920
1307
1079
2791
349
17
922
1293
1287
2300
1172
1207
4308
3996
1584
1262
6711
1220
497
2396
588
1356
471
1968
1222
2268
1299
2064
4034
5995
1084
337
898
1267
1272
78499
5225
508
1212
474
551
25
1952
1096
4995
2716
2115
2395
2359
6874
1393
924
68157
1276
555
55820
2194
3362
1246
1945
2580
3730
671
1304
3160
1960
1954
3147
44191
475
377
3421
733
509
5060
1923
1028
994
1358
4011
1278
116797
1090
955
29
194
1953
1223
2186
74458
2917
1673
2144
33166
2289
300
56367
6539
1784
1674
1080
4979
1280
2076
32587
3006
109374
4103
8874
2125
59315
56782
2291
3435
4235
928
3386
1927
1957
1266
68954
3468
3481
2132
8961
1254
1537
21
3683
30707
8949
5064
4007
2248
1283
720
2005
175
1256
30749
1466
2739
265
1939
1263
968
2467
235
2871
759
5902
1104
1224
16
628
1285
1500
64839
2303
2243
5418
3504
1251
232
2944
1527
5669
3499
6377
1719
48780
5956
1269
7438
1946
106782
911
3072
4027
223
1361
2761
1264
3552
3418
8228
1357
1217
3868
54286
3471
44195
7147
39183
2971
3034
4085
62
4878
7132
3201
1077
1179
1641
314
1178
1094
1387
909
7022
3429
3469
950
3101
5991
1959
1234
3671
3814
106920
2010
515
4886
1103
3424
92259
357
50872
1248
7502
2712
866
954
5618
44199
1185
2529
86882
4037
8542
80
27773
7767
1095
1231
2863
1023
1025
3317
39
2078
2726
946
4014
1215
72226
3735
1292
63082
1242
7091
3359
6796
44665
2081
3176
2648
1944
529
28
1175
97
26729
3363
2690
3203
70286
1273
3361
6783
921
5444
2916
1955
1948
1305
3307
4117
2728
57669
272
3039
6807
1147
2366
2929
3246
8636
49530
1950
581
8970
6942
162
2644
5630
2351
85414
945
3510
951
2231
44555
3035
1260
3949
3983
1192
1333
3801
8933
3037
6440
1663
3198
3252
81932
86
905
3948
534
2936
2087
1754
104374
5008
6918
538
441
115617
1296
3089
8132
230
3788
6993
930
3911
110102
6791
2920
6662
51255
1249
2745
1127
8638
3167
3916
76093
2068
4816
1394
1921
7256
3275
914
1884
2553
2096
741
2501
68237
971
4658
2000
1964
2232
5992
2020
838
85
7090
363
4179
1019
4612
1693
2318
2202
8368
4047
587
5028
3952
64614
7802
4424
6104
6786
1958
648
81229
3067
3310
112183
3000
1941
6773
1721
8650
87232
4277
3724
5971
73017
3871
4489
535
1201
1845
89745
4432
61323
1209
6502
927
1748
91542
2952
58303
3260
8121
25852
32525
47728
7208
280
850
1281
2927
4450
8958
72641
2686
1916
1066
2357
594
2278
2287
3152
4422
6003
6870
3022
3111
1284
8239
63876
916
112852
3342
3007
1680
125
2137
599
1962
3168
872
26150
7574
7564
4271
26578
52617
3256
6378
68358
3038
832
3417
4019
1131
222
1963
3071
161
3196
3551
46723
7099
1085
1189
1343
26472
8981
7235
2430
26258
54259
3408
3783
2973
2841
2985
3019
3703
35836
32898
3060
1947
5679
81591
6732
428
1235
942
3062
2946
900
6787
2490
6979
33794
373
3095
48696
3747
1211
5010
2434
3702
933
53123
40819
3068
8641
668
2925
31658
105504
2664
52767
3809
37741
2141
2105
5876
41566
116
3108
1086
3545
2729
40629
26326
34162
3213
2131
106916
2118
96728
81564
6724
101
42418
4327
348
88129
7075
2336
2890
2067
121231
2203
4369
5013
4190
1994
2731
787
1376
7566
4688
7669
7087
4105
2987
96079
109487
1580
2459
59784
7419
2924
97921
48738
50068
2820
2108
2573
7320
2938
3083
33171
7116
81845
4033
380
764
8528
144976
4848
4326
2321
39414
4623
3020
1257
3684
2403
128360
1120
3150
3360
8645
3175
4705
2575
4821
68838
2947
3253
2065
115569
2951
3036
69844
122892
4361
3546
4292
3686
7013
40815
3104
8580
64034
140267
7064
7836
266
800
111921
26242
4188
2302
33493
6552
431
104913
88125
3507
89904
55052
1237
5074
2961
3088
79702
5341
938
30816
5475
1834
1408
88810
2420
4263
1099
106696
3679
106100
3763
4273
6001
7943
106489
4349
4914
134130
3030
27790
1635
4537
70293
1956
6987
27831
2935
390
89804
1238
2018
2330
7616
2285
3653
97304
54328
55276
52952
55069
6184
66934
41997
1046
1611
4783
3536
322
2460
261
99114
96488
5385
2117
134853
2391
4017
307
8873
8042
935
5135
115713
3879
5017
1202
6461
4410
2846
5238
7771
7698
7136
5414
1419
97938
3844
3654
50658
26712
3200
2363
805
81847
2273
94959
2908
4661
6331
1354
27803
96821
4029
36529
86320
309
5400
91104
1411
8264
8261
4428
96075
74089
26501
26797
53887
86487
55063
58649
8123
163949
101850
114464
104119
112577
150856
4801
34405
8880
6669
27022
8950
907
1965
2670
5367
1183
51935
1029
5146
54997
8827
7649
1374
3357
93510
1150
5500
1300
4211
26524
2283
5108
55247
2208
931
6021
127152
4338
1177
59387
6893
103810
108932
6881
514
105197
7285
91658
3135
1931
281
4225
8529
7212
11
837
1688
224
6101
1041
2687
1191
6062
3016
117176
122900
1088
233
477
3811
2073
3527
4920
142488
6708
2245
54503
2474
140
3872
2138
6350
3873
7979
73
918
38038
7386
3263
82459
34338
3477
2612
3505
