user_recommendation
318
296
260
527
593
608
858
2571
1196
356
2858
2959
50
1198
1221
47
589
4993
4973
4226
1270
7153
1210
5952
912
2997
1136
2028
1197
1089
1617
58559
1208
541
750
32
1193
1213
457
2762
2692
1252
3578
1704
778
1
904
110
1203
923
111
293
908
150
2502
480
48516
899
1200
1148
1244
1304
1214
969
2918
1291
1732
1219
1240
1625
2324
1206
3996
1207
2396
745
7361
1247
4878
913
953
903
2064
6016
1225
2804
1230
1387
1968
235
4963
2019
920
1259
79132
1500
2580
4886
2291
1036
1288
919
924
2318
1278
2716
1090
4011
2599
4027
33794
357
515
3147
3730
2329
720
1080
1307
1228
3949
5989
40815
2712
7502
3476
1222
364
68157
1682
595
1204
246
555
59315
8961
44191
2542
6
926
497
5995
1276
1258
588
106920
32587
349
2797
1234
3481
534
8368
1356
590
1079
1961
36
1217
6874
1610
68358
2987
1293
898
1953
905
3868
1060
922
48780
1223
4995
1265
1199
34
55820
1250
1094
628
3462
4034
1212
112852
1267
1254
5418
3362
2761
3088
1035
4979
1201
4306
17
50872
3683
5618
6377
1945
955
3114
1394
60069
1077
2289
8874
337
1299
1952
1361
1947
2976
3363
1292
529
30749
1256
2076
994
954
49272
78499
2144
1580
33166
1175
3006
3307
1994
6502
733
299
1179
109487
4235
2395
76093
1264
1235
800
68954
2186
106782
1263
3448
1411
3152
3181
70286
3897
474
1948
3361
2917
232
56367
115713
306
6942
2971
2791
3104
1674
134130
16
1097
1246
5816
2288
6539
223
950
910
2300
1284
54001
7147
1269
581
2167
194
3706
3504
2313
2020
3203
109374
1192
57669
86882
69844
300
3468
968
1271
6787
475
1939
1172
1266
1248
1302
1084
5010
1189
551
142488
3200
162
2467
951
2890
54286
2871
110102
2194
3471
2501
2248
866
3022
3175
307
2243
1784
3000
5500
6711
3359
940
3167
1673
44199
538
1233
88125
2132
3735
785
81845
68237
1641
3260
44195
3037
535
928
1220
1305
49530
3386
1242
122882
148626
1237
81932
1997
3671
3724
1178
34405
3038
8798
5445
2391
89745
59784
2406
3095
1303
1260
69481
29
3039
942
3035
3198
39292
3083
3101
1527
161
1466
3435
2648
100
6807
2160
2935
30707
3703
2973
1348
1029
2203
1663
1215
88129
230
3210
115569
1224
2739
2474
39
265
2081
2985
1912
3246
51255
3638
3081
4085
1464
2115
509
1449
2919
176
8636
471
3016
74458
3007
53123
521
2137
945
3499
319
4361
741
1096
3524
3317
1287
116797
594
501
2612
8665
44555
2690
149
92259
930
2352
2908
58
1127
1028
88810
134853
122886
31658
1066
2138
105504
1272
1960
33493
104913
7090
11
125
4016
1956
914
6380
927
233
2366
46578
96821
1120
38038
1103
99114
921
3791
69757
54259
1231
6662
3814
4128
3060
116
88744
3134
2321
2303
3527
2949
2357
2232
54997
272
3153
51540
3068
7116
3341
73017
6870
1333
106100
102445
514
549
2245
63082
2746
308
2795
3741
916
261
1729
3469
2664
3983
35836
5992
72641
80489
98961
2455
2490
122900
2594
97921
3545
2208
1238
2336
3684
766
2721
156
6863
353
671
1095
2925
3310
1147
2070
146656
2857
946
3033
81834
4037
1982
3608
1245
72998
1073
1321
5064
2005
1280
30
2108
7099
40819
89492
96079
2947
68073
4022
2726
1946
2863
5630
1285
1209
3044
4873
8970
31410
3213
5903
4661
85414
345
2841
91658
1257
907
89804
85774
377
112552
1218
97938
3219
7386
26729
44665
55276
2696
178
1345
5669
6796
4262
1393
1131
2102
52
3728
6001
8228
2644
73290
805
1419
3342
6669
111362
5812
1357
122892
3505
4903
7669
1281
3761
5782
3470
2912
1834
56782
1253
4017
8132
8264
1701
943
2349
103
7438
3507
1827
6974
64839
838
3102
1161
2018
3952
2165
2872
1177
2130
2463
87232
2231
5475
3536
97304
37741
3112
1885
1041
81229
2359
3194
91529
1934
902
112183
8958
4105
111781
3020
82
72226
54372
107406
728
84152
73321
5377
3019
106696
70293
2202
4626
4632
477
3030
1104
91104
111622
3091
4014
8784
41
1904
60684
3635
5017
8972
368
50068
7075
1023
363
38061
48738
2988
4422
1845
2553
3742
1020
348
6273
2788
7087
104374
54881
229
2728
5971
661
111759
5991
77455
62
973
6659
49651
2010
373
2929
80463
2099
26776
2150
26587
4033
3546
4848
1211
3406
3160
3811
2131
4304
6331
37733
539
26131
6565
2752
4263
290
3036
51935
4427
933
93838
2750
1249
5341
112623
3365
1366
4066
492
115617
4410
3357
140174
82459
1088
32898
2442
69
4009
45950
64620
164
3105
4432
2560
1747
1955
5238
3072
4776
531
3262
86377
64034
112556
184
2495
3915
6271
1629
422
7419
4349
8154
1283
63876
1754
97923
90428
7132
2545
1251
2066
54503
7836
6987
2682
55250
3265
7373
81564
3833
7482
1954
448
911
900
117529
2337
5385
106489
2867
2938
5291
1341
91542
938
7139
5477
893
85342
550
341
45
2271
3679
3547
92
3320
4809
59018
5071
4302
4731
1859
1463
1326
183
1531
1312
621
1655
1543
3021
3851
2465
2945
2982
3024
3281
3757
3837
3840
1771
4489
96075
53887
26797
26501
8261
86487
8123
58649
6021
4428
74089
55063
163949
101850
104119
150856
112577
114464
3702
1935
7698
1927
3457
1128
1130
412
3966
2125
55052
5893
2419
567
2469
481
3529
2267
49
2659
40629
322
3576
6350
1649
65261
141
224
6724
6777
3475
537
78574
65642
3872
1516
3135
3557
2278
2327
3168
3347
6666
1949
2344
3770
1261
366
837
93510
7013
1554
1921
803
6598
2078
8981
1300
2693
134170
5444
5114
8125
3270
1719
5608
312
362
27846
2745
1957
64614
3672
8188
3420
326
86781
1282
1860
52281
2279
105844
1194
97
2774
4246
106438
106766
3917
5319
508
27831
104841
128360
106072
1931
3018
71033
2859
3358
