user_recommendation
318
296
527
260
858
50
593
356
2858
1196
1198
2571
608
2959
110
1270
4993
1197
589
1210
1221
7153
4226
5952
1704
1136
1089
2028
1291
1193
912
1
4973
1213
778
47
2762
3578
457
58559
111
293
541
32
1240
150
745
1617
904
1203
2692
908
899
2329
480
1225
6016
2396
750
497
923
1304
364
1148
2918
6
2804
2997
1252
7361
1208
1682
588
1265
1580
2542
733
1288
2064
1219
919
1200
2324
4011
1732
4963
246
2599
969
913
1207
48516
953
1204
1259
1036
8961
4027
79132
1214
3996
4306
1228
1247
1258
33794
2019
920
1968
4886
1250
1276
595
6539
17
903
3147
1060
1230
1961
349
926
4995
32587
357
2716
36
2502
590
1246
1953
48780
46578
1199
1307
1079
1073
1234
1233
1267
898
515
922
2797
555
1212
910
1097
994
1222
377
3462
1172
1947
337
194
6377
50872
3481
68157
55820
54286
4878
1923
5418
5995
475
3897
1957
44191
3307
3114
5618
1293
905
924
319
1674
474
2115
671
1945
1035
1028
1084
3949
2917
76093
720
2289
2300
5989
3421
1215
40815
161
950
4034
1610
1625
5669
1356
2186
535
6874
2712
1394
1952
1217
162
1527
3363
151
44555
1094
51255
2278
57669
11
471
5816
1299
7502
2791
3730
4235
1262
1393
59315
2194
838
2690
1287
1080
8874
1272
1090
78499
8368
1192
1997
5991
2580
1376
3435
1500
2501
1201
39
1584
56367
68358
3504
628
2318
1449
25
1673
2243
1939
3683
954
3095
509
4308
2761
3418
3007
30707
2125
3362
1729
1374
106920
56782
3735
1254
2971
951
1256
116797
1954
109487
2132
1358
74458
1269
6502
30749
232
1223
1220
33166
3006
2303
1387
2137
3088
73017
2291
1280
2268
58
914
44665
529
34405
916
5630
1292
1784
4085
27773
1285
1960
54997
508
2248
911
5445
928
81845
1077
21
49530
1224
300
2359
4007
2011
2005
2020
1994
1357
2467
2871
1278
92259
440
581
134130
5903
3468
54503
306
1680
3510
40629
1263
3081
648
1206
1333
3160
1281
1096
31658
307
4896
3545
1260
1209
109374
1834
8981
3198
1227
2739
3000
1103
2395
265
7147
6979
3868
60069
1361
3671
7090
2863
3101
1537
1244
34
5971
2081
1231
99114
930
272
1641
3471
1218
72641
53123
69844
368
3527
946
7212
1466
1178
223
1266
88125
2890
1264
3201
235
29
538
49272
3134
1211
44195
1066
3089
3793
33493
348
70286
1248
3035
805
5902
2109
64285
345
3551
3152
2490
968
3359
112852
224
31116
51471
8132
86882
6787
2987
3083
85
3246
741
2202
67087
89745
1284
16
1131
5064
1023
91542
3022
59784
1189
2076
104374
2938
1948
115617
6796
38038
88810
2336
1095
477
3703
1962
800
81847
5444
2929
3429
2231
534
3911
3310
428
353
3038
3361
1959
3360
2087
2406
1950
98491
4014
1251
2973
68237
1302
81229
1175
3702
1321
50068
222
68954
3983
3104
2355
6565
3275
553
1946
3072
1245
2357
1283
7438
1944
3037
3952
54001
1257
6385
921
175
1411
927
7263
3499
41566
2144
5010
6870
3386
942
262
1101
61323
2746
1916
1249
3068
4848
2068
4427
3365
6732
63131
54259
2846
3548
106782
1408
3406
79702
6807
40819
261
7143
1927
2352
945
3448
1719
2232
524
1663
1238
1147
2648
233
122882
2935
7451
8665
91104
933
106696
1086
5673
902
3469
1982
110102
1305
6669
28
1020
1300
36529
412
7116
27611
2529
380
2434
2208
6936
2203
973
2366
77658
4979
8636
5992
1179
3260
65188
1963
1885
6662
8807
178
3653
6380
1237
866
39292
3252
280
58047
134853
2726
766
37729
2474
41
7099
4105
3741
63082
1298
106100
2351
7386
3200
2664
907
2948
955
2160
1029
5013
2612
2313
2138
1104
938
1734
1688
81834
3524
1934
2925
431
6187
1827
3967
7013
116
94959
1303
3791
3742
72226
2331
80463
89804
299
2391
156
1021
308
2572
35836
1354
98809
3167
3168
3317
1019
4128
2795
68269
3341
99764
104913
88129
2078
6708
69757
4262
4086
3203
3505
940
97
58803
281
6331
3811
4103
2924
3270
146656
1345
3020
31410
3414
1964
30810
56251
290
96829
2841
943
2920
915
3521
1296
1942
2944
54881
112552
96588
1484
2788
1931
6273
122892
6269
55069
81932
6201
5876
86377
5060
41573
32289
79824
48791
80839
850
5812
3910
52458
127152
4450
2070
73321
56152
2745
71838
4223
55276
44199
5349
6711
935
3543
102123
106489
6552
3213
3512
6003
3256
7767
3424
3125
5114
6281
2099
68135
6286
8957
45950
1958
96728
93510
1845
69
13
3033
1271
900
7256
3844
2102
492
108932
55250
62
4304
4351
26524
1380
55267
3098
309
3044
100556
2344
108979
36931
27724
51540
562
6001
5747
2936
115713
69481
51935
314
6783
909
3606
8970
780
3100
6664
102445
4019
62956
4037
5446
3739
4422
48698
1120
7137
7075
3181
2130
2857
373
4263
268
64034
2245
38499
81591
3091
1366
1081
2405
2644
5878
48738
918
7132
73290
3071
26326
4225
514
4642
5956
6643
2423
74946
3783
1965
97938
6753
454
60397
59018
8199
123
3355
36527
3814
52281
106438
6440
213
218
4179
8125
2919
4679
1343
917
3178
599
112138
6235
72171
26729
3034
6350
47518
1938
4873
347
253
93721
142488
3062
106471
60756
3364
32898
30
3916
3475
322
56757
2288
7371
5380
3736
55269
3263
71264
2454
73
93443
7320
5500
96467
2096
1396
4010
85438
5103
7285
632
3507
133771
53
3019
5300
68838
4188
3350
7027
148881
74754
79677
160590
128620
86000
139116
127108
107978
139757
1330
67255
1955
3417
8188
8239
3175
2620
2750
1277
105504
4277
215
1754
3629
6993
2058
8958
3801
112515
45722
2321
5147
2728
764
140110
8938
3070
937
80748
31184
4017
2273
54256
1794
100
152081
9010
1032
1941
6918
8880
3357
2353
2677
549
2729
678
7373
71033
1649
2284
1611
2301
1082
