user_recommendation
318
296
527
260
858
593
1196
608
356
1198
50
2571
1210
2858
1193
110
912
589
2959
1270
47
1221
1197
1089
1704
150
750
904
1213
908
4993
7153
4226
3578
2918
1208
541
1259
457
1240
1225
1291
1136
111
5952
1247
778
923
293
899
2028
590
926
32
969
1204
920
2997
1219
2762
2396
903
2797
3897
1172
1203
1073
4963
919
1961
1252
5225
6016
913
1968
1617
1265
1097
364
7361
1682
79132
1206
480
5989
3462
1214
4973
2019
595
36
2329
898
910
1207
1732
588
1258
1228
1287
2599
46578
2324
745
48516
2804
1035
1199
1036
3996
17
1
922
4306
1584
2692
1079
4308
1307
44191
349
1625
497
3176
1148
1945
1060
5995
2542
1293
1212
1250
1246
4027
1217
953
6
6874
1262
3481
1200
1222
1610
2064
1267
2186
1304
671
2300
1358
733
194
924
337
1028
1957
4995
3147
21
1233
2268
1230
1952
555
3435
55820
2132
1947
1220
1084
1096
30707
380
4011
2115
58559
1080
4034
1299
1269
4878
68157
1223
5669
1674
1280
1673
6711
1263
1387
2502
955
377
6539
509
1254
232
3386
56367
11
2359
32587
1224
1276
3006
4235
2194
2739
1104
4979
1927
5902
471
1288
1251
508
3868
1953
2863
1264
1923
33166
56782
2289
3471
59315
994
265
2076
2125
2761
1256
3730
1466
1296
5064
175
1242
116797
3468
2971
16
1025
1305
4007
1127
27773
916
2716
3310
950
78499
8874
74458
1948
909
3072
2580
928
8981
2144
2010
954
3421
5956
1278
3949
1023
2791
3114
905
3418
1103
3916
529
50872
3362
3499
5418
1090
911
1734
3168
3307
8961
946
474
1946
1094
2395
3424
106920
1963
1960
54286
1283
2917
8970
1950
3671
1244
3252
33493
1178
29
475
1356
1408
35836
4014
1243
968
1393
7438
4103
1248
64839
1077
63082
2248
2243
1748
1959
5992
1834
3246
5013
3545
1237
3510
2501
1231
68954
1527
3983
945
1955
5679
1537
2068
2731
1260
1183
3067
6796
3683
72641
8949
7132
2648
5312
49530
5010
3788
1273
2726
1066
1500
3196
1361
581
44665
222
1939
8784
3361
44555
1019
3060
72226
2303
4085
3548
40629
3363
2871
62
314
2946
2351
930
1333
7147
109374
1719
7116
4037
34405
39
106782
1095
1944
628
2712
48780
57669
3101
76093
8958
44199
971
3948
3039
272
7767
6918
3317
4846
2728
4019
3134
1272
1374
2944
39183
2202
1754
5329
1916
3275
235
3429
1124
2357
3037
933
5415
2078
26729
3504
26242
162
88810
3083
3007
33794
81845
2291
5791
3022
373
2087
1407
431
1175
7013
81591
1215
2005
759
538
8542
2745
51255
2278
81932
902
176
3203
7090
4188
357
2732
5971
2929
70286
3095
3469
2890
7256
850
34162
7669
4422
8132
7136
30749
4450
1238
3035
3814
6333
3735
3201
2020
6732
223
866
6979
7022
6440
8636
2336
4489
942
3104
2160
3952
1029
112183
8368
6001
88125
2231
1784
5668
42004
3703
3911
92259
163
5903
1884
7320
1086
5444
7091
2287
5876
6378
106696
32898
2612
55247
6783
2208
8933
4262
1147
5630
6565
3160
2529
8665
800
1300
6273
4424
2203
1641
3910
2947
2176
2925
109487
32525
246
8880
73344
914
1292
3167
3038
6552
300
938
316
55269
3033
1962
3100
921
3546
1860
8955
1211
1965
5254
306
4047
44195
3476
7087
1729
6863
224
5114
2318
3793
6787
2644
6662
4277
2141
3088
52767
2301
8228
7502
2137
3089
3724
5008
4179
85414
2467
3200
3000
805
134853
2935
3783
2245
412
2916
97938
96728
2920
1394
8042
4776
2936
1120
3967
2795
69844
53123
927
951
2686
134130
88129
104374
7371
280
838
59784
52973
3686
2664
1693
1357
68838
6003
3359
73290
6669
915
39414
7419
86882
81847
2
4661
112852
2353
668
3417
68358
86320
8528
3527
1185
7075
281
5475
741
4914
3364
6724
54503
1611
299
6643
7451
3551
110102
1921
58303
64034
2690
4225
4612
55276
483
845
6807
54259
4033
37741
1354
2430
3019
8650
41566
105504
3198
4658
7943
7099
7285
5103
551
106100
2117
8645
2908
4191
68237
2846
55052
1049
936
1964
81229
7208
2927
25852
47728
8121
7566
106489
25
86
2167
6104
6786
3260
1192
6187
1994
2730
48738
3552
1941
94959
4410
2285
1281
80
4428
96075
55063
53887
101850
8123
5238
86487
26797
26501
74089
8261
8264
58649
163949
150856
114464
104119
112577
1284
6773
56339
5017
3594
49280
26422
59418
6101
115713
2046
1958
6188
2572
4187
91542
5028
2333
1303
7836
3507
48696
31658
2459
3342
4432
5341
6021
4969
3477
1810
309
2232
3702
3414
8125
69481
1101
2283
121231
3872
1285
106916
7802
2105
3498
60756
1078
1081
2660
931
3071
4537
3256
2961
6791
3034
534
3745
3869
2403
5414
2363
81834
3068
5385
2952
4809
5782
1099
64716
4623
2398
635
3396
4211
41
1411
49272
907
6975
1982
7386
54001
85
1931
1663
3111
4105
70293
441
2951
25769
3251
2420
937
307
40583
31410
872
7564
7574
26578
52617
26150
4271
73017
96079
308
2553
2067
3270
7265
5387
2108
5015
6881
7263
89804
2423
3505
1131
3741
108727
108981
140174
154
3556
7445
102684
6777
56152
68269
4816
3747
4886
112290
28
87232
3736
787
3011
4688
34338
3451
68135
8239
5367
2670
116
8199
115617
1934
99114
3739
900
101
41285
5810
3879
3272
89745
6852
3654
3989
1257
106438
80489
56805
78039
7649
319
3467
2620
3801
1419
7088
3684
2273
30816
45728
61240
1184
3077
3966
26524
1699
73
3142
2924
147
268
51540
3150
670
2788
514
2393
1189
41573
80839
32289
79824
48791
66665
71033
26326
107559
4190
4273
6932
4117
4326
3475
54997
115569
1041
632
53
6281
27803
106441
3328
4263
101525
973
345
2066
91658
2150
2366
5060
97
26712
50658
3629
8188
233
7766
171
6725
4789
1827
146
3178
40819
6502
127152
4722
5095
77455
