user_recommendation
318
296
50
593
527
858
608
260
356
2571
2858
2959
4993
1196
1198
7153
1197
1221
1270
110
5952
589
1
1210
4226
1136
58559
47
1213
1704
2028
3578
2762
32
778
1291
457
111
293
4973
912
1089
1193
1617
1240
6016
1203
4306
904
908
2324
2329
150
899
1252
1214
745
1200
541
7361
750
480
2692
48516
1148
2997
2918
4011
3147
924
2542
4963
1682
2396
1036
497
1225
2804
1258
1304
923
79132
969
2716
48780
364
953
2064
4995
1208
6
1732
32587
246
6874
1228
1580
1259
4027
1265
588
4878
1222
3114
3481
919
920
2502
1968
903
1204
1276
913
6377
1674
2599
4886
8961
733
5995
17
36
33794
78499
5989
1219
1230
54286
2019
590
2797
1201
1199
4896
1288
5816
1250
555
5418
474
55820
68157
1784
7502
1247
6539
1212
6711
30707
76093
1060
1207
1953
1090
59315
70286
161
194
1961
3996
922
25
3897
1246
68358
8368
3949
1172
994
46578
112852
898
2712
2115
1393
926
1035
2186
44191
56367
1079
595
16
57669
33166
50872
1278
349
905
1097
68954
1356
319
475
3730
1947
3363
1080
337
5669
69757
2005
1625
1084
72998
1233
3462
1267
30749
40815
1358
628
838
1954
73017
1500
74458
2871
950
720
51255
1307
1610
1215
109487
914
1945
1374
2194
515
535
2278
109374
56782
1244
4235
1285
1254
2318
44555
63082
1217
1299
2917
1234
1192
471
1073
1293
5618
106920
54997
2467
122882
357
2289
3362
4034
2395
2580
6502
1923
81591
2303
3007
3735
68237
8874
377
1224
223
954
671
116797
62
2291
3152
5444
44665
1223
81229
1957
1256
134130
2300
3504
581
34405
27773
232
2268
3198
3683
3088
49530
8132
1673
265
54503
2791
79702
99114
3307
106782
2132
741
1952
1206
86882
1729
7438
58
64839
3421
910
1209
1939
3793
348
3435
1028
39
306
112552
89745
1218
3095
49272
1449
21
3418
2243
2078
1262
1220
88125
1411
69844
2248
1284
3035
3104
1094
3868
534
3468
4085
1357
1227
2490
2690
11
1994
81845
6796
162
1266
2137
2125
1361
1333
64614
104913
928
3911
3510
529
1269
1211
951
67087
31658
80463
1466
1376
2739
3006
2501
1264
866
1271
968
1077
96079
440
4979
1394
3000
92259
28
3101
7099
1096
2971
955
3671
1680
307
2761
8784
2391
1387
1231
5902
2987
6787
5630
368
508
1527
300
3471
2231
940
40819
648
1287
3201
54001
53123
5445
2080
1179
5010
800
115713
29
54259
3499
52
36529
69122
7090
1263
1960
1719
59784
3952
3359
5064
1584
89804
88810
69
2929
88129
2081
2138
44199
1948
2529
1238
3089
2406
175
98809
1272
3034
8970
38038
1248
2841
1261
261
2890
3081
81564
73321
6979
911
44195
3200
551
134853
916
900
94959
3545
96821
1688
2948
2144
3044
1321
235
102445
7143
538
1834
1302
942
1257
85
8807
6870
1950
81834
2924
151
106100
91542
1245
69481
1982
930
2076
4450
1189
72641
8950
3448
4014
141
2459
34
84152
1958
91104
1946
2203
110102
39292
87232
1303
4262
7147
1292
308
428
2020
2359
45
3068
1956
2160
81932
5971
156
1281
5991
31435
108583
215
2344
36931
27724
81847
2463
5673
3424
1023
1354
5903
41
492
599
105504
4016
1343
52458
7802
1147
2687
280
4308
3181
104374
661
3512
85342
3038
3811
74946
47610
4007
3213
1734
93510
2232
1283
3742
59018
71429
3702
1175
6708
146656
115122
805
1086
106489
31410
1962
7212
553
2474
272
8798
6662
3967
3160
60069
431
299
2951
7419
6773
3365
3203
3134
128360
1964
477
3507
233
946
64285
3983
41566
142488
3252
1345
927
82459
5956
2664
2788
596
2648
1260
524
945
106696
1921
1059
1081
2973
1103
2357
2935
973
1959
97
222
1095
3263
4679
3476
71535
2366
27831
3350
322
4369
1066
108932
62081
59369
65514
1641
115617
6807
4239
4571
907
51471
2096
1944
4128
2726
345
1178
115569
31116
2352
1997
6669
3275
62374
281
3083
66934
51935
8665
2202
3019
1663
8641
93838
101
47518
921
935
2434
6323
4223
3167
4873
55721
50641
93855
5244
93320
1280
3357
1305
79357
5300
1537
97304
1029
3098
3606
3521
36527
3328
7132
2288
122892
2083
2863
8638
56251
4321
4846
89774
3916
6385
6440
2208
97938
3310
1088
108979
5690
933
71899
2313
441
7323
112183
27846
1120
3706
2925
1104
26326
91658
32898
3071
37729
4021
6350
3653
4427
7022
3178
2068
79008
1827
58295
178
86
6942
56145
353
2572
1754
73
67255
3341
3681
3684
3030
1934
3016
64620
3246
2920
1484
7156
3111
2846
95167
7263
82527
64957
2454
50068
63876
4799
48738
3260
3505
4103
55052
832
3360
3317
4017
111759
2351
6187
1237
51540
2732
3724
3364
4105
6732
37733
2707
8580
99764
2245
2745
60756
7256
918
5992
224
3703
1249
3100
3153
58351
55442
62956
56587
4351
102123
7669
125
72011
1130
65188
80748
230
40629
3125
5812
6959
3361
127152
3475
2819
1177
1464
1845
1251
2102
2336
1282
65037
59684
122900
52604
2070
55250
4037
1942
7091
54881
96829
8981
71838
68073
4642
2919
8542
373
971
6283
1131
3451
3112
3429
86377
412
7137
3406
76173
27660
106438
1649
8711
6077
72226
6003
59995
100383
1185
850
3801
4299
100714
7386
3469
2936
735
3355
2857
454
56152
678
3020
6125
97306
66371
7116
2908
1916
13
98961
3871
1927
909
7371
290
3728
6754
1912
96728
728
491
931
6987
3741
80489
1955
3414
458
84944
38499
4519
3508
87192
139385
57504
3677
4225
76251
1616
7833
3548
2795
48774
3033
5876
2355
2575
79091
7075
8340
116
51412
2694
8958
901
60161
1277
6552
122886
64716
131724
2872
26258
104841
6659
99145
5014
26662
5329
4019
55247
2961
7844
35836
30810
2938
112138
3639
3062
262
3543
4327
3736
97921
1967
766
5791
30816
3175
101525
53318
31878
2058
3503
44761
85414
