user_recommendation
318
296
858
527
50
593
608
2571
2858
1221
1197
1196
356
912
7153
2959
4993
260
110
2762
47
1207
2997
4226
457
5952
4973
1270
36
913
778
480
1198
953
1208
904
1136
1193
1213
1617
1240
58559
364
1704
32
1304
750
4963
1230
589
1
3578
111
1206
1252
4306
293
595
1291
515
1682
48780
6539
1259
150
908
2324
969
79132
1278
4011
1222
1219
1210
1225
1732
3897
2692
1214
2918
475
4308
1394
1500
1228
926
1247
2329
1250
1961
1287
6377
1148
923
246
223
1089
1199
2542
4027
2396
1203
17
2268
1276
1968
1246
919
899
6016
7361
8874
551
48516
1254
2064
745
2289
3504
497
68157
3481
1204
1073
1200
555
920
6874
25
1411
2502
60069
4886
733
5418
4878
1035
3147
588
2291
5618
1285
235
33166
2908
1258
5995
2076
1077
2109
5989
16
2791
910
2599
3471
1266
1090
529
922
1231
3996
44191
4034
1393
3196
59315
56367
3362
1299
6
1947
1060
162
4995
1939
1036
1080
3114
2028
1267
2804
353
30749
994
898
1610
2132
534
2115
474
1233
57669
903
40815
838
1244
112852
955
1103
2318
1217
3101
2144
1356
1097
3361
28
58
272
63082
3671
31658
1958
161
76093
6711
91529
78499
306
81229
81845
5669
300
6502
5060
86
50872
1358
62
1028
34405
3363
8368
1292
1357
3167
3724
1719
2300
3730
1956
357
1178
1272
3359
68358
940
1189
8665
1307
68954
29
88125
1361
109487
924
37731
1094
86882
2020
46976
122882
2395
307
45722
531
3317
41566
11
34
1256
7438
800
54997
54259
950
106920
3152
32587
581
2797
2288
1095
928
69844
1997
2971
44555
3683
4406
6773
99114
1234
3000
1466
2987
7147
2871
1953
1580
339
49530
968
58803
1333
1260
64839
2359
628
4896
3104
134130
3198
893
2248
741
3035
194
1945
1220
230
308
50068
8228
39292
54286
7139
1172
1303
5444
37741
81834
1641
337
6787
3967
452
2580
1212
265
5971
2125
79702
1020
2467
2019
116797
44199
3186
49272
3811
3735
3135
3543
914
46578
1096
247
3088
954
69757
541
2336
661
1293
1635
48394
7099
1284
1262
44195
280
3213
109374
72998
3108
5010
2194
3468
1282
5630
5816
7090
40819
3507
89745
1248
2243
2648
1211
108583
3210
1201
5225
4239
106489
535
30707
39183
3814
38038
3989
2690
115713
942
4369
1931
3260
48738
1147
538
1265
951
261
92259
8784
229
2664
866
3068
678
2863
1625
1079
1348
3201
3255
1223
2081
1218
1257
3016
125
905
8972
30816
2005
7143
1029
2644
37733
6350
1948
5903
3275
4903
2357
281
2108
6942
3462
3702
68237
51662
2917
3499
1994
233
3469
8132
27831
3467
1283
106782
1729
44665
1224
7419
3551
6662
2232
74458
4016
3741
3033
3175
1611
1175
5812
3252
115122
5238
5064
1243
52
6380
2105
81591
1960
900
3034
79428
70286
3200
6378
33794
4427
971
128360
1041
2501
916
5876
422
930
3911
2746
59369
590
282
1296
3448
508
1954
373
2202
3791
3408
59784
52281
728
2761
7285
2795
3476
79091
3634
2352
8961
6870
471
3980
7096
2726
2321
3153
1952
2245
3421
3916
4361
1305
1104
65261
3083
1235
539
3844
2070
47610
2203
8970
1271
1274
3386
4033
2186
3095
85
7802
7137
2919
2279
36529
4014
363
5146
98491
1084
1653
4432
4235
68073
1374
4292
66934
314
97
2612
8873
2366
26084
3019
349
5991
2857
6299
6754
1649
101
4017
2459
4223
5103
2739
7502
1845
2973
88129
115569
56757
911
85414
4304
3783
7698
98809
7215
2067
2728
81932
909
1674
5349
4881
63876
2394
116
2721
69481
2474
2912
1050
3246
766
2716
1264
1552
14
55247
3037
3272
8493
326
122886
2334
94959
222
5782
7669
1680
3435
26662
482
3355
2138
2303
105504
27660
37857
932
3081
1663
56782
556
3653
81564
2948
4085
348
5341
671
31410
67255
51255
1380
1537
423
1527
3738
2682
1344
104374
3285
3686
1982
2442
4809
3044
37729
5299
97938
6863
2924
93721
4642
6218
2330
76293
2165
5244
79357
93320
50641
93855
53956
3510
8530
3983
6461
6565
65514
1280
5379
1209
51412
85342
45728
3310
2875
2668
2355
87232
93838
8711
6077
3112
151
1950
3077
7235
3007
5801
4537
1288
764
3679
97304
1946
1086
102445
7160
3546
55052
1967
4263
112552
46322
3501
3330
735
7022
1034
106100
3022
2071
6591
58295
6323
6724
38499
2361
6125
1907
2349
3018
1964
80463
3536
1281
56152
4103
3672
2
720
1959
1797
55442
514
215
2273
48774
6852
2278
2596
2757
7833
2315
1289
112183
3194
3036
37830
3111
650
106916
3871
7164
3684
3342
8191
2976
8958
1408
8360
45950
3612
27523
2696
7013
1419
5878
2469
43
4086
7156
49957
2443
134853
26729
7116
122892
8644
5954
2029
3728
5013
1078
26776
3508
4217
1187
64716
2988
6807
2925
104841
64614
1673
949
2231
2867
3524
6003
72641
27815
31878
4901
27022
108932
1957
1376
3548
82459
91542
2130
3609
1423
31035
8128
2961
2151
7075
3038
921
1061
927
100714
4623
2752
8340
4246
59995
6659
8983
3062
2788
2725
3105
1885
837
98961
52604
7836
4009
86504
4218
6101
6639
5014
73017
111759
106696
2890
30
279
4450
178
2261
2495
60293
54995
509
1875
3424
2513
32898
93840
77658
390
1873
1688
6947
2594
6385
71135
1128
4553
3079
2148
2312
5152
6979
1111
1396
5446
6959
6331
3089
3745
104913
4422
115617
2841
2763
322
3067
2901
100383
51935
26524
176
87306
6777
4190
3566
110501
6796
3429
2043
521
262
1085
72226
2463
3417
3970
69
2337
2693
7373
1063
4873
111362
7844
4280
440
4037
55276
70293
3734
5074
96079
1594
4577
8264
933
71282
149
3833
2271
2353
2423
105844
2140
47999
4410
99145
3908
96821
74089
26797
7087
4428
55063
26501
8123
86487
5475
8261
58649
53887
163949
96075
104119
101850
114464
112577
150856
