user_recommendation
318
296
858
527
593
260
50
608
1196
2571
2858
356
1198
1270
2959
1197
1221
589
47
4993
1210
912
4226
7153
5952
1193
457
1089
1291
1
1704
1136
110
2028
904
1213
1617
1240
150
908
2762
899
32
2997
293
4973
750
58559
111
1208
3578
778
923
2918
1203
1252
79132
913
364
1682
1036
4963
7361
2324
1207
1230
1258
1247
1968
953
48516
1228
36
541
1225
2396
969
6016
745
1259
1206
1961
924
1214
4878
5989
1265
1250
926
1732
48780
3996
595
6539
1580
1219
2502
68157
910
2692
2329
2716
1148
480
1304
903
1204
2797
919
2300
3897
1172
1625
497
6
920
1200
46578
1267
44191
17
1222
2599
4995
4308
2542
1276
1060
6874
32587
898
2064
4011
4027
588
2019
1278
246
1307
337
2804
1287
1610
1073
3114
1035
1288
1293
1199
380
78499
2115
56367
2791
4886
5995
2268
1947
994
3730
950
733
55820
1945
922
555
1212
235
474
3462
2291
349
33166
59315
16
1952
3481
4306
223
1097
475
3147
2186
1028
3362
70286
4034
377
1394
1094
1231
1356
1084
8874
1234
1266
2289
515
5618
11
1500
471
50872
954
2712
6711
1674
1256
1096
2973
5669
5418
1080
1077
1997
2580
3868
2076
2194
2243
1079
800
3504
7502
3671
3735
1953
3471
671
1411
628
106920
33794
1466
60069
3683
1254
2739
1246
1285
81845
8368
116797
1272
1233
57669
928
106782
3006
1393
2395
7090
2947
551
1201
92259
54286
49272
76093
2501
1217
4979
2917
30749
232
68237
1939
49530
88125
2303
1960
265
1103
7438
1220
3317
2971
2132
3468
3104
1223
1280
1729
2871
86882
300
40815
529
109487
1179
25
5010
74458
68954
3000
194
648
1299
30707
1641
3435
31658
44199
4896
3949
6377
8961
1784
33493
1950
1175
29
1673
4085
85414
1263
3386
112852
3152
1361
2359
1262
2761
68358
1248
5064
1333
161
1957
3083
4235
1269
2648
5971
905
1357
2929
590
348
115713
3361
955
7147
134130
2529
1090
741
535
3307
3101
3246
1251
3983
3363
1284
81834
81932
3421
72641
3952
2321
6502
1959
1954
2231
1264
1215
64839
1224
63082
353
1192
1719
909
2987
59784
1209
6787
1292
1218
2890
1260
5956
2318
81229
720
91529
69844
1955
44665
2355
7099
44195
3201
109374
1147
51540
2248
1374
4014
115569
3198
44555
921
3359
1387
951
175
2144
4361
2109
69481
54997
3499
34405
5225
1189
5630
56782
1095
4623
2664
80463
911
50068
8970
1283
2357
3007
2726
110102
1962
1584
162
1178
5816
3175
1948
914
1834
2202
357
27773
1244
3068
3536
927
1343
4033
946
99114
534
8784
1923
581
2020
3038
54259
31410
5902
26729
104374
105504
7132
62
58
1994
5812
3686
3310
2925
36529
2391
538
1946
261
2644
4037
306
48394
3429
5991
428
3167
838
508
96079
3072
3916
2467
8958
3252
6662
968
477
1086
2944
39292
3095
3546
1358
6979
2118
4007
2474
6188
2232
3039
1104
97304
1303
2068
3035
549
1449
3948
6350
21
8665
2125
1845
53123
2795
52
48738
88129
121231
454
1754
8132
3418
3507
87232
125
930
1537
916
6796
2245
2612
6001
5992
7669
2690
26587
2366
3176
54503
101
52281
3724
3911
81591
104841
2490
866
86
1964
3814
2863
3089
80489
8542
233
599
3256
3016
942
7091
88810
3203
4406
3088
4103
79702
971
2203
2729
72226
3505
7022
1305
2924
106100
1131
142488
91658
3022
3111
2005
2935
3451
2313
2731
58803
35836
39
106696
933
3213
1019
8228
1227
3424
2841
4263
55276
373
1029
4239
440
6870
89804
73017
97
1956
6331
509
215
8981
89745
1238
3551
3510
72998
3260
2920
6942
3196
112183
4427
6380
945
115617
3469
7143
54881
7386
106489
81564
2908
1958
104913
134853
3034
1860
3019
441
1916
82459
2108
51255
7419
40819
1927
3168
2137
3448
1944
37741
1407
7767
3358
94959
1257
6807
4489
7451
492
149
2353
4873
6863
2949
3703
1376
122892
27660
6378
28
85
146656
26662
64716
4326
148626
2070
280
84152
45950
8264
81847
27846
222
4262
2951
1366
128360
2912
1527
1242
4776
2138
32898
5444
4903
26131
1663
7802
116897
1464
2948
5103
4465
4017
735
60684
55052
2208
56152
3414
5500
65642
2160
2287
1081
3791
106438
2463
38038
41566
8933
7116
97921
3543
2105
39183
2857
111759
272
6773
3037
7649
3801
1041
893
55247
89492
55069
3684
102445
4304
1912
27831
90428
2728
4432
7075
85342
6452
4422
73290
5893
93510
93838
54372
805
1963
122882
6724
26242
1734
2336
42004
247
8636
96821
307
2732
3030
3060
5475
86377
3067
6003
108583
5146
41
7137
1277
140174
1249
1023
1748
58303
52973
53519
2067
2936
6440
70293
5008
281
3741
5903
26524
6783
7263
1680
4661
3102
4914
1261
82
907
44788
69757
26152
2010
8950
1281
2459
345
1211
4410
3033
2065
1302
52435
7013
68838
67255
7285
2686
47099
6271
1237
80
973
1693
115122
3501
3210
5341
2946
5791
7139
89904
123
116
4787
3728
900
6419
54001
1340
31878
3915
322
6565
3793
2763
4327
4450
7698
6669
86781
7836
53318
34338
47518
2916
4846
30816
8807
4179
4731
1859
4302
5071
3320
1921
6918
3702
3355
3545
2553
64614
5238
77455
3200
3467
2176
64034
2331
55442
7136
3062
2919
1396
6777
6786
2288
6187
59018
99813
45
85774
1931
93855
3357
8798
2273
68269
5385
111921
1967
1982
2184
935
6932
78574
107406
556
100714
5782
54281
5017
3871
122886
5291
2594
4349
2654
60756
3044
2819
2285
91653
4271
213
3275
48774
8641
3989
5772
6281
98961
8910
4105
1183
7087
8042
803
6104
93840
5152
3270
8580
1810
1202
5446
7235
2351
4021
1120
26326
86487
74089
58649
55063
53887
26797
26501
8261
8123
4428
96075
163949
114464
150856
112577
101850
104119
67997
1395
111622
26776
38061
8638
1649
7064
3512
2130
65261
363
90061
4755
766
50641
