user_recommendation
318
296
527
608
858
356
593
50
2858
1221
110
1196
260
589
912
457
150
1270
47
1197
1198
265
1259
111
2762
750
2028
480
1193
2571
4973
1225
1136
1704
1213
307
293
2959
969
3897
4226
919
7153
2329
1
2324
515
1252
364
1732
1961
308
924
1204
8874
17
1278
1968
3578
1089
16
34
1210
2268
1233
306
223
2918
36
4993
235
6
1219
529
2997
194
246
497
4963
2804
1265
5952
1073
1291
1207
1206
48516
903
6016
913
904
5060
1304
32
1222
1258
5418
1203
5995
6874
25
1246
926
4878
300
1214
272
1148
923
908
3481
509
475
1247
2396
1673
58559
1617
3671
1200
1028
1208
4027
1250
508
3471
3363
4995
1036
1035
1240
4306
1287
5225
1228
54286
1276
163
55820
2302
1682
1097
8961
2716
229
4011
920
1220
88125
2115
2502
1272
28
3911
1172
1266
3362
7361
541
1299
5989
3504
590
2291
281
2692
3735
3421
1394
1358
1256
2321
339
8368
57669
280
56367
2599
2300
1077
2289
953
1610
56782
232
1393
1095
720
1230
69757
21
6539
59315
2194
2231
380
1356
6377
2395
3114
3543
910
1947
2501
1387
1090
1500
2359
595
3469
3317
2973
2797
89745
778
1653
40815
1307
1234
1674
27773
1288
2529
5902
1096
1060
1960
2318
1952
1262
68157
1466
452
2248
4881
1884
3033
29
3147
534
3683
79132
109374
1185
1927
3510
345
319
2987
46578
81834
5377
70286
1094
2580
4427
728
440
3724
1079
7139
1179
1103
1263
40
2064
5669
2542
2355
2144
88140
1088
1958
922
5954
471
33166
44191
8228
33794
40819
1719
3435
6787
39292
8132
6711
162
1954
11
3255
4979
213
745
6440
230
3499
531
1085
34405
3526
109487
1374
34162
5679
1224
106920
69844
2202
1242
30749
2687
3246
4369
899
1041
6870
1244
2019
2005
2690
3462
2728
6773
1953
3967
759
1025
134130
902
8784
1150
315
1945
3095
3037
4103
3000
104374
98491
6299
1084
51255
96588
5630
898
1235
279
264
3408
14
309
1267
31658
474
1635
3186
1111
1199
1285
1357
1293
3448
48780
58
361
1693
348
2000
955
175
290
68954
30
51662
353
838
2132
49530
3783
4903
951
1282
3020
5445
1321
2303
4584
54001
3468
85
68073
968
1408
1223
2071
32587
1344
7096
2076
3989
733
1734
58047
79702
4967
357
5444
3006
2288
4211
68237
1081
8207
3201
2020
8665
4537
1162
2985
54503
3788
84772
3168
3088
6942
1946
915
6385
46976
2871
3252
5876
4361
76093
1411
1269
140110
26614
77658
8798
2788
802
1584
3467
3451
5414
2890
7235
3030
1964
2761
741
3699
5668
67997
1201
441
1178
3285
2952
1231
8949
1245
1747
1254
178
55442
1274
73290
907
31903
72226
556
337
3189
1212
2336
1171
538
6863
4641
994
6620
4033
52885
2664
5816
1957
49272
4896
1678
27592
6713
97938
7156
30745
1209
1611
44555
6807
63082
176
8370
303
1956
3417
3996
1912
7698
1292
8191
151
3342
4688
2572
35836
787
850
3150
954
69481
3916
7022
1023
866
3090
4007
4223
3108
5015
8970
2968
6979
1333
3019
581
933
905
99114
1211
3386
106782
2430
2243
3152
4037
3036
2287
1948
3420
1271
7147
3071
44761
8981
4016
106441
107559
4901
1127
965
314
3994
2966
3081
3747
1189
2947
81847
1078
7438
3639
7137
800
4848
1396
6101
1057
8530
596
916
4217
921
1361
55269
159
2660
3359
1260
4855
4022
7160
3135
3200
4326
4117
37729
5791
53956
2750
5903
3251
4450
1994
6796
3730
44195
3546
54997
4047
5801
3035
2065
3980
945
89759
8493
1086
30707
616
6350
8128
3702
914
48394
6001
64839
86
2391
8873
5544
5379
3609
1423
5238
1080
7215
222
650
3498
1227
2739
562
64957
5747
6947
2312
93040
73017
3341
215
3034
3686
161
3347
51540
6724
30812
431
4722
47610
7502
2108
2745
5069
2006
64716
1997
4008
1264
4014
33660
8636
6502
3653
5810
1243
971
7285
2313
363
1345
4378
5782
94466
177
3167
4021
26776
7254
3668
37741
1934
1238
7013
4616
8958
6708
3703
91542
949
837
55765
261
3077
6380
59784
6591
71264
3789
5446
5103
1284
1104
106438
102993
1305
1192
81562
55247
37731
64285
6565
1279
2352
167
61323
4280
5064
1061
110102
115617
3062
3507
1944
328
2278
2707
202
2730
106100
3060
392
3825
27721
1280
2700
5152
57353
81591
6104
3548
5398
4181
2983
5646
92259
3272
3334
1963
6552
2930
7025
373
1050
1120
2718
2686
262
2403
131724
59725
662
68135
37733
6957
1449
80463
3615
7090
88129
6598
3089
3262
1729
60756
133419
99007
2640
80
2141
2917
375
113
30816
63853
1810
2010
3067
2949
599
5971
1046
3814
80549
2942
154
3551
2130
31427
1191
13
71156
4017
4723
4965
104863
108979
132046
117192
115664
135567
112175
4720
3983
68358
3022
94959
900
2866
99
8157
1625
4465
4370
1283
3424
1965
1476
97866
2971
66934
4262
198
647
54190
1217
1066
3361
1641
3111
2301
1131
5799
6461
2148
4263
2058
92535
94024
94939
97744
99795
79136
72781
7924
50641
5662
8607
77907
48738
2944
112852
2463
3068
1612
2746
3608
3105
2879
44788
4489
27846
122900
2023
41569
3406
551
8910
3350
8907
53123
1281
3476
2311
26084
4351
239
8917
6777
4235
2434
3308
1845
4292
1082
5341
3069
49957
2779
289
2908
2626
5670
26729
42418
3902
91630
6790
555
35957
51471
7212
3791
94070
31035
61240
3865
36529
3733
55451
582
3429
59995
64034
103341
58347
3638
5812
51080
5470
6770
3307
3379
3527
7263
31116
3179
2186
96728
3943
3741
53129
2357
1564
1824
38499
206
36525
1257
36708
1273
805
3358
1735
3633
1177
3198
3203
7802
1399
1643
2208
7371
80969
103048
100714
108981
108727
102684
38038
3871
27831
33437
1147
901
3629
4783
2459
893
2594
947
4448
1680
54881
2721
156
3978
6188
