user_recommendation
318
296
527
593
50
858
1196
260
608
2571
356
2858
1197
2959
912
4993
47
1198
1221
7153
1210
110
457
1270
589
778
293
4973
1136
904
595
1
1193
2762
1240
5952
150
908
1089
4226
1213
1208
899
32
3578
364
1704
750
541
969
2028
111
1203
1291
79132
2997
4306
1682
1204
36
1617
953
1225
1961
2918
2324
1252
1247
923
2692
913
6016
497
919
1214
1230
926
1207
6539
1073
1035
1148
903
4963
1968
2797
1259
1732
745
588
7361
1250
1278
1219
2599
2329
2396
46578
58559
1265
4308
48516
1276
6
223
17
3897
44191
3996
1199
5989
924
1206
1228
910
2019
246
1222
2291
1246
2804
4034
1172
471
11
898
4878
2542
1200
2716
475
3462
555
5995
2268
235
68157
1084
2300
474
1258
56367
4995
1304
1269
1060
515
922
2064
3114
1036
55820
994
1080
1212
6874
6377
1307
1028
4027
349
1267
1254
1394
1952
5669
1947
1285
33166
265
78499
1945
1077
5618
1090
3147
48780
337
1293
63082
3421
1625
950
2115
955
1103
56782
1610
25
2791
194
32587
1233
1217
8961
1287
5225
3481
1244
2395
116797
1097
720
1584
671
16
30749
2580
920
8874
1357
1299
4011
2186
4886
1280
1220
1356
1288
3671
1096
8368
57669
232
81845
954
7438
2076
1673
7147
1953
1500
3949
1960
41566
3362
1466
3730
28
64839
357
29
741
3735
733
928
2289
4235
1234
2502
2248
2871
914
1223
4014
2917
1292
76093
508
2863
1201
68954
3793
1256
1296
1215
175
1729
86882
1231
1674
70286
1957
6942
5444
3386
74458
5971
1719
838
1411
800
1393
3317
50872
3471
916
1641
31658
109374
3868
581
2125
319
2359
3683
1251
106920
1248
7090
509
7099
3435
1939
1784
40815
1537
2144
62
2232
106782
628
1094
2303
348
551
2908
3510
3307
81591
2971
1281
161
3000
30707
1950
40819
49530
2132
44195
2739
6796
88125
162
1834
1224
44665
3504
911
1653
38038
69122
92259
2690
1104
1374
1305
5956
1927
272
4979
377
2501
1263
353
1580
2712
1264
7022
3686
8970
1175
1086
6773
945
2020
85
2105
3468
3359
480
314
2726
261
3418
971
2761
1284
951
1333
4103
3424
1946
5630
1179
1272
44555
946
59315
2202
6863
8958
5816
3310
2357
40629
2467
380
30816
27773
5991
2243
97
81932
1192
1266
1303
2194
866
99114
72641
1178
3260
1959
280
921
8132
909
1754
1262
927
1131
3152
3104
6350
72226
1211
3256
4361
907
968
2924
2160
3072
50068
930
1361
477
1948
3499
6502
2648
48394
2890
104374
109487
106696
2929
933
1088
3201
134853
3275
1283
5010
81834
115713
1963
48738
7802
7669
1147
2096
4037
3175
412
3594
3363
3916
905
3089
1967
86
3361
3022
529
2005
134130
3814
6662
8638
115617
2841
2916
3270
49272
85414
5992
2231
2644
538
7116
1734
7263
39183
2961
96079
2067
94959
68237
88129
648
1260
5103
534
3910
1611
1218
2391
54503
61323
1964
8228
81229
7502
3038
2788
431
6385
3355
7132
2763
1238
2731
3167
31410
766
1680
6188
5418
54259
69844
7419
735
1237
34405
4848
106489
112183
7087
3536
3213
3983
112852
3095
88810
1209
1066
4085
8784
7451
54997
5876
2068
3788
8807
3724
60397
3203
58
7075
1189
3469
3019
1183
3083
3067
6807
2612
6979
4262
1955
55276
2935
4422
33493
3134
4450
96728
68269
4007
6380
79702
900
2203
373
31878
4239
3408
8950
4846
39
63876
5812
1302
64957
5064
4489
128360
2351
1095
80839
79824
32289
48791
41573
3702
32898
6001
68073
1693
3507
6870
5017
233
26152
59784
3070
2925
26729
2109
3701
5791
7844
3198
64614
3007
1962
53123
2686
2318
805
322
281
18
3006
105504
97304
3016
6791
80463
3952
6783
68838
363
7371
3081
4696
7139
4432
663
2664
56152
2066
26524
440
1845
2420
8542
8580
8949
599
3612
3035
70293
3543
3546
3252
42004
67255
3088
8633
590
441
215
122882
97938
5690
27803
5060
6732
1343
452
428
7235
2780
2732
3060
942
125
106100
46723
7767
112552
44199
6918
3251
1079
101
3448
309
51255
2070
2273
45728
965
36529
7064
3684
52281
6987
4166
55052
4427
2078
5341
2302
876
2880
4567
4565
4442
4717
4642
1282
1257
2208
82459
1243
5782
4369
69481
87232
3911
80489
7013
2912
7836
40583
1907
2687
3551
6218
3071
127152
115569
8981
79091
4661
3627
2108
34332
5013
5380
1120
222
38499
492
6669
26242
7091
306
3811
3034
2474
5238
4844
108583
3879
1958
2728
66934
3791
5377
1289
35836
81564
4410
2285
6711
3741
2946
26326
5385
58347
262
2176
1273
1944
2059
1050
535
6787
759
4424
213
7285
7136
5475
3606
7164
3524
5903
74089
55063
53887
8261
8264
96075
8123
26501
58649
4428
2283
26797
86487
163949
104119
101850
112577
114464
150856
7256
2936
7380
845
483
2394
1954
56757
4021
7123
30810
51540
115122
81847
4720
86320
3219
2041
54286
6273
1049
8042
1994
6724
3429
3703
91658
91104
1358
1860
55069
7566
52767
146656
2553
2846
2920
3033
6852
4019
6021
8645
1921
1678
6786
1663
1286
8933
6618
1078
4809
56339
99145
26084
37741
63131
2151
6643
8371
3615
2245
7698
2018
2938
73
2010
68135
3068
616
58803
3653
147
3872
45950
4263
1202
65261
3677
80
2117
6184
6104
7212
4016
9010
82169
5146
34072
104913
89804
171
93721
1300
935
4304
53318
1235
2944
4801
6187
6552
4326
98491
4121
6530
4349
850
30
4789
6725
422
3005
48696
5008
140174
2353
102123
2352
2434
3475
6331
93510
3044
60069
5772
1029
8938
101525
39292
46976
37733
96829
64034
7143
668
1527
5955
31435
93855
4179
973
64285
893
6776
3357
2432
3467
26662
123
3342
54881
37857
8493
65188
3771
99764
5902
4658
6440
3111
7943
2795
139385
95167
1699
3272
50641
100556
6936
4612
1186
4969
122892
55290
93320
5244
224
55247
