user_recommendation
318
296
593
260
858
356
527
1196
2858
50
608
2959
2571
1198
1197
1210
589
1221
4993
110
47
1270
1193
7153
457
4226
293
1089
5952
541
2762
111
1704
4973
912
2028
2918
750
778
1213
1291
904
1240
2997
150
1259
3578
364
908
32
1208
1247
595
1258
46578
590
1136
1265
924
4878
480
899
1073
588
926
1
1617
1968
1252
2692
1225
919
58559
2324
2396
903
2804
1036
79132
1203
1207
7361
1682
2329
6016
1219
5989
1228
36
1961
497
1199
8874
17
1222
4306
923
48516
969
1304
3897
1610
2019
1214
2144
1035
4011
1584
1204
1200
953
349
56367
745
68157
2542
2268
913
2395
1172
898
1235
55820
2064
1097
79702
1276
246
1220
1148
1250
1246
3996
3462
44191
1732
2797
920
1060
1947
1625
175
1288
6
1361
4027
3481
194
471
1307
6539
474
265
1674
733
377
2502
6711
2599
5669
1356
4995
551
4963
1080
1527
3147
5995
1215
337
910
1299
2291
2716
1230
1233
92259
78499
56782
2300
7438
232
7502
555
1262
1267
2115
31658
3504
950
922
116797
1212
29
16
1953
1358
1096
6502
1090
3114
5618
86882
121231
1580
3362
74458
2580
30707
1952
5225
1293
3421
1500
6874
3000
3730
1960
27773
994
1673
1278
55269
1287
2186
59315
1217
968
3868
3307
1945
3471
1084
48780
25
5445
109487
475
1374
955
1263
1028
2145
1206
1285
32587
4007
1079
72226
39
508
97957
2194
6214
2248
223
1296
1201
5902
2020
2278
671
44195
8961
40412
1242
7147
62
57669
2908
3160
314
1272
26974
741
3216
92494
4754
4235
1884
1077
2303
106920
581
1256
68358
44555
5064
33493
2863
81591
2243
1254
954
1333
3949
5010
11
85
1281
2739
1234
5971
5505
1086
1209
81229
68954
1251
2359
33171
1280
50068
1264
81845
1103
54259
2712
4979
2318
4085
515
1192
7099
2289
2761
916
380
106782
946
4034
8784
306
3095
1178
2010
2917
3683
7090
2871
99114
8132
1939
1834
2231
3418
1729
800
1734
5617
1244
1466
70286
1223
930
1183
4848
3435
3499
63082
2971
945
3101
2125
104374
5444
5630
40629
6732
509
1231
6796
222
1269
307
905
1946
2005
1127
44665
1784
49530
1345
1955
1997
54503
5876
911
115617
3072
5418
3007
6979
2076
1292
1962
628
3310
3429
1104
54997
3556
2791
21
33794
112515
3468
1260
1449
1095
50872
59784
76093
951
3671
1305
1211
1224
5956
40815
1238
3176
89745
44199
2132
1641
8368
1248
3359
5791
3089
1094
2944
36529
3168
5060
3033
3967
3198
2096
272
3022
2690
4014
6669
51255
3252
134130
1066
2109
2467
235
1959
1081
89804
162
529
909
3363
64839
53123
54286
1185
1023
914
431
40819
933
3260
6350
3201
3088
4308
866
2664
2890
48394
48738
348
88125
921
32898
7327
3071
1950
1927
3735
4103
3152
971
6377
28
280
1387
1957
4019
81932
2501
2167
1956
102445
5991
928
3317
96728
927
1923
4105
838
1286
3275
7022
3256
4002
96829
85414
30749
2916
902
47610
1025
4223
8981
27329
1189
3910
134853
7116
319
3006
538
38886
1237
1963
1948
4262
1179
58295
1175
524
8641
127152
1964
1357
3068
94959
2434
2068
96079
88129
3203
3134
3741
3469
3019
2929
1931
80463
4037
759
7265
5103
3424
2648
3983
3788
2686
1537
2160
63131
2313
907
64034
31410
82459
3035
34405
100556
308
33166
3911
1907
69844
2357
3020
6787
1719
2459
8950
7254
4188
2946
45
7143
91542
766
7320
1958
7386
6807
5668
805
7669
8970
2795
7132
7075
850
6378
1300
2726
6440
441
49272
85401
3724
93510
3038
3355
2353
1218
2490
6104
3386
44974
1131
2203
110102
81847
2925
60756
97304
3030
61240
1483
4437
832
1266
55276
4658
8880
7256
6063
3167
2935
67087
118880
108192
90357
4552
6940
2964
1257
2612
3037
5569
39183
534
4422
2746
1408
104841
8477
112852
97
6552
26662
233
26729
3365
3606
42418
54881
115713
2644
333
1284
3653
58803
5147
122892
6385
109374
3175
3551
7767
7013
1916
2731
73017
3869
3783
1147
67255
3104
6187
1245
62203
500
2273
6783
30816
3361
937
146656
2745
1921
26614
5992
8807
1376
3811
99764
6273
1954
4489
69122
2936
1283
123
8371
5300
3703
2208
4623
7156
6530
2328
1411
65261
2334
106696
8507
3081
51412
7649
935
106489
6331
112138
4641
973
1298
55247
56152
52435
5903
102123
26326
48698
594
30803
45950
299
8958
35836
131724
2245
2420
6708
3178
3952
7419
3545
1394
80
116
2406
2529
1241
2924
1274
3246
5679
8542
2302
901
1253
3111
2938
3814
26776
80489
7091
2732
8949
71264
1845
2463
261
93443
492
34162
6662
2232
178
1354
3142
5013
3475
1041
2148
1302
918
59018
49278
2026
5055
7373
91658
54001
2386
8228
105504
54995
96467
428
373
8239
72171
4720
68237
7087
3507
1150
72011
106100
1484
4450
1029
2920
2352
635
6987
116897
85438
8125
5114
133771
1942
5498
8199
662
5414
127108
79677
86000
148881
128620
54256
74754
160590
139116
139757
107978
3702
1249
224
1938
2728
1019
87232
6101
3451
281
4846
915
77658
111921
1994
8933
198
31435
6959
89837
5015
93721
71033
5269
6380
353
2067
159
96821
3342
31952
5341
115569
991
3793
5475
1982
4179
4755
90061
422
3060
7212
3546
2952
412
47999
54328
7836
1046
55069
4914
8188
7323
250
1661
1407
37857
309
41285
42004
1598
1124
51935
2118
3470
7371
26587
1934
4128
38499
1635
108979
64285
31116
51471
5385
56757
230
7943
3510
76173
59684
65037
1243
52885
599
6281
33660
5238
30
86320
2301
6286
1061
6724
2660
112183
3980
938
88810
70183
112552
3521
95167
6001
2474
1693
3011
84152
6643
4117
56339
3467
7766
2905
3739
2130
27815
56587
98491
27022
3736
64716
117176
26082
38061
86377
3879
171
72641
89904
27790
3505
6283
108932
5008
7285
57504
7698
2363
47518
81564
1184
4466
