user_recommendation
318
296
260
858
527
593
2571
608
1196
356
50
1198
110
2858
4993
1210
2959
589
1221
47
4226
7153
912
1270
1197
1193
1704
5952
1089
457
1
778
2762
364
3578
908
1213
111
541
1225
904
1247
1240
899
1136
2918
1617
150
1291
1265
924
1252
750
2028
293
32
1203
1258
4973
2396
2324
1259
913
588
745
923
58559
1036
480
7361
2692
2997
969
919
6016
1230
2329
590
1228
1148
1682
1222
1307
1961
1732
48516
79132
1073
903
1208
4963
1304
595
1214
5989
2064
1199
55820
36
5995
1580
6539
551
2599
8961
926
1968
1219
910
1060
3421
17
1172
246
2804
1084
4306
1079
898
21
2716
1212
349
953
4878
1200
2019
4995
1267
1207
3996
1387
32587
3147
950
2797
1527
2791
3462
74458
1625
1250
232
3897
4027
1287
2268
1288
44191
1276
1080
2300
4886
68157
2115
1299
1220
1356
471
1234
1206
33794
4034
4011
59315
1028
1097
1263
2542
2580
920
1278
555
954
58
2291
68358
3481
5064
1090
1204
56782
1953
4308
30707
1269
1674
78499
1223
92259
337
3006
1947
2712
194
4235
671
1358
1945
1923
1952
922
905
377
4014
5445
7147
2289
2863
1094
497
1296
3362
5991
2502
2186
3868
3114
515
1264
1217
3101
1293
5418
1960
3160
3730
2359
3793
1466
46578
440
2076
1610
2125
1096
1254
994
474
1284
3307
5902
3468
3471
16
56367
2194
1280
29
475
162
11
235
4007
1673
1729
106920
3435
6874
2005
27773
6732
1246
25
57669
1272
3504
2096
6787
35836
76093
2917
2248
8874
916
1095
2971
112852
319
1834
1183
3499
2871
7320
2501
1215
4188
2739
1957
81229
928
1233
6
911
6377
39
1333
3683
1361
44665
2243
1997
7502
81932
1256
1244
1218
1248
1584
2132
6333
509
1955
73017
109374
5816
733
54286
30749
2890
8880
70286
63082
2020
48780
1946
914
3088
1927
6796
2144
1231
3104
1077
106782
1086
8636
80463
85
2946
2067
3152
33493
62
7022
49272
951
3671
116797
1104
5060
50872
2303
64839
1449
534
2467
3072
4019
175
971
1103
1147
800
106489
6378
44555
3527
7090
3033
539
86882
5669
1784
4037
40815
3949
1959
54503
7143
581
6502
2278
7438
1035
2648
1249
1500
945
81591
69122
34405
280
3317
102445
2321
1956
6565
1305
2202
946
44199
5618
2357
2908
766
7132
1189
88129
1178
930
1411
6807
265
628
2160
1719
1019
5014
8981
3735
81845
2231
2612
7116
1948
1374
5630
54997
89745
3007
3359
431
3038
3983
8949
902
1950
968
477
1192
6350
3952
1175
1963
1649
348
3363
1939
927
3019
1641
109487
54259
921
49530
2203
759
1285
3260
8958
2644
1357
91542
3081
7099
1131
2924
306
508
3167
2726
2167
1321
8368
2761
1994
44195
7075
1537
8641
1185
3510
272
7669
2318
82459
3801
3361
2208
741
2108
1916
3246
2572
2916
2925
6662
4085
7373
88125
31658
52435
907
1292
3524
2081
4103
2788
3000
1023
5114
74727
3198
2137
80
1884
3176
353
3275
2066
134130
4848
529
115617
938
69757
87232
3095
5956
37729
3022
110102
1635
3469
53123
51935
99114
79702
30816
4422
97304
32898
2929
3044
3310
7767
2150
1262
89804
5152
72226
3168
942
4326
838
3741
307
104374
141
314
3039
3507
33166
1224
4661
1260
3424
3418
2935
5971
7087
2474
91104
7091
8542
96079
2010
4623
37741
3546
3060
26729
2245
68237
1238
850
67087
2490
780
55276
8228
7419
6273
1594
3724
1954
594
105504
3505
1211
34338
2846
8264
6711
88810
5903
909
3037
1281
64034
4489
5010
3201
345
4054
5876
96728
40819
4432
1680
6001
4410
98809
5475
1209
7649
2366
3429
4263
5225
6440
5341
1302
1120
6552
4223
3911
6669
839
1393
7386
4239
4349
3966
3879
3980
6979
5385
1283
104913
6385
69481
7013
2936
6021
86487
8123
8261
96075
5238
26501
26797
4428
58649
101850
55063
104119
53887
74089
163949
112577
150856
114464
5013
5017
69844
5992
3252
1273
58295
4343
8132
3910
32525
39183
127152
1021
48738
2285
2283
1025
67255
39292
2118
8933
3071
1253
2664
112183
72011
7836
89904
1179
6852
4809
28
26587
56152
72998
1059
5772
1982
261
5008
2395
6242
955
5444
1081
1300
1286
38061
2690
1237
36529
224
3259
6773
3967
91658
7139
373
2732
6003
2728
6786
3360
2746
448
116
3872
538
4969
412
3556
1962
121231
1964
1611
357
1797
53996
390
3477
3475
2138
4117
5791
290
300
106100
4029
60756
54881
8970
1029
1913
3089
87306
1066
5679
441
3814
7943
52458
81562
2553
3213
1343
735
4179
41
233
51255
106696
3355
6783
3653
4450
4086
6777
134853
31193
40583
4021
1907
2952
8908
86320
5349
6724
131724
2920
222
51412
55247
3068
3548
80489
933
73321
1251
6331
6380
2731
1150
58303
115569
7073
2336
3451
112552
46976
42004
122892
6959
1049
5103
3788
3811
3083
2729
68838
262
6870
51540
3200
2745
3386
2434
866
7162
81847
1348
3396
3196
52767
7566
3783
99813
8638
5812
86377
85414
7156
281
7256
3035
48696
2232
122900
4816
3551
223
102125
4017
2792
69
845
1965
59018
55052
2344
128360
62081
3178
6286
3871
99764
3365
1845
3015
60069
965
49278
1366
42418
3175
4465
3142
40629
3251
4427
2938
55069
7698
3489
2949
937
915
454
93510
6271
4304
4537
1257
8650
3869
99145
501
6650
33660
68159
5446
4801
3342
102123
4965
2398
78039
56805
45950
112290
2301
4912
3684
1135
917
55269
6932
1303
52973
77455
6776
26524
3476
2068
34162
117529
3203
1810
8950
1734
2819
64614
85179
64620
55250
2927
8121
47728
7208
25852
4612
7451
27831
7008
1201
44974
861
2654
93363
70293
123
3111
832
140174
101525
207
299
3129
146656
47518
2352
3105
64716
7285
6452
1944
1353
3686
805
6659
2184
3739
171
52885
146
178
6987
7802
4776
105197
74510
1184
38304
53024
3070
84954
