user_recommendation
318
260
296
858
593
2959
356
527
50
1196
1221
1198
4993
608
1210
2571
1197
912
5952
1
7153
110
778
1270
2858
1089
47
457
1136
4226
364
150
1704
58559
111
6539
1961
541
2762
5995
1304
223
1193
590
3578
2918
1246
589
2997
293
32
1291
1225
1035
969
2324
908
1968
1207
6377
1617
1259
4963
4011
79132
4886
750
904
4973
1073
913
2019
1247
1288
2028
2396
2692
4306
919
509
2329
1079
2542
36
920
2716
4878
480
1682
953
1784
7147
3996
899
4995
1203
5989
7361
1234
8961
595
924
745
3671
1036
3897
1240
1265
588
1230
1222
2791
76093
6016
235
33794
1028
903
246
5445
1228
671
2797
48516
3114
2268
1060
59315
2291
1282
1732
1213
1394
2501
1097
497
3033
8360
2804
3462
1214
1208
5618
3471
1258
81845
68157
8368
1080
48780
551
4623
1276
5377
1287
1242
3481
2395
5418
1148
46578
49272
161
1252
40815
4361
1947
50872
1374
1219
2194
923
1997
56367
475
926
1032
6807
1212
69481
349
4014
68954
1953
2115
1674
474
555
2572
29
4979
28
78499
1610
11
1223
1293
1292
952
1194
1278
2502
910
17
6378
4489
3949
1084
3363
30812
1183
3910
151
38061
44191
44195
262
1266
1358
5060
3256
33166
46976
6565
1262
1884
911
7139
8530
2599
1653
1244
1500
3088
1641
2064
1307
1387
141
4448
5349
3763
92259
58
916
1238
41566
508
2144
898
3044
3147
1059
44665
1923
32587
1357
68358
16
2078
6874
3030
5010
3081
2289
7090
1086
1356
1201
3006
1952
57669
86882
2973
5299
4896
905
1393
2109
524
1099
4085
3000
1042
33493
5446
800
3435
2125
5971
54286
306
3052
3789
5816
261
337
2318
5444
720
54997
3347
1127
45722
2764
733
307
493
1220
51255
1269
4235
34
4103
6219
5732
8675
4783
5193
48394
4889
8183
3653
2132
766
6502
5791
6942
5103
314
922
59784
40819
34405
4027
53956
8493
30749
1231
69844
2300
1945
39
33615
1172
8970
915
5218
1199
8132
1077
1797
471
4857
1271
3548
1411
1204
5812
1227
1254
423
65261
1959
3911
951
1094
88125
907
3275
1464
2087
1267
85
45728
6461
4734
2985
955
1960
81847
4034
2359
21
6
31658
4016
8981
3317
3039
6333
1527
5903
3510
2949
232
49530
1256
1186
1286
79091
1688
7669
1096
1625
55267
1299
58347
1284
8636
37729
531
440
994
3476
6216
1211
7099
1994
3448
2423
7386
8874
1209
6787
1580
1537
4321
2160
4223
50068
61323
1333
2846
1263
180
66097
4019
6591
950
2070
70293
2000
7285
2968
7263
2312
741
30707
70286
49957
54190
3633
6350
3791
3421
2336
55442
81229
41
33660
3508
7132
2467
3020
1019
69
534
373
1719
5630
2010
2693
2788
3672
3635
7438
58803
73017
1217
616
4459
40629
60069
280
3129
56782
54259
5690
1967
4308
348
1680
1298
109487
272
112852
59369
87232
805
4848
1218
27831
8638
1200
714
940
1678
3360
112552
89745
222
64034
2232
1673
8542
971
115617
1206
5500
56715
3186
26587
1912
7
3083
3451
162
1958
1173
2076
3179
2908
69757
91529
2795
7502
3952
1103
300
4086
1619
89492
1237
72226
175
1396
80
194
3504
6385
4299
3368
339
599
529
6375
2520
2524
6296
931
51080
2863
3868
2875
986
7164
27803
2243
1280
88810
581
938
88163
289
4616
2983
3686
67255
902
299
1224
1345
27773
1175
3469
3916
81834
106782
1147
52281
44555
207
3379
146
5799
2779
3135
2301
3639
3760
73
357
1321
2951
2478
2987
95510
5915
3019
5064
1273
7375
3963
492
2321
30816
106489
5214
914
5602
52885
2947
91653
4873
59501
945
5669
1245
4535
968
68135
942
55820
4474
2962
6936
1020
2366
3967
4263
2355
3171
6232
4861
4338
6516
5622
5097
6032
6447
1956
897
1300
106696
3396
4017
946
5603
1272
2145
1192
53125
45
73344
1104
1264
7247
132333
5522
5490
8371
1361
4427
4881
1921
2890
4664
3079
7143
266
7091
954
1729
4102
110102
1935
7156
562
4357
68269
1466
149
2690
3405
32525
3100
1957
68237
839
900
5956
3494
4327
5291
1663
2013
1171
1034
1907
72641
80839
48791
41573
32289
79824
1090
93510
1233
3334
48738
4534
3489
63876
3342
1927
6242
3270
3983
5646
4181
62344
3185
441
1343
3468
1476
8958
40148
1449
1283
4720
2739
3730
3096
54001
51540
2917
728
5049
909
2138
6440
3007
98491
6870
3148
2394
52668
2990
2231
68073
1041
105504
82
2687
1845
4238
64614
6863
3418
38499
322
3359
4499
4033
7027
1061
53996
1611
8917
1684
31410
4967
35836
4705
215
7894
74508
7179
39234
58154
121
123
4903
8928
319
56339
1248
1885
4466
4945
930
3015
37857
8644
6380
5955
56587
3577
76251
1859
81932
60397
3699
3871
56152
6266
6893
3524
3499
269
1066
7293
759
3556
6666
56757
4021
1944
2081
46062
4396
4128
2553
3751
85774
4941
4041
5152
8910
7767
4814
116797
7064
61250
86817
90576
6332
1049
3681
93721
3408
6944
2819
97304
302
52
3549
55765
933
3915
2140
5382
77364
932
1029
121231
1188
36708
7380
171
106100
2303
2746
8
7063
538
3594
308
8784
3615
7256
140267
3022
345
3252
5008
80693
3098
8827
2677
66665
65514
3507
6548
866
106438
290
2080
2108
3198
1372
3398
74727
3526
780
109374
2570
2043
3104
31433
31193
105197
91077
8623
233
1620
5114
3361
4865
6650
5828
2924
4349
5947
628
97
7324
7706
6711
156
1955
4369
7451
247
3210
26776
3844
3035
6669
3034
64716
1015
6003
3503
134393
30810
1305
1275
3054
2871
25850
2794
54272
2664
82169
1135
4273
2971
213
431
2093
2038
1095
1177
55451
86833
18
2668
3362
6791
7116
4727
3706
6273
3739
1023
8464
7137
1120
73321
3545
1189
943
1614
89904
62718
70183
8208
8983
3676
3814
62912
363
2948
2707
119145
850
3677
