user_recommendation
318
296
527
858
50
356
2858
2571
260
4993
2959
7153
1196
4226
1197
593
608
5952
1136
1198
110
1221
912
1270
47
457
293
4973
1208
1210
589
1291
778
2028
904
750
1089
2918
364
32
3578
36
1704
1259
2997
1682
2329
1193
1148
4878
1617
745
497
58559
1
111
4011
913
48780
1230
150
588
1213
908
919
1207
2502
1240
68157
1035
6
1203
2542
1968
79132
2716
1247
969
8874
1199
5618
541
4995
1252
3897
6539
6016
223
926
4963
1250
62
1077
5989
3996
953
1233
1214
903
475
25
1287
1784
1580
4306
265
7361
899
1220
1225
910
56367
1206
11
1200
5060
1394
480
1278
44191
32587
924
17
923
1036
6377
474
1219
1222
4027
246
1258
595
551
7438
2324
1500
5995
1276
1204
1961
2762
2019
2109
3095
733
3671
6874
109487
1090
2692
6350
3481
1610
1625
2396
1266
2064
5669
1103
2300
1246
994
33166
2115
1235
1172
3201
235
950
1223
33794
1411
1060
57669
920
1292
106782
515
1304
3911
590
31658
48516
86882
99114
1215
1674
7099
106920
3317
2076
1947
1267
555
7143
5971
2291
86
2804
3512
5991
272
2971
3735
2268
1293
6711
741
2599
349
2303
29
7502
1244
3949
162
1234
3147
535
5418
2857
1224
1254
46578
4308
8784
2194
30749
44195
8368
2797
1393
44665
4235
534
2501
55820
74458
1231
3408
1299
1356
58
91529
3414
1080
3504
3019
3471
161
922
1958
3000
70286
3275
800
1217
28
6502
40815
194
8961
2690
3363
81591
92259
7147
5816
3967
1285
34405
1939
1527
1945
2580
2318
955
671
134130
3037
1272
2917
151
2231
1611
2005
2144
2394
954
50068
1962
1212
720
3429
2336
1358
3033
81845
1953
1262
116797
1374
66934
728
357
353
4085
1084
838
281
39292
85
3081
6378
2712
1281
3501
266
4239
69757
2924
30707
2871
1256
30816
6380
4886
4406
4427
1952
1357
88125
2664
900
6979
1466
2313
2463
106100
1732
3683
1307
3686
26662
2395
581
3467
64839
88129
3196
3793
64716
80463
63082
3020
46976
1931
1257
60069
1653
4034
2273
68237
104374
2746
3943
524
2648
300
2739
898
1960
2660
3462
58998
6807
1564
6870
97
198
1912
1271
6565
8132
3114
1228
2278
1824
3035
3362
3252
1918
7386
81834
1298
662
1095
2728
5103
232
2761
3536
73290
648
5630
3929
1218
1729
553
508
3548
380
115713
97304
3448
3256
280
1948
1263
104913
4333
53123
1282
951
538
2151
628
4223
3435
1028
4896
31410
2081
47610
3307
2105
1243
2938
107559
112552
6796
1957
49530
348
5010
106441
1584
2353
26
3108
916
5299
1284
1965
79702
44555
7139
3219
56782
59315
1085
1274
3365
1598
946
2987
2026
1967
764
1376
6188
6385
735
30810
3952
1096
1227
1050
1303
69844
529
106438
51255
102993
3543
3089
914
599
7451
1719
3152
2947
2467
78499
2973
1661
2490
5690
1288
2357
1094
3468
4623
1173
61323
3612
1178
94466
97938
55247
97921
3098
89804
2890
2133
377
50872
8908
53956
68358
3308
8970
8580
2148
3005
7212
3677
8950
7075
431
38038
86377
2125
55269
3134
927
2359
45722
97752
96821
5791
893
45728
2106
1201
905
6440
3198
222
412
2232
2020
3022
7156
48043
2321
213
95088
7649
16
2949
48394
454
5679
930
1061
3044
96079
36529
69
933
224
2916
440
48738
477
4021
1086
72641
909
3421
7116
3739
492
80906
6620
45950
2496
5903
26152
1194
7013
59995
100714
63853
3203
452
2841
1242
81932
31435
54995
55442
1673
1020
58803
3359
4696
8633
1081
3006
6669
423
7844
3702
2644
2117
5349
4148
3791
104
2929
5954
80549
2132
27773
3868
73017
4642
112183
911
64957
5114
5014
59018
8983
1330
1078
3007
4616
7802
3788
6273
1260
7371
3910
1923
7090
1175
3213
175
3703
6863
7137
307
8958
64285
4304
678
6281
3104
69481
4017
3088
2948
422
4014
2968
306
2352
6296
2331
88810
55069
971
1909
3357
3418
5812
373
99813
6662
2780
907
1649
661
940
2863
2243
27831
3606
1964
5218
34332
81847
3034
2134
428
4489
1693
2208
5902
94959
4789
6725
3342
81562
1883
2677
3499
5380
1944
1283
51471
31116
549
233
2067
3341
1211
2788
3983
345
2961
3730
49272
6283
1907
65188
68073
122882
337
2289
104841
1251
2819
26524
115122
4717
876
4565
4442
4166
4566
4567
2880
2041
1189
1120
333
54503
115569
4190
2186
3741
4361
54997
945
26776
2791
3598
2140
6323
5146
1066
37731
1950
6254
1641
1537
2810
27660
31878
53519
3310
6461
3070
26084
77658
45
1946
921
134853
4980
1277
47999
6986
3627
152077
2912
4121
6367
140174
230
1192
3451
7064
81564
2651
2647
2636
2649
2650
2635
2654
2634
56715
2138
2652
6618
2248
3916
3510
2935
5446
1449
59387
218
5828
4349
3963
835
49957
6787
3624
7022
91104
1663
3016
3728
5064
3639
70565
6643
2919
5500
103048
1361
8530
322
4553
73
8938
7380
5782
3181
4844
85342
93855
4228
56587
3801
1834
3112
178
41285
2096
3654
5225
89
37729
1921
5876
5620
935
8125
3194
59
1688
6331
1073
3852
76251
2071
8154
8199
5168
3153
1810
2459
4823
191
6269
3675
5820
52281
8188
3091
3632
4019
6708
268
66371
2245
2386
1063
3505
65037
59684
56174
4195
27846
347
93320
108583
5244
50641
38061
38499
4102
54999
79357
79091
2069
68954
973
76173
52975
7164
714
55280
1305
4467
1131
3163
3469
5391
98809
471
48501
3789
3994
6536
8712
4169
31026
37830
3262
6355
1966
1333
2423
3111
65514
3521
1280
70183
1754
1209
2048
5470
279
6235
3083
4299
1845
1794
5291
94015
76093
2168
4262
91978
109374
92535
26599
91673
90428
6244
4252
7932
71135
1997
128360
80969
6493
51935
4220
5445
262
4095
9018
27803
5540
3178
47254
56152
54001
100556
2070
4920
5152
2066
7757
48783
3068
4765
4187
3763
