user_recommendation
318
296
858
260
527
593
608
50
356
2858
1196
912
1198
1221
1197
2571
1089
2959
750
7153
4973
589
1193
457
110
150
1210
1270
32
899
923
904
1208
778
5952
2692
4993
4226
1136
1219
1240
1252
1213
47
969
1704
1291
908
1225
111
1304
2396
2997
1203
2019
2028
913
1207
953
1204
1732
4963
2762
1617
1259
357
1097
3578
6016
595
2324
1247
58559
1217
1214
1206
920
480
17
1307
36
1293
293
922
3462
1682
926
588
1094
1265
2797
1036
497
4886
903
919
910
2064
4034
4027
2791
3386
2599
1968
1952
1500
555
590
349
48516
3361
1079
1945
1280
7361
1278
44191
2329
541
6539
1
898
1148
235
3897
4306
79132
1387
8961
1953
1172
3996
2289
905
1244
1258
300
1199
1254
364
78499
594
954
1267
1028
745
2804
2863
1305
1230
2542
4995
3363
955
1947
3730
2300
475
2918
3147
1302
1356
3481
3307
50872
1288
1256
3362
3260
1212
1250
1948
1939
76093
3310
515
1228
3176
3949
4011
6377
30749
1233
1237
2020
232
1200
4235
1084
1303
1625
1035
5989
3468
2186
3088
994
5225
1077
1276
1269
1224
5995
2971
1090
3101
1246
1222
11
928
1080
733
6874
33166
319
1961
2716
3114
2132
194
1029
72641
1264
1299
1131
1411
4308
2109
40629
3435
2467
3471
32587
535
1408
628
46578
2739
261
2917
538
30707
1957
1292
3793
81845
2081
3037
3134
1527
1103
2321
1248
109374
368
2648
246
1923
162
88810
1287
3038
1263
2908
59315
1673
380
3683
2580
1262
1394
671
106920
1060
474
7116
534
3246
1120
8970
1271
2076
509
2144
3671
116797
3524
5902
5992
916
3200
3724
529
106696
53123
68157
1361
1260
8368
3083
2366
1296
57669
1466
2712
223
2395
2761
3421
943
5418
514
307
6
4014
2501
412
2
3153
2018
6001
2728
581
56367
62
3341
3868
44195
3022
81847
940
44555
2203
2976
3448
3527
2352
3469
5669
2871
4979
88125
3091
921
1234
55820
3104
3095
2105
5064
2726
8981
501
508
1963
306
5444
3814
2357
1178
1354
838
2890
56782
950
2612
1183
3470
1419
345
1242
314
5013
1674
39183
2355
2291
3160
927
3167
2125
41566
3060
6918
69844
125
1066
1641
3006
4878
33794
3910
1281
68269
7263
2490
951
2288
2406
8636
26242
2474
2070
1019
1161
2750
2919
1931
3594
2245
3067
79824
48791
80839
41573
32289
1096
1104
1935
3983
3270
8958
1946
1125
942
2351
2987
1729
4422
2313
2745
30
81932
51255
6669
1300
2243
299
2359
6273
3735
68954
1357
272
44199
2872
7136
6643
1189
1994
766
1298
1834
7013
1584
6936
3545
1965
1020
61323
1748
1885
4007
1192
40815
39
492
7147
1376
2115
8874
2099
2248
6565
3035
97938
3359
5114
41
116
3417
3196
2427
1959
52
1927
2469
1147
1343
1211
930
1034
5991
4037
7132
3684
6787
2859
3952
4085
596
81834
3168
1127
101
2085
2068
2208
1283
968
3256
2925
1860
5017
3476
938
4661
2268
105504
8125
68838
3424
2336
2176
26729
3198
33493
2096
2010
537
2194
8955
60397
7502
224
866
6662
3347
2102
8042
97
1272
4424
2985
521
54286
1827
1688
1949
54259
2137
49530
5341
72226
1348
337
946
3039
32898
35836
3086
1321
2973
2108
2659
2551
7090
2066
161
1393
1179
2046
3317
7091
543
2131
229
2640
2644
7438
1177
5475
2502
55276
3406
5816
1175
7836
6783
1223
3507
37741
7669
5238
7371
1396
134130
1251
3007
73290
2686
7087
4410
3271
2349
1884
247
2938
2664
233
39292
5385
350
4188
3504
104119
101850
96075
4428
86487
58649
8123
55063
8261
8264
26501
26797
74089
53887
6021
163949
150856
112577
114464
82169
308
3791
27803
736
1941
3252
3152
6380
112852
1101
1907
7767
3741
34405
7419
5971
3638
8188
1693
3165
961
984
1925
3447
1455
1663
3108
3872
86882
89804
2160
3194
2202
55247
918
6777
112183
4967
4809
2232
2138
3739
7943
893
97921
6724
945
2231
1253
3505
85
265
5618
3499
106782
2238
2302
1982
2696
100
2078
2391
2935
4969
1934
1719
70293
8228
448
8542
2553
1997
85414
86
6333
8199
454
176
110102
3396
4432
2947
6732
106916
1940
69481
48780
914
2641
8132
2150
1266
3536
911
2988
7766
29
74458
94959
1284
64839
3089
5673
2912
668
1231
6863
49272
6987
3745
2434
2173
4191
3102
1401
7698
5010
3275
3342
2283
5291
2795
106100
2130
7072
47099
3015
3989
2290
3100
3265
483
845
3357
6552
40819
207
3203
2459
4801
5903
4914
1580
86320
4263
104374
633
4009
2442
68135
32598
3213
6796
91542
3125
8665
25769
422
3498
3635
60069
931
3272
7265
373
290
353
1810
6807
2165
4262
6773
8873
115569
81229
52767
2301
8880
55269
7088
1238
6530
39414
3068
1967
3044
2920
1784
55052
1805
3916
2846
3456
44665
3364
1232
7075
59018
2622
531
3510
2690
178
3869
42004
6975
4225
2111
933
146
1944
3112
3679
417
122882
1023
7320
3016
164
1245
115713
3812
5812
1341
3405
2926
122886
7256
3072
6881
96488
142488
3251
6852
800
2087
4903
127152
1257
3632
128360
2721
48696
73017
2731
2944
7566
1754
1475
4086
65188
1215
30810
7164
970
2788
3629
7373
8933
2344
1936
2763
64034
3966
2455
5135
68237
2080
1611
99149
1537
53024
6271
38304
1950
2989
3742
4912
1610
6708
3833
2333
63082
1635
1049
92
1904
2495
87232
3414
720
2140
2453
1342
1279
7451
3253
3105
1273
2596
98809
68358
3701
8784
5507
48738
91077
106489
103
5008
6786
95167
4349
92259
112290
3548
156
55253
707
341
363
2929
105197
2271
550
1629
7285
2337
56805
78039
3529
2670
2901
38499
2327
1554
27773
3021
1771
1463
1531
1312
1543
3851
2982
2945
3837
3757
3281
183
241
3576
184
3490
2693
73344
2419
1012
59784
8827
81562
7215
6985
1128
4103
