user_recommendation
318
260
1196
858
296
2571
1198
527
593
608
50
1210
4993
2959
589
1221
356
1197
912
47
457
7153
1704
1193
1213
2858
1270
750
5952
1208
4973
111
4226
1200
953
899
595
2028
2918
2804
1240
58559
541
1089
1961
969
1
1617
3578
2396
1136
1252
1036
1214
1225
1220
1307
2997
4011
904
32
923
778
908
7361
1291
2762
913
150
1207
2797
1203
1732
6016
2692
2542
1035
48516
910
1968
1387
1097
1060
480
110
1682
1234
588
293
3114
1222
1610
1148
1259
17
745
2064
919
2081
1219
44191
1172
4027
3897
1258
2019
1288
1304
920
39
8961
5618
59315
4878
1250
2300
1293
1269
1247
2502
2761
364
903
3996
916
1230
3104
1276
515
7502
5989
1957
2716
246
1090
300
1784
2599
1265
1500
905
1212
3462
79132
922
1947
2324
36
50872
2329
1674
2791
1199
6874
4308
3035
3088
994
1278
3949
8636
2248
32587
926
497
4034
898
4979
34
337
3435
555
3160
1215
2406
6502
1287
116797
1256
1945
1204
1201
1358
590
1527
2395
3147
4128
2144
40815
942
1246
30707
109374
2125
3671
4016
8798
55820
1302
48780
1267
5995
2194
2890
1394
265
2987
1028
44199
2186
3703
4720
5418
2268
46578
954
30749
56367
3006
914
1073
8368
1077
1953
7147
4896
6711
33166
1228
1175
1254
68157
1217
3481
940
1281
1251
1673
1356
6539
529
78499
8665
6974
4085
2291
2359
3039
551
3307
1948
4626
4632
1955
2917
3359
1393
4886
1997
440
1079
1233
2355
2501
44195
1280
2080
1094
924
1223
1263
49272
58
106920
951
5500
3868
2243
11
33794
2690
76093
1284
3255
33493
2289
106782
1244
59784
357
1376
8874
1249
54286
74458
720
930
1641
4963
162
5816
349
2366
1260
2115
6378
3363
261
911
7386
1459
4995
235
1264
1333
3210
272
3310
134130
3504
39292
475
3468
1029
115713
3007
54259
2067
3022
3791
2087
1625
232
800
49530
3524
2971
40819
2739
4235
5444
838
69844
1248
60684
1206
2076
1994
2935
946
6659
1952
2779
3175
3260
1537
1950
1357
945
110102
2096
5673
5902
3471
1262
1178
3317
3275
5971
1261
81229
1237
2318
2208
3361
2640
97921
1912
1411
3386
1104
7482
112852
1408
88810
6796
3365
6870
1088
733
142488
3037
1299
3095
194
2020
3015
2137
2846
3730
3098
1066
6662
106100
1023
1120
2420
928
7013
2648
8644
40629
48394
73017
3916
4661
81847
671
7116
1224
104374
1960
81845
122886
2671
1884
89745
1939
2288
44555
1189
3358
38061
6003
41
2985
4570
628
224
62
102445
909
1361
6350
932
1179
3362
2068
1954
950
4014
2303
2644
4105
5010
3044
5669
8228
122882
6942
68954
106072
933
1019
6754
148626
27831
2694
377
86882
64839
2102
3246
107
106696
68358
596
41566
1934
1103
6273
68237
2078
87232
3034
2726
85414
2245
5114
839
81932
7323
47610
3543
3911
52435
44665
2973
299
3060
7143
2731
3111
1147
112552
501
1211
64620
1192
4427
900
81834
6787
223
3196
21
7099
5992
92259
5225
2010
8910
104913
1958
6
4450
230
109487
4679
3414
222
104841
56782
1202
3814
4802
3270
1729
2490
34405
4799
122900
2938
5064
31658
2351
6979
3510
72641
3167
535
1810
7649
1688
262
3083
8528
1944
1286
2686
7669
508
2872
3334
6565
26242
1616
49651
6669
2352
8972
1095
96821
112421
54001
146656
99114
3499
3108
57368
5956
2312
91542
3469
3871
3739
84152
1946
5146
1283
58295
3198
6918
3702
116
915
4046
5301
87306
8981
59387
581
2929
5812
6807
56715
97938
51412
119145
4007
553
927
82459
2664
122892
2085
6643
69481
3134
1242
88140
4225
3836
6818
1061
26729
2357
6959
2263
2083
7438
2391
3341
3364
3368
1805
1231
115617
955
1938
3000
2871
3201
3498
59369
4277
65514
13
1022
89804
3684
51935
1963
3071
4422
5034
2746
73
1084
1580
3101
6001
60756
89492
1272
1078
902
973
7090
92
55267
4086
61132
62849
380
55052
3819
7075
6218
1271
1021
27773
47099
1466
322
668
93363
28
101
3745
45186
7136
1982
4306
3527
2203
373
3016
1135
3284
5782
85774
362
3038
7373
35836
3683
3507
8125
115569
2073
29
1305
98961
1080
348
2069
6377
105504
16
3910
1827
3089
6450
73321
2118
5445
3606
2310
4037
88125
6986
509
45950
8199
111362
549
8970
3983
307
2467
4623
1907
2432
1611
907
80
46976
8638
5876
38038
1096
88129
97304
1282
8208
4459
5903
3448
1754
81564
2090
5291
3470
3675
2398
1860
53
268
632
1188
63082
3077
3256
2167
7787
1834
3194
8955
8337
850
2863
3263
1719
2925
4432
5446
1131
73587
4263
55269
1300
4489
213
32898
72226
971
56775
247
3654
4132
474
319
4787
1797
55247
37729
1025
45666
3062
5400
2333
109578
333
3091
3741
2924
2651
2654
4262
175
8188
492
4865
663
93510
3298
96079
4444
51255
106471
538
7320
3384
38886
2043
7263
3879
2070
3736
6281
6777
2788
3159
6380
2071
8958
4304
8042
64034
4357
50068
2696
6783
3505
5475
39183
3629
1013
5074
1927
2819
3252
37733
52287
6732
3100
3548
5103
4723
40583
4814
290
2729
2231
70293
2463
3129
3952
3735
32598
431
1942
70286
38499
1238
2150
8880
2138
1034
7419
5095
80748
4706
8689
1564
6879
8623
2948
53129
3360
968
3418
1959
1385
2951
7766
4658
1584
345
3112
6993
4103
806
51540
32525
2330
57504
2273
37741
2612
1605
1292
1277
111529
6331
62081
79139
52950
85179
7767
93838
4356
4188
5060
32596
741
2105
4705
72209
99007
47518
1916
1592
2636
2647
2649
2650
6235
91658
98124
4914
106766
63876
306
3632
52767
7132
233
112623
938
2670
2752
68269
3168
52617
4271
26150
7574
5028
26578
872
7564
3019
1643
134170
2936
2145
2652
7107
1032
98122
99813
6385
4967
53123
86377
8239
1297
2407
2580
8607
107406
53000
7371
105844
5008
97923
6636
