user_recommendation
318
296
260
527
593
1196
1198
110
589
2959
2571
356
47
2918
858
1197
2762
1270
1210
912
1136
50
2028
4226
293
1221
608
1704
4993
457
2716
1500
33794
235
4306
7153
5952
111
1089
778
5618
2858
953
2791
1207
1073
8961
1291
4886
1220
2329
2396
2542
1200
480
4973
899
588
1213
32
3114
1240
551
1036
1617
1215
1276
1225
750
1393
17
5500
1610
4878
2005
2804
1968
919
2194
515
6
4011
1208
3147
1214
58559
5679
745
7361
969
2692
1784
1035
1259
1356
2700
1674
923
1148
1682
1265
8874
1304
1193
2291
2987
916
994
3996
2997
4027
3175
1961
2797
2502
5445
380
7386
44191
1080
1732
6016
900
7147
590
3949
1957
555
1
116797
4235
80463
4995
2761
6539
2968
150
1625
2081
1288
28
76093
1252
908
3897
2541
337
8360
1256
5989
349
1203
3578
6807
7438
3255
6874
6942
1663
1219
5991
8798
1201
52975
553
1247
364
3684
940
3275
1997
1387
1282
4720
913
3035
8645
2690
595
4963
9010
1307
3098
3481
8957
2359
1230
2268
898
59315
3095
3702
3359
3437
5765
3696
4630
904
40815
1254
968
805
2232
5955
322
508
2973
230
1235
1206
945
2137
474
223
6440
1374
32587
1262
1066
4085
3111
1411
3260
1302
50872
109374
92259
2420
3088
2580
3365
1258
733
49272
6333
34405
2144
44665
48516
115617
4802
1921
1948
1234
29
529
30707
1060
838
5418
2300
2985
1912
2572
905
1459
89864
5782
3836
5301
5034
4046
78499
5617
3284
3730
6502
1298
3868
4799
1271
3019
3368
7090
38038
3606
68358
2779
2069
2115
541
920
3160
4361
3363
932
151
3703
4896
3044
4533
79132
3499
4105
704
3039
1354
3471
3006
91529
2083
38061
6796
2064
1261
1614
1954
3000
3910
1242
54286
6188
543
926
1639
31658
596
2080
4499
5349
261
2529
88125
2324
8937
720
1244
4616
1527
6063
1321
1673
7143
2916
3342
1204
910
1029
7360
2138
1994
1249
1263
8784
3270
3020
134853
3552
1357
37733
6461
901
1272
1223
2924
58803
3210
65261
1246
4349
4848
246
54259
2810
5828
954
2739
34
2000
2318
1945
1061
2447
2712
3675
3724
1485
3677
40629
535
5791
87232
1250
1517
54997
914
4128
3421
281
1228
55820
47254
1233
3468
852
39
2788
85414
2186
3512
3869
4979
4623
6373
6377
5971
648
89745
671
4308
117176
1222
5103
292
2106
1172
290
71838
911
2243
37729
112852
48780
1079
104374
4210
8132
7022
1175
37857
3943
524
741
161
4321
1939
224
440
471
1042
50068
81229
68848
1287
66665
2795
3089
497
4873
3196
3683
299
7027
56587
1077
64957
4034
4132
1047
3791
3307
4447
2010
68157
3070
60069
194
2686
307
1049
81845
69122
3451
2423
1345
3448
86
2706
36
3334
178
5388
53123
84392
928
7649
2193
110102
91690
90600
69640
122888
48304
7445
74458
8368
5959
96610
2355
2275
81847
306
81788
69481
233
4066
7802
3554
5597
2303
3108
7373
7099
4246
538
3742
1199
111921
42418
4755
90061
68954
8870
3527
98491
85
7139
509
971
3037
3556
3735
933
73017
922
628
134130
1956
55765
89904
33166
5903
785
8464
3007
2416
1266
89804
2321
32029
1094
361
4903
1217
101
3104
2391
3152
2289
942
56367
5444
1269
308
2273
4102
265
930
1097
232
3317
1267
1245
26776
103810
138036
907
1394
3983
3201
59784
1358
2150
1884
3016
88810
6731
501
3198
2245
147
1935
3456
3668
441
3357
2019
475
35836
1941
3580
3656
2920
3598
1936
6242
2201
3657
49530
1179
2403
1275
848
62374
1499
2132
943
534
48783
6552
6269
3203
353
1103
428
7451
3071
7616
59018
2971
3199
2202
47518
3129
63082
1960
27831
3685
333
103235
121231
41
3467
3676
1432
431
1376
798
3358
3706
1226
1339
177
2463
1734
1285
1284
119145
2565
3469
1277
3153
5168
766
93721
2501
2352
1350
348
3476
1701
835
8958
5540
490
3246
3350
2105
1057
632
53
268
6093
2841
6187
91500
1982
2140
58154
7669
45728
3916
3396
446
1243
165
5218
2917
2288
7075
8638
3543
520
206
86377
7502
1293
1183
3072
280
866
8530
3809
5673
5630
122892
3068
37386
1537
2670
51255
1950
6983
41716
84152
56152
3972
1227
1171
1834
2078
4263
125
6787
1129
1895
54272
180
918
68554
7293
2410
1380
36529
36519
249
4795
4406
91542
56757
1447
2001
850
241
2
1264
1680
1004
82459
3811
5008
26509
8158
26915
4833
42734
6864
4014
97938
1192
4187
6870
52281
6987
3753
915
7842
1237
62
1962
106471
8529
30816
1449
5995
592
3179
45722
4186
145
49957
162
3929
4033
2231
2803
4787
104069
92535
1967
106489
3200
6857
452
112556
73321
991
3871
1940
1286
100
86882
1022
3994
3507
5013
8493
4709
5187
3360
1231
3519
700
5233
4798
4704
4178
5234
2889
2882
5232
5231
5230
4189
4401
148
5167
1555
2353
44195
4936
3873
951
3244
1120
3536
69844
272
53956
2857
4356
4357
1096
3204
27773
861
424
115713
5214
5165
3774
5323
8864
1292
1719
64034
507
2872
581
2406
3061
3565
8981
377
88163
1299
34162
6565
6350
3435
5522
6811
8537
253
1633
106782
3783
8157
1238
4881
7256
477
2749
1046
52435
6283
60950
110352
143385
56633
140110
90439
138208
41571
56782
97913
7254
58299
8949
1441
3341
613
6612
79091
663
7826
6385
1101
6993
7236
55908
1147
1923
2333
72641
2481
2492
4888
6339
4571
2344
3252
1212
31193
950
68135
7212
57669
99
363
30
60397
1953
3594
80748
7154
55442
24
45
2474
6591
300
66371
79824
909
68269
48791
80839
41573
32289
7380
2096
47148
82527
3760
47099
56339
3097
3969
1729
4835
6711
114552
95311
491
57353
65514
67255
3551
2594
30825
1635
106696
104303
1253
1964
4446
8873
159
3355
7156
3167
379
1916
74946
36931
27724
1300
2926
1754
