user_recommendation
318
527
296
50
1196
260
608
858
1210
356
4993
2858
2959
593
47
2571
1197
1193
750
1221
4226
1198
1270
541
1704
2918
778
5952
111
589
1240
1136
1225
110
1213
1089
7153
7361
924
1247
6016
1
457
223
2762
2997
2324
32
4963
2502
1206
293
25
1291
908
1208
1203
588
1207
4235
5618
1233
1682
4973
5995
1258
1259
923
4011
6874
48516
364
595
2291
357
44191
32587
48780
1201
1230
1674
2692
2329
2028
68954
2396
79132
2804
4878
1220
1219
1968
4979
7438
1204
1214
3481
56367
1610
3897
509
36
480
1732
1265
1079
1084
1243
58559
3114
1298
1278
2194
745
1250
1246
319
1222
6
1272
903
1242
1276
1961
969
551
766
913
1211
1200
106782
3578
29
272
1625
1080
920
919
7147
3039
109487
1387
3421
3462
1097
2019
6539
265
91529
3671
1307
909
1104
306
2115
175
1394
1304
4034
68358
1120
446
720
741
1282
4306
68157
2395
926
912
4995
1358
116797
910
6711
1517
1641
1036
1374
2542
2716
246
316
733
1148
78499
307
3000
5060
54997
21
1035
805
1527
800
3911
33166
68237
3033
50872
2005
3868
74458
3996
7099
529
5377
232
1041
55820
162
1096
1199
2318
587
1293
1408
953
6807
899
1271
194
5989
1289
1090
1111
5791
898
1673
49272
44665
1566
8961
69757
2371
1617
1500
562
85
16
233
1274
2064
1884
5679
1257
5225
308
1212
922
7502
1266
1945
1784
176
904
1077
3552
34405
3435
337
8874
4027
1060
1252
2268
1357
508
150
1288
1103
280
1275
49530
64839
4085
3362
1944
348
144976
39292
474
4102
1273
140267
7386
8949
1235
2700
4886
56782
6188
69122
2076
33794
1580
4874
1923
1228
31658
3471
1958
1224
2132
1954
65261
7090
30707
5669
1639
783
1267
54259
2278
2501
1231
3201
3677
1263
2359
5971
45722
3686
2231
3408
59784
3006
1234
5668
1283
431
1215
79702
2000
4489
1032
3949
8228
2580
2423
2890
3275
50068
3317
4095
2916
2357
1393
41997
8645
72226
2917
968
5902
2010
37857
2105
8798
1124
299
1354
2795
2355
4967
44195
3213
247
63082
524
62
1218
235
3252
1025
2144
2912
1734
54503
77658
6942
6869
5956
1217
8958
2186
2300
80463
4239
5878
5630
30749
3844
60069
1147
3147
3809
2467
515
3424
81229
1027
41527
7459
46578
97304
27803
1223
1921
2529
1262
3760
3746
2871
34072
76093
98491
1172
4571
900
93721
1356
3108
2908
52281
47518
3869
5673
3134
30810
362
115713
94466
2797
70286
215
40819
7075
141
3994
1411
57669
55247
62344
264
3019
86882
555
2683
1129
6796
59369
73017
3361
475
1176
1175
1237
54286
955
3702
3200
628
322
82459
3967
122882
69844
104374
1249
147
48304
1254
3104
2791
1186
47610
373
4728
8957
2138
3429
4007
27846
3617
428
471
951
1939
2732
5876
64614
1285
6380
46976
7649
63876
7022
37729
501
37733
495
2243
8638
81932
309
89804
785
559
820
45950
2020
3448
69
534
3034
216
1299
91104
44199
7143
73290
1256
70293
31878
866
2660
4958
1680
88125
2539
80906
290
121231
2140
2333
7156
1962
44555
92259
3685
1306
2962
51705
52668
1253
1261
61323
58803
2973
3703
5782
7983
81591
3742
994
4623
3683
46723
1183
2303
1948
3735
154
2551
3548
1260
1023
99813
7027
4378
2686
104913
1305
6787
535
5812
492
58
71156
3063
2001
56587
2336
1296
6565
1179
1046
1994
59018
99114
2761
4427
36529
41566
581
65514
349
3037
1729
2929
131724
1663
53123
7373
56757
4616
632
53
1238
92
728
40583
1953
314
850
38038
353
40815
2857
7802
67087
1264
3952
905
1269
1343
4722
3256
936
64034
1952
2951
2391
115617
7265
6985
506
3089
81845
8950
8873
6440
76077
1747
6870
1693
3068
5026
45728
8807
281
26151
3111
4017
4499
5010
934
1955
4223
3168
5446
1251
3469
1611
7371
1947
39183
7826
268
1232
1173
1277
3504
2248
915
3751
914
1489
3476
7263
55052
3198
95311
114552
4103
266
3916
6350
6242
2843
119145
5388
1061
2971
1073
5810
8528
1095
954
6987
81564
2160
1292
3512
25805
2897
8254
5319
1047
95088
3152
1287
1960
2728
1281
81834
1965
6755
44761
1086
1959
2924
1589
4755
42418
90061
3020
27317
111921
46322
224
3730
5444
1348
3181
39414
262
56152
73321
7317
3788
4407
34542
2065
1735
3359
6957
2131
6918
4424
1941
2820
2573
1845
1248
88129
52458
2490
2750
928
4873
6954
7456
4151
37240
1087
4584
3943
5049
7285
27724
36931
62374
5103
2351
123
1956
1333
6620
261
106489
1950
1464
2232
5300
3307
81847
2600
1012
27660
6881
7481
3624
1361
51662
714
97938
66097
156
3088
128360
1321
371
2788
4914
5959
1192
7064
493
55250
5095
31696
1085
2594
6331
3696
66934
5992
80549
3811
90405
3067
5391
7087
3499
76251
507
3848
91658
74727
72011
1912
2721
1178
911
30
3507
7137
3196
5418
1466
53519
8533
37830
3598
48774
3035
4437
67255
3350
51412
753
6659
8937
999
45
5312
63859
2029
26662
6461
8665
34437
3363
1719
4384
71429
115569
97306
1957
3358
1931
27831
5955
64957
1344
45431
4304
87232
3521
2403
2863
98124
2150
8341
75440
55031
91094
87660
59810
53129
3467
4903
159
2289
1345
26732
66744
81831
2275
945
3249
38499
5820
86377
101
2130
82527
2881
4630
5765
9010
3437
3699
8641
47099
2664
538
1938
116
1942
44788
28
6377
1366
3070
1934
5500
902
55765
4349
96079
8970
54328
1963
1244
2125
363
6708
84152
4262
361
1564
3929
379
3342
26
1940
2202
6063
2071
6909
2810
47254
5828
78209
2313
36517
1824
36527
1967
45447
1236
122890
3308
37741
613
55276
3510
117
5903
5055
8917
70565
1414
3072
96821
574
5105
49396
4444
66371
100383
1982
56788
237
27790
4679
1907
99
946
27251
34162
7771
85342
93320
93855
50641
5244
79357
