user_recommendation
318
356
858
296
527
2858
50
593
1198
260
1196
608
1221
4993
110
2571
589
457
1
541
2762
1270
1210
2028
1193
1213
1704
1136
7153
47
58559
1291
1197
293
5952
2959
1089
1204
6
4973
912
111
1259
2918
1617
969
1036
2329
750
2692
6016
908
903
1225
2599
923
4226
48516
1208
778
1304
1265
745
1732
357
3114
919
1276
904
3578
913
150
1961
899
1258
720
595
509
337
1228
590
78499
1200
1028
32
17
4963
1252
3147
1968
1035
1148
161
364
7361
1230
2324
4878
1682
2797
246
1233
898
2502
4995
1207
349
1250
1625
480
953
1240
5418
1214
1079
44191
1203
1267
4034
1293
1206
1246
1220
54286
922
5989
2804
920
588
2997
1222
59315
2115
2194
1201
497
2716
3462
4011
25
1247
2396
926
1610
1212
32587
555
377
4886
4085
1674
27773
1090
733
1262
1953
235
2064
1266
780
79132
11
1784
46578
1234
474
141
1356
1060
2580
1080
3435
1199
8874
2973
2186
2542
2300
1952
56782
1945
1272
55820
5444
1960
1393
2067
2019
2917
1084
50872
1096
2291
508
6377
4369
2739
2712
1219
1673
6874
30707
1429
33794
1263
471
68157
1411
2391
1073
3897
2268
3006
6539
5669
64839
76093
805
5991
8665
380
70286
8961
300
3362
4306
106782
1957
1466
3683
5064
928
54503
2243
21
266
8798
7502
99114
1256
2078
910
3418
2289
2467
3421
1185
924
81591
2395
49530
1299
1288
68954
80463
2687
1962
3868
628
1242
1948
1357
1947
5995
62
368
3735
1278
36
1680
8950
5630
5816
74458
48780
454
1088
63082
1227
2841
3007
2303
671
1994
8784
223
3424
2690
1950
838
4380
3160
4641
2318
8368
704
3499
918
1997
1285
56367
968
994
2706
1269
2929
73017
3176
2005
1217
2501
3949
1283
1254
4239
1287
64614
116797
1103
3134
5618
1927
2359
3730
1292
96079
57669
1209
5956
194
1223
1954
3429
1333
4037
1921
34162
2076
8529
2020
4007
3481
3088
1345
1248
4979
3527
86882
1224
2313
1580
1273
2871
72226
1956
86
3671
1215
35836
529
81845
1172
16
832
3203
4450
3504
1097
553
88125
515
81847
85414
112552
7022
215
30749
3101
2944
3510
2971
8132
1077
4014
68237
81564
106100
122882
64285
280
5673
1243
1584
3451
3363
69481
3168
3111
1343
1361
648
8228
543
2336
44665
47610
2355
54001
3246
1500
7212
1619
8958
59784
3910
106920
3178
950
3000
81932
2137
1374
3035
3468
728
1245
31435
4720
31
51471
3201
4571
1175
7132
7099
866
428
1264
1211
31116
1094
5103
55247
916
29
785
1179
3252
2081
27317
7
1916
2160
79702
2916
2427
1307
33166
45722
741
1912
44199
106696
104913
1237
1944
3365
1641
81229
89745
4103
1231
8981
5782
2278
31410
1260
2490
2080
3551
3358
5902
1939
2726
28
3606
2951
8807
1834
2231
7802
3359
2947
3095
40815
1302
1982
3068
905
6979
954
800
87232
175
134130
475
2987
6796
441
109374
95167
3152
2474
1688
30810
1261
940
112852
2459
1104
40819
65514
2248
2403
3071
8949
581
3967
2925
431
151
79091
1244
8542
91542
40629
3307
3198
2924
1281
71899
109487
353
1178
759
4235
3038
233
7256
1946
27022
2728
7263
64957
51662
1663
2068
1387
5017
3469
7123
6987
1693
230
85342
93510
3471
50641
93855
5244
93320
51540
7371
3952
108583
5159
6440
373
1805
8366
115122
97938
79357
647
1192
5225
128360
4223
850
49272
3948
5218
492
3360
7438
3020
2920
3037
69844
1348
111759
7451
2729
232
440
112183
98809
1023
5108
88140
39
2991
3213
1147
55280
3677
3016
3911
319
2366
67087
4821
27831
48322
4211
911
54997
1964
3798
80
951
2010
2099
322
362
54259
53318
8528
94959
3681
2066
1923
4467
22
2138
102123
2232
900
4519
6530
1321
3386
110102
44195
63876
4263
7090
105504
97304
68269
3706
88810
4799
91104
2202
3034
1277
2463
3406
1251
7235
4679
599
921
79824
4901
48791
80839
41573
32289
3104
3448
945
59369
144976
1616
587
5812
299
2788
64716
3200
52604
7700
5146
4437
2288
5329
6502
1719
41566
1049
56339
3089
8340
930
4914
1057
26258
946
4105
3545
6385
115569
1012
8638
3022
2406
82459
2732
1884
76251
3684
89
146656
1218
31658
3019
348
3219
3741
3129
92259
7087
3801
79008
159
55721
2791
5903
34437
55442
36529
971
38038
65037
59684
3181
122900
3476
281
534
1232
7981
6201
85
1449
68073
42004
914
2745
51255
63131
3743
140
1965
4262
1959
3044
7771
3256
60293
6187
2936
2273
108932
2114
4867
1086
33171
76173
3275
7091
4326
3033
3724
2594
32898
7419
7116
4179
257
2763
140267
3507
7587
5293
71429
31903
3263
99145
55269
3703
1734
735
59995
69757
222
60040
27660
1955
3552
3548
26326
265
2694
8933
3036
1275
125
5971
52
5414
26422
49280
5062
38499
88129
8970
7285
100714
1340
84152
594
1366
4642
2746
4128
97752
2857
5690
96728
3508
122892
1958
4896
2938
4465
6452
5105
2912
53123
39414
59418
538
1686
6662
127152
26084
6971
3996
4019
2985
5008
5152
4225
68838
4021
4117
44555
74416
104944
4787
2405
54881
3594
1066
3414
2952
6870
224
7137
61240
7075
3270
100556
931
8957
3167
1085
2677
973
82667
5014
27846
1566
2083
6331
5464
7767
907
6807
4623
4802
2302
6419
3062
1031
2245
51935
452
6708
81156
55290
60397
6001
7844
255
6893
2353
3102
101
3871
1487
4553
3983
2984
4612
68135
6104
96829
6436
7649
3328
52767
3970
6786
6155
1432
4881
91630
99764
3916
1249
8477
58303
7063
2352
85401
3100
4846
798
53550
112138
6783
48696
95475
162376
89085
102252
51277
95965
2305
95499
27646
27109
72733
5746
87192
26547
99813
3175
955
268
632
53
61024
69122
2454
3467
37731
3030
1537
37741
1907
2096
8910
1419
84944
2579
7007
105197
3310
7143
3653
5992
111362
5785
635
32525
