user_recommendation
318
296
527
858
593
50
608
260
356
2571
2858
2959
1196
1198
589
1197
1221
1
1270
4993
47
110
1193
1210
4226
912
1704
457
1136
778
293
2762
2918
1213
111
150
2997
1089
750
541
32
1291
1225
3578
1617
58559
2028
7153
5952
1240
908
1036
904
4973
1203
6016
899
1208
1968
2329
969
1247
79132
923
924
2692
1214
1073
745
2324
48516
2396
1148
588
1259
364
913
1252
2599
1265
1961
590
595
1682
2542
4011
1228
919
36
7361
4963
2804
1200
4878
903
2502
337
1732
1258
1079
555
2716
1250
1304
953
349
5989
1035
3114
2797
6
32587
1246
1060
1230
1204
898
44191
926
2064
1673
4027
3996
497
1222
55820
1207
1219
1276
6874
56367
2291
6539
48780
1288
46578
4306
920
480
246
3897
1278
1206
733
2268
68157
377
5995
4034
1028
4995
1199
2115
3481
2194
3147
1625
2289
8961
2300
2019
1610
474
1356
1953
1090
78499
1080
1299
720
1212
3462
223
7502
1947
1172
2580
17
3006
1393
910
11
235
6711
1234
1674
471
29
1293
1233
1580
8874
2712
1220
265
1084
3671
922
2186
1263
56782
161
1267
1527
3421
1945
3362
1254
1287
33794
106782
232
1952
74458
509
1094
21
4235
671
109487
628
515
59315
1096
57669
4886
4308
1960
508
2076
3683
16
1269
3730
3471
116797
1262
194
950
1272
1201
5225
357
50872
1957
1307
1244
1223
3868
2318
106920
475
994
33166
1387
1192
2791
49272
1217
49530
2739
1466
64839
1729
3499
2871
2231
2908
1394
2395
68954
1077
5418
7147
1264
109374
5669
551
741
914
955
440
2303
3735
905
1179
928
1097
1285
54286
1641
4085
954
800
2144
3448
380
5064
5618
1500
2501
63082
2160
70286
81591
3468
1224
6807
648
6502
529
2243
2467
5991
3504
2917
1175
2391
1411
112852
3359
30707
2132
1095
27773
1103
39
25
2359
2248
2202
3435
76093
3510
4262
89745
44665
916
300
1231
6796
1292
34405
115617
4014
5816
2971
1333
68237
581
805
92259
1249
1256
96079
951
88125
3418
28
3363
69844
134853
1959
2125
4007
1266
48394
1994
911
134130
38061
6440
1357
538
30749
162
86882
3152
115713
8970
3039
3072
5630
1147
968
1927
175
2788
2987
6979
5444
3104
3198
40815
3317
1939
3044
2890
1734
3000
3275
68358
2005
1283
54503
1719
3019
51255
2929
2321
45
5956
44195
1302
54259
1280
3424
3307
441
8368
3358
1361
104374
110102
3788
319
2138
1680
36529
1374
3175
431
3088
6863
73017
3256
3451
88129
3246
44199
54997
299
535
1178
1086
80463
1948
933
272
900
81845
81229
5812
6377
1284
1784
2020
2690
3361
45728
1260
1956
33493
4979
7022
1227
1950
3035
7099
3201
1189
3101
2761
1305
6787
348
52
1209
1248
7132
3007
3386
81834
1215
1343
2795
59784
3033
8981
5103
1120
2973
7669
2490
87232
1104
921
1954
1449
104913
1242
3068
7802
5010
3089
7090
3793
72226
3252
1946
4037
3952
81932
51540
3814
534
353
3203
7438
4450
6870
4103
3342
106100
2474
3791
363
6188
3160
942
1921
850
105504
122892
1537
3095
112552
262
1955
3469
8784
2245
2336
99114
946
93510
373
5060
4623
838
8542
5971
1358
2924
2137
6662
2944
1962
6942
599
27831
3429
97304
3081
3167
68073
3949
2951
8950
58
6323
1023
8641
2841
3111
2366
2067
1303
1982
280
3022
1185
1964
82459
62
64034
8132
2726
30816
224
122900
1211
3038
7451
2010
96821
69122
930
2863
69481
54001
866
307
3702
31658
1916
91658
48738
4361
1238
97
84152
80489
1997
3508
2232
112183
69757
3355
4489
89904
1845
3536
3686
4327
6350
945
6378
5791
2096
2729
233
96728
3911
7075
1958
909
7386
4848
79702
3983
1834
3360
2935
73290
3034
4239
80
91104
4326
8228
51935
1944
94959
4427
2694
71535
4019
3037
3016
2459
115569
4799
2357
390
290
106438
1366
41
7139
1257
927
56152
178
735
2648
6331
2463
2846
85
47518
7091
81564
146656
102445
1218
40819
3703
3505
2288
37741
3071
759
86
3548
3910
2070
2952
108932
3524
492
2644
8645
2203
6773
3724
142488
60756
428
6708
8958
971
8949
106489
2108
39292
3507
1321
1088
81847
3476
4304
230
27022
64716
2949
122882
2078
3200
3783
3030
3213
2208
477
4349
4263
97921
2612
3272
322
5903
907
412
1281
1663
6380
52435
6732
2919
5782
4776
26729
4299
1296
1688
1191
6620
55276
4128
1277
125
64620
1059
35836
7285
2355
5152
97938
85774
1923
3365
44555
6461
34162
91542
3067
6993
3512
6104
2819
72641
1884
2925
268
4223
50068
7380
2331
1476
2140
63131
345
3168
4033
3543
54328
7419
70293
3801
106696
3260
1963
85414
728
2352
104841
306
140174
2745
2686
4616
4017
3681
2947
42004
3546
8798
1049
2278
47610
7064
38499
67255
88810
98809
632
53
3083
42418
8638
4465
52973
4720
4787
37729
2664
1066
5522
3135
1237
8807
501
6003
222
64957
91077
101
156
2728
4029
86377
5876
785
2920
3396
1046
965
1271
108981
54281
112138
3134
6565
105197
38038
1464
3196
102684
58347
4432
58803
7137
108727
2553
1127
63876
5915
3036
3420
55290
7156
3176
56339
128360
1019
74727
6375
663
7767
111921
32898
139385
45950
5114
5014
4755
90061
915
1649
549
6001
3545
1942
101525
1131
3677
3741
3811
281
2313
7263
116
27790
4661
4422
148626
65188
3251
4660
261
89804
64285
2109
917
5074
73321
132333
3551
4086
31878
5500
973
96829
2936
1754
30812
6452
154
4211
54881
556
3102
41566
3219
766
940
4642
58295
26524
6669
39414
3414
85342
8493
1081
3098
1653
938
4225
3357
66934
5391
8933
2857
7116
2312
3181
3310
3210
7320
86320
36708
26326
3521
5490
33639
6552
2287
1810
4459
7649
4873
562
52604
3062
52767
7566
3598
55069
7827
6187
3417
3684
2594
121231
171
3565
2430
4846
2721
