user_recommendation
318
296
527
858
260
2571
50
356
2959
593
608
1196
1198
110
2858
589
47
1197
1221
457
1210
1270
293
150
4226
4993
912
1
2028
1136
904
2918
1089
1193
541
1704
1240
7153
4973
1617
778
2997
1225
1213
1291
908
111
750
903
1208
1259
5952
1968
899
1247
32
919
923
1203
1207
1682
364
3578
2396
2762
924
2542
1073
1252
969
58559
2716
1961
2692
44191
1214
1222
1035
953
2797
79132
2291
5989
6016
6
4878
1200
1148
913
2502
1206
4306
745
4011
349
1265
6539
2324
68157
497
2599
1276
3996
2019
1228
1394
595
36
1610
48780
1246
223
4963
590
898
2329
1079
555
910
56367
1250
509
1060
50872
1172
32587
1625
4995
1307
926
3897
2064
55820
1288
5995
1219
48516
1028
11
2804
3147
3481
515
17
2268
1304
1674
2395
920
5618
1263
7361
235
1223
1230
377
1234
1036
1732
232
337
265
39
1673
950
480
16
2712
1267
1220
109487
588
6863
1212
380
4027
922
1233
1356
1500
1199
8874
3006
1947
551
1287
720
2076
4034
59784
46578
106782
2300
1269
471
59315
741
29
1244
3039
3671
3462
116797
1254
2194
1097
733
1258
1204
3471
7147
40815
1272
3114
1292
2115
1299
916
1952
1953
1387
1284
3421
5060
68073
2501
272
2761
8961
474
2289
2355
2580
3735
3000
2318
1293
3730
1178
1266
508
3683
1278
3499
33493
49530
4886
3256
8368
1960
1527
954
1580
5971
671
951
1264
2231
1217
475
3095
31658
914
3358
161
1095
2186
2987
4848
3362
946
2739
911
7022
38061
357
246
1945
5010
7502
2243
800
134130
1094
6942
54259
92259
4007
112852
1224
76093
115617
3448
70286
905
1231
4235
1179
1201
33166
48394
3868
1090
68954
28
1242
3504
1357
56782
928
2232
4979
1466
33794
955
3435
1374
805
280
2795
2160
104374
1959
1175
1192
1784
1260
3468
1077
431
6502
1215
49272
106920
6807
194
2917
1729
2303
88125
909
262
3035
3791
21
175
6979
7090
1084
3788
27773
63082
353
109374
134853
69844
348
81229
86882
57669
1333
81834
4085
3033
5991
1281
1921
64839
1256
534
3307
58803
1096
2108
65261
8132
1954
98491
2973
2144
1957
945
6350
81591
994
5956
1393
54997
314
1080
2971
930
4489
1653
89745
3022
82
1955
441
44195
7099
4361
162
78499
36529
6874
4014
115713
3246
1280
2935
5630
6440
1845
1537
907
74458
1249
2871
2391
68237
412
2248
3429
1185
5064
64716
44665
73290
1238
96821
1962
1248
538
3068
3916
3359
52281
3451
3081
5669
40819
6796
306
3702
5500
2359
933
531
290
1912
3949
2944
2686
2020
5816
728
5812
34
44199
6188
1343
3952
64034
81845
3088
3016
1120
2467
2908
2947
1927
2208
6377
1305
3104
110102
1243
1449
1023
73017
440
529
3160
1411
88129
3317
1285
3543
361
307
3703
2729
4299
1218
25
1296
3020
3019
628
106100
86
3510
3983
31878
3363
62
1734
2125
222
1227
3044
8958
68358
30816
1194
7386
3072
122900
5444
1464
968
104913
41566
1237
4623
3201
5377
3083
7438
4787
93721
524
37729
1641
735
850
3686
27831
2106
2841
1066
123
2321
4262
1257
3111
1103
2924
921
3420
4033
477
106489
6565
81932
50068
3814
3203
6870
261
1719
1834
1277
8784
4161
2746
60684
85
26776
1300
52
69481
1131
1283
363
7802
7669
51540
1251
97304
3037
4239
37857
4037
3365
3219
149
88810
3198
56152
65514
26152
4873
1013
1754
8807
373
2490
69
74727
3469
116897
48738
5903
230
7075
88744
2929
3275
492
3386
2463
2890
1916
91658
6380
64620
85774
59725
4128
4223
6787
4326
2912
973
1963
8970
1042
3152
6378
2916
309
1041
6669
3210
3038
308
1261
1211
233
55250
942
1934
5103
838
1029
299
5445
2529
2184
3070
2788
54001
72226
4865
2288
1939
3196
6385
5114
915
81847
3524
1958
647
7013
2690
1273
122892
9010
3355
87232
104841
8798
581
5225
4720
3505
56757
89904
55052
1209
67255
90428
1982
96728
2202
1361
102445
4103
549
1188
2985
37733
8228
4696
33660
1086
3134
96079
8950
6001
140174
60069
632
53
3741
3342
6331
8636
8981
99813
1049
91542
142488
3512
4465
5446
1124
84152
53322
1286
45
268
1584
54995
26662
154
99114
2474
8633
97
5690
2287
3676
45950
6281
3861
1366
4406
501
115569
58
86377
54281
8638
837
146656
58347
8493
1019
178
2331
108981
108727
562
556
102684
5955
30
67997
2612
3654
965
3252
4211
2664
3213
2366
5152
8369
2312
8199
5418
452
111759
40629
68159
3168
1081
41
1931
2763
3032
69757
428
2857
87222
4304
4450
1173
7380
7649
4616
85414
26729
1429
6104
4263
72641
1303
3556
3272
322
1150
2852
91978
943
6452
2138
148626
53953
34405
866
31433
2952
300
6932
2819
1859
2780
30749
1046
2302
4228
99
2070
3175
54286
5791
1358
3713
3548
4567
4442
2880
876
4565
4717
2081
3551
1202
3089
4308
7844
3071
7116
3739
6273
106696
213
59369
1994
1302
80906
4846
279
6436
1321
1948
1956
33639
1476
106766
47610
106438
38038
3167
146
64285
89492
3470
51255
2611
5460
3498
4088
4522
5960
4617
6419
27803
6461
4628
5847
1643
4557
7445
47518
1797
52435
2357
60756
900
3696
1189
4166
1191
2132
4427
112623
54881
3102
1950
2010
3627
4029
7827
4755
90061
8933
105844
65642
41571
54190
1964
4903
1186
1235
91104
6993
77455
64957
3437
5765
121231
27660
26587
86781
7139
1942
4271
70293
5893
3320
5071
4731
4302
42718
3915
6711
4630
1967
2067
326
2920
3508
54372
80463
2352
2041
2594
535
58295
50851
1946
390
1180
3943
2353
3310
6618
3793
1635
451
3546
6954
2937
1176
4017
2301
5782
101741
110645
4978
599
62718
392
2420
6643
45666
2932
27846
98124
861
1104
8125
2313
8530
6620
3632
95510
3467
3015
3030
7143
42418
51080
8188
