user_recommendation
318
296
858
260
2571
527
50
1196
593
2858
608
1198
1197
356
2959
110
1221
4973
47
912
4993
7153
1270
778
293
4226
1136
589
5952
457
1247
2762
2028
1148
1213
1210
1291
745
2997
750
58559
1089
2329
1704
919
79132
32
17
1219
541
3578
1204
899
1617
1240
1307
111
2324
1
1208
2542
1225
1193
910
908
4011
1252
4963
898
3897
1230
3481
1220
4306
904
1206
969
2918
1073
1203
4878
903
1090
48516
1259
48780
953
1200
1214
1199
1357
4027
3996
150
5618
913
7361
4995
497
2804
44191
1961
68157
923
2716
1682
1207
3147
6539
1610
1968
36
1288
926
2502
1036
5989
6016
1304
1222
1278
595
924
272
1077
246
6874
1287
364
6
2064
8874
588
2115
1285
1084
34
1580
2690
223
920
3252
40815
16
950
5418
480
4308
33166
62
32587
6377
1500
46578
515
116797
1394
2019
8961
1246
5060
25
1035
1080
1356
3060
57669
1411
7438
4034
475
1266
1172
1641
1625
109487
590
2396
3504
2971
1254
1250
2291
2908
2599
3114
994
1732
33794
59315
1265
1235
954
1060
58
8665
134130
3948
235
349
337
8368
2797
3462
1056
551
41566
5991
1258
56367
3581
1300
319
1947
265
1784
1358
2268
2076
34405
78499
3823
7147
5669
50872
3006
134853
1292
2390
3201
1224
3753
1228
60069
2303
1256
1729
3362
3538
2692
2761
91529
30749
3095
909
5995
1272
1212
194
54286
1276
106782
1223
733
81229
1201
3471
54259
955
7099
2746
1244
2580
3671
741
1103
6502
5010
49530
838
70286
5971
3020
1674
1939
5816
44195
76093
3418
471
4886
106920
6942
1234
7502
1264
1262
3868
1284
7022
59784
104374
1079
2081
161
1299
151
3429
1257
1217
56782
1945
54997
44199
3363
1231
2436
1958
1333
1680
68954
4014
1269
4223
800
951
58803
8970
1085
55820
1028
68358
922
2144
79702
555
28
581
1962
2020
88125
122882
3408
1303
2917
1527
2194
474
3751
3435
3386
2202
2501
2395
1393
64839
1215
3307
2863
115713
1249
2791
306
3081
2739
30707
4979
2890
3104
3152
81932
3467
3033
68237
7386
80463
281
7075
2300
2278
7090
671
4239
3730
112852
31658
357
232
5782
1267
6711
927
529
49272
3683
1952
280
380
971
45722
1296
6979
106489
266
5500
946
4085
72641
37733
101
1233
1953
33493
39
1248
4235
945
81845
1218
2096
73017
2005
36529
40819
1466
8784
2357
2132
2857
2935
2287
2336
1281
3967
99114
3034
4103
916
3037
11
1096
3929
8132
628
52281
69844
65261
1611
38038
74458
3952
6380
1960
7419
2248
3088
89745
2467
45728
261
3421
3275
2987
3039
69757
1020
5444
55247
3270
2352
1189
5630
2232
1081
1061
914
1361
905
477
766
3035
98491
8958
728
44555
86882
4033
162
1537
1693
6350
900
2677
94959
3791
2067
3361
7139
2203
308
6662
3198
1374
39414
1994
30816
53123
1950
3044
2763
2231
1834
2728
4427
2916
3359
1946
2490
1948
31878
1584
2359
6385
1564
6870
534
2353
81847
3000
93721
2660
37857
7669
102445
3203
1931
2612
121231
3983
2208
40629
907
7116
911
59387
82459
307
3019
48394
3741
104913
72226
2289
4166
1188
1178
175
3310
56152
5225
55276
30810
4246
80906
3038
97304
3548
6787
5679
428
3068
96079
5956
599
2664
67255
3414
535
1179
2924
128360
2474
1824
3943
119145
3256
2648
44665
3468
348
3735
5064
105504
2125
3213
2386
2968
115617
7156
91542
55269
2243
1078
26
63082
3016
648
1243
49957
893
106696
3167
735
1261
108583
213
66934
2334
930
3219
7087
1956
2150
46976
1242
3703
345
81591
2938
1050
79091
3507
3684
322
86377
1594
1883
1719
109374
2328
2553
2841
88129
2106
64716
85
4105
3505
51255
69122
3545
1293
4225
26662
2871
866
1964
106100
53956
3724
1959
2430
3844
5876
2186
1289
4928
52435
4273
3612
50068
942
110102
72998
91104
47610
377
111921
2961
3260
29
6104
87232
8798
3308
1348
6754
37731
440
2644
5103
333
89804
1086
2912
6378
39292
6863
2184
115122
5446
2333
1280
4755
90061
233
3417
81564
42418
4406
1251
26524
1649
1175
4422
7451
6796
6807
8580
928
3196
1748
8972
1147
1131
4128
3910
1845
538
86
108932
1997
58295
290
6659
48774
431
38499
41571
3475
2929
54995
27831
949
5391
5341
55069
1302
5380
230
7143
2732
106916
4720
2105
2109
112183
2000
7373
6273
7137
6001
4037
2946
7263
5902
2394
117176
3546
6773
5014
32898
5385
26152
2331
4642
2731
3594
7380
56757
7836
2070
6331
8645
4970
2302
933
2925
2355
2315
2726
6732
7844
3089
1023
127152
921
935
99145
6077
8711
122892
1095
3007
2686
2294
65514
4410
1957
1177
35836
4428
5238
96075
2283
5475
86487
6021
8123
8261
8264
26501
26797
74089
53887
55063
58649
2285
163949
112577
150856
114464
101850
104119
4844
5017
3011
4017
1885
7649
1376
6218
55052
51412
99813
6552
1271
4010
6708
1913
492
77658
125
373
95311
8633
6281
3111
7164
48738
100383
2937
2078
6125
991
45950
4809
2405
9010
1209
5540
85414
80489
247
3182
3872
81834
1094
53519
2273
2059
1916
6974
84152
7212
4696
3396
1635
850
3153
7013
3536
2420
6618
4846
7132
3108
55442
2313
97
491
2919
2151
5690
98809
4432
3469
1340
114552
3535
5349
1942
3285
27773
106438
1275
2780
6283
2335
7833
4661
5146
4047
262
1601
68838
5316
1954
79428
115569
8528
131724
3543
3499
353
6724
4789
6725
1305
2962
4263
5464
3022
3783
4801
7698
93838
46322
5772
7320
973
34338
4442
2880
4717
876
4567
4565
2041
69481
51935
2140
7802
1282
8807
4252
6244
7932
8938
9018
1794
91673
26599
4304
218
3501
4660
73
7482
1283
3364
452
31435
3070
6669
1907
97938
1965
18
3134
368
48791
41573
32289
79824
80839
68269
27660
4912
1330
5114
8125
56587
2819
3627
8188
142488
6235
1844
575
