user_recommendation
318
527
296
260
50
593
858
2858
608
4993
110
356
1196
2959
457
1198
2571
7153
5952
1221
4226
1197
912
589
1136
1
1213
1704
1270
1291
750
1617
904
111
480
2762
1225
778
2028
2918
150
908
1252
1210
1207
364
2997
4973
293
1240
969
47
1258
1259
1968
1193
36
919
3578
1208
1203
1036
32
541
1304
246
58559
2396
25
1247
1222
1219
2716
1214
913
1200
2324
953
924
1230
923
17
1089
475
1148
1035
1732
2064
745
497
3147
994
903
1682
899
11
2797
2692
6016
6539
2329
1610
7361
3996
1961
8961
48780
926
1250
48516
4011
1307
4027
79132
1674
1278
648
2501
1199
1215
4963
4878
1947
5618
1276
1217
223
515
595
474
733
1411
1080
33794
3481
68157
5418
2804
1077
4886
55820
4995
914
950
1997
1206
16
1263
1172
6874
1220
1580
1244
44191
1079
1953
1287
1288
2542
910
1060
2291
2115
3104
1267
6
3307
2019
151
337
3949
1073
1228
3152
1945
920
2231
58
5989
1939
1212
162
922
1466
5995
1356
5060
235
1256
1204
2186
33166
2300
1266
1254
1500
3471
1233
3007
2303
46578
265
553
1299
8874
280
1097
1293
5669
1265
68358
57669
194
1952
348
2502
56367
2791
4235
349
3730
2871
32587
59315
2194
1729
898
524
1211
741
3897
6377
3462
3504
2712
34405
4034
1361
70286
2005
1028
3793
106920
3362
1103
1234
7438
905
40815
33493
2132
4306
2599
3468
1834
1957
1693
1960
529
2076
62
2020
588
1950
3671
44555
1192
1272
3095
300
5816
1201
81845
1719
1303
1357
7147
56782
954
30707
261
88125
29
281
1094
109487
3435
1281
54997
471
2917
2243
1284
2406
7099
2490
353
272
50872
6502
116797
3683
112183
1246
81834
2580
40819
2739
30749
3160
31658
3198
581
1625
1096
5971
3168
1224
232
3510
1333
2289
76093
54286
2971
6350
63082
4128
377
927
1956
1090
101
1954
3363
534
3424
800
1248
53123
34
2463
3735
2268
54259
902
86
7502
85
3448
968
1223
1784
1251
1394
1269
69844
2947
3088
477
1449
2664
10
8368
3741
51255
2125
78499
3365
161
89804
1298
2318
2648
1358
6787
1948
893
8665
3081
2357
73017
1189
1994
1673
1104
930
262
2929
7116
1292
916
1218
6979
222
319
27773
2278
4427
3546
766
3101
3386
4262
3022
2925
2726
39292
39
1231
2788
44665
671
2890
5349
3359
3201
44199
74458
3000
6711
38038
1907
1209
1147
2761
1264
2612
2202
2467
6870
1289
2248
59784
6269
3868
6565
86882
52281
3916
115713
1262
106782
59018
81591
2352
971
2644
3429
233
112852
1178
56587
2474
86377
1374
68237
38499
661
1238
1393
535
6380
175
3418
88810
2353
5991
60069
1179
5876
91104
80463
49530
8533
1964
97921
3499
2944
1959
838
4085
1086
2245
1680
99114
266
3033
3421
81229
3501
440
6331
92259
3911
1958
431
2529
6796
1050
81847
134130
3983
36529
3089
4661
1175
5902
599
1321
3811
6552
3414
69757
1302
4239
72998
3451
6385
1946
6807
446
3035
1260
56757
5010
37733
2732
7090
1340
6662
64839
4406
3702
41
6273
5812
2763
1271
3310
7022
49272
6773
7013
2334
6378
720
1280
87232
951
2067
5791
928
1012
50068
8644
2302
1962
1810
3100
88129
441
7139
1982
3134
51935
2203
26524
81932
28
1885
37741
7212
58803
1283
4223
1330
3038
8958
1641
1084
1611
2386
2690
3260
2335
123
2968
3275
52767
3213
1305
115617
3551
5630
3037
4304
8132
5903
6620
2078
1095
946
551
7566
1227
3467
55052
973
2099
2066
2391
1131
1286
55276
4642
3098
37857
2819
3167
5114
89745
65261
3361
7649
2328
3507
3077
4903
2935
4873
2948
2863
428
7373
5444
51471
31116
64285
5218
3317
909
125
3505
2731
105504
4007
5103
55269
98491
4422
3543
1635
7419
1296
8784
45
2336
4361
56152
55069
3175
3039
2313
3724
380
918
6001
3200
119145
6725
4789
32898
2951
1734
66934
91529
2025
2654
7137
2208
6777
4351
2920
955
1955
2144
93721
1120
3178
51412
26662
539
555
6440
3062
3684
2331
1944
3350
5341
3070
45447
2130
3083
8641
1608
5679
54001
7669
2355
2924
3503
3256
2677
5446
6003
4103
6612
31193
3476
8798
69
47518
1927
44195
37729
3739
1794
3114
94466
55250
2651
5385
5475
3524
1081
2857
8981
87306
7836
306
45950
218
1059
8938
3071
2389
2946
3006
6659
1385
3357
2315
1049
921
8638
4681
1343
4014
5238
1459
26712
50658
101850
96075
2285
58649
7087
4428
86487
4410
8123
8264
26501
74089
26797
53887
55063
8261
163949
104119
150856
112577
114464
6974
4037
3701
5017
3108
72641
4349
2387
73290
2908
1464
4450
2283
6021
538
2987
3475
128360
6942
6235
69481
91658
1185
7075
2795
373
40583
102445
4626
4632
7162
106438
98809
4809
3929
3872
5772
7371
5291
4105
7132
2919
66371
140174
357
1616
2018
2351
3521
5146
6724
3655
48774
60756
1420
6986
3598
3801
2359
3044
6281
4466
4945
3783
3512
3952
935
1537
3606
2070
3791
67255
4225
1484
4432
6987
5992
1101
5013
3812
3550
308
6669
67087
54503
9018
26599
7932
4252
91673
3196
3252
3686
8970
4969
3527
53519
106696
91542
5014
7482
7698
65514
2344
2106
46723
7143
6244
4801
106100
112552
47099
52458
1245
454
6283
2137
492
3129
3966
942
52435
277
4062
31878
27831
2454
3358
2068
2764
36517
4623
165
5064
6254
97938
3469
2636
2647
2649
2652
2650
97304
948
2312
7787
2371
4263
58295
448
3019
152077
55118
3194
866
54372
4844
54995
86320
7064
307
6650
1942
88163
2694
6538
6450
3742
122892
1408
728
1243
178
85414
45722
7091
3639
213
109374
3736
107559
6852
50742
50740
1354
8633
1345
6218
90428
106441
452
7386
2572
5690
4912
56251
8125
82527
1701
4459
4140
4846
2912
8188
628
3203
3406
2395
3068
2841
147
6954
1396
5225
67997
