user_recommendation
318
296
858
527
260
2571
2959
608
50
593
356
2858
1196
1197
110
1221
1270
1
912
589
4993
457
1198
7153
47
4226
3578
1136
1704
1210
32
150
4973
293
1193
2028
5952
2762
1213
1089
2918
778
908
750
904
1291
1617
899
1682
58559
2324
2997
364
2329
969
4306
1240
111
79132
1207
1203
6539
4963
1259
2396
48516
913
36
1073
1968
953
1214
541
1036
68157
6016
4995
1208
595
1252
1230
2692
4878
2797
1961
1247
919
745
4011
2542
2716
923
5989
1225
44191
497
6
2804
480
1172
1265
1304
1204
1219
48780
11
3897
33166
924
3996
926
588
1732
1278
903
6377
898
2599
1028
3147
8961
235
1276
1097
32587
3114
223
2268
1258
1947
1625
6874
1228
1200
5418
1222
1035
2502
56367
3481
733
1148
1250
1610
1206
7361
910
1293
2064
475
46578
1945
4308
1356
349
2291
1060
920
55820
16
1394
5995
4886
474
1212
8874
62
1244
2186
1952
4027
2115
3462
1953
380
1077
671
922
555
2194
2076
5618
78499
4034
2712
2231
57669
2501
3671
1269
1256
1199
337
2019
994
8368
29
265
377
950
3362
1246
2300
50872
30749
59315
116797
1411
106920
1103
2289
1084
1957
40815
8970
49530
1267
70286
515
64839
2580
161
3471
1220
5669
1500
33794
25
106782
1673
17
76093
54286
5225
1674
81845
63082
1939
81591
74458
2739
4235
1729
88125
1307
56782
2132
68954
1357
1080
3386
6942
1233
3363
3735
72641
1299
7099
1288
30707
109487
471
5991
2318
1254
3510
134130
3730
628
1234
1466
3435
3504
3683
741
7438
1201
7090
232
69844
1287
8784
3256
7502
81834
2303
3104
7147
1266
5444
34405
1393
1096
529
3791
109374
4014
3088
92259
1231
955
905
1094
2081
1950
28
5060
1284
800
2690
3793
134853
3868
1217
3421
2761
1223
112852
194
94959
31658
41566
916
2908
2871
3152
4085
6863
8665
59784
1248
928
1264
2971
3468
1179
3359
2359
3361
4239
2144
3000
5956
3499
954
7022
64716
2917
162
1090
4979
3686
2391
88129
1272
44195
1192
64957
1960
3307
86882
1251
720
69757
348
68237
1954
3451
2105
3916
1948
44665
1079
1292
353
5816
36529
2202
106100
81932
73290
99114
80463
900
2395
44199
1361
6502
648
3095
106696
909
1263
2467
246
2929
30816
2125
581
175
1285
911
2020
2791
2353
2664
951
51255
5971
3006
538
8132
535
115713
107559
2160
5010
106441
6979
1374
3252
1333
6796
2795
508
968
54259
40819
88810
1029
2005
81847
2726
1580
3035
1280
66934
106489
1086
3201
945
4450
272
2245
7371
1358
1088
7139
115617
86
8958
3068
3034
122882
3039
73017
104374
1262
97304
2357
3007
3175
106438
5103
54997
2243
2648
3275
3198
1283
7075
1958
6385
933
1178
2863
3424
104913
58803
440
91529
1916
3788
1641
1012
1305
45728
3160
45
1104
357
60069
53123
942
1211
1387
1754
3246
1175
1260
68073
3111
2947
3543
5630
262
319
946
3083
2924
39292
1282
1049
7669
2763
3911
34
49272
3448
101
3469
27831
3022
2248
1994
1189
1120
3196
2208
2109
1095
1959
2788
3167
87232
97938
914
5064
3310
7802
1218
2351
261
3594
97
838
3512
55247
54001
3967
2070
8645
2138
3536
3952
72226
91104
6350
1224
7386
1955
6378
4896
930
1227
85
81229
1784
7263
110102
37733
48738
3418
1982
2232
1944
6787
3983
280
2137
1408
7143
2078
112183
2935
105504
1946
1020
907
96079
6380
1719
8228
63853
1209
5812
6662
6711
1663
3067
2841
1215
2490
3134
3724
55269
971
1964
4776
6807
3546
5791
1242
2973
27773
2108
1537
1734
112552
1464
6188
91542
50068
100714
59995
1845
5349
6870
6565
6281
4007
2068
2846
3270
2925
307
142488
2644
1376
40629
102993
6724
1281
1147
599
1343
949
3089
3467
47610
1396
3081
2890
766
2203
2273
3038
4489
3033
2731
4427
2694
534
2961
3016
55442
3741
6001
4223
973
38038
68358
1834
68269
3213
89745
1131
2459
1611
2912
1688
125
3044
81564
52281
7235
79824
32289
48791
41573
80839
35836
2819
85414
38499
3702
3703
4846
1927
441
927
4406
2463
431
69481
3612
8950
3429
33660
2287
98809
5876
3019
300
735
2920
4033
31878
3062
3037
65188
51662
1302
37741
3814
4623
82
7451
373
2067
556
3272
3989
58347
7419
281
3949
2279
4086
8981
3505
4642
79091
55267
4263
61323
2420
1275
3501
38061
2423
6618
7285
1921
56152
84152
7116
5903
233
2474
1078
1257
492
3098
3203
7380
140174
7132
2612
2352
4019
551
128360
5238
4789
6725
3200
1810
805
53519
2857
5329
893
4720
7137
6773
33493
1243
6918
122892
54995
5782
2496
2951
26242
3317
26524
422
5152
39414
3101
2434
51935
1237
42004
53956
7164
322
6852
940
55276
866
64034
86377
1963
428
63876
148626
3980
3100
4361
531
3210
3176
96821
81562
1066
4262
51540
2430
70293
49957
4037
306
1238
111921
3358
7013
2151
103048
3548
6777
5380
8530
3414
99813
477
8633
34332
26152
5341
3551
4103
4903
2010
8580
40583
55052
3355
47518
7698
2919
1942
2313
1693
34072
5013
64614
26326
7293
4187
85342
8542
4422
115122
3072
7087
115569
32898
60684
3910
68838
7844
4349
2066
106916
5146
89904
2130
6987
80969
60397
2932
1019
363
2394
93040
3507
58295
52952
7064
921
4369
55250
1296
56339
1956
247
5446
4326
4537
5475
91658
96728
8873
6669
3360
80489
6440
3417
2331
2140
2732
2328
1303
3365
27803
3342
308
4225
7136
4553
65514
4616
9010
50641
86320
1082
7091
31435
1967
3135
5017
3498
3655
64285
4128
4465
1124
65261
3606
965
2301
3260
5955
7212
3476
6331
3077
3844
4755
90061
3364
230
52975
3105
2686
3701
99145
8938
3508
7123
7836
154
108583
98491
7156
152077
6283
1023
5074
2780
1340
2321
7649
3684
122900
4809
764
93838
6893
97921
4432
7215
213
52604
1366
8493
6461
3219
