user_recommendation
318
296
527
260
593
858
50
356
608
1196
2858
2571
1198
2959
4993
589
110
1221
1210
7153
5952
1197
47
4226
1270
457
912
1193
1
1136
58559
1704
32
111
2762
293
1089
2028
1213
778
150
750
3578
541
1203
4973
1291
1617
1240
1225
2918
904
2997
1208
899
969
6016
908
2692
1252
48516
1036
1214
745
2396
1304
480
1259
923
2324
919
588
364
2329
1079
1200
1265
1219
2064
1148
7361
1073
1247
2599
1258
1207
3114
2804
1968
349
920
4011
1732
1204
2542
6
3147
36
926
8961
1228
1288
953
4027
913
1682
17
1199
2797
590
497
903
4963
1356
4878
924
337
246
79132
733
1212
2716
2019
5989
1028
78499
1278
44191
898
595
1250
4306
1293
1172
2186
1961
7502
1060
3462
55820
2289
1276
68157
922
3996
59315
1080
1094
1217
474
50872
4886
46578
555
1222
32587
6539
235
1945
2300
4995
5995
3897
48780
1090
1953
994
357
1307
2791
1299
1035
2115
1947
1263
3362
628
2712
49272
2580
1387
905
4034
1254
3730
300
2268
2502
1527
2917
1957
1673
1952
1267
515
5418
1233
720
1234
509
2194
56367
3481
1246
40815
319
1500
1674
1096
475
194
232
3363
2467
1264
1230
8368
1201
54286
6874
3683
2291
2132
1192
3307
535
30707
8874
57669
1262
56782
1097
33794
954
1206
5816
1625
1084
106920
109374
1244
76093
529
1610
3421
2739
6711
3504
5618
4235
1361
2971
116797
30749
671
581
2761
265
39
950
1939
3088
1220
1923
1272
1357
3072
6502
1580
2871
109487
3671
508
307
1287
910
1948
162
1269
74458
377
68954
2987
2144
5902
3435
534
916
3007
3468
3361
49530
16
3160
3101
1223
2863
2020
3006
223
5444
299
1466
112852
928
106782
99114
1994
2890
2081
161
838
72226
1960
70286
2321
3104
3868
2248
68358
272
88125
1292
538
3471
29
1224
306
69844
5225
1280
2908
2202
3735
5991
1077
3499
1179
6787
1175
2318
951
1954
3152
11
3527
2137
33166
54001
1256
1411
471
62
5064
3545
1302
2125
2303
3246
122882
2395
54503
3386
2076
73017
27773
2501
1248
2288
134853
501
68237
3448
2359
96079
1734
3038
3037
3000
5630
134130
115713
59784
1237
21
4979
1305
1303
2243
25
741
31658
52
35836
5669
1449
3200
44195
54259
3359
1358
1178
3949
3510
89745
3134
88810
3095
2138
3524
1189
1260
955
2648
51255
968
345
3260
53123
1245
1019
44665
64839
1333
81932
380
81845
4014
1285
110102
1354
2490
1103
1982
1834
1927
3198
3911
7099
8970
92259
80463
1641
79702
7147
44199
63082
1283
104913
6807
2929
41
1211
1959
69
2745
1784
1131
921
1946
3089
1029
3167
88129
1215
81591
40629
1104
2474
4007
45
1393
1249
6377
142488
800
3703
1537
3952
3310
1095
6796
81834
115617
4085
3022
440
2005
106100
86882
2203
72641
81229
927
648
2788
1916
1059
4016
2245
2612
866
1266
44555
3724
34405
3983
1066
146656
54997
2925
3275
2406
5956
112552
4896
2726
3033
914
86
3341
2278
1343
97938
7116
6662
69481
1147
69757
1231
1680
2208
8981
4037
1120
3256
8132
1376
930
5971
3791
2935
3035
125
2352
6565
2231
308
942
2664
1296
2391
3417
233
2357
5992
262
106696
94959
1012
1300
178
946
911
2938
39292
2728
3203
2690
2973
6863
3252
514
1088
91542
3175
71535
3068
902
2644
373
7669
224
5903
81847
2108
1963
1209
314
3814
105504
89804
1584
2919
1271
5876
4661
30
1663
3201
2355
3039
6979
915
115569
290
5812
7263
2018
73290
6001
2070
3342
3469
940
3967
3016
55269
36529
805
5475
728
945
1023
87232
1394
1218
3910
1997
412
2010
55247
98961
2313
6552
3741
93510
112183
6773
40819
1281
84152
1950
27831
6669
281
1238
2102
28
51540
3213
85
3505
1944
69122
1827
3548
1719
1729
91104
1374
2099
67087
368
2841
3060
5445
2078
3168
41566
97304
2366
38061
1227
766
492
37729
7132
2947
3702
4422
37741
6440
943
7013
102123
5791
51935
3019
3176
98809
102445
3406
1284
428
1955
2336
3100
4427
2872
3196
3507
3916
1408
353
3044
8665
96821
1161
7143
116
938
850
6732
2846
363
2434
6380
55276
64034
2160
127152
1956
3424
1242
2459
64620
32898
2944
119145
72998
8807
62849
1273
3476
104374
1688
3365
8798
52435
3317
5152
51662
3358
6331
81564
33493
1086
7419
65188
47610
6870
348
148626
8228
3429
7087
68269
5010
55250
4349
3081
4103
82459
6273
2750
60756
1419
2924
3470
3083
1964
4019
97921
933
229
4263
4308
106489
1649
5341
4432
973
477
128360
2
3129
1025
6724
543
2696
5017
3521
8933
4047
7836
106438
175
73321
26729
91658
4086
156
5385
63131
2130
4720
3153
7090
3638
4223
7371
6777
2351
3091
935
3067
1810
81562
8958
5103
60684
100
4450
2912
87306
6003
1931
2529
7649
230
4623
2287
3811
2948
33004
71264
5238
2949
2920
47518
3783
3102
4410
3355
4846
3684
596
4361
1949
222
7438
68838
4848
2403
96728
7767
2232
107559
7256
3742
99149
1127
2302
3357
3062
594
2721
1885
49651
48738
86487
26501
55063
53887
8123
96075
58649
8261
8264
4428
26797
74089
163949
112577
114464
150856
101850
104119
106441
38499
6021
4873
7091
85342
917
99764
54881
268
3546
7139
907
280
6783
176
2096
8542
105844
56152
2087
1484
261
65514
2131
3414
3070
122900
2729
79824
48791
32289
80839
41573
88744
38038
7698
2594
3475
6987
5114
2140
4465
4128
2989
61132
1177
4821
900
5679
2795
3966
1185
3872
2150
3364
1935
632
7075
6269
53
40583
5772
3194
64716
1321
2066
8950
1845
1941
4801
93838
6385
2068
26776
2553
3360
6974
59018
931
1032
1934
1257
213
2080
2046
1643
2687
2109
6101
3347
103
2686
88140
97
2670
8125
7482
86377
45728
26242
4903
4616
4188
448
3801
4033
4809
70293
3420
5608
