user_recommendation
318
296
527
593
50
260
608
356
2858
858
1196
4973
2959
2571
4993
1198
1221
5952
7153
1197
1270
912
457
4226
2324
589
1208
6016
899
4886
7361
3578
111
1682
110
904
47
4306
58559
1252
32
1136
2028
1732
1304
1291
2762
1
778
364
150
1240
908
1193
17
8961
1207
745
919
953
46578
1213
750
1089
903
969
357
2997
913
6377
2692
2396
293
3147
246
1148
36
926
2329
6874
48516
1080
480
30749
720
109374
1219
1210
475
5995
1230
57669
60069
1617
1278
1203
1247
48780
32587
4963
1222
1968
515
1035
1704
497
922
541
2019
4027
3114
1214
1204
1293
3793
588
2357
4235
2791
4034
78499
4308
4011
910
8874
2716
2599
3462
555
1258
1952
7438
1411
79132
235
106920
1259
594
1094
994
38038
2064
1206
4995
1199
1265
6502
595
39292
1256
1036
1246
1641
920
3361
3362
1212
1939
368
122882
1393
68237
2804
3481
1217
838
3363
1223
68157
1500
1953
2300
1784
955
62
1307
8873
7502
134130
134853
5010
1254
81845
1084
5669
3730
3260
954
265
2076
300
1097
2797
1090
108583
194
508
112556
261
30707
1244
1276
1073
2971
1947
3152
5418
1945
3088
27803
39183
76093
1250
33166
1077
3255
1234
3949
474
68954
1228
1285
1103
1096
2908
2863
1179
1948
41527
7459
898
1028
105844
1200
152081
3386
581
1357
2871
41566
3468
5989
6869
1233
44195
86504
34072
6539
1361
1225
927
2289
3307
2580
538
7116
3746
307
44191
41997
72641
49272
1961
64839
50872
56367
3677
3724
534
69757
2917
1303
529
3504
4016
82459
39
2467
1079
1248
5225
128360
1348
1305
2020
48774
3134
1237
2918
1183
5991
1271
1299
232
5816
306
99114
34405
928
535
1580
3435
1266
733
3038
112852
115713
115569
70286
3095
7147
2243
2132
6773
5618
2648
1356
1292
905
122904
1263
2700
88810
1302
3310
1131
2427
40629
223
2096
950
2443
6787
921
3996
380
3167
2203
319
5017
349
3683
1527
1177
2612
766
2474
1264
3060
4014
2081
94959
2973
923
56782
3270
866
4878
2890
3101
58
3471
1189
1994
3317
125
105504
3341
1419
5444
4085
2080
53123
628
1280
2321
51255
29
8958
46723
3868
106782
79702
54286
1211
3507
2726
40815
7419
1729
6662
8228
2551
8368
3200
2291
1269
100383
81932
115122
308
2313
11
2186
1288
1192
8638
1946
951
1466
2109
968
1959
3741
2018
81847
2541
55820
1394
59315
116
3196
7263
509
1020
122886
1060
34
3246
2641
88125
6942
477
40583
2750
1029
1296
2302
162
2066
5878
3153
3072
93840
1161
5341
1374
8981
3594
224
3469
2739
4037
918
2232
68269
80839
79824
32289
48791
41573
8645
2919
3476
3359
1464
3916
104374
93838
3524
1376
108932
1282
2248
40819
7698
5238
2644
6987
63082
2622
6
2070
1408
1267
1967
4422
333
2987
1088
2352
106696
2391
1834
492
2303
7836
161
1281
2406
71535
3424
3684
2746
1358
2366
61323
6530
2925
7087
2664
7669
6273
69844
2728
4054
55276
2087
8580
5385
671
1220
345
6001
3104
60397
1343
69481
1965
86
2929
3671
1956
299
3545
32898
7132
2542
176
30
3408
3198
3897
3091
1172
68838
2961
514
26084
348
1231
27846
4809
45950
1876
930
2288
97
97921
1235
1284
1262
1087
6954
2690
1610
81834
5475
4801
86487
104119
4410
74089
26797
26501
58649
101850
53887
8264
96075
8261
55063
8123
4428
163949
114464
112577
150856
4661
1964
112183
2144
916
521
38499
46976
2398
36529
1147
6021
1625
4384
5319
1218
63876
48394
68358
2501
247
596
44199
85
935
37741
3872
2245
3501
1245
112552
52
448
3357
2336
3814
6333
2394
89804
4432
945
7456
4151
233
2160
178
86882
1693
7265
6777
3201
1333
44555
1885
3470
2857
3007
7091
3035
34437
1175
3175
28
3022
2283
272
3989
6724
1960
115149
1120
940
4920
7360
229
501
1635
80463
5902
3347
3108
3213
2349
36517
1674
1066
1673
800
3033
1663
7075
1041
440
2150
1125
70293
663
5470
3068
2125
1224
97938
2330
3074
1957
893
8950
1835
942
6380
3081
6783
1260
1298
2078
6299
3527
290
8949
26524
915
5114
2108
6985
3735
7371
7981
5105
7022
422
10
1354
3751
6936
2355
7123
2194
2859
1253
1688
1209
82169
4969
2115
41
2130
3186
633
79091
6643
4406
7566
52767
97752
1272
4357
72226
6796
2926
1012
943
412
48696
3536
2469
37729
4903
1201
3077
7943
8125
342
2985
7767
2278
49530
3083
900
1178
1300
495
3037
7215
119145
8542
3679
8966
6271
53024
38304
2912
230
8188
2763
2696
2208
5013
66934
2718
3911
33004
1104
1827
3739
3271
2454
2745
471
8132
3475
754
79428
127152
5782
55052
2138
661
3543
95558
3546
32234
1754
2761
1611
2721
96811
27317
1931
140
728
3983
3952
99145
5103
353
946
543
2596
54259
2988
3020
3112
3018
2359
1242
7013
4263
3265
55069
6807
2105
59018
2659
2935
6669
6101
81591
2976
741
6852
6639
55253
54272
142488
2872
2290
6254
3070
4021
7766
1340
81229
2843
6552
53000
5772
3275
2447
5992
4009
2442
1287
7700
1963
2117
1475
4262
79242
111759
3801
8042
4427
80489
410
7451
3966
934
7285
5812
7926
1395
1678
31410
1949
3086
241
764
89470
3783
26729
1649
26178
86320
76293
2938
87232
3019
2140
37240
97673
4349
3272
7478
1401
105197
87304
96079
4218
933
7088
8254
2897
1950
91077
7771
3406
1455
1925
961
984
3447
3165
1935
494
3256
4361
4912
4821
1797
3896
3417
72011
4437
61357
8979
2085
5446
3089
98154
2759
3342
49824
94931
75990
95135
127164
8572
4927
7126
56805
56607
7111
26350
128606
26505
25945
25996
25999
26147
26323
1913
112735
72367
5088
27812
101895
105355
112399
7300
110752
25882
151307
120821
78039
6133
47092
50245
58879
31658
5679
26151
2238
5062
7164
47629
34338
3712
7487
30712
537
2579
1162
