user_recommendation
318
527
296
593
50
260
858
2571
356
2959
1196
608
2858
589
912
1198
110
4993
1221
47
1270
3578
1193
1197
1210
919
293
7153
5952
2918
2028
1704
1136
457
1247
750
541
1073
1291
904
1240
4306
778
595
3897
111
908
1233
2762
58559
2329
1204
969
1208
4973
926
480
25
1610
32
48516
7361
1089
1036
2797
1225
194
899
1
1230
1214
4226
6016
6711
953
1259
1287
1682
46578
1206
1732
364
1097
4308
733
497
2791
1228
1213
1148
306
745
1207
910
2502
1262
1252
1219
1968
5989
6
6874
4963
79132
36
2501
1096
2132
308
68157
1079
59315
922
1272
1200
1250
1265
1254
923
1084
2716
1203
913
2804
5995
1199
8874
2359
920
1961
2324
5669
1060
2115
307
3462
265
1617
1288
1258
3481
2997
17
8961
44191
5418
1307
2599
924
475
671
380
903
78499
5679
898
1285
1035
55820
32587
246
2231
7147
223
994
5225
3147
3114
1278
1945
2064
590
21
955
2019
4995
8949
471
1673
1235
2300
1299
720
2194
1266
1625
1085
2542
1172
29
3201
377
56782
474
1077
2087
1041
1212
1356
6377
7438
3545
2395
1220
281
4878
1960
54286
89745
76093
551
515
1217
2202
3362
109374
3418
272
3911
2396
4979
33166
81845
2987
5060
2303
1028
1393
74458
3429
1246
1283
4047
232
2010
2430
3417
3916
3683
92259
4034
1224
106782
968
555
44195
2287
588
1719
1358
3435
1584
3421
1256
1179
3996
5618
1374
2144
27773
2917
1223
3504
2125
2081
3363
1784
1292
3671
1500
2580
508
3814
230
2712
2268
85
1927
1948
3868
68954
56367
163
759
866
1276
1952
2141
2929
5377
3034
535
357
16
1263
4886
534
2291
4103
2971
3730
4027
2076
8970
3039
6942
50872
1884
1953
3317
3469
7502
1293
86882
1754
1267
6807
1361
1674
2186
35836
48780
900
4085
4277
337
3471
2690
1222
2
538
81847
3000
161
1939
916
4011
1466
110102
88810
1944
46723
3152
2000
33794
4235
581
68358
1023
48394
373
88125
1192
34162
1946
1103
950
64839
41566
66665
175
3386
1090
8784
30707
3196
5956
5791
1104
6440
1357
81229
64614
91542
1959
44665
28
6870
1185
4658
1249
3270
3095
6539
3035
951
3788
1693
921
80
1178
8638
4117
162
5028
3088
3510
3134
3499
3037
1095
3703
3203
2529
2692
68848
31658
361
2951
2078
59387
1269
6993
106696
7090
1680
3160
49530
2020
2728
3108
3415
4271
26150
26578
52617
8239
872
7574
7564
628
4489
1921
34405
1376
2761
428
3200
72641
5782
2788
911
79702
2871
4896
3468
1835
50068
1748
30
1175
40815
2117
1734
97
3702
3252
2248
51662
68554
5444
1215
2467
87232
154
668
1242
5971
2145
53123
945
69844
2289
936
2664
1394
85414
5015
68237
81834
1086
5991
150
81932
4007
2302
599
2318
363
3594
3019
1264
5502
69122
1284
280
1257
2739
3062
6796
3735
927
1237
1029
4128
5630
88140
4720
101
97304
2732
68135
40629
2005
3301
2278
2857
8645
4033
349
1994
8580
1641
2648
7263
1964
441
1956
64957
61323
36529
96079
4037
3006
1231
4722
1273
954
7099
1251
8368
6979
5902
235
2232
1194
909
838
115617
3275
6333
1305
4427
1296
40
3067
5500
1411
3089
57669
971
3342
32289
80839
68269
48791
41573
79824
2333
1177
2660
5903
3341
309
1080
54503
52973
2961
73017
109487
3952
116797
8798
26258
104374
1957
1078
54001
261
2745
4571
6502
213
44199
3724
2336
2137
60397
1201
764
2243
3198
106920
1066
1271
8958
39414
928
63082
2068
55269
1191
112852
37733
741
144976
140267
1101
3186
6662
121231
5816
3747
1962
91529
3406
5876
1081
556
30812
933
7022
4901
4422
582
2944
4327
1260
2139
3552
72226
935
4616
300
6187
7139
805
26587
6104
2750
914
156
1057
322
2746
2952
2459
1845
4450
930
138036
5955
70286
2863
5617
3359
5470
45728
2721
2106
5103
2985
79091
7375
103810
2058
7075
1537
345
3983
74727
3361
1211
3256
99114
529
1120
1304
4920
4351
3615
3763
7386
94959
3060
3801
907
6063
6725
4789
264
1963
3357
2644
319
3007
3074
2726
89804
4424
7802
2080
2357
3696
4361
30816
8622
3546
6791
326
7164
99813
26326
3022
8132
7212
946
6350
97957
850
663
6783
26729
3943
1343
4246
3167
3783
6188
9010
5765
3437
4630
1253
26974
52767
4014
1958
33171
3686
7451
54259
1209
3654
59784
905
787
2973
431
38499
4688
7091
63131
3216
40412
92494
4270
1982
2085
61240
1298
800
1025
1611
2686
3871
33615
3809
6323
3072
56339
1950
95167
3396
64285
4021
2131
3016
893
1248
1094
3175
3020
1261
3501
3036
68838
1639
2890
3071
5505
6385
2203
6378
45
2553
5810
7698
55276
26084
4016
509
82169
31116
51471
76251
4754
4641
7767
122892
2138
2545
3063
88129
3505
4801
42004
4406
7143
98809
915
59418
49280
26422
550
1688
91658
5095
8873
81564
477
48738
3176
4263
594
3101
70565
3150
7979
8207
1934
218
2572
7132
4017
2108
7566
1955
8228
3527
55118
55247
11
1046
3612
3424
6787
27523
1300
8950
96728
5135
5269
3848
5668
4432
3068
5380
67255
55069
112183
6101
64716
27329
32898
1183
2089
37741
1483
3844
115569
728
51540
6724
4105
38886
2673
5341
3112
562
2846
2029
2626
42418
5255
976
3643
3628
7116
8542
2912
2351
3793
5385
8983
6254
123
116
2935
3219
8665
6773
80489
55451
4334
2420
66934
3791
2463
122900
897
51935
7649
3566
2353
4338
7836
8981
30749
26318
8338
8199
40491
4470
61206
6123
58425
6641
6770
108932
2208
91630
3910
97921
99
6552
26843
140749
5264
140751
140755
147037
140759
140761
26791
107083
27700
4724
140763
27826
140747
141124
142068
130522
127728
4342
103731
142240
70762
3575
54251
5229
140739
6769
140741
140743
6342
6369
98933
8699
59549
6033
84414
140745
82608
7260
102903
3038
3077
26614
