user_recommendation
318
527
296
858
50
593
260
2571
2959
1196
608
2858
1198
4993
7153
356
4226
1197
912
589
5952
1210
1221
110
457
1136
4973
1270
293
1704
1968
47
2918
1291
1225
2762
750
1208
1
1214
1240
969
541
778
1617
3578
899
1193
2329
904
32
1203
1682
150
58559
17
1148
223
1394
919
2716
908
497
36
1247
1259
480
1207
2997
1035
364
745
25
1219
3897
1213
1307
4306
1258
953
1206
1222
913
1230
6016
1252
6539
11
2599
1246
246
474
926
111
2396
68157
1610
4963
1036
2028
595
6377
1172
2712
1200
2804
2064
1356
79132
1073
1287
1278
1500
5618
1250
6
4878
48516
2502
48780
515
4308
7361
2692
551
903
910
2115
920
1961
1089
2542
2791
1077
1285
1204
1674
475
4995
2248
5060
4011
5669
1199
1732
6711
265
6874
3317
3147
1228
1079
308
1254
950
898
1276
1288
914
1947
2020
33166
2395
8874
994
2580
1060
8961
671
1625
46578
1304
62
3481
955
1224
1217
2973
1584
2352
1411
5991
1256
1097
924
923
1090
2664
5989
8784
2917
471
1185
1380
922
16
3421
2202
2019
2194
1212
1357
5418
733
1235
55820
44191
29
50872
4027
4886
954
5995
1096
741
32587
80463
3504
2318
534
1233
3510
8368
728
2797
555
1244
1641
380
3018
1719
5630
377
1220
3471
1186
2359
2648
81845
7147
31658
1953
1959
34
2312
56367
1289
2321
194
3996
99114
1269
1292
800
3362
6502
162
1234
3868
3114
64839
2289
106782
3671
57669
2644
588
30749
2268
1080
3499
7438
951
88125
1300
2076
1266
1299
4034
1303
1262
916
1150
281
70286
2081
1131
78499
161
5444
106920
2801
272
1267
6979
3363
59315
54286
905
40815
1393
2987
838
1374
3462
58
1263
1358
1281
76093
2971
1952
3429
86882
134130
2890
2501
3095
1095
33493
7502
2336
3730
1945
1257
2947
1284
3683
2291
2871
1272
1784
2303
3386
33794
307
2109
1175
2654
2788
1293
1081
661
41566
1012
81834
63082
4427
1464
306
2651
538
3081
2690
1954
3000
44195
36529
3175
7139
81591
2144
2647
2649
2636
2652
2650
45
151
8132
1215
2278
27773
1103
1939
1580
911
3088
2240
2635
927
1265
1466
68237
49530
3201
109487
261
7099
349
91529
1361
3152
28
1223
2634
720
5010
81932
1964
52975
1201
3543
2300
928
38038
529
581
7143
4085
1084
4642
2132
58803
1948
628
26524
1260
2186
1192
3724
4235
56782
6385
1050
50068
2761
48394
116797
1527
1611
235
5971
86
965
933
2357
3435
69844
1179
3476
3033
2746
893
7137
89745
51255
357
34405
3418
2841
1927
907
233
337
945
4641
3039
3083
1189
5225
921
1094
3791
112852
4223
3735
69757
8665
915
198
5812
900
1997
6350
72641
3359
1271
1958
3307
73017
101
1028
2739
971
8958
1209
232
8938
2125
3686
2232
3361
6331
53123
6378
94959
39292
54259
599
3451
81229
89864
44199
4239
54997
39
68954
88810
1333
115713
2137
2078
85
1218
1066
7235
1960
262
68358
68073
1227
109374
3916
1305
7386
122882
106696
3203
96079
3536
4033
3213
909
175
2976
1635
4979
2208
106100
6380
3108
6807
30816
1086
3270
2243
946
866
3420
66934
38499
3167
10
6787
1061
112552
6620
942
535
1085
7022
3196
65261
8970
3034
2901
2467
3037
5679
115569
64716
1729
2302
98809
44555
108583
556
1957
3077
1884
3469
37741
930
2935
1243
1078
3814
2612
2353
1211
8622
3219
5903
373
3252
104913
3468
55069
968
4903
79702
3467
2908
1834
4450
2949
213
51935
106489
5500
45950
1680
3703
40819
5446
1178
91542
3357
52281
3251
1104
97304
115122
4014
3260
3355
3035
134853
4304
98491
1296
1023
5690
37729
6870
1283
63876
1238
104374
69481
4128
6863
1673
5876
7802
3341
6104
222
3104
2133
348
2732
1956
2324
128360
2529
52
3548
54995
7090
31410
1734
635
8580
97
7698
3022
5816
3989
26084
7027
230
55269
2463
1274
3134
5791
6796
1280
2459
2010
39183
1907
27660
30810
74458
2721
26326
65514
52767
7566
5878
4105
4406
40629
2203
88129
72226
6286
1931
319
2929
3741
3702
314
309
6773
44665
3635
2070
1251
5103
7116
3408
4361
280
2916
3310
3983
52952
2394
1449
3068
2795
112183
2423
3505
31435
3679
68269
2924
6218
3701
2231
2108
106438
81564
7263
5146
71899
1286
6281
2138
2000
2140
714
90428
55267
8950
85414
93721
8228
35836
9018
1248
6565
3760
3639
590
1419
92259
3638
935
2363
2430
3684
59784
943
7419
7164
3044
3949
26712
50658
1177
2348
46723
5238
901
104841
80906
81847
2096
1264
7156
3980
3198
3006
6269
67255
46976
7075
1797
59995
97752
4252
6244
91673
7932
26599
48791
32289
41573
80839
79824
2440
6662
165
422
973
64285
100714
2287
6724
79091
4103
2071
105504
1946
97938
149
8360
50641
1962
3272
26614
5014
2857
4552
93855
85342
1967
55442
1552
1301
5956
51412
7212
37857
102445
26258
93320
5244
8191
2311
79357
64957
6725
4789
5341
58295
7123
5064
2313
353
26776
2148
1387
1343
32898
1794
764
5747
8644
50740
50742
1162
6283
1057
2333
1396
2331
6101
3566
735
2660
524
1845
549
6774
2728
107559
30
49957
87232
1950
229
2409
70565
99813
423
7096
1537
2117
8908
3417
1594
73290
3246
4553
3181
33660
2334
27831
60397
2080
96829
48738
3135
7285
8154
5475
2018
47610
805
5291
106441
3016
140174
3038
53956
1120
27846
7013
33138
2405
2029
3612
2167
8589
6235
662
4489
4920
26231
7024
171
31116
51471
2496
55276
3218
71135
5380
4017
2846
4660
48774
1029
7371
99145
65130
1810
1994
4584
3501
5470
7215
32840
3396
2626
8493
76251
3200
166
328
1965
34326
60384
63836
77291
26749
32515
40226
8240
5473
80553
71390
27792
95113
42900
3507
1111
59387
3706
67997
1916
3089
6273
4459
49272
82169
1649
3060
4697
6987
7669
37733
69644
