user_recommendation
318
296
858
260
527
593
50
608
2571
2858
356
1196
2959
1198
4993
1221
1197
4226
110
1270
7153
1704
589
1
4973
1210
912
5952
1136
457
1213
1089
2762
3578
111
1193
47
150
778
541
2028
32
2997
293
899
58559
904
750
1203
1617
908
745
1291
2918
924
2692
2396
6016
1265
2329
79132
1225
2804
1208
1259
364
6539
1240
588
1247
1148
1258
1682
969
923
2064
919
48516
1252
2502
1288
3147
2599
7361
4027
2542
920
1304
2324
1230
1207
903
1036
4306
1079
2716
913
1219
4963
3996
4011
480
1073
8961
590
1968
1222
733
1206
1060
1732
1961
497
953
1214
4878
1246
1172
4995
2797
898
55820
1212
1199
48780
3481
337
2580
33794
926
246
1250
1625
2019
68157
3897
349
1276
5995
1080
1228
6
1035
3114
5618
36
32587
994
1953
1267
44191
17
5989
265
46578
1090
1947
1307
1204
910
1580
595
1256
1097
1673
1674
515
555
1233
1200
950
5418
720
1223
905
56367
2115
6711
2194
2318
2917
2186
3462
1263
4034
4235
1244
6377
7502
2712
3421
1387
1356
232
1293
57669
78499
5816
1923
5669
1299
59315
475
1957
1192
2291
3363
1234
471
8874
25
3307
1945
916
1269
56782
194
40815
3730
1641
1220
2300
29
54286
671
16
5991
3362
922
2020
106920
911
1394
4886
3088
3006
3499
2268
2791
116797
1094
954
74458
1610
1527
2248
1952
3435
2289
3007
3095
951
1217
508
1278
2739
51255
44555
81845
50872
2871
33166
27773
1500
3468
1201
2303
8368
1729
76093
914
1357
109487
81591
3683
49530
1254
2761
1084
581
2231
5010
2890
11
1960
34405
928
6874
3504
73017
44665
106782
3868
68358
2501
307
1994
628
3471
6502
1784
474
1287
58
162
2467
161
109374
6979
7147
2137
377
2359
6796
69844
68237
1449
741
1333
6787
1077
2690
1028
63082
1954
1096
86882
529
942
2971
3510
838
33493
3035
2243
306
1939
1834
92259
3104
1466
62
945
5444
538
1302
31658
1264
357
1095
1280
3152
1262
2132
930
54997
300
3175
70286
1215
3359
3949
1086
80463
5064
4979
955
235
3735
1272
946
2076
2395
1066
3671
6807
800
1393
5060
3911
44199
1260
88129
2490
99114
1948
1584
3181
272
1127
3201
2908
4007
89745
8132
4262
1946
3545
2973
1411
3000
3952
534
112852
2081
8784
1178
1103
68954
1305
178
88125
3791
1361
1257
6440
1189
4085
30749
1238
1249
73290
1251
1927
30707
2529
88810
968
440
3703
1211
927
4896
551
2938
1734
1997
1959
1120
2863
299
4450
933
7143
3365
2125
115713
2278
2144
1281
1131
915
3260
1300
2406
1023
1358
54503
49272
115617
81229
3039
5114
1982
1248
1029
290
6565
5971
4427
2357
21
431
2202
3983
2935
938
1955
1271
1343
3476
91542
2846
54001
1209
3916
907
28
39
134130
96079
1175
1284
2138
81932
69757
5903
41
2352
2929
4014
3101
40629
1964
81847
3022
2208
7090
1298
940
4848
3038
6863
6380
8970
3451
921
3089
832
3706
64839
348
1292
3044
1147
3429
2353
1958
54259
1104
85
64034
53123
2005
6669
5013
94959
1019
492
412
5225
3360
1719
900
1179
39292
596
2203
134853
1950
1231
3246
112552
6620
6331
3203
549
3134
3019
3317
2434
308
56251
4016
222
110102
48394
3072
1185
3310
106100
44195
81834
91104
3910
97304
805
2664
38038
2648
56152
261
6662
1227
1376
1285
3160
2795
72641
4299
4103
319
1186
3252
4019
7116
34
4086
1916
3037
935
3702
1296
1224
106489
69122
3788
6870
509
2572
973
68073
3448
3357
901
3098
2788
6773
8981
86377
3167
2245
3505
3081
1374
3358
850
5630
5812
1021
6003
6378
73
1537
735
104913
102445
86
104374
1688
3198
971
3068
1245
6281
2726
2312
535
1921
87232
4679
55069
45728
3524
175
2366
390
6552
1956
1032
7669
60756
2924
6385
4304
4017
52281
7132
69481
2944
67087
3396
30816
3100
501
233
635
3071
105504
230
1237
6732
3967
3783
1081
1934
224
106438
7075
3418
36529
94466
82
7099
3672
62956
2841
2936
3741
3083
937
428
6942
353
599
380
56145
50068
98809
2612
8641
6269
106696
3548
96728
1484
5992
4037
7013
1150
4623
2694
2925
8228
3125
51935
1218
902
45
6708
3742
2920
1963
97921
69
3341
4128
2474
1303
5791
3196
3361
2313
66934
1283
223
4873
54372
54881
345
3475
97938
3200
45950
52
154
2644
112183
2745
5500
7156
3469
57368
943
4223
8542
3527
26524
6783
40819
171
65261
89804
55250
5876
7371
2232
5956
5475
99764
2331
8933
2949
7767
6273
3521
281
3424
38061
2732
64285
47518
52435
1810
4349
3256
565
4616
392
37741
4661
728
4642
3677
3364
2070
3111
3414
1942
142488
4796
5427
2563
4076
1450
4930
1819
1563
4518
3892
4591
1352
8807
1944
146
4225
73344
4308
7386
2267
77658
2288
33660
8580
3811
26326
5446
65188
59784
3814
58295
3168
314
140174
5772
89904
7091
4945
4466
123
7212
4422
65216
2968
55269
6283
49278
7137
1827
55276
766
96829
26776
2391
2078
2779
917
5055
58803
7139
909
3598
84152
4660
31410
1088
7320
7649
3262
2721
97
4799
2068
30793
3342
4352
7373
146656
7419
268
55267
7256
98491
6235
8208
3097
59387
373
3275
32898
1845
2102
96821
8798
1884
2985
1797
5902
6936
36527
101
6187
6242
26729
1962
4489
3724
63131
73321
80489
2011
3543
7263
2160
156
13
2096
7087
3739
2010
80748
1078
91658
6724
6777
632
30810
106471
3546
2874
2336
53
5878
35836
6104
127152
6350
4263
6218
4321
6986
122892
2344
347
1082
8958
1464
131724
6001
56757
79702
3801
2284
34338
1408
67997
3176
107559
51471
1025
309
51412
3178
3606
521
3973
3020
93510
6101
31116
54281
322
3512
4787
54995
5391
3871
52458
6612
3062
2029
2707
4920
1933
2981
3737
5866
2423
106441
1680
