user_recommendation
318
296
260
527
2571
356
858
1196
593
608
50
1198
1270
589
4993
4226
1221
457
2959
5952
47
7153
1210
1213
110
1617
1704
1200
58559
2858
541
1240
1193
2762
1
3578
912
1136
1197
111
1036
150
1291
2324
1035
1214
1968
1259
904
2918
5989
2797
953
1225
908
2081
1682
590
778
2028
1207
2542
2396
899
1387
44191
39
293
2997
48780
913
48516
924
3996
595
349
750
68157
46578
1288
969
2692
34
1089
1203
1265
364
6539
1215
4995
40815
1252
2599
4011
6016
5418
1947
2300
588
3039
1222
919
79132
7502
2791
246
8874
1208
8368
8665
1961
5618
3147
33166
56367
300
497
509
81845
480
926
1148
1172
1258
1223
2804
1527
903
2716
1097
720
32
1234
4963
2268
17
4973
1103
78499
1228
8961
1307
2289
2761
5010
2987
4896
6
5995
55820
2353
76093
745
2064
7361
81834
1230
5445
1079
1212
8636
50872
69844
1242
1219
49272
1060
3256
1278
16
1625
337
4306
2144
1732
916
1077
733
3462
116797
628
1584
49530
36
4085
6502
88125
2115
910
923
1220
3671
265
5816
555
515
87232
4246
1206
594
1256
2291
1957
1269
922
1247
59315
89745
1246
1393
106782
57669
905
2746
500
36529
5956
68237
4034
3879
3408
3481
1945
1466
1090
115713
1343
524
54001
368
1500
109487
104
104913
3967
1250
3703
1267
3916
99114
2501
551
122882
1673
596
1094
2010
51255
6874
3160
994
223
1304
27478
333
454
5903
1175
3868
3088
7143
4014
5669
4027
109374
377
142488
1721
1357
3735
112552
3865
62
1287
307
3435
81847
2329
122886
2580
4886
7147
2078
1104
3006
8970
48394
54286
5991
1927
2788
1199
2908
25
1912
3101
69
951
32587
134130
148626
2150
4223
1674
3246
2318
1096
40819
1081
96079
2947
5954
8798
3897
7254
2288
1580
1411
1023
91104
1955
134853
2167
74458
3524
1261
7669
30707
538
41
6188
2019
800
1299
1224
2243
597
1263
115617
2231
306
64620
2890
728
2076
475
1260
2145
6333
1201
38061
52
5902
1188
3421
84152
112852
3035
44665
3104
58
1192
5500
230
73017
73290
2846
30749
1029
671
940
81932
1280
80549
93510
162
3015
53322
2137
106100
64839
1356
2395
97304
146656
2355
3504
1688
6776
911
2572
3363
232
60684
6378
6377
64716
6787
122900
4299
88163
4720
2087
141
1217
2694
2186
4878
2194
5971
49651
6281
954
64034
58803
91542
71535
1272
8371
3499
8132
1293
33493
1376
3468
1073
1954
261
1022
92259
98961
30812
898
61132
5114
1997
68135
1952
54259
90866
4007
79702
1244
2460
2273
1953
7360
1264
6979
89864
2971
96821
1834
3072
3471
31193
1086
942
741
1281
52435
88129
2106
2208
44195
508
1249
1276
80489
6711
106920
535
1464
69757
3362
85774
96610
110102
56145
2626
7375
235
2125
91658
4700
6942
357
2917
7386
8784
4623
587
1286
950
106438
3000
1358
106916
27773
86817
6266
6332
61250
3672
1135
3196
47518
88810
440
3535
90576
2018
3476
2391
147
3798
229
1227
35836
1262
2232
31658
2357
97921
93838
3360
1189
7013
42004
146
76251
3548
2303
6184
914
3359
58347
1233
2612
345
52287
21
8622
2000
1918
946
1147
91529
1537
6350
37729
2520
3861
2671
115569
2359
2985
104374
77364
54281
7116
51540
62718
280
1449
123
928
4880
4161
933
8533
69481
3414
5446
3210
1282
66203
3474
4086
72641
7380
99813
1021
85342
1951
3831
1120
1333
54997
68358
7293
11
1339
3129
69406
299
3255
56152
29
40583
54503
2872
90746
4326
6273
62155
1645
6863
3020
2490
4427
59784
986
838
1734
266
1610
3635
1934
492
4225
98124
1754
58047
5299
8641
2094
33794
106766
2467
2541
5291
6104
8369
55250
105504
3108
1639
86882
7139
2944
2020
3739
6852
6269
3966
539
36517
1173
2863
3552
262
2946
178
47099
94015
7371
91978
107559
94959
1948
4128
107406
106918
98122
222
102123
3429
3317
6932
5060
735
1394
55721
1959
7132
3654
106441
56174
1049
1231
3044
7827
1020
2420
1211
4787
112623
1283
134170
30850
3745
3298
3498
34072
3920
4467
105844
1237
1635
45969
3089
2202
3801
1131
1616
5810
927
1101
4321
2948
32525
106471
290
2991
2302
55052
33639
319
2938
1178
2935
968
938
3037
68954
3527
3310
1916
2312
45722
45186
37741
82459
2080
303
6807
70286
56251
3510
45
412
1015
1784
2779
3083
1292
6650
3469
8464
2686
34405
3448
2118
647
458
326
2925
1243
2102
1944
1057
832
7156
67734
3706
6380
1013
3365
37733
5225
6235
7137
39183
70183
3022
95510
87522
3307
8542
3070
2366
1960
4848
5630
31433
56782
50703
141668
7063
1937
1302
52281
6796
3494
6254
4327
3952
176
1185
4277
44199
1810
1300
2112
81
8981
8972
917
2138
5876
30
7091
89492
247
55069
3011
3016
54995
96737
45666
1179
34153
1209
6986
73881
1204
3114
2819
7787
6450
111781
2001
2284
45950
1994
4681
3081
80463
7649
89804
8950
1476
2949
2524
1248
3508
1273
73321
26524
31878
6155
3142
2712
32898
501
556
61323
50068
194
1950
102445
112290
1797
3194
2990
27721
63853
56757
2924
84944
8530
54372
41569
216
2321
2423
4262
2140
955
2912
81562
2331
1025
2096
8807
308
102993
3062
6974
5103
2915
48783
3181
4703
1921
4103
4019
4626
4632
1963
55999
25947
4642
3526
26662
4941
65216
1034
4105
1866
2310
8366
8938
662
7075
101
3007
63131
25850
347
362
58295
5349
4465
3334
5049
8633
3683
1923
101741
7932
4304
91673
4252
9018
26599
2071
2690
116897
110645
3543
38038
3060
64614
58998
3274
3825
3925
2245
65188
2287
41997
68073
6548
90428
633
616
3505
5812
3355
46062
2976
1050
151
92
44555
7482
81564
97923
585
915
3358
3030
4338
30825
7451
5540
81229
1171
3507
4002
3361
7090
55272
46723
54999
215
6620
8529
55269
309
272
4210
1914
1909
3984
5791
80
4535
