user_recommendation
318
296
260
527
858
608
593
50
2571
356
1198
1196
912
1197
2959
457
4993
1210
150
2858
1270
750
1221
47
589
7153
1240
1193
2028
32
1089
778
2396
5952
904
4973
1225
4226
923
1136
111
110
913
1208
899
58559
908
1291
1
1252
3578
1704
969
1213
1304
1265
2692
953
364
588
2762
1203
541
1617
1247
1219
590
2019
48516
595
357
1207
497
1278
44191
2064
1307
480
1097
1961
2997
1234
905
300
2599
3462
2329
6016
922
50872
919
2804
1230
920
3996
235
293
2300
17
1732
1387
2797
1293
3088
2324
2918
6
910
1200
1212
1217
1204
903
4963
1276
1682
1090
1172
1214
515
2716
1079
2542
926
1233
1206
4011
1953
1244
3897
3435
1259
1028
954
246
1094
1356
1527
349
1228
1269
1947
8961
3114
5995
529
232
36
1256
4306
1968
1674
924
898
1945
733
1280
4878
1254
162
745
3671
509
1288
368
916
78499
1246
1952
3421
79132
2917
40815
59315
1957
7361
1948
3386
1077
41566
1036
555
4027
594
1302
1263
48780
5989
3035
2081
475
39
8368
4886
2791
223
2289
534
1267
3006
1148
76093
11
116797
7502
32587
1060
194
2395
3361
2186
8636
3363
3524
2863
1250
1035
994
951
2501
69
5816
4034
3307
474
3949
1237
1264
1199
59784
1284
5618
33794
1220
1500
1299
671
33166
2359
1224
535
1939
942
261
4235
3468
30749
1292
1625
54259
3730
1120
299
538
4995
1131
1923
3471
44199
2502
55820
2971
33493
6502
2125
3037
3310
1963
1343
838
2268
6539
6377
1287
1305
68157
5992
3256
1258
6874
1084
2366
3260
44195
955
1784
7116
5418
2076
1580
1357
1066
628
3104
3101
27478
2020
1029
345
2973
1019
3469
2243
3735
46578
49530
2580
1222
2406
508
1411
3134
2761
3341
1260
2208
2096
3362
5902
3044
1927
2890
2248
551
3022
7147
81229
2987
2102
69844
1663
2080
3791
2739
3095
950
1248
940
68954
1394
1408
49272
88810
1201
3060
2144
16
3007
109374
30707
1641
928
945
3868
307
2871
5669
7013
6565
1282
2150
1242
6942
1178
1393
319
106696
72641
54997
306
3083
3200
39292
6273
3246
1673
2115
3147
224
1281
1354
1834
946
3510
53123
930
229
1303
4014
39183
3015
115713
81845
5673
5114
581
1300
40629
2352
68237
2938
3038
1103
122882
1223
380
106920
3196
3448
1688
5010
3527
1994
5971
2690
54286
933
2648
1175
800
8981
2467
81932
3359
41
5444
911
112852
2908
1361
1262
7075
2976
110102
40819
2108
514
2391
44555
4016
3683
1073
1192
2846
88125
1088
2066
4896
1955
454
2
337
1935
501
1189
3160
5225
1376
943
3476
3091
65514
8970
3470
6796
122886
265
85
272
6378
56367
161
5064
1272
4308
60684
2105
58
1934
2109
55267
3347
3739
81847
2202
5445
6863
1034
2288
106782
1827
119145
2470
2291
2357
65261
968
2968
2728
2872
1965
142488
69481
1885
2321
7263
1614
30
440
100
4085
2529
62
2203
54001
3420
2132
1271
72226
1960
3910
6918
81834
3814
1273
2779
31658
52281
1231
2232
2018
2935
6643
26242
3317
915
56782
3270
1729
1104
1023
27831
3724
62849
766
68269
494
3983
85414
1466
5446
290
6787
3167
115617
1049
2070
2137
6001
6807
2726
8665
1147
8958
1944
6380
531
2788
79824
48791
32289
80839
41573
92259
2612
89804
2750
70286
1860
3594
57669
2985
1161
5991
176
1419
8208
1946
3703
89745
907
51255
927
4422
104374
3684
29
3952
2068
3365
1020
6669
596
230
1584
2622
86882
116
58803
68358
7136
6218
1931
4361
4661
146
1537
3871
8125
1080
373
6662
69122
7090
3033
73017
1101
3251
1949
2355
52
2351
56757
3504
1238
4979
115569
178
4037
1982
134130
98491
3629
3194
492
26729
105504
156
7132
87232
4103
97
268
2245
4450
900
35836
28
207
3252
148626
965
3507
164
412
353
32525
2859
56152
7143
3176
845
8972
4679
973
333
1253
3265
2947
1810
3742
938
2231
1078
3417
68073
1135
2130
1907
6870
377
3498
4967
55247
55052
1884
921
1797
30816
4483
68838
91542
45722
8955
1096
2553
2140
2925
1211
5475
247
1616
7386
2949
3414
2644
5812
8183
537
89492
8798
8188
4007
7323
2919
70293
1321
125
51412
1611
64839
72998
3686
4086
1095
1283
6650
2010
2344
458
53
632
850
3741
5103
134853
2490
37857
93721
1748
2138
74458
2696
8199
104913
5017
7767
6783
1719
3406
86
1699
88129
5608
3175
8042
32898
3198
3153
3255
2313
98961
102445
483
3967
2194
27803
4019
51935
6254
3159
6777
605
2764
6732
1940
3548
2640
233
45969
47099
106072
3745
3505
1059
82459
5291
8264
2664
3499
348
3966
1959
932
7669
1941
3152
8464
2167
1455
961
3165
1925
3447
146656
2686
3793
4914
3368
2427
2160
2131
109487
7091
51540
59018
8933
7087
3000
32598
2442
50068
984
2659
7943
37729
832
2043
112183
4848
1180
91658
7320
106916
2099
92
37741
1958
5341
549
1215
3364
3100
3635
33660
3086
1449
3068
47610
4410
8542
764
60397
4427
7373
4225
122900
1341
1179
73344
3108
2792
7836
1594
56587
914
3328
4188
3213
3632
3070
8123
86487
74089
96075
58649
55063
4428
5238
26797
6021
26501
8261
53887
163949
114464
101850
150856
104119
112577
3702
53129
8880
6281
55276
7766
5385
1186
1202
3545
3911
3072
34405
25850
3077
2238
1251
668
4017
2721
6385
3872
7649
8132
3016
1032
222
3405
1845
4263
8228
38061
7419
3861
3210
5747
2403
2046
5008
1358
2087
308
59369
3701
728
5955
64620
5954
3869
4432
2474
3736
6986
1218
6708
2920
6959
6975
25947
44665
7027
8873
3789
314
2312
3653
2083
2349
2301
6331
6450
7787
94
7371
6754
5319
58295
9010
2073
215
73587
77455
82169
8645
3105
633
6987
1643
4424
1938
3067
3357
25769
6724
67255
2176
3019
3096
49651
6101
