user_recommendation
318
296
858
593
527
260
2858
50
356
1196
608
1221
2571
2959
1270
1198
110
589
4993
1197
1210
4226
778
7153
457
111
1
912
2028
293
1704
1213
47
4973
58559
1089
5952
1193
1240
2762
1617
3578
750
6
32
899
1036
1252
908
1136
150
541
2804
1291
480
2329
364
904
6016
1225
1247
1208
1682
1214
1203
590
2324
969
1219
1968
7361
2918
2396
2064
1304
1732
1265
2692
919
923
4306
745
588
1259
1258
913
3147
48516
1200
1222
733
497
36
8961
1207
4027
1356
25
1148
2997
6874
1206
1288
994
4034
1073
4011
595
2797
2599
2542
17
1204
4878
926
44191
1060
1276
55820
898
953
1233
2716
475
6539
1358
903
4963
4886
1079
1230
3481
5618
246
1250
3897
1674
3114
1228
1084
32587
2289
1246
1035
68157
905
1953
4995
79132
3363
1080
59315
3462
78499
1393
1957
1094
3996
1610
1097
555
1254
515
50872
471
349
56782
910
1625
8874
474
1961
628
2019
1307
1580
1212
1500
194
1784
2502
3730
235
300
1199
6377
162
2791
922
1285
30749
3504
2917
5669
535
1945
1923
4235
551
3307
924
33794
5418
2186
920
1299
1394
838
30707
1673
1201
5989
2871
6711
1256
3362
46578
1090
1952
48780
1278
76093
57669
1387
56367
2278
3949
2863
2300
106782
3006
3000
99114
2395
265
1947
2194
581
122882
68954
70286
337
3421
950
4979
3683
106920
1172
27773
1217
1719
1411
54286
1939
16
1361
2132
534
3088
2580
5995
1584
1357
2268
3471
1296
40815
62
29
1374
2971
2359
954
4308
1179
35836
1077
2081
1834
3095
1729
1234
85
1293
232
951
161
3260
3089
3007
1028
72226
508
3468
3435
1264
54503
31658
1267
109374
79702
60069
6502
2144
96079
3527
40629
1292
1192
7502
68237
3317
3735
916
2321
2115
671
1244
33166
1266
112852
1960
1263
6787
8368
1220
307
175
3868
538
2303
2243
1994
81845
112552
720
1224
1466
306
49272
2690
928
3359
3198
3703
7090
1948
7099
3545
2291
8665
49530
1269
3038
81229
2761
1262
3911
89745
2288
69481
1641
1997
357
1096
281
1946
1131
86
2005
3201
1215
3152
86882
28
81591
3246
2248
101
134130
7147
109487
1287
88744
59784
80463
805
116797
53123
5010
8784
2105
73017
945
1303
5816
1954
2739
3200
3386
2302
2391
54259
2501
3983
940
5991
3967
5902
3671
44555
1189
1231
1103
85414
529
272
39
40819
1280
215
1095
3724
81847
1284
914
3044
2357
88125
5444
8132
900
3037
911
5225
2125
345
1884
8970
2890
8798
3035
5013
2203
1245
2150
741
97
51255
89804
2020
2231
55247
3167
92259
1272
5060
69844
44665
58
2474
927
6807
261
41566
968
106100
146656
3160
1333
81932
11
3104
88129
1066
1209
106696
3072
942
110102
223
915
104913
2648
8981
4903
440
3702
6565
1248
3952
348
5673
3469
2076
122900
2344
4014
2318
2355
88810
1302
127152
50068
3429
44195
41
54881
3742
44199
6796
4085
100
1223
2366
6732
2352
91542
68358
67087
5971
1282
3543
907
3844
930
105504
3684
1218
64839
73290
93510
319
3361
902
38038
2935
454
1955
918
428
5146
2467
1147
3020
2929
3310
4223
36529
4037
2208
1449
100556
5064
3418
3811
314
8958
63082
3068
3101
54997
5782
5903
1964
3360
5876
96829
74458
39292
6350
8950
1183
1611
901
3357
943
2138
37741
4103
4033
938
3341
764
30810
97938
106489
921
8638
115569
91104
99764
8645
322
5630
112183
71899
3111
4896
800
1104
142488
3364
32898
55269
7139
31435
1237
6662
1271
6552
1238
71264
2336
909
87232
94959
1693
81564
1257
1343
935
7116
3252
64034
128360
2070
3606
2137
34
5812
7064
524
233
2712
7438
1023
1959
353
2664
1049
2938
1635
1298
2745
96728
134853
2644
59018
51540
108979
1211
54001
1345
1175
2925
1227
72171
3022
125
7143
1305
2403
3475
3153
2973
48698
26151
64614
1965
1283
3060
3505
39183
6380
27846
8807
2102
1082
1484
5341
1963
266
6385
7087
55250
2202
7132
6979
5238
1020
7698
58295
82459
1127
51412
5103
5992
33660
5475
4422
2726
3521
2001
38499
4641
55276
6001
3256
93443
7373
98809
2080
26776
3929
1321
3598
91658
1827
2333
8636
89492
115617
66665
3783
1931
308
4086
5690
139757
678
955
7419
97304
96467
7256
3350
133771
8228
1249
2750
102123
63131
48738
2908
6440
5679
8264
112138
111759
866
98491
7263
122892
85438
1935
250
1537
3213
26729
86000
128620
127108
139116
148881
79677
74754
107978
160590
946
7836
96821
4427
9010
26084
68269
6773
3019
2872
1300
6959
4128
39414
54256
81156
477
86377
1354
65514
95167
1059
5385
3653
40583
3989
4016
446
4432
105844
2728
4263
115713
67255
1178
3741
61240
2245
1956
4326
1021
3736
1419
7013
104374
6852
7137
2857
65188
112515
2788
85342
3476
3499
3328
4410
1281
2313
2936
893
1845
3507
59684
65037
3270
4021
76173
99145
1408
2846
1927
7802
1260
55063
85179
6331
2924
121231
31410
2529
2010
3203
6724
1019
51935
1942
98961
4017
6283
116
1734
3355
2926
2108
26501
96075
53887
26797
8261
8123
2283
86487
58649
4428
74089
163949
104119
150856
114464
101850
112577
5017
6021
54995
97957
6323
7156
7669
2948
3686
441
7075
973
3105
84152
3178
3134
52885
1161
55721
1029
4801
5500
60040
2096
8580
3083
368
3168
27156
5878
3871
3406
3456
69122
2273
933
1286
6659
2140
3524
68838
2106
431
2068
4661
4846
1177
5772
2841
3396
88140
79824
3100
41573
80839
32289
48791
5391
64957
2252
1982
52952
2071
549
3347
52767
1186
3108
93855
3872
97306
72998
4809
3604
6777
64716
26326
3071
57504
65261
42004
1934
119145
6987
80489
4450
2686
93721
115122
93838
412
27803
373
2434
6863
3077
2078
1680
86320
7285
3448
1261
55442
108583
2874
52435
50641
556
2920
93363
222
1958
531
6708
280
3196
2622
4873
6273
845
