user_recommendation
318
593
296
527
260
356
50
1196
858
457
2858
2959
912
608
1198
1089
589
1732
1221
32
750
5952
7153
4973
111
110
58559
1230
47
1197
2028
4993
2571
2762
1252
1136
357
1193
904
1265
4226
246
17
4886
899
1210
2329
908
2692
3147
1304
778
150
1219
1291
1270
1
36
922
1213
541
6016
1259
1240
1247
3101
1244
919
903
913
78499
161
368
1208
1206
910
8961
2324
953
1961
923
3462
1704
1080
1663
926
733
2918
235
1307
1968
501
349
307
2019
920
48516
7361
955
1097
1234
1278
595
1028
3730
1172
538
1214
306
56782
3578
380
299
1212
515
6377
497
1267
1199
1348
1953
594
3307
2997
1356
588
4963
1029
1258
293
5418
1500
151
480
3362
3114
1217
3683
76093
1228
3724
1035
1361
1625
581
969
300
924
2300
1200
5902
319
50872
81845
3152
33794
555
1207
1256
2971
6539
2396
2076
7116
1094
59315
535
1248
350
1204
109374
2132
2739
40629
1411
116
994
2064
194
2599
1947
30
2648
1251
3546
1077
1617
2467
106920
79132
543
3418
2797
4235
1148
125
2288
410
1288
1956
364
1299
2203
3167
1945
2020
2
342
766
57669
928
1464
30749
866
3435
1103
4034
2871
3088
628
1276
69481
1354
1387
5017
44555
832
2081
2067
1237
3527
1280
1682
1090
1179
2973
2791
3504
30707
1305
1674
1952
3310
2248
1183
1235
44191
2612
3361
3260
921
2243
1393
3545
2908
2594
1096
1271
32587
509
106696
53123
529
3134
1885
3022
3684
3809
3108
232
4848
1302
1254
474
3386
2403
927
3814
968
2018
1186
308
2115
49272
4027
2289
1948
3363
1805
2066
2303
122882
3095
3471
1884
46578
5816
55820
1292
2726
898
3068
494
671
88125
3060
1939
88810
2746
1641
1222
2863
68157
3476
1189
233
141
1285
3741
60069
2302
6987
272
6662
1203
88129
2349
1269
29
1296
8958
1357
81932
88140
72226
4037
178
1225
1060
69844
3481
4306
41566
1147
590
633
7263
1293
3638
8798
290
3072
7147
1079
86
8368
2696
954
41
6530
1192
2987
3359
1175
70286
5444
2644
2160
2085
6001
745
122900
5995
6273
1036
909
3868
3949
68954
2917
1466
40815
2130
1084
11
4422
2731
2357
230
5445
786
3160
3153
25
2232
492
1333
2395
1963
1950
39
905
1527
1281
1946
96079
97938
22
3200
2245
448
81847
2890
106782
1784
54259
1260
1177
951
5475
3468
2989
68269
5225
2732
32289
41573
48791
79824
80839
950
587
61323
3037
3507
44195
7502
1303
27773
5341
2988
728
2290
105504
5385
2925
162
2455
229
2109
8874
51255
3007
902
102123
4432
7836
2108
54272
2804
3104
81834
2291
1284
60040
3897
2186
3742
3038
1959
2664
1104
4661
1994
3213
1834
2580
1701
2138
930
62
4009
550
1955
2976
7419
345
3175
26084
2285
7669
88744
32898
534
96075
101850
5238
104119
4428
86487
74089
58649
55063
6021
4410
26797
26501
8264
8261
8123
7087
53887
163949
112577
150856
114464
916
4809
2474
1264
2321
3198
127152
3270
55276
3342
5105
7132
7981
1374
60397
3872
86882
3671
2721
156
31410
91542
475
3252
54503
2926
1678
2600
54286
8981
3135
2271
55247
4011
7371
68838
112183
6643
5114
103
2459
1250
6380
4979
1673
2912
938
312
2929
4969
280
64839
3112
3421
1178
2553
353
893
1012
3102
373
3018
89804
3083
514
1262
363
2010
1904
7265
5618
3833
2165
10
2442
6936
3194
971
34437
223
1463
1982
56367
422
97
3735
3812
2080
333
918
7139
495
176
3594
2693
2359
2560
6796
2517
2759
2867
1635
2495
92
2901
2919
3035
6552
3357
3529
2355
341
2682
4878
65188
1934
2024
2337
149
184
2327
946
3576
3547
3024
3021
3973
1554
2267
621
1531
3281
3679
1543
3391
1771
1341
1629
2982
3851
3490
1655
3840
3757
1312
1326
2945
3804
3837
1480
49
2465
2419
183
8228
1128
52
6874
5992
2131
248
3272
2352
3524
241
2761
326
3125
3807
2902
1131
8125
3917
1034
1279
2542
1920
81229
2283
128360
8970
2315
7771
2468
2513
3557
8665
2475
1991
879
8188
1907
106100
567
68237
2093
3728
7013
6787
1125
55269
1983
7698
4801
98809
2279
1964
240
2208
2116
3844
2398
3424
110102
1516
6666
1615
423
6777
1649
3635
1483
1342
521
1031
6985
3016
3244
2668
3725
2613
1419
35836
7943
85
1130
3000
2107
7143
3739
945
2524
3015
2752
6724
1960
421
2843
4349
4437
2336
44199
54881
98961
27317
720
73017
38499
63082
2712
1073
51935
5991
416
2916
7700
5062
2579
115569
8154
7123
3841
82169
6538
45722
2551
99114
3341
45
1475
1232
2596
3536
92259
2137
67087
5669
1263
90866
1392
523
3317
4262
426
3712
5064
2949
49530
384
1449
2545
3274
2550
146656
1343
1688
70293
37741
6093
278
1380
3983
1353
7373
3966
2346
1191
2725
1729
31658
1161
96728
1236
3770
3263
3457
6101
26729
33166
7075
2501
48696
55253
2946
3019
2177
1321
3738
2736
446
271
5291
5903
599
5608
508
53024
38304
6271
7091
7766
5673
7587
8254
2897
86320
247
2078
931
2562
6773
3499
1394
2935
6807
1187
2657
2366
105197
87304
8042
1047
6971
81562
1936
112552
48780
2788
1245
3469
3456
8950
3911
99149
1209
79091
2202
477
6852
2641
3036
1274
71535
91077
4903
3168
1941
802
3475
680
1041
3505
1345
4546
52767
7566
3734
3249
8477
142488
1614
239
4912
5135
3989
7069
2118
613
2750
25805
114028
7088
99145
2125
1298
2204
4263
942
2941
59018
2774
27815
943
8636
3672
36517
2728
940
3077
8949
97673
4821
61357
49824
8979
6669
8873
79242
2948
1215
3089
56607
47629
7300
6133
1652
120821
94931
26505
1340
128606
8491
4218
7126
25882
8572
151307
6639
25999
105355
7487
7478
25996
112735
25945
50245
75990
26147
72367
112399
27812
5088
56805
26350
