user_recommendation
318
296
858
527
593
50
608
2571
260
1196
2858
1221
2959
1197
356
4993
110
589
1198
1193
912
1213
2997
1210
1617
1270
4226
1136
47
923
1208
908
1
293
904
1240
1252
1704
1089
5952
750
2918
924
1291
150
778
1259
1207
111
899
58559
4973
595
903
32
2502
7153
2028
457
1203
2762
1214
2324
969
48516
3578
913
1247
79132
48780
1225
1228
2599
6016
36
4963
1073
1968
1250
2804
926
1036
2692
1265
1206
541
919
68157
7361
1233
1148
32587
1230
1276
2396
5995
1258
223
1961
953
555
1394
44191
4034
364
3481
1222
910
1204
1732
2716
1219
1278
1682
2064
56367
2291
4011
1304
46578
590
1267
1199
109487
1610
2329
5989
2542
898
4878
4027
6
920
3683
2797
745
2791
1079
3730
955
1028
337
1953
16
2019
349
1172
1201
1200
2908
2289
1299
5618
1090
8874
1580
25
922
2300
1952
3147
1035
2318
3671
1307
3471
2268
4995
1285
1288
3362
1080
246
106920
235
2395
3504
474
1254
2194
1947
1500
1223
497
800
3735
928
5060
55820
1077
1212
6874
1060
57669
951
2076
2580
3114
3996
1945
2115
1266
1094
2871
106782
1246
1287
3897
994
50872
3006
1256
1625
2391
265
950
33794
1084
6711
7502
1673
1387
1097
1272
1284
3019
380
1674
3868
2243
471
33166
1584
17
49272
1333
3198
1096
1411
1260
2303
1179
1234
11
733
4308
1231
40815
529
5010
390
300
4262
161
905
68954
968
1466
3949
3317
1356
3421
3499
2186
933
2987
1217
232
1292
1262
1215
475
59315
29
1095
81845
1147
5816
4235
515
78499
735
4361
8368
3359
1729
2712
1956
628
3201
4306
52
88125
3037
2739
954
3462
112852
2160
1192
1269
535
914
508
1244
1178
3363
115713
1189
70286
1641
3814
1719
3152
69757
69844
6863
162
134130
2971
1209
1242
2359
59784
194
3448
7022
92259
599
4467
1175
1960
6787
33493
2144
866
480
1293
551
3793
348
5114
3000
1264
2267
307
290
81229
3246
3095
73290
534
1103
2231
2761
2917
272
4865
1449
357
3672
1464
134853
1374
1343
91529
56782
40819
3361
741
3022
76093
1361
81591
3451
3167
63082
3536
509
7099
1845
99114
30749
1227
51540
3035
1954
115617
3101
49530
5991
3104
41566
81834
30707
3034
1238
306
308
3210
54997
1283
565
2563
3435
4518
6350
720
1235
3088
82
54286
1263
6502
1041
115569
6539
39
4796
1450
1563
1819
4930
4591
4076
5427
588
54001
909
1352
900
27022
222
26729
2248
86882
5064
3083
3543
1997
3068
1639
1393
3307
96079
363
62
8970
81
106438
68237
44195
64839
3983
5956
1948
3469
671
54503
1218
97938
38061
2929
5812
58
1964
1248
314
188
125
69481
8807
44199
2108
945
4965
35836
4903
377
3468
1257
27773
28
930
176
2355
911
4016
89745
4352
4014
3686
2935
4085
4489
2474
921
2232
4304
8665
1224
5971
77658
3424
2067
1653
91658
2125
5903
2890
1994
262
1635
3724
30816
2795
106100
4873
946
31658
111759
2463
2132
549
1271
79702
2690
1086
6796
3196
2726
2729
37741
3952
3072
805
3060
3135
149
4007
116797
942
6870
107559
2529
1962
3358
1305
3089
106441
233
8641
105504
110102
80489
1957
2313
2366
1476
5876
1939
3476
2644
907
3551
64716
3033
5152
2011
916
1280
7802
2467
4033
6380
74458
2208
2202
6440
5782
581
1950
93510
2020
3788
3508
2857
146656
72641
104841
80906
3973
1912
60069
39292
2686
501
940
2321
72226
54881
27831
5418
1734
2912
2926
5103
6331
1302
2949
44665
6323
1921
1357
4623
2947
1321
2105
4326
4017
68358
2973
373
69
94959
230
3811
3892
2788
2490
973
80463
6807
3512
104374
2648
4886
1396
2352
3635
2553
6662
3507
2023
2070
85774
3355
1366
48738
4322
3038
4037
116897
5225
3612
1023
81932
7075
65188
1927
927
4450
8132
3007
1967
88744
96821
663
2925
8228
2664
2594
175
54259
122892
1301
2357
34405
1303
2288
206
26152
4292
261
8798
8493
2138
4327
7137
2118
3653
3102
51255
106489
50068
88129
2919
6708
616
1959
4432
3111
7132
7649
1955
53996
1171
26131
26587
838
1251
5893
2961
428
97304
3252
90428
68073
538
142488
1982
55276
7139
3915
7669
1066
6979
45950
3396
2304
3510
26084
54372
3200
2501
440
69122
8580
4848
477
84152
1859
85414
102993
64034
121231
100714
63853
8981
7419
96728
441
5630
431
2140
43
1834
2968
3729
112138
1277
1966
3320
4302
4731
5071
86781
3360
1249
5477
4263
2612
2944
3546
1946
8958
5669
112552
3272
106696
1104
4190
60756
1958
2721
1296
4443
40629
1281
65642
7451
2109
100556
3386
2330
3330
2951
98491
1594
2302
4846
6461
97
4103
4465
7380
556
36529
140174
1934
724
122882
3702
1081
59995
38038
13
104913
2081
1029
3741
2096
2261
3256
33639
68159
5522
3070
60684
27660
3357
2459
7827
494
6565
915
88810
7438
26524
7090
3052
422
3703
4571
77455
3629
2203
2694
2932
6724
8542
781
1754
3112
102445
34338
2278
2924
47518
97921
1649
971
728
3879
4056
107406
51080
6620
947
4783
965
70293
1860
6732
7013
93040
6436
3213
3505
3067
1243
4239
6001
81564
345
3016
6947
309
1963
53123
3966
3260
78574
5446
949
3967
5500
164
1226
46976
3989
87222
6125
1348
4223
99764
7698
40732
1395
893
7771
6893
96829
4711
2627
3947
58803
65514
281
111622
26326
6452
803
3275
7091
1220
1527
89492
1191
3134
45
4128
8264
103048
108583
3265
34332
3384
4979
280
6003
4799
785
69524
6077
8711
109374
148626
3044
4787
64620
3681
178
85342
85
7034
34542
73017
1202
93838
2687
42718
4427
109249
55290
3071
1688
128360
1123
2009
1261
3467
74727
98961
6419
2746
1047
3350
6104
3679
134368
1799
7833
52973
8938
6188
96588
229
32898
6271
3300
54328
71033
2495
2133
6993
56152
5380
55069
2524
