user_recommendation
318
296
527
260
593
356
4993
858
1198
50
608
7153
5952
2858
2571
1210
1704
4226
1196
1221
110
1213
2959
1193
2762
1
1136
589
1291
745
111
3578
1089
778
32
2396
457
1270
1200
541
1219
1240
1214
6016
1225
1580
58559
223
590
47
4306
1148
2028
79132
1258
912
1197
3147
1203
4963
2329
1259
25
480
7361
150
1617
8961
904
16
1207
1307
2692
33794
1222
5995
720
364
1997
3481
1079
3949
780
4973
908
903
924
1304
1732
1961
1674
5418
1246
1682
2005
1097
54286
6
5618
1265
1215
48516
1954
246
300
44555
253
920
1247
2542
1252
2064
141
750
4027
4011
1201
4886
1387
2572
1223
2019
3793
1393
6377
1080
6787
1625
2716
34
497
357
1227
588
2987
319
51255
2599
1211
73017
1584
1500
68358
1036
48780
923
70286
800
54997
3081
4878
261
953
2406
1172
32587
4995
2501
69757
1968
508
4351
1380
8957
72998
926
509
1261
194
1288
156
2194
6874
4034
968
899
2918
1217
1263
4499
5669
1209
1947
4321
2395
74458
1321
17
1204
805
919
1267
3033
913
8665
5989
1339
4262
595
293
1834
1272
76093
2628
1234
1208
1527
68237
27611
1233
454
39
3653
74946
2318
2289
914
308
40819
4128
922
910
1923
1276
2020
594
6539
4105
2739
3104
8132
73321
50872
1354
1394
5991
3897
33166
1287
2248
368
247
1619
3702
1289
52458
44665
67087
27724
36931
1293
2115
1262
2804
4681
3503
71838
1994
3435
1333
2447
1912
1274
1953
2712
3917
34405
2907
4520
4140
109487
2352
27773
6565
3020
1747
2118
162
1374
1466
3300
555
1945
5446
337
54503
57669
2291
3996
89745
5816
1250
8636
2890
1130
4896
2310
68157
2973
6711
2119
59369
1784
3499
4235
36
2793
832
44195
5903
3083
733
306
222
7502
1220
562
474
80463
2942
6269
3030
1090
1300
56251
443
86882
6331
1298
69122
6870
55820
1104
5060
1673
3363
1251
3100
1206
2724
2947
40815
233
1610
8464
2433
62374
529
1960
2690
1057
1212
4641
3129
1927
1228
272
1721
134130
1275
2434
69526
3462
52885
60069
1268
5010
56152
3071
3408
2529
1245
1185
3156
46578
3114
1061
5025
838
4427
49530
2335
1230
6502
661
1345
2096
2985
5673
1232
515
1081
8641
53996
3098
446
6333
1131
2268
5291
2677
54001
969
2078
1192
905
6807
2917
1982
1150
3307
2312
1260
72011
1256
2746
1249
2231
235
151
349
44191
2023
3160
2463
56782
2925
1086
2490
1635
1283
728
928
81845
1907
766
3007
1237
3000
1060
31658
8798
539
1794
1022
7212
29
2801
475
34153
41
69481
2137
6380
307
5630
1958
1199
2357
6666
4873
3504
6235
1459
7137
45950
2090
3198
4223
53123
8368
69844
90428
2908
30707
2841
671
866
3037
575
2010
5299
3512
4007
2575
1641
3638
2580
6378
13
64285
1693
3916
54372
1884
1952
951
2912
230
3510
2011
67997
31116
51471
2125
1299
6796
2694
1243
2968
7156
6003
2951
5114
2664
2948
5954
440
6753
4022
1376
1357
91673
7932
55069
6244
9018
8938
4252
26524
4304
26599
4765
927
2359
37729
6620
2612
1639
2871
6650
3424
3468
6552
3088
25850
5971
85
2502
2353
2143
56145
65216
1810
3414
5956
4642
2687
2707
3022
7569
3365
299
2263
3112
2432
2752
916
553
1801
62956
1302
62081
71429
66297
88125
56367
3983
458
68954
1175
39292
4623
4903
4019
431
3039
1956
3508
2467
73
994
1449
535
2978
3089
58351
1835
3418
1273
1959
229
2997
73344
1120
2278
2186
6216
60161
362
1616
3639
52975
2202
89864
89804
1253
1111
91542
3011
7116
6254
3739
32525
6273
25947
2082
2018
1866
5064
2946
1034
3152
1914
2819
1408
3683
3868
6218
6187
161
2081
5445
1605
3178
1950
3671
647
3362
2178
280
2003
3635
1411
2622
2243
596
2132
6286
6612
2058
59018
3505
56587
2067
3865
31410
106471
7254
5147
69
5902
106782
2427
1088
73290
27846
2474
1366
61323
33004
783
1271
7013
1059
6242
708
3633
348
7386
2984
3927
122886
2099
6516
3317
77658
6385
8183
1464
1885
6440
175
290
3203
4979
176
1680
3879
2371
4889
190
1921
3062
2423
52328
1892
7075
7826
5218
1948
92259
1939
59315
2644
5378
3527
106438
1127
2650
2635
2647
2649
2634
2654
2651
2636
1279
2009
64034
1189
47099
1944
909
2097
1033
4369
8645
3703
2797
3863
3546
2652
7256
1218
501
1588
4085
36708
653
3406
6201
353
3735
1517
44199
4535
3
915
5608
215
30749
2355
7022
6664
57528
66246
69644
26007
26403
8535
6986
7787
4062
6450
3194
2022
60756
5876
2872
104913
850
54881
7766
7941
7063
2761
2294
51540
41285
3095
8807
105844
7040
2288
58047
3450
2764
28
2087
8675
5732
5193
6219
4783
3789
1282
58
3347
31184
1967
1962
3355
2700
3421
55276
428
8493
108979
106918
1887
6743
948
4225
5269
106920
1573
71899
2648
88810
2788
5792
2080
48304
2208
38061
3967
76251
81591
3101
6975
1012
2431
1014
262
952
663
3476
999
34542
7324
4102
3654
1238
92535
2626
1147
6708
8638
2324
3952
2232
2300
77455
2150
98491
1805
5464
91104
101
116
89492
7143
4772
632
4406
2736
714
90531
4914
45
8784
7373
268
53
4327
122890
3801
1955
58803
6947
1845
3494
79008
97306
3035
2745
198
62849
1244
8937
3675
4571
709
65188
3210
3471
3869
6413
89470
104841
931
277
281
534
3788
22
8970
78499
3252
3125
1257
97938
3200
3053
86347
86345
86377
71462
4357
61236
112552
1701
58191
1350
27660
1859
930
4489
1280
96588
2333
1416
5812
2155
71579
31689
6869
34164
103624
68347
60943
69458
33639
103137
5375
3328
159
1827
44788
4467
1248
7002
1330
7160
249
82527
49278
4881
110873
27156
92210
51084
239
44761
6979
64499
126430
64501
60333
31413
69134
64197
77800
108709
61013
3551
61352
1957
599
