user_recommendation
318
527
296
260
2571
1196
858
593
356
4993
1210
1198
608
50
110
2959
47
1221
1270
2028
1193
7153
589
2858
1136
912
1704
5952
111
2918
4226
1208
2762
293
1291
1036
1259
1200
3578
1197
2997
1206
1617
1610
1240
1073
1213
541
1214
1222
904
1252
1215
58559
923
223
899
1089
33493
1203
924
2502
3147
2716
1097
953
32
903
1262
4306
1080
908
778
1035
1242
2329
55820
6539
1247
6016
1961
2797
3996
750
2804
1968
1204
7361
48516
1220
5989
1580
1250
1732
733
1307
1233
3793
44191
1079
2395
920
1258
5618
46578
2019
1374
968
16
3481
4995
7502
2288
457
1682
1172
35836
27773
1393
2194
1527
919
1219
3897
2076
1287
17
1028
4878
1256
1288
2115
4973
3000
68157
2916
480
2692
1201
2291
1148
33794
1356
48780
2000
508
56782
6
25
246
8874
1625
1918
36
8665
3499
4963
1207
235
969
175
1500
1263
1225
5971
1301
474
1673
2712
1199
1228
2987
3039
8949
3034
910
306
1267
3635
2396
4979
307
2529
1230
1223
595
1952
104
2078
337
2761
2144
2542
1
805
106782
150
134130
1244
73290
471
1272
7438
4571
922
1960
2300
926
109487
1777
2324
1394
2599
3476
5669
1235
56367
62
2947
265
2463
3654
380
1025
1275
4027
3729
555
5060
1212
57669
1921
3168
4467
300
6104
3504
3095
54286
3788
6377
2231
8957
70286
6807
64839
33004
33615
1784
232
47099
1127
32587
2023
913
2985
2160
3868
4443
2694
8970
6711
3916
30825
2087
2788
1265
3062
1060
3196
3020
2791
308
1246
3256
3006
4235
280
54001
1517
898
58
55269
1333
1077
11
1584
5225
230
3683
2174
497
5995
6796
2011
2125
96079
2081
745
2460
6188
1254
348
3730
2268
2664
2478
905
3083
1674
2335
73344
99114
1293
4011
2739
3035
1179
1748
2232
2359
3462
2406
4007
1271
2580
3107
994
3071
1302
590
1081
1953
1280
1013
188
1131
3089
81845
194
3112
2022
1912
74458
1194
162542
1095
1573
1022
176
106920
104913
3949
1958
1693
2118
5445
2064
319
33166
3363
4262
1281
2686
1260
2243
933
543
96829
1276
272
2420
1967
81591
3114
501
3019
515
4034
928
2728
3911
2687
3424
5010
951
2318
2628
8807
2143
3879
1261
13
1320
1347
1217
2090
3696
5955
49272
213
431
916
1945
54503
9010
3437
5765
2432
3104
3468
8798
911
7802
1927
1754
1292
3735
1466
3033
116797
3386
92259
4103
2527
7386
3671
72226
322
2310
1209
1835
8645
2097
3355
2302
2752
1845
1090
741
1014
1238
1266
1227
8961
52885
3435
1884
594
1029
539
7256
1407
222
3861
1376
3088
5500
4533
2746
29
955
34
5418
3201
1719
671
112552
3108
6063
85774
59126
290
1183
1924
4886
3505
3253
1188
6440
1269
163
51540
81932
1566
97304
2263
1305
3362
6863
1605
34162
720
253
535
1299
6184
55908
1449
1587
390
1178
162
1085
4450
1304
3198
1023
599
2248
4002
1253
4128
2303
2141
2430
2355
53996
2917
2944
1284
1175
4105
7569
27721
309
7075
3471
48394
4630
31658
475
909
2951
30707
4327
950
4277
663
2467
2068
1132
5617
2501
103235
1361
1094
3252
1611
89745
1120
7360
61240
5679
2301
493
2978
149
1278
44665
2287
3983
954
1345
3037
51255
1947
5782
735
914
65133
28
3030
7143
50872
33171
3317
529
2137
549
27728
4518
1084
1231
1173
1476
3546
88125
5377
88810
458
7235
106100
7445
4965
85414
3469
8958
106489
3052
1224
1372
1464
2690
115569
2871
1653
6405
5114
2336
27790
7355
7720
4047
5291
71899
2721
1955
412
661
2267
288
76093
2563
2938
492
2391
1343
1285
565
3526
2186
3814
709
4641
1411
44195
2872
4796
4591
1563
1450
4076
5427
4930
1819
7022
6502
4489
31410
8937
2433
534
3510
67997
3417
1041
1352
91658
4914
77658
26326
3152
161
1964
97938
83134
3952
81
26729
588
362
2202
73881
177
6776
141668
50703
1234
79702
4865
321
1031
3672
112852
96728
2333
2926
6874
552
70
7090
3272
2279
6214
273
122900
59315
102684
1934
1061
2010
6743
1096
2993
104841
6350
4352
946
4623
108727
108981
2029
1192
2929
1907
347
233
4085
91104
149606
108514
52973
47610
66097
3943
55442
65261
55290
69481
575
78499
1950
2971
91529
2572
2070
88129
1243
4021
30
6003
3357
728
3274
1459
945
2313
1483
2193
5816
59784
66665
2273
5269
3067
1946
2328
26258
105504
80906
921
4338
52
3408
25771
26587
1032
140174
4017
581
6870
106438
26662
3301
97957
97921
1639
1729
5505
943
2648
86882
1147
3178
30810
3448
54997
345
2058
64716
3060
1801
1957
4855
3865
4246
8239
40412
4754
92494
3216
2693
1177
57243
7826
73587
8012
55555
2843
4616
3892
7263
5049
3456
1860
3160
8542
6993
2968
1688
80489
4321
538
4210
4361
5415
4239
759
8228
7132
2132
3556
6001
72641
8873
1185
1357
115617
6787
2363
6975
2935
785
1283
3477
3629
5064
6269
973
107559
52767
87232
4552
264
2545
64614
2353
2622
51935
2020
2700
85
99813
918
1129
76251
108932
7091
27592
6713
8370
6774
147
1103
5312
3260
3022
3246
1963
3298
935
48082
50851
942
6662
611
30812
8641
30745
2120
3474
5502
2165
3163
86320
2724
26131
71033
4658
1931
116897
1171
8589
3831
7123
5103
37733
97
2732
3359
4312
1268
40629
5673
3203
3213
94959
261
2726
3554
1211
3681
5876
3679
2920
6957
1612
4722
55451
5992
2208
927
102993
4066
3310
6773
6369
26843
98933
6769
26791
4342
140747
103731
147037
6770
141124
5264
127728
7260
140759
59549
140761
140763
6342
82608
140745
140743
5229
140741
142068
8699
84414
142240
140749
140751
107083
6033
140755
140739
27700
4724
3575
54251
27826
70762
130522
115713
1994
7371
3987
2626
1903
8580
3016
1249
3070
3457
3134
2386
80
26974
2607
68135
1264
1948
50068
51662
106766
