user_recommendation
318
296
527
260
593
50
2571
858
1198
1196
2858
608
2959
356
1197
4226
4993
589
1136
1210
47
110
541
1
912
2762
1193
1270
1221
778
2028
1704
457
750
2918
293
1200
1240
58559
588
6016
3578
595
1968
7153
32
7361
4973
1213
5952
1291
1208
2329
904
551
1036
1247
1214
2804
111
1089
908
1259
1252
480
364
1225
6
4306
4011
2542
1206
1394
36
969
5618
2396
2692
223
3897
1617
1732
48516
919
1233
246
1258
2064
2997
4878
913
1207
39
497
1219
1222
5989
745
1203
150
2716
899
2797
1961
3114
923
1060
1288
79132
6539
4995
2599
1230
953
1304
2291
590
910
1674
733
903
1285
1079
3481
4027
3147
3996
1356
1610
2395
265
17
1500
2502
1625
515
1097
1387
44191
1393
898
1204
2917
924
1246
1682
16
7502
471
116797
46578
48780
25
1235
475
56367
1228
55820
1220
3911
1278
1199
3421
6874
56782
920
50872
3471
32587
68157
1035
1276
1234
8961
2076
5995
4963
1073
89745
7147
474
1172
1265
2791
1250
628
2115
1358
994
1148
926
922
70286
58
6711
2268
1090
5669
1266
2973
3362
59315
3035
2324
78499
3363
59784
1077
3504
1307
1269
1256
2355
581
805
79702
3671
1254
2761
92259
3317
33794
27773
671
2318
954
4034
44195
1947
2300
357
40815
337
1284
8874
720
3088
68954
3703
3201
2580
109487
1299
2746
1212
2019
106782
1673
1580
916
235
306
307
1094
800
1272
2467
1080
29
2690
1293
3527
534
266
2194
49272
741
1084
5782
2302
222
2501
951
1958
72226
1267
31658
28
2336
8784
308
950
5971
194
3462
838
1179
4979
50068
2987
3429
2916
2243
2010
945
1411
3095
1231
1527
3108
49530
3359
1215
54259
6502
8798
529
81229
1357
34
48394
57669
4007
4886
5991
555
1960
2359
1271
33166
5418
5010
1201
161
2020
1784
88125
81845
6807
2144
3683
3198
2289
2871
3435
76093
98491
1959
7090
86882
1249
8368
62
2303
35836
3000
3949
2132
1845
1374
1257
115617
3916
2938
213
4848
1223
6787
1945
1997
162
69844
54286
1096
6979
230
535
1175
1953
1178
69481
4427
1343
1095
74458
54997
349
1131
1952
109374
2081
69
380
2664
64839
44665
968
1248
85
3111
508
2248
44555
3152
1653
93721
4128
1449
4235
905
3952
2712
68237
112552
175
96079
1185
2312
1244
492
2108
3037
2352
115713
8228
3606
52281
2788
373
106920
1224
281
1264
82459
940
911
915
1262
3260
1641
3252
65261
232
1292
2423
2087
3730
900
63082
3081
2078
37857
3469
5876
1948
5444
3044
81834
6440
88129
122900
1957
1361
4103
3844
538
2186
3788
2935
907
3543
58803
80
1023
1192
4720
1260
946
5377
6993
88140
2890
54503
3735
5103
11
2231
5630
100
30749
3068
3034
2273
1289
3361
2150
342
2208
6870
3871
40629
6350
7099
3256
63131
3160
3089
1029
31410
2929
156
104913
3702
97
2403
1537
146656
51662
1333
3967
1066
71899
93510
5816
1994
2739
3006
3181
930
59369
1217
2232
39292
262
2721
8958
2857
7156
1209
2971
3476
1348
7451
6796
3724
348
928
933
110102
71264
1150
4616
347
94466
5673
728
8638
1186
1964
441
1466
1921
1261
3101
1103
3468
6003
37729
36529
3868
3814
1281
5445
5903
1719
5225
1884
4584
2288
1302
97304
88744
1283
2071
151
30812
7143
1300
122882
48304
96821
1237
661
599
164
3262
119145
64957
2949
261
4641
86
6377
2109
1227
99114
1177
41566
2366
4896
1584
26084
353
106100
2991
6331
1962
5500
1956
3062
2863
2529
8981
2029
764
8950
7649
1950
1955
233
3072
8132
3219
61323
64614
3341
314
85414
1934
4021
322
224
56152
6380
2801
1827
59
2085
2391
51540
1680
60069
142488
2687
2357
2069
1941
3167
56757
81932
280
8970
955
3386
73017
7139
6187
3360
3929
5060
927
2080
8665
9010
87232
1028
6773
8239
3246
4223
2138
97306
333
89492
67087
3467
3134
4033
3676
3342
1946
134853
4658
26258
5505
7075
4384
8807
361
5791
531
4326
127152
3983
134130
1189
5034
27478
94959
2545
4014
45728
1939
3077
5679
4299
30707
1085
451
1238
81564
2937
112515
116
3104
1611
1446
102123
2648
6770
55451
51935
3357
81847
918
54881
5028
866
4308
52767
5617
2125
1245
4623
2202
7698
96829
104
3989
2334
4017
549
1263
6461
100556
914
2872
3505
26150
26578
872
52617
7574
7564
3415
3358
3783
45722
2924
2944
48698
7137
1931
65514
3510
33660
971
3213
4271
949
7285
668
1120
4802
73321
509
3684
4722
8366
96728
41571
7096
2570
363
95311
3098
7802
104841
55269
38061
140755
8699
98933
6342
5264
27700
70762
27826
140751
54251
130522
4342
140759
26843
26791
140747
6369
3575
5229
7260
127728
147037
140749
4724
84414
6769
140739
140741
140743
140745
82608
6033
103731
140761
142240
142068
107083
141124
140763
59549
3365
4046
5301
2626
1903
46723
64620
91542
2459
114552
131724
2718
2607
2331
428
37741
3653
2779
934
72171
26662
3200
8580
71535
52435
935
3551
3033
112138
4799
3368
3210
45447
46322
3135
40819
1344
4008
3836
5064
3022
1111
1253
8191
67734
51255
3654
5812
3943
2083
6732
613
3984
2919
2070
4914
4029
1834
7438
5446
921
3069
44199
3334
3350
26
4262
3196
69122
93838
5878
52952
80549
105504
2989
31696
2496
1287
56339
55069
71156
133771
93443
48783
1211
86000
4037
2553
96467
108932
4277
139116
160590
74754
148881
127108
128620
85438
79677
99764
139757
107978
1104
6436
7566
26776
54256
42004
53123
5391
1564
8937
2841
4322
3396
4660
5379
26712
2398
3675
4465
4187
4920
26422
49280
932
7063
5747
6987
27831
272
61132
4921
3310
6974
54995
51412
2594
3457
2726
229
3873
54001
3499
1305
4263
7373
44974
45950
1942
38499
631
178
4304
4903
53129
5470
3741
1218
3789
1171
909
1907
4191
1277
3696
4450
7482
2102
58295
