user_recommendation
318
296
260
858
527
1196
356
593
2858
50
1210
110
2959
1197
2571
589
1198
608
1193
1704
1270
1089
1221
4226
150
457
47
912
1
1240
904
778
2762
541
1213
1682
1265
750
908
1207
2396
1259
7153
1206
1291
4993
4973
969
1304
2324
1136
293
4963
48516
899
58559
1172
1225
1247
2692
1097
3578
2918
480
4027
1203
5952
1961
7361
2329
919
2797
924
17
364
1219
1036
2997
1073
32
1617
1732
4306
68157
2028
21
1356
590
44191
4011
926
920
59315
953
1080
923
6016
36
913
1228
5989
745
3114
1199
497
733
1214
56367
6539
2542
2791
1208
2064
2599
588
4308
1060
1276
1394
6
1252
2804
380
474
898
1230
1258
1280
671
1387
2019
79132
349
1204
2502
1267
300
2289
3361
1968
910
3462
1019
2243
1148
1500
2186
1288
32587
1217
29
1625
4995
1200
1035
595
1296
111
57669
1307
3996
4235
922
1079
7438
3897
55820
6874
3421
1246
1374
1293
1278
1584
4034
475
1945
4886
903
1299
33166
1287
994
232
916
1947
2863
1610
1028
377
2248
109374
2268
2971
3101
1333
46578
6333
1212
3481
1957
1923
5418
1223
34405
3147
1262
3471
5995
30707
106920
3868
5349
3671
62
1273
1220
194
2300
1250
3386
1269
5064
97938
56782
33794
529
2125
1066
162
509
5669
78499
73290
1953
4878
1674
2716
8368
5902
2109
3307
8961
8636
81932
3176
471
54286
25
1251
1104
1059
1254
1393
3362
508
780
902
1084
4979
5225
222
2359
954
866
3260
314
1358
1527
2194
4816
1127
1748
971
1264
1218
1211
1305
1952
76093
1086
44199
44195
49272
8981
2132
2739
5816
1094
1537
950
4085
1994
116797
1834
81229
8970
106782
3310
44665
30749
55247
2947
1885
3793
955
3551
2115
555
3730
2580
40815
1103
265
905
112852
2076
1950
2020
72226
1663
8874
2501
3104
1023
3006
44555
1248
3160
2946
800
74458
2403
53123
1955
123
930
1939
2712
54503
1049
581
54259
41285
1959
1124
85414
928
3435
2917
272
1256
921
938
87232
915
1641
39
2232
783
50872
1189
51255
515
1222
1916
107559
106441
3033
3252
5060
223
1948
337
6565
1673
3504
2761
538
49530
1884
2731
6787
175
41
115617
7147
3088
945
110102
2303
7116
2395
2925
3039
514
353
72641
27773
1090
373
4623
2612
1175
3527
4014
911
10
88125
2648
1466
2795
99114
73
37731
1147
65188
1303
2908
534
1408
1946
3911
3152
1300
1429
914
62849
69844
122882
2010
6807
55269
1201
309
92259
1260
68237
5903
106696
3686
2245
1099
648
5992
2363
7669
54272
2203
628
80463
3072
1257
2
357
64034
907
2202
4103
741
5991
3167
2726
3022
933
3809
3007
106438
3510
2949
1827
6502
11
1963
7022
1029
1734
81562
2321
3546
3275
1380
2357
4019
91542
1112
1376
171
4422
1096
1238
680
32898
2624
48780
2871
54997
8958
96079
106489
2620
5103
3683
3468
85
4661
3952
7013
3359
8132
3545
3741
68954
1960
6001
106100
2890
2301
2081
98961
3703
2732
5013
105504
3724
7132
1224
6979
1077
4037
3363
345
40819
720
2355
40629
6662
1873
2068
103810
2278
3068
8264
3507
1719
2231
1784
3038
5444
1034
2144
5010
927
3505
3418
3083
3524
2067
3060
3168
97
63853
7143
942
89745
1131
1997
440
37741
2948
1184
6724
1982
1253
2423
1231
1354
1361
2644
3196
5475
6273
7371
3869
68358
35836
2529
38061
3100
2208
3535
141
70286
69481
937
91104
319
246
5238
1178
81845
2657
909
97304
3015
55063
4969
2398
26729
6773
4188
2287
1658
3067
7373
5341
6380
94959
5630
4410
5017
229
7419
255
4432
1635
495
2078
55276
1927
7836
101850
8123
104119
7087
26501
8261
96075
6021
26797
86487
4428
53887
74089
58649
2285
163949
112577
114464
150856
3872
7075
2944
235
1365
3246
7090
3000
6732
64716
26614
3814
2138
2282
946
86
5385
3791
138036
1810
6378
539
161
104374
39292
81834
45722
1860
3253
1244
299
968
1234
2195
2029
39414
3980
26242
6377
77455
6863
8042
1243
3198
3844
7139
262
18
3983
54001
2108
59784
1449
64839
2105
112183
2336
52885
3548
5812
5608
3469
2283
4223
5114
551
3081
88810
3037
37729
102993
1283
6777
69757
307
46970
89804
2474
1025
635
5618
2935
2273
838
4809
2066
2846
2989
38499
40148
4022
2176
1232
7320
5679
1680
1285
5055
368
205
2728
2430
736
5971
1209
6003
668
951
5319
764
127152
44974
1272
116
1281
7136
134853
7091
100714
3735
1797
3684
1611
556
766
85179
3011
59995
6711
8880
3417
1292
80969
4033
3536
7767
71033
5146
1237
43267
102445
84954
93040
6852
2745
55052
3414
34162
2005
575
56152
7566
52767
3989
3200
98809
51540
1135
3702
3653
88744
48738
8542
6101
165
3105
6350
2344
1192
2664
142488
4047
3194
7099
3077
901
3178
4903
1050
5291
3309
2333
4021
2690
1754
5772
3044
4896
2348
1078
7156
68838
2467
4086
53956
8641
3035
4263
51662
91077
7943
2118
4007
6987
109249
3429
1120
8528
4179
2993
53972
7285
917
4239
3256
3745
7386
4537
3783
845
5391
3129
1735
3476
2352
3475
441
1616
3966
128360
96488
280
134130
163
1235
2788
154
89904
4427
4912
80489
1298
176
850
38038
86320
2434
7088
58295
61323
2137
3910
38304
8491
6552
4349
25769
3499
99145
8645
88129
1729
2929
4271
6650
3638
3467
64614
1552
51412
93840
7451
1215
91658
1419
6959
1233
431
1958
8125
115569
108979
52952
48774
6385
4017
7698
6271
6708
1008
48082
52435
3019
6942
115713
7089
5028
3249
4450
112290
54881
105197
7215
448
3364
37733
1249
146
86377
483
6323
55250
5876
3501
1475
40583
6639
412
3448
81564
1150
2366
7164
2130
2912
28
89759
1792
3424
70293
466
7564
52617
26578
7574
26150
872
7616
2058
2941
268
931
7073
2167
33437
48696
6643
6669
4616
122886
