user_recommendation
318
296
527
593
858
260
50
608
2571
356
2858
2959
1196
1198
4993
1221
1270
110
7153
1197
2028
912
589
5952
4226
1704
47
1213
58559
1210
3578
111
2762
32
1
778
1136
4973
1089
1291
1193
457
904
908
541
750
293
1203
150
899
1617
1208
1252
7361
2692
364
2997
923
2918
48516
480
6016
1240
2324
919
1247
1036
1225
969
2329
2804
3996
4306
2064
246
79132
745
1732
1682
1265
924
4878
4963
1222
953
1148
2396
2542
1258
1304
913
3147
46578
1259
2797
3897
903
1204
1228
4011
1219
497
590
588
595
17
2599
1230
5989
2502
1580
1214
1288
48780
2019
898
926
1250
6
1073
1084
1968
1212
1207
59315
55820
4995
1961
68157
44191
1278
32587
920
1200
5995
2716
1079
4027
6539
33794
3481
474
6874
555
2917
1307
1060
25
994
475
337
1610
1267
349
1233
515
50872
265
1090
36
1276
1953
16
7502
2115
3730
1199
1097
1206
3462
1220
733
8874
1172
1254
56367
1299
922
1234
6711
1625
905
3114
68358
1285
1246
5418
2291
4886
471
78499
235
1500
4034
1674
1947
1387
2580
1035
954
76093
2300
58
1945
1256
261
3363
112852
1358
106920
6502
54286
5669
1293
950
3949
1361
232
8961
2186
70286
29
1244
30707
6377
40815
194
581
2791
56782
2194
720
1080
2871
1269
1952
2278
116797
2318
3088
1201
3468
161
1923
109374
3671
3683
3362
4896
2268
3504
49272
57669
1263
134130
8368
1217
911
1231
3418
2243
1957
2395
1287
1096
4235
508
1960
106782
838
109487
49530
1584
671
7147
1673
1393
306
307
3000
628
1094
30749
33166
2863
910
5816
357
27773
800
2761
4979
5618
73017
62
3735
2359
89745
44665
3421
2125
5010
3007
86882
1466
81229
3435
3317
68954
74458
3471
3152
1264
51255
1272
5444
1834
1192
34405
551
63082
79702
1077
54503
40819
44195
2248
1939
3198
2132
928
2289
2501
2020
1223
39
1095
2467
2303
1356
1028
2971
7438
1209
914
1946
11
2712
1224
31658
3201
534
1641
529
54259
2690
1357
1729
1215
968
509
134853
175
81845
223
3868
99114
955
951
3510
6787
300
1411
92259
3307
1262
104374
69844
88125
2890
44199
64839
741
40629
115713
3035
1527
3176
8132
3101
1948
1211
81591
59784
2938
54997
44555
3006
916
6796
942
3911
1189
2005
2144
538
60069
5956
110102
28
86
72998
68237
3983
115617
5991
7090
151
224
3160
1333
3360
1449
233
64614
1292
4007
945
4085
3038
81932
3095
2357
3952
102445
91542
5064
1023
3359
4308
1179
1994
5445
5630
5902
54001
866
272
308
6870
7099
1394
1127
1956
946
230
3703
1280
67087
1688
5971
4016
85
927
88129
1537
3167
6942
104913
8981
35836
1257
3476
48394
1296
4014
3104
353
1719
21
2474
4848
377
2231
431
106696
909
428
146656
53123
3181
441
8784
2846
88810
162
971
2648
2076
2841
1248
3200
1131
4037
1147
314
3203
902
1284
553
1266
1964
7132
930
5673
940
6662
2987
112552
281
2935
3361
2929
900
115569
41566
3967
3469
82459
477
89804
938
4128
1950
1997
1884
32898
2203
122892
3653
1238
8228
3386
96079
805
81847
69481
3871
2490
1954
105504
80463
3089
4103
3801
3260
2739
6979
921
1784
72226
51540
122882
50068
2366
5903
54881
6807
1305
39292
93510
7143
440
3429
1484
1303
4086
51935
1066
2391
3246
72641
1962
3310
106489
63131
2208
1175
4450
1271
2336
2078
91529
81834
69757
48738
3060
3275
2352
127152
3499
1260
2321
85414
121231
1103
7669
7419
3545
933
348
3724
96821
178
1218
3034
142488
1104
1178
6350
7075
1955
3019
222
96728
8970
36529
97
3742
1343
5475
55276
5876
51662
176
1185
2936
2081
7091
1302
1927
2726
907
2925
7256
1086
6187
68073
7767
7116
1959
6732
3521
89492
3037
3448
2406
26729
106100
2137
4017
2202
4105
1282
3213
2067
8933
51412
73321
5782
1283
1827
2644
535
3811
38038
935
1249
100556
97304
3916
7451
3507
101
8542
99764
6669
2908
2916
5341
1251
63876
412
31410
58295
3475
8264
3083
1958
3341
4432
1408
3350
4029
3022
5238
4422
1029
8958
128360
4427
81564
3702
2344
452
7285
6773
38499
322
8798
98491
2686
8807
4661
87232
7698
26084
3068
94959
112183
3706
1754
7836
1041
41
7087
2245
112515
2924
1021
96829
80489
4351
3505
918
3020
30816
1963
26326
3081
84152
6959
52767
6863
80
4223
3175
4263
52458
373
215
64034
33171
59018
901
112138
2732
3071
6440
3364
2745
2434
2301
8638
4489
4410
5385
156
2138
2664
1298
4641
3196
759
52435
159
4903
5992
6003
36527
6783
1078
7323
2058
5008
3527
6724
60756
347
62081
7139
1321
3424
3873
3793
2080
3741
2288
26524
8580
2459
3791
2612
4809
55063
6331
2096
4349
1348
2313
116897
1921
1082
102123
7263
56339
3684
8950
3219
68838
2070
58649
96075
8123
53887
8261
4428
86487
2283
74089
26501
26797
163949
114464
104119
150856
112577
101850
5017
48698
635
3548
6385
1419
1934
5060
91658
3357
70293
6791
1237
7802
40412
7156
65261
56152
6001
6552
1916
1845
1242
7373
6021
1366
7212
3989
280
5772
1245
3030
6380
98809
7566
52
54372
97957
139757
71838
2961
2105
3783
122900
37741
72011
6777
6659
3178
62956
80748
7386
86377
2920
47610
4801
1061
52281
72171
2973
55052
58803
973
111921
549
55069
6214
5812
61024
4361
69
96588
250
26587
97938
5103
3788
4262
2108
2232
71264
96467
86320
1913
26662
49278
36931
27724
77658
7013
56251
3633
108979
764
2087
1611
6271
368
93443
3606
64285
937
64620
1942
850
3672
87306
133771
42004
46976
6974
3342
3300
47518
33493
57504
262
2746
5013
5380
1938
2102
7265
3966
943
3677
6378
7943
99145
4873
3736
86000
4465
85438
6101
79677
74754
148881
128620
127108
139116
107978
160590
3252
5791
3111
1019
3216
92494
82
3077
4021
