user_recommendation
318
296
858
527
50
593
1196
260
2571
608
1198
356
4993
1270
2959
2858
589
1221
47
293
4226
1197
457
5952
1210
7153
1193
912
541
1291
1
1136
1214
1240
778
110
1704
2762
32
1617
4306
3578
904
223
1200
2997
5989
1220
1222
1089
7361
36
2028
1213
1259
1208
58559
46578
364
497
4973
1252
899
150
1968
1199
111
6539
2918
913
2329
595
2716
1682
4963
2324
1215
79132
1610
3147
2396
908
1203
1250
919
1247
1207
48780
8874
1258
4011
1225
2797
926
480
1961
1073
1278
4878
1580
2542
2115
2804
969
17
745
1732
44191
2268
1148
474
2692
1230
1060
1584
1285
4995
1276
923
1036
68157
1246
1204
6
750
3897
2300
1228
2599
265
2395
2502
1219
555
733
5669
471
475
1235
1077
588
25
1784
1206
903
953
246
48516
741
1625
924
1172
3481
5618
1035
349
910
1500
838
2064
3793
7022
6016
515
161
56367
3671
1265
1266
2291
4027
2791
3039
628
3949
39
377
6377
648
950
551
55820
1262
994
1084
1212
32587
922
2144
3735
4034
898
11
1307
348
1096
68954
1304
440
116797
1272
955
3462
2019
1267
1393
1094
1244
1233
27773
2916
1090
8961
3072
1466
5991
3408
3114
3362
1356
235
5418
78499
64839
81229
5444
337
35836
58
951
36529
30810
56782
1673
1680
3879
1357
5349
109487
2243
106782
1231
175
134130
50872
1299
3996
63082
3317
6188
4007
2580
4896
8368
1674
2081
2231
3006
3421
1952
2076
6874
112852
1343
671
800
33166
921
16
954
2467
79702
5995
4886
6979
1947
109374
3081
70286
1358
1287
99114
28
1997
3213
720
5064
4308
2917
2359
357
266
2871
5971
6711
2232
3552
62
4262
2924
2105
86882
1242
380
3868
31658
5816
1223
5630
59315
30749
1261
1754
3499
1945
74458
3683
900
735
1960
1939
1192
1179
97
1183
8360
86
508
1288
3033
104374
3504
38038
333
1333
509
1269
7099
1967
49530
2202
3468
1719
232
76093
5782
2065
1292
44195
1234
48394
2318
31878
2690
8665
3788
492
29
3865
4239
3363
905
3361
3034
920
3095
3275
7802
7844
4002
1729
72226
88125
1376
1281
1394
89745
40815
1254
477
2987
106920
3153
3198
4103
2194
562
2289
916
6104
1103
3471
3686
44665
7502
4846
2929
4696
428
5954
215
96079
26152
8633
946
116
1218
3359
933
64716
4235
911
1962
3201
1079
5010
54259
104913
58803
1366
6796
8638
1086
5146
1374
2780
4128
57669
3044
1095
968
8132
54286
2664
81591
73017
8807
6385
108583
281
2248
1411
3000
1256
8981
4166
4717
876
2880
4442
4565
4567
2041
3627
1280
2739
44199
4406
7090
3152
54997
3963
1957
1178
30707
353
21
4121
104841
3424
524
4085
928
1185
2353
3298
3916
866
2841
539
69
2712
6502
2109
2355
805
1120
5902
68237
6184
3070
2078
6807
3175
91542
927
4623
280
2303
1834
4223
262
1023
3543
81834
6350
115617
412
85
3702
68358
1305
3771
2459
1263
441
54503
3952
147
1641
2761
2890
79428
3418
3911
1260
8950
26258
59784
6618
7451
115122
85414
1964
92259
8641
5460
52973
1734
5103
2952
6281
45728
581
222
3307
87232
1227
5956
81564
2020
1050
2763
37733
2501
18
49272
2011
6620
1449
3358
454
534
2750
98809
41566
5014
3825
4014
40819
194
94959
1950
2971
2106
599
6440
1224
1954
1912
1080
1217
3429
945
1237
3104
930
2944
2463
3089
1694
2331
3510
1663
1959
98491
2391
2273
6669
96821
34405
8580
4427
106489
1175
53318
261
5225
3469
2125
106100
2302
5812
942
3507
55269
538
3730
140
3798
112552
2321
6993
4848
306
3703
65261
3474
3357
861
907
3068
3035
7212
8366
2875
4489
7235
54995
85342
93855
1131
3435
101
8958
2288
67255
34332
7147
2490
3252
56339
55069
2357
373
198
115713
4642
2140
1688
4571
4450
1594
8199
3512
422
80463
39183
3246
42004
3210
95510
1693
3831
93320
50641
5244
345
1277
7419
45
58295
1264
3448
1942
2938
8908
91978
3365
3256
64285
5903
122882
6187
1953
4133
79357
314
71135
55290
7285
4105
5445
7116
3739
1211
2683
213
8784
81932
6870
97921
2460
4326
5690
31116
51471
2648
106916
6436
5876
1537
4566
26554
1147
76293
6077
8711
7833
6125
3067
8529
102445
6003
69844
49280
26422
59418
1598
1249
27660
893
128360
2070
26524
5505
2096
8949
322
7757
2423
1895
44555
1177
3019
180
7013
307
1946
3083
89
1649
88129
108932
162
3203
3745
26662
3111
5540
6378
46976
3101
549
2863
1293
1284
7137
2686
662
935
2026
971
139385
93721
4467
224
553
111759
52604
115569
1661
3074
84152
122892
52281
2287
6773
96728
93838
1251
3706
3134
766
5470
4980
1395
3310
3355
309
31435
65514
5617
3905
26865
4361
247
3910
7386
1286
7139
1963
50068
6783
2334
6643
2857
6863
3632
5114
8125
6273
4920
4037
8188
3091
6565
4553
59369
2108
34
936
2644
4844
2328
2386
535
4033
81845
52
233
1907
1944
48774
30816
5060
1827
27831
134853
88810
33493
86504
909
26326
1429
5152
85401
2474
3479
2394
1873
3814
87522
37729
8938
4814
82459
108981
2985
3262
34162
48738
4787
66934
2151
4658
2114
6380
3098
55052
431
1527
96829
1940
68073
82667
71899
1257
6333
72011
52885
53123
1645
3983
8012
94015
80
3524
63876
37857
1150
5446
27478
7926
102684
108727
45950
4304
55442
51935
2935
4789
6725
3551
61240
55908
6582
45183
3501
3406
51540
3360
1653
74727
2130
1753
3612
1958
3178
72641
27317
122900
41285
3038
319
101525
114060
3341
3438
2406
2654
2652
2634
2651
2635
2636
2647
2649
2650
1209
5108
2788
728
121231
52952
7387
1921
6708
1238
363
63131
5500
8154
2387
6659
2405
81847
86377
91529
3470
3873
5028
3811
7143
901
51412
1361
1194
1189
1587
4519
59
2068
8239
6818
110501
3970
59995
4465
5380
