user_recommendation
318
527
296
608
593
858
2571
1196
50
2858
356
260
2959
1221
589
1198
2762
4993
912
2028
47
1193
1210
1136
1213
2918
111
457
1197
1270
1
58559
908
1089
4226
1617
1208
5952
750
899
3578
1252
293
778
1214
904
953
969
919
7153
246
541
110
1259
4973
2502
1036
923
1228
595
913
1200
1704
1230
1203
1247
2692
2997
1225
1240
79132
926
1278
32
2804
922
3114
898
1073
903
1732
1304
480
1291
1220
1148
48516
588
1288
7361
1234
924
474
2599
1968
364
2324
1207
920
2300
6016
1500
1219
2797
2064
745
1258
3147
1265
2396
1266
1307
1084
2329
555
1244
1276
1079
3897
223
150
1060
2395
1250
2716
1035
1952
3362
4963
1204
1097
235
1212
1267
590
2987
1299
2019
1077
48780
1222
1610
36
32587
2081
17
471
33794
44191
5989
1387
8874
2712
59315
3730
3471
1172
4306
1096
954
2580
1233
3683
1682
1945
1285
2973
1961
3359
1254
3481
1090
1235
4878
3504
68157
3996
628
349
1206
1094
2542
1361
7502
3462
1625
2289
1293
2318
1179
720
529
497
78499
1272
509
55820
1224
52
1175
2243
56367
3671
1292
3468
3363
1393
4027
4011
4995
3435
58
2160
515
955
968
194
2971
46578
910
900
3418
2186
1269
6539
1080
2132
1674
1242
1223
2359
39
2917
106782
1953
81591
2144
905
8368
5995
64839
3198
8961
1947
1029
3499
1956
319
581
3724
357
921
337
106920
1246
594
2739
800
6
306
1023
3469
3421
40815
1263
348
2761
2076
6711
5956
2791
1104
54286
5418
1256
3167
3358
3016
109487
2115
3006
3735
1028
3361
70286
6874
3088
866
3083
272
16
2303
3152
1358
1282
1580
1302
1012
4034
2194
2648
3035
2268
3200
7438
2248
3448
1584
116
1527
2467
3039
3386
2291
2313
21
1192
928
1912
3476
1784
1086
1466
1201
2746
373
3201
68954
29
1333
1287
1215
56782
4308
951
2020
2664
994
1939
6502
3068
2130
25
89745
28
3203
1948
162
1673
1641
3545
1950
1147
728
1411
2108
307
2137
3868
1449
2203
733
3317
2459
5816
2288
3018
1264
1305
3543
2463
3679
33493
5225
4896
68358
3524
1199
41566
125
300
1374
535
2232
44555
51662
1284
1249
3034
96079
49272
1271
233
3101
115713
1262
3213
1217
88125
308
2871
1994
3424
2690
2594
2355
34
1394
1960
8665
2890
2908
79702
363
1946
4886
1348
950
1209
3307
1663
104913
2929
1095
3546
110102
230
945
1921
2321
2138
112852
50872
1189
1934
1321
69122
3507
91529
5669
3000
1754
49530
3949
1356
6796
3135
907
1944
57669
149
1103
8949
501
2005
1248
40819
2700
6787
508
116797
59784
3160
92259
4235
2391
1954
1343
3814
4979
2779
1081
3102
39292
1283
785
5618
3728
3342
671
805
1611
1357
5782
62
551
299
1191
3684
2348
3246
69844
161
3210
2080
3037
1041
2841
2912
5377
3219
86882
1464
3019
3072
1231
27773
2788
538
3175
1237
909
88129
63876
8798
1483
3112
1982
1649
2696
3036
47610
81932
2976
2553
232
2357
492
2067
33171
134853
44195
5060
1614
3244
2096
2442
942
54259
2644
76093
911
2455
596
4037
2398
73017
1963
30
3095
4848
45
31658
940
109374
2109
1688
1127
1047
1120
5902
8228
345
4450
30749
514
3952
1177
4361
6979
1942
80463
82459
2682
521
916
422
930
534
1938
2125
99114
1345
72226
97304
377
122892
1997
2795
26084
3272
88140
1958
5064
5500
2495
3038
2926
2988
1694
44199
933
8958
3067
176
51540
1419
68237
5991
766
3983
2725
2693
1955
104374
280
30707
2721
4007
4029
146656
7022
1680
1615
3108
3104
4085
741
103
64614
2018
229
2361
4009
1537
54503
281
1635
2612
1904
1962
2750
134130
115569
247
54001
3429
6662
184
3788
74458
3111
3770
475
2919
326
1279
6184
3510
366
63082
539
4016
7075
26326
407
1959
2087
556
1678
2901
312
206
1392
4021
1341
102445
3044
3089
44665
81229
341
2245
3024
7099
1927
1281
2131
121231
2483
2465
2982
3281
3837
1463
3757
567
3851
893
1531
2945
1771
1543
3840
1130
1655
621
3021
2177
1326
1312
183
2545
2327
1188
27022
441
33166
2267
1128
2440
1274
2165
1729
51935
2726
384
3813
2419
3181
142488
215
3153
93510
3451
1554
2279
1875
2474
2944
81845
1701
2083
2231
7123
4552
946
5630
105504
988
166
3547
3833
53996
3706
188
2728
2752
92
3252
1082
599
1187
2550
2966
49
72998
1354
1845
2010
8970
1218
26729
26524
4033
1516
759
3916
156
2166
80
3529
40629
428
69481
115617
76251
3557
3685
1178
27831
3420
1260
2501
322
5971
1183
2349
85
3391
7235
38038
69
2085
4263
7802
2732
6807
122882
3576
901
3696
5876
106100
7132
48394
4239
1236
1414
2560
7451
1296
6774
1227
112552
3871
91658
2925
3911
3457
2093
2271
2337
3022
50068
3606
2857
271
1277
2107
2366
73290
1569
96821
3060
96728
1366
32898
89804
2935
3967
4903
3007
112183
7024
5668
36529
5955
4489
2105
51255
3917
5791
2078
111921
111362
81834
89492
55276
84152
96829
1261
127152
4117
4128
151
2202
80489
1066
54881
914
32840
5238
26231
6942
8645
3638
5103
4432
48738
1964
5473
71390
60384
63836
95113
33138
34326
32515
77291
27792
42900
26749
40226
8240
80553
240
6791
8938
1407
3989
4017
1125
3498
4465
1991
7143
2070
94466
3194
3409
7090
7386
4105
9010
477
86377
278
971
421
3115
6987
3134
2755
927
3536
5679
3355
8950
112515
2949
3508
6188
3725
1129
73321
261
86
1719
1965
8957
248
34437
87232
3702
3334
4799
3490
4697
5380
112138
27721
7698
4642
3734
3196
3396
1342
4246
5341
838
1251
34323
3256
5312
1332
2336
148626
38061
52767
91542
30816
3873
34405
99813
5293
60069
8264
550
3804
63131
7419
54997
81564
3712
1983
98809
7147
37741
2315
