user_recommendation
318
296
527
260
858
593
1196
2571
2858
608
2959
1221
50
356
47
1198
1270
4993
7153
912
589
1210
2028
1197
110
4226
5952
4973
1193
58559
1136
1213
1208
908
1704
750
541
293
778
111
1
899
904
1089
2918
919
2997
1247
923
3578
2762
969
48516
1252
1240
6016
32
1291
1617
457
953
4878
7361
913
1732
1259
364
1204
1036
1206
150
36
1230
1203
1035
1200
1968
1228
1214
924
903
79132
926
1225
3897
2329
1207
1219
2324
68157
6
1682
246
1222
745
3996
480
44191
1148
4963
78499
1258
898
2064
2502
595
1288
2804
588
4306
1084
2716
2599
1304
920
1293
3147
337
5989
48780
1199
3481
1250
2019
910
2797
56367
1073
6874
2692
4995
3114
1265
1952
1172
1080
2542
515
5618
32587
46578
1278
2300
1961
2076
590
235
349
4011
1276
3504
8874
497
1266
1060
1307
2291
3462
3730
471
1500
922
68954
1201
194
6539
1254
551
1267
733
4886
1212
16
4034
3362
1079
6377
40815
116797
55820
1610
1244
2132
2303
475
57669
7502
59315
1263
4979
1028
1285
1945
17
2395
50872
1625
2917
1411
4308
5418
1784
1097
86882
5669
109374
994
33166
2396
950
671
8368
555
1077
1234
7438
4027
106920
1393
8961
1272
2971
2791
628
1256
3471
70286
1096
1361
106782
474
92259
1356
954
265
1292
1220
1287
81845
2186
1953
1358
81591
6502
64839
1179
3468
60069
306
1674
30749
1217
31658
7090
88125
1284
2289
5995
44195
3868
2580
3152
1103
3435
76093
3683
1960
3201
3418
6711
1233
30707
1223
68237
2871
1299
7147
44199
2243
581
56782
1224
928
1269
3000
1939
1264
955
115713
2268
1090
3198
3307
1394
2987
41566
1246
909
50068
68358
175
3006
1248
74458
104374
8970
3429
58
4896
33794
223
79702
2357
3088
81932
1466
3095
109487
69844
6942
2005
1950
72641
3363
28
3735
1094
2359
62
7099
3359
2648
1948
134853
5060
3386
54286
80463
112852
307
1262
5225
5956
2248
2144
1947
927
1946
49272
134130
1729
2929
5902
96079
59784
34405
1231
1641
1959
4235
905
115569
85414
3545
72226
3167
29
1175
2739
3671
535
2115
5816
968
3724
122882
1104
232
7132
1956
3038
3168
105504
125
2726
529
2761
44665
25
1357
81834
54001
3101
3104
110102
121231
88129
971
86
377
27773
99114
91529
54259
1249
272
2194
3035
2313
1235
8784
1997
5630
63082
4037
40819
5971
3916
3317
2925
2203
594
49530
720
357
6787
11
2336
1343
1029
38038
6807
3108
2890
308
5444
112183
1962
1041
4014
2644
2081
5782
104913
2664
5991
3684
4361
7143
3983
55247
1296
4085
1333
1088
3469
3037
1189
2321
2690
261
1215
69122
1251
1147
945
3252
2160
8228
2474
1673
2501
3019
3467
1209
87232
1957
40629
1283
2366
94959
805
7087
2857
2728
428
8949
2108
1374
2020
97304
930
866
32898
128360
3160
2908
81847
1095
3424
3911
3546
3741
1218
53123
8958
111921
7669
1994
741
1282
48738
916
3310
509
6662
35836
2391
3022
55276
951
3361
89904
1303
3034
5876
2467
69481
5500
3952
106100
322
599
89804
3421
106696
1834
911
441
8542
1537
942
80
7419
5377
8950
6796
51540
3068
353
946
3060
2459
3967
230
508
115617
3246
2863
8132
800
921
348
7802
900
97938
81229
3703
5341
5238
1348
82459
26084
477
4033
2612
2732
3007
3260
37731
1955
146656
5064
26729
4432
96821
8264
6350
63876
3111
80489
27831
48394
36529
7091
5010
3871
3270
914
2973
5992
2920
93510
2841
4422
7116
151
1192
1257
142488
3507
3089
6724
7836
1958
6001
56152
81564
47610
1964
2731
102445
3949
4410
4809
8665
1611
3929
4105
70293
2231
37741
116
1584
534
280
4239
2318
3203
76251
4661
4263
7386
5385
538
907
1280
4755
90061
64957
5475
2285
106489
3083
1340
89745
66665
2935
5017
1719
5008
44555
1178
7075
7767
53887
26501
26797
4428
8261
8123
55063
74089
58649
101850
86487
104119
96075
163949
112577
150856
114464
108583
233
1305
2232
8645
2288
91658
7698
6979
54503
2687
1387
68838
1260
26587
2283
6021
85342
26662
3213
86377
3196
42418
2944
45
5103
2067
2150
3686
7022
4021
373
8798
2245
34338
1754
88810
266
93838
281
1845
4007
4103
2352
6773
759
3872
2938
97
6331
247
64614
1085
52767
2936
3475
97921
54997
3989
31410
2712
48696
58803
1635
148626
115122
6791
26524
65514
46976
99145
7285
3200
215
127152
84152
2278
3505
3943
54881
1177
4117
55052
1693
52281
4821
440
2078
3791
3536
213
7139
106916
3702
45950
122892
3256
7263
1289
9010
93855
8933
6104
51255
949
55069
3275
2010
3606
2946
6786
4801
53519
98961
3016
7451
1931
4969
3811
161
27660
940
30816
73017
300
5791
6852
448
2068
122886
6271
2660
2355
3801
2125
6987
973
64716
2208
21
1086
380
4128
101
106438
2924
61240
6783
2202
68269
39414
5812
1923
3814
431
4465
39292
4349
1131
6380
7566
935
1965
6777
96728
38499
1277
4776
4179
5146
86320
6552
4489
5772
8580
33171
3364
105197
5380
26
7215
59995
3499
3077
53318
3062
7256
3396
27846
1271
59018
112552
2398
51935
50641
93320
5244
7943
7137
100714
91077
52604
79357
71135
4017
1185
4326
32289
48791
41573
80839
79824
735
1281
1921
140267
1564
102123
6530
92535
1944
3696
3966
4292
65261
33493
1419
31878
6385
38304
53024
99813
31435
100556
67255
65642
7235
144976
7265
140174
1824
3328
6639
82667
112515
1023
7156
8042
3543
4799
5955
3414
37733
2729
98491
46723
26326
45728
3551
4903
1927
117176
79242
52952
55269
1954
52435
56607
2066
112138
56805
78039
58303
4642
2070
77846
1938
87306
6452
66097
8981
96588
2130
3873
55442
3357
73023
2137
4612
85
91104
108932
7013
7084
6214
97957
363
26178
8650
1354
838
2745
1082
4066
73290
26776
91542
27329
3677
6419
85401
7088
3105
2788
2331
61357
8979
1967
