user_recommendation
318
527
296
593
260
50
858
2858
2571
608
1196
356
1198
589
4993
7153
1270
2959
1
1210
1197
5952
1221
1193
4226
2028
912
47
110
293
1213
3578
1704
1136
750
111
1089
1291
2762
908
32
58559
541
1258
2502
2329
1240
1208
778
904
919
4973
1617
2997
1203
2918
480
7361
457
969
150
923
1252
1732
364
1259
745
1204
2324
924
1036
6016
1148
1214
903
2804
926
3147
899
1222
1225
1219
2692
4963
1073
1247
1625
2064
1250
1580
4306
48516
1200
3897
337
2396
1060
920
913
1228
5989
4878
44191
1293
1288
1682
1230
1267
2115
1079
595
1035
953
588
246
922
898
1304
1199
1276
1961
1299
79132
1610
555
55820
36
497
1968
2019
1207
48780
6
1172
46578
2599
3114
6539
910
6377
1080
68358
235
1212
3421
3996
3730
32587
1953
33794
471
2291
1994
3418
194
1272
4995
8961
2303
1287
1028
25
1500
2797
112852
2716
1673
1263
2076
733
1206
78499
1254
59315
3868
56782
1220
1952
2917
68157
1266
3462
4886
1674
63082
5669
5995
2268
1084
1265
3362
2194
1784
5618
3949
5418
590
1278
3481
2971
1246
1097
4011
349
7502
3504
1923
1997
1262
44555
1945
1233
50872
720
6711
33166
3471
5444
40815
2712
4085
628
1077
73017
54259
508
1090
3198
1285
2580
44199
1096
905
2791
1307
3468
3039
4027
54286
2186
950
8132
3683
1234
671
64839
2739
581
741
474
8874
116797
1292
68954
3152
3363
1094
2871
76093
70286
2542
3735
2467
232
2648
56367
8368
81229
2501
106920
1960
994
2795
265
954
2132
30707
1411
5064
955
17
866
1256
509
3499
27773
223
2160
1103
81591
3435
3911
1959
2289
2300
2005
1264
4034
3429
3201
74458
914
4450
16
54997
3203
161
515
2243
3000
2020
31658
59784
29
1956
1947
928
1361
1217
4007
2313
1680
1939
319
3007
3359
30749
11
1269
1224
86882
3019
348
106782
2690
3307
1215
800
3035
3095
3213
125
1175
1946
57669
33493
3424
3167
44665
2664
2231
1244
1466
102445
1192
5816
2318
4262
21
1086
6385
3386
1374
1235
51255
1333
1305
2203
4235
6796
6979
1729
34405
5971
109374
69844
3168
2761
92259
6870
72998
1927
7022
1243
134130
2890
3361
377
54001
551
87232
91542
40819
68237
28
6502
4848
1527
2644
1962
49530
8784
3016
3083
475
6188
88129
3200
1393
428
8807
1251
441
2144
2278
2125
306
5146
1223
1641
3068
3811
89745
5630
69122
1249
1950
6787
363
1948
80463
1231
230
2202
3546
2841
780
45
911
1201
7212
7090
64614
1120
968
110102
3788
81847
942
2137
307
3545
1211
81845
4896
98809
5956
1260
88125
104374
2248
6754
3038
1356
280
69757
3510
2746
2081
2857
1281
538
112183
51935
921
2612
1248
1178
3702
1584
8636
3104
6662
3037
1958
64285
1348
6874
2391
3018
3793
4623
2726
1284
1931
233
3476
7132
477
535
946
51412
1209
2357
3101
31410
109487
3219
529
2078
1611
1357
2336
50068
2245
3724
51471
1921
1029
5991
930
4016
3952
1191
31116
3916
3034
4299
2929
7386
7802
58295
805
1345
31435
89804
115713
85414
7099
32898
7147
785
1257
1095
81932
3272
2232
1302
2067
104913
6807
322
53123
4037
67087
58
4239
39
3252
6942
6350
122892
1537
3088
1719
81564
3022
2108
2288
2788
8950
4979
106489
54503
1303
909
539
3814
7087
1238
4308
3671
6959
1280
3414
951
3929
1189
1012
5060
2919
3679
156
6104
1283
3006
300
3512
2936
89904
26326
1242
1449
2447
1343
5103
4489
7256
41566
345
55052
8665
2474
52281
3067
3310
1085
927
4679
1296
8981
37733
86
3983
2068
272
1081
116
4103
8542
2423
1734
5782
85
62081
2935
8641
2138
98491
1147
47610
86377
2728
2732
105504
59018
52458
58803
55247
5992
93363
7438
2987
2366
2359
8958
7075
1754
431
162
933
1688
3801
916
61240
1663
51662
6187
35836
3020
2973
57504
3342
122900
91104
111921
1185
1964
3469
2938
106696
7419
900
3677
3036
521
65037
59684
65261
373
6281
2925
115617
96821
26729
5791
95167
6378
3728
27724
36931
5380
6283
1261
65514
56152
945
1907
1834
3358
30
111362
299
76173
3475
3548
3741
3448
728
42418
3112
7373
106100
3350
68073
5074
5876
971
97921
353
4422
8933
759
38038
2731
6003
2924
6708
1982
3406
1419
72641
2654
4432
1227
766
56339
52767
106916
80
1023
1124
128360
4223
5475
534
26524
3175
3467
2130
5903
973
2920
3653
3505
4661
96079
3072
7767
3194
735
176
5690
3742
93721
2490
60069
97304
27022
4821
2460
1046
49278
84152
8366
3011
86332
3134
2495
3089
4642
33660
86320
2696
2406
63876
61024
3809
2287
66934
2951
3552
4369
121231
89
3081
7669
6440
5108
3176
96728
4017
1942
149
2944
1082
1938
3879
3135
3703
2301
85179
90061
4755
47518
99145
7091
3507
1104
262
74946
2660
81834
6659
37857
2463
73321
5882
99114
3524
87306
36529
3071
55269
2529
3684
44195
2011
94018
64716
79139
2651
6773
3246
119145
596
1366
52950
8607
71429
3364
1279
492
2344
2361
2912
4102
4179
4128
7116
108932
5008
3736
71838
91658
56587
6201
4846
27846
7566
5010
26662
1944
140174
213
832
3178
62374
3967
5902
6791
8633
8264
8798
8239
3062
494
48738
34162
4410
94780
7836
5341
94959
8228
88810
2285
935
26587
850
48394
1955
412
2070
55063
1218
26776
261
907
3745
3102
42004
35957
4263
55250
5400
1983
8123
53887
26797
86487
8261
4428
5238
74089
96075
26501
58649
163949
101850
150856
104119
112577
114464
5017
3501
6724
1965
69481
2863
3317
3871
1564
3654
26084
89774
30816
326
48696
6331
147
130520
49280
26422
2440
6783
4612
3604
1810
8638
55442
101525
5385
34332
915
7027
5500
1934
59418
2349
3275
103
7380
4029
53318
901
3943
2395
2721
6987
5772
2096
73290
2405
3556
80906
55118
4734
6184
2874
