user_recommendation
318
593
608
296
356
2858
527
50
260
858
4973
2571
4993
1196
912
1
1198
4226
1617
589
969
2959
1197
5952
1221
1270
2599
7153
903
2692
953
1204
1136
1304
1213
457
111
1240
110
908
904
32
4995
720
2329
1291
899
541
1704
778
1207
4034
293
1210
2908
357
1028
1193
1219
595
2067
1089
2391
509
913
2028
6016
2804
150
4878
1233
3147
2324
923
5991
1259
918
246
1036
4641
2762
4380
1206
1252
7361
750
1258
2997
1208
364
1200
1968
36
1682
3910
1203
1265
1619
1073
1214
48516
2064
1080
58559
919
480
1225
4085
838
44191
46578
4011
1148
1276
79132
39
6874
4963
1230
8368
68157
5418
32587
1947
2396
745
2427
78499
1961
59315
47
5816
5618
81591
1285
1097
1035
588
1199
5669
2918
1945
57669
319
2791
6
1250
926
1278
4886
1212
62
17
8961
261
898
1732
1084
922
194
2115
11
300
1220
235
920
56367
2716
628
337
928
1103
3949
5989
30707
1994
555
6539
2076
1411
1223
8874
106920
4306
2797
6502
2501
1625
2278
48780
3072
70286
56782
1952
497
4027
6773
31
515
7438
910
54286
33166
4014
8784
5010
40815
2289
1950
1077
1246
5995
1222
86882
3703
1948
994
1287
3114
49530
1293
3967
109374
3471
3160
69757
58
3730
2303
474
8950
951
1610
40629
1997
6377
1262
475
3007
265
1248
551
8798
3996
68237
2580
954
3481
99114
134130
1247
1939
8132
2300
2202
3504
1374
3897
34405
2971
3527
30749
5782
968
4262
2542
55280
581
96079
1269
31410
1748
27773
2078
1953
7502
45722
534
2355
25
590
2186
3435
134853
3735
38038
1466
1333
1256
1358
1060
64957
3462
3702
2987
55820
1653
1254
3683
1884
1090
1674
1217
2302
69481
1954
48774
508
2890
223
1267
2194
2357
55247
7371
5017
88810
1834
1172
2917
1357
68954
122882
162
5013
1175
1296
4308
594
1292
3724
2912
4235
1361
6787
927
1189
224
36529
1784
3793
81845
79702
3507
2353
29
529
1348
2973
106782
2467
8958
6331
53123
76093
1673
3088
2871
71535
3510
2726
2677
7451
3108
54001
1215
97938
1012
89745
81229
2019
3421
3000
1266
2502
3152
8970
3868
2442
955
905
222
1209
63082
109487
2099
6350
4357
1408
2454
7116
74458
2144
48394
5690
94959
122900
3684
3168
3095
6530
2066
1376
3060
80463
8228
6987
116797
3260
115713
54503
1061
1303
55276
73017
349
44195
3536
1264
73290
1641
4223
2947
3129
7419
105844
111759
4450
1941
69122
85414
1244
3357
1670
940
440
916
95167
3476
1211
2248
31435
2648
88744
40819
108583
88125
3742
128360
3198
1965
1234
198
4037
492
2403
272
1179
471
1735
2916
69844
2920
4979
6807
663
81834
2005
71899
3467
1957
575
3019
1729
5349
3134
89804
232
2313
31658
4881
333
3270
3546
5105
7981
3201
65188
3039
1224
1569
3418
5103
165
64716
2925
105504
7669
1192
233
1147
1079
1387
2728
1020
7256
50872
4369
5876
106438
27317
1228
72998
1611
1288
1958
106100
2739
4483
3362
2732
51255
86
3653
3424
2846
2644
3741
6870
535
3363
943
65037
59684
971
8645
3020
115569
152081
10
2020
76173
64839
7123
81847
3101
107559
106441
477
1096
35836
5444
53125
3167
45950
2336
116
39292
1059
2018
1251
60069
86504
3246
2863
3676
1272
3310
4679
1719
1946
26084
2010
37741
106696
7771
3677
98961
3598
7139
524
4427
6380
97752
1092
950
32898
93840
2203
2731
1936
81932
104374
306
112183
40583
6942
108932
2330
7700
3038
4437
26662
178
5341
5812
27846
7587
3386
41566
5062
4404
2579
2857
8807
5238
800
3929
7137
26524
7263
230
38499
307
1218
2929
161
3359
2664
3984
2746
938
428
59784
2243
59018
6724
93510
127152
1041
2788
4128
1237
44199
176
98809
1960
1394
5475
7836
1299
1956
2232
91542
2208
7132
8981
5630
96821
3307
85
5385
41
6971
3548
4432
3196
2690
2948
3361
1094
54997
901
4642
4914
72226
3153
6187
122892
40732
115122
5903
1271
32289
41573
48791
68269
80839
79824
6662
81562
1280
2285
79091
3456
2333
53953
79428
8123
8261
96075
8264
7087
86487
26501
26797
4428
4422
53887
55063
101850
2283
58649
74089
4410
163949
112577
104119
114464
150856
1909
5679
3872
1955
55269
280
4661
599
1959
5673
6021
159
5992
6235
55442
931
2551
2949
348
99145
3543
4623
6385
6001
68838
2946
2612
452
1797
1935
2231
6796
88129
1201
60040
6970
3006
5225
48738
1078
1099
3580
3657
2201
3656
3429
80489
112552
2366
76293
4304
2137
7698
55069
3035
102993
27904
110102
6852
1283
60397
146656
91104
5878
3809
4901
63853
26614
1962
4086
34437
112852
241
448
1104
177
8711
6077
4809
53972
2109
33004
3524
6565
1931
4327
101
47610
3943
1964
6777
1013
3989
6552
54881
4969
125
100556
3468
102123
866
59995
100714
5446
6125
56607
1982
1500
104
2117
1566
1186
3317
1449
7156
59118
1564
1081
6936
766
57
94864
86320
2935
441
3178
82459
2359
3503
322
39414
106489
70293
27660
5500
1464
8477
5064
2474
3686
942
934
2423
96728
54995
5146
945
123
3083
1340
8938
4801
4546
85774
85736
46970
549
7069
7075
1085
3350
3451
84152
2245
8464
5971
1274
422
16
3077
3633
27611
2291
4105
60753
42004
714
52767
8366
97304
2204
431
4239
1680
3671
616
7091
67087
33437
7833
6323
4720
2660
1824
3414
5608
6666
5772
2133
7386
262
2038
8340
48322
266
2071
7566
3811
86377
921
2148
51540
53000
50068
6273
59387
103048
3475
6101
3105
3360
933
99764
71462
2125
2288
7164
56339
1393
671
77837
88140
5291
1232
3200
63131
1305
930
7215
281
924
64034
2331
1235
62203
61240
5391
4017
34072
26729
2321
1688
55052
3545
56152
79242
80906
105197
87304
48698
7932
4252
91673
26599
84187
8042
6869
4263
53024
6271
38304
52435
9018
37731
34153
67255
3104
1178
741
8493
