user_recommendation
318
296
858
527
593
260
1196
2571
608
50
2959
356
2858
1198
4993
1193
1221
589
1210
1270
110
912
2762
4226
47
1
1704
3578
1089
1197
2918
1213
1617
5952
111
541
1136
908
32
364
7153
457
778
1240
1208
899
1252
293
58559
750
150
1036
2028
745
923
904
79132
595
924
1214
4973
1258
6016
1259
1225
1291
1073
913
2692
1247
1228
1148
2329
2804
1968
5989
903
2324
969
1250
1203
1199
7361
1961
2599
1732
2502
1200
1206
1060
926
590
2997
36
1079
1610
1222
48516
2542
953
32587
1230
1288
1219
1265
5995
4011
1204
246
3114
1267
1207
4995
1212
349
1304
3996
1625
2019
4878
1220
588
1028
919
2064
898
3147
2797
2716
377
337
46578
910
3897
2300
1682
44191
1580
1299
1276
1953
480
56367
1287
6711
2289
3481
509
1080
17
1090
48780
555
6874
1307
6
68157
1097
2396
1278
4027
1172
1387
29
1527
1356
8961
55820
3362
1233
4306
2268
4034
4308
1272
2194
1952
474
1293
7502
1673
4963
1035
1215
3462
2291
3730
955
2791
16
1234
471
920
3471
1084
6539
922
1223
1262
109487
2395
1584
1945
78499
2580
950
2186
2467
3683
1947
3671
1997
2359
2144
928
671
223
3006
497
56782
1954
5064
1192
74458
1263
106782
380
162
2739
59315
628
116797
7022
81591
951
1674
2248
2303
33493
3504
3868
2318
33166
1960
5618
8874
1175
2115
905
1094
1260
4007
3421
4014
1246
232
1264
1500
1096
1285
5669
27773
1956
968
92259
1249
3435
733
1254
1411
3499
86882
3359
1959
4886
1333
2243
515
2712
1284
1256
720
68954
1343
57669
6796
1147
1361
21
1393
2132
1269
39
3019
1957
3949
2871
106920
194
6787
994
1719
551
954
33794
2125
2366
3424
1266
3418
64839
1086
109374
7438
30707
2908
3735
475
741
2917
3307
1394
3468
25
2501
800
1283
529
3022
1248
175
911
3198
3039
363
3317
3201
4235
1466
1179
2076
599
1189
3246
1217
2096
1095
3072
69122
1178
942
3814
1104
1201
2644
3952
1231
63082
134130
3361
390
2137
440
3363
4262
2490
1729
27022
348
3000
2648
4085
1464
3167
1218
2231
5956
38061
70286
28
914
930
3256
916
1784
3104
2971
866
1374
3508
58
357
3101
7132
1209
3034
161
581
2160
104374
2726
5444
2951
1641
501
3037
96079
2067
1077
933
3916
441
2020
30749
81845
3451
1357
134853
3788
59784
1955
6732
1292
6440
8641
2664
235
5060
5991
1127
6662
1296
3448
8228
1244
1120
1305
50872
1023
1280
6502
6807
40815
54259
7669
2690
2729
1103
125
7802
5225
3088
44665
272
946
1948
7147
900
3469
8542
3551
2795
508
112852
1537
2929
7320
3089
44199
1261
3358
2973
2138
8981
1950
3035
91529
5630
2391
3793
7143
1227
1237
88129
1680
88125
280
26729
6979
54503
8368
80463
73017
3210
3030
104913
2087
648
1927
2944
3252
115617
49530
69844
34338
8970
1224
909
48394
3152
6003
110102
307
3213
5816
1188
102445
54286
3135
3263
6188
1019
5014
2081
306
535
6350
1946
68358
3068
921
49272
4623
2463
2459
1449
2118
2288
56152
44195
945
115713
4361
52
5418
1041
4019
81932
2761
2553
4304
31658
76093
3983
27790
1845
37741
2694
82459
30816
3510
5152
3044
1964
11
1191
4432
6461
51540
81229
805
5812
99114
2863
97304
68237
735
3653
45
47610
1916
1939
5971
3801
54997
3160
7451
6993
62
105504
5103
27831
89904
54328
3095
319
5074
1202
93510
4326
2935
3083
4190
2357
121231
5114
2788
2924
89745
4327
48738
2321
3672
52973
2841
3355
4033
2278
79702
233
91658
477
6104
1302
2474
51255
4188
3967
8132
41566
1358
85
3007
2202
7091
6331
6870
4450
534
8638
265
35836
52435
96728
40819
4002
54001
3879
1923
2203
1281
5500
2916
60756
64034
116
3429
4292
4128
2488
2267
8807
4103
4037
80
3175
1238
3360
1185
104841
112552
34405
3507
3067
3038
45728
4029
8880
927
7099
2612
2010
373
72226
96821
2687
33639
206
3111
1962
4848
51935
112183
2313
2947
64957
431
1944
1046
81564
1649
7075
7380
1921
7649
6669
2078
8950
76251
4105
86377
2073
3635
67255
69481
7386
3681
3200
3275
2232
8798
1594
1257
4799
42004
1963
759
190
40732
2925
106100
122892
1913
428
5055
1088
85414
6791
1183
7767
1754
2987
36529
6565
3798
832
3203
1022
8958
81847
4489
2005
3546
4349
1366
1834
4896
47518
18
940
3134
4783
1029
222
1251
74727
1663
2330
5876
3016
322
3033
7771
69757
1688
3505
785
3724
108932
2936
3536
1994
6062
7235
50068
70293
6378
2627
4711
3947
565
42418
2108
54281
1301
7087
69
2524
5008
290
4518
2946
215
1635
2920
45950
111921
3060
8645
1912
2261
6942
907
112138
2563
4755
90061
2336
94959
26587
2165
4263
4930
4591
1563
4796
1450
4076
5427
1819
971
41
5782
5522
3741
7013
3196
4467
2846
6380
247
115569
3512
7256
84152
7137
2693
1211
309
66934
300
3871
3702
3543
80489
4465
3330
87232
3384
2208
140174
8933
5791
1123
6783
7285
72641
3062
4321
5915
2728
7156
4239
3310
55276
3272
4571
1242
6323
345
766
52767
58347
1967
106438
1031
37729
30812
48322
105197
84844
91077
3545
3729
31433
2083
32898
2949
4945
4466
326
4427
96829
1274
5992
6776
146656
106696
62718
3168
1241
55069
98809
4117
973
1277
97
1352
108981
2919
850
8464
5540
4661
101525
6375
132333
4965
3178
97921
58303
108727
917
34162
230
116897
102684
2352
6184
27721
63131
2245
1958
7090
89492
72011
6773
99764
2654
4443
7419
2304
3524
2527
54881
89804
7116
3892
4179
4017
4322
3071
3612
5010
3219
127152
106489
102123
308
4223
6852
2554
6001
46322
101
139385
8784
1177
3718
4562
2824
1734
81834
5490
1747
71535
1066
4086
556
62155
5446
3018
2068
149
26326
6974
3548
112515
2651
67087
