user_recommendation
318
296
527
858
593
50
260
608
1196
2959
2571
2858
589
356
1198
47
4993
1210
1197
1221
4226
912
2762
2918
1704
1208
1193
1136
1270
750
5952
111
1213
1617
2502
1240
7153
4973
541
1214
1225
293
2028
778
1
1252
1089
58559
110
924
908
899
2997
3578
2804
1259
904
32
4878
150
2692
953
923
1207
1291
2324
913
919
36
223
590
1968
595
1203
1148
1206
1035
926
1200
4963
1961
2329
6016
480
1230
1228
903
1247
1288
1732
364
1394
3897
2599
8961
4027
6874
2291
457
337
969
2716
745
7361
4306
1060
1219
1233
5989
2396
16
2542
3114
1584
2019
1073
5618
4995
1610
2395
1500
3362
3147
17
7502
3481
2987
1682
46578
3996
1250
1090
32587
1222
509
6539
720
48780
920
1287
1215
48516
6
1272
2064
1625
1244
922
4011
44191
2318
515
56782
33493
2289
1258
1204
555
551
1079
3471
1278
2300
246
1036
1077
2268
1028
1292
1267
1299
1947
1784
3671
56367
898
508
8874
2194
1201
1234
6711
1220
1266
1293
1224
497
1246
2144
3683
1276
34
1223
1175
349
1263
7438
3504
910
40815
1952
27773
1212
474
2791
1172
1097
2467
2359
1387
29
2076
968
1304
1307
3735
55820
25
1285
68157
1179
8368
2160
800
2580
1242
5669
4034
1254
1199
1094
5060
628
2303
161
955
2908
5995
3198
596
3462
914
89745
68954
475
3363
52
2797
1393
33794
928
4007
44195
3499
57669
1096
272
265
1527
3868
3730
1674
1120
2973
1954
68358
1333
1960
3911
471
3201
86882
4886
1271
1217
54001
78499
3421
2231
1361
1357
6502
109487
3361
1953
1343
39
3039
954
2871
1192
529
2971
950
106782
2746
3359
1673
2243
33166
7022
3358
79132
64839
3418
134130
951
2712
2917
3814
3037
2313
1284
357
921
7147
728
112852
3152
535
1084
3788
3016
363
115713
2115
194
6787
3468
1086
230
2081
348
2186
1095
1590
1104
6188
162
3210
733
59315
4033
6377
3219
3952
1029
2391
4014
1956
3022
79702
2664
3072
1269
1235
2232
2020
3068
6796
3019
805
5349
4308
3088
905
1411
81591
3035
1374
69844
1260
3543
1227
1466
58
35836
1081
5630
8970
2929
3246
3135
538
2167
1103
5956
3095
2138
2739
2087
1945
2132
280
594
54503
72226
63082
206
2648
5064
1464
44199
4262
3916
51662
588
7802
222
50872
2125
1912
4239
2463
1845
3167
6807
1264
69757
5812
3203
28
2137
261
106920
1261
4085
581
3435
81847
2857
3033
232
534
1962
2336
41566
88125
866
1047
76093
1023
1237
104913
5377
3006
27022
48394
1262
1249
6863
1356
500
81834
306
116797
8807
5010
1256
1921
9010
2788
82459
2096
2355
2366
2947
1283
5103
1189
1537
3102
5971
1178
233
3317
1958
2795
3034
3256
30812
87232
2078
599
1305
7386
6440
1282
8228
307
3696
5816
428
3448
1641
4235
3030
785
109374
6979
2687
4246
2501
6003
900
1345
916
2912
1173
3262
3386
2321
3469
5299
3000
2288
5955
2841
4016
1994
942
2553
3703
319
3702
1277
933
44665
2459
5782
3967
1191
2490
34405
88129
40819
49272
3272
3429
2108
96079
2644
68237
4848
1719
1231
7075
3724
1649
70286
1366
8641
4979
125
1218
110102
5444
8645
2729
3451
994
59784
1957
671
1748
4465
4002
3252
407
11
1248
2070
2728
3943
1449
1754
4326
52885
741
1238
1281
930
3018
4630
3437
5765
1022
102445
156
2919
116
2721
1653
6870
2901
7156
3067
2010
1177
1321
2545
1032
556
4406
54286
1303
1959
373
2926
3342
71535
1964
61024
3424
104841
2594
1274
3081
3089
1580
30
3200
54259
1982
2140
76251
2626
2761
663
4571
69122
6436
8958
1965
3020
46976
134853
4102
3112
2109
66934
4361
2248
97
213
45
6380
8937
49530
80549
6942
31658
3196
3706
3111
3713
647
1211
3476
940
84152
3396
1302
4557
131724
1041
3160
3181
36529
112552
3551
1080
149
6461
3546
1729
80489
2985
4263
121
71156
6666
3545
175
911
106100
5500
3341
96821
82
88140
2693
8784
54997
3728
4292
3420
247
893
1202
492
832
262
3791
5225
2875
38061
73017
142488
521
3186
6323
81845
345
3725
5074
2474
2442
64614
4623
4128
1392
8132
1951
2337
441
1332
3101
6063
2726
4103
3213
85
3635
4190
4787
1188
81564
766
4896
5291
3510
94959
4037
1948
390
2352
5991
2495
1688
1517
229
1085
3330
1927
3654
47610
1257
97304
1251
946
30816
4901
1232
1483
51935
2690
5791
2130
2208
235
3679
99114
8798
3038
5954
21
3457
1147
7090
184
7649
3104
2682
3467
326
2952
1012
7139
2560
6452
2852
3036
2696
2166
3194
2944
907
4533
3524
4322
1931
80463
308
8580
3062
148626
3760
2348
4450
300
1209
2750
988
2988
63876
51255
115569
4641
1663
1301
1057
3044
2752
6419
312
64957
2203
4088
5960
4522
4617
4628
366
322
2093
3512
422
33004
5876
380
1711
135887
2174
945
6954
4009
4223
119145
2686
62
60756
341
1955
26662
55908
1341
2935
81932
115617
2951
1564
2660
3734
40732
2612
3168
2271
4008
85342
1348
1611
122892
4105
1904
2102
1824
139385
3115
3608
80
6001
592
5617
6957
2131
1187
2245
122882
1046
3833
3770
1655
183
1771
3837
1312
3840
3851
621
2945
1463
3024
2465
1543
3757
3281
2483
49
1531
2982
3021
108932
61240
103
2550
3672
2488
97921
4427
7063
2267
567
1966
5152
2755
89804
5903
46322
514
3307
2177
146656
6993
3813
909
60684
2419
98809
26
98491
43
1128
2261
58295
7380
1939
1241
4616
4489
65261
1615
6296
1194
8493
101525
384
86
6791
1380
3547
1635
3871
52435
3052
2065
7669
1354
27831
3414
1130
3334
106766
64620
1516
30749
281
2570
3793
3153
531
7445
51540
13
53129
104374
48304
4734
190
7285
421
3557
3983
6708
4321
70293
4459
3360
91658
74458
