user_recommendation
318
858
527
296
50
2571
593
1221
608
2858
47
260
2959
1196
1213
4993
356
7153
110
1136
1270
1
1193
4973
4226
2762
1230
3578
908
912
111
6016
541
1206
1252
2396
1197
5952
1198
2997
913
923
778
1208
457
1304
58559
7361
32587
589
1732
3114
904
150
1210
4306
1089
1222
1265
1240
78499
32
903
2028
922
1203
4886
1617
1246
1682
1212
750
969
36
3462
2804
1225
2324
1080
1961
1247
899
1228
1035
953
235
2076
3897
1704
1259
27773
5995
920
364
1291
2692
293
924
246
3147
4308
79132
17
1653
1214
109374
34437
6
48516
1411
3435
919
1207
6874
2918
8228
3996
910
68954
48780
2973
55820
1267
4011
1248
1204
474
1200
1348
588
1199
2329
1625
68237
60069
1256
1288
6987
1952
1235
4963
7123
1258
57669
80463
1287
555
2551
1272
68157
2019
62
5902
7502
5989
866
6539
5017
2467
1921
1393
2066
8958
48394
49272
58
926
1237
1464
1234
56782
1219
349
1232
6530
3095
79702
122882
7700
7438
8950
7371
1673
1263
3742
7022
1884
745
27317
7147
2115
5105
898
6377
2594
7981
1250
515
31410
64839
134853
529
3134
56367
3471
2010
1466
4437
928
39183
82459
5782
70286
6971
4404
5062
7771
3793
7587
34405
54286
1307
16
5010
1278
911
1103
25
4914
4995
2132
2579
8961
3468
2064
2916
1947
1084
3152
61323
3481
81591
106920
954
733
1271
1090
4034
306
5669
2797
112556
3255
8874
1358
76093
1148
88125
108583
29
714
1357
30707
1537
497
1276
72226
7116
3104
50872
54503
1244
1950
5444
1674
1172
2700
2580
1273
3362
4037
971
994
44195
152081
2863
838
2599
194
915
1231
2067
2232
116797
2890
1254
2726
1968
1939
1299
2300
2160
7132
4016
4848
1285
1096
492
3676
1147
198
44555
2302
6773
115713
3246
4878
3186
2917
48774
122904
1211
7265
86504
105844
1269
2268
5608
1960
2542
7156
3724
1953
1233
3730
2303
104374
5445
1028
1356
69757
3735
1962
1293
2202
475
1260
1374
373
595
128360
5618
680
4881
308
2716
7091
8873
3088
1060
2427
28
2718
1175
6985
916
3741
1680
115569
4262
32898
2541
1303
2186
1958
2443
1835
2739
2291
1945
1394
3317
52767
1036
36529
3683
909
1376
8798
3310
2501
300
1834
946
5225
72998
8981
2278
2843
8254
2897
2920
4546
2289
1220
1217
581
6787
25805
6502
380
4235
2359
1077
2936
2600
8542
108932
1527
1201
99114
3101
7566
1361
337
1954
2366
1997
2908
1097
100383
3275
2971
3007
4641
49530
3551
661
2321
8477
1218
5679
1223
1266
3022
1189
3424
3072
7069
1419
471
431
81932
30749
2204
69481
2194
39292
115122
3507
1927
3476
3361
671
6643
7728
931
72641
1243
5137
7063
7075
4019
7419
134130
1748
2203
4450
955
6666
950
3503
26712
3949
3788
84152
3684
7256
7235
1344
4552
2490
2117
1941
6791
52
2078
7115
7135
66934
1611
1959
27834
4725
4645
81834
6807
33794
1994
4179
5949
6774
44191
3252
900
3260
3916
1296
4612
6565
3679
63876
51540
968
1262
2005
3018
122886
144976
37741
32525
4027
5418
4021
67504
83411
83318
83359
93838
905
106782
6786
3421
2176
3871
3196
307
1245
1280
105504
7767
8933
1956
106489
140267
26524
3167
551
8665
2243
4642
1209
131724
3536
535
2118
1059
907
3359
93840
940
25771
3504
46976
319
3527
5008
8264
2355
1094
151
3386
175
1946
3077
94959
33171
741
1281
7139
26326
2020
534
5630
125
60684
6783
2946
1264
40815
3363
55276
232
7360
4406
943
55247
8650
2423
3801
3467
628
2474
3309
3307
934
1923
58303
8910
5238
25852
8121
7208
47728
50658
176
48696
161
3083
91500
140
2105
115149
1500
3980
8827
2938
21
1635
4033
8938
5013
6380
37729
4181
2983
5121
3153
2081
1916
2927
2529
4467
2357
4054
7669
38499
4007
1948
3989
111759
3925
2761
1185
53129
1967
7024
26231
3071
8908
3418
3038
6777
33138
2648
6708
34326
5473
77291
42900
95113
63836
8240
80553
40226
2440
27792
26749
32840
32515
60384
71390
166
663
4697
7143
27815
5954
31952
3060
25769
1734
2732
6184
2763
6724
230
116
55063
5475
4432
34323
3858
5152
2208
1391
949
86
1257
4969
1305
3668
5646
265
1935
6650
2391
3543
8914
2018
2871
55052
1227
51662
55274
266
59315
2248
1873
3545
86882
5816
3357
40819
1957
50742
50740
101
77455
1610
41
44974
8042
38304
5341
2144
1936
6218
3218
2949
1693
68358
2690
2138
1302
7087
2728
5812
4903
1719
74458
3089
1684
26171
901
7285
3598
8600
3629
2961
2071
26472
3983
111921
7074
8511
8609
72647
8797
5914
5059
31547
80599
26400
25764
4405
96079
927
594
7943
40148
2009
3929
3702
51080
97938
104879
1224
4448
4809
1449
3100
51255
2352
2670
2644
4103
6273
3030
590
7836
69844
8132
4422
6662
80489
79091
766
89470
121231
6870
5064
3034
62376
2687
556
3035
3469
68838
25750
2245
6433
2313
5541
1162
96821
4661
26693
3952
7698
3868
73344
3097
648
6538
1649
4410
33166
53123
34
2925
58998
96075
53887
58649
26797
26501
8261
8123
4428
2285
2283
74089
86487
163949
150856
114464
104119
101850
112577
2947
3872
27721
2664
754
5177
2857
7215
53519
63131
893
42418
4465
60950
2924
98961
139385
27611
1284
127152
6780
71535
4211
1061
112183
8711
34338
2000
947
55253
5291
5014
4263
1178
1088
1580
56152
3075
4979
1253
71033
6077
3656
3456
3580
1955
3657
2201
6818
1321
281
4537
6125
6970
2273
62849
27831
86377
56339
4427
96811
930
81229
2109
7387
3198
1192
720
3213
3499
4705
6942
1041
60766
5288
7137
81845
72395
97921
3638
6669
3355
119145
2712
8491
65188
2565
6385
3967
3783
1079
2395
3546
2333
538
428
6021
357
89804
938
6552
96588
914
951
3179
3135
8838
322
1964
6591
71156
1078
850
52435
1283
7073
229
4102
2336
1104
