user_recommendation
318
296
527
593
858
608
260
50
2571
356
2858
2959
1198
589
1196
110
457
4226
47
1221
4993
1197
1213
1
1210
1270
1136
1704
7153
1617
912
1291
1089
32
778
150
2997
5952
293
2028
1193
2762
111
2918
1073
904
541
1225
2396
3578
1208
1240
908
919
1214
969
1259
750
4973
923
899
1207
2797
2599
1961
1252
79132
2692
58559
953
1203
6016
924
1035
903
2542
1036
1200
1968
349
1288
1148
4011
2324
2291
2329
2716
2804
1258
1682
913
1060
48516
1947
1246
1265
364
2194
4878
3147
2268
1222
590
5995
6539
48780
1304
1228
6
920
1247
1732
555
745
7361
5989
337
1090
3996
1356
2502
1276
4027
1263
1673
497
1094
480
2115
2064
898
3897
1219
4306
55820
1250
3114
11
32587
1097
508
1394
1079
1653
1233
4963
926
1172
1610
3481
8874
1674
1299
3006
272
1204
1287
68157
515
16
914
1357
474
1254
1960
57669
46578
1387
2580
7502
2318
1267
1953
1199
2712
4034
223
161
265
56367
595
377
1230
1307
1244
2289
3421
4995
56782
6874
3499
1095
1212
44191
509
1242
357
2391
2987
36
33166
3683
246
262
916
1206
2739
17
8961
1466
2186
109487
733
7147
1192
1293
6711
928
1234
4007
535
2020
910
2005
1179
33794
1217
728
1028
922
8368
1408
1957
3081
1393
194
1927
307
3246
2890
40815
1333
1580
2019
52
1178
5816
588
3471
1220
4848
3448
1096
27773
1185
1262
720
905
1302
805
1954
2144
2300
1278
2395
5225
34405
3735
3071
3362
475
3039
6863
116797
2971
1449
3468
5956
1264
471
2231
2501
5630
306
501
950
951
440
531
3095
1272
54286
6979
2761
1292
5418
994
2973
2243
106920
551
1945
2248
3462
3868
2908
1952
4979
1260
81591
1734
49530
68073
735
2303
1103
319
4235
4886
232
3363
235
3358
1077
290
1729
2359
37729
1584
69844
49272
5991
1175
3545
3730
5903
2529
6440
4016
2355
81834
3019
5114
741
2160
76093
4262
1080
230
51255
68237
911
69757
5010
1224
1231
2490
431
3033
2137
25
2138
3435
1625
1238
1223
1081
5618
1916
1374
88125
50872
5064
3504
162
2871
28
70286
3203
63082
3510
2467
2795
2202
3175
3307
308
1023
13
1256
628
2406
2076
4037
3359
44555
6502
3527
1201
106782
44665
88129
6870
1784
534
30749
1269
348
3788
3035
109374
2125
1962
6796
1189
3424
2952
2917
73017
850
68954
48394
7090
529
4014
4211
5812
4467
2985
353
946
4085
73290
1376
2463
390
2687
115617
1025
800
1358
59315
92259
955
78499
1211
3068
3101
1243
1086
1120
3355
3791
2694
1500
6787
3104
5444
3916
3451
3088
5060
3275
380
1946
2321
6377
3543
4865
1029
4103
3342
34
1834
175
5669
968
1284
2232
1321
2563
1249
86882
1982
6620
4489
8132
134853
7099
3022
1994
1958
1266
3255
538
1215
54001
556
3952
3111
91104
112852
3198
2944
917
81845
1956
7022
1084
314
134130
3256
5152
3386
2690
1411
1366
64839
21
3152
930
2267
115713
412
6942
1227
3317
2841
1013
60756
909
1352
2924
565
4450
1305
671
1285
1955
2746
68358
3671
280
8798
2302
1257
1280
933
3418
1819
4591
5427
1450
4518
4930
1563
4076
4796
3219
1261
54997
3007
2284
1237
1303
3783
1277
4033
2102
1641
1964
7139
3016
1527
6378
4787
8970
1939
1041
3420
104374
30812
3038
299
3360
2745
96079
942
4326
1248
74458
4846
69122
2474
1948
1361
55250
56251
3892
1921
6333
37733
6565
163
3724
106100
2935
8493
104913
1754
1912
44195
915
3469
2070
31878
3070
35836
954
373
96821
31658
99114
1059
3176
1845
44199
89745
110102
4299
3036
2067
8950
2788
206
921
40819
3167
945
29
4896
1173
3044
3686
4128
1537
6807
900
1088
2313
1283
4465
8636
4720
3098
2208
4352
30816
4263
3272
2929
4308
3365
477
96728
3201
3083
2819
4406
2357
54259
4688
3150
1066
3252
787
3973
2245
3672
759
94959
4965
45950
1950
69481
5782
2966
902
59784
39
3037
1281
7013
97
1663
1959
3102
6350
1251
3524
7116
3000
3213
6385
64034
2090
2430
26152
112552
2352
2434
1209
2288
3983
7802
53956
3741
106438
3112
8207
80463
1282
54372
8633
326
91542
3556
2846
7827
49957
2729
1354
3032
949
31410
1271
1273
838
4537
1150
3134
2081
1049
5103
300
97304
3793
1343
7156
2612
2863
62956
5446
3505
2022
2312
3703
973
3548
81229
6452
6273
84152
108981
108727
5460
1104
39292
102684
2728
2752
107559
106441
6669
33660
3262
6286
907
88810
8807
2132
42418
26729
3742
56152
140174
4427
965
222
363
3653
2096
3512
2780
428
1963
7844
31184
6001
4442
876
4717
4565
2880
4567
4696
3949
8910
1085
5349
1619
2304
5971
663
142488
2852
3627
56145
6708
54190
60684
61240
8641
3739
3476
7669
3814
3200
156
1797
27831
64620
3521
102445
3196
34332
1942
67997
1693
3747
6419
1836
2791
6947
2730
1934
2287
148626
3417
3713
2432
66934
4361
3702
30
7137
3498
123
1286
6552
30793
3429
65216
3135
647
2686
91630
5668
87232
635
72641
86377
3310
1188
51935
146656
4617
4088
5960
4522
213
55442
6461
2203
64716
581
48738
3861
1643
1719
97938
86320
176
1923
2108
2023
4903
106489
6380
61323
452
1124
36529
632
4628
53
361
6618
927
45728
2611
81
596
5312
3160
1348
3910
73321
4623
59725
2670
62849
932
8530
2726
8228
4616
1131
72
2947
2336
3100
268
81932
5293
1913
4304
1484
64285
3361
159
3034
90428
1042
8665
1245
4105
309
233
5329
2482
2353
6281
7371
3535
5500
2622
1688
4641
71535
3015
1180
55069
8981
102993
6235
4133
49651
69134
2764
3508
5847
122882
1476
6773
139385
3467
940
4679
6662
4978
4121
3020
80489
1914
89904
53123
3350
8933
121231
53519
3060
943
2919
4019
85
2936
54503
54881
2046
