user_recommendation
296
318
858
260
50
527
593
2571
1196
356
1197
608
2959
110
1221
1198
912
1270
4973
4993
778
58559
4226
1210
457
2396
150
2858
1136
750
589
1193
1704
1225
47
908
7153
913
1968
1291
904
1213
1089
5952
17
364
3578
1617
2028
1252
111
1259
1203
1240
1207
1172
44191
1247
2918
36
969
32
1
4963
923
1208
4011
2997
595
1097
899
5989
1580
48516
68157
293
4995
2716
745
2762
903
588
1219
910
1199
1035
497
924
79132
223
2692
541
1732
480
1304
1228
1258
32587
1148
6
1682
1230
475
2797
11
919
48780
2542
2329
3462
1206
1269
6874
1394
1961
349
6016
950
46578
6539
1217
337
1287
1945
21
33166
953
1223
2019
30749
3421
1947
4308
2324
1077
3671
5618
1233
2599
109487
3996
265
733
926
7361
2804
1284
1212
1610
1220
5995
5418
300
3967
2291
1278
1500
838
1674
1204
1411
1028
1103
954
106782
8970
1265
1466
8368
1276
1036
1094
8874
8665
3095
474
898
2300
922
555
1952
2076
368
1080
4027
1256
1224
3246
4306
40815
1214
3897
59315
1299
50872
3363
2268
2115
1292
2355
1997
916
91529
1267
1084
3307
2791
1090
161
235
232
3793
2064
994
2908
1215
4878
671
99114
590
272
1281
1356
515
1246
1222
55820
1307
1967
2501
1957
5060
1178
6863
56367
2289
30707
16
7502
280
2359
7438
3435
1280
1719
524
134853
3504
1260
3481
1266
951
1131
39
3735
88125
6565
1201
1293
3134
1104
1019
57669
2081
3310
905
930
4014
720
2973
1953
4361
3006
2066
72641
1150
551
81834
3510
1264
314
2948
2467
7099
1358
6711
62
3471
3362
1927
2572
1262
946
1244
162
41
2761
116797
4085
5971
222
2248
3022
4034
40819
3548
34405
3147
104913
800
5816
2686
3952
49272
64839
380
3683
51255
2351
2231
1237
412
2160
534
915
3000
3963
3196
109374
2186
1729
1243
1218
4896
648
4326
88810
1251
44665
2971
529
1231
78499
741
345
69844
1994
2580
3088
261
8636
928
97304
115713
1272
471
1248
70286
68954
2947
73290
1357
8154
7013
5225
628
1962
1060
106100
3910
2318
1396
5152
1086
2132
1296
18
81932
2788
121
5812
587
4239
6350
3386
1254
31658
86
33493
1393
1079
5114
3275
2502
5446
728
307
94959
281
81845
933
6979
33794
5956
7371
1931
3037
3070
2108
6669
61323
3114
3868
1948
1333
1960
142488
6643
1345
3089
3414
2125
3420
115617
7116
6807
1234
175
3739
893
106920
1283
8645
6776
7139
4571
40583
1250
96079
535
68237
2917
319
3256
107559
945
6502
6273
106441
76093
3083
5991
5903
3035
1286
6918
262
99813
42004
7147
1959
1095
37741
1374
3201
6852
2352
4103
112852
965
4886
5782
72226
58
2068
80463
2739
53123
1343
1263
101
2728
2232
3543
1175
44195
1066
3949
1635
1939
7090
1050
2336
2208
64716
1663
8132
914
538
1963
2940
81591
266
69757
3911
1227
3168
955
3448
5010
2321
575
36529
1305
68269
2664
3745
8873
28
7022
39292
4846
1211
54286
5630
4478
3198
3033
6001
106696
104374
2924
907
30850
837
8958
428
230
40629
85
3470
1238
26242
106438
1944
4696
8125
49530
41285
3359
86882
3730
64614
1300
6932
3091
8530
2668
94466
308
8981
59784
2935
4880
4235
3676
2353
34072
1584
102993
921
2434
1611
1958
2871
931
7063
3741
69122
943
3347
911
973
58998
104841
96821
122882
7386
8807
1950
2890
3451
4914
2303
2202
1673
3365
1693
2846
1387
3252
134130
97938
3174
7263
2944
224
3791
3983
4010
2731
5291
1380
1860
30810
3789
5349
4019
2932
84152
8188
8199
1192
2712
8955
4033
79702
1616
735
2071
3527
7136
31878
1073
1023
2023
63853
2454
3632
3068
1537
3629
26662
6385
2150
110102
909
3341
2926
70565
3703
215
146656
3701
4978
4467
122892
1834
2490
6104
73017
3360
1209
71264
98124
89745
431
509
66934
2726
194
5992
2863
1330
8784
4967
3469
3429
1185
3270
2137
2011
6787
30812
2313
5669
599
1257
3551
65188
1810
2106
553
88129
1641
2764
8183
64620
1916
1965
1361
492
3361
1639
55247
920
6333
3104
1429
54997
100714
59995
2357
5444
2763
41573
79824
32289
80839
48791
6732
7360
60397
54001
97
6796
1096
483
845
1253
80489
3178
218
3594
306
3251
148626
96737
4427
2801
98961
4357
77658
531
52973
10
5732
6378
8633
2690
2194
27773
7844
3916
1275
3499
7
81847
53996
4273
51540
2070
4277
3038
6936
562
1954
3468
5876
1964
7373
2134
1754
8950
491
35836
1649
4889
68358
1277
29
5460
1032
5147
1699
3062
3591
4465
3096
4783
8675
3358
4263
106489
6219
26152
98491
3111
2529
55274
4166
111759
3007
3498
5103
3653
85342
52952
26729
2423
63082
1180
373
54281
54995
5135
7773
39416
98809
4567
876
4565
4566
4717
2780
2880
4442
3654
3786
968
82169
3814
1935
27904
279
458
3989
2687
1200
1273
68073
1912
6954
7320
5064
539
45186
56782
41566
3044
64957
8371
69
8961
2670
1025
4223
55721
452
2920
423
3771
3194
6975
27721
2288
2409
86377
67788
1321
2648
1845
7327
1303
1784
8528
7072
3306
451
1226
76251
2553
8880
440
2952
1688
134170
55290
71033
71899
1934
6783
7137
7317
2109
2078
55269
3505
1564
2660
3943
1824
1913
7649
1202
51935
4062
31435
44555
6452
2852
4535
6281
27803
7766
1408
7285
87232
26
2677
48082
3627
1941
6724
1189
3071
7451
3467
4537
80969
4225
514
3713
103048
45728
54503
2184
51662
26326
835
2099
4406
936
93838
3479
4187
3452
102445
4816
93040
6873
3606
6283
3844
3655
3686
1078
4133
8972
1883
1285
4191
2243
95167
56145
861
2750
1885
650
65261
6718
37733
3098
4903
81562
5193
1949
477
3412
4928
44199
99764
6254
678
2176
27831
4188
3072
6235
47518
112552
2912
6122
1034
87222
52281
96829
26776
2018
2447
