user_recommendation
318
2571
356
527
858
296
260
50
2959
608
593
1196
4993
2858
7153
1197
1210
110
1136
1221
2028
58559
1198
1270
3578
1704
541
47
5952
912
4973
4226
32
1193
1527
2502
3996
1148
2762
1225
48516
924
2692
2918
745
150
1
1203
1968
590
4011
2542
1213
457
293
953
2804
778
4306
1089
969
8368
899
1208
6016
1291
1252
913
908
54286
588
111
6
4878
32587
2329
923
40815
2396
79132
33794
1079
480
5816
2997
3114
1682
1090
497
4896
54001
6502
904
1961
1265
1580
4027
1288
2599
8961
1220
750
589
2019
3147
48780
919
1617
4963
109487
2712
7502
1240
5995
905
7361
1224
1200
1276
364
4995
3088
920
59315
3421
2716
1246
1204
1394
1222
1230
1214
1207
2186
6377
1957
3006
2064
1250
3897
68157
50872
1304
1233
52
357
1036
44191
2318
337
733
1287
5618
4886
368
272
74458
1278
3967
1201
58
1947
6807
1073
1387
2580
1234
1269
3035
1244
910
1282
30707
55820
1199
5445
1060
954
92259
62
5418
69757
3793
57669
2194
1954
1449
72998
3435
44195
555
515
1084
1953
3548
903
1172
1259
6942
1732
3471
4014
942
3510
534
898
1356
134130
1299
81229
950
2797
1223
1376
1249
68358
3703
1307
1206
2115
922
89745
59784
2324
1263
1228
73017
720
8798
69
194
2359
34405
475
79702
41
2291
122882
3363
1028
6874
440
5992
3181
76093
5444
471
56782
102445
535
1284
44199
56367
1254
1035
141
27020
3854
2167
1219
319
2739
509
112852
41566
27721
2490
246
35836
1262
2890
1267
1212
69844
349
594
3095
1923
8208
3451
3175
1293
3706
47610
345
116797
3791
2160
5791
6787
81591
1500
27831
299
1784
911
7090
2102
7147
3262
914
232
1674
3081
3033
2231
671
7027
2081
6979
2043
2125
3418
21
926
1192
106920
1173
5064
3037
54997
595
55267
7293
2268
134853
1022
5218
1077
49272
458
1097
1361
1916
1095
1688
8970
1374
1927
3360
1272
994
1088
596
3871
3462
6754
3448
106782
6863
78499
1962
915
1020
1086
27773
780
3868
51255
3196
1217
300
2248
3160
33660
4571
65514
59369
2352
74727
2501
3219
2208
2745
70286
44665
5630
2846
2916
5989
4246
2617
3358
6378
3476
88129
162
800
6218
31658
2366
104913
1411
1393
3683
54259
1673
96079
3203
4979
1945
581
2788
5991
38061
2020
7
3735
1484
1235
68237
501
68954
928
2746
49530
3952
1256
2313
115713
1023
8644
53129
1921
951
3341
3512
2303
5956
431
2872
3007
1277
474
965
5812
3019
933
3521
4085
1238
973
3730
67087
3504
4016
728
551
68073
5380
5971
628
1960
940
5010
8807
2005
7160
6711
2087
2795
2871
2467
110102
80463
1358
96821
2948
6796
529
3060
33166
2687
1257
4086
3068
4010
109374
2690
1266
2917
5747
89804
2973
8957
265
64716
64620
2572
307
3000
508
3910
3034
3565
741
151
4223
3481
224
2202
3994
81834
3671
71535
30749
3148
54503
2073
53123
4007
106489
39292
7445
1292
1625
58295
30816
2694
5152
112552
11
900
31903
5414
122890
51935
2083
97306
3863
1466
2987
33004
94959
1653
60684
2138
3201
60756
108979
88125
91542
1271
2971
1281
6732
3252
3468
6296
4641
1948
2137
6370
40629
2278
3629
3396
2067
3251
1021
3429
1321
106100
8665
3155
1218
1357
3044
144
2011
1892
81847
1982
5055
2321
27156
916
3098
2728
3499
2391
161
938
51412
39
6565
3334
3414
31408
97304
4616
1649
91658
3527
7075
832
71156
5299
477
73321
4033
73290
52458
64839
1085
7156
838
635
3275
146656
289
110873
92210
62849
1594
3420
142488
3702
73587
56587
131724
2671
2935
27611
2841
106441
107559
268
53
850
632
62081
4037
6959
80748
5146
3213
955
4857
3246
6791
3307
1243
3198
6242
2289
907
1029
3022
46578
4848
1958
2023
4235
1285
93363
3364
4343
59018
4019
7143
2336
102125
88810
2243
7263
429
290
1938
930
3638
28
67255
2774
57353
1175
348
1066
55451
837
102993
946
2734
6440
69122
1260
51662
9010
122900
3654
1934
59725
206
65188
1189
8958
8169
97938
3259
106438
945
1179
262
3980
6380
1094
6782
6768
4679
1680
3263
5782
2968
3761
49957
3825
93510
98809
2570
2908
5669
1345
91104
5650
3788
1231
2096
2924
4874
1735
82459
53956
68159
36529
30793
1261
861
1253
71838
27724
74946
36931
73
81564
481
1592
1215
5103
6156
261
72226
175
5888
74510
2944
280
4299
3896
26614
1226
88140
99764
2434
5882
84844
1729
5110
87232
1951
63131
5902
2409
3100
6909
2076
1247
7320
1333
1178
57504
91529
3038
35957
127152
4438
26649
4465
491
412
2686
66934
27882
5673
5388
3469
1171
104374
968
230
2006
647
5463
6586
32596
6879
106072
3062
6957
6659
93838
108932
322
2857
2575
4489
2284
1734
1264
2459
29
866
1101
34153
917
63853
1078
122892
1258
2866
3720
90430
86548
3959
62374
140
1124
106696
216
4239
943
8950
71264
85179
52950
58103
94780
79139
130520
8607
5387
31427
3125
3701
1719
7099
72641
91094
84152
135887
8880
98961
428
2520
1082
73106
3742
3545
4506
2151
5294
722
1937
112138
3814
2961
3612
4865
61132
86882
3020
6662
3505
1614
27822
1834
4327
1061
56775
2660
1564
1824
3943
2761
1641
1912
105504
1845
99728
3111
5060
1931
8641
2280
1946
1914
94018
1944
1354
104879
6350
6283
3134
49278
99813
81932
7826
1612
26
3397
13
556
282
87660
75440
55031
59810
6867
71530
89904
80906
1180
1963
2932
5014
7481
1663
2607
4722
2721
3745
52952
4466
4945
2144
3920
3925
3966
7451
4006
96829
2182
140741
6770
84414
6369
140739
6769
4724
59549
4342
82608
2545
142068
142240
3914
8699
147037
7260
70762
140755
27826
140747
127728
2029
140751
107083
3575
140759
140761
140749
140763
98933
130522
5264
6033
5229
6342
140745
26791
140743
54251
2626
26843
103731
27700
141124
52604
4734
6286
72209
