user_recommendation
318
527
858
593
356
260
296
608
1198
50
1196
111
2571
4993
1221
2858
1270
1213
912
589
1704
5952
750
7153
2959
1089
47
1210
6016
919
590
1208
58559
480
1193
2997
745
1035
1206
541
2028
1225
1203
924
2762
1136
1036
2692
2918
1197
1617
293
4226
923
1148
3897
48516
1247
457
908
720
904
1228
6
1199
1207
1252
3996
32
1233
1265
1240
899
1223
596
1358
1214
2396
953
515
509
1673
7361
1222
5989
1968
1263
1259
1288
969
110
1584
1954
272
55820
4027
920
1258
7502
926
1267
2502
2542
4973
2797
1732
307
1172
1307
6711
595
150
588
1219
778
364
56782
1282
1200
2987
1299
1060
1097
1175
106782
4979
898
27773
16
4011
1291
903
3578
1104
1682
2268
1230
2289
4878
1961
3468
46578
594
1234
914
1500
1953
1276
2329
2359
3462
6874
555
41
1343
916
48780
35836
1960
2318
306
4235
1217
911
2019
913
412
2804
1272
44191
17
1201
2716
223
8961
1287
1090
1220
1610
994
1952
58
3039
1103
3147
2064
1304
68157
475
1957
1356
1387
2599
1305
64839
3481
4995
62
1079
2291
1204
2081
4007
337
265
497
1073
6502
4034
3424
2395
1094
1244
915
1300
8798
81591
29
501
1
235
308
1280
109487
1023
3949
3788
3160
2194
1963
314
1211
3363
1224
3089
2863
1262
1243
73290
1183
21
1095
2467
1466
1302
78499
232
5669
3104
1250
246
1131
7438
6440
945
3527
1066
3260
1947
1997
2231
1235
349
2973
104913
3307
2115
48394
1238
2076
1834
1019
44195
5225
2572
109374
921
2144
5618
2324
2096
1256
1061
1028
1784
3006
3435
1354
3476
4085
1215
1249
1293
2406
2300
4571
3504
8949
49272
1965
2132
112552
5995
508
922
1273
1923
1653
36
115713
1185
1962
5956
3421
2160
901
905
50872
3703
148626
930
4873
373
3552
3168
54001
1921
1269
2078
1081
483
845
3181
2671
2087
60684
142488
1912
1120
4963
2871
6796
6565
3983
1254
471
446
428
54286
8368
69
3007
2288
1261
1527
954
955
1253
281
1245
937
1945
534
2010
57669
348
88129
1086
2140
3037
230
54503
1084
2174
2352
907
3396
3095
1699
3408
3362
1292
1365
1296
2501
1580
4903
33794
3035
1663
928
175
2626
162
4262
300
1147
2890
162542
1032
116797
1057
6269
635
6552
968
49530
68237
2739
134853
51662
1231
61323
146656
6539
88744
4641
319
2686
2745
2005
2150
5010
1951
5782
3262
3499
2712
1227
2580
4424
86882
2917
2020
8665
3201
1449
2243
8874
64620
6188
7143
110102
49651
3916
40815
2366
30812
3730
1729
5500
79702
321
1298
81834
1237
68954
529
119145
7802
3178
3176
84152
106100
3203
1242
3548
74458
1096
51540
2791
2971
7256
1184
2023
1394
1374
96821
3088
5377
233
329
933
171
36527
805
1212
205
3071
3038
1333
492
2985
524
531
99114
938
7147
2872
3911
57368
3000
2984
115617
154
2761
105844
8638
951
3865
971
1927
1939
104841
47099
7360
4103
3683
5902
112556
2278
6787
4246
538
521
194
4016
1275
5013
2336
1283
2750
4848
1246
431
4888
6863
2857
943
64034
134130
112852
3910
1680
3654
97304
3735
96728
80463
3317
3219
56367
101
106766
2232
800
106920
3535
3030
562
96079
3016
41566
2474
3676
5903
1033
1411
728
2690
85774
72226
1948
115569
6104
76093
81932
1077
3100
5418
3420
93510
1931
4450
1345
1271
1674
902
4306
3927
3696
2099
3429
4630
5765
9010
3437
30825
838
5060
69844
5445
1643
1029
5291
40819
3471
1260
89745
73321
2112
8970
2841
6807
5816
82459
3198
108981
108727
102684
3868
8873
1892
1464
3114
1127
1719
3414
3246
1956
59784
61240
357
3448
4489
4273
2553
45666
4010
6612
41997
3272
4970
3020
3196
34405
112623
5388
1232
106918
33004
1150
56145
98124
85342
99813
98122
55721
104879
53000
1042
93838
122900
3358
2936
3101
91658
5954
3943
1416
3783
3298
1934
61132
342
2541
3929
106471
5679
215
8807
4105
28
3068
1344
111781
40629
52885
34435
4896
2916
1257
96737
280
2333
733
6870
96610
1321
8641
3406
2018
1639
837
92259
88125
5955
216
1537
2951
59315
1178
3556
87232
6339
785
108514
149606
3328
4928
3365
3967
429
3879
69481
2718
4128
2102
1278
2736
5630
31658
8645
1277
543
5147
3545
198
2492
3469
115210
4321
27831
30749
39292
2481
105504
6993
7386
2774
45
7063
4210
3134
3200
514
53953
7826
7075
465
112290
3067
178
1380
73344
3861
5049
88812
2938
2073
4857
80489
3524
97938
2700
392
946
94
5103
1938
1281
112421
39
6063
4533
7090
3252
6377
8950
6883
2428
134170
89864
3070
107406
2203
4865
27478
3152
1949
61024
37729
41569
69757
7212
2935
1264
7616
8529
6979
3479
3359
88810
8958
2912
835
1788
4228
2186
8228
299
31410
26
89492
539
102123
97921
5502
68
6942
1099
973
3167
2660
3417
2125
106916
161
950
3364
3398
1942
8937
249
2469
2130
6666
44665
5876
2687
3108
1347
4679
2118
2728
2108
97923
139385
3543
4299
37733
2905
50851
3083
407
84
1040
3265
5074
213
114060
126106
86320
69134
101525
361
326
1946
553
3097
31116
51471
64285
8933
1688
97
3725
140174
91630
7323
85414
2594
1955
2801
52973
2929
56949
1085
1616
176
55118
3736
4277
91542
5791
52281
65188
3270
3189
1274
6669
3604
935
4846
7445
1885
2952
2874
5866
2981
3737
1933
5673
8376
14
3475
5747
103228
6791
942
1845
111759
4465
73
918
5002
2944
30707
6663
2248
96829
30810
3341
1959
36529
146
102445
5026
3022
34338
84944
3629
3467
3091
8
6620
73023
62849
3019
266
261
1935
88140
3153
38061
164
93422
69122
2795
4787
279
1564
4033
74795
81564
4898
2704
1413
1050
8208
7027
55267
3066
2859
2659
4407
48304
3405
3791
2046
1925
3447
2238
1455
2173
961
3165
60756
4179
5820
