user_recommendation
318
296
527
260
858
593
2571
1196
1198
1221
356
608
4993
2959
50
2858
912
589
1270
1210
1193
4226
47
3578
7153
111
457
1213
5952
364
293
750
904
908
1704
778
2918
110
1208
2762
1225
1036
1089
1197
1240
2396
1259
1247
1206
899
2028
1617
2329
7361
32
969
3897
919
150
6016
923
1200
1258
1222
1035
541
1961
595
1203
17
5989
1682
2797
1220
3996
36
590
246
1219
1252
2804
910
745
1307
79132
2324
480
1291
953
2692
913
1136
1230
1207
4878
1228
903
1214
1968
3949
5995
1234
920
1304
1293
68157
4027
1732
1625
4995
2019
48516
2064
4034
898
2997
1172
588
1073
1952
5669
1097
3468
1028
2542
1263
1212
2132
1269
3462
48780
922
1244
3147
6711
1094
1287
926
2076
1288
1
2502
1148
2081
1204
30707
4235
4973
58559
2300
4308
3481
1254
1060
46578
1265
555
337
1299
924
1079
1945
1217
1084
1267
56782
2194
235
3114
1960
1953
5418
64839
16
1224
2716
3104
1784
27773
44191
551
2359
994
300
2268
106782
1264
2291
1276
1223
1527
3088
78499
3730
8874
4963
1673
2243
1090
1256
2395
106920
2289
3101
39
4011
1387
59315
4306
1250
3471
2791
1077
1296
70286
954
1411
3362
4085
134130
6874
3108
2501
30749
1947
55820
1233
1242
3408
194
1358
349
2863
6796
1356
175
1957
3983
6
1199
2871
4007
2599
1343
3424
471
2739
3095
1361
1280
3307
1278
7438
3260
35836
2917
81932
1272
44199
2186
2971
54286
3435
1466
7502
63082
232
116797
74458
2125
1948
6539
1104
3317
56367
1500
112852
8961
1096
1963
1131
2648
2115
1103
671
115713
1023
50872
7022
4886
1834
474
2916
106916
62
515
1231
8638
1580
3007
1357
3152
529
916
2150
33166
2078
5618
2357
3006
1282
1215
1954
2761
7132
1262
29
1939
3019
2144
6378
3035
1955
475
6565
1729
3504
49530
1956
58
497
3683
3039
1246
5225
8949
838
1674
535
1946
3196
900
3868
8798
3469
2690
109374
1641
3735
3788
928
1950
3037
28
69
1147
6787
7075
911
1997
4361
41566
3060
76093
2020
2160
955
2973
3684
5064
4873
8368
2580
3363
3871
971
5445
69481
81229
2303
112183
909
581
6502
6807
11
1095
265
59784
3083
3089
3911
950
73017
1719
5103
3724
52767
32898
21
2366
1611
7143
5992
1305
3418
105504
233
2664
6440
162
905
1248
115569
5902
81845
594
110102
4903
348
1610
88129
86882
85414
4021
3386
4014
2467
2248
39292
2726
7419
68954
215
534
945
5010
8958
1449
2644
3916
2925
4641
7802
54259
266
272
1907
7091
2728
968
2474
4450
125
3201
147
3527
3967
5791
99114
4422
3361
32587
104841
8542
92259
3168
116
3499
2406
2712
3763
1921
1183
1284
2096
4128
3809
60069
2961
148626
2067
7116
64614
81591
2908
1283
121231
55052
1965
4103
6791
81564
6662
3801
281
55247
8264
54001
8665
4896
1201
6552
6184
6754
5782
91658
91542
4037
306
30816
88140
2203
7566
1189
176
1218
3038
5008
7256
3167
1120
2010
36529
1019
2529
2920
3310
7669
1635
1302
8981
5238
307
6870
766
106100
3020
112552
41
80
1959
72226
51540
1235
142488
33171
3252
82459
4410
4017
1333
927
1348
5475
2732
4105
109487
2890
80463
7836
5341
2232
97304
8645
3246
3429
4432
3359
104374
2352
86487
26501
53887
8123
104119
101850
5017
8261
96075
58649
74089
7087
26797
4428
55063
163949
114464
150856
112577
5500
68237
31658
3476
2283
845
2288
5014
57669
1281
87232
4809
40815
122892
440
37741
3741
96079
6021
5385
2106
40819
7386
2946
4349
261
3198
8933
280
38499
1175
60684
64716
4263
5679
58803
3873
7649
1994
2355
128360
7767
4969
1653
7235
1292
759
6350
3421
2118
26587
4661
55276
63876
3952
5013
8228
89745
4117
3524
46976
3160
27831
1251
140174
509
1927
2795
58295
1029
86320
48696
2731
1537
7099
1680
5444
1374
81847
3703
122900
538
88125
3467
6786
8132
3100
2108
4179
27478
3213
2138
428
96728
4223
1285
3612
44195
89804
2420
39183
7147
1958
3507
1464
3077
6296
1754
2924
1243
3186
3546
628
111362
4277
1253
32525
2087
1321
4029
96821
3872
8873
477
1249
3814
5876
1245
2321
5146
84152
3789
5380
2318
6724
1303
946
2278
6281
1688
106696
2018
2788
42004
51935
97
4016
222
97923
146656
3879
2068
483
6659
1962
3536
48738
26712
50658
68838
88810
7265
5812
87306
48774
55269
3034
79702
4658
678
2285
99145
1179
2394
380
3365
27022
47099
4623
4187
5816
3671
80489
2130
1025
7943
26729
3111
85
7013
1354
4612
2938
2612
6852
942
3022
2336
441
446
448
4424
104913
5971
61240
4191
1885
7320
2071
26326
34338
3072
3112
8650
4019
97921
6001
6273
3966
1340
2398
78039
56805
49272
2686
3176
101525
51412
3396
4802
5772
1597
247
6979
6777
6271
6331
4271
1923
134853
3989
4912
1699
3728
3044
2313
6974
2231
53123
56339
116897
7616
3000
44665
40412
97957
4754
92494
3216
91978
2443
1419
7162
47728
25852
8121
7208
2936
6987
1663
943
3328
2333
1835
111921
3200
1211
99813
6959
5955
2403
3696
1129
33004
8908
6612
4965
933
3253
52952
322
44555
58303
101
7698
3275
7285
373
2927
6783
88744
112290
68073
6538
6063
27721
52973
1056
87522
73344
53318
839
4239
3414
1022
46723
69844
85342
8042
6530
2941
1273
2245
6187
2745
49280
26422
59418
97673
1237
3943
2935
50068
2208
54503
720
96488
27803
2459
79242
109578
2117
921
3792
3783
3105
6269
66665
8970
7215
108981
1964
89492
127152
26974
34162
6101
1209
91077
2083
6639
1982
1300
2151
8239
7380
4888
7564
872
52617
7574
26150
5028
26578
2944
2951
230
7008
4327
1701
106489
4552
79091
3948
102684
108727
4801
6773
105197
741
7088
3062
4848
26178
91529
1241
1936
357
105355
54995
832
4201
38304
53024
3142
60756
48394
85401
77455
4366
