user_recommendation
318
296
260
858
593
527
2571
1196
50
356
2959
608
1198
1221
4993
2858
4226
589
1
1210
1197
7153
110
1270
5952
912
150
1136
1704
1213
47
457
2028
1193
2918
2762
1617
111
923
908
1203
1089
899
3578
1291
541
293
913
778
2324
48516
364
4973
58559
1240
2997
2396
2542
953
588
3114
904
32
1208
1225
3996
750
1265
1207
1252
1212
1304
1036
1968
969
4011
2064
1288
1259
903
79132
745
1214
2804
1219
337
6016
1228
1172
2329
2692
68157
1258
349
3462
480
2599
1230
1732
1200
1250
1079
1035
4027
898
926
924
905
1222
1148
6
1276
55820
497
44191
590
595
1682
1073
471
2797
36
48780
32587
922
1060
6539
7361
1961
1267
910
1247
920
1199
3147
1954
3307
1957
4306
2019
7502
919
1947
1201
246
2716
1263
3481
3435
1204
17
1945
5995
951
474
40815
4963
1356
1387
994
56367
4995
4878
2502
5418
33166
950
2289
2791
1269
1952
49530
5989
733
1234
1278
1246
1244
3703
5816
3468
2300
1256
8961
1223
928
232
161
6711
1394
4979
1094
54286
1220
3006
8368
4235
4034
1500
33794
954
2194
1674
2081
1729
57669
1287
78499
357
116797
3421
3007
11
911
1293
81845
1217
2132
1307
942
1224
1077
1272
27773
3504
51255
3362
6874
2359
76093
68237
69844
1183
1097
59315
50872
1950
1580
5618
720
555
2947
2395
74458
2712
3897
1192
5010
1262
1260
515
6502
671
2973
1953
1939
8970
6377
529
1281
2761
8874
34405
5669
805
106782
3104
265
4896
1625
73290
3359
1411
91104
49272
1449
1104
290
1641
3363
2125
73017
377
16
5114
194
475
106920
501
2186
81834
162
54001
7143
109487
29
2243
1233
440
909
1944
648
88125
68358
1023
109374
3088
946
3916
2231
2303
3548
832
535
2529
1280
1254
1923
2580
1080
3000
6807
1147
1284
31658
2318
1673
72641
1090
1374
2137
1960
235
2908
900
5991
3735
68954
2115
92259
509
5956
2690
3949
81591
30749
272
2020
91542
3730
1175
46578
106100
134853
2248
2739
1086
1299
8132
99114
1333
3543
112852
933
115713
348
44199
5903
104913
1103
80463
2871
1610
4308
142488
6979
1266
88129
3683
3545
89745
2208
44665
1927
110102
4886
3424
538
1358
1994
968
1251
112552
1029
2501
1963
2144
1354
1942
1466
3451
307
3418
3983
3910
1248
1249
2065
3510
3702
4019
1096
3035
41
1361
5630
94959
8665
5444
4085
5225
3095
2846
2779
916
2291
2917
1934
1206
6269
3360
96079
33493
3019
1084
6565
39
116
930
940
914
2232
3365
3469
86882
1211
1178
3152
955
6440
735
3072
59784
2268
6796
5971
5064
4776
3022
306
4865
1264
3358
262
1527
921
3507
1189
2563
6787
107559
2890
1938
55267
3083
5013
106441
1834
1663
3396
2971
7256
69
44555
628
87232
3039
596
122882
1688
56145
3246
88810
2130
3429
2076
390
2948
8645
21
63082
7147
1357
55250
3868
2467
97938
154
178
3672
4518
54997
3100
1997
56782
106438
3791
64620
69757
82
2353
1227
1032
35836
945
3198
565
68073
64034
8798
84152
1563
5427
4591
1450
4930
4796
1819
4076
3892
1231
2929
2920
4014
1021
4086
106489
62
309
148626
261
97304
222
44195
938
4873
69481
3448
1734
224
2391
27611
534
7013
281
1237
441
1218
1082
2935
55269
1619
2160
7371
1464
146656
2267
3499
96821
81932
58
508
2520
4352
2745
1257
4262
2068
2202
115617
2099
28
1245
907
33660
8208
2288
7116
5812
7090
6552
4450
6380
134130
581
32525
54503
1028
8636
1238
1784
122900
1754
3524
81229
1393
3361
1283
64957
6669
4679
48738
2572
3952
56251
105844
106471
1131
102993
392
4223
3175
6333
492
2011
1215
6281
1209
230
8981
54259
3034
431
800
8622
7027
2005
36529
233
3741
2010
2434
6273
1916
3310
64839
2726
2686
37729
53123
63853
7386
3671
3068
1376
3471
1959
49651
50068
1946
3089
973
3134
1022
6863
741
2987
1271
3505
4467
71535
3355
2968
2788
2936
54372
175
2664
8933
62849
1701
2351
4299
3098
3252
2118
1049
98809
98961
146
1095
1845
1179
1948
2357
5060
66665
88744
85414
3201
65216
1292
6331
64716
6942
2366
3739
7767
2313
7099
3111
3521
446
104374
2138
353
1748
2463
1921
4814
1885
60684
1305
2729
3275
2073
7132
1124
2925
3476
1680
81847
1303
1955
1484
2949
4007
1066
2648
3967
31410
1584
86377
299
5992
69122
3125
1285
300
101
1277
3044
1352
1537
412
7360
1958
52
8228
2331
3159
93838
6993
268
3551
4903
40629
632
53
556
61323
41566
54272
3788
6003
902
850
7263
4641
73321
106696
2944
77455
280
3742
1081
971
68554
3546
6791
2203
51935
1298
91630
3038
6235
68848
89864
76251
521
4787
4965
3364
102445
93510
1414
2951
3062
2819
7669
6650
1078
6612
837
141
2078
2490
2304
4642
61132
3168
6954
26524
59995
105504
2087
4427
26326
26776
6350
27831
4857
56152
866
79702
5747
55069
40819
81564
2750
2080
2067
3037
30825
927
6724
85774
6783
89804
85342
4033
215
89904
100714
3129
70286
8542
4128
7156
90866
917
915
2694
3783
3811
223
2361
2474
1120
2106
112623
3973
553
9010
40412
44633
32898
8938
2932
2070
34338
2612
932
3334
2575
2728
1242
2857
3203
4846
2795
7091
5876
2284
98124
477
2102
943
51412
115569
289
25850
6104
13
2976
80969
1273
52328
1300
18
4483
5791
53956
3629
3801
5446
45950
6254
3467
1964
60756
58303
5475
314
91658
7063
4914
1013
1940
3167
5291
30707
122892
4660
2829
3501
1173
3966
4304
55721
67997
3814
319
52767
1282
65188
4658
5103
2731
4822
4179
6786
98122
5008
65261
4489
37741
99813
123
4612
428
1643
107406
45666
87306
80748
2687
25947
766
45186
2670
2946
308
4899
8493
3508
58803
1794
213
2644
73
7445
7285
54281
2038
3200
4187
26587
6879
58347
