user_recommendation
318
296
527
593
858
260
2571
1196
589
2959
608
50
1221
2858
356
1210
110
1270
1193
4993
1704
912
1198
111
47
7153
293
3578
904
2028
2918
4226
1213
908
5952
364
1208
923
750
2997
1089
2797
480
1097
919
903
457
3897
1247
778
2329
1073
7361
3996
6
924
1252
541
1197
1206
2502
1136
1259
32
4963
4973
6016
926
2324
1148
246
1225
1240
475
1203
899
1625
1732
1228
3481
5989
58559
1265
595
17
2762
48516
1222
3147
1060
1291
920
2019
1617
2804
36
1212
1214
969
745
1035
1968
590
1036
1219
913
1961
1682
150
194
79132
1204
898
1288
2692
5995
1207
1584
1258
2599
1084
1233
1200
1952
16
1199
1299
733
1267
8961
223
1
4306
1250
8874
910
59315
4878
508
555
2396
1220
272
56782
953
2132
55820
2076
306
33794
1028
1307
265
497
8949
1263
6796
2064
27773
44191
1610
968
46578
2580
2395
1293
337
4308
92259
68157
5669
68358
2115
2542
2712
3471
78499
1500
280
6539
471
1235
2303
44199
3462
3317
32587
1256
1172
4235
1231
1254
28
2268
2232
1096
1223
1224
8784
112852
1673
1215
33493
54259
5225
3730
1287
1466
1079
3000
2359
994
3468
1945
81229
1278
29
955
1960
671
866
1244
175
70286
597
2716
509
106782
1080
1393
349
62
86882
8958
1264
5679
314
1304
2243
3788
1953
8368
2871
1230
4016
30707
1356
89745
2863
2160
2987
4007
1784
2194
1023
106920
232
4034
3435
588
3362
307
3429
1957
1674
922
21
3683
3424
6874
3545
9010
50872
1088
1719
1095
56367
1387
2686
86
162
3983
7147
4979
1246
4995
1266
163
8360
3793
6711
1041
8798
3696
3386
3437
5765
4630
308
1090
3911
85414
1269
54001
8645
551
3868
3504
911
3006
25
3201
1946
2971
1285
441
6188
3168
2917
1272
1179
3019
3176
1305
35836
581
2300
66665
6440
52767
1680
7132
1411
7090
116797
5445
5782
2078
2087
81845
3203
5064
1693
1077
377
3916
3152
1921
2728
3363
3952
2291
6787
64839
37733
4489
110102
7143
1754
7802
5955
4103
2908
1260
2010
3328
1262
3499
800
431
1927
31658
3095
1464
1374
4848
233
31410
1358
515
3114
3196
1248
2739
2648
4886
1103
909
1276
5816
6942
2973
3034
7099
529
2318
48780
954
5377
538
452
1950
474
115569
3160
2186
2761
6863
928
2289
4029
3022
6502
2144
3801
5010
3089
348
1449
3060
32898
322
1217
1178
102445
5444
1956
373
68554
3033
2231
134130
759
4037
971
3035
3088
3476
85
2700
4014
7669
1948
2005
26729
69481
5992
3108
1955
6807
3083
8264
76093
1211
1959
7566
54881
534
3943
3307
4361
72226
1094
4085
1104
1653
3310
535
81932
6959
4533
2058
8981
2664
81591
51412
3101
950
149
96728
2572
68073
97
1641
8937
6063
2203
1025
1292
7649
2357
2105
73344
951
4033
946
2125
905
4002
51540
1947
26587
7091
2278
6870
1734
33166
1296
805
1962
1209
3967
50068
1834
1611
4277
930
54503
3929
61240
8542
63082
3020
353
40629
1086
69844
26712
7502
1189
5971
1249
88129
104374
6187
105504
1361
3007
3037
5146
4903
3548
2936
1280
3741
213
58295
3702
117529
27721
8638
1527
40819
2501
1242
2944
1333
2857
2745
2366
3256
1954
2726
5418
7767
51935
1284
91658
7116
1663
3879
3252
2208
412
140174
74458
59784
7419
2925
477
122892
3246
3469
921
176
1185
121231
47610
945
90600
1835
5791
2687
8933
80
3703
6650
44195
902
88125
5630
1859
40815
39292
1964
5008
1343
5475
1147
97304
109374
1175
77455
3536
2313
3671
106696
6662
1348
927
7087
4299
3260
7022
5103
916
83318
83411
83359
67504
4066
32525
1408
88810
7063
342
3747
52973
89492
3030
319
345
3104
112183
4641
3724
4105
3735
4017
300
3871
7256
7013
8132
1635
2420
1845
3633
4901
2108
915
1537
6598
1939
5956
64957
44555
1261
8228
41566
3763
34162
4128
3418
1251
1273
3077
6791
32029
2467
56775
109487
5477
3198
2929
50658
5893
6104
4271
3854
64034
7451
6350
116897
53123
11
4506
8969
3421
1253
363
78574
6932
720
115713
6101
1283
122900
5071
4302
3320
4731
3915
4117
100556
1201
1029
52885
2946
57504
5959
4021
5882
86320
3551
6184
68791
6909
26131
80906
2660
5269
4179
3510
4422
2150
6979
161
49278
1965
556
4432
1237
531
116
3072
6323
57669
428
102684
8607
78105
62081
52950
79139
108981
5135
108727
51080
1963
1101
115617
3039
52435
87232
58103
4010
81847
6271
42418
88163
67408
81788
1081
91690
122888
48304
32596
82459
55063
549
3467
3728
3414
4846
111362
5121
1394
2732
38304
3067
5414
93363
85179
281
68237
2644
850
3071
64497
4661
3686
3615
94018
8636
4450
48394
3038
8529
1958
5017
27882
2139
1131
933
130520
7484
2474
1192
4366
2575
3554
50851
54286
803
54372
25769
1688
2067
938
49272
1934
2066
2141
2407
30816
72209
50742
50740
3342
47099
3359
4191
3167
60766
8042
44665
5876
650
2947
4144
4424
89804
492
663
86781
1907
4410
104841
6254
6783
4056
70336
4343
230
3629
1019
59018
7836
8491
5385
326
60069
48696
54328
82202
4969
159
3309
68848
58303
8650
3742
27790
1884
5341
2890
6987
146656
80489
2248
3654
3684
5597
81564
39183
6786
5618
594
6273
6732
71838
18
26776
6433
111921
127152
8121
2920
4612
7208
2927
25852
47728
56339
215
2460
2434
3653
1191
41
5668
2541
2321
96829
1066
2993
27020
900
6724
7139
42718
51662
764
6333
1127
347
2137
2731
97938
111622
8950
3505
787
26797
58649
8261
8123
86487
6021
74089
5238
4428
2283
53887
96075
26501
163949
104119
101850
114464
150856
112577
65642
7438
68159
8511
5028
7156
5914
4688
3814
140267
2905
171
31547
5059
7074
26171
8609
26400
25764
80599
8797
72647
4405
25750
7698
2938
5500
1238
84392
2841
2912
34338
4809
5810
80463
86880
42004
