user_recommendation
318
356
296
260
527
50
2858
589
858
593
1196
2571
1198
110
608
1210
2028
1197
2959
4993
58559
1089
457
541
3578
4226
293
2762
1
2804
1270
1704
1221
1036
1213
1136
47
32
912
588
1193
778
480
5952
2502
919
364
1265
2329
4306
6016
2918
1291
48516
2542
4011
2797
17
1208
745
3114
265
1220
2997
2396
150
7361
733
307
1968
2395
1079
246
111
46578
6
899
1199
908
1240
5989
2917
62
1206
7153
1225
1682
904
1580
595
1732
223
7502
913
8961
1625
3147
1222
1500
2291
1200
3421
2268
2324
36
6539
44191
59315
161
1285
1247
1252
1228
4886
1610
1961
7438
1242
720
281
1223
1230
4878
1060
1084
4963
1203
266
497
1204
1096
2599
1356
2115
1233
1080
1617
509
89745
1214
349
4973
898
2278
2300
2194
1258
471
1584
39
590
5669
1259
1343
1246
232
1090
750
2761
1527
3020
780
1266
969
926
32587
54286
923
555
3996
4027
922
1148
2019
4308
5444
79132
54503
35836
3462
5816
628
69122
3362
377
6874
508
5991
16
1250
69
78499
58
1219
357
56367
306
1288
587
5064
3201
2078
551
70286
3418
55820
1212
3897
1278
920
1680
59784
1262
2336
2355
2938
68954
1673
1394
1269
900
5630
48780
115617
109374
581
4034
2321
474
648
2929
86
838
1960
106782
1953
2064
2580
1272
2243
1173
3256
2716
44195
56782
475
33794
1194
76093
368
968
2692
68157
1207
3435
79702
2687
1031
6711
54001
73017
1393
2105
1234
34405
4571
34162
1711
3671
6979
903
2841
50872
1688
40815
8874
1015
44665
1254
4995
380
3683
1784
3476
30707
1192
81847
412
4235
1517
8807
2732
69844
2788
116797
194
1172
300
2490
1945
835
81591
2690
1895
99114
28
4223
337
1283
2096
6796
2303
1927
2289
104
49272
1028
3471
5418
4896
1299
63131
1674
30749
2318
89
96079
3181
49530
4007
5618
373
1267
3952
5995
3072
1729
3949
1019
4246
1217
3357
494
38038
910
345
1307
54997
1641
3033
2501
3363
1256
2301
1209
1211
994
3793
2871
2137
3275
86882
2202
921
122892
951
3034
44199
308
2132
6863
741
2987
112852
106920
3504
1587
2485
5108
3448
1215
6350
428
1095
6502
671
1663
82459
4901
3745
54259
4239
2406
3545
72226
102445
1227
140
45
59369
3730
1952
1035
11
3134
71
5464
3868
3911
51255
122900
3735
110102
805
954
80549
1449
106696
5445
88125
2000
91542
1944
67087
5782
93040
8368
1094
338
7445
51662
85414
4623
1179
3702
81229
535
5673
2114
1231
492
1257
3317
98809
8132
93510
955
81834
4019
151
1948
64839
68237
280
1218
108932
524
2359
3006
2463
64614
3510
1466
3706
2739
8636
8366
3198
5903
3262
5299
1201
33166
1907
38061
7451
68358
2186
71264
347
596
3360
1686
1088
911
109249
1292
96829
134853
1025
534
2125
39292
6155
933
48394
493
25
2539
4921
3481
1104
1719
7147
3219
1487
34321
80463
1293
3200
1032
4816
340
4821
3743
1237
2467
441
2231
936
40629
51935
109487
4327
6957
3101
154
2973
104374
88140
3252
2005
5146
6377
348
105
3844
1962
3246
8949
3251
1597
104913
3798
553
74458
97304
3070
3967
2707
3685
81845
446
800
4369
7143
58295
116
235
3068
27478
6754
4021
1176
5812
3089
257
2357
1086
599
5103
4427
61024
4867
36529
1754
820
559
3788
1243
2721
363
47610
5159
87232
4262
3213
1921
33660
1387
8580
3044
516
1964
26084
1306
52
2144
2017
44761
8873
2712
549
80
2746
1261
96728
1298
4054
1029
321
407
2081
48322
1873
950
112138
333
928
1304
1959
53123
45728
6187
3468
2459
3000
127152
2029
916
1046
53129
5377
1616
177
905
1077
663
46970
81564
2020
1191
288
495
134130
3606
3677
64285
8798
57669
3081
4584
99764
40819
6323
7090
31193
3361
6807
3598
2951
7212
48698
3814
206
2750
1281
4557
230
2065
6959
783
176
81156
1177
89804
3512
71156
68135
3035
661
5152
3653
5151
935
34332
543
6993
1374
3203
112515
6732
3160
1924
2474
3551
6436
31878
52435
66934
64957
1939
27803
3359
2023
156
88129
53996
71838
7323
832
5470
77561
1232
2920
3088
3019
31116
51471
26614
4085
4166
49278
2403
1537
3358
3074
647
8239
60753
100556
3552
2287
1147
131724
2068
1653
3102
501
3429
48304
108979
5878
2080
2774
6783
529
7156
4033
2118
93443
3724
946
4014
72171
4616
54881
51540
4326
5992
27523
4017
2366
3536
1694
62081
4920
102123
1366
36708
95510
8950
41527
3095
2718
160590
127108
74754
146656
107978
96467
86000
133771
85438
128620
148881
139116
139757
79677
8633
3424
89904
2805
125
4465
222
71535
4128
50068
54281
927
2412
42004
7459
2916
34072
1845
122882
5785
953
63082
6787
2041
97306
26152
594
3420
5970
1357
3341
2971
3039
6620
171
1361
1277
8542
3038
7132
54256
924
1947
39416
7773
95088
2001
2076
1175
837
7767
84152
65188
3178
48738
6869
73321
8638
72641
1284
93363
118696
30816
26326
7616
27022
5391
8208
3801
6662
55908
8969
86332
901
1395
1264
3051
5882
40
6003
3783
98491
1734
2944
3067
33615
362
6791
379
8981
53972
3746
7375
6266
2763
2232
2694
7894
1934
56339
67408
1260
78209
73
1245
7380
4384
3469
1566
116823
1249
3153
49280
26422
59418
2478
4855
1263
3627
735
631
3111
334
2924
5747
6773
4814
45499
52458
481
3386
3538
8228
3983
66371
3456
2570
1683
2780
2572
7075
965
4010
876
4565
4696
4567
4566
4717
4442
2880
7844
1120
2011
5319
3499
3406
4366
52604
8607
2952
2085
1344
907
866
73290
162542
7649
2430
8665
8641
77364
8360
97938
144976
140267
35957
4846
3871
1302
67734
2460
8970
59018
2150
4789
6725
6283
6378
5971
6440
4304
4506
2405
45969
57504
27846
87306
29
85
3417
4047
7091
6893
81932
7263
299
934
250
3786
6879
