user_recommendation
318
296
260
527
593
858
356
50
608
2571
1196
1221
4993
1198
2959
1210
2858
1270
7153
2762
58559
457
589
5952
2028
778
1704
1197
32
1213
110
1089
4226
1
2324
1136
47
111
912
1304
1291
750
1252
1193
1617
7361
3578
480
904
4973
1214
364
6016
745
1732
1240
3147
17
1682
1200
908
150
913
33794
720
969
1219
923
4963
2329
2716
1207
2997
1203
293
1387
1148
919
555
2692
541
1258
4995
1500
497
899
1225
2019
1265
5995
4886
235
2804
349
2064
48516
953
6
1276
79132
1961
36
2396
838
1222
70286
1259
319
588
903
3949
1580
905
920
194
3088
54286
1036
30707
922
3363
1220
2987
34
4878
2542
246
4011
39
1953
6874
8961
5418
32587
3114
1288
4306
1208
2918
1356
76093
1784
44555
4027
5445
300
1204
68358
2502
5989
1212
357
595
25
1223
1234
1060
994
515
1674
50872
261
2791
3481
1307
924
5618
1299
2917
1278
1094
1411
1256
1246
1201
1079
2968
1254
3462
232
3897
48780
535
1282
345
1625
55820
1923
58
1233
733
1968
6377
1217
78499
59315
8368
306
73017
926
1228
16
2690
30749
1028
898
671
3101
253
109374
40815
44191
2300
1284
1293
1948
44665
1090
3435
1263
474
2467
8636
6502
1199
1215
1271
590
910
954
3035
2359
307
68157
5816
1610
4896
2395
3421
551
940
1663
112852
1247
109487
68954
54259
161
162
54997
1957
2863
581
1302
8132
2115
1211
51255
40819
3730
475
3996
1077
3868
1206
916
6539
3200
64614
1172
2318
1264
1954
1374
2020
368
2871
1994
3471
122882
1120
56782
628
1244
5902
2186
1343
2144
1267
1269
1237
1084
3160
69
1357
33166
116
538
34405
1224
2366
69757
471
2291
3671
4085
1321
594
265
951
3361
3468
223
2406
3362
3152
534
1361
27773
67087
2352
968
1230
57669
942
1059
2150
2474
2289
3307
1262
1680
1066
2795
1296
1292
2973
7116
21
3260
4034
3198
99114
1358
1266
1939
60069
5673
3044
1997
3527
106782
928
2078
2599
2746
2081
3037
2005
2761
106920
88810
1945
1305
8874
1272
71899
52458
3020
36931
27724
1960
3406
4235
74458
6870
1982
72998
2797
3095
6333
3524
1673
1261
553
930
945
2243
596
1253
64285
8665
53996
6385
5971
62374
3007
51471
3684
262
1131
7212
2102
31116
1884
3341
3359
73321
134130
2344
68237
1019
3702
1947
3104
1466
337
28
2971
74946
2288
85
1834
7502
454
832
1729
178
1345
766
7386
81932
1303
7438
3683
3365
224
3038
7090
3134
3022
2278
116797
64839
1956
4105
2985
80463
6273
1209
38038
1280
3469
2501
2208
1238
1287
3735
1218
4128
1186
1080
3153
3653
56367
1641
63082
7013
529
950
2490
156
308
233
539
6796
69481
2080
5669
2938
2313
3724
1885
31410
805
2580
1032
866
72226
35836
81229
3499
1464
89745
2066
1248
69526
97938
53123
71838
1419
1449
2872
2203
4979
3246
4016
1245
2470
2194
69844
3098
5114
1827
2423
1907
1366
1073
96821
112552
3006
3108
3091
54503
106100
521
49530
1965
81845
89804
1376
3470
55247
5500
88125
31658
1161
2529
3742
2728
3741
3310
59369
1130
3347
1250
30810
2739
299
1935
1103
3510
4022
501
900
62081
1175
4262
508
3869
7075
230
943
3060
59784
44195
3739
2083
4223
5444
800
2779
3081
3156
3167
2248
3917
8981
272
72641
1611
7099
2355
176
4007
3871
412
1057
55442
1348
2948
491
1189
3368
1192
1260
2648
1719
40629
2890
71429
91542
3911
377
1097
3000
2391
5679
29
1408
3265
1061
5956
509
86882
4321
915
3418
2070
6708
44199
1096
2252
477
1023
1147
97921
105504
1178
1281
7147
102445
98809
4037
5630
2919
81591
8798
1194
4351
41566
87232
2108
4799
57353
2137
2750
1959
1300
110102
59018
49272
27611
125
342
2268
122886
241
3275
55269
4466
4945
31435
39183
96079
3448
931
1020
2018
249
92259
112556
27846
1958
5010
4681
3507
3300
2105
902
7143
3606
440
36527
37733
1963
2119
61323
4802
1183
6003
5301
4046
62
27478
2459
2859
2712
6201
3111
2551
3175
8972
86
3836
6565
5055
5218
3083
2076
3811
5146
495
4422
56152
1104
7022
1227
6187
5992
3952
6650
1268
2794
531
47099
32898
46578
918
1952
55052
1273
2125
3967
5903
5064
2841
1330
907
1913
4140
4520
1946
3071
1931
290
2357
3068
1029
115617
2099
3633
1584
927
6662
3181
6380
2935
6350
1967
3203
73
104913
122890
5017
51935
1034
7419
4661
2726
6711
7132
2707
115569
5034
47610
3015
26776
81564
1527
1934
2659
30
1693
4103
8957
2857
100
2043
1179
6787
3019
5747
280
2096
4450
893
3086
2572
7027
2138
3639
1925
2925
62956
3284
938
1279
2696
5690
215
6254
1619
3447
984
961
3165
1455
1035
6669
2644
1243
8264
901
79702
3504
2447
4641
2140
3844
2745
41
3213
6378
4679
2238
380
141
164
57368
8950
537
3424
54001
128360
6753
32525
1394
6001
3476
458
229
946
3703
85414
52281
79008
4448
2130
5380
6516
3210
3405
3077
2349
65037
59684
51412
39292
1390
4848
8125
2231
88129
1176
3672
8188
5341
7836
76173
142488
4432
5385
3635
2011
2232
3556
728
25850
106696
3417
6242
4489
5475
55063
3263
4410
2469
1949
2454
99145
3168
2553
2764
5446
428
8123
96075
58649
26501
5238
8261
74089
7087
53887
4428
86487
26797
163949
114464
104119
101850
150856
112577
911
448
69122
2321
7669
3916
56251
3706
2090
8807
38499
6021
1689
60756
8958
6959
55274
933
1649
3872
1940
80748
51540
2434
4483
95167
101
149
25947
3016
146656
2409
1393
84152
6664
8183
4263
6659
559
820
71264
122900
40583
1185
1333
6807
98961
452
73290
56587
932
2173
3350
2245
8493
98491
1414
64034
6643
1597
54881
65514
3503
4361
6987
97304
492
973
2736
417
4809
1285
3053
446
7943
99149
