user_recommendation
318
296
858
527
2959
260
50
2571
2858
356
608
1704
4973
1197
912
4226
1198
589
1270
1221
593
2028
1089
4993
110
1136
293
904
47
2804
1732
1210
1
111
1222
1252
1196
7153
58559
2997
899
2762
1080
1220
3578
2324
1247
919
5952
750
1617
541
8874
1213
33794
6016
4011
34
1073
32587
3147
2064
79132
32
6874
2542
8961
1265
2321
1968
4995
745
7361
7438
2716
2502
25
4306
1148
1036
1500
457
1625
6711
969
2395
4878
1682
17
44191
55820
5989
1207
3481
1304
4027
48516
6377
1291
3362
36
471
1240
1206
903
68157
116797
5618
57669
1356
1219
48780
1517
908
3363
3421
1288
4963
1203
2692
1358
492
951
1199
1673
34405
6539
555
44555
349
1721
1060
1192
1215
1259
56367
56782
3996
1223
5991
913
265
1233
1394
106920
134853
926
588
1271
2871
2712
106782
994
778
923
91500
2144
1258
2761
3897
109374
2115
475
720
31658
68237
6
246
1527
79702
46578
2396
3114
1256
3357
3504
1212
1208
2076
3000
319
86882
910
1284
232
1214
78499
2291
1096
69757
81591
7502
104374
497
62
80463
2300
48394
1264
3341
839
89904
480
2303
5010
832
5055
955
950
924
2329
3089
3020
1228
1084
141
2019
1230
594
1177
1580
51255
2289
5669
2918
968
1610
86377
1217
16
916
2750
6942
1961
150
1179
1172
2987
8132
921
474
1077
6502
2929
3201
3152
3471
1964
4920
5470
8580
927
111921
121231
4755
42418
90061
134130
3074
805
194
661
935
109487
918
115713
58
1079
508
1061
5060
4239
3095
2020
1211
5444
3160
1127
4945
4466
549
4886
40815
1094
905
2501
84152
1257
1393
1201
21
39
70286
3868
2005
653
2467
307
11
306
3088
1343
535
64839
4014
66934
2208
599
1374
7143
4447
377
348
81834
8970
4002
1225
5995
3462
911
131724
6979
94466
2664
1884
2572
7154
2490
44195
3198
97304
3703
1193
1059
161
7090
943
1209
590
2231
2917
5445
53123
235
2065
1784
92535
74458
708
953
3039
122904
3911
2734
3
72226
1244
1285
553
1449
928
2944
45
5791
104913
838
2106
2617
247
595
922
581
115617
1299
631
551
27773
1150
123
40629
64034
53519
1584
81847
3683
7081
8522
25801
156025
1464
357
5902
3476
5135
2302
8807
2355
1095
7139
515
7451
7444
81932
8969
82459
4235
69122
2010
1845
3751
2641
2890
1178
288
3429
55814
97752
88129
3730
534
54286
1641
1263
1028
99813
107
31410
96821
96079
5218
1678
501
2935
2186
261
2359
945
54997
1250
8533
68358
5103
907
36529
3702
1249
451
1266
2150
1674
1921
3307
2937
66371
7072
49272
65037
59684
31435
76173
223
106471
4299
7156
67087
2288
7147
4623
5414
31903
48304
26
7926
6783
7698
5679
8784
3448
73
5782
446
946
94959
2687
104069
112556
5398
7027
4571
30707
741
1272
6787
41
2968
55069
6327
6254
32234
4801
1729
27846
3811
40819
33660
1131
97306
56152
26776
1734
6936
8368
5500
380
28
281
2066
3671
2184
1367
96829
71156
2287
95167
8798
2108
1253
5377
2985
6807
156
37733
8154
7371
3543
337
2940
3037
613
84374
39292
54503
188
1361
30749
7386
2707
2318
2301
1234
1227
2460
1947
55247
940
3317
27156
47610
3556
73017
1293
2336
1957
6773
4873
728
3260
4816
4223
95558
108979
6283
100383
67997
1025
3098
2763
4903
91529
3435
8958
112138
48774
7323
89804
1280
1597
1307
55442
5876
3148
48698
26662
1103
34162
1129
175
52
99764
5294
3196
934
7256
2721
36517
2423
1269
443
5673
56949
431
2366
53129
4007
1147
8228
3526
117176
108583
86504
112183
1719
2433
88125
902
6753
30810
2463
6957
54259
4102
65188
1965
7075
2857
2739
1120
2797
3163
2580
105844
3869
900
7826
59387
2599
31878
4979
108932
61240
92259
3361
1248
3910
454
308
71264
1303
31685
1218
667
1176
3007
3606
127152
1344
364
2694
59315
96588
2938
3129
69
2248
495
154
60950
1238
2406
1261
91104
1948
71838
2912
6440
33004
86347
3524
4901
2863
3983
6104
1275
6713
27592
30745
3030
300
1701
92210
110873
6188
3783
140174
8370
788
3470
104879
100556
128360
920
52885
27523
3724
3359
99114
139385
1282
4022
3360
2971
6218
97921
3153
2908
59118
8949
596
1298
3125
112
3347
4034
3156
1952
65261
5388
1955
5971
3033
1189
27878
54881
3598
1296
4021
3365
98124
322
119145
1953
26587
3896
152081
5013
26732
66744
81831
80906
6380
262
102445
84187
938
5690
1587
6993
71535
8937
4029
559
820
1885
1476
1020
2105
6985
2434
163
51662
707
122882
47640
8529
75440
87660
91094
55031
7481
106100
1306
44665
1357
2732
26326
272
2331
70565
3505
1194
6187
85736
125
77837
62203
3168
1175
93040
1305
4814
628
84392
1912
45728
6001
4019
3263
92
3200
3134
914
48501
152077
60756
33493
115122
4499
142488
9010
59018
81845
59810
4660
78209
1125
1376
4896
5577
3742
5620
529
2143
31427
3654
8360
27664
954
3070
8917
6708
2155
3791
6331
7324
4246
3072
3044
1939
1940
206
1041
2057
93443
3468
1935
363
2011
7373
59126
3812
1688
428
44788
115569
68135
63876
1997
55908
62374
54995
3739
7116
6953
2846
1057
96728
1834
3639
3185
6669
171
6724
333
8208
1569
8957
6385
733
224
1019
1046
3079
1535
2232
72171
61323
4427
4321
89470
97913
55269
190
230
3285
1966
111759
1289
3545
50804
2138
26084
107081
41569
481
5291
56251
6662
4848
3034
2333
85438
101
7013
2316
1191
671
1484
66097
93838
86000
96467
127108
148881
74754
81156
133771
146656
139116
79677
139757
160590
128620
107978
6732
6552
412
99145
1300
31433
3100
6101
83134
7766
785
58351
7380
8191
2563
64614
100034
103539
65193
55250
441
6777
2866
314
81562
51540
8950
104283
138036
122900
3916
3521
44199
1959
3069
3696
2575
1827
177
103444
98126
78903
8933
6954
5475
6269
1267
