user_recommendation
318
296
527
858
50
608
593
2571
260
1197
356
2959
1196
2858
1198
589
1136
4226
912
1
47
1270
150
1221
4993
110
457
1193
32
1617
1210
778
293
1213
750
1704
1240
2918
4973
899
2997
1225
1089
904
111
908
923
1208
1291
913
1073
1968
2692
969
2762
1259
1203
541
2291
1252
79132
7153
2396
1682
1214
2797
6016
4011
924
364
1207
2542
595
2324
745
1250
953
1148
223
1278
44191
1961
1230
58559
555
2716
1219
4963
2599
3578
6539
5952
36
2300
1028
4878
1265
1247
1276
4306
898
48780
903
910
2028
1228
1246
2329
1732
56367
1222
337
5989
497
515
1394
3735
3671
950
2502
48516
1199
2268
1212
1267
1200
1947
32587
4034
4027
3147
919
1079
4995
1035
8874
349
5995
46578
1036
1206
926
922
55820
11
265
16
3421
1060
8961
3481
741
1234
6863
1288
1411
1304
29
63082
161
955
4886
1500
1263
2064
1233
1077
6
1172
928
2289
235
3362
1287
1260
33166
951
3683
68157
68954
1527
2019
6874
905
1945
474
17
1204
1256
1258
2804
1293
2076
57669
1223
1217
1953
2194
1952
3897
1097
3462
1090
1215
353
1729
628
50872
509
232
3471
48394
3996
5060
1254
2231
3448
471
2160
2908
1673
25
7022
671
2318
1284
1080
3868
3499
7361
1356
78499
4262
1580
1466
1201
1103
1244
7147
933
56782
914
508
1333
4014
1343
588
1357
1292
1625
1960
30749
942
1272
5618
1220
1269
3730
1674
40815
1095
2186
1610
52
116797
3114
49530
2739
1307
3175
954
1280
3510
1094
3949
162
1299
475
2395
6188
3039
551
1175
2248
3006
64839
916
1178
2795
1266
7502
3022
2490
2020
920
81845
2243
5971
3307
720
6942
2115
1086
3246
5812
33794
68073
3451
300
88125
994
3435
529
3791
81591
5630
6979
1227
1192
2144
109487
74458
1179
6377
2501
2125
2580
3081
735
3359
2871
40819
2391
272
5991
4007
4085
81834
1374
6350
106782
800
1120
5816
2968
1096
3355
1238
3198
380
3788
3363
70286
5064
3543
2467
3468
1285
27773
2353
76093
5152
69844
946
3088
3275
86882
3814
2355
2788
1224
8368
194
2761
5956
2924
3000
1954
480
2011
1959
2917
6807
2321
1653
1594
34405
4239
4361
34
115617
1584
1281
7099
3358
1084
6796
134130
3033
4326
1231
1262
106920
8807
112852
1283
2987
2202
5418
2529
1218
3256
134853
2232
309
3504
3095
109374
4235
3068
911
4734
909
3134
44195
6502
2070
1305
7090
1387
3793
2303
4308
1248
1957
2359
3360
1366
2935
247
538
96079
49272
262
357
733
44665
5954
82
30816
599
3361
2165
36529
2712
348
6711
965
2463
45728
2929
2118
37729
88129
3104
80463
1013
115713
930
3196
3317
261
1257
44555
2971
2729
8970
4467
1955
590
1967
921
3210
92259
3070
1927
1303
31878
5010
6218
5903
945
1251
54997
38061
3213
7802
3952
2132
535
534
6618
68237
805
31658
8493
1296
290
1277
2947
2208
1264
1476
48738
1939
26662
390
3686
175
1211
907
4406
968
2109
3508
59315
3035
106489
2352
2138
28
73017
1242
1639
314
3702
5225
230
4787
2985
973
3152
6620
5299
1104
4848
58803
222
5114
4450
2726
41
8132
8641
3272
4846
3551
2041
6380
3102
2288
6440
2846
54259
7139
431
377
3037
72226
3420
1845
3111
81847
2951
51255
4696
26152
3034
1797
2459
58998
87232
4623
104913
2952
7669
4333
69757
3167
1948
69122
7844
3038
8633
648
2973
91104
1754
2137
8228
4465
104374
1249
2313
1209
4263
2932
66934
94959
4033
1361
41566
1396
440
178
1321
112552
27831
4299
2763
2336
2780
96821
2916
37733
2474
1950
1189
106100
2690
3703
3916
1916
1237
280
1147
3032
2890
876
2880
4567
4442
4717
4565
81932
940
58
1711
4321
3072
7137
2524
477
3424
1261
428
5444
60756
3101
1994
54503
59725
3469
1081
59784
1963
6870
6787
900
3713
6452
55250
70293
64957
2267
3044
56152
2791
3627
5446
3201
2140
6436
6281
647
766
8950
4304
5460
2366
2612
52973
2694
122900
68358
38038
39183
6001
233
1243
4037
2852
4121
4128
1066
61323
5103
73290
6104
67255
64034
6385
69481
60069
6378
4103
1944
2312
3396
2108
8665
3546
34332
3016
3676
30812
5074
412
1649
246
3741
6419
47518
1449
3083
4896
3771
224
1641
8530
82459
97304
1719
34072
2664
4978
4088
5960
4522
4617
84152
2944
3983
4427
4327
6331
1958
4628
215
5876
80489
3135
4166
915
3310
3153
54281
4086
7757
1956
94466
96728
562
4865
7451
947
8638
1029
108981
6669
363
7263
56145
1964
62
112183
91658
8958
3089
2611
89745
108727
154
102684
6565
728
1974
58347
1912
1799
4211
2357
8873
4459
140174
229
5349
27022
328
3811
3512
7064
5522
7438
1966
2301
2563
98491
4223
3019
2351
6461
65261
1131
7132
8645
13
1020
3007
8981
97
97921
89904
2106
2553
2096
2912
1082
4880
1393
63876
5293
531
7380
2648
106916
6662
500
3524
2644
44199
42004
3536
1734
2687
5782
33639
3556
88810
565
3861
2245
5669
6852
7013
3252
3967
1202
3513
105504
85774
3548
54286
81564
8542
549
86377
4566
5847
1352
1226
1395
1441
55290
45
4557
54328
2068
1302
3020
7285
3725
49957
927
8910
3629
3681
7827
46976
99114
37741
492
3470
2495
4518
6947
5427
1819
4591
1563
1450
4076
3892
4930
4796
64620
2280
3429
4008
4322
147
1834
2693
40583
139385
52281
2090
3096
54995
27803
1921
5540
556
1982
5690
3505
1019
4489
307
5878
156
26554
373
501
45950
72641
4642
39
2067
1934
53956
39292
55765
50068
3724
142488
108932
4019
95510
30
3745
3365
3168
148626
2841
3067
55118
2065
4499
6375
3112
64716
3498
3507
4789
6725
62344
85342
7075
1688
55267
6776
268
491
55069
7320
106438
6269
51540
4017
2130
10
3062
2920
53
632
850
281
1186
30850
