user_recommendation
318
296
858
527
2858
50
593
608
260
2959
356
2571
1196
912
1221
4226
589
1197
1198
1270
4993
110
1704
4973
1193
457
47
1
1136
750
2762
1213
111
150
293
1617
2997
7153
904
778
2918
1208
908
3578
2028
2329
1210
1089
1203
6539
1240
899
1682
1291
4963
1252
364
969
1207
1968
32
36
6016
923
1214
4878
2396
1225
1259
58559
1732
5952
2692
79132
1206
1230
913
2324
1961
480
924
919
2502
953
1073
745
1278
1258
2599
3996
1200
1222
4995
1148
1036
48516
595
903
7361
3481
2797
4306
5989
68157
3897
1219
1947
4011
2804
1250
4027
11
2716
1247
497
48780
541
1204
926
1060
1035
6874
33166
2064
920
2542
1028
32587
1228
56367
1244
44191
3147
2291
475
898
223
5995
25
1276
1293
1500
55820
1265
555
1304
6
3114
5669
1610
2019
246
235
1394
1199
3730
337
33794
1945
3362
1952
2580
910
1625
5618
1287
4308
1953
1267
588
1246
474
380
1077
106782
4034
1220
2268
2194
56782
109487
3462
6377
2076
1233
8961
17
2739
1172
2712
2132
1254
2186
106920
1288
671
349
16
3683
950
1234
3735
29
7438
3504
2501
1084
800
2318
46578
529
1269
994
30749
5418
3363
1307
41566
1466
57669
1212
3868
50872
78499
2871
3471
63082
4085
116797
1299
1266
1217
161
2289
377
76093
4886
1411
1393
515
3317
1097
1090
64839
1939
1674
8874
68954
1263
1080
720
1256
2971
1580
1095
4235
1356
2231
954
1285
194
3307
59784
1272
7147
39292
49530
2303
7502
30707
1292
1231
3791
59315
3104
88125
1096
162
3435
2795
1333
6796
5060
1103
6787
3671
62
6502
2395
3499
1094
68358
69122
2690
6942
6711
3095
1357
922
6863
70286
81591
54259
3468
40815
99114
905
2300
2917
3152
1192
471
1224
2115
1179
3359
1361
3788
2160
914
4979
2202
3083
2243
69757
741
2020
1784
733
1673
1251
5444
581
628
1950
81845
1994
2890
232
5010
2005
49272
112852
1957
3198
1960
86
7099
8132
1729
8970
353
3724
306
1223
3034
1303
3068
2232
40819
968
2648
31658
1079
955
6870
134130
33493
2144
1948
2357
1464
2125
3386
1284
534
2791
900
538
68073
4427
3167
30816
175
2245
2664
535
3252
2761
3424
1305
3952
3543
3451
1209
69844
909
1189
27773
3201
54997
44555
866
2391
3983
115713
5225
3088
6979
3421
5064
3686
307
1248
1387
928
3022
3361
1959
81932
1374
7090
7802
1257
265
80463
4361
3007
1982
357
4450
1264
7139
45
551
911
5991
3510
86882
1218
3949
2078
4239
3035
1029
97
69481
2973
8958
2321
5971
48394
5630
37733
81229
2987
54503
3512
3536
1954
8228
104374
1088
5103
60069
1175
916
3213
6662
3016
3000
1260
3448
134853
4033
2908
3358
2313
3246
2929
81834
508
46976
272
3203
28
927
1641
348
1958
2203
838
3916
37729
125
72641
3039
115569
8645
2726
101
38038
91529
247
106489
946
1283
2108
3033
85414
2467
5816
8368
280
2459
1946
3355
94959
64957
88129
1343
96079
2788
930
2857
4903
5812
233
2463
4262
6380
3911
3505
1912
2359
2947
1964
106100
2841
3546
4623
3006
2138
26084
1956
44665
96728
3814
2612
106696
1178
65261
441
2925
1719
85
7022
2067
1302
2644
2248
1754
1104
2935
1834
3272
97304
3310
3196
1955
34
951
2070
2863
68237
1262
893
53123
3741
6350
921
44199
261
3038
3210
2924
7137
1086
1810
7143
3275
98491
300
1635
2919
8665
663
3081
8784
58803
115617
322
6440
3414
2288
428
58
1211
1120
3469
2819
4014
933
44195
1280
48738
6807
3989
949
1916
4128
7669
308
3418
8493
8807
3702
3194
4017
7451
477
973
2137
27831
74458
6565
1081
72226
6669
5876
104913
1281
2105
3111
35836
31878
2961
1927
431
590
1282
971
2920
8949
661
440
3175
3200
7386
3476
3429
4369
82
3801
1678
1227
149
3135
97938
5956
3100
26587
2331
70293
7075
728
105504
373
3793
6385
108583
7064
1012
51540
37741
7087
82459
5446
2109
3844
7285
47610
54286
3019
3612
1907
4661
55276
9010
3219
3067
92259
2474
3551
128360
156
5955
3728
80906
3967
5238
3467
52281
89804
7419
56152
88810
7156
91104
3256
90428
6188
4263
230
7212
940
7263
26729
2912
2686
2490
26152
3653
1537
7116
6777
37857
52
363
1147
8981
93721
3684
121231
54881
7698
1688
3342
79091
106438
1201
4187
4537
34405
3101
1078
59725
55069
556
67255
1527
4007
3062
5903
99764
6724
7132
3696
50068
4846
36529
1845
64285
109374
2208
4489
6773
8950
6986
79702
64716
3364
93510
140174
139385
1734
89745
764
6974
146656
1747
6235
3112
3606
37731
26524
3545
108981
6378
111759
3270
942
4037
81564
53956
2352
5782
3501
3507
65514
54001
1449
5146
99813
86377
2594
40629
38499
116
2696
31410
6331
102684
5341
5380
73290
5772
108727
7013
1348
77658
4465
66665
2731
8580
101525
112552
1124
3089
648
735
8873
52435
8264
319
549
281
229
2434
907
4616
215
6218
80489
3020
115122
49957
1611
6269
3598
86320
5791
1799
7380
1050
110102
1366
1944
7482
4326
72011
1942
45950
945
5377
65188
2130
107559
81847
3360
1191
68269
1584
1066
3153
4029
3594
1962
7164
51935
1663
599
127152
106441
2133
8633
4349
4304
2279
3871
6001
1131
1237
766
6852
51412
5008
4103
4679
3060
4720
4422
3134
100714
1385
6659
51080
5500
7215
3072
2068
1554
2495
32898
5893
6461
521
112183
4406
3350
1983
4901
3475
3011
3365
96829
3548
3980
6323
5690
34338
41573
48791
79824
80839
32289
2687
7096
59995
1296
3725
27846
96821
70565
1340
100556
26242
56587
39414
7836
8191
68838
2496
96488
1194
27660
3811
2420
5765
3437
4630
3077
7614
4809
2151
1859
2413
1693
2442
93838
4432
27523
2096
55250
213
1279
2366
5337
9018
1827
7844
3102
58347
5878
2721
91673
4252
7932
26599
30
