user_recommendation
318
296
527
608
50
356
593
2959
858
2571
589
1197
912
110
4993
47
293
778
1270
2858
32
1
2028
1196
223
2997
79132
457
1136
260
4226
111
6539
904
3578
2329
750
150
1221
1089
1213
1704
4973
1193
1198
1208
2324
745
908
4963
1278
7153
1732
1222
541
1247
1060
1394
2716
364
969
4306
2918
903
1961
1291
923
2542
2692
1225
1199
4878
1682
1148
1617
36
1968
2291
4011
5995
595
555
1527
3793
6016
2502
1207
1276
46578
2797
25
1653
2762
899
953
924
919
1411
1214
1203
4995
4027
1206
5989
1265
1210
913
6377
8874
1464
55820
235
56367
671
1258
1259
3481
48780
2076
3735
1220
1035
3897
11
1584
2396
1288
56782
6863
1244
16
1252
497
2804
3147
265
741
4886
785
5816
4308
2268
1246
2599
3996
1036
1240
7361
68157
161
7022
1204
1230
1610
898
109374
29
1234
1173
1729
1235
4034
1500
33166
1073
1625
7147
353
48394
4014
1077
32587
58559
1953
1215
48516
8360
34
2395
3788
5952
4361
272
17
134853
3671
475
474
280
1254
44191
6942
5060
175
1466
64839
81591
40819
6
1952
57669
50872
714
1219
2160
1228
916
1673
1250
106920
319
8493
1263
3362
2064
2321
3448
4262
2501
41566
6870
70286
106782
28
1084
5010
1095
914
5444
1269
1292
1356
2194
76093
68954
68073
337
3006
3879
471
1223
92259
1304
49530
74727
515
1257
63082
3865
2231
2871
926
8368
3556
232
6502
4239
7139
3424
910
1103
3499
86882
1947
3039
920
1249
2144
1639
950
60069
1954
134130
3468
6188
5618
2300
3868
34405
800
97
431
5152
2232
4489
1293
8961
30749
4896
104374
1217
6350
3683
115617
4085
7669
348
2391
3081
2795
109487
8132
1376
1541
30707
5377
1285
194
1172
2318
36529
64957
2763
1090
1945
2924
508
1097
2700
26152
1960
5418
954
951
37386
1212
46976
1287
6796
922
735
1333
1284
2150
4696
1343
1307
5782
3355
1907
282
88129
412
7802
531
4235
1754
1674
1305
1231
3363
2712
81229
3949
6378
861
8371
3317
69844
1282
3070
911
31878
3730
307
27773
1580
69757
1476
34332
7844
64034
4103
8530
2912
349
2780
491
6618
112852
3421
30816
81834
4166
1641
7064
106696
314
88125
8633
588
64716
876
4717
4566
2880
4565
4442
4567
452
909
1200
3307
7502
2019
8807
86
928
955
1120
3471
96728
2115
81847
40815
1224
6979
58347
2739
7099
2841
1441
480
3627
2490
4450
1028
2041
3462
5630
3275
108981
3272
59784
38061
907
102684
108727
5064
7090
994
4848
8665
1357
2394
3032
1179
945
2580
116797
54259
82
68237
2908
1243
308
6565
2761
1303
3408
551
509
3771
37733
3035
553
2005
1088
4846
900
163
48738
3219
3095
27831
2863
2105
3543
2243
7263
3359
2125
3510
2935
6620
69122
1299
1371
53956
68159
66934
3000
38038
49957
946
3451
5460
89904
3504
4299
1967
72641
93040
2463
4121
262
55267
3203
2917
971
2302
1238
905
8950
933
616
2278
3814
3175
140174
1281
247
6947
2764
94959
3153
8970
6807
34321
109249
162542
1096
73290
3686
2186
3152
55118
55442
3088
2916
2134
3196
3022
37729
38499
1939
1959
1086
1256
4448
2819
88810
3198
3467
5956
1964
1845
1517
3033
1272
3213
2108
91658
261
4467
8873
3068
2474
6591
538
2690
1950
1302
1799
33660
4623
3469
5146
139385
45728
64620
266
8638
1962
2352
7380
74458
6711
477
6440
121231
74510
5446
6385
5349
2359
95510
3210
68269
3034
115713
1178
5888
1013
663
71530
7757
339
2644
1957
84844
86320
52
441
3252
54190
178
8958
1264
80489
720
3298
2420
5014
3831
3474
1267
147
3016
122892
3594
101525
2459
8981
5690
1948
3104
6598
279
4427
965
81845
111921
70293
4857
1211
1916
2106
50851
3916
6787
2759
3114
5103
59725
2572
114060
2971
7087
4133
56152
58803
5812
67255
7419
4016
2788
866
66097
2248
1094
61240
2023
73017
3435
90061
4755
42418
86377
68358
3038
3201
1594
69481
5669
80463
6184
3111
51255
7164
3262
2664
2006
2289
3740
2890
6218
26554
3905
26865
3512
1242
4223
54997
2312
902
55290
2280
5002
69134
126106
1066
115569
3361
218
31658
4228
7285
5954
1248
3725
2202
213
2694
290
3612
8798
3507
3653
4128
51080
4734
3044
45183
2926
6582
33834
2648
3536
838
921
392
949
3789
7156
2303
82169
85
2687
1175
8183
1227
3347
3952
423
2140
122900
44199
47518
106489
2460
1587
106766
1277
31433
1958
1573
3005
176
3358
58
105504
2184
5732
54286
40629
2070
373
628
5225
3072
3386
61323
492
108583
4783
3096
6773
112556
106100
2467
55276
96821
62718
3060
112183
973
52435
1041
82459
5074
1289
733
3270
233
8675
2096
59501
2151
4889
98491
7028
44665
5135
30
2726
3167
2952
901
3135
1921
2496
96079
3983
4246
2208
44555
1797
55274
6104
96588
39292
27904
3724
1395
56715
4037
1354
267
3551
4584
1393
2423
1942
1061
7386
2353
440
53519
111759
58295
27803
26084
5971
4033
79824
41573
80839
48791
32289
102445
309
6281
8908
97304
1408
521
7451
915
264
2357
7075
1124
2651
2654
3791
3676
1020
4903
81932
4263
4326
83613
1251
128360
1260
1218
3745
154
51935
56339
51540
1416
8928
2331
215
2067
106916
40148
2132
927
34338
33639
39234
74508
7179
58154
4019
1537
5611
5540
53125
1934
2495
3811
27660
149606
108514
84152
4478
26151
5021
3420
54372
94466
6461
115122
2875
3505
1131
581
62
1956
97923
422
91978
87522
2652
2647
2636
2649
2650
357
8580
5128
3342
42718
110102
1693
104913
96488
203
3702
4232
1226
5876
2987
64614
1834
6323
3179
7235
930
3071
6662
3256
7137
87222
1147
4465
56805
78039
322
1946
3341
2961
1366
5475
2968
3100
71264
55250
5772
5193
5380
947
8369
2634
2635
4406
2287
3185
89745
1963
943
111362
805
60397
55052
3178
