user_recommendation
318
296
593
260
527
608
858
50
2858
356
1196
1089
1197
2959
912
1198
457
1221
4973
1270
2571
1210
1136
899
32
1193
47
150
750
4226
904
1704
2692
5952
1252
923
110
589
1304
778
1207
1097
953
1213
2324
1732
7153
1240
1
2997
908
1291
357
1265
111
4993
1219
969
1617
2019
480
17
1208
1203
903
1968
58559
1682
1225
48516
1247
919
1259
1094
926
2064
2396
349
913
1217
2028
3361
1307
2289
541
515
1206
1288
1148
588
364
235
1278
1214
2791
1500
1028
922
1204
4963
293
1953
1079
2599
36
920
905
733
79132
4027
898
2762
2300
1293
2797
1952
6016
2716
3088
7361
1947
246
1387
3147
1939
3730
1267
300
2020
68157
3362
594
1254
1299
2329
4886
1945
3363
474
8961
59315
1948
3101
1961
1263
32587
497
1527
3462
4034
1234
2971
1264
46578
538
3386
1280
1258
1305
1244
319
1212
1228
3260
1302
1292
81845
368
78499
3468
555
1035
2987
475
910
2321
3524
3578
954
745
509
3307
1230
3481
2863
1080
1256
2248
1411
6539
1222
1303
3038
1199
501
628
994
590
345
44191
1060
928
2542
3037
514
1276
5989
3996
1237
720
3114
1356
3160
1784
76093
2109
1200
955
2804
33794
3897
1354
1271
4306
1036
44195
1408
595
307
4235
2186
3683
1029
6377
2918
3104
1885
33166
1084
299
162
2648
306
3724
2917
1923
3671
1066
2908
56367
2132
2144
2474
1625
1172
194
1641
2467
1394
50872
3200
55820
106920
3153
2612
1090
1131
671
109374
1077
1957
2076
232
44555
943
1189
5902
30749
916
1250
3134
2890
535
5995
2359
3949
2313
2203
3448
3545
1103
7116
1248
1673
2194
3167
534
1805
1361
1179
57669
2739
5618
927
3504
1246
261
6787
3310
3152
1120
940
2357
5991
2352
5418
88810
1300
4979
1224
1466
529
3039
2871
1827
1419
921
581
30707
1965
2366
2355
2081
3471
2728
3095
81932
1296
2580
2501
1298
176
3060
1161
100
3868
2288
1663
30
3435
2925
2919
2232
3341
2406
4011
2490
72641
272
950
1348
596
1192
3246
2125
3469
40629
2070
44199
2137
3022
39
53123
866
1834
543
2641
116
125
1096
2102
1580
1260
1269
2099
247
7147
3470
3091
6001
11
1147
3108
49272
1935
2336
1104
1211
2644
2750
1272
412
951
1994
106696
2622
2745
2726
3741
3083
1357
8368
41
68358
3684
2245
1282
4037
3359
2096
314
6
3256
1020
69481
7090
8636
1242
1262
1946
178
265
4995
968
29
1186
942
1175
3006
3814
40815
290
5017
2391
1245
1183
5669
521
2872
56782
1273
4422
350
233
4878
3347
4661
6662
2859
105504
838
766
1931
1125
32898
3507
34405
5010
1963
55276
8264
97938
2761
1253
2469
3271
6874
86882
6380
537
88125
2291
3527
2243
34
1674
2046
3983
938
112852
2138
5341
1748
2746
902
2985
5385
39183
60069
3067
7669
342
7836
3175
1960
6273
1949
52
2427
6333
508
2659
49530
4410
48780
2349
5114
2551
123
6565
2912
51255
3417
61323
62
308
5475
1019
55063
53887
5238
26797
86487
26501
74089
8261
96075
8123
101850
104119
58649
7087
4428
163949
150856
114464
112577
3476
6021
1101
5816
3086
2018
448
3196
3168
1233
728
930
115713
3872
7419
4432
229
1635
6942
2973
4809
3406
92259
7263
2130
4308
3265
69844
1693
707
7013
5992
85414
2208
7502
3447
1925
2938
984
961
1455
3165
91104
5225
1034
7132
633
3015
1032
2664
4969
89804
3735
3672
8464
3809
8970
1464
74458
3019
1287
918
115569
2080
531
494
3424
1178
5064
2173
81229
3035
26729
3000
1218
1201
3007
3499
8958
37741
44665
68269
55247
2066
68838
55052
112183
32289
48791
41573
79824
80839
1401
2696
222
3910
3112
134130
4009
2363
1959
2238
2143
333
1177
1012
2988
6777
8981
4848
116797
2115
3198
99114
2267
3952
3194
3018
98961
3317
2857
3973
1449
2283
2010
54272
2594
1127
3536
70286
31658
6987
2301
2108
1281
6936
4903
1940
2160
7139
539
2442
7698
1266
1584
2302
3505
945
39292
1967
2202
164
3102
3791
2395
1997
110102
2290
1023
6552
68954
103
3405
41566
3020
73344
106782
4801
1135
5444
2105
6271
373
5291
97
3812
3357
68237
6724
2752
492
1059
6530
106916
337
4263
54286
3594
4262
2721
3100
63082
309
1688
1393
1341
1333
5903
3105
3270
4085
3635
2231
3068
62849
142488
148626
1884
80489
3745
45
2976
1380
3966
680
1982
54503
4014
970
5971
7943
5812
2150
3638
1934
1678
1955
3129
1904
1614
1537
8125
48738
6807
3263
26524
8042
1223
2078
3475
230
5135
2131
6852
1475
86
2398
72226
97921
87232
2553
70293
3396
1231
1283
1194
60756
96079
3072
149
6773
2935
4427
1927
86320
4349
8188
3989
914
2333
241
127152
2693
106100
53024
38304
7091
184
1279
1238
81
1041
156
353
81847
2271
3712
7265
3869
917
92
40819
3066
3833
4912
417
3016
1629
54372
3070
2654
1936
7143
7766
2947
4776
8132
893
32598
7075
2165
2736
128360
3342
91077
423
3044
2901
7373
55253
46723
60397
146
112290
1916
91658
2337
6331
7088
3679
341
80463
7089
3125
38499
64034
2453
73290
933
2315
1554
35836
3077
422
6643
1215
37733
800
3274
2118
54881
2085
2495
1130
3479
3244
2111
363
1128
477
105197
55269
1312
3837
3757
3851
183
3576
3490
3281
3807
1326
2945
1543
2682
3021
1531
1463
2982
1771
61357
8979
5772
3024
2465
3840
2948
99145
56607
1655
1396
915
1340
3917
1658
2560
91542
49
7438
3557
105355
81834
1073
5445
88129
89745
4022
79242
879
81562
151307
58879
26147
4821
127164
8491
7126
8572
26178
52767
78039
120821
7111
50245
5088
94931
25882
25945
25996
4927
25999
72367
128606
112399
110752
112735
75990
7300
7478
97673
7566
47092
6639
4218
6133
26350
56805
27812
45210
26323
26505
1480
567
