user_recommendation
318
296
527
260
2571
858
593
2959
1196
50
608
356
4993
1198
2858
2028
1221
7153
589
47
1197
1193
1210
4226
1270
912
2762
110
5952
293
1704
32
2918
111
1089
1
750
1617
1136
3578
2329
58559
457
541
2997
1214
2804
1200
778
1208
919
904
1291
908
364
969
1222
223
150
3897
2791
1213
1203
4973
1259
1682
926
2692
1252
7361
1036
953
1610
1247
4306
1968
4995
79132
1961
2502
1240
1732
2324
1148
913
6539
2716
920
1288
5989
1073
1207
1220
48516
588
6377
68157
551
1278
923
2797
595
3996
246
6016
1225
1625
5618
4878
2542
2599
899
6874
4011
1230
3147
745
1250
48780
337
36
4963
6711
590
1219
44191
1060
1204
1223
2064
1035
1276
5669
903
55820
5995
1265
56367
1393
235
1387
1233
1500
6
46578
480
497
3671
1228
1246
32587
922
1235
6942
1307
898
1212
3114
1234
1304
1358
3481
555
2291
474
2395
2144
1584
8874
2019
2359
2987
515
1172
4979
1673
7502
3504
955
720
2396
17
2076
1343
1272
25
7147
3916
349
1267
1215
2300
3471
48394
1299
1784
78499
954
2268
116797
56782
805
3462
5956
1952
1077
69
134130
33166
1266
59315
1096
968
1097
1028
29
1285
64839
1254
5418
35836
265
161
194
1269
3317
905
1079
1947
924
4886
1356
106782
1945
3418
1249
2289
1953
910
6188
471
3201
3019
8368
6502
1292
2288
7438
104374
3363
4027
1201
1032
2232
3359
3672
4489
2303
58
1262
3362
3868
1175
800
994
4235
1293
162
86882
4308
6807
671
1580
8665
1090
1674
2580
272
628
911
57669
3039
109487
3361
261
50872
1244
4720
68358
2871
390
27478
942
3088
3911
348
1199
3421
1258
3730
2115
5225
4034
106920
40819
1263
2917
3683
40815
28
1884
1103
357
1374
5377
6796
39
2467
27773
1231
866
3735
1271
306
4848
4128
1611
4085
70286
2501
1264
16
1084
8798
509
475
290
54286
951
3949
2231
81591
44195
3548
1104
733
8784
2087
74458
2971
2132
2318
1029
2761
3210
1086
3104
175
322
92259
319
3429
5010
109374
1734
5630
1189
5791
36529
5444
68237
1094
134853
3175
87232
2160
3067
3219
6870
2186
940
3256
3510
2125
529
735
3152
9010
7802
1282
49530
950
213
1939
63876
232
115713
3035
2648
1256
1296
3408
3696
333
1956
1719
1147
33794
581
377
4262
1179
2712
68954
81847
2841
7090
3167
3386
280
1284
5955
8645
2353
928
4467
3089
8961
4623
2081
1305
1333
76093
1287
441
3468
3499
930
2420
5103
916
233
2248
88125
2267
1283
5765
4630
3437
1394
3034
4518
900
2202
3083
7022
501
1192
5114
34405
8228
3108
2863
4361
3703
2010
1120
553
1281
62
3814
2563
1357
3435
1948
508
3000
44665
1957
4865
345
122882
216
31658
96079
1376
1361
46723
73017
69844
2644
5668
307
565
1411
85414
3072
1248
266
2664
5816
945
44199
3476
3198
363
163
1211
1754
8958
2078
7451
1450
1819
4930
1563
5427
4796
3892
4591
4076
8132
2690
5971
88129
728
104841
54001
4450
7143
81845
3033
938
1960
8970
2700
262
599
81932
1464
1641
3360
971
30707
3203
7235
7139
2357
6974
104913
2846
68073
2313
3016
26524
1950
3037
5876
5060
921
4352
54259
106916
91104
2788
66934
927
2726
596
1209
4086
1967
373
81834
2070
1946
1261
102445
5064
1023
4626
4632
648
41566
1958
4642
3788
110102
428
1352
89904
3044
3545
4103
2463
1680
2686
1080
6184
4965
4814
2243
3507
85
116
64716
68135
3879
3135
4427
6187
909
6003
8949
308
6662
56339
3022
89745
1944
1099
30
1095
188
79702
2693
122900
907
3213
3702
3424
3307
3943
1964
8950
111921
4571
8938
1224
1217
4432
8981
2947
6331
7285
222
52973
5074
1537
6787
2067
84152
2935
2391
1931
1663
90061
4755
121231
5500
6773
106100
4014
3448
80463
4533
4007
2203
2660
2459
309
3018
59784
1688
6063
2108
6281
4304
122892
1238
1301
3168
112852
3006
1729
64614
4105
1273
70293
7669
1046
2746
535
1078
1921
1066
69481
86377
3552
1085
56152
76251
30812
3679
1188
6708
1354
2553
11
1237
2929
82459
63082
3200
594
95510
7263
81229
2857
1954
1061
3653
4299
58295
46976
1202
534
2141
6754
1345
4190
5095
42004
54503
1129
26258
2273
8638
1466
26326
45969
50068
538
97
59418
49280
26422
97304
1959
142488
30749
86
347
81564
4033
8937
6104
64620
42418
3068
51540
3952
1081
26729
1274
1653
1260
3095
53318
3763
91658
96821
7482
53519
1178
2612
3272
6350
2208
230
59387
33493
3929
21
7445
72641
2096
45950
4292
6659
66097
115569
149
1191
2440
7123
32840
74727
5146
64957
6283
914
112183
2093
106696
7099
32898
2938
1748
3275
49272
3334
1564
92535
72226
3791
264
2304
33004
106489
2018
80489
6774
6385
2976
146656
3196
3038
4896
31410
85342
832
2073
3252
2875
2330
2194
3469
2670
4570
2352
63131
1912
61240
741
55250
2919
1797
4277
3591
166
3983
8589
4161
5690
1643
91542
1183
69122
1242
2951
5446
2106
531
128360
281
7087
2137
2795
105504
2117
67255
51255
6461
61323
2901
1227
34162
96728
2333
2020
5502
81
33138
93510
1177
47518
3111
40629
901
140174
2728
4697
1303
34326
94959
5026
3467
2912
4017
4019
3811
48738
55247
108932
2962
3355
422
95113
80553
4552
26749
60384
7024
63836
27792
71390
32515
42900
40226
8240
77291
5473
58803
60756
45728
30816
7419
2043
1962
99813
3063
55276
6062
52668
2908
85179
6440
3501
93838
4422
314
2138
1942
27831
933
3310
7380
2551
55267
34338
7771
8369
1366
4722
946
91978
1938
3724
1243
5475
326
3112
3062
55052
4711
3384
2627
3947
4783
3133
34323
104069
4681
62344
87306
7075
4327
2731
2131
4223
2280
902
1280
65261
8529
112552
5991
6380
3546
86320
549
3543
7013
2677
3330
4478
54995
2145
2890
