user_recommendation
318
296
527
858
593
50
260
1196
608
2571
2858
2959
356
4993
1197
1221
47
912
1198
1270
1193
110
589
7153
4226
1210
778
3578
5952
1704
457
908
1089
1208
111
904
1
2918
1213
293
2028
1136
1617
899
150
2762
541
32
1240
1259
1252
4973
1291
750
2997
364
1036
2329
1203
969
595
1204
58559
1247
1214
246
2692
36
745
79132
1035
1968
923
953
926
913
1148
919
2324
1732
903
1258
7361
2502
1682
1222
1225
6016
590
1200
17
480
1228
3897
2804
1073
1265
1230
4963
1961
1219
337
48516
5989
1207
1199
2599
46578
4027
1304
1084
497
551
910
1060
920
2019
6
1278
898
1250
588
8874
3481
68157
2797
1276
1206
4306
6874
2791
1299
2064
4878
4995
4308
3147
2268
1610
2396
2716
1212
1287
5995
56367
1090
48780
78499
32587
1527
2542
2300
1307
555
1246
955
733
2076
924
471
1079
4011
1580
6539
475
1269
1625
1952
3996
1293
2115
994
1080
4034
7438
3362
194
1288
57669
1097
1267
1220
3730
3504
922
3462
44191
1285
474
56782
950
55820
1234
109374
232
2580
2144
29
1411
515
25
1500
2303
1096
1263
1172
628
6711
1077
5669
106920
2291
1233
64839
116797
2971
1223
1953
2871
954
3421
3471
508
1947
1028
3317
134130
3868
2248
1254
1266
63082
1256
2132
7502
30749
1264
2194
27773
59315
30707
1960
3418
3152
1361
6502
1333
86882
16
1466
2289
2186
7022
1945
2712
1272
1231
8368
8961
5060
74458
3114
1235
106782
1215
2908
265
33166
58
3683
104374
2467
1393
3363
1374
349
3468
5618
3499
4886
223
1729
33493
2863
1179
6796
1189
70286
5064
928
529
3101
1224
1946
1292
1673
62
5816
5225
3671
581
1394
39
81591
866
3167
175
1103
11
741
648
5418
2160
1956
3361
3019
911
134853
2917
800
81932
1262
2890
671
1584
2648
2395
971
348
3424
1217
4235
905
109487
3088
1296
40815
1095
3201
6377
2243
1147
3724
76093
2321
1248
927
3359
1939
2020
1641
1356
1284
2005
44199
4014
68358
1305
1950
261
2125
235
68954
112852
34405
3735
3006
1280
5010
2739
50872
92259
2357
1244
88125
942
4085
2203
6787
3429
1357
1094
3435
3386
162
1537
2318
306
3104
2644
44195
4896
85
2728
3198
951
7132
2726
2761
3814
112183
5444
222
35836
3307
909
7419
1959
2067
3510
3034
5956
69844
1674
7669
4103
2612
81229
4037
1719
916
4007
6662
1175
1957
48394
1958
33794
115713
921
2109
1948
2278
7802
3095
968
6773
477
280
128360
28
1784
36529
5902
2359
7087
3949
86
272
99114
3039
1086
7099
2664
720
8228
3546
105504
6870
81847
3038
96079
266
1680
32898
68237
81845
1104
1964
1192
945
54259
377
1303
1923
1023
115569
3108
5630
1994
8981
2081
41566
4848
4422
7147
72226
2202
3536
5971
1927
89745
4432
3507
5238
27022
54286
1251
37741
5341
2946
54503
94959
307
108583
3037
2924
3000
1611
1358
104841
938
79702
91529
40819
8958
111921
7139
82459
3469
930
3310
3467
3252
106916
2474
3686
1218
2529
8638
1257
4239
2925
7116
1081
3203
63876
1249
102445
1635
116
3060
1201
2096
49530
1343
121231
88129
7836
55276
373
6350
2232
1449
1834
8542
3741
230
31658
72641
2138
4809
6807
2501
52767
73017
233
2690
96728
1271
42418
300
6979
900
1962
2788
3342
6732
1242
3967
3788
3260
2285
5782
5385
946
7091
48774
81564
2231
314
30816
363
5876
3016
115122
534
8949
5014
7698
247
4410
1211
3246
2459
86487
101850
26501
8123
26797
104119
5475
8261
53887
55063
96075
4428
8264
74089
58649
163949
112577
150856
114464
5017
7451
3966
1387
26729
3684
7075
599
3983
87232
1029
6942
1178
838
1078
933
7235
106696
21
3275
3022
6021
125
3213
106100
7285
46976
4450
319
3911
6440
2944
1177
1274
759
66934
3007
7767
1188
2916
3081
2731
3168
2283
8970
2929
3872
3035
3548
51255
1281
44665
89904
2746
1845
215
56152
3989
914
6724
5103
48696
2391
122882
4086
91658
2118
1041
112552
6791
2245
54001
7566
4969
2732
3089
104913
127152
110102
262
5812
55052
4349
2336
3448
7090
538
2935
1099
80489
308
96821
1348
38499
70293
85414
1283
2010
1955
7320
1260
4661
1120
1734
48738
3916
49272
6552
3801
4361
766
8132
68838
3072
4755
90061
26524
86320
3068
6188
3077
97
1185
6852
8950
3272
80463
30
4105
2686
357
1688
39292
281
3475
93510
322
353
1997
53123
69481
1916
3952
2919
2846
99145
2366
422
6001
6378
91542
1649
3200
5991
345
2070
4801
850
3196
6101
6863
6331
1967
8580
26662
1419
108932
8641
68135
45728
2936
1209
4262
431
3071
3135
97304
1982
907
140174
2795
7386
101525
441
3036
2745
5772
42004
67255
2208
5008
40629
7215
60756
2313
6783
3929
97938
4903
2078
594
4223
3408
4188
8933
535
6777
3033
60069
55069
51935
1954
27831
428
50641
58295
940
1464
4292
146656
115617
448
893
139385
7380
6104
93855
5244
93320
4489
8784
6380
1931
3793
3524
3067
44555
89804
7263
53318
86377
4179
79357
4263
1085
2696
3083
5135
2068
2167
100383
34338
56805
78039
2352
87306
1131
2553
85342
7943
935
122892
2349
6786
1965
4642
88810
902
7137
26326
735
51540
3871
3594
2920
663
3545
3527
53519
3476
440
50068
63131
40732
2952
1653
105197
64716
2066
3811
81834
6639
309
2948
97921
56339
3635
4537
80
38304
6271
53024
3112
4658
3679
8880
3791
1025
55247
7013
539
4427
901
98809
6708
8908
1663
8464
86504
1754
117176
2660
64614
93838
3505
67087
88140
1183
458
1282
6187
38038
112515
54881
3357
8042
6987
34332
2841
1963
1594
2973
6461
79242
949
3653
213
6776
87304
3396
3551
7156
7084
68073
98154
2108
6754
3105
8798
91077
52435
69
3783
3011
71135
3030
5500
74727
2423
84152
26178
6669
26712
50658
7027
97673
