user_recommendation
318
527
296
260
593
858
356
50
1196
608
2571
1221
2858
589
110
1210
1198
1270
1193
2959
47
1704
912
4993
7153
2028
3578
5952
541
457
2762
293
1136
2918
2329
750
1291
969
904
7361
899
364
4226
1259
48516
1036
1089
3897
1197
908
150
1213
1240
1208
590
1204
1247
919
595
1
32
926
2997
1230
111
4973
778
46578
480
36
58559
4963
923
1073
913
2324
2797
1265
1252
1961
1258
1968
1035
246
79132
1225
920
1219
1214
903
3462
1097
1307
898
1682
2502
6016
1304
3147
5989
377
1732
1610
6
1207
1625
733
3114
745
17
1228
1250
1096
2599
2396
924
2019
1293
1952
1212
2300
1148
68157
1200
1617
1584
1203
953
337
1079
44191
2268
1393
349
1172
1060
1288
4878
1028
194
2804
1220
2791
3996
588
5418
32587
1287
1233
56367
2542
1084
4308
8874
1276
5225
1199
1206
55820
1299
21
78499
4306
2132
2115
1262
6711
25
922
5669
3362
59315
1267
671
1278
5995
4034
1222
1673
2580
3730
1263
475
2064
1254
1256
380
16
8949
8961
3435
4995
497
955
4979
2917
3468
1945
1960
1246
2359
2186
471
1234
3176
1244
1674
1269
515
8981
2716
56782
2194
235
1264
35836
28
994
30707
33166
1217
2303
555
910
3418
109374
29
5679
265
509
1358
720
48780
3481
1272
54286
2289
1104
7147
1734
1953
6539
2692
1927
2739
3504
1948
106920
1242
3006
1223
7132
74458
950
7438
1959
306
3868
280
3386
1090
3471
4103
27773
175
2971
1179
5956
1946
1080
5902
68954
508
7502
4235
1361
3545
1077
6874
92259
5444
3916
1231
1285
1466
64839
3421
62
2081
1023
916
928
3429
2076
1957
106782
1103
581
34162
232
2243
1266
1041
4085
8542
474
1955
628
3252
49530
3671
8636
3801
7767
44665
44195
1185
50872
2732
968
2871
3160
1923
2291
4037
1224
2395
3101
4011
8970
1784
2248
1235
57669
6942
7091
3201
81932
911
2144
3683
3499
81845
44199
88125
2761
230
2078
2278
307
2929
3152
1641
4007
1411
86882
1095
1754
3034
1950
3408
1956
3088
3039
63082
30749
4720
2005
1719
3060
2648
116797
832
70286
1025
2863
2125
971
3724
52973
308
2944
4021
3510
1693
8228
954
946
927
33493
3424
3253
534
373
2712
2141
1305
6662
7022
8784
72226
3552
2728
7451
3317
1147
86
1333
1303
5008
81591
2644
4489
2357
7075
8368
300
6378
3363
1680
1939
45728
50068
1283
33794
52767
116
6796
2985
921
56339
441
907
8933
1183
5630
1088
1248
42004
3983
1537
2690
4361
6104
32898
6187
6783
7087
1175
112183
3871
1884
6787
551
40815
866
2467
68358
7285
3167
7669
51255
2726
6724
104374
223
105504
3948
110102
1721
3203
8665
4422
55247
26422
49280
59418
1178
5791
3307
2020
2920
53123
529
69844
2973
357
6791
3038
597
1273
63131
3019
1094
2203
3809
162
1296
2936
3198
39414
76093
1958
85
1192
741
3037
1292
2529
900
2890
4027
1374
81834
7419
7256
3168
4816
3256
134130
3275
4612
2010
2745
5782
2087
3200
7116
2925
1994
3035
4179
94959
8650
2612
5668
5064
2687
805
7090
5341
96079
7836
8958
4432
3952
3072
3546
97938
3111
51540
4014
2366
1086
2474
3703
32525
8528
3911
1029
91542
3735
5238
2664
55276
2788
2018
58303
1834
6377
7566
2927
7208
25852
47728
8121
5385
2916
76251
945
4661
48696
6786
26729
6979
3814
4327
31658
2313
2067
115617
8264
3000
314
73017
594
5103
89804
538
1944
101
1284
2231
736
1019
4277
3361
72641
1343
281
88810
4410
905
4821
5377
2285
64614
1964
5816
85414
26501
8261
104119
101850
5017
53887
96075
58649
4428
74089
8123
26797
5475
86487
55063
163949
114464
150856
112577
1211
4886
3310
55269
68838
2283
933
2908
5991
99114
233
54001
1729
2137
3684
800
1238
5876
2946
112852
6021
6807
4809
68237
7099
54503
97304
39
2501
3359
89745
40819
48738
81229
1387
1963
1260
3507
2150
97
2572
26587
3872
4450
1237
2160
3007
40629
66665
44555
7943
3104
2841
3741
348
2245
8132
6870
2202
2983
3747
8366
7386
49272
1124
4969
115569
930
7698
587
64716
68135
121231
6385
3342
6552
3068
1962
1253
1500
3067
7254
909
3844
1357
88129
115713
4181
6101
2105
3022
477
2336
4776
902
1189
128360
1419
88140
6777
4033
1635
59784
1101
26472
1611
55052
6773
106696
73290
106100
91658
37741
96728
1249
951
938
431
34338
140267
3134
38499
69481
109487
4537
363
2553
1280
4801
4225
11
3686
1895
3077
2000
144976
86320
34405
87232
6003
2686
48322
106438
6440
106916
5060
3783
1209
3249
850
80463
4349
50658
26712
6893
54259
41566
48394
105197
1127
1688
3246
7265
1810
1616
127152
102123
1916
55069
213
91077
3702
4263
272
1302
3966
3071
1049
2694
2952
81847
53318
33171
42418
2398
46723
2434
3196
1580
2420
5646
5400
3505
6350
5500
5992
2066
5414
3089
4658
63876
8645
99145
6708
326
93510
6271
3989
787
2938
759
97921
4688
2208
3475
53996
2575
69122
1965
6852
111921
3030
107559
2287
112290
2333
1215
151
5971
4273
5772
3036
2731
61240
1300
1085
4105
106441
7649
3175
1057
1251
2058
914
78039
56805
61323
2935
122892
1081
6184
7139
4965
7235
38304
53024
2108
176
347
4912
1921
5028
80489
1078
8580
3467
27831
5135
3100
44709
942
26524
3095
7802
79702
2117
1997
26326
6530
838
4029
3879
51935
7013
3788
64034
2302
2068
6188
3679
3150
33615
1913
2951
3062
2085
59018
2403
33669
3536
81564
3213
5367
140
6001
89904
1340
40826
6639
7215
5108
30816
101895
27022
6155
1663
1066
97673
7360
56607
26084
8010
5014
70293
6273
4881
428
6565
2660
1191
4271
8622
73344
79242
26178
7008
105355
4211
7143
6725
4789
3873
68848
54328
556
4896
8042
8492
61357
8979
4047
1188
67255
27812
72367
7111
94931
7300
7126
128606
7088
