user_recommendation
318
296
858
260
593
527
50
2571
608
356
2762
4226
1198
1196
912
4993
1197
1704
47
1221
2858
589
1270
1
110
750
2028
1089
1210
1203
111
1617
1193
2959
32
1213
2918
4973
1291
4963
1208
5952
1136
904
1387
1682
58559
3897
7153
908
7361
1304
1247
1225
1240
1230
2997
1258
4306
2329
1732
150
2324
1234
2064
953
48516
4886
1222
969
2804
590
778
3147
1259
1252
913
4027
293
923
2692
920
33794
79132
457
2791
4878
1219
5418
1961
903
1097
3481
1278
924
8665
1244
745
2396
6874
4995
55820
1953
6016
3421
3471
1265
5989
30707
1212
34
1148
54286
235
555
5995
1307
1079
36
926
1060
2289
905
70286
1356
3363
25
1207
48780
1199
1035
529
357
1674
1947
1080
919
1394
1172
1288
56782
1333
2132
364
588
1968
50872
1299
2739
3504
1256
1527
44555
3362
1263
3578
68954
2987
3088
17
60069
3671
1094
69757
68157
337
5618
8961
2797
922
4034
2716
76093
1029
1077
899
1994
1028
319
1500
581
2020
3152
1276
1228
2502
910
1952
1945
1073
3468
800
6787
1217
6539
1036
1293
2501
246
68358
3104
33166
1220
3730
1361
162
1206
2291
3949
57669
194
1393
7438
5060
3167
39
6711
3108
63082
44191
116
480
3868
2019
39292
994
2795
1282
2398
54997
2599
1200
2871
1321
32587
1348
515
1223
1204
2248
2245
1625
3007
80463
1784
2712
2971
73017
40414
51255
49530
2018
2467
1885
233
2313
40819
914
3996
1269
1250
74458
2231
497
1147
1956
902
67087
3307
1948
2648
1215
2908
3510
1641
2203
3114
307
261
2081
3168
56367
1287
898
3101
671
3359
4011
1090
81591
3546
3462
3435
720
69122
30749
4235
1580
1246
2973
349
3194
968
1411
109487
2067
73321
3724
954
1296
1957
3499
78499
44665
6565
474
3911
1464
8957
1103
2076
4085
230
942
3683
73290
3361
595
64614
1235
780
2612
306
1982
2108
35836
3507
2109
161
3414
501
1305
34405
938
3198
2318
594
1292
2303
1214
551
6870
6502
3200
1251
1086
3791
1257
1104
11
534
1345
247
4086
1466
1374
3081
866
3476
21
1302
1280
916
223
58
2125
538
6662
628
2359
3505
7075
71838
1120
1271
27724
36931
2788
1810
1095
3039
272
1248
62374
1950
928
728
1673
3037
3548
4903
3100
6
7116
1267
46578
1189
3310
2130
6796
3952
52458
79702
2078
2349
74946
125
2137
81932
7147
1032
3543
3317
1096
3967
1965
2664
2863
3135
1923
3741
541
2395
3638
39183
2846
5630
2160
1274
4299
950
921
2542
3735
7419
2917
27773
2366
535
500
2696
1081
3814
1303
3524
3672
106920
82459
241
1272
4661
3000
4262
8970
2459
61323
1964
1131
3917
5876
1130
6552
116797
2731
1963
1354
2474
1635
1959
2594
839
2926
3272
3095
3019
2232
5238
1960
3196
3448
509
2144
2463
5816
1264
3386
2288
1939
1376
3175
92
81229
1946
3156
3083
3983
1962
7386
7022
4979
1224
2150
64839
1175
3608
2644
2732
3429
3809
59315
2087
5475
1449
37741
446
2243
6777
2728
81847
951
3072
3529
2857
4450
931
6377
2761
514
3068
2357
3038
4641
299
112183
1997
1649
2901
52435
2208
1061
2271
86882
1254
1249
32898
3467
2819
7669
2988
2321
3545
6807
115713
1701
3213
1034
2700
229
88125
5341
2726
2186
2278
3260
893
8949
1179
1243
105504
971
2442
1611
5669
911
90866
1904
3989
2300
4022
448
1954
2682
6273
1719
308
99114
1616
1088
4009
1298
5152
3418
2919
2361
373
741
2194
2912
3016
5782
909
55247
7139
4223
4809
55276
37729
3125
72998
2721
4537
3702
8958
41
7156
2138
1260
27022
3654
72226
6380
1584
72641
8132
45
2337
1279
3210
1127
2925
766
2495
832
6863
1463
7132
2949
16
4422
55269
40815
2746
363
2553
3201
5218
2024
2866
4848
3929
8807
112
3252
232
33660
2352
89804
3102
1284
7836
1233
1339
3035
3833
2285
7826
59784
6101
2268
1285
927
86487
96075
4410
4428
6021
8261
7087
8123
74089
8264
26501
26797
104119
53887
55063
58649
101850
163949
114464
112577
150856
156
31658
3872
5017
4062
4969
2872
341
94959
2693
1729
141
1341
3342
326
7256
5444
2517
4432
1688
7013
6947
7502
2290
149
930
3022
3679
3547
4037
661
183
2560
184
3757
3837
3804
1531
1543
3851
1771
2945
621
2982
49
3021
1312
3112
2267
3281
4263
3807
2131
240
94466
103
3653
2302
2580
3469
3576
3360
3060
3396
1937
805
6001
2327
1019
7215
3275
26
26084
29
2752
1834
81845
3712
3159
2419
5385
2725
2315
312
1913
2469
521
7698
30812
3908
550
3738
1480
2177
3812
6979
2529
2792
3557
4873
3725
1614
8337
69481
97938
2942
6331
6743
7787
6986
1245
3355
475
6852
37733
4105
1281
2093
131724
88129
1516
567
421
222
523
1084
2941
127152
8784
6724
380
96079
4881
81562
26729
653
239
1927
1022
5114
1343
3062
30
165
2550
988
2545
2490
3526
1629
3635
1236
3077
1082
1610
4427
3475
7160
8154
4465
1211
262
224
4019
1912
97304
3181
2090
1253
5446
3728
2333
2935
178
423
4128
106916
55442
80489
3783
46
2283
7099
3246
5902
25850
2946
495
1218
2005
2867
3015
2348
1025
5291
6440
4483
7649
85414
1414
2966
3153
71429
48774
54503
5772
3296
3011
3105
6538
3840
3024
2465
441
7073
838
1078
1475
3067
102123
3328
943
4218
6639
4965
62081
6350
6987
5013
1177
5971
69844
6650
3350
5679
1135
159
1059
452
49272
4225
68237
428
3684
7614
1944
71264
348
2070
1283
492
3424
1357
96588
86320
539
271
2391
1845
3811
1955
69526
3457
2455
65188
3018
1380
2085
6269
1012
38499
2976
5055
1178
1419
2662
6612
34338
7090
6104
56152
1358
48696
1209
106782
85
3498
5992
7569
1186
53123
3412
107
3552
51540
91077
1392
6077
