user_recommendation
318
296
50
858
260
593
608
527
2858
2571
1196
4993
1197
110
356
47
912
2959
111
1270
1221
4226
1136
7153
1198
1208
293
457
5952
899
32
589
4973
1089
2028
48780
1210
1
1222
17
1252
58559
778
1213
904
3578
1247
36
3147
1291
2324
2329
62
750
150
1207
923
2997
1203
480
1214
1356
1240
46578
969
4306
1732
733
1968
8874
1193
919
1199
246
1278
1704
1580
2716
913
2762
6539
541
1036
1500
475
265
1259
48516
79132
4963
1304
2064
2019
364
68157
1617
1258
2791
6377
1254
7361
5618
57669
1939
1084
497
595
3362
4886
4011
5989
515
4878
2804
838
161
6016
1090
926
954
1080
994
60069
357
235
6874
1206
6
3897
2797
2396
908
32587
555
1217
1246
4995
1233
1285
1204
5418
2105
2542
1265
898
1079
1219
223
4027
1276
78499
1266
2300
1411
1200
745
3363
1035
588
7502
1148
3462
56367
2321
1225
2194
953
2917
1961
1288
8961
5995
940
1682
5816
3361
68237
1183
2761
1271
2863
900
4308
1250
3088
1212
44191
1948
34
1230
1953
471
56782
109374
3793
1358
3134
6502
1020
3153
48394
7438
3481
11
70286
1303
1393
3468
1060
2109
1242
950
1256
920
1307
1220
2289
1237
1211
2641
3070
368
40815
3020
1952
3095
2020
3317
1096
1282
943
1394
106782
3730
2268
50872
922
648
106920
3341
2871
1610
2288
3357
86
4034
955
54286
1935
115713
134853
345
1957
1299
281
5010
534
3536
3683
68954
905
1967
81845
1357
1305
671
2291
2599
3114
349
2502
2474
2857
1094
2106
41566
2115
2692
82459
7143
5669
1945
903
2467
2916
79702
36529
1947
1224
3038
2070
5991
2918
1267
1231
1940
1077
3504
1729
1292
3200
134130
2750
2622
1693
968
3724
55820
3260
3091
1298
44195
661
3996
3868
2490
927
1527
377
300
1234
232
2406
116797
3735
99114
59315
3101
3196
7147
3044
5971
314
1302
8665
1931
551
108583
3469
741
30749
1784
49530
1228
10
3684
64839
6711
3702
86504
2352
3470
51662
2096
1419
2186
54997
261
2394
1161
1066
1293
1218
307
1587
2580
48774
2144
1272
88125
222
581
3081
3152
69757
112556
1281
224
1408
333
2336
58803
6773
306
2987
1827
337
2712
3527
6662
2728
104374
3347
112852
8580
1269
4896
152081
1641
4235
3310
105844
54259
628
76093
2366
1131
924
1264
2971
49272
3201
2046
7116
6870
412
2076
7139
2968
91104
3246
59784
1466
921
2908
2938
2150
2919
109487
2859
69844
2202
88129
128360
194
4085
1120
1625
2745
3911
94959
30707
8368
81229
46976
348
537
2551
1949
1287
951
16
1253
1401
2355
81932
6796
2302
3524
1711
53123
3671
474
2243
3598
350
44199
1925
27773
3406
2252
1095
31658
3417
514
521
91529
3421
2143
39
3165
961
2238
1455
3447
2659
984
3037
164
39292
3448
1192
3035
1653
594
3089
2929
1273
58
51255
66934
2132
69481
2353
2739
1375
2890
1376
28
37729
5679
122882
6350
3086
4014
4406
7022
26662
1125
3435
6979
2232
1263
2648
3949
3479
65261
1257
1227
1374
52281
108932
5470
3405
33166
3476
2690
7419
33794
4920
111759
3074
916
417
2501
2173
100
115569
901
8798
5630
100383
3265
1958
81834
970
2924
3952
80463
6807
3033
81591
3104
495
1584
529
2985
3271
178
1177
5782
935
2395
3456
1361
936
3386
2357
1936
2102
2140
353
4239
1941
1189
6565
1296
40819
1243
44555
933
253
3198
86882
3252
165
98491
34405
88810
440
176
2453
1194
30816
1960
1244
2872
2460
531
3213
1019
3307
380
116
492
1201
1946
3741
8807
319
115122
7075
3359
3742
592
3811
1050
2644
1037
8958
89804
25
37857
930
93721
1300
1178
7698
893
29
5444
101
3507
4021
26152
2231
97304
3270
1754
32898
93840
1103
1597
2000
3580
3656
2920
1834
105504
4801
2201
3657
7013
1964
3090
1032
6273
4696
6987
2112
1262
3034
7263
4427
6380
373
104913
38038
928
1965
910
38499
2110
79428
26084
1260
2427
2111
6942
1245
8970
2005
3594
1215
93838
40629
8132
8633
79091
5341
1674
7156
2780
1147
938
45728
2746
1921
1343
3612
255
55276
6669
5385
55250
735
7844
2301
4422
272
233
177
1688
1924
1719
2565
3739
4442
3627
876
2880
4565
4567
4166
4717
4566
1649
7836
106489
8154
6254
3499
3068
1025
4623
3471
7926
6783
56757
2
454
1348
6863
8908
1073
6385
2248
4223
308
6618
3000
1248
6787
549
3007
2151
3175
2203
66371
3543
4980
7669
8711
131724
6077
2726
5017
3910
64614
866
97
73017
95558
1028
4361
79824
32234
41573
48791
68269
80839
32289
96079
2059
198
50068
5114
8188
8125
1449
262
720
77658
6125
266
1913
59018
3022
800
2066
99813
1041
1104
3108
422
678
67255
2328
91542
98809
55069
115149
60397
1176
559
820
3111
613
6936
1179
280
3873
94466
5349
4121
63082
7833
54995
8264
4037
7087
452
119145
41571
2273
37741
2081
97752
2117
115617
2334
2961
112552
5238
6001
63876
5876
106696
4128
4432
5475
55063
5225
5902
55247
1284
6283
38304
6643
62956
55814
3686
942
766
2925
3556
3365
446
2041
55052
140174
7766
3545
3355
51935
52435
5103
1283
5812
6327
3916
6708
4349
3677
6777
1061
4428
96075
26501
4410
8123
53887
58649
2283
8261
26797
86487
74089
6021
163949
114464
150856
104119
101850
112577
3510
7164
5398
4846
3632
4017
7360
68358
2403
7072
538
96655
241
5772
2279
3006
3771
68838
60684
139385
5135
2099
5380
1232
3019
3983
6724
55442
8199
3566
37733
7091
56152
945
7327
4232
8228
53519
3429
7566
52767
6271
53024
54001
162
7649
4809
7757
2148
2359
3512
3199
2423
2026
1598
3706
6286
2788
5146
2133
70293
127152
84152
1238
230
26729
508
539
159
914
56251
95311
7380
1023
111921
89470
448
36517
1286
1594
53129
76293
1959
906
5152
