user_recommendation
318
296
260
527
858
50
593
1198
356
2571
2858
1196
4993
2959
1210
1221
608
1270
589
110
1291
2762
1704
5952
1
2028
58559
1193
7153
3578
457
4226
1197
541
1136
1089
47
2396
293
4973
1240
1213
912
1617
778
2997
750
904
32
4306
7361
6016
497
1225
908
2692
919
48516
364
1252
2918
1200
1203
1259
2804
1214
4011
2329
349
4963
969
2542
2599
3897
1304
899
6
745
3114
903
111
480
1682
1258
150
913
1580
2324
1148
3147
1265
32587
923
588
1247
2716
1208
54286
920
1250
1204
1036
4995
79132
1356
33794
2797
2502
5989
1961
4886
924
1610
2064
1233
1228
926
1276
2115
1079
44191
595
1207
4878
2019
1732
1246
5669
59315
1262
3481
357
1060
377
1219
4027
1199
1674
5418
3363
590
337
733
1393
1968
1923
509
910
2572
1206
161
1230
1097
720
232
6874
36
1997
1090
1307
3949
1287
2580
1957
1376
194
380
1212
1222
555
1953
17
3006
6377
2712
5995
1035
953
1387
1584
1299
474
1945
8961
5618
3730
1080
44555
1625
8636
4034
1201
21
50872
48780
1172
2690
223
1500
25
1784
6539
70286
6711
3095
994
2355
1267
68157
898
2739
3952
1272
2186
2268
78499
1673
905
1994
265
3996
39
319
1073
671
3683
4979
2987
46578
3462
8132
2243
628
2318
800
109487
3033
49530
1527
2501
1263
922
59369
1223
1293
76093
508
2194
33166
7502
306
55820
8665
3035
1254
2359
1947
515
2406
1094
4235
307
141
3307
54997
3735
5064
1256
475
2529
16
1217
1096
112852
368
2291
1374
1408
1278
2300
940
5673
1680
1288
1834
838
2871
5630
805
2917
3198
40815
3088
1028
80463
54503
74458
246
2890
224
1466
73017
5902
30707
1927
2005
3499
3176
69757
1912
6979
44195
5445
68954
68358
535
1178
72998
3435
3916
1960
431
2137
3160
5903
3203
89745
1358
2202
1231
741
951
1227
440
1215
1260
955
49272
3548
5679
4085
59784
3868
30749
916
538
8784
4033
4369
7147
51255
2289
7212
946
1084
4007
1103
2081
1380
3098
900
2467
64285
780
308
44665
2011
1948
1962
8874
27773
30810
51471
31116
2231
850
2841
3983
529
3421
3911
1209
914
106782
1688
3504
162
3201
1394
4896
4901
1954
3104
3365
44199
1959
1281
1192
1663
3152
1220
3510
3448
68237
3742
5956
2078
99114
5991
3948
8957
11
1269
3317
950
3000
1066
7090
299
2971
2791
1982
2232
2391
6787
3072
3246
69
1357
866
300
40819
911
5444
915
909
57669
968
1086
1251
71899
1916
3020
8368
1234
4623
62
1266
29
2395
3022
3007
3545
56367
31658
3100
930
5971
134130
412
3451
2248
2434
1077
1939
1127
2761
3071
3565
3134
2080
3801
6502
4047
3512
2490
2687
51540
3362
1261
1238
1185
471
1952
1237
1023
106920
3418
1734
3358
1242
53123
2929
1396
3359
2947
945
1616
933
2430
3406
3300
8641
104913
3083
39292
441
2686
122882
4128
268
3706
65514
1333
290
34405
4262
3417
31435
1946
4846
1934
116797
3471
7438
110102
4105
928
3468
4187
109374
69844
56782
632
233
53
96079
54259
8807
2863
6187
1264
88810
4489
64614
3178
2020
4103
2463
3360
38061
88125
1964
2208
156
6708
102445
1354
1280
3967
6378
69481
1958
6565
2344
1302
2303
3068
5816
428
178
3101
373
1088
549
1095
3044
4873
8950
3429
1257
8798
6440
7022
534
1950
92259
101
2447
35836
2287
3341
1956
1895
4019
51662
3310
81932
3811
3414
67087
175
52
6201
6669
111759
47610
1175
1211
6385
2935
3505
8981
62956
3364
2336
3037
27724
36931
3263
1619
3111
728
3671
115569
59684
65037
76173
4190
3089
7256
3328
73321
3129
27846
3252
1131
902
72641
86882
1963
4017
62374
85
3200
235
2352
81229
1693
71033
3361
62849
1283
7143
3702
56949
1224
85414
3469
4223
89492
2409
3915
2058
907
7116
973
37729
2924
5876
942
71838
4357
4037
918
84152
115617
106100
921
8154
932
1639
27831
2694
64034
1955
3210
57353
837
1827
81845
6753
1921
3844
2677
938
1300
314
2819
6643
2474
2405
3350
1641
1913
3739
2846
96821
123
1218
581
215
4321
82
3039
56251
2944
7265
3728
74946
3791
2951
116897
4921
26729
6796
1845
6286
81564
3793
4406
8199
54881
5329
4039
5108
6807
2331
6985
2357
2670
2083
1859
3016
4855
4571
599
3081
3852
1248
5146
2138
1407
2707
5114
2066
8125
3342
5159
5319
3910
91542
3355
4679
81591
5668
52458
6273
1810
3153
3091
8188
26152
272
2736
3632
222
6986
88163
353
1719
6104
2745
2353
26587
1032
954
27660
1147
73290
31878
1150
6932
122900
54372
6662
262
345
2774
4427
4322
4720
1361
1345
5608
4641
53996
7099
3527
71429
8366
2245
735
7451
5477
4014
3677
7013
2144
1914
54001
88744
2132
122892
2948
3629
26614
27611
3213
2125
3783
45722
4225
4189
26131
4450
4029
97
90428
100556
1967
38038
2105
122890
5747
6993
2067
2925
1277
1244
56339
1449
79702
6333
3275
289
4205
5071
3320
4302
4731
77455
6350
4814
149
3030
198
5500
3060
943
3357
8910
1907
6450
3476
2010
3743
4821
6870
5690
935
2096
80748
281
54995
87232
348
53129
60756
1284
89
80906
65642
105504
45950
2973
3062
4903
3501
146656
36529
89804
1884
6516
7787
1942
556
97938
64839
36708
543
2857
3871
86
8633
3038
7445
4799
85736
65188
8340
61323
901
5151
213
3741
2108
87222
4520
4140
1273
2288
553
4166
27523
72226
62081
1487
1692
3909
4177
3845
596
280
2485
5103
1944
7075
44974
85774
51935
2985
5218
31410
3598
106438
7482
8970
1179
4056
97304
31184
5970
3155
3681
2991
59018
4062
1689
4467
4191
7844
3676
28
30
3424
55442
2420
93510
4537
86781
562
764
759
36527
115713
56145
85342
1366
112552
1049
79008
1124
2843
34162
2961
8958
906
6323
4351
