user_recommendation
318
296
527
858
593
2571
50
608
356
2959
260
2858
47
1196
293
589
4993
1270
1197
110
912
1193
1136
111
1221
2028
541
1198
1210
1089
1213
32
4226
7153
1
2762
457
3578
908
1208
6016
1073
904
1704
2329
5952
745
778
79132
2918
750
2997
1732
364
1265
7361
4963
4973
899
2692
1148
903
1682
6
2502
969
1035
923
919
1259
4878
2804
58559
1203
1060
2324
1214
924
1222
1240
926
913
246
1206
55820
1968
150
1204
3996
1278
46578
1961
1228
2797
1247
1252
595
1291
48516
4306
8961
2542
2716
5989
2599
3897
1580
1258
555
56367
2396
898
1617
1276
56782
8874
3147
1225
1028
733
1219
5995
2291
1235
4027
1288
3462
223
1207
4995
1172
2019
36
1084
953
497
68157
48780
1220
1200
1230
1212
1673
32587
3793
720
1250
671
3114
1199
910
64839
2076
2395
1625
3481
480
922
2268
1953
1036
2712
1293
106782
175
1784
1952
16
6377
2064
17
1246
337
508
2005
1079
1307
1299
78499
81591
3730
6796
1097
471
1263
4011
70286
1254
3424
68954
106920
1393
44191
27773
475
50872
1945
5444
4235
6539
3868
1244
509
57669
920
319
1234
6942
8949
1285
2580
1610
63082
1090
1215
2871
994
2300
3788
1217
8368
265
1267
6874
194
1223
3949
6863
349
28
163
1233
7438
3468
29
21
3418
1269
866
2303
911
3499
2186
5669
1264
2160
1304
551
280
1077
909
1256
7022
2318
3735
2144
232
581
1500
377
353
515
2917
1224
4848
1653
1095
306
30707
86
3006
1266
116797
2916
968
1305
1584
1103
2690
955
314
1088
1231
2232
3095
104374
3471
134853
741
134130
1096
88129
2971
6787
905
1292
3435
3362
109374
1394
5816
3019
2359
41566
805
44555
4361
272
161
7802
7502
431
474
588
928
3408
1466
2289
2132
2115
4007
1287
51255
3683
1243
628
74458
4085
25
96728
1343
86882
54286
109487
1960
2248
3307
2243
348
1959
946
3671
307
951
4103
3504
7132
3072
33166
6188
68073
7099
2924
954
308
2863
1921
950
441
916
945
2572
18
300
1537
2761
2231
3421
6502
6711
1641
92259
121231
2739
357
112183
1754
3060
648
3201
112852
1361
81932
5782
412
3556
34162
72226
40629
8807
88125
6870
49530
1729
3168
1939
2078
1946
44665
900
1464
1674
6807
1527
8958
2467
1249
2125
1042
1104
46976
96079
7147
31658
1333
3034
3545
2194
40815
1272
2686
1178
1282
1041
1957
36529
3363
40819
5630
235
1948
4450
147
59784
8981
1273
930
30816
8798
1175
3035
97
76093
4262
4886
4489
2648
49272
1680
3033
140174
3275
6440
44195
1262
477
112552
6662
590
7090
1147
440
4014
8542
1281
68237
2644
3039
1967
6979
2096
34405
3469
69844
4034
971
5064
3213
115617
2366
108981
3448
3000
4896
102684
1719
108727
11
1025
1283
914
1260
8950
2278
5418
3317
1449
907
104841
7091
1209
3020
1257
3476
3081
59315
1066
735
1927
1086
3022
26152
800
3203
2336
33794
106100
1357
7451
5103
3386
1238
34332
176
1251
1201
1284
838
3702
1023
2973
1950
80463
1179
105504
6385
7419
2106
79702
115569
2664
51540
94959
1374
81847
5679
99114
933
5956
73017
111921
38061
3088
27831
64716
86320
1411
3272
1029
2935
1956
45
4846
64614
3167
1248
106916
8360
373
3252
6791
3952
1356
7064
61240
35836
3038
2726
2687
1211
2746
85
3030
3310
162
529
3507
4696
8132
97304
7844
104913
7116
2501
8529
3552
2780
2420
5060
4223
3152
5014
101525
1185
2203
4166
363
3070
1120
3037
64285
66934
2391
8633
67255
3879
322
3814
2357
4467
8638
2150
64957
42418
139385
1046
2795
106696
5225
70293
59725
44199
4037
5377
3916
54997
906
4327
89904
3361
3983
2067
69
7669
876
4442
4717
2880
4565
4567
901
4010
8228
63876
91658
2925
74727
3359
4422
5414
1688
1191
2321
32898
3153
45728
2936
6378
1958
80
759
2912
942
1261
7767
2463
68358
2841
1192
38038
3741
3429
6350
31878
3627
4623
69481
128360
1964
99
4816
2459
93510
115713
3724
55276
1611
3548
110102
81845
452
4121
1962
140
4755
90061
5380
921
114060
915
5992
927
54328
6104
31903
72641
2732
4821
3175
27790
1280
3134
2961
3104
3451
534
2474
2728
4128
94466
67087
7263
27022
3967
7757
1963
5971
50851
96829
599
7212
3910
2908
3865
9010
6669
215
33171
7075
1078
33493
2938
26587
112138
2108
6732
1218
3475
1275
54881
1300
8264
3089
54503
3612
5791
1916
82459
190
127152
50068
937
3684
4349
58
5955
5008
7445
1834
1895
3551
2946
30749
80489
1189
1237
3200
126106
108932
7285
3398
51662
26084
4239
81229
1734
3007
4179
56152
1094
861
81564
8933
7013
105197
54001
3342
2105
2926
3677
26729
48774
6708
2066
4566
146656
2951
973
85414
48696
6783
53519
1019
428
48322
2041
4117
3510
52767
56805
78039
38499
7256
596
2677
55118
55247
58803
30810
4432
3703
3364
6273
112515
96821
3011
2313
6618
3594
2208
48738
2920
4410
37733
3467
68838
5341
7380
1934
2137
2985
553
51471
31116
62
6598
7836
4029
1955
662
3696
5385
54259
5475
936
2285
65514
5540
3536
326
55290
3681
1845
3044
96075
53887
8123
55063
74089
26501
26797
86487
5238
58649
7087
8261
4428
163949
150856
101850
104119
114464
112577
6773
2788
2280
6323
5002
54995
5017
281
91077
1938
68159
2109
112290
3068
6021
6786
7235
1476
1942
3763
53123
99145
2745
2283
33660
4809
213
1057
2654
2651
6724
3653
299
99813
31410
55267
3686
5876
8464
2140
8580
37386
233
4019
1994
5460
89804
106766
5108
309
262
69134
2406
3871
6296
26865
2151
100556
3771
34338
4720
171
5074
2890
3270
261
61323
943
55052
230
6063
1663
1296
4641
8827
3872
1913
538
3355
4017
2352
2134
1693
3546
71264
86377
3032
8493
102445
4612
58303
84152
8650
70565
663
3831
1080
