user_recommendation
318
527
296
593
356
2571
50
260
912
3578
2858
858
608
1270
1196
2762
2959
4308
7153
908
1198
5952
899
2028
4993
4226
1682
904
4973
1221
1213
2396
3114
150
111
1704
2692
750
1393
364
4963
589
4306
32
3996
903
1193
1252
6016
1240
1207
1136
1203
1197
3255
778
910
923
920
3095
1208
1230
1876
1219
60069
1293
969
3186
2443
913
1
110
3730
922
457
2541
1939
3897
3724
1097
1617
2918
1304
1291
4054
1172
357
246
58559
1267
1407
36
1222
5989
32587
48780
953
4016
2997
3755
5418
6874
4011
1835
47
919
3735
3386
1247
4886
3949
2324
3536
595
3683
3408
4995
3435
48516
3257
1947
1148
3916
3969
1952
1625
2700
3147
745
3793
1204
33166
1210
2973
1945
1206
529
926
5995
1225
3684
2920
6
1212
1250
590
235
1248
1094
7361
1280
8665
3825
3471
3742
8958
1961
6539
2186
943
1307
1935
515
1936
2202
3702
8228
68157
954
2797
2132
3153
3310
1233
4914
3676
3357
3196
1259
3456
2580
2321
1228
17
2718
2076
2501
2961
915
509
3656
3580
3657
2201
2019
2565
898
2804
4967
380
3566
1941
1234
1035
1263
1569
6773
720
5669
44199
3083
1088
508
1237
1732
3462
588
475
1411
901
928
497
2329
1217
1748
1256
78499
1244
900
7371
1950
33493
1500
1940
1673
34405
2125
2908
54286
1251
5225
2355
2726
3199
306
39183
7090
2081
6787
3317
2731
541
2947
2300
4641
293
6987
162
3896
866
3260
4270
26242
2599
1073
938
3246
2176
29
39292
2289
2467
2268
4848
2648
96655
77846
1080
300
2064
5017
581
4034
3176
2542
1948
1968
535
1674
754
3685
56941
2683
1287
3468
5618
940
594
1834
7123
57669
134130
3104
7136
3307
663
16
1921
5902
2068
46578
308
2739
2447
44191
2863
31410
30749
2066
3706
1028
3134
1278
1258
2351
2551
81845
3983
4238
3067
7438
7147
555
1909
1361
5013
3510
2640
3989
1860
1077
2594
1103
6530
492
5992
8955
6918
1305
7502
6502
8533
68954
2763
4277
30707
3167
4023
1358
107
1089
7771
1394
40819
7587
2359
7116
6643
4262
8950
2278
7566
52767
5010
109374
3160
1029
3077
1466
1131
2010
5445
1680
2357
51662
7700
92259
194
7981
5105
69757
56367
931
64839
1299
1260
8970
474
1254
3598
106920
1348
1223
916
4357
1884
538
3556
140
1296
11
58
1374
27773
2203
800
7064
2336
8981
534
3273
2245
38038
58803
1810
319
122882
587
6001
1946
6377
4027
955
1303
3363
8042
26712
1036
4437
1963
5062
2579
5238
37741
1635
2018
1953
3507
36529
6971
1276
34437
2664
3424
1104
2976
2243
26151
3668
1357
2141
2391
733
3252
8368
3101
3362
766
7132
905
5971
50872
7075
2150
2871
4406
1954
1356
50658
3060
4235
6565
1060
125
3498
307
151
6777
994
1231
2917
1754
26729
1162
25769
41285
4404
38499
56782
3788
7360
2971
86882
1264
7091
4037
806
81591
3911
3546
134853
2302
1288
4537
4903
3035
3501
1408
2117
911
6218
7143
1175
31658
1354
6299
7767
6970
2232
5782
3543
168
4239
236
3200
6662
914
1189
106782
50742
50740
2071
4424
2690
39
5008
32898
99114
7698
339
7096
1199
81932
40629
368
82459
934
1283
105504
1611
3022
230
3359
50068
5341
1641
8542
1282
3082
48394
51255
2303
7215
6881
4809
3089
26084
44195
2020
7063
3798
3481
104374
1262
116797
349
3414
8360
3679
483
3152
3361
68237
971
1616
5177
6783
5218
4450
3469
845
4427
4361
72641
2067
1419
5
5956
4661
112556
1955
628
1179
6724
1147
46723
4085
2366
4263
7285
1997
3421
94959
6003
52952
2160
8961
27803
8861
44197
373
5949
27317
4881
51935
2732
3018
7072
2130
968
333
2108
838
105844
1994
2600
1200
5876
106916
946
1302
440
176
2605
54997
8873
5633
3476
7070
1202
6611
3245
7256
115713
5446
26662
4546
1537
1178
108583
3007
34326
63082
72226
81847
3038
1699
345
3952
921
5801
1747
2925
128360
1220
3301
30816
8264
30
48738
63876
4128
7836
3791
3198
3418
86504
2427
97304
8477
1376
36535
7069
909
46976
927
35836
1078
7235
1171
2204
115569
14
76093
2936
3733
1957
6942
85
2313
55247
1784
2644
3272
1284
494
62
5608
2139
1209
5878
8933
4187
671
4422
1269
950
55063
5475
26614
7669
26524
152081
3201
44665
2890
195
6986
65130
69481
7087
4612
6358
6774
3638
1719
6852
5114
3256
55276
3088
1096
4965
6639
116
1962
1192
2011
4552
1023
4465
6975
1584
3925
68838
4410
41566
32525
3194
100383
8261
96075
58649
86487
74089
26501
2285
26797
53887
4428
8123
163949
114464
104119
101850
112577
150856
2291
1610
4969
1958
3871
299
8191
232
1224
3100
2442
949
8132
3105
930
6669
6380
6873
7419
1693
7088
5379
2208
1020
5747
70286
6786
2361
4217
4978
4878
680
1964
2728
3068
7614
2946
3328
7493
5367
3751
3967
6101
5872
4432
668
3551
6273
1643
1644
4007
1211
8337
7137
3609
2283
6281
1423
5137
6184
2318
3504
6021
5690
7373
3175
7649
7943
7787
3135
3872
272
3108
647
32598
8636
4179
8650
3062
7115
31952
27834
4645
4725
6870
88810
25771
736
3355
3296
229
4351
3185
3467
8125
2078
3629
932
2846
4017
7135
741
1242
2440
166
3350
924
1885
431
2788
8914
59784
41
6791
1090
2454
4014
58303
8121
7208
25852
47728
3789
6785
31035
48043
3011
6350
2716
2005
1949
6093
2725
48696
2819
1429
2929
2562
4642
7451
97
6548
3612
1464
1965
91529
2089
261
26326
8622
265
466
2459
1340
2935
33171
5291
4697
4062
40226
27792
95113
71390
3858
34323
26231
8240
60384
26749
77291
33138
42900
7024
63836
5473
32840
32515
80553
6979
1127
3873
6538
4378
5103
79702
1246
633
71535
3451
4021
8938
7139
97673
7766
55282
38304
93838
2043
2406
3699
4218
1944
2312
