user_recommendation
318
296
608
527
50
260
858
593
1196
2959
356
589
2858
1198
110
2028
2571
1197
4993
750
1221
1210
1136
1704
1270
46578
1193
912
2918
3578
7361
150
1225
1291
1247
2762
590
4306
111
3897
904
47
1089
32
5952
4963
1610
1097
1961
923
58559
48516
2329
1213
926
1079
5225
1219
79132
7153
1222
1230
969
480
541
1258
56367
1224
899
1252
1307
1203
1096
265
1374
293
1968
55820
1265
223
1784
457
4226
2502
1278
4878
2804
924
17
2396
2194
2997
8961
1084
1233
6016
1674
919
497
953
1259
1242
1285
1358
44191
898
908
1036
1148
1732
1299
5989
3462
1682
903
35836
2302
68157
54286
2324
36
1
1673
2000
56782
1734
1208
3114
1945
509
1240
2797
5418
246
4995
5679
5956
1393
1246
1127
1953
6377
6874
1584
377
534
2712
79702
920
778
4011
3481
5791
3671
194
32587
5312
1947
733
1962
2019
44195
2132
745
1957
8665
922
671
7438
3996
5668
307
3911
1719
1212
1964
357
1185
1376
5995
2791
2395
3201
2917
4973
4979
48780
6711
2580
1923
1234
1204
1104
2174
33166
68954
1073
1283
59315
1884
4246
1250
1267
1357
3176
3949
16
1944
3147
4848
2020
1090
3317
308
2359
81591
1023
337
3000
1387
4027
913
1028
805
910
34162
555
5254
1254
3471
635
1266
3418
7502
1251
64839
1060
1172
6
4571
51662
69122
1256
2501
109374
5669
5015
2318
3994
1035
2692
5329
3421
538
3788
1041
2010
1921
8874
3362
5415
2599
1094
1286
2929
2490
1220
1345
82459
1641
44665
2542
69757
1231
86882
1215
163
3363
7147
1101
2278
3134
2313
151
1206
1207
3067
1914
3088
2716
109487
4103
914
2085
62
6787
88125
54503
968
2732
1952
64957
2686
1617
954
49530
48394
1200
349
2303
1517
1029
1262
3089
3035
594
2908
3033
1304
1589
1296
529
515
1217
2087
3160
4235
34405
8949
2700
900
1228
1243
1192
81229
595
44199
59784
106782
175
314
1264
1892
3504
2105
3868
60069
6957
2186
64614
306
1201
471
1263
4034
4450
3916
1269
46976
52973
222
27773
800
955
628
373
1237
61323
2871
281
7156
5810
3435
11
3424
474
31658
71156
131724
1257
6188
2761
3545
364
5010
2115
2351
26326
63082
6539
1081
1939
2243
235
1227
93040
7099
1948
936
2291
380
3683
2006
1179
30810
5630
104
8807
1214
3006
720
30707
4007
1032
2890
3556
161
3499
2687
3702
508
3408
3039
8981
1211
1941
2131
1120
2434
2573
6918
2820
4262
5617
109249
216
1333
46723
115617
4085
8366
54001
81845
2076
2529
55269
3252
3168
52
2064
230
34321
4424
56339
42004
1305
1273
475
5902
3952
951
2951
7263
26422
49280
6187
59418
28
81847
31878
3196
48304
106696
63131
2575
261
7090
994
4029
5618
1907
1350
6807
2141
1625
1927
3200
3328
115713
8360
581
3256
492
1235
1025
6184
33660
39
1199
940
3967
909
1271
1223
92259
50068
5971
1934
1343
3251
3034
2938
72641
535
54997
76251
3468
1408
88129
5782
86
4239
30749
5387
134853
3552
921
134130
3210
292
2078
1394
866
5095
1688
1177
8154
345
2268
33171
599
2660
3848
4722
4489
5377
34
3019
49272
363
48738
5876
838
4220
2553
2463
4273
1260
96079
8464
1191
99
8239
300
1261
4014
6350
1095
6214
1288
5505
106920
613
1693
97304
6942
3730
2231
2971
1183
1188
4361
84152
8970
588
53129
6125
905
232
933
1464
431
1282
348
26258
7143
52435
2133
96829
379
3510
1959
562
1466
4002
27721
935
36529
1046
6666
206
78499
6870
1253
236
1209
25750
32898
1281
59387
3272
57669
7285
1946
91094
87660
75440
55031
7481
59810
2300
2454
5444
66934
3108
911
3152
3873
6620
441
2125
7371
8132
6985
101525
139385
4552
63876
3341
5992
785
5255
7063
26524
87232
3386
4102
5147
60684
5269
7327
190
8368
2459
4223
2570
5135
6077
7833
8711
121231
8580
4033
3685
72226
7123
26729
3074
3357
5470
927
4920
3548
118997
4191
147
54328
3310
2160
25771
7802
6936
2407
77658
198
27790
3020
759
6283
4928
6440
5294
97938
102684
7649
3747
8477
5400
4914
3275
412
1653
61024
3801
3871
4095
78209
3448
5103
5414
6774
3203
543
3629
5878
34437
1361
1965
3925
89804
55247
3306
3677
5056
7075
7024
26231
6796
3679
1611
2985
69844
108727
108981
108979
5489
27831
2572
4277
6893
80463
6003
647
48165
71108
8197
26614
3361
3218
81834
6953
1396
32840
162
3507
63836
33138
2440
95113
71390
40226
42900
8240
5473
26749
4642
80553
32515
77291
27792
60384
34326
5179
3010
31973
47721
98963
57038
64278
56869
71755
96832
702
27423
33903
97230
138696
116897
47152
5607
26094
7043
68135
832
8938
4021
1485
8958
1960
8983
4967
552
2670
1449
2109
2664
5055
96606
1298
51540
50872
6662
2551
1178
3105
2731
6436
1476
1173
48043
48322
67087
3060
3701
2348
4190
1057
7419
61240
68237
4641
3355
663
7160
7265
3735
3852
96728
2750
53972
3854
1348
237
4697
5319
2863
29
2872
333
1419
154
3155
99114
6598
42725
2202
1077
85414
1958
8010
45499
33669
6323
3983
1344
3699
89745
34323
4901
741
6101
4225
40819
930
80489
44709
596
616
54999
6104
7451
104374
5026
7826
6783
159
60756
766
31410
3174
2018
88810
582
585
45728
783
8933
1645
4308
33794
65261
3253
141
42418
5324
6993
7139
104283
1175
3469
72011
6565
3181
36527
2788
6987
2403
60397
97
1047
90405
2124
1680
945
36708
4658
31193
2648
2138
3809
96588
27020
4720
2331
2114
1292
74458
171
4844
2393
41
1895
71264
40
3789
3728
3813
4201
3112
2357
1413
4017
3429
80
53123
2961
70286
6954
31921
26268
1483
46530
49396
5074
928
44974
7323
3792
7235
1176
999
112183
1569
4187
428
2322
3814
3438
166
40278
4117
55765
3703
1056
2617
69
97306
7926
7767
102445
