user_recommendation
318
296
858
527
2959
608
50
2571
593
2858
260
1221
1196
4226
356
1197
47
2762
1136
1198
32
4973
912
1270
750
110
7153
589
2918
4993
58559
778
1
1193
3578
111
223
5952
2329
1704
293
2028
4011
6539
1682
1213
457
4878
1208
1225
904
908
1206
1210
1617
1089
2692
2542
1240
1207
969
1278
79132
953
6874
1291
4995
1259
6016
1214
1968
1222
1219
923
36
2324
4306
1732
1203
364
6
2997
913
924
3671
1252
541
150
1230
44191
2716
4963
595
3897
2291
1500
1288
29
1961
1247
56367
919
1394
2396
16
1073
5989
48780
474
3481
32587
515
68157
1250
33166
33794
1228
7361
48516
497
480
7147
1097
898
5995
1148
745
1356
1258
3421
899
3147
17
3735
2797
1246
551
1220
8874
1028
1304
2804
1035
1204
2268
1090
1610
2599
1036
1233
3471
1276
55820
903
1265
2300
235
25
57669
555
34405
1387
1200
910
1653
4886
2502
6711
5418
1199
1060
671
588
5060
308
2289
265
8961
1077
307
48394
2064
2318
4308
1299
475
800
1244
7139
3114
56782
1625
1287
1234
349
1945
3317
2194
1272
1103
926
720
1079
2019
1947
11
1095
1343
4034
1285
8784
3362
3683
1293
922
1254
306
1393
741
1952
7099
1217
2321
2359
272
2231
1411
1263
1466
109487
50872
46976
31658
4027
30749
2908
7090
49530
76093
1223
7438
40819
3543
4014
68954
1262
59315
1954
8132
2248
8530
534
5618
1256
2132
1257
1172
1224
6350
1179
3275
3967
45728
1282
1639
106782
3363
116797
1084
3000
8665
28
34
81591
3911
63082
70286
2278
337
6807
194
1267
2788
1673
5630
2076
1212
74458
3186
471
1269
175
6863
5377
2973
1292
955
1096
950
5991
1227
2020
951
928
1104
1967
3033
60069
1590
66934
1674
1266
1333
3504
2144
91529
88125
6502
30707
1211
628
86882
44195
1094
8970
1260
7022
508
916
161
2501
68073
1120
529
92259
162
37729
954
81834
109374
1635
30812
3468
30816
4848
35836
3198
3791
69757
78499
5954
1284
64957
5782
4326
4007
8873
2115
44555
319
27773
3499
2712
968
230
2739
2202
1231
3788
106920
3462
7502
36529
4979
1953
905
4499
64839
44665
3246
1357
3916
3196
3448
46578
45722
4239
53956
805
246
5299
81845
51255
3359
1960
3081
2467
55442
2791
3724
866
54286
6188
2987
581
5971
3469
4262
232
85
39292
357
538
2580
48738
2125
2108
49957
1209
3252
1641
3255
6870
3256
4033
4085
3686
1041
838
2109
88129
531
97
6787
1283
1238
247
2140
1719
2243
2070
2795
911
3396
3095
994
6377
3420
2352
1201
2336
5225
27831
1175
50068
8228
1086
49272
933
4427
62
2917
1958
61323
965
1274
2690
3702
134130
1729
233
112552
5956
5010
1307
2664
3068
8645
69844
55247
80463
5349
3730
3435
3386
1374
3814
3510
156
6440
3135
5444
353
2395
3952
3201
14
1242
8493
58
348
1178
1289
2871
3996
6942
97304
3262
3088
280
1464
3360
37741
3034
51662
213
5903
1747
2947
5812
535
2890
728
94466
7156
1111
2232
104374
79702
4361
1344
3052
1361
1884
38499
5690
8950
7137
4880
3039
54997
2857
31410
34072
68358
73017
115617
3020
4903
3989
79091
7669
2010
7096
3451
68237
6852
2275
1956
1249
41566
34162
8958
3070
40815
215
99114
1192
1303
6333
3361
6218
3467
6591
81847
3355
2353
4103
3152
1948
94959
7387
4881
3022
921
309
3167
58803
7285
5064
7649
2459
3272
59784
64614
5522
37733
4223
3703
4008
4263
562
58347
54190
1281
2474
40629
66097
59387
6755
96079
1029
2971
1305
599
67255
509
5152
47610
326
6565
69
1845
115713
909
112852
2463
261
361
2841
4465
6104
1162
900
7386
3111
64034
3526
4235
46723
91104
3175
5876
2302
556
1380
3030
2391
3307
3037
3358
2288
281
907
134853
1939
2686
2312
3983
3713
1321
2245
4641
3102
46322
6385
71535
64716
735
3219
59725
1527
1959
1081
3210
6776
2924
1476
2357
1348
54259
2916
229
893
3476
2648
915
2929
3134
2303
37857
1366
27721
104913
2160
47518
4616
5103
4327
42004
4299
3949
6380
81932
279
2819
4450
45
3035
4537
61240
9010
149
54995
1131
30
1611
3019
38061
4029
1147
7802
663
69481
3429
2313
3044
2721
7451
1080
2728
4128
2366
521
3980
428
30850
106100
3089
1085
7698
1678
76251
1927
1280
2935
72226
3507
6979
1185
2952
2279
3536
971
73290
2287
7160
2165
87232
2208
766
1964
69122
4967
8019
6620
3653
2594
1186
4369
8798
2096
8191
7235
106696
1799
363
1261
2545
5544
945
1245
2443
1264
26662
441
3793
4865
1423
85774
1050
2693
2186
1957
6242
1537
8917
3868
2071
2792
647
7263
6993
3200
48043
6299
322
6436
40583
290
5379
837
3251
4017
52281
6283
5945
56339
4217
6796
2442
2926
3609
5801
5238
4584
1277
7215
8128
96821
3527
45950
96728
7164
7064
2968
140174
106438
8157
55267
2677
6790
110102
262
93040
2682
1171
2966
764
4406
55451
3508
2087
51080
8368
26084
81562
6452
2852
4557
2761
3639
52952
58998
1396
3213
1944
88810
2130
98491
3844
373
2919
3512
3612
65261
3417
2267
108932
109249
1189
3701
56715
2315
34321
3738
3783
4660
52435
4489
1066
27478
946
5878
1218
41
4211
4187
4965
3789
3204
1912
80906
4037
1034
3676
1694
3342
112183
55290
2139
4321
3108
3062
6954
58351
2746
104841
3725
8636
3038
6375
3328
314
1835
3505
3548
1125
2901
40148
4722
5955
8981
7179
74508
39234
7247
51540
4086
1023
4174
2725
38038
446
1191
3181
1279
300
2949
390
4280
2961
5500
8928
3341
3194
431
3112
1248
105504
99813
4799
949
1013
8638
101
2912
51277
3077
6461
86377
5915
1946
5490
132333
8542
3871
7132
6770
154
116
4478
1187
31035
1354
5446
55118
2430
3498
264
3638
3457
82459
2644
6732
4148
96829
31435
3551
3334
