user_recommendation
318
296
527
858
593
608
50
2858
2959
260
4226
1197
1196
1617
1198
2571
1193
2762
1221
912
1136
47
750
2918
589
356
1213
1208
1089
778
1704
904
1
4993
1073
913
4973
1230
953
2997
1270
32
1278
1219
1240
1210
969
908
899
1252
293
1258
111
2692
1304
2599
1387
1732
2291
2502
1203
923
551
1207
1682
1259
1291
1247
1225
2329
1080
920
1234
903
4027
79132
150
110
4878
6016
7153
1028
2716
1060
1968
1276
1961
1212
4034
6874
1228
4995
1079
2028
898
2324
2804
3471
2132
2300
515
3671
1199
5989
48516
1394
1500
2791
44191
68157
3421
5618
919
5995
235
1333
1288
926
1293
1953
1222
364
588
4963
457
955
1263
36
3362
2289
2064
3481
1214
3897
480
57669
922
1206
1947
1994
56367
954
595
1220
1172
555
1625
1036
3147
910
3730
1200
5060
48780
2797
4011
2019
3683
1244
1299
745
1952
928
541
1254
1527
1204
1029
1292
2795
246
1265
5952
25
1267
1175
162
1250
2076
1285
942
905
924
3578
33166
1356
3088
3504
30749
3868
58559
1084
319
1307
63082
1411
1148
2542
3167
3152
68954
509
1361
1956
70286
17
7361
48394
3735
6807
1179
29
337
1094
950
34405
3072
46578
5064
628
74458
529
3499
1269
194
1077
3363
474
3101
1095
1217
1641
2020
2160
1035
3359
1256
357
1272
56782
1282
534
2580
2396
55820
2648
3361
1997
96079
2971
4014
40819
1945
471
1296
1260
4308
2248
2186
3546
2144
2303
1090
52
2908
2268
223
1464
1729
272
500
968
32587
2067
3672
1218
64839
3814
3468
2115
2313
3104
3462
3949
951
728
800
1249
1104
6863
2739
2871
1147
1649
1348
3510
581
2890
27773
2612
1189
3724
3435
1215
3198
1287
3175
8784
940
1248
1096
3022
2203
109487
1266
3039
2644
6942
3037
4007
3307
916
1590
141
1305
4235
8874
81932
1271
1960
2726
535
48774
6870
2467
2973
4262
6711
1032
2459
106920
1120
5418
2245
1466
1784
4086
2318
3451
3168
2081
1086
11
30707
6
1186
2231
497
911
1948
16
1950
2917
7022
6787
1231
938
2109
2137
2474
3038
53953
2664
741
125
914
3424
3741
1594
55247
921
112183
2018
4239
306
3135
2949
1097
1653
93840
1280
2336
348
3524
1284
909
475
1103
5782
1959
3548
5971
1982
3543
1939
3317
1663
39292
1264
994
4022
1357
2125
3068
2846
2926
5991
1611
78499
1274
3016
3007
116797
1303
86882
5630
72226
68073
3102
930
6323
2194
233
5812
2165
3360
3448
4886
4037
8228
109374
1345
3108
6350
7099
373
2288
6773
116
64614
1081
1321
2349
2359
4432
134130
33794
40732
3200
2929
2947
2096
3996
5152
1797
363
232
2243
3272
39183
7669
349
2925
2391
6001
2696
2944
1343
247
2919
353
80463
6662
81591
4361
2357
92259
2138
2130
6796
58
1955
7139
1202
1012
1178
1283
971
3213
3791
3967
1967
3608
37741
2553
902
538
1946
2361
2108
5238
8950
40815
3060
68237
99114
1223
671
4188
4263
7320
106782
3507
1954
112852
2946
5475
1238
6502
308
5014
3476
1192
2693
933
37731
229
2442
8958
1719
1374
2501
44555
115713
3201
7419
2594
7147
3355
3260
3703
3418
2352
3246
7502
55276
4009
32898
2721
1082
262
2729
3006
307
261
6565
7438
8880
105504
50872
1449
501
3210
7802
508
1958
5341
2070
3989
3194
326
2321
1635
8641
6732
3000
2208
3019
3702
30
1688
55052
2005
866
2788
4809
1747
1041
4427
2490
2988
4326
4776
58998
2901
4661
46976
39
106916
6385
1099
30816
6755
2732
3638
2366
1246
103
3105
3081
30812
4019
230
1673
3018
27022
8493
1127
2682
34338
927
594
80489
3275
3725
2912
5876
2495
1341
448
87232
88125
1674
1135
2232
3036
2560
3738
69122
3310
4410
71535
4085
2731
1257
26662
1537
3083
2285
2093
5464
2267
6380
104374
1237
33493
1463
4465
1125
69481
3153
4292
3015
1799
2337
3067
3917
1251
1610
96075
101850
53887
4422
86487
4428
7132
5017
7116
26797
74089
55063
26501
8264
6021
8261
8123
7087
58649
104119
163949
150856
114464
112577
31658
2463
1191
64957
1962
128360
7836
94864
3872
44195
76093
514
1805
82459
2863
3114
1301
1128
4450
6539
3536
44665
1615
3653
1130
3112
5385
441
60756
3833
2271
26729
63876
88129
46
149
184
3196
3527
2924
156
4969
2668
3908
1211
421
309
6331
3686
945
3033
2278
3728
7698
7215
1885
48738
2140
6852
3770
70293
3034
341
3679
91104
599
96821
2398
3077
1655
2982
183
2465
3021
2131
2945
1543
3024
3837
893
49
3757
3840
1531
1771
567
1326
2177
3851
1312
3281
416
3467
3952
3529
366
1516
4017
3508
2327
4218
785
3547
2935
621
2752
5225
3983
55765
55250
3635
4304
6452
3911
2746
1904
3469
8368
188
663
4881
68358
3734
1629
3545
973
2728
8132
176
38499
380
6003
312
134853
2419
46723
390
2524
2725
86320
2613
3807
477
2987
3712
10
115569
1480
1963
422
805
2315
97938
3760
2662
2475
69757
3966
3035
2690
36529
1281
27831
4349
8908
4343
1395
2654
5074
99145
6419
2283
3576
2469
2687
596
1983
1277
97304
6947
97752
4466
4945
3535
2126
2550
988
2545
3557
384
3684
322
49530
37729
81845
1554
7013
7075
934
93855
85342
6777
3475
3809
2520
106100
73290
5293
3498
1476
3429
91658
2700
265
1366
215
111921
85414
3342
6639
428
6724
1913
89745
7566
52767
4903
1964
86377
1132
1392
2841
7285
8807
5772
4211
1019
299
3134
7649
2916
1701
45
7162
7137
140174
3505
3219
59387
3358
3252
550
4128
3391
1034
1224
1944
104913
1845
3386
5690
81564
65514
3412
1475
8981
97921
93510
6461
1974
2941
4537
1187
7160
48696
115122
213
6552
3699
2301
115617
67255
7084
3159
71135
4734
590
1396
4033
3274
2353
2280
3457
1991
2279
4029
7360
