user_recommendation
318
296
527
858
2858
260
608
593
2571
50
1196
2959
356
1221
1197
110
1198
4226
912
47
4993
1270
1193
7153
589
1210
293
4973
5952
750
2918
778
2762
1073
1136
1259
457
1704
32
2028
1089
2329
1617
1247
969
541
1219
3996
1
1213
908
3578
904
1291
1208
1225
150
1252
2324
924
2997
1204
111
903
4878
1240
6539
898
58559
1203
1304
364
745
3481
919
3897
480
923
1148
595
1214
1097
7361
1220
1682
1207
913
17
6874
4963
899
2692
6016
953
2502
1172
1968
5989
1610
4034
48516
1200
1265
2396
36
1732
4027
1625
2599
1278
2804
1228
79132
68157
926
1961
3147
910
5995
44191
4995
32587
1060
1288
1222
2716
1233
1036
8874
1276
5669
1206
2797
4306
1028
497
2542
2268
2064
1258
588
1299
1246
246
1230
2580
2291
590
1500
1080
1293
1084
1090
1250
55820
3671
6
2115
920
1254
1287
508
56367
2019
1212
3462
223
3471
194
968
59315
1945
551
33794
46578
78499
529
1267
922
1199
3504
3683
1079
6711
3114
474
25
1077
5060
1361
2908
106920
1307
1285
3730
1217
337
48780
33166
2194
57669
720
1235
1952
475
1947
106782
2076
1673
1269
349
6796
8961
1374
3868
265
3386
471
1035
8784
555
1096
8368
235
1224
1179
81591
955
3418
1266
4011
3362
5991
950
954
29
2395
994
1960
7438
1095
70286
1357
33493
16
1264
50872
2248
2144
40815
1387
116797
2300
1584
1953
3006
1641
5618
1263
4235
63082
2186
31658
800
2132
2005
6377
6502
44555
1103
3499
2917
357
5225
515
232
3435
56782
272
671
86882
3000
581
1333
534
2973
306
1256
3363
2971
104374
1946
4886
3421
733
30707
2690
1466
3088
64839
6787
68954
4308
1527
1284
3152
175
7502
2232
1674
3724
3020
27773
3095
1104
5010
1411
54259
1178
2987
2871
73290
1086
7143
4103
2648
44665
3060
319
109374
3252
308
509
2739
134130
6942
3201
2686
2467
3033
2664
2359
2318
866
1948
1394
49530
1175
928
905
1356
2289
88125
2303
2020
3167
68358
1023
109487
1292
81932
1231
1300
2243
34405
2890
2863
11
628
1248
8958
4037
1923
3510
2067
951
5679
72226
134853
945
3468
7090
59784
2501
7099
3342
1223
21
307
54997
121231
7022
1244
68237
69844
162
1029
1994
8645
1939
74458
1296
1956
1305
2357
3735
2795
8970
3035
8949
55247
3359
7147
1272
5630
5816
2761
3448
80463
44199
6440
4641
1215
1959
4007
99114
6807
112852
377
9010
3429
1303
55269
3037
322
81229
97938
930
3246
3361
8228
909
2644
2081
4128
1094
1262
94959
1580
79702
64716
51255
3696
1729
1234
3307
3783
1950
5955
230
81834
6863
6979
927
1201
2728
3203
3983
1834
115713
106100
2203
1192
1189
6773
2553
31410
911
1209
971
1927
97304
300
1283
348
805
5064
92259
921
1884
850
5418
3068
728
914
1251
3408
1358
2010
2791
2125
3200
2160
107559
5971
7802
35836
3967
106441
54001
1280
5013
280
2109
2944
2612
161
538
3546
5765
3437
4630
52281
942
8132
3545
3104
3275
163
4239
106489
2726
373
6385
88129
233
3007
759
3168
2231
1025
2949
6063
3317
39
5444
106438
2353
1127
3814
37741
72641
42418
916
8981
3260
1537
73017
261
3044
1611
76093
4896
3019
85414
2935
1635
68073
2108
4017
2208
1211
45722
3469
1056
1393
1185
26729
85
50068
6662
2929
44195
115617
4085
54503
7139
65261
3022
1921
4361
1066
6101
6724
1449
2746
64957
110102
38038
5956
353
104913
3036
2313
4450
2352
741
3038
3034
1081
946
6565
98491
32898
1242
1249
2925
6380
8798
2245
2078
55276
5238
902
58803
3176
2745
2732
431
7451
8937
2302
2391
477
1147
97957
3684
105504
3071
1719
1245
1260
2459
96821
7087
7445
69122
30749
86377
4979
6331
3213
224
3989
28
53123
3871
4489
6552
7669
7132
3952
3538
2677
56152
2202
1078
4537
5103
4273
314
89904
5341
2474
1964
81845
3741
3581
33660
5377
2398
67255
48738
5876
96079
122892
7419
4349
4432
37733
3791
1348
47610
93721
3077
3788
2420
40412
92494
3216
3451
63853
1955
5475
3198
59995
7698
7116
3310
8950
97
5812
363
116
45950
1734
3089
907
55280
87232
111921
6323
938
1663
6001
1958
787
1150
96728
4809
4688
4422
26524
933
3018
33171
7235
1273
7075
98809
102993
3476
2463
69757
7836
422
6870
39292
2788
3108
128360
4754
326
26974
102445
6214
51935
54995
6852
2138
3467
4903
100714
55052
4014
1797
8264
26776
2952
8207
3256
4533
1963
86320
1680
4661
40583
2366
3150
56757
1131
915
213
3083
37857
4755
90061
91104
2130
140174
3548
1845
7013
4720
3686
4211
3272
918
4223
4326
3747
3507
34162
901
6974
6461
4410
900
2288
1041
2285
54286
99813
30816
106696
2731
4105
149
3111
64285
3869
2070
3135
99145
63876
5385
55063
26501
5017
26797
4428
96075
8261
8123
53887
58649
74089
86487
163949
112577
150856
104119
114464
101850
51540
81847
3943
7386
92535
46976
3653
7256
2434
69
61240
69481
4642
973
55250
27022
127152
222
5146
70565
4616
7285
89745
8807
6021
54881
112183
7371
51412
599
159
4304
31435
2924
7156
7215
1913
55442
80489
26326
4380
3699
785
36529
4776
2654
52767
3475
30
5772
7137
6350
6987
66934
2137
1257
1954
6003
5008
91542
115569
38886
5500
247
4263
4427
281
53519
2857
3072
38499
7265
3527
1982
1238
2080
7767
40629
8542
3505
81564
58295
3872
2390
2283
5903
3551
27846
156
1754
1693
6777
55069
766
26084
2920
4970
2442
171
6659
1085
51662
3911
3606
3679
1345
27329
65514
5782
7212
7373
3703
1274
112515
2651
1944
5446
3543
2423
7566
229
7091
49272
1120
3160
1967
34338
1419
26662
91529
48696
4019
3728
2336
71033
70293
2427
4928
2721
6333
937
3910
2916
1934
27660
3100
4969
103048
2700
51471
31116
3355
6188
6959
37731
8938
