user_recommendation
318
296
527
260
858
2959
356
50
593
2858
1196
2571
110
608
1198
589
1221
4226
1270
4993
58559
2918
1
1136
2028
1197
1210
293
150
1704
778
2762
750
47
457
7361
912
111
4973
364
2396
3578
7153
1617
1036
6874
4878
1089
1214
6539
1213
1259
1682
1291
1203
1225
1193
223
2716
3996
3147
1968
4995
6377
4306
1258
904
745
1222
1240
2997
919
3114
2324
2797
5952
969
1304
953
6016
2692
923
235
1207
924
5989
48516
3897
1230
1732
1265
2329
8961
1288
55820
1200
4963
1148
1208
5445
2194
908
590
5995
1219
1220
1247
1252
56367
2542
1961
79132
5618
4886
68157
32
88125
7438
903
913
7147
541
2395
44191
36
34
265
2268
1228
1278
4979
78499
2291
25
33794
16
4011
1393
1073
1262
720
1307
2501
1610
2502
1293
68954
898
1356
6
2467
50872
3095
1060
910
48780
2700
2019
81834
515
1263
69481
1674
915
1500
968
56782
1387
3481
2064
59315
475
2599
32587
1299
17
1212
595
162
49272
2318
480
3911
1234
1267
116797
7502
551
1204
2078
914
2718
106782
1254
5971
1580
531
29
1079
7090
30812
5060
86882
899
33166
3671
1953
671
70286
2791
109487
246
1272
4235
1194
1206
5418
76093
1354
4007
6711
1997
1374
1217
3471
64614
741
509
6807
905
3362
4361
91529
2108
59784
11
920
104374
1527
2132
109374
1246
69757
1625
471
497
307
1201
534
926
65261
1266
175
1284
4034
61323
2231
916
44195
380
1784
134853
1103
68358
2690
3421
72226
8132
954
5444
2020
3020
3160
57669
4848
1945
2115
1211
27773
1244
6796
2160
1235
1183
8360
40815
44665
6502
104913
1884
31658
1673
46976
950
2664
3363
1947
1086
3424
1077
64839
1215
1282
1287
1994
805
54997
2973
82459
8784
337
54286
3952
80463
1178
2106
6385
3499
3504
1028
3044
2278
8958
1233
6787
272
3007
79702
2289
2232
1952
62
121231
40819
800
306
247
3252
493
2795
1956
2580
538
262
5673
1954
2804
5377
8874
5500
34405
3006
922
3435
553
2916
308
98491
2144
2186
1358
1357
3696
28
91500
2005
3868
1224
5669
1260
7386
1185
911
1199
161
2712
1250
5955
3683
8638
1095
1172
222
780
1361
2788
26776
7802
1343
81932
7022
5791
5765
9010
3437
348
832
2871
474
1836
3088
2010
115617
322
5956
6440
1127
1120
52435
8645
1957
48394
4630
2739
1283
5010
1960
5225
1912
2819
1248
68237
3178
165
3098
1097
4450
1845
2947
1090
1276
33493
36529
30749
377
4616
5690
3527
94466
4720
87232
529
4623
4299
232
1218
134130
280
151
54259
3451
8937
33660
52281
1321
349
59387
1175
3735
6063
89745
1173
4016
4103
31193
4085
81845
1080
3256
1345
4427
3468
123
99114
46578
2841
3462
1948
838
3556
1104
80549
1264
1921
82
1680
64957
81562
106489
1238
7212
1411
92259
6870
930
8981
73017
30810
1231
216
3448
95088
88129
1449
2359
3104
4027
2138
111921
115713
44555
1641
58
69844
31410
7143
994
2355
1094
3033
3152
1396
1303
74458
5349
1907
945
14
3035
562
3019
3551
66934
3545
1227
3730
1281
1296
71264
115569
1192
39
3000
96079
47610
5617
1209
2890
64285
2137
8368
5630
3365
4533
51471
31116
2984
2313
1734
55451
3219
4102
7139
6188
63082
3927
104841
3507
4755
90061
2423
1466
3788
89904
1394
1611
3359
6954
866
39292
431
85414
1950
4239
3508
6753
8798
215
2463
76251
93721
112552
96821
2924
49530
3081
1273
2572
81564
50068
56587
3386
97304
3606
51255
6283
1237
1939
5502
60069
1096
42418
4903
2303
2352
86377
81847
508
55247
2066
27803
6773
3168
6565
2301
5959
2208
8228
7156
1035
1797
37729
2125
6598
3543
2300
6380
230
3062
1962
521
6323
3071
3418
112556
3677
6413
4357
1810
106100
4873
3676
7323
6461
86
3039
1029
279
1223
2420
1066
1084
1333
3108
1292
3963
3469
3983
8754
8751
6350
4967
51662
2288
1464
178
3879
4679
154
3512
37733
8827
112852
97
940
4489
3089
2076
902
53519
3414
41285
5505
2459
1057
4014
4017
6942
4019
951
3100
4263
3275
581
3675
2761
3429
3134
1719
6993
68848
21
33171
3111
1643
3505
38061
412
328
93040
2968
1537
1249
1635
907
1256
4722
56152
361
92535
500
1242
4641
44974
2935
53123
4029
2779
72641
946
3655
3022
314
2006
64034
99813
3406
1257
392
501
2099
4734
6863
104069
2970
64620
1944
7285
452
194
6214
4499
35836
27846
45
85
5015
27022
8535
2150
932
2726
1966
2987
1271
5782
5747
25750
7075
4349
535
4802
54503
89492
37857
1305
110102
5828
59126
147
1693
611
66665
96588
3307
26662
7235
973
8530
3476
647
5014
3216
40412
92494
97957
357
1012
6242
1285
26974
2068
4754
2917
1300
1131
156
3260
4010
41
3503
2245
492
3910
87306
96829
906
55274
1280
89804
5103
1111
3355
8191
44788
233
465
2937
4537
2361
7073
4128
1916
3724
1049
2985
1179
2929
326
38038
2677
1964
2130
1059
83134
1243
108932
6201
6333
5668
2071
85342
7099
3358
5812
27831
2018
6986
2398
4223
60487
3030
6669
6770
1081
87222
2925
928
4033
86347
3200
3067
62344
3943
2905
900
67255
3741
1253
1189
4901
105844
2671
5165
3989
5597
2920
8970
2721
8341
2029
451
3548
3194
4062
661
55442
7096
1041
2932
51540
55052
1340
1420
2991
55908
47254
38499
85401
18
1959
1399
1729
115122
1241
27700
40148
2912
4187
1042
1344
6662
2454
2351
6708
54328
30707
1251
3972
1702
26587
2357
1162
2087
106916
112515
2545
5820
140749
59549
140747
147037
84414
82608
140751
6369
4342
140739
130522
141124
142068
140741
6342
140743
140761
140759
54251
140745
127728
140755
103731
140763
6033
26791
8699
26843
70762
5264
4724
6769
27826
3575
98933
7260
5229
142240
2607
1903
4519
93855
50641
93320
5244
61236
1913
3550
3201
2626
2412
1885
