user_recommendation
318
296
527
858
50
593
608
2858
260
2571
2959
356
1196
293
4993
1221
4226
778
589
1198
1270
1197
110
1
2762
111
47
3578
2028
32
1704
1210
58559
223
1136
7153
1089
750
912
457
480
364
4306
36
1193
4973
6016
1213
1225
2329
1208
2918
4878
595
7361
904
4011
1240
2804
1682
5952
6539
588
1219
6874
150
1247
1291
1203
6
1394
1732
4027
541
1207
2692
1968
1259
2542
969
79132
1214
1036
1617
908
551
6377
1233
1230
17
16
474
1288
3897
1961
8961
25
56367
1222
1060
4963
1073
265
4995
1500
1265
1228
307
1278
515
1252
913
924
2324
48780
5995
497
3481
1200
1206
720
953
475
2997
308
2716
48516
1204
306
5989
2502
899
3362
919
68157
926
4886
3421
1580
1258
6711
56782
44191
1097
923
745
1220
246
50872
534
162
32587
2599
2395
8874
357
3114
2396
7147
5618
3363
55820
1079
1246
2291
89745
11
951
1356
46578
230
4034
3504
898
76093
58
1179
555
2064
1304
3147
68954
33794
1084
1035
471
1393
1387
1610
2268
235
3671
2797
968
1257
3471
1234
1254
161
920
2132
1343
59315
903
1625
1095
2871
1299
33166
3996
1357
7502
78499
48394
49530
2791
8132
2318
1266
1090
1285
8784
1276
911
1250
34
1293
28
1148
5445
1260
590
194
916
40815
2321
910
109487
337
70286
1217
63082
3462
1028
2303
5669
2115
733
2501
1947
2917
531
838
1192
3201
232
6870
2302
261
44195
7438
1674
34405
1344
1271
2144
1211
3683
2289
106782
86882
2020
88125
1231
2300
79702
27773
535
3911
4016
1096
40819
994
3152
509
116797
5418
6502
922
1953
54259
950
1269
109374
955
954
1263
44555
7139
1884
349
36529
3081
1244
1307
1945
99114
1958
581
2194
69844
1103
1653
3033
59784
2690
1952
57669
377
2580
81591
5444
94466
30749
2788
1212
3317
5991
29
81847
1238
1673
60069
1178
80549
2278
3000
3730
3510
866
1292
2202
4235
3420
72226
1719
671
69757
156
1272
2231
66934
7099
54286
1964
1959
1283
81834
62
39
805
661
1077
2467
4085
599
47610
3252
2359
1374
64614
1954
175
5971
8970
800
64839
54503
1348
1209
508
348
31658
1354
928
44665
3793
97
1267
247
6787
69122
81229
81845
4874
68237
46976
2973
5630
222
663
326
122900
1215
5816
86
529
54997
69
5060
85
5010
1172
73017
2700
74458
1224
5377
233
4262
1256
728
82459
49272
3615
3435
921
1284
2076
3341
262
64957
112852
6350
2336
87232
3186
1177
2929
628
8368
3095
3545
80463
68358
594
104374
935
96079
1537
3256
58295
8580
1361
1041
2109
7156
3089
3735
4979
45
3359
3361
363
1201
2459
648
3251
2005
5064
2746
373
3198
6807
905
1029
1249
1678
6323
1104
3724
8228
322
3037
914
1175
31410
98491
1235
37733
3543
5349
106920
1227
272
44199
33660
538
280
927
45728
91529
3088
2750
1120
8950
1466
2125
1199
5470
3357
452
7802
2721
1080
5782
59387
6380
1845
95088
441
39292
3034
4967
3213
3702
1274
4903
4014
2890
965
3788
930
71264
97304
5903
1264
1185
1611
465
4896
134130
106696
1218
3135
3074
832
1590
4920
134853
115713
55247
115617
108932
3844
2971
1939
3952
2968
2138
1094
30812
85414
122892
7143
88129
3949
92259
7698
4246
8798
1569
2334
6218
2938
81564
30816
915
3910
1194
1449
55442
2712
492
52281
3429
3814
3275
1680
1191
6796
1639
1019
3219
6440
3167
1994
1303
2019
1131
1411
3108
3967
8530
8958
380
2664
37729
4616
1358
1086
65261
412
51255
3134
215
41566
6754
31435
229
1287
5673
1948
2313
102445
5146
6283
26084
2108
900
48738
38499
159
3068
50068
2311
2908
112552
93721
428
1261
6979
1047
2232
51412
764
2761
2140
206
2186
54995
131724
71156
7137
3701
27831
3272
3448
30707
122882
4223
4007
6662
549
3468
1784
281
27523
2078
1081
3606
59369
115569
1289
3044
2570
2545
1305
110102
319
93040
2739
2792
4848
98809
1956
2391
6993
64716
2443
6959
2594
6299
361
7373
494
69481
116
96821
112183
3200
741
1046
1237
1333
3360
8191
1527
7090
5398
2029
3989
213
1223
1835
7096
3469
3019
1641
2352
8638
88140
8873
49278
4103
4427
2841
3022
7285
2463
5955
95510
1111
6708
3686
1734
2912
178
1189
1960
1147
2857
96829
2677
2707
2919
3696
1464
3408
1944
431
3457
27846
96728
58803
3791
2279
55451
55814
190
6659
59684
76173
65037
1921
94959
3160
55290
44761
1589
53123
46322
3916
1982
1729
2288
347
39183
1927
37857
100556
4308
127152
57504
1345
6770
5103
91542
26587
48698
61240
1281
6461
1057
3653
2070
121
52604
2312
7386
55069
2423
5690
4450
104913
65514
5791
2131
5747
68073
6254
3524
1941
5812
4217
51662
14
3260
106489
2133
106100
67087
2626
3526
7926
6783
1962
971
52435
97306
9010
907
6385
2010
1300
3355
3551
289
893
4095
8937
51935
7481
1248
2872
3677
81932
3347
40629
4722
94018
78209
140174
3424
88810
279
3067
3505
4366
2924
3285
127728
5229
5264
59549
70762
103731
140751
82608
140755
4342
141124
140759
107083
4724
140761
3575
8699
140749
140763
140739
26843
6033
140741
26791
140743
7260
84414
27700
6769
142068
142240
27826
147037
6342
130522
140745
54251
98933
6369
140747
7375
1903
946
2686
30
97921
7669
4630
3437
5765
79091
43
125
53972
7380
55276
918
2935
108979
4033
149
2331
140
5135
3069
1957
2961
93363
4801
32234
6327
95167
64034
7072
38061
5218
93510
31193
146656
2248
66371
2641
7075
4506
8493
101525
2208
85179
2454
2351
2607
3035
6266
328
95558
96588
54881
3467
58351
5876
85736
52950
78105
8607
79139
72171
973
6732
68135
51080
139385
945
2553
5225
6003
2490
8464
3039
109249
34321
5379
1130
6985
3412
6059
55908
115122
6863
4263
64285
45950
2442
1279
18
1020
94780
224
5878
4465
