user_recommendation
318
296
593
858
50
527
608
260
4226
356
1196
2959
924
1197
4993
2571
778
79132
2858
48780
1968
1198
47
58559
1270
109487
457
32
91529
1210
110
1203
2918
1240
1704
750
1193
111
5995
1136
223
912
48516
595
17
1073
68157
1213
4995
1089
7153
293
589
364
1230
7361
1225
1617
904
1259
1394
2502
1610
5952
541
36
3897
5989
2762
1584
6
1221
33794
1208
1201
6016
1291
590
3996
2804
2291
2144
480
46578
1961
44191
1028
16
1
77658
1036
78499
246
6874
2797
6711
1247
1258
2599
1079
1250
25
1252
7502
475
908
337
903
2028
377
1204
2542
1356
89745
733
56367
1233
1090
953
2194
899
1276
1097
1288
1682
3462
1228
474
5669
919
4011
106782
29
1206
497
44195
1527
59315
2268
1215
1219
1653
5618
115713
2716
4878
994
1357
40815
1148
1307
116797
81847
68358
2019
2145
2700
2300
56782
969
588
87232
81845
2395
2064
1060
32587
121
2581
3421
2231
349
3481
515
1500
5816
150
1960
2692
33166
3578
1246
3256
1207
4963
1278
86882
1393
230
745
3362
3671
3175
1387
8874
4896
69844
34
39
926
1625
3114
1222
2324
913
1374
508
1275
1285
1267
720
1212
2289
69757
2020
2125
1256
88125
4262
28
161
1641
1719
3471
2096
1517
48394
76093
599
1266
57669
1784
2788
1235
3000
3361
81834
2490
18
2572
3793
232
1580
82459
1172
30812
2501
1299
3147
162
663
2329
955
1693
4034
54259
1304
555
2396
1209
5010
79702
4027
353
54001
2463
1274
55820
3911
1673
951
5971
68954
7438
1884
80549
68135
1262
60069
4308
1035
44199
4085
2871
31193
3104
1192
222
2109
471
1265
1411
7022
7375
6266
7147
1061
2951
77364
1835
1272
3020
80463
1287
2997
2359
99114
1958
6957
26662
38061
1952
910
8784
54503
61250
86817
6332
90576
1227
2761
1199
1466
1801
7156
1953
6155
3552
2321
72998
5388
66203
1907
1566
2248
1333
6380
81229
2118
55247
1147
741
832
6502
2683
2694
8368
3071
3089
1376
2303
314
3030
1271
1361
2529
1244
6870
1127
50872
93510
5060
914
3683
1792
31658
94466
2090
27773
58295
175
551
131724
866
71156
5445
3112
671
101
8917
3033
34405
4700
3022
1231
104374
4299
1077
7380
51662
2243
2366
1260
3039
2406
165
575
1674
3201
281
2355
1954
4333
6796
7451
968
4623
6003
3219
8949
3742
2432
2097
2310
2121
49530
65261
6101
194
1014
500
102445
2553
3504
3160
40819
361
8371
2133
628
2081
2000
8154
1179
1013
36529
4103
1845
3107
5475
1150
73017
524
6787
1476
58
6754
26776
4979
134853
46976
348
104283
46723
2335
534
363
3317
1189
103444
98126
78903
6954
8933
2167
1293
662
2752
54286
104841
88140
342
280
2005
2872
3448
1921
62
53996
1220
121231
2746
708
3203
5991
3016
13
44665
2022
4007
742
1284
893
3730
5064
122882
1050
1283
2263
1211
1185
3952
59784
6350
1178
2160
45728
1120
1399
52435
529
805
848
1956
4014
5782
1372
4427
78209
4246
134130
8132
3508
3198
1223
3676
4002
922
2978
80906
3494
3396
54997
2496
21
3034
49278
8542
930
1269
4396
1292
1343
2273
3285
42418
781
3135
3868
91094
3814
5522
265
2312
108932
3152
2106
112852
800
1605
5915
2524
6375
132333
7247
134170
7132
233
4584
322
2687
1964
1131
34162
8641
581
81591
6993
1031
6323
3681
5490
1175
36708
2087
2791
1080
4799
928
96079
900
2973
2917
4102
213
5291
43
3363
3653
1918
6959
3252
110102
7139
59387
86
7706
3916
6942
88163
272
4755
111921
90061
44555
8580
905
122892
147
2132
7669
1856
443
1296
2739
91658
48304
44761
81564
2148
2026
1598
31878
921
27831
8807
2391
69406
1955
55765
1194
3007
58998
97921
6440
97304
5820
1177
115617
2690
64839
106489
838
53129
2947
64614
1103
3037
3210
106920
67408
5146
55031
87660
75440
59810
135861
5055
85
1672
2261
53322
69122
52287
5103
3788
48774
1084
4223
1254
2352
493
7373
2318
58047
4322
898
71535
6807
2094
58351
2115
8910
80489
2467
30816
452
3359
52885
11
4327
6104
70
52973
1022
51935
6662
97
916
357
7254
6254
49272
46322
86833
261
68237
5812
4228
308
8643
1945
2801
933
3435
95441
4273
82
5882
6666
85414
8970
229
206
106916
66665
3081
7013
1242
122886
2143
1722
88672
2875
91077
1257
423
2890
1289
6893
1959
1238
2193
3341
54328
123
27022
64957
7143
2987
4128
89470
1092
149
2726
6269
2944
105
26729
347
8798
27790
253
5135
1645
5225
3688
22
67734
2929
613
4970
39183
2138
2644
1020
1086
1302
122904
56174
8665
3044
99007
1046
85774
39446
1966
89492
927
5470
3074
4920
3357
1396
2488
72226
431
33639
68848
4321
30707
105197
105504
7894
106438
5074
27
754
4432
390
56152
4499
55908
935
88179
538
6378
6979
6367
47518
2841
106696
4235
40581
70898
95567
54734
62912
5294
1217
96588
1248
2908
1537
3260
4783
3763
7075
2208
1253
3398
422
7091
2709
3521
62155
3330
1202
1041
6296
1096
2186
759
764
7063
43930
7802
84152
4557
950
57504
130520
62081
4506
79139
72209
85179
32596
52950
93363
2124
6461
7827
1249
2991
2729
7320
2627
3384
4711
3718
4292
4304
7771
4562
2824
2554
2073
2330
3947
81562
6188
99
51540
203
8607
4734
2334
911
111362
1484
44004
112138
8228
5502
6062
2640
68791
3967
8937
52
6879
95449
46062
90405
1997
117529
64034
1300
40278
4190
3429
6732
6059
60756
954
4855
1957
316
67788
4016
47610
549
1927
7099
2721
3386
3095
2989
553
1057
7160
80693
58347
62718
1588
1023
5069
66934
48783
103141
2857
25771
3469
54999
279
56775
1305
3088
5299
5992
3263
3102
1123
89804
252
2750
101525
1264
1464
8464
2353
97913
7163
7087
98809
53972
56171
3551
4660
80219
51080
1095
4928
86377
3612
4220
5956
3253
273
