user_recommendation
318
593
296
260
356
858
2571
50
527
1198
1196
608
2858
1
457
4993
1270
1210
110
4226
1213
1221
1197
2959
778
541
5952
7153
1136
589
2762
1704
1089
1291
3578
1617
1240
58559
150
1193
745
1225
912
2692
2396
904
4306
47
899
2918
1214
908
1200
1259
1203
1304
111
6016
1961
1036
2542
1073
590
2028
293
5418
3147
364
2324
79132
36
1079
4011
1265
4973
2797
923
3114
953
2804
1682
32
1207
2064
969
2599
8665
7361
1732
59315
2329
48516
5995
920
4995
497
70286
750
919
1288
924
1968
1247
1222
1035
1148
349
1252
25
1580
3897
17
54286
913
6539
1219
733
1060
1267
1246
1208
1276
1947
337
4886
246
1997
903
1954
74458
1356
8798
1234
2268
1307
2194
1258
5989
480
3006
898
69481
1220
4027
2716
48780
1172
1387
39
4896
3703
2115
1394
33794
2289
6
1080
1228
1212
4963
56782
671
58
1610
1674
68157
5618
1097
551
648
2997
2186
1393
3462
838
474
4878
535
46578
2019
595
3104
222
111759
1376
3527
471
1673
357
7502
508
475
1263
11
300
1201
994
265
1204
1192
40815
122900
905
162
2288
3949
2580
55820
1090
1923
88744
4034
914
5445
720
2890
49530
73017
926
232
1230
1019
922
628
509
8368
44191
3671
1094
3421
1945
3510
6711
5816
57669
2791
3471
1250
69757
253
1953
76093
2291
1625
6787
1278
1254
2359
29
50872
56367
2300
1784
3481
805
161
68237
2690
2011
8784
3911
1374
6807
6502
106782
2502
2501
2137
2572
440
1293
1269
1957
3363
88140
1287
194
2403
5010
2020
368
7147
89745
1960
16
1272
109487
3317
3683
1299
1333
3083
1958
1249
4235
40819
911
2739
1584
2132
1223
3088
2303
928
1081
1215
60040
1227
3362
3175
3435
2490
910
116797
500
68954
3504
109374
85
2125
1217
515
555
1175
1358
1354
1285
4979
88129
2406
2318
49272
262
4014
13
1271
7090
2355
1449
950
1411
3101
2529
3160
916
954
92259
3007
3983
3730
942
3035
54997
91104
454
69844
73321
54001
783
1292
3307
2096
37729
1028
1302
708
780
2971
2694
2144
32587
48394
96079
3448
1500
81845
2968
3468
3246
3359
951
2973
6565
2761
8961
1231
1264
1199
2916
3081
5971
2395
272
51255
1994
2353
3996
3000
1189
1834
8636
3952
581
5669
134130
5446
1084
89492
2243
1233
524
122882
2917
1950
111362
3071
1357
38061
2118
4007
800
2987
1952
6874
2202
3210
377
6979
1466
1284
64034
28
99114
1885
1283
458
3098
6377
3916
5064
33166
3702
88810
59369
1260
5903
59387
134853
1955
27773
63082
1086
6269
1734
5630
1245
6350
3256
2102
2463
3735
26587
1218
44195
91542
4019
82459
52435
1680
6003
1280
1286
59784
529
7156
2871
2005
3152
1256
538
741
106920
1729
3635
2947
1023
54503
832
2138
1361
2000
54881
2248
2090
3358
930
3198
290
81229
1939
2949
97304
86882
4623
88125
1179
1244
3451
235
1827
4103
93040
4361
3868
3112
3967
3201
95088
4128
307
3089
8132
106100
1173
45722
6235
2068
3129
44199
1916
213
2434
4873
2846
2764
1022
82
3111
34321
109249
8874
1663
7669
5299
1251
3418
1077
491
6331
86377
141
5956
6323
2357
2391
6708
3429
21
431
7143
968
281
1248
373
5812
553
3039
47518
105504
71535
44665
1537
932
663
2779
333
1262
3044
1209
80463
5782
933
2712
534
80906
917
3551
233
3789
44555
3095
47610
2284
6378
55250
54372
34
2951
556
4427
67087
1103
7293
64957
1211
60684
101
3505
115617
104374
104913
1012
6385
1104
2310
73
2788
3420
2944
31878
3068
661
348
5152
71899
3653
52458
80748
2729
36529
2432
1719
1446
97921
3100
31658
2948
4448
81932
1185
215
1962
2925
3512
56251
223
5992
40732
900
71579
45950
112852
90428
110102
36931
27724
1619
266
3365
4299
1605
2752
2707
49957
2687
2648
4783
3633
2160
1408
1701
973
268
8533
3107
38499
247
4814
1273
151
1944
3360
1927
1959
6870
1206
1013
3361
4085
850
112552
6187
4304
3524
4308
3543
3639
2351
2232
5673
56145
84152
1345
2726
861
71838
562
1066
2575
4914
45186
27831
4787
7137
73266
3508
53953
3355
1224
280
62849
2278
2819
2433
86345
106489
3062
3686
632
3994
735
53
206
74727
230
1794
106696
78499
86347
1921
1237
3368
2467
1912
156
839
39292
27846
915
931
3033
8183
6380
2081
362
945
1238
54259
58347
2263
2570
178
1014
4262
47099
477
4642
5732
2352
1297
3070
2078
62
112556
1948
4223
2097
40148
1527
1131
131724
308
971
26524
7482
44974
4357
8938
1029
6286
1754
1459
599
8807
2336
5444
164
2302
4720
1046
3507
2978
26729
8675
1202
6440
5608
6942
1845
53956
3545
53129
1178
3022
94959
5114
1860
412
3347
59
6974
8970
3521
97
5319
4889
3178
71156
65216
3252
2908
1277
6957
314
1041
31184
41
5902
67997
3489
87232
56949
5876
60069
51540
64285
1592
4846
1257
2924
3963
74152
3019
69
2795
115569
4626
4632
3548
31116
51471
27611
1946
97057
96911
93324
59273
3910
3015
55276
38038
51080
73344
52287
8493
1021
1243
57368
3105
1186
1025
1281
33639
1096
55069
1966
2273
1484
68099
2474
2312
3499
428
125
4865
1942
2792
1120
8641
4406
4102
7320
7212
934
1641
549
102194
909
2731
115149
6918
1429
3676
60756
4465
1643
6586
4252
91673
7932
26599
9018
7256
6218
4033
55280
940
3038
6732
6552
4086
4765
2070
81847
116897
306
5193
5034
2935
2677
55052
4903
309
2231
6516
8880
3675
50703
141668
73881
3213
3334
6669
6244
1147
4802
3552
3498
8623
62718
764
76251
2321
1835
62374
224
8371
6104
62956
2080
43267
79702
9010
3503
2361
2099
7139
56152
5791
31433
26152
8981
34153
1964
190
7323
6620
6776
2058
118997
123
68159
2920
4017
5477
1859
80549
4188
1300
3871
