user_recommendation
318
296
260
593
356
858
527
1196
608
1210
50
1221
1089
4993
590
1193
1198
457
589
2858
5952
150
2571
7153
2918
1
110
1259
1213
2959
364
1208
1136
1704
111
1270
2762
924
1291
750
1197
4226
541
5618
588
17
1258
1240
2997
480
1206
1968
1304
1584
1079
1036
1080
68157
1225
1207
3147
1073
1247
912
58559
1035
1617
2716
3114
1610
36
337
2692
4963
1214
953
3578
1222
1028
920
1233
1288
497
48516
246
2028
1219
1923
595
1252
778
1228
5989
1961
79132
1203
4979
222
1299
1204
2797
2791
2268
5995
1199
594
47
903
1265
1732
908
1244
1580
1387
2599
1200
32
3481
2289
2115
1097
7361
1625
2194
1060
1250
904
16
3671
4878
1090
4995
300
39
349
3424
926
80463
475
1230
1953
141
3793
2137
92259
913
720
508
6016
1263
1527
2064
2502
2019
919
1245
1262
2804
8961
4306
1172
1278
3504
46578
1358
899
2329
2020
923
6711
3421
1256
1952
4886
4027
85414
454
57669
1234
474
73290
3897
1997
1185
1201
2580
1960
1682
1246
2144
745
1215
3996
56367
2985
109487
969
1267
1307
2542
1148
76251
922
1500
1127
280
22
1356
3448
1374
671
1272
1282
1287
48385
3635
5991
6440
4034
4641
78499
4011
832
6807
2467
1276
2300
1242
368
54286
5225
1094
3468
4822
3071
29
3471
2728
524
4973
1217
44633
733
44191
551
1947
97938
81845
3101
266
2908
1994
3527
55247
81591
1393
1394
7438
955
88125
223
3683
3476
2745
106782
3499
628
1411
2132
3363
34338
2167
59315
5060
261
3361
1302
2987
1212
3362
1293
1957
8368
515
2366
8874
232
3730
3039
1466
1954
1237
1674
2973
1345
1120
2248
1641
1927
1408
3006
55269
509
1077
1096
4007
968
2018
1261
898
4105
5013
40815
54001
529
7649
1271
3524
1032
2023
1292
1301
2081
4235
2355
902
1956
1321
3462
2890
1147
30707
230
3037
3724
2288
1361
661
8947
3729
1280
68954
52975
1223
1305
1243
1179
380
89864
1186
2395
48780
3783
3176
87232
3386
56782
107559
35836
1220
1663
1104
2788
314
74458
3104
151
106441
2700
277
1946
6104
3342
194
106438
5903
3253
4443
538
2427
1131
1333
1103
161
106920
2302
471
1178
2406
69757
1357
3246
3108
72226
4037
2527
2318
1029
2005
1084
69844
1175
3435
5669
4019
7256
8949
293
3088
3167
3067
1673
7132
6565
2336
2313
3469
1266
5010
1264
265
33794
3036
235
1639
1095
1945
3260
5902
27773
905
1464
76093
3916
3552
106918
802
2324
89745
8798
1719
77455
3007
800
1958
1298
805
1285
6787
2687
44555
596
994
3526
534
1260
81932
3200
26729
3508
3510
64034
8970
8542
2966
3868
2872
3359
1211
759
106471
501
3033
2359
6377
162
3307
6947
2971
1249
31658
1645
5971
98961
3418
122882
3052
2948
33493
116
741
122886
2011
648
2501
233
653
6708
2863
1025
3255
5816
5445
6552
1227
2474
3160
7022
1948
33615
1300
4103
81834
2707
30812
1283
3638
3814
1224
2278
4211
2612
53123
32587
928
1354
2143
2739
3000
2174
7091
1254
724
1286
6
708
99114
2919
299
2145
910
3105
2398
5418
1963
8207
2917
2186
1754
2243
307
914
4896
37741
1274
1189
514
60756
3129
1962
2648
3090
3150
787
3015
921
4688
3112
8665
64716
229
1693
51127
3153
2752
954
3396
1939
1269
69481
5152
2524
102993
63853
1566
176
3152
1248
69122
8957
34162
3983
363
1955
88744
3543
850
61323
2352
581
2553
3178
911
106489
1735
2871
96079
3203
1537
373
3083
3060
1023
109374
272
6724
30749
866
7371
1031
555
6773
2442
105504
3089
2232
5673
3507
2310
766
1253
33004
1135
51255
3672
8641
446
5679
2203
1380
2096
8228
2925
3038
1022
942
1150
3095
728
55820
2952
4623
6375
2706
932
2078
84844
1343
72641
3213
306
94959
2916
2066
916
1834
27022
3034
2090
3529
930
2330
1615
3168
1209
72
2664
2125
3019
326
91077
86
1086
33166
1066
2130
6101
3545
64957
106100
6187
68237
1517
3967
2912
1183
40732
986
3271
2846
1688
2099
1573
2517
2644
73344
3181
2085
2010
45728
44195
2046
7569
2750
4903
7116
350
6380
3198
1959
1303
2267
59995
2693
4537
93510
2138
6155
2529
80969
1081
1835
6662
6365
3030
2142
8910
65188
6954
938
30
2245
1012
100714
3016
85
3249
110102
3927
8636
54272
5956
2572
4848
1805
8754
54503
1041
1273
3546
1931
4965
1541
915
3022
4022
5630
5444
1845
308
2795
4450
2463
1419
6863
1701
115617
3044
2984
2988
1476
3679
1161
3548
3134
1341
2726
66203
1320
3741
27721
2279
4720
943
71899
5114
1635
2920
4799
3310
97304
86817
77364
61250
7375
31193
6266
6332
90576
4432
2944
3470
62849
2469
2490
3102
7013
3505
2926
422
893
3068
4327
3747
3135
4009
103
2165
1449
88163
1177
2102
1965
4467
1904
2686
4881
8981
1619
357
38886
2613
105197
1921
2696
5008
3498
8958
7090
6350
26614
647
2058
93422
71535
2725
5782
1279
5064
1912
3738
2337
3086
3244
103048
3091
1375
104337
92751
1489
1463
5238
390
112552
2901
2000
8784
1192
5377
84954
945
3194
4085
5670
2951
48082
44974
102123
146
1649
3633
2361
1281
535
6993
47610
4422
2991
6273
4016
1296
8751
31
2070
2290
2357
2024
6323
5015
838
5915
5522
132333
4396
5490
7451
51540
1694
4380
105844
3712
2723
207
32525
2859
152081
3274
6934
2315
3024
940
5608
4321
7767
8933
56587
3341
2349
6003
1061
312
6786
2659
1111
4322
2131
3347
2843
341
3871
6502
635
2982
1531
3021
184
183
1771
3391
1543
2465
2902
3804
3908
2475
3851
3281
3840
2721
3837
1655
3757
2495
2945
1312
2166
951
1231
4086
1483
1480
2038
3801
1187
114028
1827
2989
90866
4679
53894
48696
2563
2736
3272
2596
3018
1049
1099
103810
416
