user_recommendation
318
296
260
608
2858
593
527
858
50
4993
1196
1198
356
2571
2959
5952
589
110
1136
1221
1210
7153
1270
1089
1213
457
1
1197
4226
32
4973
2028
2762
912
47
899
1304
58559
293
111
3578
953
2692
1148
1617
969
1222
497
1240
778
904
541
1252
4306
908
745
1193
1036
1214
1291
1276
515
2542
32587
150
898
595
1200
1288
1278
2329
2804
2599
913
923
733
48516
1704
750
480
2324
1411
79132
2716
2300
1208
235
1219
1207
1674
6
1079
720
1203
223
1233
3147
4011
364
903
2973
6539
590
551
2064
1256
1265
1784
36
1732
6016
2997
1097
1682
1225
8961
1968
1356
1254
1204
1201
2359
246
1258
1223
1500
905
162
2968
2712
509
1080
588
475
2918
1267
922
596
2987
1199
3476
1234
1953
994
1247
628
1387
2019
1625
1947
3735
838
1230
1259
357
2289
968
3052
34
1302
1292
1066
1094
3363
3088
916
1228
3114
7361
471
1948
44191
2194
1957
920
1060
661
3671
1673
2396
5816
349
46578
5445
3359
919
57669
8874
4995
928
8368
33794
1212
1271
945
5995
1243
2791
54286
161
1220
534
1246
81845
910
40815
1945
49530
2391
2076
5418
940
4886
4034
1961
832
1263
2137
48780
300
78499
3730
51255
1090
3035
27773
1939
1262
1217
5991
926
1952
5954
2971
3108
17
3095
1250
950
55820
3020
538
951
3365
100
1029
272
307
1394
2186
954
176
1619
306
2690
16
2917
535
1237
3260
594
3134
345
5669
265
2083
555
3949
918
7502
3307
2248
5902
28
3044
198
3435
1266
1192
69844
2395
1035
2580
4361
6796
6502
3081
4262
2501
3420
2318
2288
1120
1357
1179
30749
4896
1073
1264
68157
3006
308
3200
5903
59315
1242
11
1923
1227
4799
1211
1077
109374
4963
930
440
932
3684
1206
73017
1449
368
88125
3524
1729
6188
76093
2080
8636
1282
2313
1641
56367
3606
3129
942
2908
1299
3448
194
89745
805
6874
1711
3499
91542
2160
353
54503
1260
56251
915
2115
6377
911
69
1284
232
3175
1248
141
1580
55267
914
1245
2779
3468
3868
531
2502
68237
7027
319
85
3246
3160
3683
2890
3038
6787
44199
1012
2102
3037
1272
4641
3836
1238
4802
97
337
1954
2291
3098
1244
3362
1300
2427
2459
2301
2871
1175
900
1215
2099
29
5034
2011
5301
4046
96079
3703
3284
3481
4235
3368
224
1285
8208
1358
1960
1573
1125
5481
3111
907
1597
314
2096
5956
474
151
1965
1286
1376
1393
1374
2231
492
2353
2352
122882
1209
56145
1408
2677
2366
54001
1131
501
412
901
2058
2490
2746
253
1924
3462
2664
54372
2302
2551
1049
299
3007
933
2761
116797
2303
494
65216
1884
163
86
2951
2070
6380
1305
973
2321
81834
3897
1614
1466
2144
4380
1345
33166
290
2143
1186
3635
1218
52328
3469
1834
25
7143
5630
69481
1663
1719
1224
27611
8641
562
54997
3153
1032
2078
1280
3471
6281
1994
41
1189
3101
766
2203
2797
1931
46976
2268
3911
2467
2005
1527
86882
2138
1805
58
3100
2232
33660
1041
156
3510
4848
8981
1178
508
377
178
1921
613
2460
1967
38038
2985
3198
3508
3015
348
34405
2976
500
2857
53123
3167
6936
1935
8798
1084
1172
30825
3361
1293
3072
3675
3083
1261
4776
2406
3152
3724
261
1283
233
1343
514
3702
1161
4878
5747
999
1023
728
3070
2935
8950
106471
1476
4623
6708
361
3406
247
37729
2726
3929
1885
3418
3213
44665
3545
109487
92259
2474
3910
2357
1944
99114
2648
262
56782
2202
477
281
1361
2739
1946
2073
616
31658
72011
2594
3181
112852
1281
2707
635
2938
91104
2361
88810
1307
62
2081
3504
3022
1639
79
3421
943
106920
917
54259
8132
2919
58803
1303
3347
288
1587
3091
54272
2090
230
2469
556
3706
89804
3244
2920
373
62956
3527
5444
71535
1419
2774
6333
454
40819
80463
13
3068
2130
4299
2659
2863
60161
1354
4321
2252
309
1104
8638
521
3265
4223
2750
114028
2267
3973
36708
164
3503
2284
3168
1177
1103
112552
3104
1934
110102
5673
7123
3475
2693
1059
66297
2442
1455
3447
961
984
3165
1925
1232
5618
40732
27317
54881
2670
2942
67997
2925
3201
1020
60756
61323
59018
1147
2069
3341
3741
68073
4979
56587
4642
529
5017
2193
30
8665
2989
3030
1734
39
27803
7090
44195
115617
177
1827
5108
1101
741
7137
34437
50872
2111
6987
3811
2936
1096
5878
3681
523
4128
3507
1057
7147
5446
2336
1340
537
2344
4450
94959
6530
3742
5866
2981
1933
2874
3737
1025
543
3470
7371
1942
800
103
927
2046
893
2795
322
3364
735
106782
1257
2718
3157
764
7587
26524
3097
98809
1022
105504
2947
4022
2912
7981
3000
2245
2238
678
6331
5105
2729
3089
56152
6807
6620
10
1127
428
1693
3916
81847
4437
7827
2948
8938
3512
2173
1701
328
74458
102123
3019
3062
3358
1194
4304
1185
7771
5062
7700
1273
63082
4427
7263
2970
1390
2018
6753
2788
81932
6971
241
2579
6286
1420
3655
2736
2155
45
34153
5690
5114
45950
6235
6269
8228
3274
4438
149
2745
2932
1610
134130
7293
390
7132
69122
222
3090
565
99149
3386
106696
1611
96610
2108
2066
4679
1297
1401
1941
3736
3066
633
2355
3417
2331
3271
39292
1515
3550
3604
229
2010
135887
326
6350
1958
3598
1463
4518
37741
8970
55069
6385
61352
3112
1298
87232
3712
82527
1429
27156
106438
2859
3917
1794
937
7373
783
68269
2454
4467
31184
2696
3405
3196
2351
1031
68358
110873
92210
108979
1407
4914
6666
88129
2622
3223
2644
82459
1130
80839
79824
32289
41573
48791
97306
5992
1927
2563
4105
4352
4930
3892
4796
4591
4076
1819
5427
1563
1450
1912
63131
47382
2403
3067
26614
7323
1341
7932
91673
6244
4252
26599
9018
5608
