user_recommendation
318
296
527
260
858
50
593
356
1196
608
2858
1198
2959
2571
1270
1221
4993
589
1197
110
2028
7153
1210
47
1193
1704
5952
4226
912
58559
457
1213
1089
2762
1291
3578
293
111
904
4973
778
541
1
750
908
2918
32
1136
1203
6016
1240
2329
2997
1036
7361
1208
150
1225
899
1247
1617
2396
1732
2692
1265
2804
924
969
2324
923
480
48516
246
919
1252
745
6
1204
2542
4306
1682
2064
3897
1259
3996
588
4963
3147
1258
1219
4878
4011
2019
1200
1207
79132
1968
1288
5989
590
4995
2599
364
1079
1304
1250
497
953
36
903
2797
898
913
1228
926
4027
1214
1035
1222
1097
55820
1961
2502
1148
3114
17
78499
32587
33794
1230
1610
1233
44191
920
46578
1293
1299
1267
1172
1060
194
1084
555
1212
2716
733
3481
8961
1206
1947
349
474
1073
2917
56367
56782
1307
68157
1199
595
1625
6874
59315
1246
4034
1674
3462
2395
1945
994
265
1090
6711
1356
1387
5995
1220
1953
7502
1276
5669
1080
922
48780
6539
25
30707
581
3730
910
475
2291
3363
54286
2580
2132
2300
515
337
2115
628
21
57669
1673
1500
508
1957
4886
2268
1256
116797
1234
2243
5418
106920
7147
671
6377
1960
3421
905
1269
1527
1952
1254
1262
109487
5618
1278
2186
1224
50872
8874
3468
1094
509
1223
720
68954
950
377
74458
1361
3362
4235
3683
1028
3435
471
2871
1096
68358
1584
954
4979
76093
3504
3006
1264
1393
3911
1784
39
1374
1263
319
1201
3088
2863
2359
2248
1580
33166
81591
92259
106782
3471
79702
529
1272
1244
1358
3035
1103
232
2467
29
109374
4308
3418
44195
49272
16
62
2194
3007
54503
58
2289
175
72226
1077
2739
2971
27773
1394
44555
1923
54259
307
2761
3949
3868
3095
3735
1946
357
1285
1231
44665
955
5064
2303
1217
1466
306
1280
3201
1287
1939
5902
30749
2076
64839
40815
1192
2890
3952
112852
2278
1104
2712
235
1948
2501
86882
161
81229
40629
1215
2318
31658
3160
3307
5445
3317
1959
551
1834
11
2987
2125
1296
2357
44199
70286
5673
2144
272
3545
800
1292
5444
5225
300
35836
3198
2078
73017
928
2020
1023
535
6796
115617
916
51255
1131
104374
96079
89745
3671
4007
2938
5630
5816
5956
80463
8981
8132
8368
81845
2231
945
59784
3038
968
5010
1209
741
134853
914
7090
3000
805
68237
3967
946
909
1408
911
53123
2791
81932
951
28
1927
3983
1127
69844
54997
3386
7451
2336
49530
134130
6979
88125
1376
1357
3020
5060
110102
1411
93510
122882
99114
2648
1729
67087
41
3256
4103
4085
7132
3089
3101
4037
72641
6787
102445
3429
1537
2935
1095
223
1305
1248
538
89804
3252
3167
380
428
81847
3037
106696
314
308
3019
1884
6662
927
2908
1688
8784
127152
1449
1066
1284
1994
348
2474
3260
3275
7099
3359
1211
2973
6807
1283
3703
3246
96728
3196
146656
91542
8958
40819
930
3152
233
3801
112552
2690
1238
104913
866
2490
69122
1179
85414
6732
5971
322
7669
1343
2321
5991
1333
115713
4014
1963
3653
2366
2203
3200
1249
8970
1934
1147
933
88129
7143
1178
5103
8949
51935
2929
1266
85
102123
3060
441
1088
60069
3360
921
3068
34405
1300
3168
534
2010
3871
3742
1189
2664
3469
3521
3414
907
54001
1719
106100
54881
97938
63131
105504
1484
99764
1251
86
299
261
1086
838
4427
63082
2529
3203
3104
3448
5791
4223
69
38061
1734
2726
41566
115569
96829
55247
112515
1641
1019
55269
3310
162
1955
122892
7767
8542
58295
1907
50068
100556
4848
112138
431
56152
2391
2208
94959
373
3724
1029
3176
1950
7075
121231
4661
2087
71264
81564
2686
4424
2612
7438
6440
1242
2936
971
1956
7256
1962
2745
5876
553
39292
2245
4450
8228
2728
8636
1303
1183
2746
128360
230
3022
55276
1921
8950
87232
1964
7116
7091
938
82459
3424
4019
7802
97304
47610
1260
1944
48698
6552
59018
8638
2694
6350
7087
5475
213
3505
4033
2925
4422
6959
48394
224
3702
412
96821
51540
8807
1354
3475
3788
72171
98809
1273
1954
3499
2644
7419
1175
151
93443
8933
4263
1025
3364
6669
3100
32898
942
96467
2434
2150
1298
1845
3213
250
935
133771
4191
48738
4029
2137
2313
4896
2202
85438
3134
9010
2108
2081
86000
2352
2687
74754
107978
139757
127108
148881
79677
128620
160590
139116
80
112183
973
215
1081
7265
71535
5992
111921
937
69481
37741
52435
2788
64034
2857
3783
1958
38499
345
5812
3512
1257
850
8645
6777
108932
86377
89904
31410
5341
65188
42418
26084
2846
7386
54256
1243
1965
6385
4326
4017
3548
4432
2924
3606
5238
51412
347
7285
3083
6708
6001
36529
7836
940
4016
4021
81156
1302
5017
3510
3342
7156
7263
4187
281
6783
40583
47518
1810
97
34162
5385
1931
6502
3350
27846
26729
56587
27831
4537
6724
81834
4128
1194
61024
4465
6773
5903
6187
6331
4410
1616
60756
26587
48322
64614
4349
3181
3507
900
3736
42004
483
5008
93363
4239
68838
2344
1938
3873
915
2138
2952
7212
91104
1237
6565
1218
3814
6380
53887
8123
55063
58649
8261
4428
96075
74089
26501
2283
86487
26797
8264
163949
101850
150856
112577
104119
114464
3844
766
52767
6021
363
90061
4755
3677
902
95088
57504
2841
72011
34338
2005
3654
2232
3341
45950
49278
2920
31435
2070
1120
62081
1942
116
7698
1997
66665
48696
7566
70293
635
106489
55069
4190
6104
97957
3108
84152
845
91658
3071
87306
88810
4179
6003
4086
6754
3081
5772
41997
1693
759
3476
2916
99145
3684
280
86320
3929
6852
105197
2732
3111
117176
4809
3741
6659
8798
1245
79091
3543
2066
4225
2273
3604
3011
2944
5878
8641
3966
2331
931
2312
2463
178
6986
3639
3811
2351
7137
103810
4616
3686
4489
52604
2067
3791
7373
1941
1827
46723
3747
1185
54328
