user_recommendation
318
296
527
356
1196
858
593
608
260
1221
50
2571
47
2858
1198
1270
110
2959
589
1210
912
3578
969
1704
5952
1136
908
926
4993
1213
1193
7153
1291
4973
1089
4963
2997
2028
293
7361
2762
364
1208
2918
32
913
1036
778
953
4226
58559
1197
750
1204
1240
457
246
919
1617
5225
904
1230
541
923
903
1247
111
899
920
1258
48516
5989
1035
6016
1225
1682
1961
1625
1252
3897
1
2329
4308
1228
1214
1952
733
922
2324
474
1222
150
5418
1200
1287
6874
1250
2502
1259
1968
3996
1207
910
3114
1212
1307
79132
2804
6
1148
194
1203
1206
1219
235
595
36
3462
1393
1285
1199
5995
54286
2115
1278
2797
1610
1172
1732
1246
1299
59315
62
551
1096
745
5669
4306
2396
4878
1293
349
1254
471
2064
2019
1411
1267
1217
4995
25
6539
1265
44191
68157
898
2300
3435
3481
7438
588
1304
3418
1584
648
2692
1097
2076
1244
1272
357
33166
1953
5902
1262
3730
1945
4886
1276
46578
134130
2580
955
2291
35836
497
1028
3147
1939
928
56367
1674
1266
2289
2132
78499
4034
555
1248
2303
2186
1084
8874
994
2791
81229
3362
1220
4235
590
1719
3176
337
2971
125
3868
49530
5791
2542
2599
1223
30749
29
1292
3916
1256
1224
3468
3424
2726
475
2716
2359
32587
968
866
1358
3471
1077
28
30707
535
8665
1104
116797
1950
515
5312
1361
1264
300
8949
1466
306
48780
1231
265
3386
1103
2194
1147
88125
914
5956
56782
7022
17
2010
5329
954
628
3168
109374
5679
1948
671
1234
1060
7132
54001
1407
64839
1784
106920
2917
5415
106782
1357
81932
1073
7419
1947
1284
1080
909
7502
3034
5992
8368
50872
3507
3408
1296
106489
2202
16
2000
8228
1288
2067
5668
1957
5816
1201
5377
74458
2357
8958
805
1233
2268
8784
4011
2700
3683
223
971
162
55247
1283
2761
81845
1079
4037
581
1673
3684
1946
3019
7116
1960
6711
76093
3252
1179
176
2648
3167
3724
3510
3104
266
1090
280
1680
8961
3037
950
1734
6807
1041
3310
5444
3536
1303
3108
2644
3476
3504
2467
33493
509
1242
34162
1927
11
1282
26729
3033
3067
57669
2068
70286
49272
2925
2863
63082
1012
441
5017
720
54503
2871
4432
1269
3007
6662
106916
1754
2353
2728
3257
3152
1251
3686
8873
1537
81834
2920
3671
1189
905
1333
7147
1500
1243
8542
6188
4021
2890
1085
105504
2973
4361
838
2731
4027
91529
7099
45728
86
3088
3735
52767
3203
44199
85
33004
1663
6942
2105
3317
92259
55820
4422
46976
8981
5630
7091
534
8970
308
1374
2005
36529
97
2203
4816
3421
91542
3101
3546
272
3060
3201
1049
2908
924
2916
31658
73017
87232
3911
112183
7669
2369
85414
1029
44665
3949
2739
1175
7087
2732
3000
2078
930
7566
942
68954
80463
3983
1835
2443
7090
3038
32898
5015
3741
2395
907
4014
2313
508
69844
7767
529
2144
1260
37741
76251
4085
4007
1237
2248
2690
8264
42004
4239
3359
97304
32525
4776
3469
1183
281
741
3702
538
110102
1321
1693
2929
2285
3429
3095
38499
175
4489
3948
1305
2951
2278
4410
927
2117
3814
3677
1178
6787
911
101850
104119
26797
26501
96075
8261
6021
86487
74089
8123
58649
4428
55063
53887
5238
5475
163949
112577
114464
150856
3548
7836
51662
89745
101
3361
2283
21
6001
69481
3872
2066
5341
55276
3134
48738
8933
5385
1834
1348
30825
2946
3499
4969
832
4809
5254
1958
3077
3545
759
2983
1959
6786
5876
2490
3307
6791
5387
3196
6724
41566
4262
56339
33794
5064
112852
58
3246
7013
1280
4881
663
2660
64716
4349
64614
2474
2141
363
3467
76293
115569
5903
72641
4181
4720
6273
48696
4103
314
6530
55052
3256
39414
902
3501
2243
6987
2961
7285
900
946
1924
38038
51540
3417
1340
79428
6773
6077
8711
6125
3186
68838
6796
2712
6377
3809
2936
2430
4661
2745
2841
1994
4406
8042
7771
1955
50658
26712
6187
3100
7256
1964
4047
3200
2020
5103
59418
26422
49280
81591
2366
1944
7360
79702
800
50068
8360
8132
58303
5782
96079
2328
1956
4179
40815
4821
4979
5971
307
106100
27803
89804
6783
938
128360
5618
5400
2788
1962
91104
8650
104374
80489
3871
34338
1078
1635
1302
5646
7943
373
6979
3551
54259
99145
134853
2176
7802
6502
3089
661
86882
477
951
1094
148626
1429
5008
88129
39292
40819
58803
2318
115713
2333
2941
7371
8645
232
8121
7208
25852
4612
47728
88810
2501
3006
53123
31410
7833
1081
4117
2729
1729
2208
86320
8528
115617
1281
7451
70293
2927
91658
2287
3022
52973
3763
52
3111
26242
1449
5812
8950
3260
40583
319
26587
1387
1376
4292
2944
98491
26084
7075
333
6852
1611
81564
7136
97938
99114
80
88140
2718
5114
2288
3035
2976
1641
116
8366
69122
2612
3213
1356
79242
3989
1394
6552
6101
2391
45
63876
1124
2386
4263
26614
97923
2232
931
2403
7088
81562
5380
6271
41997
104913
78039
56805
6650
7089
1845
5095
7981
7265
72226
97673
2160
51935
81847
105355
105197
2279
945
73
6331
2664
37733
41527
7459
3653
44195
3801
3475
4965
52952
3966
4722
3848
8798
7700
56587
6378
1202
2351
1057
46723
6863
6003
1921
56607
1684
7143
1263
6385
147
764
8638
94959
59784
3083
3275
4019
6893
47099
7698
25850
106696
53318
4912
309
2420
79091
1931
1025
380
27022
68237
91077
5367
4801
112290
599
1860
6461
37729
4914
111921
53024
38304
127152
142488
8492
3633
3952
7587
50742
50740
1652
55253
8572
8979
94931
112399
120821
72367
7111
47092
61357
7126
110752
25882
151307
127164
4927
25999
5088
6639
25996
128606
26323
7300
75990
26147
26178
58879
25945
26350
27812
6133
26505
72720
50245
112735
7073
2137
6440
6777
1023
1192
1086
63131
450
102123
47610
4238
27721
91630
1963
597
99813
34072
2058
233
594
5772
