user_recommendation
318
296
260
527
1198
4993
356
1196
2858
2959
1210
608
1136
2762
750
5952
7153
858
1193
2028
593
110
50
1704
4896
1610
47
1674
1259
6016
1213
541
2690
4306
913
58559
1201
2396
899
34
1282
104913
1291
88129
7502
953
994
969
2080
3578
73017
1220
2406
515
1206
7361
910
497
68157
89745
1221
898
2005
916
7143
1276
1997
106489
98809
150
61024
2433
945
4361
28
745
71535
720
1223
51935
914
1203
119141
118696
91542
89774
59315
1393
1302
1459
102125
4235
2359
1254
339
48516
940
900
2918
508
3606
3365
3178
102445
838
3035
1948
778
2797
3675
3260
2973
1256
2300
2716
1066
5152
1411
3284
3836
3684
5301
3359
5034
3368
2069
3088
4799
4046
3111
4802
2779
1214
3044
3157
1252
3098
932
1271
51662
919
3108
2692
1089
1617
2804
1356
2083
246
5995
1225
77561
68358
2987
1246
1625
2968
2193
1784
908
112852
2115
6377
1961
55820
3071
1304
17
33794
306
1262
595
1270
4973
663
6
1500
1614
111
40815
924
3255
1957
1097
1197
2324
2542
307
107
3114
1288
3753
4979
349
904
329
806
2352
69844
1968
78499
1244
4995
1293
1953
44195
1962
2357
1199
1228
1258
2064
57669
5618
5319
1080
920
912
54503
319
5816
2501
2020
39292
96079
3897
116797
4223
2599
2019
27803
5445
1235
38038
1299
41997
2336
968
7459
34072
6869
41527
3746
3147
5989
805
8873
69481
46976
72226
109487
2291
1343
38061
3107
1148
53123
73290
107559
106441
3006
4011
2248
457
1185
99114
4007
3927
2984
3176
3363
1219
2023
1272
589
1673
1376
3434
3274
2355
4226
1222
44191
2125
1172
1772
1917
1584
30749
3424
1358
2194
31658
2986
1380
3101
151
1954
5377
102123
65188
5902
3967
5903
3481
2570
1234
1286
37386
1284
2329
2470
69757
81562
110102
92259
8368
8371
3527
24
2948
475
112552
84954
903
62849
1374
61323
357
86332
88140
7373
106072
928
154
2289
907
2150
68319
54001
33004
1321
1073
509
1077
165
102993
106438
71033
5608
2724
63853
253
2078
1
48780
2395
991
1927
232
44974
43267
40148
37731
111362
2997
8961
3000
81845
74458
81932
97306
926
1267
911
3196
94959
1090
21
76251
108979
27156
92210
110873
501
3996
4027
79702
1211
3751
3095
2
5481
56782
1192
50068
1230
2010
4641
733
905
3007
4963
1176
1641
3418
45950
364
106920
64716
1028
162
300
3175
3360
1049
4019
6708
1022
1171
2318
1956
6807
2081
161
2949
72641
16
3181
224
3507
1103
361
100
901
446
1361
1484
3521
7090
954
235
5225
265
3408
1945
2496
728
500
581
80748
8645
6711
2398
4187
1218
3911
1950
40583
1226
3677
70293
31878
6954
1237
551
628
1087
37240
4151
4384
5878
7456
27846
97304
930
8966
915
4357
3451
3037
971
62344
51705
8228
2962
52668
2626
88125
613
41566
106100
4263
4787
4704
495
559
820
3061
2273
535
2117
3549
7099
98961
4401
4178
2670
4709
4798
4186
490
4189
848
5167
1633
5214
1555
3334
3379
148
3873
5187
3244
3519
4835
3724
5008
4356
5232
5231
941
3341
2749
3871
5230
5168
2889
3599
2882
1277
3469
1429
700
5233
3600
5234
4291
4795
1173
468
2245
308
3591
918
7371
100714
59995
80969
4936
86882
1306
3510
1845
8533
1370
3087
2941
861
531
1307
51540
590
2302
1287
2890
933
1104
2085
194
491
5673
91529
41
1178
280
47610
5378
454
6323
2088
79
48043
4406
104374
33166
86
122882
8949
54286
207
6863
95088
68237
1278
5945
71899
134130
45186
2641
63876
353
1057
1580
942
1079
1207
36527
1416
33493
2096
47999
1339
80463
58998
50872
2112
42004
40819
832
783
3328
299
69122
39
91630
2404
5418
1732
1892
596
92535
86377
64620
230
86347
7156
494
8641
1292
4914
86320
48304
90531
5269
34542
64501
89470
64499
31413
64197
86345
60333
108709
61236
6975
61013
8937
126430
69134
2788
176
1357
73106
50189
59429
39715
36517
7285
2105
3105
986
1204
1183
3763
1597
2664
2140
105504
6586
1212
94864
32
1086
3633
3252
1248
56949
96821
83613
4034
714
950
1931
1965
79132
6598
40870
2297
85612
6350
6724
81834
492
44665
1387
2278
6883
2935
40629
909
105844
2908
272
57368
44709
2937
946
2208
741
44555
31410
5266
72393
80693
80026
64034
25788
1269
3246
48738
62331
109742
93838
5954
106782
5630
1266
1175
524
2502
549
48385
4886
96610
6378
279
452
6978
222
55247
56757
1441
261
8969
77455
13
8636
8970
2253
1608
650
2366
104069
1264
8983
65261
7451
66097
8784
1217
26776
262
27790
54328
2746
1240
3355
5971
70183
37830
71282
314
80549
412
90866
4029
4017
3053
3203
92
1060
2572
178
82
521
1449
6187
1231
2707
538
529
115569
26422
59418
49280
56339
47518
1592
30810
1147
2094
5300
3450
204
100556
5010
2001
1663
48322
5617
8366
1747
3160
141
6881
52
1245
48774
1693
46578
2686
2545
922
5401
60756
225
1333
4103
36519
8798
1261
2694
2022
2144
2152
56176
4386
2463
798
6565
1887
31685
7293
5782
14
66297
56251
4980
60161
62956
79008
79185
57528
5449
3083
1005
1189
103279
2335
2143
2432
2263
2121
2310
2097
3112
2752
1801
534
2978
6873
3104
640
103
112
96829
43376
1023
277
227
4994
216
35836
93840
27783
5446
5607
7177
2585
26131
8951
480
1260
465
4734
3952
1238
7158
934
1489
98056
48082
2920
104879
2739
4489
2989
2268
74948
1257
2058
103048
6942
6769
141124
6033
2721
140751
4090
27826
3457
55451
84414
2029
54251
140755
98933
1903
140759
142240
6342
140761
5229
140763
7260
127728
6369
6770
4722
82608
70762
140749
4616
140741
142068
103731
5264
147037
59549
1612
4342
27700
26843
107083
26791
140739
3914
4006
4724
3575
140743
140745
140747
130522
8699
8360
81229
1354
65982
2368
49272
1061
5785
27660
85438
2090
2971
5103
68954
