user_recommendation
318
296
593
260
858
608
527
1196
1198
50
1221
1210
2858
2571
356
4993
2959
5952
110
7153
4226
47
589
1193
457
2997
1291
150
1089
912
1197
904
1
4973
2396
1704
923
1270
750
541
1617
908
1136
778
899
1213
32
1252
1225
1207
590
2762
1203
111
2692
969
903
2028
1259
1304
1219
733
1214
17
1208
1240
2324
920
480
595
1097
3578
919
2918
3114
2797
926
1247
1267
1035
913
6016
2064
1968
953
1265
1961
1073
4963
588
1258
293
1200
7361
1682
48516
364
3147
745
2599
1263
36
1288
922
11
2019
1079
357
910
79132
1356
1172
1212
497
3996
1358
2020
1307
3481
1947
1217
898
1387
2289
2804
2712
1028
1953
1094
1206
905
1204
6
1228
2542
3462
232
1276
1148
32587
2291
1997
5225
1299
2329
4306
1080
2580
58559
1060
6539
68157
265
4886
1293
1957
4027
1090
2987
306
5445
1222
1945
3104
4979
337
1036
300
194
44191
994
3160
222
8368
6333
4235
4034
2186
2194
314
2908
2248
272
81845
1784
1223
1296
1127
3307
3868
307
3006
1333
3386
3435
1952
2791
1264
1674
162
349
7090
529
290
2716
1732
235
33166
534
1199
5902
1254
928
2115
5114
3176
2125
3101
515
3088
55820
2359
1500
955
3916
5989
555
1834
2739
59315
1256
508
92259
1237
1625
475
2501
1280
4308
1220
1673
5618
1393
924
916
1287
728
1271
5903
33794
538
2144
1201
1103
362
1923
31658
551
8636
914
4878
1580
1927
46578
671
3468
3504
3083
3949
2081
4011
1248
1960
2406
1719
49272
7116
1104
1262
1948
3897
44555
1175
1884
501
2890
1411
57669
1250
1466
1357
648
1243
106920
3007
911
3362
3175
3527
1994
7147
3019
3260
8961
44195
1269
2076
1242
2132
2971
1394
5995
2529
29
2313
3000
2010
1278
6787
3310
2300
2648
3730
3983
2355
39
3363
246
76093
1189
1305
800
2357
2973
40815
34
1939
594
6874
1147
2863
1302
2761
1077
3471
1224
954
1641
3361
377
6565
3703
1408
368
3071
1260
2925
68237
37729
1958
628
1734
866
86882
2096
2268
48780
51255
838
575
1029
176
4007
1273
50872
1954
2137
1449
78499
5679
2947
31410
2318
81932
1246
1230
69481
471
1183
3683
805
40629
2686
1244
1066
5669
3671
3548
2917
3037
56367
1584
942
2612
97938
6273
509
3317
4848
99114
1885
2310
930
2208
902
1185
1032
33493
73290
1663
3672
3476
2871
1023
2078
2671
1192
1251
1178
2644
2726
3022
951
3246
1345
1950
1303
5010
299
2745
1955
1084
3095
2232
1211
16
938
1253
109374
54286
1946
5418
1527
7013
3507
4037
2687
3967
927
2395
5312
581
943
5992
27773
1245
1361
64034
8874
1566
7669
3038
4776
3112
3033
3100
261
26729
4873
2432
13
5991
1354
1049
5816
2752
735
308
2267
7143
50068
2352
2434
2243
8958
1081
1231
2622
88810
4903
720
2046
1907
6380
3499
8981
494
44665
945
6711
2728
4846
74458
1300
2090
280
1921
3741
72641
3973
3134
3081
535
106782
2202
44199
1748
2563
2068
3424
7502
3524
968
1186
6001
390
940
5017
1096
4085
2949
2467
1588
3108
1376
4995
37741
1611
3510
4865
2976
55276
53123
565
3168
88125
345
3060
1233
122882
233
1234
4422
2398
950
105504
30
2664
115569
4262
2203
3167
500
2193
673
2690
1610
3152
72226
49530
45950
1963
60756
1563
1819
4930
5427
4518
4591
1450
4076
4796
3355
474
3869
5630
2978
30793
6552
1805
4352
163
88744
2303
2694
2846
8264
69844
348
549
30749
5329
56782
4661
5971
123
2066
6807
2263
86
2795
3739
3129
3545
2231
2006
27846
110102
3203
3724
2572
1238
5415
6269
1272
32898
4467
3200
62849
5291
146
6502
3469
54372
230
1380
1025
1688
34405
2005
3910
1061
1215
4361
89745
54881
3359
112852
39292
353
850
1352
1131
635
7132
6987
2746
1965
1860
6650
106100
6331
106471
6662
909
3196
3039
933
7360
3421
8970
1013
2102
1249
1099
2474
6235
4427
4086
41285
766
3966
2948
54259
2731
2099
68358
5475
309
6942
3252
1284
741
98961
91104
1964
56152
3067
3365
178
3256
1693
90428
1095
5956
921
1827
8132
431
39183
4410
1235
3791
27815
3742
2912
3911
1653
4489
106696
6643
55052
2640
4965
1283
116
85414
3505
2938
229
3684
44788
1619
7075
5446
1209
106489
5013
4304
2333
647
7099
3091
26587
514
2654
96075
8261
53887
86487
101850
74089
58649
55063
4428
6021
26797
7087
26501
8123
5238
163949
104119
114464
112577
150856
134130
5341
4019
26524
2946
8910
3872
25850
6796
3089
3470
7836
161
26242
106438
3105
96079
1914
100
2245
38061
5608
5319
89804
175
80489
5385
3035
4432
35836
6350
3448
6530
7419
4969
2651
116797
3546
7265
2944
2070
3814
41
3952
1810
1286
85
48738
3783
88129
5791
319
3892
7371
51540
1643
2118
116897
2463
4103
4809
1931
2138
6612
1616
971
2490
45
1321
4188
54997
8125
32525
68838
1019
148626
8042
5812
373
90866
915
6777
53996
3070
5387
2080
2130
1120
188
1179
946
2575
632
53
81229
6101
26151
3018
4033
1916
1041
1845
6271
2366
70293
6773
7136
52281
2283
82
61323
5673
2594
7767
55069
6724
27660
71033
2321
3328
2142
5876
1161
2288
54503
5477
67997
2427
55280
3654
1794
900
1464
1754
1086
1605
1022
7263
6440
3915
3735
207
26131
2596
268
6867
122886
1281
7943
70286
2141
3270
2788
6242
6985
6003
1295
107559
60397
917
3536
8188
106441
8914
69757
5668
1348
5269
6254
25947
8228
65188
2993
87232
2935
6286
5349
3925
213
3989
5782
1014
63082
1218
52767
2478
7649
54001
4017
3635
3077
31184
171
114028
3194
70183
5500
5414
141
55269
55442
4263
2304
3812
7766
97304
7932
9018
4252
7137
91673
26599
4642
2344
6732
40148
43267
44974
3984
8938
3015
56251
4014
104374
