user_recommendation
318
296
260
593
858
527
50
608
356
1198
1196
2571
2858
589
1210
110
1197
457
912
2959
1193
4226
1089
1270
150
1704
47
4993
1221
1617
1
7153
750
923
5952
1291
1240
111
1213
2396
541
908
2762
778
1136
913
293
3578
1225
904
4973
2918
1682
969
588
1247
5989
899
2692
1208
1203
1252
1259
1265
2997
32
2599
590
595
1036
745
924
1214
2804
364
1207
79132
555
337
1200
1304
919
1148
1961
903
6016
3114
898
4027
1258
1219
1228
48516
480
920
1172
2064
926
44191
2324
2542
4995
349
2289
4011
1250
3462
2028
1220
1212
1267
2797
7361
1079
953
922
1276
36
1947
1732
1288
1263
4878
58559
910
1073
4306
2329
2019
1035
1199
3897
1230
4963
1997
300
2716
2291
1358
68157
46578
1673
1952
17
6
1094
2300
1387
1945
2186
1527
32587
1223
21
474
3147
1204
1293
1287
1269
5995
2081
515
1222
3006
2268
1264
232
1028
3160
4014
3996
1217
6874
1674
1246
3468
246
1968
5064
55820
59315
1080
497
1307
3435
551
116797
2355
1097
928
6539
1953
1333
2739
1256
905
628
1394
1060
1960
1254
1280
74458
4007
4034
3471
3362
1610
3421
1466
509
109374
954
78499
3246
5991
2502
950
2791
2580
2917
7147
3949
377
8961
733
56367
1183
194
1234
1231
2194
3952
3307
3481
1784
2076
2971
2761
1175
235
805
2243
2944
4235
11
3088
471
2908
671
3868
50872
994
2303
8368
508
3038
1248
4037
1104
1299
1343
1272
3683
2863
5114
2160
48780
3104
3504
1103
1923
942
39
76093
1244
106920
2125
6001
1356
2395
2132
1179
1278
3730
2391
56782
40815
946
3671
34405
7502
1192
8874
1084
5902
1950
2321
5418
1215
3735
1834
2359
5630
29
1095
951
5956
2115
1090
1077
30707
1260
1357
265
48394
262
2501
2890
1939
1178
1086
7669
1296
4886
49530
2729
2987
3256
2010
33166
909
945
2231
81932
3310
68954
44199
5618
3386
35836
3068
1023
272
1948
1029
2208
1201
49272
3035
535
30749
1251
3019
1284
866
3176
3703
5812
4085
1096
63082
2474
3275
4263
921
6787
2929
1625
3111
930
44195
1059
501
8636
2795
69
27773
1719
529
88810
2490
3007
475
1994
3198
1957
1927
914
7116
1237
2648
54259
2973
1946
648
3022
81845
1729
2946
38061
2726
1292
3101
6942
99114
3260
800
3361
911
2248
1283
3545
1376
4308
176
4033
428
6796
6502
4465
1916
161
2357
27478
2467
92259
838
1189
2925
3359
1019
44665
3510
55052
2137
1411
7013
5444
64034
916
33493
6807
2935
4787
1366
4211
971
44555
8981
6452
57669
5225
2353
222
2202
1147
3167
5992
73017
3360
4019
7132
3543
2712
2952
112852
175
290
5816
1249
955
1305
68237
2644
64839
3168
390
1277
4406
1500
1242
3499
1262
3252
357
2731
261
4188
2096
6419
40819
4326
3983
2871
2366
4865
86882
3072
1959
3152
1224
3363
534
4896
32898
1963
3037
81847
59784
735
6273
4720
647
1302
2138
3910
72641
97921
1361
3546
106782
2563
81229
1273
110102
7090
7438
37729
7075
6565
134130
3067
2068
1580
5152
2144
348
1449
1352
7320
2150
4661
1131
91104
1066
2167
54281
8970
3102
2203
104374
8958
2102
927
412
3083
115713
3916
2267
538
89745
1374
6732
54286
8880
106100
4422
2067
917
3741
6281
1281
938
69844
56152
6662
2611
3702
8228
2529
2351
8784
2690
7323
47099
3469
4930
4591
1819
4076
4796
4518
565
1450
1563
5427
4965
2664
907
1962
4617
4088
5960
4522
7022
5010
4467
2245
2087
1127
41
477
2852
3892
1734
2078
8641
3684
3966
2118
3507
1303
4978
280
1954
52
1537
5445
5669
115617
109487
8132
8542
39183
1211
7091
96079
1944
1271
85414
3973
3089
52435
105504
3365
1025
26729
4623
2612
62
3033
87232
3196
596
2065
7767
48738
57368
148626
7373
4628
1393
1218
82459
91542
5903
2301
3724
68358
58
5475
32525
741
454
6669
4410
314
4239
7649
39292
4103
55276
1584
1021
72226
4450
47518
247
73290
3551
26242
2788
299
3672
51255
8933
40629
3203
106916
90866
931
4432
5013
7099
60756
89804
106696
2284
4086
5055
556
6979
88125
97304
5971
85
2936
116897
850
3814
6870
2846
1227
4054
55247
3513
3174
6378
31658
6436
7419
4299
101741
3263
110645
69481
2920
1845
3505
3548
162
13
3424
1873
7087
6918
1257
2285
8264
1233
27831
2924
5293
5008
1688
581
54997
33004
96075
5238
6021
58649
26501
8123
8261
4428
74089
86487
101850
53887
55063
26797
163949
112577
114464
104119
150856
973
96821
1913
7836
4848
968
5017
54001
224
56715
333
3861
6783
142488
5341
102445
4427
97938
1645
3100
3134
6773
5291
2745
6235
3872
3000
7136
5385
4835
68073
7773
39416
3739
902
3364
720
2336
2746
6003
7943
3869
3358
81
53123
3786
6786
3095
68838
4466
4945
62849
8042
28
80
1124
1643
3475
4349
1238
759
37741
134853
1934
146
4128
4969
2283
4816
223
42004
58347
30793
52767
4262
5446
6385
81834
55250
1955
6777
4008
4809
5500
70293
2732
933
6552
1202
3911
7256
3317
54503
88129
5772
4179
3527
1049
8125
71535
51540
7386
1395
1694
3967
1938
3871
3414
1034
58295
6643
6218
3060
2687
3451
4979
6724
3011
87306
845
31433
70286
60684
1860
2273
62718
7566
4352
3098
268
2654
178
3801
3745
112183
2651
3686
6863
97923
2553
72011
58303
112290
6380
5782
6650
45728
632
53
55069
918
2140
539
3071
3791
26524
25
8528
71033
2434
3429
3920
3070
84152
116
2841
86320
5103
141
33660
3713
1082
8955
8650
52885
106489
40583
2694
3077
2423
104913
115569
91658
35
6331
8188
319
1699
5876
52287
6974
55269
146656
3142
2106
2912
3989
1120
4537
4642
309
2080
5847
25850
2176
4776
7285
6852
441
965
2184
915
1253
1663
440
6708
2304
30816
2344
3925
45969
