user_recommendation
318
296
260
1196
1221
527
593
1198
858
2858
356
608
1270
589
2762
110
2571
1
1210
7153
969
2959
50
2918
3114
4993
904
32
1207
750
16
150
1213
2396
6711
5952
1206
745
4973
47
111
1259
1193
541
1136
1225
919
5225
7361
1203
78499
920
3578
1617
1240
6874
3897
58559
1089
6016
953
1291
778
223
3462
8961
4306
6
5618
912
926
1148
1252
1214
903
1682
3481
48516
1197
457
4886
4979
590
2692
1080
1968
1265
1258
720
6539
2797
1610
2329
5349
7438
910
1036
1250
1079
595
1961
134853
4226
32587
1219
908
4963
2028
1952
5254
4011
306
7147
68237
1244
48780
2501
109374
1288
1732
3793
2502
1233
1262
6773
2804
21
30749
1035
1639
1356
1201
1222
1097
122882
142488
1273
1247
1073
1953
5312
307
1947
3147
1704
293
922
230
265
5956
68954
1954
106782
8665
7502
1912
4027
2997
68157
1208
3196
1304
49272
5329
5418
1408
1223
6333
1228
64839
1584
2716
364
1094
111759
588
2231
54286
800
44191
308
76093
5415
5989
1060
1997
4846
1376
148626
1321
6807
110102
1374
4995
81845
161
55820
899
1172
5387
1028
337
2542
28
5791
529
913
3868
2712
144976
140267
1276
783
357
84152
2019
38038
59315
4881
1357
2359
194
353
2324
73
4235
81834
1962
1939
50872
1220
54503
34405
40815
497
2355
2010
3916
1884
96079
1358
1049
5679
3471
4406
1674
51255
112552
6377
1684
5646
4181
2983
4357
2268
4021
1227
104913
86
2687
1580
736
235
31658
2791
2580
60684
3501
88129
26258
1272
3260
1960
3317
68358
89745
1200
88125
3095
480
74458
1096
955
1199
73321
2761
49651
6970
87232
156
2393
509
8784
2020
1211
475
8970
72226
146656
2599
5995
474
64620
106920
2046
1280
40819
1296
122900
2068
79702
1287
907
115713
5060
119145
8368
1059
6787
5015
6350
3543
2369
99114
61323
36529
534
2318
3033
3911
116797
1281
1283
2947
968
232
1299
92259
1267
2115
3451
8874
88140
1217
6993
60069
2739
104841
916
551
61132
1246
70286
3814
1784
898
44195
49530
1500
4369
1994
5903
3671
2406
4658
1243
2987
2916
3703
105844
272
1260
101
1719
911
1916
2333
112556
115617
39414
115569
914
98491
1734
39292
1945
4450
154
508
91542
8239
77561
112175
5991
5377
8636
8645
2288
5690
5444
7360
45666
51540
661
2863
89864
1963
2278
2078
280
1345
73017
3252
1293
3044
766
30707
1173
4271
5028
3415
668
7564
52617
26150
7574
26578
872
7090
316
1131
1224
1251
3424
3510
1127
2973
55721
3307
6502
3000
3869
97304
1178
26326
3949
80489
1834
93838
1754
96610
3083
3257
1041
2463
7983
76077
1209
122892
483
845
30810
2160
3358
5103
41527
7459
1104
106100
69844
86882
1466
3386
96821
915
1218
1438
81564
2881
3994
56145
33166
2490
4816
26662
81932
1081
3527
1687
96737
1885
3421
91500
1699
3176
53000
104879
4427
112623
98124
99813
98122
85342
98809
56782
2141
1923
109578
951
1343
4642
1271
2005
89492
5902
3788
665
905
3178
1683
11
2142
4489
111781
5630
1231
994
361
106489
4424
2144
319
36
4308
106002
85774
741
2572
326
1194
91658
1982
5414
41997
93510
4641
1086
30
37729
3355
4085
57368
2194
6385
162
69481
349
1282
3152
72641
3507
6785
6378
4327
59784
2467
1242
6565
97921
1680
63876
2096
8638
3448
493
5971
3730
3683
8623
8199
4967
4007
222
1257
1810
71156
45186
1286
56587
163
1394
50068
56367
5010
309
733
728
2707
89804
2125
155
175
5816
1255
81591
1611
106072
2004
97
6753
1023
6358
2186
1907
8641
111362
1278
1956
3134
2132
594
108932
3741
1964
924
87222
2130
928
2664
3365
26524
2551
262
52952
3022
59126
8873
106918
5876
8938
3679
2871
123
96488
1965
4802
1643
3996
3102
82459
97225
62
3246
1254
8337
3035
51662
930
2718
68347
27803
6218
5324
3256
446
2336
4334
2202
25771
45
1914
72356
555
6620
7123
2300
6774
3952
8228
1641
2984
6869
1090
3175
5388
85
2348
98961
5293
4855
7235
71640
57845
8576
41912
77800
4741
26947
1663
3456
1957
2454
6618
538
3925
7649
2440
2357
3007
91630
2289
3255
6093
2427
3275
33138
18
3735
531
5669
6184
80553
42900
77291
32840
95113
5473
60384
63836
7024
26749
4697
40226
26231
27792
71390
34323
32515
34326
8240
4552
7387
4034
122920
3414
4016
1348
3067
5026
41566
514
3654
805
3218
1678
3504
2985
5391
1212
3018
3039
1948
2313
412
3361
4422
4223
2529
2690
3967
95858
1029
1350
1215
1057
152081
1300
5099
2562
6986
3677
3927
4722
145935
95377
95313
6163
114180
60674
161944
149406
77435
117192
135436
157296
59392
136016
152017
4795
2788
3062
1124
3071
1950
6863
84601
1095
122886
2085
112290
97923
105504
866
1498
22
7116
3739
2297
1927
2232
7013
1120
3638
1931
4903
33171
1616
6380
921
7143
535
1192
95309
348
26776
92420
122904
1419
1305
6273
5114
8132
932
599
128360
26614
3097
1361
2114
48738
3435
73023
6708
1175
1292
1256
760
111622
25
14
431
2140
3548
87192
90746
115210
48783
74795
112421
84944
39444
71535
5095
3272
4720
943
106642
1748
2660
3499
2058
3733
1264
112183
279
2208
106916
3081
41
5269
3701
3848
1396
44665
1566
6755
34153
1238
314
3088
2527
2076
549
1248
2275
1464
2245
1237
46723
4062
1185
2248
3724
7445
2118
1344
1625
1275
229
2018
112852
57669
4537
5810
87306
27846
8207
2043
2395
29
5151
90866
1391
1066
80463
7137
53519
3551
2108
5782
7373
6641
40491
2673
8338
61206
58425
26318
4470
6123
38061
3639
3565
37830
1429
441
3469
300
452
7087
264
2065
1333
39183
1042
582
2137
3508
7979
1747
3362
1112
7787
2322
454
2287
946
40
1025
581
3104
2363
5108
3746
3070
3185
34072
680
2361
5878
1284
103772
1077
1088
2819
85414
3306
61024
3417
3253
