user_recommendation
318
296
527
858
260
356
50
593
2858
608
2571
1196
1198
1221
589
912
2959
110
1270
2028
1197
4993
7153
47
1193
58559
1704
1136
1210
4973
2762
3578
4226
1213
1089
5952
541
457
904
111
919
4306
750
778
2918
908
1291
32
293
595
1
1208
1682
899
1225
923
969
1247
150
2329
1252
3897
2997
7361
1961
1732
4963
745
1220
1219
2804
2324
48516
6016
898
246
1204
913
1968
926
1035
1148
497
2396
6539
1228
2692
1617
920
1288
1610
1036
1259
953
1207
1214
1240
1079
2599
4995
17
1278
364
1265
4011
903
5989
2797
6
46578
1203
3114
590
1222
337
1097
910
1073
1250
922
2542
36
2300
588
1233
3147
79132
44191
2917
1230
2395
2064
1084
1304
1246
25
1206
4878
1276
2019
4308
2268
1234
1258
32587
2502
474
56367
1299
265
2716
1584
2289
1267
471
4886
555
4034
1674
78499
924
508
1293
1200
3996
8961
2291
1500
509
1212
1028
349
1784
1580
8874
3362
1199
720
3683
1096
1947
515
1285
2115
480
3671
1254
1307
671
223
3462
5995
475
1266
194
116797
6377
54286
48780
1673
1060
1287
2194
109374
3481
55820
3471
377
59315
5418
1292
3504
1625
235
1945
5669
3735
92259
68954
3911
581
2321
1224
6874
7147
733
1262
56782
2359
5225
79702
68157
2336
3363
3435
1953
1361
134853
2132
2303
551
3418
2973
1077
1394
1272
3421
50872
1357
3201
1957
161
16
1264
994
1172
1090
3317
2690
1256
2987
954
6711
1223
41566
1358
955
2144
57669
1094
175
39
2243
2186
307
1952
968
1269
1231
7502
3730
28
1095
1080
2971
5444
1179
2467
1960
1719
62
72226
950
628
33794
2938
21
29
7451
5618
3468
3034
51255
2580
49272
40629
30749
5902
88125
3429
838
106920
76093
905
86882
31658
81845
1948
1192
1209
115617
33166
2020
3088
3246
800
1387
1282
1466
1296
3095
30707
5064
5630
74458
4027
428
2125
63082
916
1235
35836
3035
3952
3101
70286
1343
2929
44195
1103
3360
1104
3198
1283
1217
5956
3006
2761
306
1242
1284
2005
230
63131
928
6502
2871
529
58
357
3068
1393
40815
2010
4037
945
8981
261
911
1962
106782
1023
54259
1946
40819
2739
951
54503
2076
81591
3469
104374
26084
900
60069
3037
59784
5991
1333
3038
4014
921
3359
49530
121231
3089
11
1411
3724
6807
64839
3386
314
373
34162
441
3967
5377
2357
80
2648
112515
3111
2355
2746
1939
4007
1641
8228
1025
2248
50068
933
3167
27773
281
319
2081
81229
1066
6979
2231
741
4235
3653
3252
44665
5103
4979
3000
1955
728
300
4361
2318
4029
5971
81847
96079
1248
1263
8970
2944
866
1537
363
4033
69844
6787
2863
3868
6350
3702
534
3814
8132
52
1086
2313
1175
39292
535
8638
3160
4103
91529
85414
106696
93510
8665
2791
4263
151
96728
45728
308
914
6187
3606
134130
832
3200
1243
7099
1127
3007
272
127152
3983
2087
67087
1019
1257
3019
759
3256
1527
3020
930
38038
3788
8958
7090
33171
6662
2096
1729
2474
3060
2664
1921
54881
2160
6732
3871
96829
1273
5812
4326
33493
6104
47610
100556
110102
44199
380
2078
112138
4465
1237
146656
4641
1081
30816
3545
2459
1178
1041
915
1211
946
909
68237
3510
5505
2108
108932
6385
2366
805
3134
2302
213
6796
538
1305
1374
1366
7132
3176
2728
3408
1964
971
99764
48698
663
1959
1085
1944
81834
6436
3499
72641
8949
72171
102123
81156
2687
1277
1688
93443
412
7285
6001
1191
71264
1249
1408
2935
81932
2203
232
54997
3213
1271
96467
64957
64614
2788
3102
133771
2208
1057
86000
1260
55269
97938
107978
127108
128620
139116
139757
74754
148881
79677
160590
85438
347
1227
88129
97957
233
2726
2952
4787
2490
48738
3551
3275
1201
7212
117176
7438
1994
3022
6452
8368
1215
31410
86
940
3216
92494
40412
54256
3341
2501
3521
80463
116
3543
56339
2644
3186
280
907
3873
53123
76251
4117
4239
2232
106489
4277
42418
1088
111921
348
51540
64285
7669
42004
1927
93040
112552
3448
8950
2712
4658
6440
39414
26974
647
66934
82459
73017
3072
927
97304
94959
5464
2058
2460
6419
8360
8580
99114
1958
58803
112852
115569
4754
3310
1185
7075
69122
1281
3989
1046
101
7143
1484
4017
1029
3929
3108
5876
89745
3507
52973
1873
3783
7698
2961
49280
26422
222
1147
104913
109249
1965
2071
1177
5380
56757
51471
2852
7265
1694
32898
635
8798
3747
3307
1931
3152
5782
98491
250
594
3684
8366
125
59418
6791
1449
51662
3791
492
1734
2202
6942
1747
89904
2137
5238
4617
4088
5960
4522
1711
112183
4021
2857
105504
6565
109487
7263
34405
4008
5791
31116
4755
90061
3612
1845
128360
1280
91542
2745
3512
2890
85
4450
4489
7419
2846
7087
6863
4190
6993
6184
599
1189
4327
2245
6530
81564
79091
27803
8542
1956
3789
3077
935
3713
8645
95088
46723
52767
41
2936
556
90600
38499
102445
1635
4105
6773
7091
2106
3844
4437
2611
2288
97
48322
26729
6214
65261
37741
4537
63876
1892
4432
5341
51935
5017
2660
52435
2594
36529
1251
3703
1827
68135
8191
89804
3406
2916
3513
3801
2352
2391
3686
3879
3498
5028
7566
3505
4422
68358
4628
34321
115713
973
86377
3033
7802
345
122892
4128
1300
906
4187
8784
4292
901
2718
91104
3260
2434
61024
45
48394
106100
494
3629
3135
4835
4978
4552
3467
7116
7767
7380
34
2908
2763
1934
7139
1963
2068
56587
3414
1344
1941
27022
3112
668
4427
5146
26326
2686
27329
1678
26150
26578
872
7574
4271
52617
7564
1834
5785
48304
3357
8239
2070
2553
5391
3328
5475
2463
70293
936
1056
47518
6724
3548
3396
56152
3728
2102
81788
69
931
54328
3364
4086
52952
54001
4901
93721
190
2925
452
5293
4211
3358
1950
1356
3181
3524
2151
7096
3062
2732
68073
