user_recommendation
318
296
527
858
356
593
608
260
2571
2858
50
1196
1198
589
2959
110
1270
47
1221
1197
912
1193
293
1210
4993
2762
778
2028
1089
908
750
904
32
111
1704
3578
4226
1213
2918
1136
1247
919
457
1225
2329
1291
1208
899
924
969
923
1
1073
4306
6016
1035
541
3897
1259
7153
1203
2997
1219
1961
903
79132
150
5989
46578
1204
1682
5952
1732
1206
4963
1252
7361
1036
1265
1258
2797
4973
1240
364
745
1278
1220
2804
2324
1148
953
926
2396
2716
913
595
1625
48516
4878
1968
1222
17
1610
480
1207
1060
1250
2502
497
1230
36
1228
3147
898
1214
55820
4995
56782
2692
920
56367
910
2599
2291
1288
246
1617
58559
1028
2019
6539
68157
3462
337
1084
223
3114
3996
6874
8874
5995
588
32587
7438
2064
1172
1293
2268
1393
1269
1952
44191
1200
590
922
2542
555
3481
4308
2300
64839
1233
3421
1096
1527
2115
1212
1287
106782
1199
175
2076
1079
235
1307
1945
1263
1254
1097
8949
1276
4027
508
1673
955
2186
5225
1246
551
2580
720
471
1103
5669
3362
29
2395
8961
2132
3868
733
3730
1267
1953
1960
475
968
1299
16
6
194
4034
349
2712
78499
671
474
48780
1217
3468
6377
3006
4011
1090
5444
1584
2359
2917
1077
6796
265
3504
109374
3671
116797
7022
1223
994
2144
2194
1580
1272
3471
1256
2871
3499
4235
3788
2690
2096
1224
2971
1466
1641
7502
1235
1923
81591
3435
163
1104
7147
3039
106920
68954
74458
1947
1285
1304
2005
40819
1729
34162
954
3386
21
41566
6942
57669
232
928
1095
6711
3033
1242
1361
50872
3418
63082
1215
2791
3424
27773
2863
4085
5956
1305
1264
1234
3683
1500
2303
911
1244
3201
33166
1262
1946
2243
1356
377
5679
1357
1179
62
30707
104374
900
70286
81932
4886
48394
59315
1231
3911
30816
1939
1948
2231
307
81847
2321
88125
2160
6863
353
8958
49530
7132
1927
916
3793
529
3317
3735
1080
357
88129
115617
1283
914
909
1959
69122
92259
4848
950
44665
2501
40629
2644
2248
2761
4007
431
1292
7075
81845
97304
54286
4037
3152
2648
1537
8368
2232
76093
6807
112183
628
5064
5630
72226
6662
5418
1884
7802
28
515
1088
44195
51662
81834
3088
1266
1284
3361
97
905
109487
134853
2289
44199
3072
5103
86882
134130
96728
1343
1674
4450
1921
509
933
1251
121231
971
2726
1094
6870
5991
1120
3060
1178
800
1248
25
3035
3469
3275
1023
1333
1957
3724
3814
3037
1296
1282
3363
2929
1249
3167
106696
581
6188
4103
945
4979
8542
176
534
759
1916
3176
2916
2105
1147
2739
272
5060
8228
36529
1086
7087
3203
538
946
6440
2302
4014
3612
6791
741
8970
82459
34405
2078
6378
48738
951
1964
4720
1273
69844
1394
2467
1784
8981
2890
3429
7090
33794
54503
3408
4239
3108
2961
32898
1950
2391
11
7669
1185
927
2357
3095
1189
2728
7099
3359
80463
1693
1041
2841
1280
8464
106916
322
373
1680
81229
1962
6979
1688
79702
26729
2788
1387
64614
2664
1243
2366
3022
2420
40815
3448
6787
42418
3020
5816
162
314
921
3034
5955
7767
8132
2732
55276
7419
4432
1374
3038
1238
2987
1211
7091
1944
3272
3089
4422
2067
2459
1358
1260
111921
86320
280
54259
45728
102684
34332
3916
115713
5791
8807
110102
108981
108727
3594
3104
3342
3310
930
2203
6104
5782
105504
8580
70
1175
3879
3952
1411
73017
3801
8645
4361
3252
4489
1956
7380
59784
319
80
1025
9010
3000
5971
2336
89904
2020
2318
1958
6502
5380
87232
3871
68237
3019
122892
262
348
3270
44555
907
3081
140174
1845
3983
648
2355
906
8950
7451
2137
5008
2278
2010
7116
224
308
1303
5341
7263
68073
31658
91542
2612
55247
3791
2058
112852
5238
101525
6783
3307
942
2973
18
2474
8784
4821
3686
8933
7836
1963
6773
3256
26084
233
89745
99813
2936
52767
1281
2925
61024
3696
80489
5385
52973
3546
5765
3437
4262
2285
2245
3168
4117
5876
7566
3246
7256
5377
3200
3260
213
90061
4755
68838
1257
306
4410
4021
91658
1348
96079
147
6786
96075
55063
4428
86487
5475
74089
8123
8261
8264
26501
26797
58649
53887
101850
163949
114464
104119
112577
150856
5017
4809
4019
58303
8360
3467
2283
1209
2952
6724
4179
89804
56152
2686
6385
850
6021
805
1188
1611
63876
3747
5502
33171
4349
6063
51540
1955
2924
122900
61240
66934
2935
3684
7139
108932
3077
7649
7445
3071
2946
2731
4105
104913
3213
3741
3545
48696
4658
3198
112290
27831
1408
51255
42004
127152
3783
2202
441
38061
6350
3872
85414
7285
3507
2745
230
56339
5074
67255
7698
115569
4612
7064
4661
1734
6552
1302
1635
70293
30749
56805
78039
866
51935
1754
1354
3552
7212
6187
38499
58295
46723
428
2460
6184
3476
39183
161
477
8650
4630
326
3007
27022
64716
2208
3510
53123
2151
64957
1085
55052
5668
6732
1194
4128
6003
4912
3101
1066
8239
2985
6101
4969
2938
8121
47728
2920
7208
32525
2927
25852
4623
838
4033
4424
599
7143
26326
88810
74727
5028
2944
96588
4010
37733
31878
8712
281
7013
1517
70565
26152
3524
86377
4427
3134
4537
35836
49272
493
94959
3253
1895
7156
6323
4801
116
72641
3068
407
4263
8638
34338
96829
64285
52435
93510
55269
2353
7943
99145
8937
7323
55118
2048
6777
3219
2066
3536
3763
33615
3475
63131
128360
106100
54001
8873
5168
139385
68135
6183
42732
6536
4169
31026
6355
131724
3556
69481
49280
26422
59418
86
2660
7386
6001
2138
735
8798
54997
4846
105197
4326
2313
4901
3703
114060
3989
93040
1029
50851
126106
1261
54328
2287
106489
1419
6852
8665
2108
6987
3355
1834
3483
50068
5002
52
4965
55290
3677
4223
2463
91077
4688
3070
4533
50658
26712
6296
390
52617
4271
872
7574
26578
26150
7564
3943
5992
