user_recommendation
318
296
858
593
527
260
50
1196
608
4993
2571
2858
1197
1221
47
110
2959
912
356
1210
1270
1198
4226
589
457
7153
5952
293
1213
1193
1704
150
1259
36
1240
1089
1208
3578
32
778
904
1136
111
364
2997
2762
1
2329
908
2918
1617
541
2396
4973
1968
750
1291
1225
1252
899
1214
923
25
62
6016
1219
1199
2324
913
1230
1206
910
1247
48780
17
1250
1222
903
1200
919
44191
7361
1207
1682
46578
1258
1203
1732
2502
1073
1035
5989
1220
2716
4306
969
1228
4963
924
48516
926
6874
1060
79132
1276
2797
497
8874
4027
68157
1580
1204
1265
1036
1304
5618
2542
595
4878
300
1961
1028
1610
1212
551
3095
1246
2019
2064
950
1080
1285
58559
745
4034
4011
1148
2692
57669
1278
3147
2300
56782
6
3481
3671
3897
380
32587
16
1172
2291
590
1090
1356
7438
7022
64839
475
994
6539
515
2599
1307
235
1254
922
56367
671
480
588
1217
2115
106782
898
920
2268
471
953
1584
116797
11
1287
5995
223
3868
2028
30707
954
2712
4848
1500
2289
1084
2243
106920
1077
63082
1299
2076
194
529
337
4995
1267
3114
29
474
265
1256
733
70286
162
555
78499
349
59315
232
33166
3471
55820
1263
1953
741
6863
1411
4235
1960
5971
3793
161
3462
2863
535
1466
1947
3735
1374
1945
1235
3362
50872
1729
2804
281
4308
3468
3996
3421
7099
5816
2132
6350
2871
3317
1952
1096
5669
1201
5064
1957
1939
1231
1215
2580
1233
54259
81591
1095
86
3949
2917
1296
27773
1079
8949
2971
2395
3683
2105
1262
30749
2144
1394
1281
3307
1357
31658
58803
3006
6796
1293
81932
54997
5225
80463
1625
2795
3072
81229
2700
4085
909
246
2359
2791
534
2231
49530
3418
1784
68954
2761
33794
2194
348
7116
3499
306
1224
905
3104
1183
112852
1264
915
69122
1527
175
26662
2916
59784
109374
1103
74458
1234
44199
581
838
79702
1094
648
353
106489
2739
134130
3983
1244
1269
2529
3424
99114
2924
3504
7013
4239
1185
88125
97
1946
307
6440
2718
1967
2081
40815
2648
3386
6273
1673
2474
2020
1449
3686
1218
64614
60069
96079
6732
1674
928
272
1147
112183
6807
4103
6979
440
3730
1097
7132
3000
2303
7090
1280
115713
109487
3911
951
6502
1284
134853
3007
104374
1288
3788
8132
2686
8981
5013
3435
5060
44665
5010
1719
7419
955
67255
2067
69481
5114
94959
88129
1649
8641
33493
1361
49272
1305
97304
4014
34162
1266
454
2278
3213
3201
7802
3310
3910
28
5418
1834
3168
1209
3363
3967
1594
2946
6711
39
1955
98491
1243
3361
2357
3741
1272
3507
3152
1959
52281
229
538
3089
971
122900
68073
6552
55247
6870
106100
2944
105504
1179
2644
101
51662
3198
3724
44555
1248
8950
3359
68237
96728
72226
48394
4037
2501
3536
2109
36529
2096
8958
1303
115617
2186
930
946
3260
30816
215
3176
2664
3739
509
128360
112552
41566
8368
3019
5902
1950
1611
40819
7235
7320
4188
2005
4846
3469
3081
3034
8542
1237
508
500
2690
37857
52973
5876
86882
1178
27022
3684
2117
1260
5146
6188
2908
7451
735
319
2948
108583
69844
1286
2248
4623
81834
87232
3037
93721
5812
115569
4361
65261
4019
3703
76093
4422
280
6662
3039
914
7087
3783
3088
2160
35836
431
3252
45728
111759
2318
1251
1023
4886
6787
3467
85414
4007
1223
32898
1104
1189
1131
1956
5956
1754
7256
900
48774
2728
3551
1041
1997
3068
55052
1211
942
54503
6669
1275
1393
1948
65514
97938
3429
4021
2232
121231
58998
96821
3101
56152
8807
2726
93510
628
37731
866
92259
51935
893
6725
4789
3038
39292
1019
6385
125
1175
8880
933
1261
357
3365
2467
64716
2106
1025
3167
2366
6104
759
1333
31435
5014
5630
4450
7075
1958
5103
32525
115122
89904
3552
4873
111921
2009
5954
233
902
3111
1927
345
2938
85
1274
2208
4223
6773
266
2118
3178
37729
1963
104841
38499
2203
2288
50068
4002
7502
80489
4478
314
524
1921
3108
1081
373
800
4696
3952
3153
61240
44195
1964
99813
51255
1245
1343
2352
81845
81564
73290
5782
213
3543
99145
3175
3071
4262
2925
3196
2732
3022
3801
55269
68358
147
599
1242
104913
2952
70565
106438
52767
308
2731
5349
3083
945
1292
7091
3275
127152
3342
5991
968
4466
4945
82459
6650
42418
4903
4406
1283
86320
7566
1358
80
2026
2150
116
3871
766
3535
4553
25850
6296
3548
34338
8638
7669
4432
2668
5903
8125
54286
60756
662
1693
146656
916
69757
140174
38038
5238
1653
6269
1661
8188
422
139385
1295
3844
48696
255
112
1598
93855
5475
27831
1301
2403
91658
4333
33171
1635
6001
6380
4410
441
7844
3702
3060
3677
377
2125
5341
2285
85342
3142
5992
4343
1124
88744
8123
8261
8264
4428
96075
26501
26797
53887
55063
58649
74089
86487
163949
112577
101850
114464
104119
150856
86377
4128
105197
101525
1120
2283
2140
2920
5017
8199
53318
2694
26326
98809
2459
5772
2745
3653
5152
936
1734
3070
1845
99764
6724
117176
1994
8633
6254
7836
6021
2334
3246
2490
5385
6620
108932
55276
67087
7767
927
77846
2245
3396
79428
4809
27660
2929
3134
66934
63876
112138
3035
58
95311
4979
91077
89745
56171
59995
73017
4799
7285
93320
50641
5244
2108
86504
3033
108981
8371
56757
4661
3044
4179
64957
96655
7943
54995
222
7649
26152
1680
4017
8528
8665
178
79357
3763
37733
51540
100714
37741
4117
2780
2968
4459
3598
1257
3077
102684
108727
428
2165
6612
663
3546
4969
25947
3272
8019
3635
3032
90061
4755
3814
3811
76293
102123
5690
6942
4888
3556
4349
41285
2764
5540
3872
1641
2273
4489
1408
2066
3476
2312
2651
2654
2202
2151
6643
1387
6003
54881
4844
4327
3448
1013
41571
93838
3873
56339
2148
84152
6791
2434
6077
8711
55290
3632
4121
7162
