user_recommendation
318
296
593
858
527
608
50
260
1196
356
2571
1197
2858
47
2959
1136
1198
1
4993
1221
4226
1270
150
2997
923
4973
457
110
1208
1214
778
6539
1682
32
364
1210
1259
1704
56367
1207
1035
1193
1213
912
589
904
223
1968
7153
5952
58559
4878
595
2542
1073
1617
36
1089
2599
1222
1250
2396
1225
750
551
2918
111
1219
1246
235
4306
293
2329
899
3578
919
1240
913
1291
25
1394
4011
1265
2692
2762
541
68157
4963
2324
16
48780
4886
6016
7361
1204
1252
2716
8874
969
1203
903
1961
300
6377
3481
1288
79132
2791
735
339
1220
29
6874
953
4995
57669
1278
497
4467
88125
2502
515
32587
1172
46578
4027
529
69757
1200
3019
33166
7438
1276
5995
81834
8368
908
162
2081
3897
3147
8961
500
741
290
1148
5816
246
1285
2019
1287
2395
40815
1028
926
1230
4896
1228
229
390
1258
2797
588
1231
2028
1199
357
1103
5060
49530
5114
307
2291
898
4965
1947
1262
1352
2804
2563
1563
4518
1450
5427
4076
1819
565
4796
4591
3892
4930
1500
106920
2115
1732
1036
69844
4352
2580
5618
134130
161
2267
5989
5971
3996
910
44191
2268
4865
308
380
17
951
5418
46976
11
501
508
6711
2064
55820
3671
1256
1254
81
7022
1610
509
3672
3114
3499
116797
1060
48516
54503
4308
3793
720
471
1356
924
534
914
49272
97
1206
928
62
1233
265
7099
1201
968
73290
33794
1282
6350
1641
3408
8360
3000
2968
475
194
109374
916
1357
134853
6942
4034
1244
745
2232
63082
1304
2289
64716
955
54001
1238
230
104374
1090
1653
1281
97938
3275
1077
733
920
106100
7502
800
1217
2700
1729
65261
1212
107559
3973
2186
115617
1260
319
306
106441
50872
30749
8132
80463
6
30810
2690
2078
458
76093
368
2109
56782
3543
671
45722
7139
1625
1179
28
94959
54286
106782
1080
68954
1967
262
33493
54997
616
1084
2005
34405
6502
911
3451
106438
1178
2924
1269
3462
69481
1411
1307
1954
2987
950
491
31658
6385
58803
2871
2739
1261
106489
1235
1953
2359
2318
6807
1299
1079
2140
102993
348
1580
1464
555
109487
1266
73017
55442
6863
3033
1227
2194
27773
3916
261
3081
1247
247
1380
2467
1284
4239
1293
98491
40819
2304
1095
81845
44665
79702
1257
3175
34
1292
353
64839
1211
38038
63853
91529
66097
1020
3471
81229
373
2482
175
3256
1344
68237
4014
933
1096
4979
89904
48738
905
1343
1267
1223
72641
100714
59995
280
2300
8665
2353
3020
900
2000
1175
1639
59315
1041
599
8970
1590
3070
3683
6380
728
1916
70286
55269
281
67255
97304
1104
1960
45728
14
64957
535
531
272
188
1194
8530
53956
2761
122900
3186
6565
3198
65188
81562
7802
54259
5010
2746
47610
3510
7147
6870
111921
994
1393
2020
2144
232
30816
86
7371
1289
452
2863
3686
909
5444
3565
3363
2917
3730
2788
2694
4623
940
103048
3160
838
474
5630
3489
1673
3421
3791
66934
2947
6979
1374
74458
3035
7090
866
8784
2070
27831
1674
3358
6796
2916
68073
1272
7844
1234
2041
2231
5377
3735
3072
1333
4235
36529
213
3359
2011
58
65514
86377
954
4696
5690
2529
26152
6003
2076
6333
49957
3213
326
465
108583
2912
115713
1719
2248
1952
1466
7064
121231
85
4121
2321
1081
3088
3034
4720
6281
5956
59784
64285
7285
4499
86882
93040
92259
3448
2420
4755
90061
42418
4085
2890
5064
3044
1097
309
104913
965
3095
55267
2243
72226
8633
2105
68135
37857
3911
48394
4103
8228
945
48082
2138
6440
2780
96588
314
2112
3201
8798
596
2880
4566
4442
4567
876
4565
4717
3252
93510
5014
109249
34321
37729
7212
2391
61323
76251
70293
2394
1218
62344
1927
628
2303
33660
6618
2106
1982
93721
115122
1951
87232
5782
1754
53123
3469
5876
106696
58047
44195
64614
907
8589
1348
2496
3089
112852
1192
1189
1242
63876
3627
4299
337
3811
5103
3507
2352
39
1147
7451
56152
3153
81932
85342
93855
4857
84152
1945
6461
3868
81564
1086
80969
7263
1845
2626
1209
538
3504
31116
51471
2935
915
3677
946
216
1078
3435
1964
34162
50068
1275
52281
3702
922
837
1283
8371
98961
79091
3771
31878
7757
2759
3179
1094
6591
52668
44199
45
8493
5820
3556
4223
2857
34332
6378
4489
2125
96079
1354
2208
77658
6323
222
52885
5500
3210
50641
1957
3814
8012
3135
71135
5299
60293
93320
5244
553
167
3536
7235
3152
2962
375
113
7164
3681
99114
4321
38499
111759
6724
1449
96821
79357
971
41566
2312
9010
1120
46322
3456
4262
2278
1061
1264
1280
2664
5460
1948
55247
3362
3703
1784
4448
942
57243
2971
4019
55290
108932
1111
56715
363
151
2096
2288
3512
8580
7156
1029
5540
5146
328
8910
51705
128360
92
112138
1303
2366
3696
92535
2409
5955
581
4846
1958
930
30
105504
102123
73344
2951
4616
5522
93838
1226
3361
3969
1396
3037
1753
2336
289
40870
85612
91542
58347
893
56145
3594
663
99764
3612
66665
73587
4312
55555
2843
26084
85414
6283
2687
152081
2405
3467
764
1066
6367
41571
2677
1023
72171
3178
1215
27022
766
37733
26554
2108
861
1248
1183
7254
1956
41
140110
1688
2202
4553
13
1243
3317
80489
1594
31435
2490
3653
203
2819
5991
8950
8958
3134
7360
96829
8972
117176
7419
4349
431
104841
8207
2644
7137
7143
3022
1050
2810
264
7087
1185
3508
3910
3606
122882
139385
52
2501
1856
3079
5380
3270
4519
3104
123
7833
2118
31410
52604
27317
2463
104069
1619
4799
5128
7380
118997
8208
7027
122892
3111
1939
101
3357
3071
7445
91978
94015
30707
51255
2686
58295
1959
4327
6436
82667
477
202
3905
26865
3551
93840
8711
6077
6708
947
96728
3262
3096
5669
3100
115569
6296
3068
8645
27664
30812
8981
56251
2565
3098
3396
6104
