user_recommendation
318
527
296
608
356
1221
1196
50
858
260
2571
589
110
47
306
969
593
308
2959
1270
1210
4993
5952
194
7153
307
1041
2858
750
904
1225
1198
1247
111
1213
515
4973
2028
1258
2918
1207
1228
457
919
1208
48516
926
5225
898
293
1219
1265
920
1220
3897
246
1242
34
1193
1704
2997
913
908
1035
1961
3578
5995
265
1288
1089
1136
590
595
953
1254
1036
923
1222
1259
1233
1097
1217
17
21
357
1096
28
6016
1231
1200
2324
272
968
2502
1060
541
4963
1291
1214
5679
903
1732
1179
2762
1250
79132
7361
1278
1299
32
1393
1084
1262
5418
1952
1095
1230
1610
162
1079
58559
759
6
1073
1307
1266
1252
910
235
1212
2580
3418
16
280
1968
6711
2329
912
2194
534
3147
928
1178
1674
1025
5956
1584
1625
733
5668
480
2000
3462
2115
8665
1348
509
497
1304
5015
1287
56367
1263
1264
3469
163
922
4995
213
778
4489
2132
281
36
377
1224
4021
1945
899
5791
1172
955
49530
4226
62
1267
2599
1211
2186
223
3362
1257
1693
924
1293
594
1199
150
2268
1197
1028
230
6378
916
3911
4117
1358
1282
1148
2369
5902
588
1234
951
1104
1029
364
326
80
1185
1240
3196
535
176
3006
4103
1946
348
4034
68157
1090
154
1948
5989
8622
1260
1354
1939
74458
1238
1183
1204
4308
25
3481
2983
4181
4881
501
54286
1243
2804
5060
2359
3916
198
1246
1466
8949
5646
1276
3499
1203
3809
1023
1344
911
262
40
3252
5010
1953
2797
46578
2300
3683
134130
232
5312
92259
6874
54001
3203
1235
33794
2890
582
1283
4037
47610
106920
2248
85
531
35836
2917
1237
3108
109487
5377
465
900
5329
5669
3101
3201
1080
1617
264
309
832
1960
1333
3435
2728
2019
1947
81845
88125
290
907
936
27773
6539
5782
30
1206
319
175
5415
2064
14
3386
1387
373
2944
1248
3200
2302
3996
3067
2739
8874
233
7502
1356
1734
3556
104
3363
3468
3039
555
3868
3176
2929
6365
2395
1719
6377
3545
3033
2303
581
1188
2144
2005
1094
1261
2966
55247
3019
33166
60069
1950
529
5254
2732
3724
30707
3747
303
7139
1361
2745
971
1684
7360
538
2985
1321
4979
5630
1957
5400
81834
2761
345
2076
1103
866
2863
2141
909
1357
1958
3317
3134
8957
55820
3501
3424
144
1411
56782
4406
57669
69757
55269
850
2648
1244
3256
1912
3504
50872
1722
2357
1682
1955
1127
2881
59315
8972
3671
97938
2908
8533
2335
1944
315
7293
954
1292
805
3342
2006
7439
596
3111
2660
3548
4361
4878
3783
149
64839
31658
5876
3507
73290
96588
3527
2011
63082
159
2460
4225
8010
362
2010
33493
6893
7254
1927
4848
1956
3955
1256
787
107559
6662
106441
1273
2730
4688
8207
3036
3300
1641
2951
104374
52767
98491
2020
2971
4306
3060
8961
26587
3071
1249
7346
8970
76251
6101
70286
34162
3088
6184
77658
40815
7087
4011
2278
2644
1673
1081
7669
5095
4722
3848
5255
950
3000
6708
216
1965
29
64716
34405
105504
33004
349
38499
4641
2353
3730
3150
2289
2203
3167
26729
37741
1296
2712
81932
44199
2318
1429
4235
2542
69844
3471
6552
73344
347
48738
1924
441
40819
32898
140110
58047
1253
8528
5238
1147
2791
1284
2952
663
1611
4211
2467
116
5872
7075
994
3249
3152
2336
945
3735
2391
5945
3967
3476
4537
1680
1345
1086
6773
5341
4809
50068
7132
123
72226
7090
112183
55276
31410
5810
39292
2067
1245
1419
33171
91529
1921
97304
2726
1057
6724
3068
1077
4370
2731
1962
3361
3037
2664
7419
3310
7836
3038
3684
106438
2474
380
1964
6440
3467
3608
2058
1286
8376
3879
4422
2925
3741
927
26797
26501
8261
8123
86487
53887
74089
55063
104119
58649
96075
8264
163949
114464
112577
5475
4432
5017
101850
4410
4661
2285
2283
7116
4428
150856
7371
4969
63853
3546
3077
68135
30749
3035
2398
2946
3983
4085
3703
3175
6385
2612
1396
4776
98961
2496
599
6021
40629
475
6001
1056
26084
2018
3005
1721
46976
5385
314
7147
3168
4886
1635
4448
1645
3408
8798
30816
30825
671
8958
1959
1370
1449
69481
3063
3872
3246
2420
704
4965
376
2243
1022
1251
1620
4246
94959
8636
930
4033
3062
3989
363
116797
47099
673
190
81562
76093
5387
122882
6787
140267
144976
2245
3510
3007
1305
3654
109374
5816
6987
7566
2151
106100
5293
3090
86882
81847
2174
6979
720
543
1994
7235
61240
3034
8360
1
88810
3925
72641
27721
1834
1223
1176
54503
55442
3072
2434
68954
2941
3100
745
1124
26524
89759
4014
3114
91658
115713
48696
2694
3181
151
79702
3873
1408
7162
34319
7698
7215
4017
942
2291
4552
2022
3801
4338
1274
2686
6598
54272
2690
74727
3702
3218
917
3355
59995
6870
80969
4450
1913
128360
6350
7025
2930
90866
68237
2459
2575
36527
493
5971
3844
27611
728
3095
106782
1518
64614
4349
6565
4187
1191
4616
140
152081
3902
42418
5670
97
3020
2313
7327
440
6530
4263
431
53123
100714
103048
6777
6242
508
2871
6852
4218
6639
2788
45950
7386
115569
55052
63876
1032
80463
48780
7570
3102
52
4901
112290
86320
78499
1046
48394
79091
5651
2273
741
6796
3105
106489
1340
4326
1916
628
99114
5283
8983
4932
99145
97673
2150
1295
3681
5574
4844
521
44191
122892
117192
112175
3022
2916
80489
4912
56805
78039
48043
1694
2700
7478
26178
7089
7084
3475
2066
7156
5380
3173
8656
6591
5414
8132
474
4527
5834
2962
5903
7013
5014
7022
71033
97923
178
108979
115664
67923
135567
74946
104863
99007
56607
13
1130
148626
8492
3018
77846
127152
102123
3198
87304
105197
7487
25996
26323
7111
25945
8042
94931
30712
7126
110752
27812
26350
26505
25882
3966
112735
120821
25999
112399
7088
7073
7300
61357
26147
8542
127164
6133
6538
4801
