user_recommendation
318
356
858
260
2858
527
296
608
593
1196
1221
1198
590
1213
110
2762
111
50
1136
750
912
1259
1704
541
3578
904
1225
1089
969
47
589
1240
2804
2571
1270
1214
919
1206
1200
1210
1954
1219
908
3114
1617
2692
1193
1097
1208
920
2028
1258
1358
1035
1036
1252
1287
745
2396
1207
1997
457
3147
3897
903
910
4226
3095
5995
364
923
913
2289
1203
150
62
778
6016
3471
3527
4973
1288
306
515
1304
1028
1228
6565
928
1682
4886
56782
1267
2194
307
595
1580
1204
5669
2268
899
5952
911
1
5418
1199
1217
1961
2599
2329
916
1234
4034
1272
1090
3468
339
4993
1222
1220
5989
1247
1233
1095
551
2797
1060
2115
34
1079
2916
953
898
16
922
1610
1299
720
48780
2278
1148
2918
1197
3101
926
1262
36
1387
2336
1266
915
32
1246
1265
529
44191
1393
534
308
1732
1953
88744
914
2718
1103
59315
3421
3543
235
3089
905
1292
1354
1291
3911
68157
8798
474
1952
2973
293
3703
951
8665
1584
2321
111759
4007
1104
6539
3504
1231
4235
380
6
2132
2359
2959
1962
2174
106782
141
2288
262
4963
2081
2291
7153
1968
349
7361
2997
2019
943
1343
2501
4011
1223
2403
11
1927
2700
4027
230
5225
1245
3246
2064
5618
2023
531
5060
1356
122900
4995
3037
596
508
1094
1178
4878
3469
780
1185
1958
2467
48516
1260
3363
2352
1784
1230
1254
3196
8961
2318
69481
88140
57669
832
1923
1673
60040
2324
272
594
6440
3508
300
1293
162
3498
475
96655
77846
1394
1242
1077
3654
3683
56941
44199
1041
46578
535
1625
1179
3424
3362
4903
1344
1653
357
1263
968
3435
2987
4306
1250
8908
501
6787
229
1965
3201
8873
223
39292
1237
1211
1085
1957
524
1238
30812
1172
3983
3071
3186
3160
3168
2300
2357
1084
2871
337
2728
73290
2716
2355
1212
3255
1243
2302
2112
2313
30749
733
1719
2690
3529
480
41997
631
954
116
39
2020
2971
1227
1249
1224
3788
4310
2140
3677
3178
3967
1416
1283
4016
1411
465
170
3108
88129
2626
1931
326
1081
17
3499
1280
1232
54286
6093
2562
5099
760
3526
1244
2947
1057
27803
6377
3448
454
1729
2394
34072
1261
2078
2542
1255
348
2384
3408
1175
3671
58559
3783
3481
1921
2984
7143
6378
6269
6552
2949
4262
3030
1080
3006
1019
647
2144
3476
955
1284
1276
3927
1945
1597
3546
1500
86882
2443
1641
1374
5971
3462
1635
2395
373
361
1498
4881
1073
5218
4308
3189
69757
6869
7459
3746
41527
1023
2739
909
1269
2116
3548
1951
52885
3104
1960
5291
3510
64034
6711
2071
161
1947
2243
3252
3969
3081
2303
5152
2580
3067
3494
2944
6807
70286
3039
109487
3307
106489
3007
5679
994
222
4967
111362
6373
3929
3943
2010
728
2763
14
2406
33166
3148
3317
1321
2671
31658
261
96079
1663
1029
175
33004
5445
1380
1747
838
1711
2660
3429
26
1564
122882
6666
5902
837
44555
1466
1086
628
805
2687
3467
8645
509
1264
2857
60069
4873
2985
78499
2076
1248
4641
281
3000
1147
2366
58803
2968
319
3019
97938
1835
940
3083
8533
2879
1257
3724
3167
40819
1674
8949
8228
3022
362
3414
3347
3417
4292
1611
4054
3198
194
1824
4211
3989
2541
2917
3515
5147
44197
45950
678
1096
4326
3949
122890
44195
761
89745
5446
5782
2096
2746
3755
7256
106471
2423
1845
7096
6299
1111
3751
930
2952
4014
1948
500
3916
2966
3735
1302
1189
2353
27846
6385
539
6461
3730
1305
5954
68954
3308
8958
4783
1994
5013
3038
1300
71899
81591
106100
5903
54503
3044
3359
5299
5876
1303
1253
2202
4247
4888
40583
4037
1215
3503
246
1941
3552
446
7063
1296
4465
3111
5812
2890
8638
3638
3713
4263
41
3088
1274
26729
99114
1357
4047
3360
68237
1120
37741
4033
2502
2474
3068
4889
2150
61240
1788
2726
56367
5878
3653
5630
428
8784
4537
3814
588
4190
6612
2073
98491
95167
3418
599
1449
4085
1022
3789
154
1361
2648
1183
1797
3298
1348
4086
8360
134130
1964
7616
6331
277
1955
2102
7766
1643
21
6796
6874
37240
6003
33660
6870
3200
63082
2469
2745
6339
2481
5010
3330
265
4450
1285
1721
2070
29
1376
8128
2529
105844
2099
92751
104337
93422
49530
3420
932
2108
1345
2594
1307
917
1273
31410
1275
2664
40732
146
1366
7941
7802
7137
6001
3551
587
8874
4327
5319
4151
7456
4384
5801
2488
5544
1202
6452
6436
2852
3035
6323
1949
5379
2961
102125
2993
5015
1099
2750
1935
215
1087
4280
3265
3733
4246
64839
65037
76173
31435
59684
8132
64716
3334
6281
2912
1423
92259
97
1125
7013
73321
3409
6337
8
556
986
2301
2905
6617
2908
107559
5747
5238
31035
7698
7215
3609
8191
3272
6620
3980
60756
1282
106441
3060
4978
4217
290
3090
5074
5670
7771
3952
1856
3070
8950
543
4238
5064
1537
390
4787
754
3102
3223
4617
4088
5960
6419
5847
4628
4522
55247
4427
144976
140267
6954
69122
7371
1286
3384
72226
87232
3135
30822
1396
40629
1615
431
94
4128
3406
2333
4914
106920
3310
26242
942
4406
2644
3105
2682
363
2520
4557
5799
4103
1912
8981
2287
5956
3341
1395
921
1277
74458
6773
1966
2611
3513
89759
233
1408
53953
2731
5266
6724
1025
5732
6156
3062
7320
6986
33437
7439
2453
3134
3257
4489
106438
3844
1946
5574
4020
2490
2186
1401
87222
2439
440
1123
3133
3718
4711
2627
3947
2330
4562
2553
2554
2261
2824
2991
3676
5300
1281
1860
2791
7022
3066
5114
616
4623
4994
8368
2442
2398
59784
6062
85414
3396
3516
2866
3342
6380
663
2046
850
4816
2068
107081
46723
4432
35836
106002
2006
76093
63853
102993
26662
4970
1150
8207
8955
7136
2351
6918
56587
4321
37729
4304
2901
