user_recommendation
318
296
260
2959
593
858
527
1221
608
1196
2858
589
110
1197
4993
356
2571
1198
1136
457
969
111
17
7153
50
2918
750
5952
1210
293
3114
2762
47
7361
1193
1207
1270
1356
912
1089
1304
4306
2329
4226
1704
2997
4973
898
3578
953
1500
58559
1393
1213
1276
1674
1265
1732
913
1073
1411
1682
2797
6874
150
3996
2324
1252
899
1259
908
2804
1208
1254
1204
1256
1948
541
1957
3088
6016
994
3260
968
1214
36
194
2300
497
1235
235
2716
1200
923
515
1968
2028
28
48516
2987
910
1278
1183
1203
1097
1
1225
920
926
4963
5669
1201
3684
32
32587
79132
2359
1293
3111
78499
1961
68157
380
919
6539
1036
3108
590
903
1080
2973
904
6
1288
4979
588
7143
8645
4361
2232
8874
3481
508
56367
922
5995
357
1066
1247
2064
1219
838
3362
1271
3462
945
5989
306
1299
161
7438
1244
1230
3359
2132
3147
1357
2019
4027
9010
940
3696
2690
916
1784
5955
62
4630
5765
3437
1302
1264
2541
2692
66665
2076
2580
1035
778
1220
1222
4799
2291
1212
5225
44555
2193
4886
1617
1206
3035
307
68954
2289
1953
4896
4802
1291
4235
308
1041
1614
3606
68554
900
555
68848
3284
1282
3897
3020
5301
88125
3368
106920
1945
265
928
141
4046
805
3365
377
3175
3468
3386
2779
3044
1262
2791
2069
30707
3836
1269
1096
109374
280
3868
6796
165
3255
3176
6377
8665
5034
300
2083
16
1387
1103
474
1228
368
27773
49272
4995
54286
3724
581
538
1217
1625
1258
471
1273
1248
44191
1242
932
1172
3545
1240
5956
5679
322
1267
33794
2150
671
6063
628
76093
112183
529
64839
5418
1237
2353
81591
8958
1952
2186
3507
905
954
3424
8937
2398
3730
4533
8949
4034
1939
1224
1361
2995
349
475
733
955
2686
3469
1296
3038
2352
122882
81834
1077
2739
70
2396
7147
4308
1884
3037
1094
364
50872
64957
5017
5349
2971
1263
33166
3363
3098
3307
116
7360
116797
57669
1029
2160
520
1466
55247
1059
63082
1956
272
1347
2357
345
8873
1419
4037
8636
59315
2474
3809
1358
1084
1243
1946
8784
56782
1303
2080
1348
49530
7132
2
2968
3060
5791
2917
2273
2599
72226
91529
2203
2863
6333
2726
2761
8961
70286
350
246
3167
1104
5668
4019
29
2313
7116
7669
176
3949
80463
2245
1734
534
971
342
54503
440
5064
3435
81932
1965
2066
3510
3252
34405
2078
32898
7087
85414
5238
2941
6987
4263
55276
6711
5444
1950
2369
8798
105504
535
2010
2194
2005
3168
2648
8132
1305
319
68237
5903
3741
509
115713
2925
4128
299
7265
3671
1179
5341
4809
3916
337
551
69844
1459
866
728
1284
1211
480
902
2644
1947
1189
3328
5008
6530
1147
48780
4021
3006
7419
5377
5475
97938
7836
3310
5782
55820
5103
6662
7139
7802
230
2916
2020
125
1019
4422
8970
927
96075
101850
104119
86487
53887
4428
4432
74089
58649
8123
8261
8264
26501
55063
26797
4410
163949
114464
150856
112577
34437
2283
2144
1246
69757
907
1663
5015
1090
3872
8981
1693
1719
2395
1994
613
98961
448
1321
104
34338
942
6021
8228
3439
5816
1025
5385
5959
1610
3104
2105
3134
4661
3200
1834
3007
6787
40815
1374
7371
3943
3000
6724
61323
1635
2745
3554
3152
8368
494
3253
1060
96079
144976
1295
3527
3196
140267
2728
1250
3361
595
631
501
2908
3871
290
1441
2551
5630
1292
1148
3869
99114
1161
73017
40629
55269
915
51255
410
314
6001
1653
3471
91658
266
68358
6985
128360
6552
5876
3068
8360
74458
930
48696
26084
4776
1266
44665
7123
52767
2788
2871
8957
1280
3100
6773
4187
3072
73290
8542
110102
60069
48738
1921
37741
106782
3095
4016
4878
950
7502
4846
918
2248
8870
3873
1223
8254
2897
2843
1960
1827
3341
50068
25805
3101
3989
2502
86
4936
720
31410
127152
2046
4356
232
1835
4066
30
38499
7091
8529
107559
44199
106441
1927
3683
80489
1287
333
63876
64716
3984
832
2993
3911
1245
44195
106916
2288
1611
6101
69481
6852
6807
3249
223
5105
2202
1916
3022
115569
7981
3275
1234
6942
39183
55253
1028
3742
122892
7698
45
1376
6777
2857
40819
26729
7215
2268
72641
2243
4969
65188
4835
2949
1199
97921
3844
281
3246
3019
7090
3675
1127
714
2670
901
4965
2070
1408
3475
26524
89804
4881
7566
68838
1941
162
7943
1023
2991
2594
1253
2859
3983
4189
3077
1354
3071
1285
1449
7022
2890
91542
3925
6639
39292
914
3203
2420
27904
99145
87232
36529
1186
5772
3265
4181
2983
106438
33171
8950
4795
27317
3083
41
48783
1340
1753
87304
105197
2700
207
213
1955
7767
112290
6323
148626
102123
154
2423
146656
97304
26178
4821
3467
1958
98154
5
514
79242
2336
4349
1684
7478
56607
91077
106100
780
2355
8042
55052
1049
5618
8492
64614
7300
110752
97673
151307
26323
75990
26505
38304
105355
78039
86320
6273
26147
127164
101895
26350
58879
4927
27812
6271
8979
7075
95135
50245
30712
61357
25999
94931
5088
25996
72367
7073
6133
7088
120821
112399
56805
3966
25882
7126
53024
112735
25945
128606
47092
7111
8491
4801
8572
2664
55274
81845
109487
4223
7487
4178
2985
1209
86377
112552
45210
81562
3244
785
142488
2349
198
1345
594
4218
339
1475
2622
2321
69122
53123
2989
35836
178
3218
1272
2303
261
7084
41566
100
3476
1277
521
1339
633
59784
47629
1131
7386
2427
40583
761
2872
7700
4191
5165
1231
8933
88140
3067
7089
6786
5095
4552
4437
3347
2000
53956
3417
3635
5168
2749
2302
7445
233
4709
4798
5234
1555
5233
5214
4401
148
5230
5231
5167
5232
5187
2882
8477
7008
991
1447
1175
2102
3406
2990
3679
3018
49824
7256
38038
2542
3364
51540
55442
1913
1464
5646
4903
1088
5597
46578
543
2366
3556
84152
93510
491
