user_recommendation
318
296
260
858
527
2571
356
50
608
1196
1198
593
1197
2959
1210
2858
2762
4993
110
4226
589
912
2692
1193
1704
1136
5952
1
111
1089
1240
1270
1213
47
457
1291
1221
150
750
904
7153
32
1617
923
1203
58559
1225
2028
3578
1219
4886
1732
364
1097
778
908
1230
953
2396
1259
2997
7361
1304
1682
899
6539
590
1079
1214
1307
1387
1208
745
3147
1252
1206
1265
2019
4963
79132
6016
1968
1625
2918
3949
903
293
2064
2324
5995
919
48516
1247
4973
1288
595
920
3897
319
4878
4306
3481
33794
913
1148
4034
588
541
1234
2502
223
44191
1280
235
480
1961
246
4011
1228
905
2797
1222
1207
474
509
2289
1200
2791
5989
969
1258
2947
3083
2804
1244
4027
17
910
3471
3730
349
922
2395
1267
1094
3996
926
2194
1923
1527
59315
1250
497
141
2542
2132
1246
594
2599
2318
1945
300
1233
1172
1293
3476
1500
1356
1407
3983
8961
1060
1036
1885
2115
162
1204
3114
2501
924
2716
1354
1394
1217
2739
194
1748
222
733
4995
1212
1223
54286
33166
1299
2186
3101
3363
3948
7090
3421
529
5618
3448
5418
1610
2580
1584
1127
3160
16
2232
29
1287
55820
11
6333
1912
1639
8636
76093
1262
994
2020
3683
3499
1086
6787
2973
628
5902
3210
928
1019
36
2712
1186
1080
954
3067
33493
261
34
3000
2300
68358
4235
70286
508
2908
3104
1641
2125
3039
1982
2243
500
911
48780
232
229
898
1952
1263
1580
156
50872
1199
866
1224
306
909
1957
3462
1278
3361
4903
25
1209
1077
1374
1955
535
1034
1994
3435
5445
800
6807
1028
1947
1215
2912
501
30707
1466
233
4873
3007
3793
1251
32587
3671
968
1029
1305
78499
1321
524
44555
2406
6918
1396
1292
1283
1358
1754
1963
551
3198
805
555
2131
2288
514
4262
3635
1953
2648
1073
4914
1260
3911
671
1256
1131
538
3524
5010
2871
3868
60069
1719
832
3015
5971
8132
3386
1805
1827
49272
1201
3527
471
5673
3175
1376
741
1673
6565
4007
2359
68157
2971
5903
1333
149
8665
1276
2976
1300
2348
4979
3246
1012
1175
6874
2529
2329
54997
3307
353
3072
1104
215
39
5992
581
492
41
6
3089
299
1997
1211
3653
2761
2467
1860
1279
3504
1066
357
2005
1059
921
40819
3200
51540
69481
373
89492
1272
1218
3362
2137
1537
1361
8957
1674
307
52
3108
112852
2890
3505
2344
116
64614
1904
35836
247
5013
26729
2987
88125
2231
7256
3814
2138
549
3638
3728
3916
1130
1227
3702
1103
3359
1269
314
1274
1941
51255
1135
2795
2108
3060
2398
951
1254
85414
3468
2553
2594
3917
1192
46578
4499
1449
1302
3317
56367
2490
74458
106920
2463
1345
82
3310
2278
2863
308
5477
1090
2176
2612
3037
2949
475
1296
22
26587
3194
3167
2366
3679
39183
3016
2081
26131
3129
2203
3546
123
68237
4848
309
3915
1711
1611
1939
3358
2731
1357
3102
1096
2752
3112
3809
6975
766
49530
2361
30749
8873
2109
31658
2271
1573
893
8970
2989
2423
6440
1245
69757
2788
337
38061
1845
109487
54503
2442
3510
1341
916
2985
26242
3088
7502
81562
421
2248
2664
3176
4967
3152
115569
2620
62374
5064
4424
1147
720
125
52435
2144
942
92
2917
86781
3033
6378
3135
5893
2351
2572
2495
6003
2130
7136
708
116897
3654
82459
3320
1859
4731
4302
5071
39292
1483
2560
363
44199
1635
146
8955
1649
1023
3952
184
1332
44665
2087
1643
53996
446
3196
52458
2434
1248
1463
8981
6187
3153
1353
2925
3274
2966
2291
1393
3328
2624
73321
2988
1177
1954
1663
933
1944
1120
2901
21
3125
3068
3526
950
1629
341
30
272
2596
2355
3724
4014
2524
103
2363
6932
110102
4351
1689
5135
2267
36931
27724
4623
3244
6502
3833
1480
2721
2545
3529
3633
2693
1554
1128
3342
3490
3021
3851
2177
2419
2945
49
2982
3576
3837
3757
3281
1771
1326
1312
1531
183
1543
915
8917
368
2872
2166
54881
3300
2337
280
2687
2696
2550
3457
4009
380
81845
680
3984
2902
1784
2093
1236
1927
2517
1678
1273
8368
2459
2245
5269
3035
59369
1392
1408
74946
2018
88744
4019
2327
54372
423
4056
77455
2349
1266
1112
73344
3252
2313
3498
2315
1049
7022
31193
1343
1268
65642
2165
5669
154
134130
2301
2640
1721
27611
1429
2290
2905
57669
988
8958
4679
3115
2755
3973
621
3804
1178
2208
1264
46
2090
2728
3712
80463
2078
2575
2160
3547
2682
428
2820
176
2573
6269
2846
3018
1516
567
326
51080
3159
1189
3557
3869
845
249
281
1099
1081
647
1125
1237
312
1615
41285
2993
106471
3272
539
72641
2006
3629
1948
3396
384
1680
122886
88810
91653
2657
3044
34405
262
1914
71838
1884
103228
2024
2867
78574
241
7323
1057
2118
728
945
1959
2662
67087
4901
4450
946
1921
1061
3020
1022
2968
803
2726
6001
40815
943
1249
90531
8933
1950
4033
56782
4299
1960
7156
3105
7063
2465
3840
3024
3030
2321
80489
1916
4128
60756
3738
3725
2738
366
1834
8914
3095
73017
81932
230
121231
8228
72226
4483
4188
3734
107910
6870
2725
62511
4271
4085
3967
1619
92259
515
3260
454
7034
3213
3908
72998
87232
1658
7569
8042
5319
90428
2600
2268
8784
134368
1285
2010
2475
101
2167
2686
3703
1238
68954
416
6732
8880
422
1303
5608
4322
7320
667
3261
1965
3100
780
62849
3022
81229
4103
2365
668
85
8264
2083
596
67997
534
111781
38038
1242
25769
69526
3735
1934
80906
4017
7360
2613
3341
86882
54259
930
2310
1907
345
3071
3062
107
938
1688
31410
1025
73290
1991
3742
71899
70336
277
2779
271
1614
5177
111622
3251
5008
2099
4489
6331
2068
4446
105504
914
1041
178
27846
4467
1967
4210
65261
