user_recommendation
318
593
296
527
260
50
858
356
608
1196
2858
1198
2571
1210
2959
1270
47
1221
1
457
1089
1197
110
2762
4993
1193
1704
1213
541
4226
778
1291
111
589
919
1136
5952
908
912
32
2918
58559
1259
150
7153
750
1240
2028
1225
899
3578
904
293
1617
745
4973
1961
1247
590
2324
924
1214
6016
1148
1732
1200
3114
1036
1258
1203
3147
1208
7361
923
2692
480
2329
1304
1968
1265
1252
2997
364
1228
36
2716
2804
2115
6
1219
349
497
5989
337
1080
4995
1356
1060
48516
913
969
1204
4011
4027
1199
32587
246
1207
898
17
2019
926
1580
79132
4878
1288
2064
1230
1172
4963
2542
2797
903
4306
3897
6711
595
2502
1610
1222
2268
1073
1625
1307
1028
3462
1206
1276
588
2791
555
2599
474
953
1682
54286
4034
910
6874
2396
3421
1097
7502
46578
1079
5995
2300
1299
16
3481
2289
920
1090
78499
509
1234
1527
3362
3006
1674
1096
1263
1035
471
1953
4886
55820
1267
68157
1250
2005
2144
1212
1584
2278
1220
1201
1673
720
232
1293
1084
1287
3996
1947
1387
8961
5418
48780
4979
109374
56782
1957
2291
56367
59315
994
265
21
1997
377
39
2194
68954
539
1175
1233
1960
27773
5445
922
319
57669
671
1945
5064
5618
1094
1262
194
8874
3671
2078
1954
44191
2690
8665
1246
6539
1254
116797
3868
1185
1269
30707
914
1217
475
2318
29
950
2186
223
3730
1278
628
3363
161
551
2395
81591
515
33794
1264
916
2132
2137
64839
1680
1952
109487
508
49530
5956
1103
3683
2355
2917
3418
458
1192
4007
1361
2871
34405
2303
2863
3435
7438
73017
80463
272
2243
2580
2890
1223
1500
1256
3504
1374
3007
106782
440
1466
86882
733
7022
3468
1358
3104
162
491
175
235
3101
74458
54503
3152
2096
2712
2971
30749
1393
44555
2501
28
2973
2359
5669
4014
2020
5630
3307
40815
2572
4235
1272
306
2248
2076
3471
3176
5902
307
1333
3039
1104
1959
8368
1127
2929
5444
4103
3072
2841
838
5679
6796
1956
54259
1215
54997
412
3735
69757
1231
1994
6787
112852
968
33166
1927
3019
25
911
3359
1734
6377
1784
308
4085
62
3424
1284
3246
3088
1955
1077
1729
8641
3201
8784
6502
5225
8950
88125
1237
76093
1357
1245
69
36529
1948
115617
85414
1283
4814
99114
1147
92259
905
4848
954
581
44665
2739
7090
1095
1178
535
68237
1411
1884
1923
3911
368
955
373
50872
928
1183
31410
4641
357
3044
3510
7132
44199
1946
1248
380
529
1950
1257
1249
27022
930
1834
1059
2467
79702
1032
1023
3448
909
6440
594
1179
40819
1343
64285
1967
1285
7802
1653
800
3095
2944
2686
69122
945
6104
1281
900
1251
3469
49272
3545
7212
97304
3263
63082
69481
3983
3361
1449
45
64614
58
1537
3524
69844
2951
1218
1939
8132
55247
106920
280
4223
1244
6378
431
2474
3429
1962
281
3022
3910
3071
31116
51471
1266
780
805
89904
5464
1209
4787
1273
1292
441
2761
2231
1260
5014
902
3328
11
3252
233
741
759
81932
1300
108583
4037
8949
105504
1189
2726
4262
8542
1282
832
4361
61323
1227
64716
971
96079
96821
1120
1305
6662
6979
1958
5114
3000
3089
3788
7256
2138
54001
1286
94959
1081
2067
31435
98809
76251
735
4450
3033
97938
104913
108932
390
599
4965
106100
6385
2081
141
262
1280
8798
3178
1025
81834
3967
933
3198
3219
3551
8981
104374
51540
2788
81564
4105
72998
7320
1211
946
2987
6732
3035
3107
3111
102445
5903
112183
128360
5668
648
500
3200
6807
3134
121231
3386
2245
3355
51662
3256
163
5103
47610
538
3167
72641
31658
6870
7075
8228
2490
3365
1964
27831
230
2925
2946
2010
5791
3724
85
2795
82459
501
6552
290
91104
80
2357
3275
70286
300
2087
112552
7099
59784
3741
1845
51255
2391
534
942
2924
2670
115122
88129
4188
2952
3213
2728
2648
4799
2644
3548
115569
3681
35836
3508
5991
3168
1944
2366
1916
2202
7087
3038
3499
87232
36527
3783
7091
88810
7669
5152
8636
1066
111921
27790
79091
2846
1641
6669
4720
1255
34338
71535
850
3801
2563
3507
134130
116
55269
3181
33171
55052
44195
4489
55276
8958
5876
7116
7419
64034
4821
321
921
2454
102123
2745
30816
1274
2920
84152
93320
93855
5244
50641
1275
33493
60756
56152
553
85342
1963
8880
50068
8807
7254
3142
7235
86377
93510
3068
3034
1253
3949
1086
34162
79357
2150
178
42418
3406
52604
6773
1354
6323
7147
222
2083
4518
524
33004
215
1688
1376
65514
4010
81229
3310
1019
1352
951
363
4019
3527
54328
110102
3186
3100
6708
5816
3505
5427
3892
4930
1563
4591
565
4076
1819
4796
1450
91630
2011
2707
5772
314
7445
2872
927
224
115713
67255
26326
86
5971
3543
3916
7285
5782
2080
1484
106489
3015
3037
917
3871
72226
1177
3060
4095
2125
4901
5055
59995
3521
6993
2336
2553
7767
53318
3966
5008
64957
61240
1021
4117
117176
4873
2203
91542
106438
1663
247
7451
4422
122892
6201
1022
55250
3260
915
3317
8970
73
4571
4519
79008
32898
3016
62956
7649
4352
80748
40732
4994
26729
99145
477
7373
97957
100714
6942
4378
5337
59684
65037
4465
6724
6286
95167
38038
56339
1194
1611
4263
76173
71429
4432
42004
101525
45950
134853
5690
4623
8638
1643
85736
2936
8933
1719
63876
4467
6187
4029
91077
4945
4466
1238
2420
5238
97
6783
80489
55721
4327
8340
4321
7143
5159
73290
27660
2459
907
2267
91658
2284
1396
7137
81845
139385
89774
5380
3791
48738
67087
3396
1046
2288
53550
6003
7265
4326
934
2371
3814
1747
5341
105197
3098
45728
2732
5540
2612
112556
55290
326
4017
1241
4776
322
3030
3546
2232
36708
3684
2208
2664
452
88163
82667
2434
261
6786
2068
2321
159
2729
3925
96728
5475
1366
