user_recommendation
318
296
527
858
356
260
2858
50
593
608
7153
2959
1196
4993
2571
589
110
1197
1198
1193
1704
1270
1210
1221
5952
4226
2762
457
1136
2028
1089
47
750
293
778
364
1
111
32
1240
904
58559
150
1732
1968
2329
912
1225
1213
541
1682
36
3578
2918
4973
1259
908
1208
1291
7361
745
1214
497
17
6016
4306
2324
1247
1036
1200
46578
246
899
1203
1617
79132
1207
3147
480
2019
1035
4995
48516
223
1961
926
1219
1230
1204
924
1265
2804
1148
6377
44191
2716
2542
2692
919
2599
1228
349
588
1250
595
1625
78499
68157
1246
4963
969
1073
1278
1252
6
3897
910
3462
1199
265
32587
1610
25
62
923
2797
920
471
551
953
1784
1060
903
2997
2396
590
2502
720
345
1584
1288
56367
5989
671
4878
3671
1222
1206
1393
3418
5995
1293
1394
116797
3114
1258
1304
2132
6807
515
11
2064
48780
4886
1235
898
50872
1945
337
44195
56782
1276
39
4027
1172
5669
2395
194
1215
1097
5618
1233
922
1673
3421
954
1500
1223
3386
35836
1224
55820
913
6874
2268
1251
76093
4011
1090
2580
581
1939
2300
805
475
6539
1307
57669
1104
86882
68954
733
1028
307
81845
1960
7451
40815
33794
81847
1262
3481
261
2359
1884
377
8874
8368
1285
33166
232
7147
1084
2291
163
780
1387
8132
2303
54503
106920
1267
3471
1201
41566
5445
8961
2144
1264
3730
909
1953
4235
106782
1283
5816
4979
474
1537
1080
1674
92259
529
2248
1212
508
2076
1272
5225
1287
3916
509
2686
3504
1299
59315
51255
88125
1952
866
109374
81834
1374
61323
994
7502
2971
74458
555
222
1944
6796
1183
2010
1096
2125
2020
3996
40629
2186
1211
30749
2690
1967
1734
2791
4424
161
968
2987
28
3362
91104
175
49272
2131
2917
4361
1464
5010
5991
40819
8981
1358
5971
911
45728
832
2926
4007
5103
3307
1333
1079
1719
104374
306
4085
16
3033
86
955
68358
1269
1256
1220
1680
6187
1957
79702
109487
3545
45
72641
1941
72226
106696
5630
4478
2289
628
6918
2573
2820
64839
3435
1185
63131
4571
8784
2194
1959
2351
1077
4034
30812
63082
2761
1296
1693
31658
1282
5673
58
1209
5444
3868
1280
2243
3000
1066
2501
1273
134853
3653
3252
7263
6104
3270
54286
6711
3499
1103
1234
945
5349
1927
70286
2746
34162
142488
3735
3591
1192
3034
1032
68237
115713
3814
907
44665
950
1254
2529
3468
538
6787
68135
1023
440
7099
7649
3548
36529
8636
2232
69844
235
2109
1946
3702
56339
2648
3019
122882
69481
1449
42004
663
59418
49280
26422
534
454
1266
2467
915
1305
1218
34
2087
96079
27773
81932
2871
3424
54259
68269
1243
4103
59784
314
48791
80839
32289
79824
41573
946
380
7132
2115
3429
1175
7438
3686
52973
6942
40
3198
3175
3020
6502
162
8638
1086
2336
85414
2973
1292
4014
3081
3256
7143
2005
1947
29
5028
3594
112183
97304
281
363
1580
1300
94959
1242
116
112552
97
1271
4658
1217
2644
905
81229
67087
2541
64957
7564
3415
8239
26578
4271
52617
7574
872
26150
971
60397
49530
50068
3317
1466
1244
930
127152
146656
3801
1361
3683
1923
2863
110102
1081
51540
635
66934
1232
6773
1005
928
2936
55250
1046
1057
8958
3476
1527
3788
3952
88129
1357
44555
1948
89745
3167
2203
71156
921
322
2313
524
5956
1238
1131
34405
8645
2231
4720
52885
5291
4105
2712
6385
3201
5902
93510
2096
55247
134130
8228
6993
3703
3203
1958
7767
1263
4223
88810
3213
6732
111921
3038
3359
7285
1248
5064
2085
3911
3363
1150
4033
1237
937
76251
39183
357
82459
6380
3035
7091
7669
70293
1956
96728
353
8542
42418
115569
91529
3176
2357
68838
4010
4422
3030
3260
1997
914
171
115617
151
901
59126
7212
668
8366
8933
2664
308
54881
4021
71264
1845
37729
1231
3095
52952
73017
1302
48322
7802
94466
112515
1827
3060
6003
48774
121231
26258
1127
46723
105504
5992
99114
4179
59387
1747
4755
90061
96488
280
2687
1907
4037
1019
428
800
2150
3552
3696
104913
2432
96829
2042
3871
9010
3763
2278
2420
64614
5008
5955
31116
51471
64285
2728
1955
1663
38038
3104
3037
81564
112138
2890
156
7256
3456
6791
44199
3068
85
6786
53318
1029
5954
6870
3083
3088
1025
54328
233
100556
87232
2925
1653
26084
5876
99764
72171
1176
6936
2938
838
2935
89904
6565
3724
916
1061
927
6708
8807
1754
81591
1639
501
6783
27790
3007
2355
128360
2081
902
54997
2612
1188
82169
58303
65261
1303
106100
2059
3071
154
2321
1261
1191
7075
68347
65188
4029
1641
2745
3414
93443
53123
514
3437
4630
5765
96610
477
48738
2919
48698
2474
2301
3219
8970
1965
104841
1189
3263
66665
3983
230
69
7156
176
58347
96467
55276
8650
41527
3112
1611
95088
131724
27831
133771
3844
138036
2363
56152
6718
6662
347
2920
6954
26662
556
44709
933
1354
2066
86000
85438
128620
127108
107978
74754
139757
160590
148881
79677
54256
139116
3022
1365
25852
2927
47728
7208
8121
4612
32525
2078
102123
41912
8576
7459
71640
26947
57845
4741
86377
2912
2726
3475
3044
1094
3200
7375
6350
2366
3966
3406
1178
7419
4019
3606
1376
2202
53519
32898
81156
3168
373
33669
3943
3929
48696
6436
4696
7340
2654
97938
3809
2985
1962
272
3396
1994
613
2670
1099
6957
2721
1184
27700
431
64034
1916
5475
2651
938
2947
97306
6666
2145
34338
3011
2553
8464
7380
215
1120
441
54001
2029
3684
594
3275
27660
47518
103810
99813
61024
7566
52767
2310
2946
52435
41
205
73
3152
549
7087
4722
4661
102445
30816
8950
7116
5017
1284
7265
26776
2312
91630
3364
8937
5380
2752
647
1085
6724
8873
38499
8754
1281
3783
4432
7979
3791
89492
6283
850
5791
2140
91658
69122
26326
5500
1950
26472
2288
1179
