user_recommendation
318
296
527
593
858
260
356
50
608
2858
2571
1196
1198
1197
1089
2959
912
1270
1136
1221
4973
1210
110
750
150
778
589
457
4226
1193
47
1240
899
4993
2692
5952
1704
1208
904
1219
908
32
1213
3578
58559
17
1617
1291
1203
1207
7153
913
923
2028
1225
969
1304
2762
2396
1247
1252
1
4963
1682
1097
111
1968
2997
293
2324
4306
1265
541
1732
2918
953
364
1259
910
48516
926
919
588
6016
1293
349
2804
497
1204
920
898
922
4886
903
1172
36
1217
2599
3462
2542
44191
4027
8961
4011
2797
1212
2019
1148
357
2064
905
480
11
1945
1079
1625
1230
1246
2329
6539
745
2791
1307
7361
1394
590
1206
515
2716
1244
1214
1250
1276
2300
3307
1961
3147
1278
4308
1199
32587
3386
555
1280
1953
595
1288
1939
1947
1267
1228
33166
1952
950
954
1035
3897
2186
3730
4034
1094
1254
79132
1036
1387
1948
955
3435
1077
2289
2502
2971
1073
1256
377
3088
50872
3361
1080
81845
6874
509
78499
3363
5989
2125
1292
1090
68157
3362
1264
232
4995
1500
1060
2020
57669
1299
3310
2580
1220
1411
162
56367
1957
337
1527
76093
951
1305
194
2908
5995
994
1356
2863
319
3260
1641
1222
475
1263
3793
1233
1262
3114
474
928
3683
1248
2917
300
3134
30749
1284
8970
733
246
1729
5418
1673
8368
1237
368
31658
4235
1303
2081
7147
1131
916
3996
40629
671
2109
538
1028
2712
5618
3671
72641
44195
3095
6
1103
508
1084
33794
1029
3735
535
1302
1066
44555
2359
3022
3468
4878
299
3421
59315
1674
3038
2076
942
2976
1178
8665
5902
838
1269
1300
46578
3176
1223
2648
3196
2132
7116
2761
2352
2248
940
3006
1101
1224
2467
1361
3545
88810
106920
1192
62
628
2208
1663
3246
3481
6502
1260
34405
7502
4014
261
3868
2291
1357
3471
8874
55820
2144
3160
2137
2203
930
5991
2726
3037
68358
3060
4896
109374
943
3341
1200
7099
1258
1580
945
5992
40815
1183
2490
8784
235
3469
1408
1020
5225
3153
69844
5444
1281
49530
6001
3510
3814
2351
2935
53123
1354
3167
1963
514
7013
3200
1215
86
1189
3083
6565
48780
3949
594
581
946
2321
3101
3724
3524
106696
2501
1201
1234
2357
3072
7064
2871
3910
927
1251
265
501
91104
88125
51255
272
116797
56782
97938
40819
3470
6918
3359
1967
3000
1287
3104
2890
534
54286
30707
44199
73290
2612
68954
224
26242
5971
6273
5064
86882
3091
3252
2278
1946
81932
3256
52
1419
1104
454
92259
161
41566
2068
921
223
1298
3035
3476
8958
2395
60069
968
7090
2245
6377
1019
2140
5114
30
1296
7136
2070
380
7263
938
1285
306
3275
1120
1466
2099
1175
94959
4422
345
2739
1935
2194
1235
68269
3448
1834
914
2366
307
41
6643
2973
6936
8636
2427
1161
494
2925
412
41573
32289
80839
79824
48791
907
1754
2690
2102
2268
106782
1333
3684
1885
2313
973
2947
3952
3270
521
2231
1034
8132
2664
2846
3741
5475
4661
122882
262
2728
2640
290
915
72226
7371
529
74458
2469
3916
63082
6662
333
3983
112852
3879
54259
918
1283
81834
2644
1860
8955
2919
116
2353
3168
55276
911
3198
2150
49272
1784
2938
5903
68237
2750
134130
64034
91542
2105
1127
8125
26729
2243
2138
60397
3536
1343
1805
1610
8042
4085
5010
720
99114
105504
39292
866
7649
5017
125
1810
3507
6380
1827
1211
3594
1944
3007
2005
29
2232
2176
7669
308
3739
1147
33493
8981
2303
1179
32898
1271
4037
81847
55250
3672
2315
89804
2288
1238
104374
5341
3505
2551
1748
69481
4277
1934
68838
3070
1994
902
73017
7087
98961
4424
3364
3504
176
5816
2115
1950
7836
6787
1931
50068
1923
115713
1982
2160
134853
3152
2474
4979
2131
54001
909
3068
2745
55247
4410
3194
70293
2130
4022
5385
1916
2202
35836
6807
96075
101850
58649
86487
4428
5238
8123
8261
8264
26501
74089
26797
53887
55063
104119
163949
112577
150856
114464
70286
2859
1096
6021
2010
3548
1959
3872
4086
5013
1965
1688
3203
800
3527
3742
492
61323
48738
1321
2336
7766
2686
2
2731
6281
1032
2659
1927
5630
2106
5291
8188
3347
27022
3271
2349
7132
2066
785
6777
2108
6669
1949
2932
6724
37741
26151
178
4225
8528
2872
668
2920
107559
106441
2553
6987
7386
69
7419
4432
3629
5812
741
7139
448
115569
1078
106100
4809
3702
3406
2355
7075
59784
1125
106438
1719
933
105844
4967
2795
6773
82169
4969
39183
3736
233
27803
1023
47640
106489
1941
7373
2283
55267
38499
44665
2096
3498
2694
4188
596
5103
2165
2080
122886
3447
961
1925
3165
984
1455
65188
1537
3213
3475
2459
8199
3102
766
3861
3417
222
2434
32598
7164
4019
97921
4007
2989
7072
4263
3546
1272
25769
2318
3966
268
1734
4427
4623
3067
3414
112183
2046
110102
6979
3989
128360
3863
845
483
7089
1099
1186
30810
7265
1282
39414
81229
2273
2301
62849
6783
7088
3089
2111
4801
7698
917
73344
55052
3365
229
471
37729
87232
5135
850
632
53
6331
422
97
26776
6732
2988
6101
3357
314
1936
2238
2912
26524
3396
3809
309
931
4776
3263
1218
88744
7091
45728
4009
7438
88129
2788
4914
8228
2391
54997
3812
531
2929
6530
2968
3125
5956
1348
3604
633
27611
3635
2344
935
85
7943
99149
55269
2442
91077
2948
6975
6350
100
6852
8154
6863
1658
5608
7587
3632
95167
3424
2078
3499
3018
3112
893
42004
127152
8542
1693
1177
38038
86320
6870
48774
3086
40583
4912
1699
71033
3105
56152
6552
96079
47518
8933
115617
7360
1616
1611
6385
6942
4103
543
2763
1180
1619
2926
109487
6235
3456
1082
142488
79091
5146
1245
40148
3798
27478
4821
38304
6271
53024
353
8880
1884
1341
2363
3016
7767
8645
7285
5446
105197
3745
