user_recommendation
318
296
527
50
858
593
2571
260
356
608
2959
4973
2858
1196
4993
7153
1270
912
1197
1682
7361
5952
4306
47
2762
3578
2997
4226
1221
1136
1198
111
908
6016
904
2324
4963
1213
2028
1193
58559
899
1208
589
953
1704
1210
1732
4308
110
3793
6874
457
1393
778
1291
2692
32
32587
293
4886
1304
1961
150
6377
364
1
1230
6539
246
1240
750
1207
36
913
1252
79132
3408
1203
2396
48780
919
969
60069
926
1097
745
1204
1219
5989
541
4995
1103
33166
475
1247
1206
3996
1293
1947
5902
48516
68157
3147
1089
922
7147
2791
8874
1259
588
1222
1617
109374
1307
56367
2918
497
903
2797
78499
5995
1172
17
4011
1968
3114
3897
1278
46578
910
3481
1267
3255
923
994
39183
30749
5225
3462
920
2186
8873
1199
2443
68954
1035
57669
515
2804
8961
7438
595
1945
1276
3916
1250
5418
2580
3386
49272
2019
555
1625
1265
954
134130
1939
898
44555
2064
3186
3949
2291
2329
6
1835
2541
2599
1148
1080
2357
474
44195
1084
3317
1500
1407
4027
2700
5010
2076
39292
11
2716
3310
1950
61323
6787
54286
1280
3104
733
1248
235
1952
106920
3730
4235
25
1784
4054
3825
134853
508
30707
48774
1214
1394
1036
1234
1225
480
4016
194
5669
1251
68237
924
50872
81845
1212
2731
6942
2132
1231
3742
1358
2125
3536
955
3724
8958
1641
122882
3471
70286
58
1217
1228
2501
1376
3435
64839
5444
3196
928
6502
46976
1258
2726
2321
1220
72641
7090
86882
76093
971
1580
7265
2739
1256
36529
3362
6711
44191
4896
1411
6985
223
3361
108583
2871
357
56782
720
1183
866
1296
29
1876
1948
1060
115713
1299
8665
265
79702
2648
2289
88125
1610
2300
1088
69757
2890
3034
1246
1305
7502
950
1090
1077
8368
3969
27803
44199
4878
104374
1104
800
581
671
927
2078
26242
8228
8981
34405
112556
1748
59315
3684
3504
2176
62
916
128360
1466
5017
2863
4979
319
648
529
82459
1147
55247
94959
261
2971
7116
2961
2467
2303
6001
1189
3260
594
5992
7419
16
838
7371
2268
2843
1223
3363
8254
2897
2248
5618
63082
7136
306
2908
1262
2000
37741
1361
99114
81834
2542
1946
3510
1215
628
151
938
3671
6987
69481
7099
1237
86504
152081
3735
3868
4034
1285
1674
3101
115569
3167
122904
105504
112852
1254
3083
7669
4967
38038
5782
3683
1303
2066
6918
1073
5238
3507
3896
6662
3424
3989
8970
3798
37729
2203
4262
1244
81932
1282
1860
3983
1967
5878
3468
2761
4914
5341
2232
31658
165
8955
1653
2917
3060
105844
3755
2243
3176
48394
5445
2351
3246
115122
106916
3879
3152
3546
55820
663
2068
754
69844
1834
308
2202
1729
41997
55276
931
8042
26729
4037
6777
4085
930
116797
1356
1235
4406
1201
46723
2144
230
49530
5971
1680
6530
1094
7087
81847
1271
3307
1374
4809
1264
34
2109
1953
7698
100383
2018
3038
40815
921
2644
2732
4277
81229
1754
40583
5377
2005
2139
945
175
4422
51255
1175
1537
7836
6643
905
3911
40629
3198
3677
34072
1284
7132
714
1333
1916
2925
911
1810
55052
1218
66934
1177
1964
4661
2948
3686
140
1200
3865
2947
2285
86
4361
6869
534
2819
1078
3359
1957
4410
8264
8261
5475
6021
104119
101850
26501
53887
96075
26797
74089
32898
86487
4428
58649
55063
8123
163949
150856
114464
112577
2283
93840
112552
337
2245
91529
3035
79428
272
3108
3357
1066
123
3872
538
2946
88810
2020
53123
3252
2302
3067
31410
6218
3037
93838
1635
108932
4903
7360
1962
4427
4369
8132
2194
1029
1693
41527
7459
5385
3275
232
4238
7215
94466
3007
2359
89804
3543
1287
348
902
3746
31878
26084
6724
1885
3153
4969
6881
106782
2763
176
3089
3270
92259
3175
1584
34437
968
7771
2071
3952
25769
112183
680
2081
161
2115
222
70293
25805
5105
7981
1936
901
68838
80463
1994
48696
2420
116
5876
4263
45950
7587
349
3100
8910
575
2105
8966
940
8972
6333
8973
8711
6077
7072
492
122886
40819
7075
942
72226
333
1211
3134
55253
8360
1028
4432
2141
63876
1958
909
4537
4801
373
58803
6852
6125
106696
3095
2728
2929
7091
38499
8950
77846
98961
1096
87232
1020
7263
7088
8645
3082
6796
3467
448
2664
1354
3505
3545
5446
233
2987
3702
2352
6281
1357
6273
36517
1269
55274
3910
7285
2612
37733
6773
107
3088
1023
48738
2924
5103
52767
72998
3019
1061
1238
59387
3201
8638
96655
47099
368
6299
6639
88129
7137
7156
6101
3469
76293
6350
1913
68358
1941
1552
80489
60397
2690
4349
5816
5630
2454
2070
2353
3831
3077
73017
3699
1081
27660
8533
96079
3498
99145
7833
48791
79824
80839
32289
41573
68269
1202
4218
97
224
104841
2920
56152
7022
2916
741
280
7767
440
1288
907
3414
1179
1292
41566
6783
56941
53024
6271
38304
71535
6552
85
79242
7700
7766
1162
8542
8125
5114
6003
1935
3475
1719
5013
1257
3476
97752
1527
45728
7943
1616
8580
127152
50068
34338
64716
5291
215
914
1192
5772
2490
3451
4437
26178
96811
1429
7566
7478
3478
943
309
915
3245
670
6611
5633
1955
377
3298
2391
2579
4404
5062
7123
2117
4912
1178
1099
27846
7089
3638
5414
54995
4623
7070
4351
4465
1260
6380
3594
2363
97923
49824
8979
61357
72720
91077
5903
26524
1594
2941
5801
105355
105197
1694
4019
8492
3966
148626
32598
47629
95135
75990
1652
94931
45210
87304
127164
78039
110752
7300
47092
120821
6133
1475
7126
112735
50245
7111
56607
56805
25996
27812
26323
26505
26147
25999
98154
25945
25882
128606
112399
101895
30712
97673
26350
8572
4821
58879
5088
151307
72367
4927
3745
2278
937
1340
1343
7487
668
342
55069
140174
946
84152
8949
2935
3624
2010
806
142488
7084
2067
171
477
178
5812
3615
4546
247
59018
471
661
3200
8477
7069
