user_recommendation
318
296
260
527
356
593
858
2858
2959
50
2571
110
1196
1198
608
589
1197
2028
4226
1136
4973
1210
1704
58559
1270
1193
293
457
4993
912
1221
1089
1
541
5952
150
48516
1213
1617
7153
47
364
903
1207
7361
6016
904
750
1252
111
1036
778
2762
919
908
3147
1968
4878
1201
733
2918
969
1219
590
1259
1291
2804
1240
55820
1214
68157
923
2542
1225
4016
1200
2502
1682
1732
1222
2997
1258
1203
1148
913
1276
2064
57669
2329
480
116797
2396
2019
899
134853
745
44191
1206
2599
32
2395
1208
265
1265
5989
50872
924
1183
11
1580
32587
1172
40815
109487
6502
1288
1625
910
79132
59315
4011
49272
39
109374
6874
1223
2324
5618
246
7502
349
56367
922
266
1304
1228
1212
3000
2692
4027
17
1199
720
1674
112552
89745
832
1246
78499
5995
8874
68358
8368
3481
1080
905
1947
497
3996
99114
3578
35836
5816
5010
953
524
3114
31658
162
96821
76093
25
68237
1077
4963
1285
106782
508
16
46578
81834
73017
5444
222
2917
509
534
951
27773
474
51255
307
79702
3703
1923
69844
6863
2761
1209
69757
368
3421
58
551
88125
272
1284
104374
1449
62
914
72226
1079
471
146656
950
5060
588
5673
1673
2318
1254
55267
106100
4995
33660
501
98491
93510
1250
1060
106920
926
3044
515
104913
3095
8208
1028
54001
115713
280
1680
909
81847
1235
1387
1230
1175
94959
3462
1262
7027
110102
65188
161
475
1263
40629
805
898
81591
780
122892
3307
115617
1394
2248
920
3653
54503
2501
1884
2359
2746
71264
85774
5445
2115
97938
1233
73290
102445
262
306
142488
232
96829
34405
1211
36
6807
56782
728
2076
6711
151
108979
1035
2467
106438
2010
555
1287
1356
4848
112852
81229
105844
2875
2908
1178
535
1086
48780
1358
223
8970
946
54881
44555
81845
1953
122900
2664
1272
1192
261
96588
112138
2081
6754
54286
30749
2871
1845
33166
1374
7090
2288
1256
68954
1188
1266
2208
4034
67087
72641
1643
59784
7064
2987
84152
54259
916
1248
648
102993
49530
2529
2073
81156
5903
1103
3671
1132
928
91542
4299
77658
3504
6
107559
2935
3007
595
100556
1073
3916
907
3006
1260
106441
6350
1237
99764
1029
1247
1353
1500
3910
8132
945
1264
2186
2137
3020
3606
98961
1267
5146
3683
67997
1834
24
1954
7147
1275
5669
93443
1227
4979
63082
55269
5377
3730
85438
1185
152081
1641
2938
48698
647
63131
72171
911
97304
1611
5785
5747
26084
1186
127152
111759
107978
139116
96728
6732
79677
133771
127108
74754
96467
160590
128620
86000
139757
148881
86882
4223
64620
3435
31410
69
1610
5971
61132
1584
3365
3200
3897
64839
2289
2106
596
106489
1281
2971
134130
29
954
106471
52885
1960
2973
5291
930
69481
3735
5956
3083
2291
3360
7371
8961
1261
3363
1131
99007
3259
440
1927
119145
477
2150
54256
102123
1945
112515
44195
1997
88744
3160
3359
7013
3196
44199
3030
60333
281
45950
892
933
3198
2570
98809
140110
64716
2125
7063
58295
994
1217
33493
3702
838
2797
5056
5114
51540
1283
1234
6283
8607
492
2297
741
1301
968
26776
1994
88810
6959
3508
2391
3035
93838
58047
1333
3545
5418
80463
38061
47610
915
85414
1273
35
3081
5812
2005
494
7827
1296
92535
250
2202
451
2716
2303
1961
837
4450
6331
48783
88129
2937
141
2788
3546
97306
104841
86377
49651
4679
8370
2580
7235
34
3358
81932
3386
3256
1959
2490
3742
5991
1405
901
81562
50068
2302
300
115569
2184
53123
1012
6380
54997
105504
3868
57368
1189
27846
3168
56145
230
2970
55442
3089
116897
3471
943
51412
26151
63853
48322
5064
112175
1939
92259
4873
6773
74458
1292
902
4499
6001
522
1202
531
30745
27592
1608
112421
86504
2357
6713
3034
1957
106696
529
27611
2300
68073
93363
88140
55250
3134
1619
3201
7569
27156
91529
79139
2366
3654
2108
270
1527
4459
1269
194
2677
2138
154
347
1081
98124
2232
3362
3448
146
1251
60756
54281
61323
51935
89904
74946
2287
1411
62081
4304
207
4483
2268
1257
1049
1300
7373
1249
441
44665
57504
3548
2144
3072
4321
5630
73321
1330
3022
156
1299
106072
30707
4896
3420
99030
148372
64660
129313
79469
107649
3202
5121
153584
107447
141886
80717
68135
3639
5690
2409
3167
8366
99813
2058
3252
55721
218
594
55274
5882
1357
3350
5446
39416
7773
110873
92210
4327
3739
6273
7116
7263
562
1888
4306
2331
599
28
106918
289
6269
41
1180
5103
4438
1023
3396
2690
8154
56775
1729
6377
4033
2739
8798
56152
40414
108932
538
428
3068
73
3535
5878
57528
100714
59995
81564
5791
33004
61236
3786
7256
1243
33794
87306
4642
1361
87232
3037
13
56251
7137
6565
4235
866
2795
1220
1242
116
2920
85179
8807
52950
26524
8938
36525
1934
26649
117529
6796
70286
1147
38038
87222
97866
235
2718
3811
49278
5269
112623
3638
89804
1280
85342
98122
3633
2774
67788
7163
106766
80906
5400
314
6104
32898
9010
45666
2160
3476
1921
1552
361
30812
58103
96079
2872
68269
52435
3310
2736
104863
353
55069
130520
32596
4765
2406
86347
3967
71462
3505
8228
6539
53550
117192
3510
2344
90428
26599
4427
4252
6235
91673
7932
2712
6156
927
64034
2352
45186
122886
93721
80969
94780
91630
6669
6879
6244
48738
38886
2278
91658
73023
390
4914
3911
1082
431
2148
973
3949
104069
9018
556
3246
1218
95167
101
429
56715
101741
110645
3148
7132
2925
206
3088
25850
4010
835
1204
4506
26729
90061
4755
613
2563
26403
26007
84944
7156
27803
3062
2203
135567
115664
26326
4799
39292
1177
52287
122882
322
111781
92420
132046
5463
59684
65037
31435
107081
32525
1946
80748
77561
233
800
76173
53000
35957
3984
4366
96737
2371
90746
3529
6187
6659
1215
26614
955
133419
290
90376
8645
3203
2463
109578
8981
59118
900
107406
66246
