user_recommendation
318
527
296
593
50
858
356
260
1196
2571
608
1221
47
1210
2858
1198
589
1270
457
2959
150
2762
110
4226
111
58559
1089
1193
912
1197
541
1213
4993
1704
750
2028
1208
1136
480
1225
364
2918
2692
48516
1252
223
300
913
32
923
1222
246
1961
2791
1240
1228
595
1035
509
1
1291
1732
590
6
924
293
5952
17
778
1617
919
1288
1206
1265
2268
904
16
7361
6016
1233
1220
4011
2395
474
1036
908
969
2542
1219
3421
1259
1682
2797
515
1207
1276
235
36
1247
1060
1073
4878
2716
1203
2502
2804
588
953
337
2329
2599
3578
1201
1148
3897
79132
1304
44191
1079
5989
1230
1097
2396
3006
1394
25
4027
1968
2300
497
1214
899
1090
1250
1262
3462
2019
1258
2289
4963
1172
1278
508
4995
4973
1212
27773
1673
3072
1272
2324
529
162
2115
3114
307
4034
3552
78499
2064
306
534
922
357
1287
57669
54286
1280
3147
1357
229
926
2231
1234
46578
349
1080
1267
1387
898
1610
745
1242
2997
2359
2248
1199
1500
55820
3671
1466
475
1393
54503
2529
3000
308
1256
1095
2005
1204
1028
1257
29
866
720
2355
3362
671
1293
215
1200
838
5418
3735
951
3435
5445
7153
59315
33166
4979
8874
1246
2243
48780
903
2318
109487
1217
2232
7502
2194
628
916
1960
994
905
1354
230
8665
1356
1584
50872
911
1663
247
1244
56782
2081
5995
1299
70286
109374
51255
4623
928
1179
4886
4306
2987
1273
1266
3996
1094
1238
3030
68954
175
5902
39
471
49530
1784
921
222
1223
8798
161
3481
31658
594
968
1945
2916
28
1260
501
44195
1344
49272
35836
3952
51540
538
373
68157
68237
72226
1086
1834
1912
3683
3868
30749
2841
5064
106782
2186
1254
3033
3363
2467
2973
1178
2572
76093
3468
1927
1963
3730
281
2687
79702
3949
1066
5060
1084
2580
8961
524
8368
3504
2501
1537
1104
1231
1953
1032
52885
58
86882
1041
5291
4103
5673
733
56367
88125
587
1674
4014
1218
2871
3471
1209
1380
99114
5444
104913
194
40819
2917
33794
2125
2065
232
3469
4720
3203
265
1031
1023
368
2105
1449
1997
555
2278
954
61323
2863
2288
2908
22
1211
5630
2096
339
4901
910
494
262
5618
1429
85
1077
7235
535
1827
2144
1639
40815
1096
3246
5816
319
1954
1147
69481
4085
6874
2947
1952
728
348
6807
1127
3089
2750
3307
5782
1059
458
97
1719
1688
2080
67997
6539
2890
6440
3910
3360
5971
309
1269
34162
6001
2985
108932
1748
26776
7090
8917
41
5377
2321
3706
4037
1923
2416
8636
6979
441
3020
1916
8464
2366
102123
1296
2620
69757
8132
2403
6773
3448
6796
4235
54881
326
71264
26614
123
93510
81834
178
2291
907
82459
3219
1019
8228
1694
3408
1967
933
1088
2000
3983
4641
1192
2739
2114
741
945
63131
6732
2624
1343
3317
955
1283
69844
1374
1281
7156
47610
3198
280
377
112852
141
1185
2011
1249
1112
80463
81591
50641
31878
2944
6787
1227
3543
97938
1057
3252
1300
3088
38061
89492
94466
4896
65261
1580
514
5500
3783
1333
92259
4571
2728
7063
54997
7616
8370
2363
1957
759
1944
1103
1895
680
3019
5991
5103
2140
6932
8970
2118
86
2348
96829
314
27831
2137
51662
21
3499
4424
39292
7445
1693
146656
6565
14
3035
2202
30745
27592
452
3095
2952
40629
106100
902
4327
3200
34405
1131
81564
428
1215
2078
6104
1245
3037
112552
764
6713
1616
2485
140
4239
5225
2929
3527
127152
361
32587
1085
1873
5159
2924
96079
7263
1292
1263
112138
1150
8949
73
116
115617
59784
4211
3510
322
3160
65188
151
4848
5954
27022
543
906
4326
89745
233
81156
2336
100556
3967
915
845
30707
1913
766
96588
4855
5785
4873
1946
900
1527
1686
106920
2745
1408
44761
1224
596
4821
1022
800
2761
4033
7802
72171
3507
599
5903
122900
53129
971
2130
3703
4814
115569
5108
920
139757
64839
3743
7132
1653
1950
1321
1658
3365
30
3417
48698
3606
110102
2788
1282
73017
48738
1358
3963
1625
930
2195
7139
98491
93443
2951
67087
1641
1729
8638
3168
5135
3396
1884
2430
6323
3546
616
7022
3263
465
380
2712
250
159
26729
3260
133771
112515
4047
73290
96728
2017
8542
8933
213
99764
3429
52952
69
938
483
41997
104374
96467
8641
531
139116
107978
85438
74754
128620
86000
148881
127108
160590
79677
54256
80
3270
4867
4128
2707
2391
1620
950
3359
140267
1962
2109
97866
1050
7386
39446
3358
3341
131724
2287
1934
3742
36708
1939
71156
1099
97306
2779
1938
7091
60333
1030
171
3702
3083
4322
3196
53956
55290
1948
7451
6957
73587
4914
1699
1892
44665
5152
116797
931
2020
581
2686
363
8157
7256
6711
491
4361
2303
30810
4465
4054
2474
5299
101
81845
3107
1264
1061
1049
34435
8910
1366
633
272
1305
76251
2102
4369
1635
3265
144976
4489
105504
92535
38886
5662
3071
3067
55442
77658
3150
66097
55908
3494
4002
59369
946
3068
3022
257
116897
85414
492
2948
5956
1940
97304
72011
176
3342
3681
68269
6375
4688
787
1237
62
53550
128360
81229
7099
27660
1235
431
68135
5244
60293
85342
93855
108583
93320
8340
8530
122890
440
2872
3911
375
167
562
5056
80489
2138
6975
3825
3007
52604
52
8807
1942
81932
1414
115713
7649
8207
2046
79357
2829
3201
6502
3869
1261
62849
2208
27721
4519
850
7013
84152
8950
38038
1680
81562
5679
3070
5522
1964
3594
3915
1307
3871
61024
3653
3102
3152
2273
805
4321
4263
51080
55269
5812
64614
3629
3334
1566
3060
3791
3044
88744
42004
2983
3508
60756
735
2344
91653
7894
261
2087
1046
111759
46322
1175
8937
2664
54281
48304
5121
2846
57353
1365
2282
2670
290
2690
7438
3038
2729
2925
7482
4799
362
3696
80717
79469
129313
