user_recommendation
318
296
527
858
260
593
50
1196
608
356
1210
2858
589
1198
1193
2959
1221
912
750
47
4993
2571
1270
1197
2918
2762
110
4226
1136
1704
7153
1089
150
1
1617
1208
908
1213
904
1259
3578
1036
541
111
1228
364
1073
5952
923
903
2028
457
1240
595
924
293
1230
2502
36
1225
1214
58559
913
969
590
745
1148
778
926
5989
919
1252
1961
1732
1028
1247
1265
899
1079
6016
3897
1291
1206
2692
2997
32
349
2324
2804
1219
3147
4973
1097
2329
46578
48516
3114
2019
1250
1080
1199
4963
1304
79132
337
1610
3671
1258
44191
1220
1276
1207
1060
2268
2542
2599
5995
1968
2300
17
1035
898
922
2289
1953
1278
1204
555
1203
2396
910
1200
223
16
2797
509
7361
3421
474
1288
3868
4011
3471
2791
1299
920
2291
1212
300
2716
1233
4878
953
1287
1234
1527
2395
3362
1172
671
3462
1682
1500
4027
1090
1387
1262
1223
1215
1293
6711
1077
1096
1673
68157
2194
720
8874
78499
33493
48780
1222
5064
3072
56367
1952
1256
2144
1625
8961
4995
955
1307
3039
56782
246
6
480
2064
551
4085
30707
3435
1267
2700
3730
39
2739
55820
3735
59315
1343
3481
377
6874
588
29
7502
3683
2580
1356
2467
3996
1394
7132
2712
2795
1031
4034
2132
68954
1235
3448
3361
3198
2366
1263
2115
32587
3499
2243
471
380
1264
106782
1217
1333
741
57669
4308
3814
2359
1084
109487
628
1269
5060
2973
1476
1272
33166
2076
8542
1147
968
1945
1266
106920
2971
2908
581
1361
64839
866
2524
1960
1086
5225
508
232
1305
905
1095
1580
74458
1641
1285
1254
11
2303
4306
4623
1959
3030
70286
2355
1209
1246
928
116797
1179
363
2917
3101
6796
1292
49272
3167
1393
81591
194
2318
1674
134130
96079
1466
1244
916
2020
8641
1094
63082
33794
2788
8949
115617
3067
4886
1192
3359
109374
1175
280
529
3508
2096
543
599
2160
4361
8807
1283
1284
2664
2231
2648
3022
2463
1956
4007
950
54503
3033
3317
3724
6104
52
1201
45
1120
4321
5152
86882
5418
3363
2137
3355
2871
3552
62
4327
1947
2951
3418
25
1191
45728
3468
5522
5956
3200
2288
51255
2186
951
1127
27773
921
4014
38061
6863
2005
35836
7091
6662
3068
911
162
1948
3275
373
1242
1260
497
2278
3635
3504
92259
3246
1464
1584
954
6787
1227
4262
3152
1374
1411
1178
2657
3272
3256
2459
663
4799
1029
59784
3213
1927
3967
2321
3006
3949
81845
105504
3088
5618
1719
1224
3168
2125
2313
3034
3252
1663
5915
733
2203
1994
785
2108
44195
44665
3019
3788
50872
326
5630
515
27831
3469
1257
2985
6375
132333
2138
3507
5444
7438
93510
1639
4235
1729
3135
3546
2693
6539
34162
73017
3681
2612
1248
946
116
8798
8981
6807
1251
104374
34405
3000
5490
5669
2947
800
81932
2248
44199
314
930
8493
80463
501
30749
2987
3037
594
3060
538
2761
2232
4103
2245
1237
909
1023
8228
1955
2474
1649
235
2553
6188
3342
6893
54997
1059
3679
91077
134853
348
105197
534
2644
3424
106438
6732
3102
1019
3018
5500
1296
1103
51540
2398
3307
2208
2067
2926
28
3952
82459
8368
307
1280
1104
112852
54001
36708
7116
91529
91658
2594
4322
230
3016
6565
5782
72226
2863
1963
87232
3763
1012
1125
2991
233
3201
7320
945
3524
54286
2118
3429
3879
3104
2976
1348
112183
2696
1396
104841
1302
2726
7013
1537
49530
2944
1799
7894
3725
2495
104913
86
2989
3494
4037
88125
1784
585
3396
6870
7802
4029
1081
89904
2686
3793
2442
3551
272
1057
206
3510
4734
3036
759
40815
30
115713
1274
1734
121231
32525
1186
5103
942
2018
319
6502
97921
3083
4450
27790
6979
48322
2130
914
1946
4188
1392
1688
1376
3809
110102
1046
475
3134
108932
85
2746
2087
2988
1041
766
3536
3044
88129
4009
97938
2105
89745
2140
1615
229
4396
51662
4002
76251
6440
514
8958
54328
2111
299
69481
85774
3095
2725
1463
2949
441
7247
1635
1997
6273
7706
80693
71033
2455
1218
2728
2929
2361
7254
112552
40819
2901
933
1629
102123
21
2721
54259
3310
2501
8665
67255
1449
2165
3038
3526
1366
149
1189
99114
3770
3451
30812
1680
492
80489
7022
1653
539
81564
1341
4223
69844
5014
6947
2109
3112
96728
111921
112138
1271
3728
3545
6957
1954
3024
6378
103
2267
94959
3253
4019
71535
7451
3529
4821
1912
2687
7767
832
7087
2912
3358
1128
39292
3672
2131
1904
3476
184
97304
7075
1238
2327
36529
5679
41566
26729
79702
3263
2916
3837
893
621
2982
3757
3021
3851
1771
567
341
1655
2945
2465
3281
1531
3840
1312
183
1543
7669
1130
47610
42418
1678
55908
422
30816
931
6296
596
1135
1516
41
1326
5971
222
2337
2935
4128
2348
1991
3397
2419
5114
122892
32898
4432
2752
80
2083
106489
312
5540
5876
3983
5008
2682
907
107
1950
1480
7137
3274
5812
5049
1554
266
3194
4239
3015
96829
101895
4720
1066
428
1177
81229
2177
902
2490
6993
2085
2166
2993
2550
988
2545
61024
6708
3917
3741
42004
86377
4179
3035
2093
2924
994
2572
49
3807
4263
1281
4054
6791
322
1614
1921
7285
4816
2090
141
971
5992
938
3638
6323
421
952
3702
2107
4117
1845
1357
3153
156
102445
240
4326
915
1187
2919
96821
1913
85414
5238
63131
1185
1022
6669
2434
2357
4465
3639
3391
1034
80219
7419
84152
1249
3210
2946
81834
1279
7445
134393
4033
8933
2011
6783
4422
3557
106696
50068
171
3457
4755
90061
2010
190
106916
3653
1964
6786
1483
89470
62849
103235
1231
879
8132
384
3989
52973
88140
106100
2968
2732
5055
3498
3360
6724
3203
900
6942
7256
2920
3739
1419
3734
3196
345
3249
1345
1047
6350
45499
103141
3244
135861
134881
140
390
