user_recommendation
318
527
260
50
858
296
2571
608
1198
593
110
4993
1196
356
1197
2858
2959
1210
1270
7153
1136
1704
912
1221
1213
778
2028
5952
111
2762
3578
541
745
1225
4226
908
457
1193
1089
2804
47
899
1
1203
1252
4306
1291
1617
588
590
58559
969
2918
1148
32
2692
589
953
79132
913
497
904
1240
8961
4011
595
924
1259
4973
1527
246
1580
2329
150
750
1304
4995
364
58
1674
923
32587
4963
1276
4886
2115
1954
1234
6539
2324
898
1258
1222
1199
1090
2019
7502
2716
903
3793
1267
3147
733
1682
1953
1272
1079
2599
1214
6
1212
3421
1230
954
4027
911
480
910
5989
5816
368
905
68358
5995
7361
2064
4014
628
1084
1299
6377
2096
1204
515
440
1307
919
55820
1246
1223
1200
994
2542
33794
2396
5064
1356
1220
2125
319
2797
1060
6787
40815
2997
2502
1247
491
3114
1947
1393
780
1269
1961
1207
950
1997
349
1287
1968
59315
2690
3471
6732
2081
6016
1250
1262
4896
3088
1219
73017
916
551
2194
54286
1321
555
48516
1263
1218
69757
1271
1265
253
1302
900
2490
3006
1206
1284
44191
1228
1374
1962
141
89745
62
5444
5618
1610
21
1215
1584
8665
3996
293
474
2501
162
7320
6502
1036
109487
1254
34
1201
805
76093
3363
5991
161
2278
3481
4007
25
337
116797
69122
17
2005
3044
30816
3360
8880
3451
102445
348
3035
3510
2712
1086
951
1288
1387
1188
151
838
2572
2202
81591
3791
56782
3994
1073
5299
945
1680
2186
2788
74458
2352
1296
2023
8874
1957
266
2359
942
28
1500
5055
2406
2080
306
1028
1080
3359
8970
4878
458
1185
86882
1594
3307
4641
3175
2467
30707
2973
5010
1278
3897
2846
3527
29
5152
4188
2863
3071
33166
1411
5445
57669
2580
1282
1333
5418
85
3952
1231
940
1249
1688
2779
69
535
68157
1732
92259
56367
3675
81229
102125
34405
477
2968
1649
2795
2792
6796
71535
112852
766
1257
4466
4945
3499
471
280
50872
1192
247
4874
3949
1172
1343
524
1945
6711
926
2321
2020
79702
54259
1256
928
4235
232
194
1177
4019
49530
3081
1021
6754
27773
2248
3435
7147
6413
1358
1227
2302
106920
2819
54503
1095
3927
63082
54997
78499
3362
262
104913
3606
3101
594
1916
3160
11
2872
2734
955
1066
6218
2160
300
1233
77561
3111
2739
8641
91542
3548
106489
3505
51935
1242
1293
1956
508
67087
800
475
2984
8368
8807
2083
4086
1357
134853
2944
4054
671
5903
6378
2924
72998
3098
1948
1211
112552
1088
69844
933
3671
7156
3683
81847
68954
16
914
88129
91104
134130
98809
4802
2144
3358
3317
109374
1927
850
3512
2746
73321
2011
2917
6776
261
3034
2087
175
290
4002
91529
8464
74727
1208
3365
2067
39292
1361
1959
529
3617
36529
4016
4799
500
3263
1020
1950
1243
3424
3328
6350
3213
3706
3980
1292
7373
39
920
68237
7293
2841
100
1022
3701
1466
5014
94959
1729
5034
3007
54001
44199
1982
56152
1132
5956
96079
51255
1354
7143
2268
3284
4046
5301
907
5060
3368
4239
934
47518
3730
3836
3910
38061
3967
968
36
1537
27790
2137
30812
4095
3420
1274
2318
6807
2890
1094
1261
3095
48780
222
299
2203
534
3418
8644
131724
2231
218
4967
27721
8535
6863
971
2946
1330
272
3612
431
58295
3083
7087
965
6942
37729
2971
3000
3911
33004
2423
861
52435
1077
7380
71156
115713
4326
4321
5812
60756
4958
30793
1078
4369
922
6333
3178
1248
55451
2724
81845
3246
1097
73881
47610
581
5630
1277
509
3653
7569
1484
52458
40629
4223
3565
6993
2871
1349
3521
141668
50703
88810
2488
1175
5218
4728
1834
31878
119141
6104
203
2078
1913
2961
7669
2288
2009
3448
3334
3152
6957
34153
2300
1614
89774
5782
1237
6979
3259
720
938
3508
224
1209
1449
35836
96821
80748
123
4034
51412
118696
1380
3061
3450
49278
4378
30749
7386
353
3916
2304
728
3251
1907
1266
7090
72011
5673
1217
3735
599
223
1348
930
1653
2935
99764
55269
3477
73290
1224
7075
1232
2670
5168
44665
63131
5146
2761
1120
1958
1273
8957
6156
4979
373
3033
62081
1967
2687
2138
48304
1255
932
2371
71838
1592
1788
3925
1189
7263
1264
1859
1846
3008
2682
1809
2585
2673
2427
82459
4848
848
3104
454
7256
110102
1147
55250
93363
5464
6743
127152
1611
1280
7212
56949
1032
6662
2474
931
3159
190
5971
40819
7149
3070
866
27831
2289
6959
33639
1013
26614
1960
36931
27724
74946
4427
5882
4033
1171
3062
3176
3038
3654
102123
3569
3219
86332
6385
1131
4787
4263
2459
38038
1934
37741
2344
53129
139385
6405
2336
267
4465
64285
40278
1672
64034
99728
86548
90430
2012
412
64620
5669
7355
5380
108932
6586
33493
2151
8798
7451
88140
2357
1464
41566
2938
1552
94018
8645
6659
3198
34332
428
3594
6879
71264
3068
64839
3684
59725
3341
446
7720
2280
3599
97304
115617
96728
4557
1275
86377
3396
1405
1635
56251
2069
96829
4571
4467
8208
5629
233
57353
67255
54881
75440
7481
87660
55031
91094
3201
49286
68159
59810
2303
78209
68073
27611
122892
6565
5540
46578
93510
86
72641
215
59784
892
4187
5446
3920
3966
700
52287
632
6870
1041
8636
2520
2948
1946
31903
5414
31658
1260
3896
2291
2394
34072
1694
31433
62718
915
5337
112515
1049
53
268
2360
3355
122900
74510
5888
35957
1173
73106
3265
84152
100383
1801
613
3037
909
112138
4406
36517
6183
31026
8580
8712
6536
42732
6493
2048
4169
6355
3089
25850
62374
1285
4128
3200
40583
6620
54328
1344
51471
31116
4304
2874
1082
104374
111759
58347
5300
1569
72171
2070
35
62155
4734
4880
1226
67408
946
2208
3788
6235
6323
1944
7040
6932
3270
57504
7579
156
48698
1566
1281
100556
1792
66934
1964
3543
45950
31420
36527
