user_recommendation
318
296
527
260
593
50
2571
858
1196
608
1198
4993
1210
356
589
110
1270
2858
457
1221
912
47
7153
2762
3578
5952
2959
1704
1
1193
4226
1197
293
1291
541
1213
1617
2028
1136
2918
1036
111
2329
58559
919
3147
908
1035
595
2804
1259
1240
1214
1200
1089
1208
2997
904
6016
480
48516
745
7361
5989
778
923
4306
588
364
4973
750
2716
1968
46578
913
223
32
899
337
36
733
2502
2797
150
3897
1732
79132
1220
2324
2115
1204
6
377
3114
1148
2396
1247
1222
1250
4963
1199
246
1219
969
1610
349
1060
1343
48780
1073
1580
1228
25
2791
1079
2542
4878
1961
555
2599
17
1230
4308
920
926
903
1258
4011
6539
1288
1225
16
648
2081
497
1028
1212
1252
2692
5669
78499
6711
551
2064
8961
3481
4886
1246
30707
69
2917
1393
5418
1223
1682
474
6874
59315
1207
4027
2300
3996
3039
1307
44191
32587
35836
1527
3949
109374
4085
1784
4034
1265
1233
2395
2019
1206
910
1203
1084
380
8874
2194
5995
4995
720
5444
1285
1287
3462
266
922
6377
475
112852
953
54286
1080
1090
1952
671
1215
1262
1096
628
1276
1266
1500
300
1584
1293
161
2268
44199
2000
1272
7438
68157
898
1356
4896
1097
1234
33493
3552
70286
265
3362
3408
5816
56782
994
1269
1278
27478
2700
6502
1088
1304
68954
50872
2005
64839
5679
2243
590
1256
1263
1077
553
1172
7022
33166
7502
2076
3916
235
1680
3435
1953
1673
3072
2871
11
4007
4720
106782
8798
2739
5618
5064
2291
3253
3868
1625
3034
3468
1357
8368
106920
2078
8665
515
1960
2467
1466
1242
6188
48394
2137
1945
3671
232
471
3006
57669
21
2186
1231
3735
81229
2863
194
1254
27773
1267
63082
3317
911
4128
348
3730
4623
2580
900
68237
905
2132
2761
2289
2144
1674
2359
3363
3952
333
3256
3201
6979
2916
76093
4489
6378
3499
2303
1120
86882
3198
175
3683
3361
539
216
62
581
6796
950
1261
2841
116797
7143
41566
51255
280
73017
8981
2690
80
281
3948
916
1299
1688
1179
6870
3160
2938
55820
1597
428
30749
3469
1374
3033
74458
928
3424
3152
1641
108583
5782
5630
2353
69122
3104
89745
5991
1264
1095
3702
39
7132
3418
2278
2985
86
96079
1754
3088
108932
2366
2391
58
28
954
134130
81845
838
122900
88810
4235
99114
45728
535
4103
741
2231
64614
2318
7802
1663
1217
1959
440
1939
8542
951
29
1249
44195
3471
1281
6104
6565
8622
59784
1094
940
1103
3275
2463
3536
3510
53123
140
4105
2929
5146
942
2924
8949
97921
3095
4239
40815
151
98809
1032
56367
1948
27831
104374
6662
7075
477
49530
3703
955
3252
3101
5500
81591
1031
7419
3429
47610
1411
2712
213
68358
79702
543
94959
128360
1147
441
1283
52
1950
2232
1964
72226
8366
54259
1895
508
921
3213
2501
80463
51935
2490
3081
2951
44665
5108
8638
529
968
2648
2971
115569
2140
115122
88129
147
66934
2687
3246
38038
3175
1957
2944
4821
2406
7767
5464
105504
306
82459
927
88125
2105
3793
3788
89
69844
81932
6003
373
7087
866
5902
112
3153
6942
3421
3504
2394
2474
8908
104913
6791
7649
1192
49272
759
6783
89804
109487
509
4014
55052
2125
261
3507
1719
3357
1023
81564
8228
599
112183
95510
1537
37733
112552
7099
7091
3871
86504
45969
2920
491
230
2694
524
4010
5970
3551
1224
87232
3801
5103
3751
3035
115713
938
52767
34405
92259
1997
51662
27022
1962
2321
8807
1449
215
88140
458
2011
347
2357
2423
4277
3359
56339
34162
69481
3983
233
492
2150
1946
38499
2273
5956
1333
8580
2644
946
2202
110102
1201
32525
971
2987
4179
1218
2846
735
79428
2355
538
1185
42004
122892
1305
51540
7844
97
59018
7285
81847
2686
2664
54997
5014
6187
104
3967
1292
534
6350
307
7386
71535
1944
6296
106100
1019
65514
3089
5159
1099
4321
3743
4867
59418
49280
26422
4369
96821
1227
2020
53318
81834
3545
8633
909
2763
2726
1729
3038
2459
106696
8132
4117
2732
4037
26152
93838
1361
72641
7116
7566
8933
3019
3341
44555
2138
8950
3203
85414
2208
3745
4002
56587
1927
4016
1834
4086
2141
1271
1015
3067
4033
1041
322
85
34332
1022
4696
4450
6659
4029
6754
2780
2947
3360
8972
3512
6773
5876
6618
6786
152081
31658
1354
1694
1086
52604
3270
101
368
89904
3200
67734
1376
100383
7451
54503
8711
6077
6959
6155
55118
60069
6807
2857
5540
3070
1175
2936
5971
102445
594
1967
1257
6385
4814
4612
4567
4565
4442
4166
2880
876
4717
1616
97938
8650
3627
1517
77846
111759
116
1566
1235
6974
1277
111362
2946
3681
1104
7833
6125
353
5377
2908
7064
58295
7208
8121
47728
25852
5992
7256
32898
1244
4021
4661
85342
93320
60293
93855
5244
50641
222
105844
1248
7212
58303
4566
79357
1994
933
96728
26712
50658
8589
1021
1982
2927
6893
93840
5470
4121
4327
1686
6440
2248
2890
7147
3068
66371
98491
3594
26472
2925
2952
2728
140174
7482
63876
106916
6254
3030
64285
134853
68269
2287
27523
1395
54001
3310
62081
2118
1921
8958
4920
785
3111
2151
3074
68838
3684
3814
4361
1464
3062
52952
2193
82527
931
1693
3791
111921
861
4422
6436
1956
4263
91542
3060
3063
805
6724
139385
2420
87306
7013
76293
7263
27660
4799
4857
945
68135
3724
101525
4432
5812
3598
55069
3548
6708
3107
2096
4705
60684
1487
935
3546
3771
67087
115617
4801
7698
7836
4626
4632
224
86320
936
1913
2430
55267
5341
5385
40819
39183
108981
2065
1941
1251
4406
1912
3417
178
31116
51471
943
1260
8341
125
3873
4338
1284
3016
1237
48322
89774
3789
1177
906
52975
1085
6787
2068
2912
3167
1748
96655
63131
5152
71429
5008
104841
73321
3037
27801
1366
1955
102684
108727
50742
50740
