user_recommendation
318
296
858
50
527
2858
608
1196
2571
593
356
260
2959
1221
4993
7153
457
912
2762
110
1
4973
1197
1198
1270
1291
32
47
5952
4226
589
3578
1704
1240
1682
1617
36
778
7361
1136
2329
480
2997
58559
48516
364
1213
969
4963
1208
1210
293
6016
150
750
1252
1230
1193
3897
2918
1204
2028
4308
111
1207
1089
4011
899
4306
2324
79132
44191
1259
904
6539
6711
913
1036
745
588
919
475
2692
5618
68157
497
1732
908
223
1148
1393
1199
595
6874
2115
1968
48780
5418
6377
1035
8874
2502
923
1214
2396
1961
1073
46578
246
4886
1610
2716
6
2268
1206
515
1947
17
1287
8961
1220
3147
1304
7438
1225
25
1222
1580
57669
1247
1200
5995
5989
11
953
59315
2797
56367
1258
33166
1084
1219
733
377
1203
3317
2542
994
4878
920
5669
1250
62
2064
474
40815
541
30749
265
4995
235
1077
838
926
2599
1307
44195
16
357
3996
1090
1269
78499
1278
34405
1265
3481
2804
88125
3362
194
1411
3114
2791
1080
1228
1262
3536
1500
1172
1254
3408
1358
1246
903
1231
300
1693
1952
162
1256
44555
50872
112852
950
1276
555
109374
58
8784
2000
4027
2580
8665
1376
49530
1357
910
3255
4034
3686
39292
68358
3104
1466
34
32587
116797
3671
1233
6350
76093
54259
31658
54286
3504
2194
2300
1060
33794
81845
5060
30707
2202
1096
4235
106920
1945
1217
6773
56782
1674
54997
5971
53123
2353
41566
529
8368
1285
55820
45722
29
1266
3724
741
5225
1028
2357
101
4896
1272
40819
60069
2105
69844
69757
3152
81229
4085
70286
89745
898
800
3683
2987
44199
64839
1212
81932
922
1953
3510
349
2359
3730
671
1303
1081
261
1719
6378
1641
628
3471
58803
3793
134130
91529
954
2690
1394
581
7090
2890
3033
2971
3175
955
151
122882
7502
2019
1356
1234
81834
1293
3363
7022
306
2076
7099
3186
348
2871
6787
1094
6870
3916
3386
68954
1939
1189
3735
106782
2144
353
535
1263
86882
2132
1958
914
2443
52281
3543
2289
3468
6385
3911
1211
7147
115713
63082
4016
2243
99114
1244
893
161
1361
74458
5630
1948
3361
720
900
5876
281
26662
308
55247
8972
1103
2287
1625
3868
86
106489
46976
28
3462
1997
7143
233
50068
2186
2020
1584
1960
3198
2739
534
68237
6502
2430
5991
5349
81591
440
2303
72641
2394
2125
6565
3684
1907
1407
307
594
59784
1050
109487
1095
48394
2406
98491
7139
1950
866
538
3417
37857
3275
2648
2501
1299
1729
2109
2067
927
92259
6662
3007
5903
337
3000
1835
3201
971
72998
94959
5444
4014
65261
4623
102445
2644
3980
1271
2763
3095
280
88810
3082
1227
175
5679
3507
1218
3088
91542
2664
3252
3639
2961
89804
93721
2081
7235
1374
1611
368
2248
222
5956
1224
48774
2302
3167
3153
97938
230
1281
2863
37731
3989
36529
333
3039
3357
1946
924
5238
909
3359
380
1179
1635
1834
2474
122886
64614
3260
4357
108583
1209
2917
1994
2005
5319
4239
4047
128360
1967
38038
1292
1408
7419
67255
3256
2732
5782
6796
30816
5103
4450
7698
32898
66934
1380
1964
55052
6979
73017
1085
106696
3310
112183
2924
2949
8228
262
940
4903
37733
73
8132
3967
51255
2273
2245
4642
1566
7137
31878
37741
115617
5341
3469
3307
1333
5146
428
85
31410
2391
4789
6725
3034
115122
5816
2925
735
2948
7386
56757
73290
232
3791
80463
508
2118
26524
44665
1956
87232
26084
88129
933
6724
1876
38499
805
1957
106100
3741
2232
3969
6754
63876
2541
39
3068
2335
5791
3467
105504
2420
1088
7116
96079
104374
7212
51662
98809
1097
2071
85414
51412
5015
6777
1162
1078
2670
110102
3624
4661
224
81564
905
1251
1663
59018
3702
5902
97304
3983
4979
7669
1680
7164
49272
471
26326
2731
661
2929
1264
5608
116
7285
3638
3213
107559
106441
5668
8958
1810
2070
79091
1248
2151
5690
3083
4809
1061
5878
3270
2352
3018
6708
3677
79702
7371
8633
1215
7836
928
98961
1955
6299
949
40148
1147
88140
4489
3062
7075
3699
44974
1201
7215
2117
3038
115569
4054
8981
2133
3070
4537
6942
951
2916
2318
59995
64285
8580
2946
2463
100714
4033
7844
8970
72226
1289
4553
2726
1260
3081
55276
1223
1041
8191
55269
6659
1283
2694
599
6380
1936
3101
5064
3546
2841
3111
51471
31116
2622
1296
2203
2920
8908
921
2700
40583
112552
1552
97
452
45728
26152
968
106438
7649
3406
4246
7096
2677
5380
3089
4191
3952
6323
1192
1419
69481
140
27831
6281
2881
3424
94466
764
3112
2759
6974
1027
5475
229
2467
1734
4696
178
213
104
1909
6863
4422
1020
47518
4427
3499
64716
3210
4263
4103
6187
7802
6283
8938
93320
50641
93855
5244
54995
272
79357
3035
1013
2780
104913
3612
1464
56587
3594
7373
3566
3435
1348
4410
8264
8261
8123
86487
26501
26797
53887
55063
96075
74089
7087
2285
58649
4428
163949
114464
150856
104119
112577
101850
5017
4432
4128
4720
5385
4017
27660
247
95311
556
7160
3844
71033
648
27803
48738
45950
5812
553
1267
3414
114552
6869
4166
1954
55442
2712
58295
7263
551
3489
2857
3811
4846
68073
1366
62849
6987
943
3077
1918
99145
4037
7156
2283
6101
477
39414
3801
1688
766
51935
2208
3011
43267
1396
8622
1545
3016
6021
34072
754
6970
1673
125
916
85342
4442
4717
4565
2880
4567
876
53519
3783
4801
2432
41571
5801
60756
77455
4901
3627
6618
65514
26614
3219
56339
3872
4218
6639
6852
3742
1619
5014
2654
2651
27523
3071
1649
91104
4238
8873
63853
3896
8366
49957
1282
102993
4021
103048
3452
7013
2935
64034
4448
93838
53318
5747
1280
5446
6001
6184
1183
241
5772
7459
3746
41527
68838
112
2330
47610
4969
37830
2360
918
4217
33171
2140
46322
3512
3060
159
3552
3421
117176
119145
3105
