user_recommendation
318
296
527
858
593
260
356
2571
1196
2858
50
608
1193
2959
47
589
1198
1210
1221
4993
110
2762
912
1704
2918
1270
1197
4226
1208
293
1089
3578
541
1213
111
5952
1259
2028
908
1
457
32
1240
595
1136
750
7153
778
2329
150
590
1968
1206
2502
904
36
364
1214
1617
1291
1247
5989
1228
926
1036
1258
2692
3147
79132
1148
46578
745
7361
1252
6
2997
1204
1225
1035
2324
2804
1961
913
2268
919
6016
480
3897
1732
903
48516
2599
1200
899
2542
1625
1199
920
1060
1584
1207
3996
923
4878
1203
1250
2395
1073
2797
1288
337
1265
58559
4973
223
1682
1079
246
2144
969
1230
1219
1222
1097
555
1673
1610
2291
1278
3114
509
44191
588
1233
1293
2076
6874
4995
924
349
7438
1223
1272
29
17
551
2019
953
380
68157
910
4963
1096
6711
2396
1287
1299
5995
720
78499
3471
2716
1172
4034
3462
3481
175
56782
1028
2064
898
1393
7022
2300
39
4011
1263
2289
733
8874
32587
16
55820
1952
2580
1246
3418
1235
1527
1307
48780
1276
33493
377
4007
3421
2712
27773
116797
1500
1262
3499
2303
1220
1960
922
3730
56367
2791
1215
628
86882
1953
3362
64839
1267
106782
508
1674
5669
3671
1266
3468
5225
109487
3788
1084
475
1077
1212
474
515
3039
497
955
671
1264
4848
2318
1234
2194
471
5444
6796
92259
6807
2115
3868
2739
232
21
2871
1361
74458
1959
866
4085
1580
265
2467
109374
2908
4027
2686
5064
3072
1356
3504
7502
2971
1784
800
968
1343
3019
68954
1304
280
3006
4308
4361
3435
1466
1080
63082
2841
3429
1090
2132
45
1249
805
1333
1927
2243
2145
106920
104374
3034
121231
57669
1305
1292
2232
1956
1285
1387
1095
1094
4720
2160
3814
1244
741
1120
3552
72226
3683
5956
3424
1242
8981
33166
81591
3201
1719
2917
1945
2231
7802
3203
35836
1394
363
2359
911
8949
345
6104
2313
5630
1256
1269
1537
597
581
4306
3198
3067
2125
4105
59315
954
4103
2186
2973
3016
3469
28
3000
3916
4235
30707
6440
916
2078
1086
3735
529
7132
3176
88125
928
2020
2728
1411
27022
3702
2248
1224
1231
4450
3359
1192
307
1997
1374
8228
2096
2005
3949
2459
1217
3252
230
3363
3246
3167
2108
1254
3168
2572
300
994
1175
373
62
1103
2366
1464
44195
2987
3948
70286
1261
2788
8368
2109
759
3037
1734
2648
306
1357
3317
4979
79702
1280
538
6870
2700
81845
161
8542
59784
3175
48394
147
194
6539
233
1191
1948
3724
2010
921
1955
76093
1046
2926
104841
1957
1283
3219
1641
2664
1962
3213
1185
4014
8784
348
407
3108
80
44665
946
33171
6942
235
441
3272
7767
1023
3030
319
8798
1041
1994
3033
785
2087
3152
539
663
3275
247
7669
2463
3967
1921
1104
134130
1179
322
1260
7091
2288
7256
222
2137
8641
96728
3801
3386
4489
2501
4816
3448
5103
2018
2355
5505
2746
8958
5060
1147
2529
55269
3068
3546
99114
2644
534
1958
1912
87232
4117
8638
7649
1748
1029
3256
30812
428
52973
2687
1284
110102
1946
44199
1178
4002
5008
96079
68135
112183
2936
3548
3035
4179
81932
88129
3101
68073
5617
96821
111921
7090
162
6993
85414
86
81834
7235
34162
11
3060
42004
69844
55052
1967
1237
1209
7254
54503
2929
2944
7451
1274
8950
1947
357
27790
3022
6791
51540
42418
89745
1680
1663
54259
3342
4128
8970
4037
89904
116
6783
7285
115617
5679
1965
1241
1251
8132
945
5876
40412
97957
92494
3216
4262
3911
3414
6187
2947
50872
2203
8933
930
2916
971
3200
950
266
5014
1931
4658
1296
1449
2795
1025
1257
40819
4239
32898
81564
2245
56339
5971
6662
1211
51255
206
1243
2726
1248
27831
272
1345
2553
6979
49280
59418
26422
26974
30
6502
362
116897
3696
314
58303
2660
5791
108981
1031
4612
8645
7386
81847
501
6787
326
1057
104913
3476
52885
3556
3210
47610
4821
45728
6063
108727
102684
8650
3510
3396
1085
492
1483
2985
543
3983
38061
1964
3551
2976
3725
3135
3361
2138
34405
47728
32525
8121
7208
2920
2927
25852
2118
4623
3943
18
4327
3871
110645
101741
6786
1302
3654
115713
3703
48738
49530
25
4754
1635
2067
5618
4755
90061
951
1081
3196
1189
4478
2761
1982
3952
53318
70
3679
1049
3036
5955
3591
97
2901
299
97921
1354
2863
832
905
2612
1611
6323
1088
6732
112515
94959
3018
7147
56152
1066
3526
5377
2336
1845
54328
2391
6214
3038
933
6188
1754
26472
2150
3498
40815
93510
4228
69122
54001
7380
2952
5500
3062
7323
26258
514
171
106100
122892
5028
140174
5074
2919
61240
64034
1366
64614
115569
2398
86320
2141
2594
91658
5108
766
3879
41566
36529
3508
112852
2924
3507
55290
7419
101525
52767
105504
2729
4271
3104
26729
2495
8807
149
48322
9010
7445
1963
141
4033
6863
7087
909
4029
1895
40732
3437
5765
3505
1271
86377
2278
6155
7265
5782
4734
134853
82459
8239
3007
4432
872
26150
52617
7564
7574
26578
63131
48696
308
4867
2912
838
33794
7566
7320
53996
30816
7616
4019
2068
3467
1688
3743
3529
3415
1300
81229
26326
1747
6003
8827
1884
37386
1944
3160
1218
4641
108932
54281
31658
3358
33615
4422
2690
4292
6724
215
2745
927
900
3524
3102
60756
4277
114060
106916
4705
1232
390
3798
4326
1950
52435
1616
1012
4537
1810
1392
556
96829
68237
3044
2434
2442
3783
902
80489
2474
647
7099
3307
54997
3081
85401
6669
1111
6708
1939
69
1282
85
4263
1721
5812
56587
2165
128360
5970
5159
1019
80463
915
4901
2363
2140
6461
2357
3089
2287
213
88810
2721
67255
1564
5238
1238
1177
3811
49272
27329
97304
229
4188
4776
1188
52604
4552
1686
7075
26712
50658
70293
735
2065
140
3077
477
61024
6378
95510
66934
