user_recommendation
318
296
260
593
356
527
858
2858
2571
50
1198
608
1196
589
4993
1270
2959
1210
1221
1197
110
1704
1291
4226
7153
1
1617
457
2762
1193
1089
150
1240
5952
111
1213
4973
912
32
2028
47
58559
1136
745
778
293
1265
541
904
2692
908
480
750
1225
1682
364
3578
1148
1203
899
4963
2396
1732
6
2997
1252
6016
2804
923
969
1200
780
4011
7361
1304
2918
2329
4886
1036
1214
2324
1208
32587
48516
1580
913
920
79132
953
1204
1250
2716
2115
2599
919
1199
1961
3147
1219
924
2542
6539
33794
6874
4878
1259
1258
1233
497
44191
48780
1625
1673
2064
5418
1230
4979
903
1212
4034
3897
1028
8961
3949
246
1222
1206
720
11
588
2797
1207
2501
555
1060
6377
3481
59315
1247
1267
1674
76093
50872
1172
4306
1376
1079
1947
1228
1356
377
1953
54286
55820
1293
349
2019
4027
733
337
926
68157
4995
905
36
5995
1945
1952
3996
1223
3462
1968
2712
194
1246
357
78499
235
2690
3730
1288
595
44555
232
1387
1997
1884
898
1272
474
2186
5669
30707
1080
46578
1276
161
515
922
51255
70286
648
2502
3435
2194
1097
2318
112852
5989
4235
1610
33166
3114
950
1307
1923
300
590
1957
1263
1262
994
2291
1073
475
1201
162
1094
3735
21
2300
5618
1680
2395
3421
1287
2890
44665
74458
1954
1215
2467
8874
1217
1244
56782
141
1234
319
1527
106920
911
2231
914
261
29
2289
916
3006
68358
2278
7090
3307
2871
1254
49530
1960
1035
6711
7212
2739
3527
529
16
838
1927
910
3101
454
3468
2076
1719
54997
3363
8636
64285
1256
5991
5903
4262
2125
4085
81845
109374
51471
2005
8132
1260
1302
2268
3683
8981
88810
54259
3512
31116
30749
7438
2202
1278
1912
17
1466
73017
68954
7147
2490
2580
44199
54503
175
2359
1343
68237
3868
1834
535
380
1280
3362
8784
5064
6378
40815
800
951
81229
3952
345
27773
85414
1192
353
69
307
1411
2243
671
5902
80463
1269
2406
2303
3035
25
1209
2391
106696
3510
1939
3000
1393
1394
106782
4007
38038
3504
928
8665
1084
3104
2067
946
534
2011
3176
3198
1955
56367
2971
1948
53123
6502
6385
1090
224
1211
3983
3088
31410
4308
3081
2791
3083
110102
86882
34405
3152
5630
741
6565
968
1663
551
5444
6787
440
72641
41
223
1619
3020
109487
69481
1227
2987
1096
3160
116797
81847
1374
1959
2463
1175
2917
1077
6942
1248
1049
49272
1950
31658
69844
2010
3359
2344
942
1218
3414
3448
306
933
3703
37729
3406
3801
3022
6003
7263
40819
549
628
2248
7502
2144
2137
509
4014
1220
35836
1283
91104
3676
3499
6870
87232
1734
106100
3210
39
1231
3471
805
3317
3476
88125
3098
1810
3910
1299
92259
508
1178
8970
1784
68269
8368
5791
1361
58
3386
3451
2846
79824
48791
32289
41573
80839
1537
5816
2208
3967
6796
2935
471
3791
1059
3089
2245
8950
33493
3007
954
1616
8957
3044
1944
1131
2664
1292
233
647
134130
299
431
6201
2761
973
101
73321
89804
3742
428
2841
4103
59784
2648
44195
27478
3365
36527
3062
4873
57669
3246
67087
1921
4105
30810
27846
52458
27724
36931
581
3175
156
146
59018
62374
538
4489
2936
3788
3181
39292
1264
1907
104374
1224
4351
1189
348
85
3811
178
1357
3360
2138
3095
3201
47099
3270
52281
1238
3178
7373
1946
26587
3671
88129
73
8228
3260
2068
7256
6979
6708
69757
909
3505
81564
68073
4914
7063
1086
51540
5992
3355
2973
3548
2078
2920
1963
2726
3300
2948
1641
2087
2929
1797
2357
82
74946
562
2792
7022
3039
222
1066
5146
3418
2944
5013
2925
7386
3424
1303
930
3358
6187
1729
2287
51935
1261
2819
111759
5103
1500
89745
1251
4427
6986
7767
1994
97938
2020
1120
215
1358
3594
3072
2863
2132
115713
1333
945
31435
62081
272
7099
3129
79091
1345
81932
5971
4225
5747
99114
40629
3524
4641
56152
6440
2916
4017
2572
7787
6450
6380
1982
1805
41566
6662
1237
3503
55267
56587
3200
3038
2352
122900
1127
3194
3134
91542
4623
2403
3429
55442
492
3350
88744
71429
32598
1284
907
54001
3653
6753
55247
3420
2434
6286
2430
37733
30816
2949
89904
1095
104913
4369
5010
116897
3417
2795
1688
4047
6807
268
5391
4380
7132
121231
4086
122892
1584
1860
1408
81834
3551
5876
106471
38061
3252
1464
4019
443
5380
64839
2313
94466
39414
8972
2924
8958
940
3310
6516
8933
81591
51412
850
2203
2644
1366
632
53
3677
3015
56251
142488
84152
2333
3030
322
60397
3275
71838
63082
2788
97921
72998
3871
1916
7091
4304
7649
62956
55250
115569
7802
2232
68135
82169
3016
140174
3364
3037
3033
64614
3100
32898
7285
1934
60756
4187
1827
3167
55052
64034
3203
26326
73344
1354
95167
553
262
4029
59387
7075
3654
1281
58303
26729
31184
3629
2351
59369
96079
68838
3213
1103
6987
5812
53519
1021
3980
1257
2108
80748
28
2366
2984
4016
52885
556
918
86377
54995
4128
7451
53996
6333
3478
2670
2096
4661
7371
2729
6777
265
6959
54881
2932
458
678
3068
8542
91653
368
2553
494
5008
1965
56339
62
3728
6664
61323
253
3701
8807
55269
2059
3071
7482
6732
1023
59684
65037
103810
3219
3916
2912
6235
2575
90428
76173
97
4642
4299
1078
1689
900
6331
1845
935
56715
1232
1027
1937
44788
4787
1966
58803
309
3736
2732
26131
65188
308
98809
7164
5608
47518
115122
1956
8191
32525
94959
79008
149
3256
71899
4327
524
106489
2071
2470
5291
3475
2612
1147
82527
37741
5690
1885
53318
70293
73290
965
111362
4357
3011
955
4062
412
2874
6669
2420
4021
54372
1958
4190
1081
8798
42004
6993
55069
2066
32469
27523
3915
4179
4273
8910
77455
1967
7064
1942
57504
58047
4271
3869
3251
6783
2951
3163
3741
3097
