user_recommendation
2571
318
1196
260
7153
1210
4993
356
527
5952
858
111
296
1213
588
480
608
593
58559
2858
6539
6
2959
54259
589
1732
1208
733
50
1197
1193
1198
68358
4226
6711
81229
7361
44199
5995
59315
8961
1221
2762
8644
32
6754
1211
89745
112852
1252
1209
1203
47
45722
1222
6016
4016
44191
81591
72998
110
1227
91104
922
912
2028
162542
73290
4343
1136
4896
832
1273
780
106072
1243
5146
457
1611
778
4886
1965
51412
6959
93363
923
223
5816
58295
1225
8972
94018
64839
102445
122886
1422
5956
1704
235
1036
3510
16
3793
1907
47610
750
919
3481
3083
1500
48516
1265
2976
25771
1552
288
26258
7235
4848
76093
2440
1288
2348
1947
474
293
63876
4642
33171
1093
34437
3317
2160
4697
6774
26524
3018
80553
8938
32515
71390
3679
63836
77291
27792
42900
32840
3218
4552
95113
40226
4450
8240
34326
3858
34323
33138
3925
26326
60384
26749
7123
26231
5473
7024
6184
2712
1291
1270
3386
1419
3114
6333
2551
2804
904
110102
78499
1921
1345
50872
1968
3147
4963
2949
924
91542
1527
73017
40815
3897
4027
2076
786
3624
265
86882
51935
1081
1566
6378
87306
62081
3686
5463
6874
85414
88140
31658
3462
5444
194
1304
122900
47099
1682
6659
122882
5618
31410
4638
3699
55250
587
5882
2324
6879
1027
106489
79139
58103
85179
106696
130520
52950
4366
8607
57504
94780
72209
72378
805
111362
5400
86332
471
2396
67408
117529
49278
3471
3745
2395
3639
87232
1617
4306
903
1247
78105
5478
166
44555
913
8368
4979
98809
5064
8860
1201
32596
292
1089
3635
55820
2881
1230
59369
99007
3638
494
1224
8636
1358
56775
3671
79091
54001
30707
628
908
86880
4973
1792
8798
2692
1240
8132
899
64497
1961
555
1234
2064
1212
82202
1246
1674
6954
45447
149606
108514
3536
3949
1580
926
8810
3653
1266
1272
1077
1356
33794
6350
2125
272
8376
69844
4011
52435
5989
953
3082
156
246
3020
2997
316
4262
745
33166
364
1233
1250
1747
1259
50068
1673
3996
2973
1228
68157
7373
653
1204
81564
89804
3512
30749
2313
2115
3000
81845
2987
123
3705
3703
34405
7163
2596
2268
42738
54286
8874
5418
1148
54503
1079
2081
969
2289
111759
541
1722
52885
3504
170
2739
428
552
3213
52458
1653
5903
3408
52287
1954
2617
1206
2058
720
6283
53123
6807
26776
2052
2303
1307
35957
104913
2502
1223
7371
73
2455
68099
89
68954
94777
74851
3210
59018
108979
3201
84954
95510
2329
98243
65552
70282
72165
52456
2334
7017
101362
106642
88380
57401
109864
104925
114795
951
748
905
73268
377
1726
103810
91535
32031
79702
44665
56782
2066
109578
3095
5971
1610
145
3037
27773
595
3307
59103
85056
79185
1103
8751
8754
2763
1276
8873
122904
515
99114
954
2971
111659
99149
114028
1411
60074
300
3911
66171
5669
1287
1220
68554
27721
34319
7454
79
1207
2542
56587
1028
7143
1625
81782
83613
3044
1263
103384
8640
3175
2728
3967
59387
1945
3468
4270
5902
102903
6541
100
68237
60937
535
37830
3308
353
68791
3929
1680
1958
3548
85
2336
4641
3991
5608
898
1801
2248
2857
6281
59784
1172
281
1292
1449
1
5060
3467
443
6796
1060
6870
348
319
87430
3543
97304
1883
7099
1466
599
1394
3683
3742
215
77561
728
1084
122892
8361
3615
6003
60040
508
1934
1085
1104
3168
1931
2282
53972
4467
431
144976
1278
2361
3019
3552
766
1175
3943
2660
1564
3429
1608
2243
3259
529
49272
58351
4351
2359
648
2022
140267
2467
1035
1299
3358
4034
40819
3035
88129
1129
1957
48780
1147
31696
1090
1387
7976
80219
1944
266
65261
1269
2750
1687
150
2321
2875
6979
37727
6187
8154
3198
1688
3702
72226
3362
6987
1938
53519
7387
2300
3359
2
2947
48394
714
2474
1161
6602
26684
1952
224
1361
1942
1939
75823
4500
95752
4518
6290
53447
4658
77307
5074
4612
50011
80217
79203
79686
46544
6121
8923
6291
7878
32898
1305
3626
32797
4294
67957
7505
83829
31682
58520
7889
59339
31270
8800
26809
26810
1529
8126
26494
26655
25744
62764
8893
6465
7044
69516
95115
26241
4407
62511
26
920
58
1464
5780
902
2459
2067
1483
994
492
3285
33679
109374
72737
1217
104283
2159
105504
581
1963
27815
116797
1023
7090
2908
3569
3363
78903
98126
8933
5475
103444
6101
7502
30810
900
34435
1279
3355
2707
475
2871
3421
290
1249
3578
909
48744
4235
1124
1544
81847
2132
25
1701
116
2406
72011
6502
5313
1960
1888
299
907
1219
1094
3414
95875
232
2803
4427
3404
52604
4584
150548
3476
82527
3524
3507
86
2829
921
106471
105
92259
5574
3424
5445
98000
3469
28
1086
53
268
632
1173
950
71282
47999
7419
8638
41
2130
2019
3104
2599
3089
48738
29
1950
1253
34150
946
1805
2745
80463
92420
91658
1645
51662
6787
376
69757
3654
2694
1414
440
4564
47148
2186
446
1597
49530
3565
60684
96079
850
62
50804
3396
1962
38499
8983
3275
77846
1256
368
551
106782
597
945
53125
3007
43560
534
66371
3983
71899
4545
5108
3301
3272
1254
56171
73319
65188
2485
3252
74530
74580
640
4369
100556
509
7160
79057
2917
6156
2935
2628
3591
36525
800
6552
96821
146656
6708
1080
6269
1061
132796
54276
46578
91974
92507
92264
93326
83480
2835
104312
5506
78041
96417
69524
53207
65682
104074
8643
62376
7380
8965
57951
47124
65685
47952
57326
69253
31193
27837
54771
50162
51698
52712
8633
67087
74154
1357
48997
1784
4084
4903
6370
799
3448
7983
1940
3011
3556
942
1277
222
1374
3501
40851
2843
1095
34332
1047
2150
49649
2723
79008
2797
69526
337
349
4299
2318
928
306
1283
6323
71254
933
69481
1912
6155
2580
2938
56251
44195
1953
106920
112552
1293
233
481
1916
8910
4085
119145
85342
5013
3088
3148
3361
2083
3969
4571
69
5992
3684
60161
441
