user_recommendation
318
296
260
527
593
858
50
356
608
2858
1196
2571
1198
2959
4993
110
1221
589
1210
1270
7153
47
111
32
1704
1193
1089
912
2028
4226
5952
2762
1213
1197
1136
908
778
1
58559
457
904
1225
1291
293
150
4973
1252
1265
1617
1258
480
541
1203
745
3578
750
590
6016
2329
923
2918
2997
899
7361
246
969
2064
2324
1732
2692
919
1148
48516
2804
1208
924
3147
1247
913
1240
2396
2019
1228
1036
364
903
1304
17
2599
1204
1259
3996
595
4963
1682
1060
1222
953
1200
555
1219
1199
588
2542
33794
4306
898
1234
1953
926
1299
1674
1212
194
1214
79132
3897
1288
1358
1207
2502
235
1267
1968
6
349
1500
920
32587
4878
4011
1230
1079
306
733
1307
1961
1097
3481
1084
337
5995
515
1223
55820
1278
1206
497
1233
2278
4995
2797
307
1250
1276
3114
1172
319
46578
21
720
1293
44191
1090
2289
2917
2716
838
2115
3462
5989
1580
36
58
1263
68157
5418
1947
3730
1094
54286
1945
59315
3949
2973
994
3468
1387
223
8961
3363
581
2712
4979
1957
5816
1035
471
161
4027
5445
1254
232
3471
1356
1246
3911
2132
1952
56782
357
1610
5669
4235
1272
3006
48780
922
475
2318
2248
2300
265
905
6539
4896
2359
1269
910
2971
27773
2395
6377
68358
308
81591
40815
3362
1527
1960
6874
3007
4886
474
3307
2243
30707
1625
2739
1262
2863
39
2194
29
78499
4034
1080
2186
106920
62
4848
1217
1201
3418
2871
50872
1784
35836
272
1411
8368
2005
3421
1224
56367
3683
345
1287
2690
2467
1361
1994
300
1243
1680
954
54503
33166
1096
509
6796
2791
1954
3088
7502
1077
76093
3435
1028
1374
1673
1948
800
1220
3504
2580
1292
1449
3101
5673
112852
6711
1264
2268
7438
2144
1266
1466
6787
3735
671
1923
73017
628
3967
30749
109374
440
1209
3469
109487
6502
508
2648
3952
1296
3868
3095
1584
16
51255
1946
44665
106782
81229
1302
1073
86882
3019
3160
3424
49530
68954
2501
950
57669
2076
529
3044
175
916
70286
1939
4641
69
1242
2020
40629
1927
928
2313
3983
1965
1211
5064
412
69122
1305
92259
911
5902
1997
1834
2160
1256
3083
2291
2231
3037
89745
1104
1333
1285
968
28
3200
2357
74458
1095
5444
1231
4450
54001
3201
3260
3359
1282
96079
2336
3499
1248
2081
3072
5618
8874
1343
955
2096
18
1218
501
2137
44199
945
2303
67087
233
2203
914
1956
3038
3548
99114
54259
4007
2321
3317
2938
1959
535
3198
1284
2664
5630
866
1719
34405
63082
1103
39292
2890
299
40819
1393
7090
3035
8132
2474
534
3167
1298
551
1641
538
64839
3671
1086
1175
102445
3527
7132
54997
2078
1280
3653
1066
1186
3168
69844
1729
2728
1244
162
5956
11
1131
116
34
3000
41
3801
45
44195
3152
2352
1147
2406
69757
96728
6378
80463
280
2125
3524
224
900
741
1357
1041
3429
110102
3089
3175
151
1023
1237
1963
54881
4029
8949
930
163
2490
1962
1884
2761
91542
3724
6870
31658
88125
5679
1273
3788
3545
1354
2987
49272
3060
2366
6662
4017
902
6732
921
832
431
1245
4489
3871
134130
141
1189
3448
89804
116797
2644
88129
1688
7099
80
85
1885
1955
4037
1300
1747
99764
72998
951
127152
5903
2925
428
648
3020
3507
8798
3476
2795
7147
98809
933
115617
79702
1019
1249
38038
4679
4016
368
2966
3360
93510
1611
766
907
2398
3068
69481
441
1376
3213
3606
44555
1192
1283
2083
5060
146656
112552
1931
81932
53123
915
112183
41566
4021
7087
106696
1982
3246
2726
105504
1120
115569
4014
2746
2080
1271
373
2788
3844
2067
5991
100556
176
8950
4187
3252
3300
64614
51935
1185
2857
2745
2202
4105
4085
178
5791
52458
25
3684
59784
3328
1944
2232
1537
3929
106489
971
1345
3703
1913
759
2150
5876
3178
3508
1827
7419
2459
3414
3104
3741
946
8958
290
281
7669
938
2058
3100
32898
6242
26587
1419
4191
122892
3365
8641
1958
2245
81845
1257
85414
64034
68237
53996
1950
2612
8542
59018
97938
7116
3852
927
6350
62081
73321
1179
215
34338
348
1032
5475
850
3728
5992
6807
3259
48322
5971
60756
1227
3386
261
222
112138
2066
2687
8208
4661
96829
3111
7075
1081
2087
8636
72226
6552
446
8264
2344
4103
6440
539
314
3112
4873
4262
3310
6959
5017
1215
3873
5238
6669
112515
3505
2130
1663
2935
88810
7256
8228
3512
3510
121231
102123
3203
678
1921
55276
594
7451
635
62956
5747
139757
55267
6565
5008
3081
2572
106100
48738
2936
4263
27724
36931
477
1484
51412
5772
2846
4422
3791
2594
942
3022
7212
72171
3134
51540
81156
3475
321
1934
2660
3396
8933
3071
69526
1616
931
7386
33660
3030
96467
5341
6385
104913
4223
3925
81834
3742
4410
901
2105
3521
65188
26729
7767
1701
3789
805
93443
133771
1321
128360
48698
1464
5300
4190
4361
85438
1178
6979
86000
107978
148881
79677
128620
74754
54256
127108
160590
139116
58295
5500
8981
1964
8807
4179
1281
80748
1161
26084
458
1029
3966
91658
1614
1088
71838
1183
81564
7091
74089
26501
96075
8123
53887
8261
4428
55063
86487
26797
58649
163949
104119
114464
112577
150856
101850
7802
62374
7836
3406
3543
1057
4821
71264
5146
3546
26326
514
241
5812
230
5380
448
3350
3176
1938
906
943
2750
6021
2434
6942
104374
7027
50068
4432
3551
1260
735
4086
4799
1238
6777
88744
2841
4809
1734
3498
2920
4117
3989
2288
38061
247
81847
4427
6724
47610
1303
596
64285
937
2283
6987
7143
65514
1859
5103
4903
37741
5385
2138
97
4201
63131
2929
492
52885
1253
31116
51471
940
5414
149
57504
86320
3265
94959
2108
54372
1394
1446
3275
74946
5882
7235
72011
2696
1916
377
2073
4349
73290
26
30816
6791
97304
4326
56587
