user_recommendation
318
296
858
608
593
50
356
527
2571
260
1196
2858
2959
1197
4993
4226
1270
912
4973
7153
1198
1136
2762
47
110
2997
5952
1
1221
4306
1682
1210
3578
899
7361
1213
908
1291
2028
1193
778
79132
457
4963
904
589
111
1617
1203
2324
2692
32
293
58559
1704
150
1240
969
6539
1304
4995
953
6016
750
1089
1204
913
1219
541
903
48516
2396
364
2599
1230
1252
745
1961
17
1208
4308
1393
246
5989
68157
4027
2329
1247
4011
1148
3996
923
6874
1968
497
3408
2918
919
2716
1200
1206
2797
3793
926
1207
6
588
1225
5418
1199
1947
33166
4878
898
595
1228
3481
1036
1259
1250
1285
2804
1084
1278
1214
3897
59315
5618
36
4034
3114
1276
1212
78499
54286
994
838
2064
1945
1258
48780
1172
25
1097
2580
2908
733
2501
475
32587
58
1835
2443
1080
4054
2542
2115
1246
194
3147
5991
1265
5995
1293
515
1267
3969
2541
1732
910
954
4896
56367
8368
1222
648
1269
2791
2186
49530
4979
920
3916
57669
1952
2291
3462
30749
1333
1223
1256
1060
1215
3825
81229
86882
1299
11
34405
2243
7438
922
3255
2019
8874
4235
3317
1625
5816
1307
357
1090
924
3435
471
46578
1407
1394
74458
3362
950
349
3949
29
99114
720
474
6377
109374
1035
3510
7147
3386
2971
2076
628
4016
1217
39183
3910
928
2300
1653
5444
68954
5902
223
39292
1220
4886
1248
3471
56782
89745
671
2303
4369
70286
2917
6773
1358
2391
1953
555
235
6711
2357
1950
337
2289
1234
551
39
1254
1103
1584
44191
3257
2890
1411
3160
1280
2125
5669
55820
1784
508
1357
911
30707
3730
1028
44195
2321
918
905
4014
1077
8970
1500
7090
1288
2067
134130
1610
79702
2000
81591
5010
76093
3671
60069
2078
1580
31658
927
5903
40815
36529
116797
3468
2278
319
3310
2109
1939
3504
2248
92259
106920
2712
663
1466
16
7669
3361
2987
48774
5782
3104
2648
72641
4427
1201
6787
151
1296
3507
7419
1948
2144
2961
8665
955
2427
44199
68358
3363
2871
2731
348
81932
1729
1251
5225
80463
942
81845
1096
1946
96079
2726
3421
50872
3083
5992
1104
69757
590
2203
109487
38038
3072
8961
1287
4085
64839
1303
3546
6942
68237
63082
2467
1264
2863
1876
951
3088
8958
968
27773
971
945
2005
581
1189
1356
1284
232
5445
1218
88125
2700
3359
2612
1834
37741
73017
5630
3252
1211
1449
3186
4380
6502
1305
3896
31878
3034
87232
2739
4641
6218
8784
6001
8132
55247
55276
134853
440
85
2232
1674
46976
7502
916
2202
91104
64957
3551
265
6333
3307
3536
1231
2924
106916
1361
106782
54503
1175
2948
2353
6662
3038
2732
509
3983
914
1088
8228
1094
1262
7132
1244
107
5064
1147
7156
7022
477
2096
2020
1079
91542
1748
122904
1257
44665
1994
5013
754
946
1387
1754
104374
5017
2846
2938
26242
1641
280
79428
3167
2502
930
1192
5060
3868
6077
8711
4239
1860
3196
1967
3735
6125
261
112183
4238
907
2763
1292
82459
492
140
7116
2105
1078
921
1959
575
1957
7371
3798
2132
2690
7136
741
3686
69844
2420
1619
272
3067
26524
2819
1673
2916
162
2302
306
6987
2268
1282
2644
37729
2929
21
69481
2946
1086
3703
3000
112852
2351
1376
222
2935
3152
3201
4642
105504
1177
7833
4019
6979
262
1179
32898
1527
71535
106489
3952
6331
2925
2947
247
3081
3035
8950
1374
7099
7087
3505
56152
800
1081
7139
2395
2359
6350
34
5341
40819
2068
7091
6323
535
3108
115617
4037
3328
1099
3260
1964
6796
1066
54997
3213
538
233
6918
1020
2949
48738
30816
1233
938
128360
2788
2208
8042
3275
81564
3198
7836
38499
55069
6807
3879
63876
1271
902
45950
5878
1131
86
175
5238
1537
322
18
6870
931
1209
7143
2245
3100
4914
4422
8955
1885
2176
40583
4086
2285
8264
101850
53887
26797
96075
26501
55063
8261
74089
8123
58649
5475
86487
4428
4410
104119
163949
150856
114464
112577
4809
2283
7235
178
98809
27803
8542
80489
62
76293
2029
26729
1061
2936
106100
3475
37731
1719
2081
93840
1021
6777
6021
4661
6783
215
3683
2490
61323
55052
5385
115569
54259
1734
3020
935
1266
4179
5971
2148
4262
6235
6724
1183
1688
4848
3872
64716
534
52435
7767
88129
368
1965
3019
728
165
131724
8645
2066
48394
6530
73321
1680
1237
89804
4103
8641
98961
64034
2664
2398
4277
7698
4304
1611
3068
1023
53123
1041
97304
40732
2366
102445
7075
7137
51255
4969
766
6380
3967
3357
5812
3524
41
4801
3724
1029
1249
1224
50641
96821
55280
3467
3684
1955
8938
112552
3089
290
3736
55250
5446
53956
1569
99145
91658
7566
52767
2194
1073
3007
7802
1845
46723
909
448
69122
3256
48696
3263
51540
3989
5146
1923
937
3545
5103
7072
31921
26268
102125
2138
735
1913
8580
6852
224
37733
8533
27831
6184
171
4188
4584
2331
104913
127152
6732
44974
6786
94959
4967
3966
2087
8933
68838
915
97938
5772
198
5608
428
70293
806
3984
25769
96655
88810
940
7256
58803
4432
1944
59387
1419
6552
72226
2133
6708
3070
1050
27846
58295
5291
7088
7320
1235
30
115122
98491
2474
1274
115713
97
34338
5690
26614
2137
4846
7844
1954
2454
1330
2761
108583
5876
3543
79242
281
2694
1997
333
491
10
1354
6881
4912
85414
2352
93320
5244
93855
79357
8464
6281
3429
599
2071
4023
58347
3702
50068
1598
4263
6271
38304
53024
7943
2447
55451
2920
34072
2018
85342
422
67997
3101
4349
41997
1938
110102
1092
69
8880
8633
106696
53953
72356
8636
123
79091
49957
4166
3105
1810
94466
7123
1927
2423
67255
480
1942
309
3745
2070
40148
2728
3791
27660
3341
866
635
6643
26152
49272
93510
60756
7215
8340
2912
7285
3638
3476
4017
452
35836
6869
3677
71033
1797
3060
2780
