user_recommendation
318
296
527
858
260
593
50
608
356
2858
1196
1198
2571
2959
1197
1221
4993
1
589
1270
110
1210
4226
7153
912
1089
1704
2028
457
1193
1213
5952
1136
47
2396
2997
1617
150
293
2762
778
908
111
904
750
1291
32
58559
541
4973
1203
899
1225
2692
969
1304
1240
2918
6016
3578
1207
913
2599
1208
923
1682
1252
480
588
2324
1276
745
1265
919
1259
364
48516
4306
903
4011
590
1214
1247
2542
924
920
1228
1036
36
2329
4963
1148
1200
1961
953
2804
926
3996
1204
2716
1219
1073
1258
1968
898
2064
497
3114
595
2019
6
4878
1732
17
79132
1060
4027
7361
1230
1172
1035
349
1094
555
1674
44191
1387
1947
5989
1212
8961
2797
5995
1610
1250
1307
4995
1199
33794
922
1246
1079
1222
1293
32587
1267
6539
910
1953
3462
3147
2580
59315
994
5418
733
1288
1625
3897
1356
1673
55820
509
1233
1028
1945
1234
2502
2115
2300
78499
246
4034
5618
50872
474
68157
2194
1097
905
21
1299
1223
40815
720
6377
950
2501
48780
46578
1952
377
2973
1960
3307
337
2289
39
2268
1269
1957
3006
1263
1080
5991
3435
3481
3421
2908
1500
11
74458
1217
508
54286
916
2186
471
5669
235
1923
4886
1220
4235
1254
76093
116797
2318
1096
2291
3730
5816
3088
1256
1394
475
49530
29
33166
800
7502
2712
49272
1784
5064
1466
1192
5010
2917
1264
1077
2076
3468
1358
30707
357
628
8368
56367
1262
1278
1333
3160
1244
6874
951
3683
2971
1201
319
3363
2359
1997
838
3035
1272
3095
106920
954
2890
2243
671
1994
529
265
4979
3504
515
3868
3949
109487
1292
2355
1287
1084
57669
1927
44665
945
1374
27773
1090
2871
161
1175
16
300
1954
34405
106782
1939
3735
2739
914
3007
930
1959
2248
3362
1357
928
1206
946
109374
1178
6502
68358
1834
30749
955
73017
1280
162
54997
232
1641
3104
51255
538
2395
911
1948
2231
1584
1066
56782
2761
194
2391
1537
1248
1411
8874
3386
1729
63082
2690
3359
2303
1734
1376
1260
6863
1104
3545
68954
3471
91104
112852
440
223
8636
44199
581
534
44555
44195
1284
1086
1103
4085
1023
2081
2137
3072
2467
4007
8665
69
5630
1215
272
3365
3499
2005
69844
3671
3448
2160
4014
2202
1527
5956
741
1393
72641
2020
2987
3152
942
3418
7147
933
1281
1185
1211
3176
2067
3022
4262
915
88125
68237
2490
122882
81845
4223
3246
3275
1302
2944
2144
1179
2125
7099
314
89745
3134
64839
1266
134130
4037
1946
1408
80463
6565
3038
3510
1361
1950
1238
81229
2935
106100
3256
5903
4103
6796
2863
54259
54503
3952
1131
6979
54001
59784
907
940
1224
348
1231
6942
1580
2357
99114
115617
909
968
5812
1300
3548
81932
1305
412
2791
3068
3910
134853
1237
1189
7116
1120
5114
2010
2208
91542
2474
805
1218
900
1227
96079
1296
5444
1095
1663
3361
1282
3741
1343
8981
7090
1449
68073
40819
1619
2138
1680
2686
70286
1147
87232
31658
1956
6380
3791
2132
1273
307
428
3198
1963
6787
33493
8132
921
973
28
110102
104374
6669
2677
1209
88810
4623
3358
927
1127
3037
3044
112552
5971
3967
3033
81847
3167
106696
1243
6711
3203
73290
306
2352
7132
6331
97938
4427
6807
115713
6440
35836
104913
1283
105504
3111
41
2203
8970
2612
3451
5225
53123
1150
5103
25
3020
1251
92259
3983
4019
6552
86882
2726
2846
1916
5446
3260
1029
596
2331
6273
2925
3801
3101
52
6269
3310
81834
3039
6378
3524
69481
3916
1962
94959
368
3083
3000
3317
40629
72226
1944
56152
2795
4263
62
535
2920
2788
97921
233
1088
2729
3703
1934
7022
971
64034
938
1955
3364
4642
902
1235
8641
81564
58
55250
1982
373
5349
7137
65514
106438
230
7438
3469
93510
2232
2366
7013
85
6620
1245
3360
2245
7373
2353
3100
1719
37729
3783
3724
2434
88129
4787
4304
2078
1845
3071
106489
178
175
2924
8542
3201
45950
2080
146656
728
3098
102445
8798
5060
73321
3551
1049
3424
2102
2952
55069
67087
96821
2096
4450
60756
98809
86377
3527
7263
1345
81591
7451
85414
1942
5992
4641
1958
7256
4308
492
64716
26524
2936
3200
3196
261
901
101
3081
2313
3684
735
6235
6662
4489
8784
3505
2150
1019
2066
635
7669
6001
27831
937
4211
8950
3653
6708
3739
3507
1025
477
62849
1303
55267
308
38061
2648
8228
281
163
3814
89904
4422
932
2779
501
5673
6732
7075
1257
7091
45728
6773
4846
39183
2929
6281
1921
56145
3742
4380
85342
142488
3871
45722
2108
97304
37741
7767
58803
4896
2070
53956
38038
4865
2312
26614
65188
7802
1688
3019
3508
3129
3252
84152
222
59369
4799
4465
3535
2951
3168
3686
866
3062
3475
2664
2644
115569
51935
30816
1938
3476
4661
9018
4252
91673
26599
7932
141
39292
51540
3420
87306
55276
3213
36529
5876
2454
3263
91658
6870
8938
7143
93838
31878
3543
7293
3429
7386
8933
69757
5017
5902
7371
3414
5791
6350
171
3342
41566
322
2099
3606
2745
8958
32525
63131
224
2763
1277
1242
3676
1810
6452
1366
47518
4225
2406
4187
5152
8199
36708
5500
30810
128360
1649
2288
4086
4873
55052
1186
5608
1964
102123
8125
6643
7419
90428
2746
6612
176
3355
4616
58295
2764
68838
6783
5110
918
8340
262
64620
441
1484
917
8208
8188
2694
2333
6003
146
1253
3521
52458
446
112183
68269
4326
1827
2919
2948
5475
69122
32898
648
1797
1794
7285
52281
3270
4369
5008
2563
64285
32289
79824
41573
80839
48791
3060
3178
514
390
122900
96728
56251
1101
65261
3194
122892
353
2130
5772
89804
524
3102
4537
99764
62956
6867
6333
148626
98961
3869
1884
4467
2932
27478
3702
2351
2109
3396
1042
6244
6724
6777
5013
2083
6187
48394
7087
2403
2068
647
2819
72011
