user_recommendation
318
296
50
527
858
593
608
356
2571
2959
110
2858
912
4993
47
1270
1
1197
7153
1196
457
293
1221
260
589
3578
1136
32
4226
1213
5952
2762
904
111
924
4973
1089
79132
1193
1291
4306
1198
595
778
2028
1704
750
541
908
2997
6016
913
48780
4963
2329
919
1208
364
150
923
6539
1617
2324
2542
1148
2918
1222
899
1682
555
969
36
903
4011
58559
1035
223
1252
46578
4878
4995
497
1265
5989
1247
1203
1214
745
1210
1246
1732
1961
2396
1278
1968
2716
1276
1220
1206
6
1250
475
1580
1230
2692
48516
1225
1240
68157
1073
235
1285
7361
1207
29
2076
25
32587
2291
4308
926
17
2019
265
161
1610
1228
2599
2797
1204
733
1077
3897
44191
2804
515
1466
1259
3147
1199
56782
349
953
588
8874
1084
1673
474
1287
898
910
3793
2268
109374
922
2300
6377
16
11
1266
50872
1411
81591
1653
994
28
1356
3996
1729
1527
27773
56367
1212
1258
7438
49530
3735
64839
2712
5995
1244
3481
2321
55820
5618
1219
62
6863
1254
106782
57669
2917
3462
1096
1952
1464
1625
2502
48394
4262
1394
3788
1090
3362
337
838
34405
1235
33166
5444
5816
2115
2871
1269
1281
68954
2160
1028
471
1060
3949
33493
4886
63082
116797
112852
3671
1200
30749
1674
36529
1376
950
280
353
2064
86
1953
1036
1256
41566
7099
106920
480
1231
319
1088
4239
60069
70286
68073
3683
86882
1343
1217
115617
4027
412
2231
134130
1267
78499
6874
1292
1357
1945
8950
1393
2395
348
2739
4848
1641
33794
5630
175
1307
109487
2391
1234
81229
900
590
300
5418
431
3134
3114
628
2194
88125
3468
920
1233
5669
4034
492
955
3435
551
8368
7502
54286
1299
3275
134853
1947
951
2243
1179
6942
4014
914
1960
3317
76093
3424
6350
3448
3421
232
1263
34
40819
741
59784
97
58803
1962
58
1080
3201
5064
88129
491
1500
8961
2202
3363
281
553
4361
916
81834
4085
104374
6188
2761
800
1939
30816
3095
7802
7022
68237
69844
1172
946
3152
44195
44199
6870
3499
31658
2467
1103
2841
246
3510
6502
2303
7147
2929
3000
80463
1272
3006
1237
89745
2501
79702
4235
3039
1284
928
6796
1298
1192
538
954
5812
2353
2010
1784
921
1964
99114
508
54997
8798
40815
8958
477
37386
27831
1094
64957
81845
4789
6725
3072
52
2318
866
1927
2490
2690
377
1201
3198
69757
2144
66934
3068
1921
59315
1305
94959
452
2580
933
7064
4103
54259
3686
4406
3730
1097
2289
8665
194
73017
2105
45728
3035
428
1223
5152
3469
106489
2394
2474
262
4007
1884
1224
2788
720
3034
1227
272
3512
37733
1959
151
1248
3256
5971
2005
96079
1304
5956
314
440
7116
96728
6385
2117
79428
3507
2687
3307
98491
4037
108583
2065
115713
357
4450
3418
3359
7419
3111
2700
3536
8360
648
1120
8371
2971
72641
91542
1215
3543
282
3676
441
599
3879
88810
44665
7139
48738
4223
1834
2355
1178
3471
1967
907
7123
927
106696
108981
1948
373
54503
98809
3556
85
905
8580
3952
6620
1950
27317
3361
7587
945
3504
102684
3272
1095
108727
8132
101
7164
147
965
1680
261
2066
6987
5991
2594
911
2096
4623
2459
3262
82459
122892
2331
1303
3038
92259
8970
3033
2336
104913
122900
5445
535
2935
8638
69122
5103
2987
2070
1693
2302
2109
1050
6565
1395
3791
581
3341
893
1957
8228
1262
1257
380
266
178
5014
971
1688
139385
3104
1175
3088
64716
1264
31410
115122
671
2973
5017
3016
2359
2938
3702
6669
108932
2186
67255
52281
140174
3357
81847
5902
95510
6662
663
5464
4553
3196
422
5782
7371
7833
47610
59725
8711
6077
89
2106
7263
6440
5146
3408
1374
128360
51255
5010
140
1719
3203
1251
30707
45
3420
3612
3251
93721
96821
2863
112183
76293
2352
3868
61323
3219
3916
6643
102445
51935
30810
2463
4720
112552
2208
49272
101525
2857
3252
247
3210
7373
1954
1302
38038
2726
55290
6530
198
7700
6125
1218
1211
111759
8981
1845
7981
5105
65514
93040
7087
2908
106100
6979
53956
4263
1958
115569
82
4019
49957
5225
4437
38499
1260
3310
114060
2572
2132
279
1441
307
5690
3246
56152
597
86504
50068
233
1238
37729
935
7771
5062
2579
2125
34437
3467
53123
1956
2133
3501
6001
86320
81932
4404
74458
37857
3910
4033
71535
1366
106916
46976
4465
5470
2357
54995
2912
27904
52604
125
6773
81564
218
1147
4369
6436
51662
48774
97304
6783
1177
3074
3089
6452
68269
6419
1277
2952
55267
4459
55052
7090
21
1895
105504
1942
616
4489
1242
4326
5293
94466
89904
8493
5108
3594
909
64285
936
534
203
3298
3739
97921
109249
1907
3451
51540
7451
34321
6807
2819
2611
3019
1537
8530
5377
55069
2961
3342
55118
5074
7649
87232
84152
6273
7075
509
3365
4787
4522
4088
5960
4617
8589
4920
6598
1283
27660
7380
2078
2890
930
27803
93838
2764
3598
1020
86377
1734
96655
77846
50851
64034
1348
1594
80489
3814
126106
5002
2280
949
4628
3724
65261
3101
74727
6708
6971
2852
4914
7669
6281
91978
6791
215
3551
4821
2944
2312
8529
61240
2732
764
58295
4978
4427
5380
3429
80
507
5114
4448
1946
3044
3069
3684
1598
1066
1449
55276
26084
973
1086
2875
5903
85342
5518
1545
6116
130
93855
5244
50641
93320
111921
1013
7285
3022
2805
34162
230
93840
521
8125
3358
267
7137
6184
4010
6104
6218
392
1226
2108
2151
82169
69134
7212
8188
89804
2020
39292
8827
1191
2118
3270
3071
2140
1554
1274
3865
1694
190
99
44555
79357
3983
662
2423
3100
31921
26268
363
7132
100383
1358
423
71264
3713
18
2924
3701
3178
6254
8369
901
539
3102
5446
6242
56339
55442
7386
121231
4857
71135
8199
1661
4755
90061
3632
7926
42418
2026
2951
7156
7235
3091
