user_recommendation
318
296
858
260
593
2571
527
50
356
1221
608
589
1196
912
1198
2959
4993
1270
2028
5952
457
2858
7153
541
47
111
1193
1213
110
1617
1136
1210
1200
2762
923
1214
908
750
4973
1252
913
1704
1
4226
1089
1240
1291
6
58559
595
904
1036
36
1207
778
1225
1258
1233
919
903
1206
48516
1197
745
32
3578
1208
1148
293
6016
364
1259
1230
969
899
2542
1732
2804
1256
953
1035
1961
2692
2324
480
1219
924
32587
1276
1304
2797
2329
1220
1266
4011
79132
17
1228
1272
2918
1222
1287
8961
922
3147
46578
3996
1968
1247
5418
1610
1263
1204
349
2987
55820
1077
4995
6874
7361
733
515
2396
1250
2076
25
1215
150
16
1411
1500
1356
555
1203
3897
58
1079
5618
50872
44191
1673
920
5989
994
54286
2716
1199
720
1784
1262
2019
1028
2997
1212
1288
2115
2359
4306
3035
910
161
246
3114
1223
1060
48780
2064
4308
1674
5995
27773
497
3462
106782
1201
1466
78499
357
300
3435
194
5010
1387
898
1997
4963
3703
2791
8636
1265
8874
337
475
49272
2288
2973
1267
1682
59315
7502
2599
8798
8665
1073
1584
905
551
4878
68157
2300
1278
1357
2194
81845
1254
4103
926
74458
116797
1307
3363
3468
3504
2501
2355
594
1183
235
1235
1393
916
281
3362
1175
596
1224
1080
838
3949
474
3088
40815
3198
2467
4262
2243
265
928
6539
101
535
51255
1693
1246
56782
1244
1953
7438
1292
954
2087
1945
2231
3196
3676
951
109374
6377
6711
348
5669
1921
471
4886
1084
1172
64839
76093
1261
56367
2186
5782
33166
109487
1960
3160
2291
2908
4361
319
5903
588
832
7147
5956
4128
31658
68237
1719
4034
112552
2761
162
2947
2366
29
2080
1282
2490
534
1097
33794
8368
4007
3022
30707
3000
70286
3359
69481
89745
5500
2917
5445
86
1269
8981
1103
918
28
49530
3654
1260
1952
2406
223
306
21
4641
893
1050
428
99114
48394
3527
272
104913
1185
2144
3868
44665
3916
1237
88810
3039
1023
31410
1950
1358
1285
3735
3365
3175
3418
2078
8970
1729
1580
1281
492
3152
3358
2944
613
911
3034
2303
1227
3095
5673
1573
2985
2690
280
3730
3006
96079
3469
51540
968
2065
110102
3062
2067
116
4720
3671
671
92259
1248
44555
52767
1094
1343
1619
1464
1948
1231
307
1096
6565
122900
175
1090
88125
628
115713
3030
900
261
4338
4380
3256
230
1209
3481
134130
8228
3967
2686
81834
529
3307
4014
2395
30812
3098
5377
2018
3788
104841
82459
3879
3246
946
3270
940
7063
134853
866
6003
1912
7132
3551
72226
81591
1188
1234
2463
44199
57669
4085
1994
88140
85774
142488
930
1641
47099
1022
1242
51662
2318
2023
950
2871
115617
87232
8622
4914
1962
741
1348
599
3429
431
441
7386
53996
83318
83359
67504
83411
1302
7091
232
68269
79824
62
3201
4235
3037
48791
41573
32289
80839
945
2289
88129
2951
122882
3929
3683
7263
8950
96610
1211
509
81932
1178
3408
3503
553
308
1934
8949
59784
2150
1019
3594
3111
213
60684
1147
3134
2232
3653
6987
1625
106920
2968
79702
2313
106696
1537
3089
6188
40629
7360
6104
115569
2391
2779
6385
8784
60397
86882
5630
2572
4489
3386
88744
5446
7123
1284
4970
7373
1271
26712
7566
3368
2010
1354
148626
224
3552
2083
2936
81847
64620
7767
97304
44195
3499
61240
266
2677
933
1238
8542
6974
3865
104374
1834
7371
3741
2474
914
85414
41566
942
454
1754
1253
3334
4277
5971
3200
3629
4105
106100
8132
2066
290
3507
1954
1086
2102
7451
35836
412
3952
4787
3742
50068
4037
69844
3871
4626
4632
2403
1927
2000
26587
3424
4223
34162
2248
921
6807
4571
91104
4783
85
2726
1194
32898
3793
7235
1939
1957
7143
8958
345
3007
30749
538
1333
4327
33493
198
54001
6001
7771
8873
97921
1104
151
3168
1361
3606
4623
89492
3789
2059
73321
1959
73344
49651
1938
6440
2729
3911
3310
7022
91630
71033
6598
215
4406
146656
4437
7700
7090
4848
508
34542
42004
2948
77455
1217
1243
52973
7075
8957
1029
1101
68954
1066
1694
25750
41569
2454
5608
2455
4450
4881
6776
3104
7285
3347
3471
1277
93510
1283
1031
105844
105504
5732
3702
6530
2788
8183
3203
94959
353
53123
3072
11
40819
91542
5603
27317
26171
1459
4225
62849
2594
3675
1257
5444
5914
5177
7827
5816
6796
8675
6219
80
6187
106471
4705
98809
2096
27831
72641
2739
71899
1189
112556
5121
8609
5059
8797
31547
26400
4405
72647
80599
8511
7074
25769
3309
25764
3684
2764
3077
1956
1085
4799
1942
8645
65514
494
4404
7981
5062
3811
5017
8827
1275
93838
6433
47610
7587
112852
84152
86377
800
3681
7323
3097
91658
96821
2203
616
1041
92535
947
2579
67997
7156
34437
47382
68135
4117
6893
80748
50740
50658
50742
4321
631
2333
5107
2935
759
1305
1931
7482
4022
5301
4046
3350
2664
3963
6971
72998
1396
3129
104879
2553
6863
2912
30
3341
2178
5225
6773
3252
99813
5602
95088
6780
2750
1955
106766
98124
971
5034
322
112623
48783
6713
27592
147
4273
850
5915
931
2069
30745
44587
728
2580
8807
7256
27721
6868
61132
2746
5617
4889
6664
5193
5540
1620
3265
4263
2971
6791
1935
7802
4570
2920
4814
835
2344
52885
36529
6783
111362
1963
2502
2046
119145
5791
37733
5105
3543
3107
73881
2336
805
333
2872
4802
1046
5008
4465
26258
4326
2130
1947
2312
2648
3038
1293
56339
3508
5064
2728
3068
1264
141668
50703
6942
49280
26422
4616
3396
73
54787
6835
37382
48082
2058
97
81229
1273
4546
3474
8600
7706
2460
61323
6461
6774
5103
1120
86320
85342
63082
50794
54997
6331
3836
134170
3831
26776
3081
57368
973
6873
33171
2670
98122
3910
8529
1670
89470
81564
714
39715
6184
86347
95167
632
1366
68838
