user_recommendation
318
296
260
858
593
527
356
1196
50
1198
2858
2571
2959
1221
608
589
1
47
4226
1136
1270
1210
58559
364
588
2028
1213
1197
1291
293
4973
2762
150
1089
1617
1240
110
904
457
5952
32
908
1704
7153
111
899
4993
1265
912
1214
2918
2716
2997
8961
778
750
1968
2396
1200
1193
6016
2804
2797
595
903
1036
953
1203
79132
3578
1208
306
1732
3147
923
48516
2502
1225
1682
1207
541
33794
969
1258
913
1356
919
307
2599
2064
2324
1148
1073
6539
1376
733
3996
1259
745
4963
349
590
44191
4011
1230
6
2542
2692
1060
910
1035
1097
3114
1201
509
1246
4306
1267
1228
1580
4034
1080
1199
1212
36
1358
1204
27773
1957
32587
68358
555
1961
1247
1252
4995
34
539
112852
1304
909
62
950
223
628
2115
2329
2019
55820
1994
1584
2580
928
671
68157
1293
6377
2081
1222
109487
39
48780
1954
1947
7361
1927
2289
308
1527
832
8874
497
4886
3006
74458
2078
3421
914
471
1234
480
4878
1955
33166
1250
141
916
926
1674
3916
1357
1387
1262
2268
2005
232
1374
1307
300
3481
3948
780
235
80463
11
1393
1223
2186
2467
1625
2300
3499
353
1288
54503
922
2010
194
1219
2076
920
440
2132
25
994
5995
1079
76251
246
78499
1263
1041
1411
5989
1266
1215
515
3897
2890
905
5669
951
7502
1217
1077
46578
3435
1923
1286
1172
1248
3007
88125
6942
508
1042
2987
122882
1090
1049
1282
215
96079
1028
3101
1394
69757
319
5673
2973
2144
106782
3545
8641
30749
454
1959
475
1269
2108
2761
3039
1280
3868
40815
2087
898
594
596
5956
1982
3471
63082
33493
1916
911
3307
492
720
2359
64957
2194
49530
357
1256
49272
3044
85414
64839
2318
955
81564
104913
1449
2971
3362
3462
175
412
1500
56367
57669
1912
3034
1096
3703
1287
8368
3911
81591
1224
85342
1260
4235
1673
1517
6796
2687
1218
741
86882
1285
4027
91104
3753
3083
2985
265
1784
728
1466
7090
7802
3671
1884
3104
1237
3358
272
1261
1953
134130
5225
115569
1967
104841
106920
1186
69481
4450
7099
1952
109374
115122
5244
93855
108583
50641
93320
4519
79357
1135
1945
81834
4679
27317
69122
1835
968
3524
40819
3015
89745
106100
1284
4776
946
5903
47518
321
68237
1254
8784
2140
8950
2664
45
3196
3363
54286
1084
3000
6874
91658
647
3263
1380
3504
84152
4262
4979
1251
5329
8636
72011
1264
1834
1292
1754
68073
51540
3793
1209
3510
907
3328
92259
115713
101
2712
2935
8665
3317
68848
52
3386
3256
4022
112552
45431
3175
3476
2232
66665
2947
1081
2020
86
431
1206
8638
31658
1272
81845
3730
1175
60756
933
8970
3791
3451
2871
2795
146656
91529
60293
5010
76093
1178
30707
2357
6333
207
1296
6787
1573
3983
2612
48774
31410
97938
4483
1192
8958
59315
4085
766
4489
2529
3967
93510
1348
377
2572
1101
233
67255
3072
1361
380
4369
337
6755
940
2066
6807
1232
56782
7022
4873
474
3681
1537
8228
2138
1845
55721
2137
309
7235
96821
128360
5418
2594
3095
81932
2420
44195
56145
7137
26587
3468
4105
122886
41
945
7147
3469
2067
1635
3359
2788
93838
1227
1299
2142
1244
2287
954
3683
1921
500
4713
112183
1179
34405
46976
1343
299
5902
89492
1283
72226
7123
848
2243
116797
986
2841
7317
1407
2208
105504
168
1797
3018
82
4642
3949
54881
80489
524
8371
5103
87192
8910
3060
581
2925
3654
6669
26258
71429
54997
142488
3089
1249
146
48738
942
257
53318
162
2745
41566
1965
104944
74416
4846
2301
8340
79008
2670
2184
31435
68159
2694
5017
74727
3360
102123
100714
4467
6104
55250
89774
28
1918
4903
3565
123
3213
106471
69844
72733
1127
71135
6440
361
33660
2245
3526
3844
2872
5971
3396
2434
5014
44665
5444
3030
110102
5630
3970
2303
290
8957
1885
72998
52604
102252
51277
59995
26547
162376
95475
89085
5746
95499
95965
27109
2924
27646
2305
27022
82667
98961
89864
2231
2355
38038
110501
830
27831
2640
4103
6331
1022
112556
1013
6987
82459
322
5064
26524
943
52287
2648
1353
2096
3498
451
59126
7116
44199
5791
85401
3508
2288
21
3129
2248
4553
1029
2937
1345
1611
1189
5782
3505
2644
36527
6530
5377
7451
3134
362
29
1276
1594
90428
26606
8645
2929
96829
805
494
8981
1610
111759
3252
34437
2203
927
2942
114935
2447
6666
27846
48394
3503
6979
63876
3994
9010
8938
64620
54372
2071
37386
7132
6708
58
3735
68554
107406
6269
3408
4007
1147
99764
1245
7360
30810
83134
3167
3448
1859
2916
2501
1094
538
2018
4006
3249
3016
5690
6380
5291
4239
7587
4437
3260
7981
2202
5500
80
7700
3022
2125
850
2541
73017
35836
3507
59725
3088
5446
4914
2726
781
373
122892
7285
3696
4033
213
81562
3429
1185
61323
3527
2948
2917
1948
5876
5105
26326
2551
4427
1023
7649
7419
280
68954
1088
2728
8798
1939
5679
5954
55276
5312
1303
70286
64716
915
73023
2333
1302
6971
5062
4246
1963
55290
6711
1033
6235
1194
3635
1641
90531
4277
85774
262
3156
3724
7669
3011
3952
501
7371
8827
94677
2857
89904
1747
27251
4017
3728
3178
3869
198
5577
86377
3364
2160
6863
3925
3741
5159
6816
88744
102445
4117
4037
247
2654
3142
5668
2442
98809
112138
4029
26084
55069
2105
1095
759
100556
3037
2651
1231
7001
4822
2520
2371
2579
1171
1464
1950
1211
7771
1300
2094
3686
531
7256
5959
93443
99145
4361
44633
95510
148626
82527
121231
1960
1057
7091
2912
599
125
2846
26131
39414
3548
1281
5540
5477
43
5772
3543
5339
106489
58303
2983
3569
3266
111622
8529
63131
60161
52952
8542
3365
1255
1702
3355
65188
1233
79274
81229
8132
91630
1103
3105
7063
55908
535
7386
56251
3966
3788
281
71466
2946
80219
2123
1124
