user_recommendation
318
296
527
593
50
509
608
2762
2858
3671
480
356
1196
319
1240
1079
260
589
1278
3638
3635
1081
1198
2028
151
111
1080
1193
1617
457
551
2959
750
36
3147
1136
2132
3685
1663
364
1230
920
300
1228
3448
3545
1
2463
2791
1096
1259
373
1197
1258
922
588
235
3200
1732
2109
1387
733
555
246
116
904
1234
3418
3510
539
7153
1266
4993
1959
1219
2987
1304
5952
908
2949
25
1089
1701
223
3115
3102
2318
2020
3363
1354
162
3476
3082
903
1639
1192
1912
1956
2908
2313
3317
1244
233
2571
156
1097
2468
1299
968
3039
1252
1130
1464
353
2973
3481
1094
47
2739
1982
206
2971
3730
2138
1500
2612
3152
910
2137
3499
2600
2459
3917
1029
39
492
3175
3160
2348
2018
3408
1321
3067
2165
1077
3198
3683
2594
2271
893
1649
1186
1904
3471
2721
1086
707
1554
2245
1120
1177
2976
239
2081
538
581
728
1711
1333
1279
501
248
921
2467
3135
3016
3068
1463
514
1012
2513
2988
2130
247
2398
3359
1342
2327
2901
3167
1641
149
2693
363
2926
3814
2346
3546
1361
3342
2232
1875
2288
2795
1629
2166
3728
3837
1771
3813
3457
3420
183
184
1128
3833
2024
3021
2982
2093
312
2111
3851
621
2131
1034
3281
3272
2177
3490
3524
3725
2945
341
3734
3679
4009
1305
1312
1326
1332
1341
1236
2989
3757
49
3576
3547
46
2902
988
1483
1531
1543
3973
3804
2203
2682
2524
2419
523
271
2337
2606
3153
2495
426
2560
240
2553
3112
2550
2365
3213
2545
2517
550
521
2613
3036
2315
241
2475
2696
2755
2648
278
229
955
416
3529
2279
3724
103
2483
926
2267
1480
3274
1392
2752
423
3358
3244
2442
230
2107
299
1614
1348
3841
2384
3101
421
1274
3608
1513
3536
1994
1175
1292
422
2535
2361
2367
1754
3686
3361
384
1302
366
3908
866
1191
3712
1047
1353
326
567
1516
1991
30
188
1092
1235
125
1615
1345
1678
1187
2108
2144
2085
1135
3210
766
92
3840
3024
1983
2465
879
3015
3807
2664
1179
3755
2662
3018
22
2966
800
2668
1590
2725
2126
45
532
410
1271
1920
3624
3258
1125
52
1655
3391
3672
3760
3770
953
1214
2867
3083
1805
4226
110
1394
2160
2657
500
2710
1625
1293
2455
2692
342
1291
452
529
86
3194
2700
1288
1569
2919
2349
6377
3738
515
2139
628
193
272
2699
1374
1391
1885
3639
3552
2712
3699
32
1032
1025
2912
541
2759
2738
2469
1282
2290
3557
1031
1203
28
3421
150
745
282
1210
34
1247
1527
7361
280
279
412
724
1213
4306
1968
531
1208
2917
2683
858
327
1580
6016
1356
849
1233
1610
1217
3396
2929
1449
1104
380
1285
71838
58559
1027
2396
3125
69757
3949
2997
1237
3435
2300
101
4886
1036
5995
30810
350
3809
1262
2395
16
281
6807
590
48780
76093
899
912
1242
6669
2064
2746
913
2289
4963
2502
8827
535
778
5418
62374
48516
44555
1408
1207
2490
1673
1945
4973
2918
60069
51255
33794
73017
1947
736
79132
74946
3081
1127
3201
1396
1249
1376
2424
50872
1212
1948
2732
1243
446
1298
253
3462
3534
3705
3684
3707
30707
3591
969
2019
54286
5377
3633
1958
900
3501
1573
898
3649
595
222
2871
2951
3134
1283
194
68358
1172
1944
1264
70286
13
2757
2794
1406
36931
27724
52458
67087
1220
2303
919
73321
936
3387
1254
2248
339
1272
231
786
1222
27773
2580
1290
3005
348
1566
116797
44665
2005
54997
1035
1284
616
1645
2141
379
4299
2353
1223
4995
1023
534
2124
8957
2335
1073
597
1466
3507
2115
261
69526
2142
2119
2907
349
2788
8665
2333
109487
3504
2080
1921
3863
293
2087
3108
2076
1372
556
3262
1148
2355
4979
1268
2423
1375
4235
59369
2099
43
1962
117176
1845
3543
678
1300
6380
68954
347
140110
1953
3072
48304
2366
1022
1643
69640
91690
81788
122888
90600
1263
1370
1963
1017
37733
84392
1635
1057
2761
176
2985
1251
2915
32029
3044
68
1688
1261
481
171
3362
1063
2029
1504
134130
2716
905
3203
741
55765
2474
3252
3505
2406
2105
1476
3521
507
2857
3033
1347
1093
2947
1194
3526
1612
3791
1199
1954
388
6269
1588
2750
1923
753
1784
2496
3130
2866
610
3060
3798
931
1730
4008
2117
1061
48774
1674
3916
2736
3341
1256
3701
2527
109374
2529
1584
2118
85
2870
1881
170
3984
2097
1411
2792
3733
3104
234
2096
720
2145
2942
3261
161
1969
2148
1974
1330
2928
2451
2599
3247
930
56782
3256
1046
2418
1535
2014
2077
2247
55
2090
2803
1351
3812
448
3251
2860
3654
2872
4873
2187
76
3658
2397
2766
3665
3676
78
3692
2374
3696
2376
3604
3627
513
2460
3495
3496
3497
3525
121
3573
108
113
3577
3584
3587
3590
77
3708
3729
3713
2295
3938
2256
2257
580
3930
2259
2261
2263
2266
571
565
2287
3928
3927
3923
3715
3968
2301
3970
3805
3971
3759
3758
540
2347
3731
537
3491
3727
3716
495
3459
152
287
2659
3183
407
3141
390
2250
3103
3086
3063
3048
2689
3045
3040
387
3029
2654
3028
295
2992
2733
330
2956
2899
2898
2855
2853
2753
2851
375
2796
2656
2644
2472
2521
3480
3465
3461
2774
3449
3429
3412
3402
3397
3392
2504
189
3343
2518
3331
3197
3325
3313
3282
3271
461
2536
451
219
2551
447
3239
3211
2586
3204
2255
3941
2089
2038
846
1415
2047
840
2110
1493
831
2143
1529
804
1603
2043
612
1642
1728
1349
1779
754
1833
2037
1844
2122
680
1998
735
1976
1978
1986
722
633
875
1465
2055
2184
1087
1024
1151
1161
2215
1003
1255
2052
2091
2189
2051
3946
1335
2048
606
1336
3466
1019
2041
1611
