user_recommendation
318
296
527
858
260
593
2571
50
1196
2959
608
356
2858
1198
1197
110
1270
4226
1221
4993
589
912
47
1210
457
7153
2028
4973
1704
5952
2918
750
150
1193
293
1136
1240
778
58559
1089
904
1617
541
1968
3578
1259
919
1291
1
2997
899
1247
2324
1203
1225
1213
923
2762
2396
1214
908
1208
924
969
364
953
1252
1207
2716
36
1073
3996
1961
1200
1682
913
111
2804
1036
32
1035
2797
3897
7361
4878
903
5989
6874
68157
1148
48780
44191
6539
1219
590
1206
48516
17
6016
4963
497
1250
265
1288
5995
745
2329
79132
1265
1307
1228
56367
1230
2291
3481
1258
4027
4011
1278
1500
2542
1060
3114
2064
926
223
32587
1304
2300
595
1610
5618
898
475
1220
910
551
4306
1097
2019
2268
480
4995
1222
1732
1204
1199
1172
2692
1246
994
920
2599
34
515
6
1090
25
2502
8874
3147
50872
4034
116797
39
3671
1233
1276
7438
1947
246
11
40815
5010
78499
1254
55820
1625
3504
235
1084
337
1212
59315
1077
1223
720
3362
2987
733
1079
49272
1215
950
1394
5669
1580
2761
349
1287
1393
106782
471
2395
8368
1945
2194
1293
109487
1784
2144
1356
555
588
7502
1299
1224
800
115713
954
1096
529
1267
1285
232
2580
3462
1244
3471
3421
7147
134853
1374
1217
3006
1387
59784
905
1960
3363
1952
3683
3435
6502
922
377
1674
1094
88125
272
3088
194
2791
106920
3868
916
1266
671
3095
16
3201
2501
104374
68954
474
2318
2076
1284
4308
1256
86882
1673
1179
1641
509
1957
6979
300
2243
3730
3035
8961
1234
6942
534
4361
33493
1263
33166
2359
2186
951
74458
2871
1466
3317
57669
2115
1201
5377
29
3703
54259
5782
1272
1103
3735
4235
76093
1269
49530
109374
1192
1028
508
6787
8798
70286
81834
1948
7022
5630
4085
1953
64839
30749
31658
2739
7099
5418
5445
63082
56782
955
44195
2971
3104
44199
2355
838
2929
3033
1361
2232
81229
3359
80463
134130
1411
1175
79702
5971
2985
3152
2917
1357
3039
2303
91529
2231
1997
2289
6863
5500
2125
2020
1261
3044
628
741
1449
4103
306
81932
307
161
46578
162
5060
1296
6711
6377
3246
7386
69844
1023
1095
4007
348
1955
2132
945
34405
1183
1231
115617
1264
39292
8784
8636
3468
914
2105
2248
1242
1729
121231
112852
1178
7090
62
84152
3983
68237
1235
104913
36529
3499
373
175
96079
1104
35836
5225
96821
1086
1834
2890
946
69757
38038
5956
1249
8970
81845
8665
3429
68358
261
535
28
1292
1912
2690
2208
92259
106100
440
82459
3949
54286
2357
921
968
40819
1946
2664
222
915
54997
2686
3000
97304
2712
1956
48394
2321
2935
927
911
142488
3307
6350
5444
930
3196
1939
6440
6796
3198
37733
115569
538
146656
281
81591
1281
41
72226
3089
73017
102445
280
1262
322
110102
8228
900
85414
3252
7143
6380
492
4014
1964
1283
87232
581
1257
64034
2467
1584
1921
56152
2420
1271
3724
1282
230
5103
4903
37729
44665
3210
1248
104841
2108
4979
3037
99114
8132
907
6807
52435
58803
73290
3081
3160
90061
4755
2648
3911
2005
1188
4846
3068
4886
101
41566
308
3101
933
3686
1066
8807
3791
233
3952
88129
5902
1189
2924
93510
7669
4002
1754
69481
91658
3527
353
64716
1537
3341
549
3007
86
42418
97
72641
111921
4033
4128
6662
106489
3543
728
3448
1343
4037
2947
65261
213
2863
2944
31878
3469
1845
1280
1131
262
7156
6565
1260
8958
80906
30707
1959
935
3213
51540
1238
50068
3100
477
60756
1302
909
3111
3916
1950
314
3386
5876
44555
98491
1303
1237
4223
2150
7139
2245
1994
4873
942
68073
2746
3167
3260
81847
33660
3871
116897
1635
2973
928
86377
3022
1029
971
81564
3361
3203
3505
6385
52281
3060
1927
7075
8645
7116
53123
5014
2968
3476
85
3071
3418
80
1305
99813
6188
26662
3967
599
3814
1041
26152
1719
1653
3072
1120
8580
4017
94466
5812
1680
6104
94959
4427
3365
3034
38061
5064
122882
7087
3788
2908
2288
1963
1358
3545
2463
3358
4896
3038
1958
1080
60684
3357
4246
8633
1177
5791
1025
1061
88744
45950
7802
1209
3275
735
55052
2080
1934
55069
3342
3020
4696
80489
7451
2138
89804
1333
105504
7698
973
8981
85774
64620
5816
27846
2352
51255
89492
2078
1967
70293
2745
3016
2398
54881
3507
1251
85342
215
3396
131724
1218
97921
93721
3153
149
106438
53519
2529
2732
26587
4920
5470
3134
51662
89904
26729
2644
27660
759
3801
3606
6598
58
4465
3783
2137
1954
1050
7844
48738
6331
4623
1211
2857
1944
3414
98124
148626
2203
5460
3355
1962
2167
54503
357
3105
5446
3200
1185
3074
112138
1277
8638
2780
531
27803
428
64957
26084
89745
1923
431
3019
4326
6986
4166
4537
2925
6724
5810
111781
4787
1693
21
902
2366
65514
1286
27831
67255
37857
412
2312
2641
111759
4263
3524
4442
4565
4567
4717
2880
876
1611
7482
56145
32898
46976
2788
7380
1300
3112
107559
6254
319
5690
3627
101741
2872
2081
7013
2273
7137
7285
5146
2070
6777
63876
106441
6974
3677
3728
1810
1484
105844
2406
2278
178
3551
92535
104069
58295
3098
93838
2726
27022
3521
100556
6725
4789
127152
97938
2750
6552
26524
31433
940
110645
2102
51412
8827
96588
893
2912
2612
90428
33794
8950
96655
37741
3310
6273
2041
1916
4029
1147
3684
77658
107406
3451
55276
4105
4321
4066
6327
3070
6932
1376
6783
1907
44974
6281
3135
9010
3739
122892
96728
3360
3219
3989
1081
54372
3702
140174
7419
106696
5540
54995
2728
41997
8371
1088
1019
51080
49651
55442
2071
6669
3408
1643
3364
1797
106766
76251
4801
58347
82
99764
5341
3741
4406
6659
850
30
1938
6269
1827
918
40629
2916
100714
2594
3083
36517
31435
7256
2118
6286
6333
46322
71156
1942
4121
