user_recommendation
318
296
593
858
527
50
608
260
2858
356
2571
110
1196
2959
2028
1198
4993
1221
1197
1704
2762
47
1270
1210
111
912
4226
1213
457
1225
778
7153
4973
2804
3578
32
1136
1
1193
1617
5952
589
541
6016
2329
7361
590
58559
480
904
2997
750
924
1252
1203
2918
969
2692
1240
223
1259
919
1200
1089
1291
1258
908
8961
246
588
3897
1222
913
293
903
923
1732
3481
1580
1233
4027
6539
4011
1208
1527
3996
5618
5995
1219
1079
1304
6
1199
16
150
4995
1036
953
4878
595
1090
1234
2324
1387
474
1500
1954
1263
1207
2542
1961
2115
3147
1682
4306
1276
2396
3363
48516
27773
349
2791
32587
1247
6874
471
1953
3362
1212
6711
1358
745
364
81591
3471
2278
1204
1060
50872
33794
3421
5989
7502
1230
55820
306
920
1968
2599
515
1393
79132
1288
1265
1246
899
6787
555
3911
44191
1394
780
1228
40815
1220
4963
551
68954
1215
2318
3504
300
1080
5669
2467
17
337
5445
1272
5971
1356
475
54286
109487
56367
1084
905
79702
116797
161
141
58
2716
2019
3462
1267
2973
1214
56782
1242
911
6502
235
3114
1947
307
1148
308
44555
2291
733
1206
1299
86882
497
1095
54503
1997
1086
73017
3967
2132
2064
2797
2871
4016
1097
3000
3360
48780
30749
8874
2502
968
122882
2194
194
926
1343
62
357
3949
1674
2395
36
319
1287
628
1032
1278
898
368
1307
29
2501
1243
54997
112552
4886
3088
3671
4979
2268
5782
98491
1321
1266
49530
2005
2917
72226
69757
529
69122
39292
1293
31658
78499
70286
3952
2321
71264
5418
65261
69844
3735
1269
44665
3198
54259
4007
1653
910
1333
3730
6732
3033
6377
3793
3201
3435
6796
951
1339
2289
3317
67087
85
2580
31410
115617
68358
916
838
99114
458
1209
1028
4034
3095
3499
1025
59784
51255
253
1957
76093
8132
1218
68237
232
2788
440
3543
81229
1250
2352
2020
1680
2144
1625
741
534
3548
1261
348
1610
47610
1962
1994
92259
34405
3006
3510
1077
5064
2336
8368
25
1282
4903
8228
2890
93721
5060
96079
5464
30707
535
508
1185
109374
112852
5816
1262
2875
4308
1111
57669
491
1747
1035
50068
4427
1641
1257
4967
4086
1188
8970
1103
7090
88125
5903
1231
96821
63082
2712
922
222
2690
33166
272
3101
3307
2846
3246
7438
805
69
108932
1956
1073
40629
39
3152
2761
3020
954
2916
1227
11
914
5010
2096
265
1201
5747
2248
46578
2313
832
1354
2490
1964
509
1211
59369
3653
2303
1945
1688
290
3683
5218
34
106920
3451
728
6350
8641
89745
2071
1175
261
3081
3868
1274
4641
4896
1374
766
1284
156
2137
262
1960
4014
7156
3034
3476
1466
68157
1224
106782
7147
40819
553
8807
5444
599
3418
134853
2863
2359
28
1275
2746
230
3213
3037
1449
2186
2739
3989
198
1256
1344
1162
7096
1411
661
3019
52281
35836
224
82459
1958
3083
940
33493
3606
41566
4235
6440
1249
955
3044
431
2908
1171
1094
3910
175
931
6299
74458
3350
1177
49272
99764
127152
80549
1096
994
8208
3424
850
3983
1217
3526
7254
106489
1952
1238
134130
37857
100556
73321
8880
2924
8644
3467
54001
94466
2231
72171
93510
3527
44195
63131
52
938
7137
1913
102123
6993
1611
3927
3844
7320
102445
2202
5055
6413
2081
122900
4262
2058
6979
97938
96829
233
146656
59315
1021
950
452
7256
3963
2243
131724
1729
671
4321
3200
906
7143
2460
900
73344
64614
2707
85414
54881
7386
81845
7451
37741
162
4128
3071
2938
943
26776
928
48698
2984
4584
65514
6380
2300
6807
177
7099
5630
2160
67255
106100
3252
96728
1235
6333
3706
2728
1041
71156
562
4033
1260
26
21
250
4351
39183
93443
1673
1292
1982
81564
1283
3181
133771
7698
72998
112138
65188
2866
3007
1361
2357
800
98809
942
3062
91542
58803
71899
79677
148881
160590
139116
74754
81156
107978
86000
96467
85438
127108
128620
139757
2288
45447
2682
4326
8950
1566
4465
3469
8638
30816
345
58295
4188
104913
69481
412
2078
112515
71535
3334
8191
33660
1255
54256
1285
3429
7075
4322
215
81847
51935
3089
1254
4223
7160
1950
1082
1172
2459
6378
8784
1357
80463
3167
1834
55274
1921
51412
2301
3724
48304
94959
1924
5673
7373
8622
5500
2929
3359
4217
36931
27724
4105
299
4450
1104
36529
3654
46976
1788
3516
55267
52458
1927
1719
7027
7215
44761
1537
96588
5876
2073
1348
8665
3783
4017
151
6870
5544
3980
5991
3477
949
31878
1248
428
3609
5956
3929
2872
3178
3104
5379
5238
4537
5801
1423
4010
2664
26614
4848
6754
27831
5337
4467
2087
7802
866
279
41571
64839
36527
37729
8910
581
4280
2203
4019
6269
6323
43
1099
2304
1959
7285
1081
6708
31696
2841
7481
5300
5446
108583
5152
55442
3035
1078
268
67788
280
3259
122890
178
241
934
6218
3871
159
30812
4945
4466
2594
1027
1127
64034
1892
915
2138
8917
2912
95311
3341
49278
71429
7139
3811
66934
46322
281
190
2080
31435
3681
8128
55451
3420
1649
1923
735
52435
3505
122892
128360
632
2406
97306
500
2660
1564
3943
1147
1931
2819
66665
95088
3668
37830
2065
3615
6461
3275
115569
53
5785
115122
616
62374
3741
53129
3638
5812
1846
3168
2344
3414
1366
1061
1130
64957
2488
1711
1809
45950
6565
5902
902
3189
3135
4085
61236
41
1948
27846
53996
3111
4174
5690
73290
80489
88129
1015
114552
2334
3011
97
3789
4191
1888
4880
104374
971
1824
3468
1173
55721
3265
4140
71033
74946
5146
1057
52885
613
75440
91094
87660
55031
8798
58351
1592
14
2067
2572
59810
8580
5398
3412
48738
6552
927
1859
2673
2585
446
52604
62081
531
2792
72011
3655
66097
930
71838
6959
373
7263
74727
538
3742
55069
322
87222
5014
1399
4557
85774
6776
100383
2795
