user_recommendation
318
296
527
858
593
260
2571
50
356
608
2858
2959
1196
4993
1198
110
1270
1197
47
4226
1221
7153
1210
589
912
4973
457
5952
1193
293
1704
778
1
1136
2028
3578
2762
1213
32
1089
1617
2918
150
904
1291
1208
1240
541
750
908
2997
899
1214
79132
364
111
1252
1225
1203
480
1682
923
969
6016
913
1259
1207
1148
588
2396
1200
36
58559
2692
1968
745
2329
2502
2599
903
953
924
4963
919
595
48516
4878
5989
1219
1258
1250
1222
2324
1036
48780
1247
2716
68157
2542
920
3147
2797
1035
3996
4011
1961
7361
6
1625
1199
1228
2804
1276
4995
733
4027
926
1060
2064
910
1732
1204
4306
2291
3897
898
337
17
590
1073
44191
555
1610
3114
2019
1206
55820
4308
6539
46578
1304
1028
8874
1947
5995
1278
1580
6874
32587
1230
1265
1172
1267
56367
497
1307
1246
349
1293
377
3481
1212
246
2268
950
515
922
1097
1220
1287
3462
1394
33166
4034
1288
2580
1500
1254
2300
1674
2186
2115
2194
1356
2076
954
1079
78499
2712
5669
116797
5618
1945
106920
1090
1953
1223
57669
29
994
3949
1217
74458
1263
109487
11
40815
63082
1077
50872
1244
7502
223
474
628
194
56782
1952
235
1084
16
551
1960
1527
3730
1080
6502
1234
161
68358
2761
2501
671
3671
3362
3868
3418
928
1269
59315
1673
1285
2289
5991
1299
2144
68954
2917
905
3471
106782
265
7438
3735
2395
6711
70286
1466
33794
955
64839
3683
2303
2971
112852
2739
8368
27773
4235
1729
134130
3307
508
1256
1264
3499
475
30749
1411
741
1233
1284
49530
3504
509
1215
1096
33493
3421
2871
1784
2231
2248
2243
1374
99114
3006
34405
5418
30707
914
800
3435
86882
76093
81591
1094
5630
720
272
3198
7147
2081
1103
25
1333
1192
380
1179
1954
280
1357
529
5064
1175
1584
31658
4007
3000
1231
7099
1224
951
3104
1939
175
5816
916
1393
134853
3035
1292
3468
92259
1280
6796
54259
1272
88129
96079
3359
44555
1266
2359
2125
109374
115713
1201
2318
6863
2467
3317
44665
1387
28
3095
535
104374
2890
2841
2202
44199
88125
81845
2391
2005
1248
357
4085
1260
2908
6377
5971
2795
69844
1095
68237
162
2648
1262
1235
49272
3203
6807
471
232
1281
319
946
3510
7022
21
81229
2020
2132
648
1957
1997
1361
1218
5444
2160
4014
3088
2690
7090
39
538
1178
6979
1948
86
1959
581
1641
1834
3068
3363
1950
59784
2929
2357
72226
8132
942
2353
5225
3175
6787
54997
68073
3952
6378
73017
81932
3022
930
933
3791
3152
102445
927
6942
2232
1251
80463
1189
51255
2644
112552
1305
106100
48394
4886
79702
3038
1994
3083
909
36529
3448
3201
1303
4037
1537
1962
2490
2664
94959
2078
3256
7802
3386
3016
3703
1302
2935
1249
945
838
866
38038
1946
8950
3213
3246
104913
3686
2612
2686
89745
1086
3101
5010
911
3424
3034
1376
805
3310
6870
62
96821
5956
428
261
3788
2924
3167
2474
6380
345
3072
6350
112183
91104
1927
3252
2726
1464
4262
3358
8961
110102
1209
2863
3007
2944
4239
4427
3039
3081
72641
222
40819
534
7669
5812
921
58
4361
1956
2067
3429
968
1257
1754
2529
85
1916
3361
3019
3451
97
233
1967
87232
2203
1719
2138
1449
3111
1120
35836
2791
106489
56152
6662
81564
2987
5060
1734
44195
1283
1081
5876
48738
8970
3814
1023
96728
3916
1237
3545
106696
2463
60756
431
2245
306
1238
2208
4450
3219
3275
146656
7116
7386
300
1958
50068
3983
971
348
1955
81847
230
54001
1343
6669
3037
4105
64716
52
900
6001
91542
85414
1296
7143
45950
8958
2352
3260
1261
1358
30816
3702
69481
98809
2788
122882
69122
41566
4304
105504
6281
3469
3724
2137
1066
735
46976
115569
88810
2096
32898
1982
97304
6565
309
6440
81834
6331
54286
4103
5903
178
86377
3134
39292
104841
4263
3033
3089
4979
4642
26524
3168
1594
1845
3741
58803
2729
142488
3543
412
37733
2925
314
4848
91658
53123
1013
85342
122892
322
1366
4033
115617
54503
47610
69757
128360
31410
907
45
55069
125
4846
7419
6732
4896
7087
2070
3546
4489
3684
3071
973
3505
1131
353
5446
2331
6385
3365
7132
5992
1104
91529
27831
6235
307
1147
8981
84152
1277
140174
51935
247
3355
7137
1964
52281
58295
2746
2687
1680
7013
2694
4128
5500
55052
5114
121231
2068
4422
3548
2952
55250
37729
3653
213
4787
1907
1921
5146
2366
6620
93510
2313
2731
3044
6773
67255
3811
6283
1211
65514
47518
1029
3160
2654
3793
7075
4465
26662
3060
51412
4478
40629
1185
55276
4326
262
3196
1649
440
3414
3507
8807
26729
2919
8798
3342
5103
115122
2651
290
93838
7649
2459
8938
363
66934
99764
96829
2288
89804
106438
6273
116897
3102
108583
1688
4406
477
54995
492
80489
30
1663
8228
2732
373
5152
6452
1227
64620
6104
8784
766
2010
70293
1963
2118
37741
86320
4661
93855
26326
3536
54881
6708
6269
3210
127152
2109
26599
4252
91673
7932
53519
67087
87306
5878
90428
2420
5475
89904
3018
8638
2108
2423
82
45728
7373
2819
7263
4223
6659
3364
1611
1088
2912
74727
9018
2106
2355
4432
5772
7064
2920
1942
8641
452
7767
6959
3200
98491
7212
4821
3871
4349
7235
3501
4696
6552
3467
7371
139385
6987
7320
13
4755
90061
3475
2936
97921
31878
89
224
64285
3270
3112
5690
6419
3272
949
2728
2102
3360
53318
915
7380
4720
3910
2434
6986
556
2636
2650
2649
2647
2652
64034
8645
61240
77658
63876
1827
3067
8542
5791
65261
441
4410
2273
52435
5017
1912
80
101525
93320
50641
5244
27022
1934
3966
7139
3801
31435
1944
6754
5108
8933
663
42418
116
1202
33660
1566
2336
55269
2857
6003
7285
850
68838
8264
4623
7256
101741
110645
6244
917
965
2677
79357
