user_recommendation
318
296
527
608
593
50
356
2858
858
260
912
2959
110
1198
1196
750
589
1210
2028
2571
4973
4993
1225
1197
1247
1221
1270
223
1
1240
47
1089
778
904
2762
1233
1193
6
924
1203
293
111
953
595
969
32
7153
5952
1704
1136
899
923
4226
7361
541
4306
1206
58559
1204
1230
1207
357
150
919
36
1291
1265
1219
910
2692
908
364
6016
17
1961
2396
457
1252
913
4995
2329
720
48516
1259
1304
2324
3897
2599
1276
5991
1220
475
903
497
1213
32587
2804
1148
1673
1732
2918
3578
1617
1036
745
926
1610
1682
1222
2797
8961
474
34
4011
265
1079
46578
1250
898
480
162
44191
590
4963
2542
922
6539
994
1172
1394
55820
1945
1278
1228
1060
2359
1214
3114
1288
6377
1208
4034
25
838
50872
3362
951
7147
1224
5995
1258
588
4027
3421
3504
509
16
3147
918
2908
79132
5669
348
921
232
2791
337
1246
3481
8970
1374
1307
471
6874
1104
2300
515
68157
44195
3160
3072
246
78499
1084
3462
5989
5618
534
306
1256
6711
3435
1192
2019
1960
3152
916
3910
1254
1097
56367
920
1179
4979
56782
3996
1035
1090
955
1357
1968
29
1028
76093
1199
1215
2997
1584
308
2194
1096
968
2064
2065
1073
1356
27773
235
914
81847
1283
1023
1641
1217
2750
88810
1267
261
307
61323
40815
1212
954
4424
3363
1939
2010
194
1884
1201
2716
109487
1262
2321
2929
4886
1287
1272
68954
349
3671
2395
1944
101
2871
3201
48780
2202
1244
8368
81845
54503
85
1693
44555
911
2391
2690
230
5444
1211
89745
1466
5816
1269
928
2973
33166
599
1238
2303
1077
1719
49530
2580
21
161
1784
86882
28
4380
1950
1094
3916
7502
1962
671
508
4235
1625
492
800
1358
4014
1500
1280
2355
1958
927
30810
2268
1354
6942
2289
1251
3088
1952
109374
6993
59315
3814
1177
175
1947
3256
11
3255
3341
2020
1964
538
1175
3035
2302
68269
2248
3252
1296
1050
7263
5225
4427
1299
1674
3357
3683
1178
1300
1997
2947
6807
915
661
3361
1086
1271
41566
58
1131
1293
1257
373
213
2917
2132
2501
733
54286
81834
3000
8580
866
1963
97
1231
1953
3074
2502
529
4920
5470
935
106696
1927
2018
53123
3429
1343
69844
3545
3510
1266
8638
5418
902
412
3952
2788
48774
1281
5218
2427
1223
905
272
2712
1260
5630
2243
4641
44665
3260
39414
2105
59387
79824
80839
41573
32289
48791
1941
3095
1080
79702
1303
1948
8874
233
1103
68237
2291
88125
3386
6936
950
5135
2351
8784
2186
1956
1921
5028
3676
116797
549
72226
930
347
73017
8239
2687
971
30749
149
1235
965
1934
7574
52617
7564
3415
26150
872
26578
668
4271
40629
4658
35836
2739
1619
2067
551
46723
431
2333
1537
1333
1680
4262
562
616
945
1147
764
2490
60397
26258
3270
2890
2080
57669
82169
94466
3471
3251
3307
4103
3089
1834
8228
3594
845
483
2311
1344
8645
7139
72641
2131
36529
2912
1285
31410
7156
1284
2820
1845
6918
2573
62
900
4878
55069
7451
31658
3552
1959
2130
5010
115617
3730
92259
8981
1699
2572
2360
1292
326
68135
1150
1066
3039
71156
1393
2081
933
6773
2951
3104
2331
2467
30812
94959
39
2059
428
3359
4007
49272
3865
8132
2721
82459
8949
3420
106782
4720
1639
5782
907
6787
6003
5414
377
2318
80549
5377
1046
3134
69481
477
1209
1189
1263
51540
2078
5679
1734
2000
5349
3098
893
1200
71264
5673
3408
5902
4874
3879
2987
454
1253
80463
3701
1249
2746
131724
8969
81229
63131
99114
1049
531
4223
281
581
2076
3469
5971
1411
2677
5103
901
3524
1688
44199
34405
51255
3022
2863
1957
2099
26776
6187
40819
8665
6440
741
6254
36517
555
55814
171
7375
7698
4801
3702
524
1099
3505
55451
4722
1954
2117
32234
4616
1273
215
6327
4855
8636
6380
7926
6783
5398
1305
7438
2125
2137
68848
1237
54001
2403
1694
2208
42004
4085
87232
95558
3633
3451
4037
7072
66371
6218
2641
70286
2454
3198
2232
3006
1942
70293
5956
1232
441
1361
5903
363
123
27700
3468
4006
1748
1248
31903
2443
52975
7154
91542
3543
3396
7158
31878
938
6957
3703
628
8958
937
73
594
850
45728
2463
2029
1365
6708
116
2115
37733
2553
2108
8950
1183
2138
2087
4700
115713
98933
6769
5264
4724
6033
6369
6342
7260
5229
6770
54251
142240
140747
2626
8699
142068
59549
107083
141124
140763
140761
147037
140759
140755
140751
140749
27826
3575
70762
140741
82608
127728
140745
103731
130522
140739
84414
140743
4342
26791
26843
47382
64957
1903
27523
5391
2278
2545
3457
1218
3007
54997
2607
6331
46976
1376
98491
45186
3606
1938
26524
2664
8807
3724
465
2726
7285
66665
4903
3129
1940
4308
3503
1670
26326
1387
89864
1242
1184
635
71535
1095
3448
3546
8366
7371
1191
89804
1994
56339
67997
47099
8798
62912
61071
3914
3763
55274
58347
4263
97304
268
52885
2109
1061
309
205
96588
156
222
78209
26422
49280
34162
52435
2728
2736
48304
6870
3735
1946
3831
6777
46062
7767
55276
39183
934
59418
7116
96079
2068
26318
1227
3365
4273
7771
1078
4571
122904
4422
3788
110102
1185
3825
353
99149
85414
4584
6662
3081
122900
1194
121
5608
53129
60069
5055
2042
3071
138036
3196
3317
37741
68838
4225
1264
58998
7143
6123
8338
89492
67788
7979
1120
1643
986
3809
2707
973
2394
53972
65188
3203
91094
55031
75440
59810
87660
7481
2732
2971
2357
4361
3555
4787
4326
3581
18
7164
5812
27846
3969
3037
58295
3189
54276
95167
4102
40491
61206
6641
58425
4334
8199
2673
4470
44974
3069
1735
78316
4357
2432
946
2102
48698
229
6059
30
6776
4465
1827
81932
8464
255
4914
91653
5102
46919
91886
108932
97921
4896
64034
52973
2066
1279
5017
3062
2442
