user_recommendation
318
296
527
260
593
858
50
356
2571
2858
608
2959
1196
1198
4993
1197
1270
1210
1221
589
110
7153
4226
47
1704
1136
2028
778
58559
1089
5952
912
2762
1213
1193
1291
1
457
32
111
293
541
3578
4973
908
904
750
6016
2997
2329
899
1240
4306
1203
2692
1265
2324
48516
2542
1247
2918
150
7361
1732
588
919
1617
1208
480
1225
745
2396
364
1682
4011
2064
1304
1252
1214
2804
3147
36
969
6
4963
1259
1968
497
33794
1200
913
1148
923
4878
1036
79132
953
17
246
1207
1219
2599
1204
1246
924
1288
1961
6539
3897
926
2716
32587
1258
1230
1228
1199
2019
3481
903
4995
1222
3114
1060
25
1356
46578
4027
4886
1073
8961
3996
6874
55820
590
1080
920
1250
1206
349
5989
44191
1580
337
2797
898
68157
1233
194
5995
994
48780
1079
1212
357
733
6377
1090
2115
1172
1307
78499
910
1276
1500
1610
1278
1220
1267
3462
1625
2917
922
1084
555
6711
474
3363
515
59315
5618
54286
2502
5816
50872
1674
1953
1234
1299
475
7502
5418
2291
56782
595
1293
508
1358
905
74458
4034
950
232
4235
1094
1035
1945
1527
57669
1201
628
1254
471
1784
40815
76093
671
1097
5669
109487
161
1394
3362
39
1673
1285
2580
1947
106782
2467
3730
2194
3683
1223
235
116797
56367
2300
6502
70286
2289
8368
954
2278
1272
1393
1217
29
33166
3421
838
16
3468
2318
319
2871
3307
2395
3435
1244
1077
1387
99114
1192
68358
1256
2359
109374
1262
2739
8874
30707
2971
1263
44665
307
581
1939
7147
1957
4979
106920
2186
3007
720
68954
2268
2712
1952
3504
2020
2132
49530
1960
3088
1361
21
2248
3095
306
916
89745
2890
951
30749
551
7438
529
2144
3471
1287
2005
741
509
1292
2501
5445
44195
1374
800
3911
2690
2863
535
112852
63082
73017
3671
27773
54503
1923
1096
1641
1269
11
3418
44555
265
1954
2303
34405
272
1466
5630
3160
51255
1411
54997
1224
538
1215
86882
534
81845
3152
2938
49272
5444
3359
945
2243
2231
1584
68237
299
2987
162
928
3035
914
6807
224
1264
69844
1028
955
122882
4896
1357
81229
3868
62
3198
1994
31658
1948
7090
8132
3201
96079
6796
1376
3000
72226
2321
261
104913
2761
1280
5991
3006
92259
3949
1211
1066
2125
2791
2336
41
911
79702
5010
1729
81591
1834
53123
3735
1946
921
1354
1266
946
3545
88125
805
88129
40629
7099
3361
2973
5064
3527
91542
2908
440
81932
1333
3081
3429
1131
64839
3952
88810
1103
54259
116
1305
86
5673
3260
233
1231
930
223
907
3101
968
3104
35836
1127
2076
104374
134130
1248
1958
69481
3038
3252
2935
85
3703
1209
1189
1959
5902
6870
5971
69757
5903
156
1281
3019
28
54001
1284
4085
80463
1300
3448
8970
428
3317
230
2648
1537
3068
1449
98809
4223
2203
1175
94959
7143
2474
1178
1296
377
3967
492
67087
2357
115617
308
3983
2490
2138
866
300
1179
2208
1302
900
4007
106696
44199
3469
110102
112552
1884
3499
942
1408
2078
2010
345
6662
6440
927
1260
373
1963
933
3089
69122
60069
1680
4308
6979
81847
8784
2406
1023
3521
3167
91104
3020
4427
4262
3134
3072
3200
380
178
3386
71535
2202
1257
431
1147
1218
1120
1104
215
6787
69
4103
1298
2366
64614
1962
3037
1484
1303
281
40819
3844
8981
2352
3702
348
4014
850
1019
105504
106100
2664
36529
1249
3203
3524
915
1237
7116
3310
1081
4037
1095
290
3022
115569
1982
2288
8798
4848
1271
97304
7075
3341
6380
6565
1086
2081
58
2788
59784
940
2929
2137
1927
3724
3181
268
2857
115713
3507
3342
8950
2232
412
3213
1956
51935
5679
1238
95088
1934
6773
222
38038
106489
2686
2924
1719
3044
1845
5956
3275
3175
7263
7451
2746
134853
1343
80
2948
909
2745
2612
3246
72641
3910
41566
7419
902
6552
632
53
3653
3814
1950
5060
2096
37729
55276
2245
8958
3365
6385
935
97
3505
1029
3791
3741
353
7156
2728
6669
3510
3060
1245
146656
81834
6350
1688
89804
1227
322
7132
347
3476
2750
3801
3742
6732
175
64034
1942
1649
31410
63131
151
128360
314
1955
2726
2434
54881
127152
501
1997
8807
901
6003
2070
1921
32898
3793
4616
81564
973
3196
2919
97938
477
3548
93510
87232
1283
73321
1611
441
51540
39292
2344
1964
122900
2644
86377
766
7212
50068
38499
8638
55247
971
3406
3364
1827
1965
2459
4105
55250
61323
938
56152
213
1938
2150
96728
3929
3153
112183
99764
5876
2108
47610
4422
56251
2846
1348
6942
5103
2936
82459
102123
3475
96821
6987
64285
48738
446
1931
68269
4019
1734
5475
7386
7139
2721
3357
3360
1282
2925
5017
1944
943
45728
937
3417
3396
3071
30816
3100
48394
3871
108979
3684
6187
7802
3783
3125
3083
6331
4349
60756
514
8228
2066
73290
3788
2912
59018
2594
7373
5013
7669
3414
65188
4661
7256
8580
51471
27156
2130
1273
3112
80549
6286
108932
36527
79824
97306
32289
48791
80839
41573
52458
4873
2160
58295
4450
6273
4263
7649
37733
51662
7013
241
2102
88140
5992
102445
141
5114
55267
3811
5791
7091
96829
4033
108583
100
4128
2080
73
65261
31116
3916
5782
3543
363
3111
2140
93838
3039
5608
5812
918
6269
45
2841
62956
55269
262
27724
36931
2313
3034
1177
6863
1279
7767
92210
110873
44974
3629
2553
3358
55069
2423
3355
80489
7087
59387
635
1185
40583
68073
100383
3728
2355
2087
6001
5500
100556
88744
3606
2331
38061
51412
85414
122892
280
1419
8264
764
4086
6708
3270
7371
68838
8542
6777
1161
5385
5341
2872
9010
2944
4017
62081
1061
7137
6783
1366
3736
8957
71264
142488
368
105844
4432
30
48698
7285
79008
52435
1251
7836
3097
5772
735
61024
3033
101
171
115122
71429
5300
4846
