user_recommendation
318
356
296
260
593
1196
608
2858
858
1198
50
1210
527
750
4993
589
1270
1221
912
2959
2571
111
47
1136
7153
924
4226
1704
2028
1193
2918
541
1089
58559
904
778
2692
5952
110
913
1197
1
2762
1036
293
364
2324
4973
590
480
48516
1258
1291
969
1230
1265
1304
2804
1213
150
515
36
1682
1028
1584
377
2019
908
1240
1097
910
2396
7361
1961
3147
588
903
1288
3996
5669
2997
3897
1207
1219
4011
1247
1206
6
2502
953
1222
3072
1500
1233
475
17
6016
1225
1259
923
1732
357
6539
6377
1073
32
1228
2329
2064
2289
7502
55820
5989
3578
5418
2542
2797
1200
6711
920
474
21
3362
1293
4963
1035
3504
2716
899
1214
246
337
1204
1263
1252
2599
919
1952
1527
457
2243
1208
1617
4878
581
1203
1968
1060
2359
745
1947
3317
265
54001
720
306
1094
56367
2300
3462
2132
1234
838
1095
307
3471
994
1641
3949
497
1172
349
1580
2791
595
3724
555
1358
5995
1084
926
1333
2268
134130
1250
1299
733
60069
1280
1244
308
1278
928
1217
1356
1394
8961
3481
1079
529
6787
2125
3260
44191
39
39292
1276
7147
300
2321
33493
1945
3730
3363
955
1957
3989
1096
2071
3418
1953
3152
8228
3421
1361
3435
1393
1148
3088
2871
74458
4979
40819
1281
2076
4881
2231
4306
5060
54286
8665
534
54503
56782
3255
70286
4027
3386
59315
44195
1948
92259
1673
2580
1537
671
1077
3967
1260
2973
1256
898
32587
49530
1251
3006
1171
968
3167
1307
1199
4995
4886
4903
86882
3361
1104
1343
1674
5238
1269
2020
922
1747
3911
175
1111
3104
78499
30825
4308
7096
162
5903
1885
3175
4016
31658
50872
3246
2712
3741
37741
7698
1189
1162
5444
2248
3551
3468
1212
2357
1090
3469
1179
1625
5876
232
6299
2278
1103
2186
3108
5812
33794
8368
1257
2318
3310
1249
1610
2863
2501
440
2105
1254
106920
2144
1956
2434
68237
2917
16
8622
4967
48780
468
3037
7116
2890
8784
4235
81845
14
8798
7215
2908
1283
216
68157
2739
55247
30707
5991
927
194
44665
1224
1192
1178
1719
7090
3526
68954
866
3022
5341
7137
7827
5902
1088
1955
4361
7323
4537
3499
4896
951
531
25
1376
40815
3868
4809
2971
3671
222
3160
3359
3007
3683
76093
930
2391
2232
1238
6378
5801
2352
63082
50068
33004
2690
5464
1939
8970
5618
5379
69757
2108
1964
1059
3543
7143
7139
2987
18
81591
916
8191
4217
3198
1284
47610
949
88125
6101
2303
905
3809
27773
2245
2788
44199
88129
1246
1357
7013
1253
8807
41566
48738
6777
69481
1303
8958
109487
4263
1374
123
1282
1680
29
30749
3253
909
1066
3307
1264
3185
1734
3077
1429
109374
942
6724
3039
28
3703
3000
1248
3089
6273
3545
4422
3201
62
73
6662
81932
3507
3609
1423
73017
1784
1080
551
314
1296
5747
5064
6807
7836
1305
2732
2398
1262
54997
3200
3156
971
1272
69844
1959
5225
106916
68358
5475
81834
1694
3735
105504
64839
1231
3111
8128
1810
7160
3060
1175
1147
2363
4427
1186
1834
6870
1041
41569
3350
6639
1387
6852
1348
7099
3101
3068
3467
1946
59784
7087
2726
54272
2644
3168
7132
1211
2080
1267
4661
915
4218
1223
628
7649
7360
1729
1620
3871
599
1960
1958
5218
1302
3095
52281
5008
1078
1237
2395
2916
3408
6979
2467
3684
2664
4432
90866
261
1344
1484
7285
3983
4450
4623
5971
6001
81562
4086
1466
4489
2648
3252
6218
1663
5502
5782
1552
4017
106782
316
6380
1218
57669
5791
950
322
69
116797
805
7419
8125
5114
1042
8188
4292
8644
3783
4334
4465
2333
2029
8981
946
58
7669
6773
3552
5015
73321
97
3272
5446
945
67087
1273
3038
8464
6942
3521
49272
3174
2925
27846
3105
55276
1950
1635
64620
5878
1827
2474
7091
5152
2612
2285
112183
4037
3424
1029
7493
4410
229
7075
1884
32898
4428
104119
96075
8264
6021
8261
53887
8123
86487
74089
55063
58649
26797
26501
101850
163949
150856
112577
114464
2312
1611
2946
2283
3872
5017
5398
4821
55442
3814
3125
1614
2203
31410
2745
4857
93040
31035
5385
6796
954
309
2731
11
3134
4810
4191
8132
6170
802
3788
1678
4280
86320
3739
6552
61323
39414
4424
441
902
269
3135
4033
2728
280
4223
2313
3176
2620
8199
3035
8154
3470
89804
6350
3844
52458
112552
6188
44788
5630
8542
3357
2677
1354
2624
680
81229
431
1271
6708
6296
59731
116
6669
1643
6461
51255
3063
26084
7943
2005
67508
33166
53883
2687
3347
5945
35836
3451
3360
1658
361
262
2066
3091
45950
1112
4014
4801
1399
3062
2194
2115
7089
8589
4723
3354
6643
2355
4211
4965
46578
3668
921
3978
3702
7156
115713
3632
4085
112852
7084
2929
380
2406
97921
4969
85
2779
2208
4062
4799
5377
5544
1295
3182
26178
326
96079
3275
2336
7478
91658
3429
938
4273
37733
2070
4187
2763
26776
1464
936
471
4021
5391
594
2366
918
56174
1046
6890
417
41
3546
3498
3510
2721
3980
7766
3051
4880
7386
1949
272
2195
1545
3634
4322
3869
861
1616
46976
6104
97923
4216
2442
91077
4326
4356
3181
112290
5292
1735
71838
36931
27724
4776
2718
2841
62849
800
3289
4304
43
105197
26729
3789
4769
36517
3341
74727
62374
58303
661
115569
26524
2757
2067
6561
97938
72226
8360
8753
4851
1169
4077
2314
5799
3502
5642
5023
6449
4577
5073
6963
4171
3655
6337
6832
4378
4571
2282
6783
7572
6620
3412
27831
6331
2594
4359
2866
1888
543
8933
514
45
67255
448
3069
122882
2670
3081
6155
5650
6790
5954
56757
97304
80463
55069
53024
38304
6271
4019
55052
74946
1994
72011
3854
2682
1120
61024
78039
56805
5992
89745
2403
3011
508
6565
81847
4867
4008
101895
8636
3019
34338
8580
2935
3952
368
3334
4349
