user_recommendation
318
296
593
356
858
260
50
527
2858
608
1196
2571
589
1210
2762
1
1198
1221
47
2959
110
1270
1197
293
4226
1089
1136
912
4993
457
1213
1193
150
1704
778
6
541
1265
908
2324
1304
899
480
904
7153
1240
5952
1291
2329
2692
923
1225
1682
1207
4973
913
969
2396
58559
2028
3578
1961
1617
2599
1035
17
1203
2918
48516
1732
7361
2542
953
1259
3114
36
349
1036
2797
1228
32
1230
1206
4963
1276
79132
6016
1252
919
474
750
1204
1214
588
2791
364
1250
745
111
2804
4995
1199
246
926
1200
1356
1258
1278
2997
1219
4011
4027
1060
44191
922
1212
1267
1247
5418
898
1208
2064
5989
6539
3462
1028
1945
4886
733
1148
357
78499
3147
3996
337
910
1172
4878
54286
2300
1968
497
648
3421
68157
4306
994
590
46578
11
920
2268
59315
2019
2243
21
1939
903
1293
2186
555
33166
3435
1269
1104
49272
720
68954
32587
4034
2289
109374
223
5991
2231
1950
49530
509
595
3362
57669
1246
2716
671
300
2248
7438
30749
475
1272
1079
4235
1262
48780
1217
25
1234
838
39
515
2501
1220
50872
70286
6874
5816
3307
924
1097
3361
55820
8368
76093
1333
56367
162
8961
1080
1885
1281
1147
1077
529
1952
51255
1500
27773
40815
29
1663
3504
1466
2712
106920
628
1953
471
5444
2908
235
1288
954
8874
1784
1357
1073
905
2890
866
5669
2076
1244
2194
1222
1224
928
1947
3101
1084
1957
2132
2355
34405
1090
62
1285
3468
1096
2690
2067
1680
1527
1256
2580
2359
3868
3949
1094
319
3088
3104
3507
194
56782
3006
41566
5618
1254
377
2232
1231
3424
96079
6377
2971
2917
3152
902
3730
81845
1248
1625
2502
1223
1218
2202
4085
161
2303
68237
1960
1201
1393
1394
1287
2005
175
255
88125
116797
30707
1449
1411
81932
3551
971
73017
951
2321
2291
1537
2125
1251
1103
1673
1948
921
5630
1175
74458
232
99114
2078
2467
5064
63082
4623
916
1280
72641
44195
48774
8665
1944
1387
2336
18
1283
3735
2115
116
2925
10
2081
53123
2973
33794
2391
1266
7502
1374
36529
4014
581
3683
1299
4223
914
1307
1954
8132
1264
81834
4308
3007
2739
3275
3527
8970
69844
2020
2403
2109
2726
950
1023
3359
1354
2871
4037
1189
3910
3481
265
538
7116
165
72226
5103
741
1834
44665
134130
7132
59784
5225
918
2474
2929
3510
8798
3671
61323
81229
1361
955
2916
900
5903
88810
5017
106782
1916
1963
3524
3469
440
1211
54997
5782
1674
92259
8636
2130
3741
2395
3546
1296
7419
2137
3703
80463
215
69481
348
7147
1946
2732
1429
151
6807
64839
40629
368
1273
927
2788
6773
105504
112183
911
1303
1088
3263
6662
1209
1235
1994
54503
91542
3724
3038
968
6565
5902
1192
2065
2357
3134
1734
3684
345
89745
3168
3471
938
1066
800
45
71535
534
373
7099
222
3363
3552
3160
6796
4369
3809
97
1020
1029
2
2863
1694
942
1967
3260
3536
2946
176
106696
7263
1688
94959
1059
2944
1233
7090
81591
314
2118
97938
122882
7087
32898
306
7669
1956
1923
73
2648
178
6502
86882
2366
112852
2144
909
1941
85
7143
2644
514
6936
123
1959
4821
1271
4422
3952
3198
8958
128360
40819
4380
2948
55276
1719
930
6001
543
3035
31658
2066
4896
4239
3252
2920
115617
2427
680
1927
85414
3310
3019
3545
2728
1619
3039
7022
4720
1997
8542
8228
62849
3386
6987
266
3100
3793
5475
102123
380
945
2114
2947
3246
2208
1653
1086
1584
6979
68269
4661
280
441
3702
3167
2353
1610
134853
2664
44199
1348
5341
1260
2363
2203
5385
6530
1292
93510
946
7139
3418
428
7836
4410
37741
1827
2949
2273
1179
65188
1729
98809
1873
2924
1046
127152
309
1942
8264
8950
112552
1934
81847
55063
4432
3255
96075
101850
2285
86487
8261
8123
104119
74089
26501
58649
53887
5238
4428
26797
163949
150856
114464
112577
233
1938
5812
110102
27831
106100
5608
4019
98961
2763
224
6021
45728
281
1641
7616
3022
79702
1958
7371
68838
805
3872
353
2416
115713
81564
7360
1305
2745
2841
7091
2138
1237
2620
4103
89804
54881
1112
115569
3357
39183
4979
35836
142488
109487
2099
2731
3451
2951
3543
40732
2283
535
48738
63131
1215
93840
79824
80839
41573
32289
48791
1249
2010
4969
5108
3095
4263
38038
4809
492
1343
2612
52952
5995
26614
2750
2624
37729
307
73290
1962
1616
3548
67087
6787
8981
7075
907
88129
101
6724
431
3365
104913
3801
60397
599
2333
51540
3068
6273
3129
39414
41
87232
6777
661
2687
2779
1041
27317
6942
106438
3456
1257
1178
3897
105197
108583
3270
5992
1693
1099
915
2729
1414
3037
34162
39292
1340
69757
2108
64034
146656
104374
1464
5772
272
91077
933
6852
2968
108932
308
3000
7981
3033
8340
70293
6323
4467
1092
4179
147
1295
71033
2029
51662
329
27022
1049
3598
8645
36708
38499
82169
55052
4262
1658
934
1253
4349
257
2351
98491
3081
1940
2736
3396
48696
27846
97304
82459
64614
99145
3070
80
766
69
44974
115122
1395
55442
96488
4616
5110
122900
3871
1019
4007
7767
36527
3077
27660
2282
64716
5014
65514
55247
4801
7698
31878
3181
3201
3034
34338
33493
5159
3966
30
37731
2912
477
5679
1936
3499
4427
52767
7566
96728
3983
1955
26084
448
6385
4776
2331
6552
4846
8529
3594
1277
42004
3467
965
171
101895
973
1366
3105
3916
99764
3475
7894
3742
3505
84152
63876
3501
7943
2935
1419
7285
28
31410
106916
2195
3251
40148
5391
53956
27611
98154
7649
7123
3686
2989
53953
1012
86320
735
97752
4799
52281
71264
290
8933
2993
79242
4465
5876
2301
901
1580
5445
91658
87304
1566
38304
4086
7700
4912
2987
5105
3743
7007
53024
6271
30810
77455
89
1284
1238
3606
4867
76251
80489
1913
