user_recommendation
318
296
858
608
593
50
260
527
2571
2858
356
1196
110
4993
1197
1221
1136
7153
1270
1
47
1198
4226
778
912
3578
457
2959
5952
36
2762
480
17
32
1208
1193
58559
1291
293
4306
62
1214
589
48780
79132
1968
1704
1304
969
1203
4973
1207
111
150
2324
1222
2791
1210
2329
7361
4963
6016
1036
1580
1213
5418
246
4886
265
1259
78499
1356
838
3147
46578
2396
1732
515
4011
1240
923
899
919
541
588
364
750
913
1252
953
904
6377
1278
475
1961
1617
3362
1258
48516
1089
1246
2716
6539
745
1225
1233
1148
2064
57669
3897
8874
54286
4027
2918
1285
4034
1265
2804
68157
60069
1206
2997
11
261
1084
1199
1090
2916
2194
3317
3481
1411
1952
8665
3363
1247
4308
3114
1500
1266
2321
6874
68237
590
1254
2542
2692
235
134853
1080
122882
595
1035
4995
2028
109374
2115
1200
2599
2019
5816
1288
994
1204
4878
926
79702
6502
1183
2336
1394
733
2109
1079
1094
1228
223
58
5989
2144
1682
2289
108583
5010
70286
1939
1219
1250
954
3527
48394
1953
1303
908
49272
1217
68954
1211
497
555
6
3468
1957
1393
111759
1299
1271
337
8961
3246
1693
81229
539
1020
3361
2288
2000
79428
2020
1292
2917
3260
1967
2467
1077
357
380
1131
534
2863
1947
377
898
59315
2395
1272
69757
3671
1948
3088
4896
8368
72998
1224
594
2797
161
152081
106920
1245
2641
307
2268
32587
5995
76093
306
104374
3462
720
2096
3341
474
36529
6711
10
2728
2313
34
5618
1212
2352
86504
3044
105844
2105
1231
1097
2987
3408
2427
7502
3469
3153
86
940
1103
3070
56782
529
2291
2968
1256
1287
30749
300
2871
905
2070
920
2300
99114
2938
454
3949
16
33166
1230
1307
1625
1096
165
7139
2908
551
91529
2474
128360
345
115122
69481
88125
2140
39
112852
81845
3347
112556
2857
56367
3536
40815
3686
2750
6773
1293
2076
2366
1419
1276
44199
3038
5444
63082
3471
134130
94959
2252
3417
1610
106782
648
1466
80463
2193
76293
1223
8711
6077
8798
1264
1305
1719
1587
2302
115569
7419
1242
116
922
1357
1653
6125
2502
7833
1931
1201
3265
1358
3703
64839
1958
224
333
950
1401
2872
531
230
1161
3507
3200
82459
1189
1827
2106
1060
2919
1408
1282
5669
2078
348
1218
1019
2150
1267
1066
1273
2949
72226
44195
1949
1253
3406
49530
1237
3479
2745
2859
1935
943
3089
3911
1641
1925
50872
1375
1302
108932
3252
3134
955
28
3683
1954
5064
280
115713
1220
2046
3086
3196
1227
3091
514
951
927
93838
222
2490
3447
1455
961
2659
3165
2238
984
581
1073
96079
46976
3551
2453
3504
2132
27773
1234
628
100
2971
2551
2739
349
2985
970
5902
2580
537
314
5060
3020
3510
232
1965
1300
7147
2501
2406
281
3037
2890
3034
5630
417
1940
30707
1945
2924
1729
194
1095
1674
89745
3501
2403
106489
71535
6807
100383
3638
69844
7022
2102
79091
308
2318
2357
5445
73017
37741
53123
164
3524
3724
1262
3108
2353
4021
3405
86882
98809
319
6787
3735
631
77846
521
2173
914
4235
116797
1449
2110
1784
741
39292
5812
3090
3213
122900
38038
3639
1194
1597
48774
1120
66934
8132
893
968
3470
3271
4103
1281
96655
56941
5782
95
7137
3967
3543
2355
1361
1125
3104
215
3101
1527
471
2112
508
38499
2664
37729
412
1298
2359
6985
4406
1635
4427
101
3359
61323
31921
26268
4903
761
8580
1059
5225
2690
1179
1260
2071
2143
3357
2248
7698
2278
2099
37731
93840
88129
105504
4369
91542
81932
3386
5146
6870
3844
495
3068
8981
2005
2243
3201
1192
3006
88140
5876
1244
162
1050
2648
3730
3420
81834
6380
51935
2111
2948
292
1711
1680
921
3989
6299
8228
233
1376
910
262
1283
3594
51255
7265
575
4223
440
6331
41566
900
3111
3081
52767
7802
178
5014
44555
5349
3095
8970
3499
4239
6440
272
2081
31658
58803
1284
2761
661
2273
728
1374
1243
54259
3983
1061
2202
115149
671
4017
84152
6350
2394
175
7566
2118
29
40629
2232
27831
89774
85342
3167
3699
50641
93855
5244
93320
1946
5690
8360
79357
928
3152
3007
31435
7156
1296
27660
3448
3624
8254
25805
2897
2843
3310
3077
3742
3198
7263
85414
3996
4014
1104
112552
104913
8908
5470
1997
96821
1960
97752
5238
45728
735
4920
2231
916
1257
3074
1147
55069
4304
1101
110501
106100
3270
5152
55442
1248
109487
97921
111362
477
6385
7075
1092
907
3066
1235
7099
7844
2138
4881
39183
49957
3793
5341
3952
4128
26712
935
535
7096
5878
7164
1111
1032
7285
2391
32898
2469
350
5954
40148
2622
3741
60040
2334
2186
144976
88810
3702
6754
1274
1177
1649
229
79824
6620
6254
4361
6323
96811
32289
80839
48791
68269
41573
5541
1343
95167
1694
3684
6796
81847
5446
6218
2125
2644
2208
3435
6724
2973
6979
81591
368
47610
6970
3789
3929
446
26084
26152
34332
1028
3105
8530
4432
2726
7438
81564
1834
452
4085
8873
3871
3309
1683
2763
91500
1269
6461
7669
4642
72011
1088
30816
2423
51662
8191
4553
56152
44974
3112
7215
8633
53956
5398
7091
74458
4846
6662
87232
3421
800
88744
111921
2087
3019
159
8972
41
4217
911
4696
6565
4801
71464
139385
122904
54997
59995
71033
2148
26524
7013
7116
58295
3783
422
100714
820
559
918
140267
64716
4519
50658
1289
1611
2612
8638
371
2670
7063
83134
549
2029
7836
106696
3809
3612
5679
3526
48738
77658
6591
934
55814
322
2780
26425
7143
7386
1185
1041
1598
6777
8264
5991
38304
125
1178
4166
4174
98961
71135
77455
26342
33760
2108
4717
4442
876
3627
4565
2880
4567
1280
2203
423
1232
3814
4292
5103
1464
6987
5801
866
52604
95558
83318
67504
83359
83411
65514
930
3163
95088
5379
4357
7649
4537
