user_recommendation
318
296
527
260
858
356
50
608
2571
1196
2959
2858
593
589
1198
1197
4993
2028
1704
912
7153
1270
110
4226
457
2762
1136
1221
58559
1
5952
4973
1210
750
1291
904
32
899
150
293
79132
48516
364
3578
1240
778
924
1089
47
1193
1203
1148
480
1230
7361
919
497
2329
1252
4963
2324
745
1213
1207
1247
1258
4306
1682
6016
908
1208
17
111
2804
595
969
541
68157
588
2396
923
36
2542
6539
1036
913
48780
1580
475
4995
4011
1732
46578
1961
1200
2997
357
1265
1233
903
1968
5989
2716
55820
1199
4878
32587
926
953
720
5418
1225
377
1304
1222
6
2064
1214
1219
6874
1256
1617
8874
5991
1259
994
1204
59315
1206
1250
3114
265
5618
33794
2692
4027
2599
1220
1276
2797
910
11
3897
2501
44191
2791
3363
50872
3147
223
1376
920
349
1228
56367
838
1035
515
1278
733
81845
3152
1947
1674
3362
3504
1945
671
2019
40815
5995
2502
1288
76093
1080
78499
3462
951
235
246
3996
54286
2300
1028
109487
2871
950
922
34
2917
5816
1192
5444
7438
6377
1217
1953
7502
1293
51255
70286
3481
8961
1060
40629
529
1394
3095
99114
3793
4886
1212
1500
232
337
8665
1939
106920
905
1356
53123
916
3088
57669
3435
31658
2929
34405
1096
1244
1211
1079
8368
1073
1307
162
161
2303
44195
474
4896
348
3730
2761
1610
2739
58
1246
2712
1077
1625
2231
112852
68237
3201
1673
800
1172
49530
4427
40819
2186
27773
2580
106782
1948
661
88810
6502
1960
3307
8970
3341
3357
927
4085
307
109374
5669
72641
3365
25
86882
1179
116797
2302
30707
1201
2690
3035
1281
1209
1254
3671
921
194
914
4034
2641
3683
898
492
1178
49272
60069
3000
2359
6979
2321
69844
7147
1952
2268
8132
68358
2947
88125
56782
968
54997
1357
935
33166
3510
261
1260
81229
4235
1957
1964
3134
2076
8580
1284
79702
54259
74458
1466
954
918
2291
1262
5630
2115
115713
7143
1784
122882
1958
1215
1271
599
300
1266
106696
3735
1223
5470
2918
1084
50068
30749
1393
534
4920
1616
91529
44665
1810
1411
549
3074
29
3098
930
555
3198
2750
68954
1088
2080
6711
1950
1257
3104
3949
1227
88129
81834
741
3386
69757
1527
2105
2202
2243
1374
89745
3414
94959
1175
2987
3022
2788
151
134130
3007
92259
39292
1267
946
2208
1285
115617
1177
5010
2078
80463
1272
2137
2406
306
1287
3256
353
5903
7212
110102
1641
41566
59784
1224
3868
900
7116
3911
2467
134853
73017
104913
7263
2318
6942
1834
2938
178
112552
7090
89804
5673
62
1251
4223
3505
3606
7075
1584
6350
2664
1693
1066
1303
3421
3175
538
1449
36529
2125
3252
1927
471
4014
2971
2232
1235
142488
1231
6254
1994
2857
91542
3260
81847
55069
96079
1218
1361
1912
1238
6385
3739
1884
81932
87232
1234
581
2355
64285
48394
2245
68269
101
3791
79824
48791
41573
80839
32289
3952
6787
51471
66371
1283
233
1131
2109
28
3545
7099
3359
7139
31116
66934
1292
224
1094
1248
1280
54503
1333
2819
1050
2935
6783
1962
1944
5103
973
1237
4979
2108
3512
3270
7926
3501
6380
2391
2746
102445
2289
97304
7013
2132
85
60397
81591
368
2081
535
4262
94466
3070
3310
594
1253
2194
4225
2144
16
59018
230
6807
3910
2331
2020
6450
933
5971
31410
6986
2490
1103
3062
106100
3639
6187
44199
3844
3089
54001
1358
1081
97
1189
866
2463
6777
3471
1537
5135
7787
3741
3160
73290
911
1194
1959
2288
2353
56757
3594
308
3916
175
955
3536
6378
3676
45186
3317
7698
6669
31878
55814
98809
52281
4801
7072
8807
5114
3361
1090
6273
945
2948
3406
5146
51540
2366
3469
64839
3468
1269
85414
3068
4128
41
6327
32234
3429
3100
104374
1396
8366
2890
45728
2920
156
7386
6936
6104
6870
5445
3686
5398
6773
280
6796
3091
65188
2454
61323
1023
728
63082
6993
2721
3470
347
107559
106441
91104
73
893
77658
51935
4921
1305
3551
3251
8633
44555
373
2085
146656
2496
1934
2099
93040
3020
3638
86
3543
59387
628
8154
106438
3527
4357
2924
1344
54995
7451
71899
2925
59369
2951
63131
5782
7826
2005
1680
3703
428
2351
1729
1827
1719
1147
3200
21
7649
67087
69481
64034
72226
1078
4406
2726
8228
95558
3598
3275
4369
553
122886
443
2068
1845
8981
3420
108979
3044
213
1343
4450
97921
5446
2059
2106
51662
2133
2070
1949
71535
3037
3801
2278
1408
26524
2395
64716
6565
3546
108932
8972
764
7371
928
52
907
2248
2313
2427
4571
4661
5060
3724
8199
2336
7156
6283
5218
36517
48698
1298
52435
2150
52885
4720
4019
47518
80906
412
2841
3702
3255
79091
7766
7154
222
39
8191
2919
4062
58803
67997
1688
6724
4584
102993
95167
7614
86377
6201
2357
3654
1997
45
45950
6643
8969
5608
7373
2130
6003
524
97306
8125
99764
6662
1956
8188
3194
2018
93838
2029
27156
3069
55269
943
3869
1340
1104
6743
56339
562
965
1249
2677
3632
51412
65261
2872
48783
3038
26152
1982
3742
1966
1942
4304
48738
1264
115569
3811
8535
105504
281
6708
58295
64620
3448
27846
4623
8950
4351
100556
82169
54881
8370
3629
735
4846
99813
122892
2707
3476
4537
32598
58347
3156
26084
6001
8529
1299
477
2474
5812
6636
84152
4021
2096
5319
3097
766
37857
54281
63853
4166
2968
3081
3347
97752
6516
7357
3478
38038
8784
2252
70293
1173
440
105844
2732
3203
521
4696
6829
6630
8190
5836
32139
8929
1029
98961
3684
915
6323
30816
56587
4535
98491
514
9010
6281
2780
322
7767
431
6423
6331
56152
1420
3655
2102
97938
110873
92210
2148
73321
38061
7844
3196
3111
1754
4017
4717
4565
4567
4442
876
2880
3814
4679
5380
3550
1921
3030
2065
3153
6985
4010
2912
44974
7482
119145
55442
138036
56145
