user_recommendation
318
858
356
593
260
296
527
1198
1221
50
1196
4993
2858
1704
1197
608
1225
2571
904
590
457
1270
750
1213
1193
7153
1210
2918
1961
2959
2762
5952
111
4306
110
47
1259
2028
150
1035
919
903
1136
923
924
541
2300
908
899
1247
3578
4226
58559
3671
1220
290
509
501
5989
1617
5114
1089
1073
1097
3019
364
390
735
4878
4965
4865
1079
4467
1028
1352
2267
4518
2563
4591
5427
4796
4930
565
1450
3892
1819
1563
3973
4076
2791
46578
4352
48516
2396
912
1968
3793
293
44191
1240
6016
1206
2268
1527
349
4963
3147
2997
2797
3897
1060
81
188
1246
1203
1265
916
265
5995
27773
4995
1219
922
1252
969
3471
56782
1214
1208
2329
1732
8961
1673
953
1304
778
2502
16
2324
1228
6188
3672
1172
5669
898
32
106782
5902
17
1358
1215
1580
300
4027
55820
35836
1233
2359
1090
3421
832
1307
1263
3039
232
1258
4007
910
1927
21
2572
4034
1287
3160
1267
25
4973
1682
2194
920
1222
2692
1288
59315
2304
306
3735
1207
1223
1036
5954
2289
1955
1276
1023
78499
3481
515
1262
307
1234
1376
3101
911
589
497
529
2019
2278
2144
4262
7361
5816
5481
1371
1584
60069
56367
3468
29
48394
1188
733
36
6
1199
5782
5064
1957
81591
1256
3499
8371
6565
1217
5618
1286
8368
1291
412
2542
1610
1185
48780
480
1
37386
2788
2115
2657
314
1653
1953
194
34162
3095
2482
81845
33794
3911
308
2599
1019
68157
551
3469
54503
1960
1025
2064
6863
2804
1299
79132
1923
508
1230
3006
7502
1095
1264
475
280
89745
54001
1625
6539
5445
1080
2580
905
4011
39
87232
64034
926
474
471
1201
1250
3015
272
4002
3462
2231
3498
73344
2291
1135
913
3996
5010
1204
2160
3114
1343
73290
64839
8949
6440
54286
928
76093
1212
3508
373
1200
8874
3543
3504
4886
109487
1674
3524
7451
333
3089
2686
3396
6350
162
440
1300
1393
1272
3435
223
3448
3033
2716
3910
1952
6787
44195
69844
88125
1466
3253
69122
4235
99114
1120
3949
281
6796
3176
3510
2395
3868
5218
253
2871
588
3529
1104
2467
914
81834
5225
175
44199
95510
2096
1963
1211
106489
1296
3546
562
2318
555
3186
3654
3363
4019
6711
943
4641
4014
299
5971
1573
6874
1278
6187
337
1280
246
759
3788
1921
115617
1305
1084
102445
68135
1374
7254
82459
3420
57669
1834
1231
222
2916
2132
6377
80463
8784
2490
61240
2929
5945
671
1077
1333
1086
538
2863
1958
994
2617
1175
3424
8981
1678
79702
1500
1476
3072
30707
1283
1178
2951
3071
1735
3635
40815
3681
2023
955
30812
122900
44665
64957
266
68358
59784
1962
1269
86882
71535
915
45728
1242
1096
1639
3683
458
3362
7027
8208
1227
951
4623
945
60756
53996
3418
97938
2944
2202
902
1292
85
2334
3967
154
492
933
69757
3745
2908
1179
81847
11
930
88163
4333
80549
52973
88744
4720
1147
3104
47610
2137
2541
2501
5055
348
26662
7156
1094
134130
3168
3476
3865
1184
97304
539
2243
850
8807
1408
6502
131724
1254
3251
7320
3783
2745
1243
3809
77364
71156
1945
31193
1261
431
58998
81932
2301
6552
1273
1302
2335
3997
6620
1041
31410
3129
6266
66203
61250
90576
6332
86817
7375
8132
32587
2973
2338
2386
2279
2328
86
452
1301
2966
7075
3983
595
4188
7826
6732
1354
1641
6104
2366
971
965
1285
3249
921
229
2186
2387
599
2073
64614
2952
5418
4103
5617
7143
147
1645
4085
3067
28
1260
26614
8360
4896
163
446
50872
4117
56339
5956
6269
2712
1387
1238
1237
1148
1124
3307
6333
3526
950
2353
2739
3088
78209
543
55765
2890
1356
4054
4848
3252
3879
34405
4873
2067
42004
48304
5014
2524
30816
59418
49280
1005
26422
2971
8641
6708
4700
1253
1959
954
745
33166
55267
4037
96079
31658
116797
112852
7022
3060
81229
1284
6957
8880
4450
1784
105844
3142
63082
3178
1345
1449
2167
838
909
845
80
93422
104337
92751
112552
1719
3916
63131
326
3844
628
524
454
3201
83613
2736
4239
6979
741
3134
1950
92259
3007
262
52767
115713
2942
1965
1186
4211
8958
7802
51662
48872
77846
2311
1635
7154
4223
4903
3614
3111
7013
3274
51540
3263
2846
5747
235
106920
1649
4846
3246
2917
3361
54259
2946
55118
68073
2984
3105
2138
7116
279
108727
102684
108981
5103
91094
6273
4888
8622
2991
5903
3037
93510
101525
3739
3489
2102
2108
91077
94
3044
6754
289
178
53129
596
2076
68954
88810
2042
3927
3358
90866
1127
8969
2872
2208
264
7081
156025
25801
1150
68237
8522
36708
58295
3791
2912
968
3260
3408
1701
4102
353
1066
81564
2924
3494
2013
7438
99813
7285
1245
2575
27803
787
108932
8207
3150
1275
1131
48322
937
205
106471
37733
357
171
230
309
90405
3384
4855
87660
75440
55031
59810
3272
2352
1031
7132
224
84152
3706
3210
1912
3020
80489
53972
3198
1232
2302
5013
3359
207
4321
1974
5679
2644
65982
2728
3262
392
49530
5152
2779
96728
6436
3317
3712
1218
4443
3729
2046
8228
1946
139385
3963
4688
7649
213
8542
3244
2730
7444
8798
101
1081
4799
3261
3952
233
6375
132333
5522
5915
5490
2245
1848
2612
7147
7256
1722
7894
720
3747
2171
30749
1948
91658
3545
2442
1281
46970
49278
56587
60684
1895
4814
5502
2356
1535
2071
3525
2848
1341
3925
6612
1177
766
7247
3108
3200
5670
114028
38061
4322
2124
1298
33493
6993
102125
88140
4010
361
342
67734
2022
3477
8910
6662
30
1994
55280
3429
2901
3987
219
3223
135861
1699
95441
2654
2651
1088
3966
2248
2648
2636
2649
2647
2650
84392
2183
2240
2635
2634
1282
63992
86833
1224
237
89470
2312
3152
1353
42725
3920
33660
534
1085
2082
41
7160
2262
80693
2315
3275
