user_recommendation
318
296
260
858
527
50
608
593
356
2571
1210
2959
1270
1136
1196
1197
589
1198
912
2858
110
47
1221
1213
293
111
1193
745
1089
1704
4226
2028
3578
457
4993
1240
2918
541
750
150
2997
1036
671
2762
2329
904
969
1225
36
79132
2804
1610
2797
923
58559
4306
908
1968
778
2716
913
1208
953
1265
6539
1203
32
6016
1278
1148
1230
497
1206
1
1961
919
2324
2542
1617
6
903
4973
1207
4878
899
1219
2396
3897
4011
1288
4963
898
1073
364
1291
1732
223
16
1097
555
590
1252
32587
1222
265
1228
1682
1247
1953
8961
3481
2692
3671
1214
1204
17
48516
595
56367
588
1259
8874
3996
2194
55820
926
1035
78499
44191
5989
3114
68157
25
2289
1250
1394
474
1028
1256
2291
910
1212
1269
56782
7361
106782
349
1233
1258
1500
1223
1224
4027
1299
1393
5995
1673
1200
2599
306
46578
1254
3421
2268
1220
1199
924
475
1090
741
2395
720
1246
1172
48780
28
551
2019
4995
1262
2064
2690
6874
1234
2300
2318
1243
3967
1276
7438
509
1282
3034
64839
1343
515
162
1411
1674
81591
1077
1580
1257
3020
33166
2788
1079
2502
1285
471
308
2359
3735
1080
3462
5952
3088
951
1945
3471
29
3788
194
905
2115
3147
1304
5225
480
307
6711
2278
3868
2105
7153
2076
783
736
48394
1217
57669
235
1947
968
8949
1060
39
246
1201
1957
69122
2968
45728
3362
1266
1084
2908
3363
1287
2791
2144
49530
955
900
272
2973
733
950
63082
4262
911
3448
54503
4085
30707
253
1015
3683
2467
994
68954
916
5956
2336
1086
4361
62
1283
3256
34
1194
1476
5782
1263
3510
2231
1387
6863
4034
2761
161
7147
1952
33794
1019
1095
581
535
1244
1292
106920
85
6979
97
49272
1209
115617
2580
337
5418
1096
2132
175
3499
914
34162
2020
922
1374
7090
920
534
70286
5060
81834
1103
5444
54286
4308
2160
4239
41566
59315
44665
81845
1734
2501
4886
933
3791
945
1242
661
1227
3418
3070
1293
3019
4799
1948
2321
2985
3360
6188
7502
2303
3435
1466
5377
80463
3911
5669
2916
599
5954
1344
1264
3317
96079
3424
538
3201
69757
6380
1653
11
4235
4848
36529
97304
8970
35836
1284
1249
38061
8807
30749
70
1272
2005
1147
222
2125
88125
2355
940
4896
3548
232
7132
3044
6440
51255
2041
44555
3052
1267
1921
3060
3275
3035
300
8917
3751
1357
18
112
5522
4327
74458
5679
1307
4396
314
1031
86882
373
3251
96728
928
1041
30816
531
7139
3476
2078
909
5010
2991
280
54997
71535
2208
907
6942
1260
2924
3469
4979
4571
1754
3030
2433
4720
1729
8873
2664
3095
8542
2871
965
1120
2712
213
48738
3175
6807
5915
82459
2000
4450
3168
31658
628
2140
2352
132333
6375
1960
7451
1215
3681
3451
1192
44195
1178
68358
3508
585
7022
1927
1271
50872
81932
748
93510
1719
79702
5490
805
156
8665
838
3037
3000
6618
58
2096
3272
51540
4128
7247
116797
109487
88129
1302
2243
6104
915
1784
3359
2846
1956
6565
6796
1231
4623
1238
1211
2174
64614
68073
1994
86
4121
594
502
61323
8981
5791
26152
134130
261
663
4321
3252
3606
616
112552
108932
3429
1066
4103
5630
41
764
6218
7757
2366
3178
3763
1333
106438
1944
942
7802
6787
1305
216
946
4246
1688
4007
4734
596
6662
8530
3468
4166
1962
6296
266
81847
1449
27831
108981
108727
102684
76251
735
2935
575
1396
6502
80489
2951
412
3262
59784
1680
3983
2406
3730
2460
1025
508
89745
3196
34405
104374
1078
1303
8633
3398
247
363
2186
72226
2463
492
1046
4696
3213
4086
76093
6385
7137
6893
3494
96829
281
279
876
4717
2780
2880
4567
4566
4565
4442
7844
5103
8493
112138
2917
2087
26084
1958
3111
80
190
1020
110102
1173
1464
6870
31878
85774
30812
230
206
2763
1033
8368
7706
1029
56152
4846
377
8132
6620
105197
2150
1356
7075
1273
3186
54328
58803
3526
2248
7156
2961
42004
3134
81156
34332
8983
3627
1964
87232
5820
3355
8366
8958
37733
27773
8950
1296
105504
4660
64969
3512
3006
68237
4499
1441
27022
309
3653
4489
91658
452
1275
3504
69844
94466
1191
1094
4232
3396
91077
80693
109374
2301
92259
45
3022
1300
1111
866
2232
5540
33660
3341
2857
4014
40819
5382
2280
832
51662
3067
63131
2779
7894
2313
36708
1635
215
1907
64957
134853
73017
2739
6367
102123
7091
52973
2987
3467
3089
1023
5903
112183
1057
6377
89904
1022
5500
115713
986
3916
3771
33615
4029
3814
71264
562
1281
163
2670
5785
1125
62434
91529
3701
50068
1047
1042
4019
1587
27790
1954
6936
1711
1939
4802
3507
5460
4322
47610
59725
3556
2018
5668
673
3536
81562
1185
8228
84152
38499
140174
69481
2694
1104
3789
59387
101525
3612
7064
4033
6436
1030
3615
122892
55290
3543
2686
2524
40583
6957
139385
4941
529
2863
1321
3071
441
1226
66934
71033
67255
4299
48322
4427
3032
2083
104913
3368
1171
56339
3702
5812
941
2069
6461
7285
2746
289
3729
99813
55908
431
7099
1261
3910
3081
1611
2071
180
104841
106100
14
7160
3108
6378
3420
4223
64285
4326
8879
4903
3386
114060
5034
861
943
1251
2202
5446
4443
3334
61240
33834
2728
103141
146
26554
4967
2006
135861
89470
6791
2086
3200
64716
7386
1277
938
3629
5876
947
6187
2718
5002
69134
50851
126106
5810
39292
4681
64034
3434
3793
58998
2474
952
99114
3096
58351
556
5329
81564
1614
2312
1179
46723
94959
7263
7096
1361
3040
5312
3989
971
3246
2660
6852
2454
4187
34072
8464
3635
71466
81229
3198
3675
361
3952
27904
119145
1845
348
1248
2288
154
1625
2151
1056
48783
42418
85414
339
8784
1032
43
5074
973
2490
80219
38038
98491
1594
3347
8580
1408
8865
8360
