user_recommendation
318
296
260
858
527
593
608
2571
1196
2959
50
1198
1221
589
356
4993
1270
912
4226
2858
1213
1197
7153
1210
750
2762
47
953
457
2028
5952
1617
1036
904
1704
1252
1207
1136
1208
1089
924
778
4973
110
1
1200
1258
1193
58559
6016
150
2918
3578
969
111
908
480
2692
48516
293
913
1230
2716
2324
17
6874
1732
588
3114
1276
541
1214
1206
899
1203
1500
1244
8961
2329
1060
3088
2396
1304
903
2997
79132
2804
923
1291
920
32
2542
595
1961
3897
4011
5989
4027
1387
994
2019
2300
7361
44191
1148
1225
1240
1234
1682
1219
919
2064
1307
235
515
246
2761
2791
3462
898
4878
1254
745
70286
1256
1288
1220
2502
1223
916
3868
34
2987
1035
3035
5418
69
55820
1265
1293
48780
922
32587
1948
1247
2076
1343
68157
1997
1222
7502
134853
2712
6
7438
3260
300
2186
1201
40815
1674
1947
1212
115713
555
3481
1411
5618
4896
30707
2797
6711
27478
926
39
8368
3949
2580
1172
106920
78499
1029
1945
106782
1094
30749
1356
910
50872
905
59315
1278
1259
4979
1968
838
109374
1077
8798
3996
34405
44199
194
3684
36
1080
49272
1994
1217
1784
497
2080
112852
364
1957
3365
1953
2359
64839
1250
2081
68237
940
3175
3359
590
142488
720
56367
3730
1282
1263
35836
337
134130
529
1284
59784
3104
81932
3152
25
1228
60684
3468
116797
5500
21
333
3307
1939
6502
2167
3504
4995
1625
3435
54286
1339
1950
2690
945
954
148626
7386
33166
1090
3160
942
46578
56782
33794
2067
1302
1097
4085
44195
88129
6377
104374
1215
1729
110102
3671
5816
1251
1614
2289
2890
2248
2779
2243
44555
7147
4235
2973
2291
4963
6787
2968
1361
3006
4799
1248
2599
4016
39292
1175
1357
3741
74458
104841
2971
1104
3095
1120
3196
1066
930
3507
2391
2501
1299
7116
581
3724
3147
1179
1333
3418
3386
3836
1088
1269
900
1466
3476
2245
475
1527
3111
1459
81845
3362
661
6662
3703
1264
2648
3255
3101
3181
2318
2917
2150
4802
377
4034
57669
1956
3108
1673
3535
5301
4046
1267
3368
2083
5010
928
3606
3284
40819
2303
51662
265
64620
1358
102445
2355
3310
49530
8874
122882
69122
3168
1189
3022
3098
86882
63082
224
105504
971
1281
2871
47610
2069
6796
81229
28
146656
5679
51255
6754
119145
2726
104913
115569
1199
54259
5034
58
109487
3424
3871
112552
261
1946
5445
87232
81591
6942
3791
1303
594
628
1147
3167
1449
2644
2732
5669
4661
176
2925
37733
2078
82459
84152
3499
122886
2664
112183
72998
2203
1885
4037
1237
3037
3256
38038
1952
3363
91658
1204
2357
8665
3361
2366
2144
68358
54001
7419
5475
1610
8636
96821
7013
6870
6273
3198
733
7090
5902
535
932
32898
162
1095
4848
1305
81834
839
69844
106100
2231
1348
950
471
4422
3007
55247
1884
96079
106916
87306
57368
233
232
5995
27831
76093
1394
3471
3038
49651
3060
122892
125
4263
2474
3044
1235
122900
5238
6001
2941
1103
97304
36529
2795
6773
52281
319
45969
69481
106766
88140
89745
178
31658
927
596
73017
5341
16
477
1271
1261
62849
2194
4886
2208
448
4809
1224
72641
3735
7836
68954
474
7669
1834
7132
2160
671
65514
26797
8123
7087
74089
2285
4428
4410
58649
104119
96075
8261
101850
8264
55063
26501
53887
86487
163949
114464
150856
112577
4432
6021
5017
2731
3683
5385
97923
111921
4361
349
2976
553
4105
2137
2283
3200
1073
230
7143
97921
2746
1280
3421
53519
3019
1178
55052
1345
112290
89804
105844
2398
1611
106696
3872
4406
2102
88125
3203
909
551
1537
2020
348
5782
3210
1408
5060
2288
7075
299
968
115617
3524
80463
97938
3869
440
44665
6777
1810
51412
2908
1376
2132
5114
116
800
272
86320
3469
37741
538
3077
56145
946
93510
58295
64614
111362
1260
29
5225
4306
4349
67734
1272
6959
55276
3334
1242
56152
5444
79702
3253
48738
1955
3966
53000
89492
98961
5992
1028
175
3275
1209
89904
6101
8132
3039
107406
3081
1340
1934
99114
51935
85774
534
2130
38061
3148
140174
7373
128360
93838
3317
3873
4969
5146
66934
2352
85342
1238
8970
7323
33493
1982
2929
72226
4187
3100
5971
3451
1938
1211
357
3952
3105
3246
134170
3414
6350
4022
73321
4755
90061
6863
1061
3134
7943
7139
81564
2138
53123
2066
3062
51540
1231
241
152077
2490
61132
56757
1321
2863
92259
6724
93363
98154
40629
3989
6987
3016
1287
6979
728
6283
60756
91542
6565
79242
5630
5772
8125
5291
88744
8188
3244
918
91077
4356
2349
1253
121231
98124
50068
81847
99813
98122
111781
93040
2841
3270
3475
1131
1616
3364
3194
2935
7698
3350
112623
4246
4021
955
86377
1023
56805
78039
106072
48394
5064
973
7215
8337
1663
37729
5008
2696
1262
73023
3739
6852
55442
26084
951
2788
8958
7091
55721
34338
4537
1719
4066
84954
3608
52767
2420
56775
5876
1350
6639
2670
6552
8542
1049
68838
441
6188
107
1734
3556
4218
159
7566
4029
2313
1912
3702
1475
4965
2944
99145
1963
5608
452
39183
2344
1249
3505
1960
4801
3213
4776
2985
96728
26178
741
38499
7478
48783
7084
8154
6879
4223
3341
127152
53024
38304
6271
1096
53129
62081
97673
2125
109578
61357
49824
72720
8979
47629
87304
75990
25945
5088
8572
112399
4927
8492
6133
25882
27812
94931
112735
47092
26505
26350
26323
26147
7088
7111
7126
25999
25996
151307
95135
128606
50245
120821
105197
101895
72367
110752
55253
105355
56607
127164
6378
8042
26729
4821
58879
6538
7487
7089
7099
1913
6669
3653
4262
3015
481
907
5991
45210
3761
1652
30712
1019
117529
1192
2654
6659
7614
1801
80489
57504
4210
4865
2946
123
3742
45666
631
5463
5882
4450
4132
8607
79139
85179
52950
94780
4835
8641
3129
6530
58103
91630
1277
130520
3536
2651
63876
7008
5812
96737
3801
4017
4345
6986
