user_recommendation
318
296
593
527
260
858
1196
2858
356
1193
1210
50
608
2571
4993
1198
1089
589
2959
7153
912
1197
1221
1270
47
111
4226
1208
5952
541
1247
1259
457
110
1704
4973
36
1136
1240
750
2918
1214
1617
595
1213
3578
337
2762
150
920
17
1
590
1968
46578
1258
926
2692
908
1732
904
1252
1291
745
1200
778
480
79132
1206
2804
1036
899
2019
293
3897
364
1219
1199
1225
1148
1288
48516
2028
3462
1035
2997
923
5989
1228
1304
246
953
1073
1307
1060
2144
1961
2716
1028
588
1204
903
1097
2289
551
2324
32
919
1250
1682
1222
1203
2395
2797
2599
5618
913
1079
1230
1278
68157
3504
969
1673
1610
39
3114
223
3996
2502
3418
7361
1299
3147
1080
1233
1265
4878
6
44191
1784
2064
4979
471
2329
3671
1358
1172
1952
1267
5995
3481
954
1361
8874
2300
1500
1584
1223
4995
508
922
2115
86882
1084
2791
4011
235
475
6016
2194
6711
2396
6874
898
2542
345
1719
3471
1207
1264
2291
1625
1580
78499
924
222
116797
2648
1293
3030
1285
2580
2908
671
1237
3730
1244
1287
3067
2268
1246
910
6807
1235
4963
3000
377
509
265
2761
32587
2303
1356
1212
232
968
44195
175
74458
515
1953
2081
1262
1220
1747
1094
52885
581
1276
2686
3868
3019
121231
720
4308
1272
1217
2664
1394
529
55269
2248
1256
16
1183
1997
2644
497
2145
35836
2132
2987
866
1333
3703
349
1280
5902
1090
3362
1960
4571
2971
2186
3702
3949
81845
1674
5291
1096
5225
1945
4085
3361
11
1927
363
4361
3499
348
4034
1179
1242
27773
92259
72226
28
2076
2467
1077
33171
59315
2359
3435
1201
5669
79702
58559
3039
3037
3468
1263
300
7022
30707
3814
1175
194
1032
2926
6666
2985
3317
2366
106782
2243
648
594
1251
1234
1269
1411
7132
97957
955
1947
555
40412
3216
92494
280
7502
1147
380
109487
1224
2947
3260
785
5954
1192
994
1209
1215
26974
33493
8981
5505
6214
2020
1921
3198
3022
2529
49272
1302
1025
314
2058
3018
1292
2087
4754
1374
2917
2728
3363
663
3104
1537
230
76093
2010
1029
3089
1254
1967
4007
3168
928
7669
1057
3034
3359
3386
4478
2313
109374
91529
8542
2700
6104
4027
1734
3256
1104
1023
3167
1387
125
2654
3967
25
31658
1046
48780
2096
1296
3683
56782
162
3548
2078
1232
81932
68954
3476
1266
106920
7091
2739
3724
3246
1227
39183
1081
733
3591
1527
2651
1271
40815
1188
57669
72998
1946
8228
628
3083
1283
1958
3429
8970
1231
5064
1305
1923
2863
1611
5500
261
5060
7147
1948
3911
916
3469
32898
2712
5617
1956
306
1248
26729
4235
1189
1955
247
2118
272
33166
64034
56367
4128
5147
47099
1282
477
3201
44555
8636
85414
4019
1957
2647
2649
2650
2636
1249
3503
2652
905
44665
3424
2005
1345
3006
534
1019
1994
3916
2694
1959
8784
69481
45
3788
51255
63082
190
5903
7766
6787
2871
2726
1939
7438
921
1260
3175
2635
3307
55247
1191
5971
1131
1754
3060
4658
7767
6662
2150
106471
5876
116
3203
2321
3310
2463
5956
3088
29
2068
6502
105504
7265
2634
3152
2745
3112
3545
4014
3983
7063
2203
2357
3421
54503
99114
104374
911
3176
3160
54259
1245
38061
76251
1635
3213
2919
2355
3071
4105
53996
7386
4103
3200
3252
5992
69
55052
2948
4641
88810
4029
1483
64839
27329
805
1253
5008
4037
4432
1805
5010
2612
3507
73344
1343
4002
661
37741
8798
1120
68358
759
1884
1243
4327
3524
112515
2018
2501
40629
7941
2553
176
1954
33615
73017
4552
2788
1357
7256
3038
51540
307
8933
474
3101
2925
44199
52435
1013
927
87232
4422
4886
3035
112183
8910
3108
26587
97304
91104
1186
27790
3871
2288
514
116897
2090
7090
59784
2752
8958
6796
26326
88125
1086
110102
539
52287
4914
1466
6003
1178
233
6783
930
1963
800
3044
2310
81229
4179
27022
2490
5630
8132
6993
4246
3196
2944
48394
5444
950
7075
1693
2488
4437
2105
1931
440
3952
30749
8507
1127
326
5238
97921
741
96079
8239
6530
2746
3007
2976
2936
3735
25771
206
1950
3072
41566
6063
1241
3396
5782
55820
8368
85
4623
597
2046
86
52767
3546
1419
86377
2085
91077
89904
3342
91658
2333
1211
6187
5341
6940
118880
108192
90357
99
1085
946
54328
3801
106489
8949
171
93510
50068
2278
5028
82459
50872
5569
1965
89837
2474
3068
2938
3498
2434
1354
68237
42004
80
599
4271
6440
4612
6724
3811
931
56152
3989
6791
538
333
3966
8477
6773
3679
4117
5991
1061
2687
134130
8650
60756
7143
58347
115713
1845
5475
68838
7116
4661
596
945
3809
105197
73290
4292
299
110645
101741
4010
3844
2432
163
7836
6786
8638
3033
3210
7698
2949
7574
872
52617
26150
26578
7564
3686
4188
373
55280
58303
2946
4799
38886
832
97938
1066
68135
32525
2920
25852
7208
47728
2927
8121
2973
7285
34338
2232
6378
1185
8264
6101
59418
26422
49280
5017
30812
27478
3684
3095
1834
2964
104841
3135
66665
736
64614
4816
6001
2336
4809
501
2993
2125
81847
839
106696
69122
3551
55276
3508
48738
971
2318
1047
31410
62849
70293
6539
1835
942
3105
2640
68073
229
1111
44974
3633
4410
3016
4450
42418
1202
1177
3270
2951
1284
56339
2660
1041
1748
7013
111921
668
96075
26501
26797
53887
8261
8123
74089
58649
55063
86487
4428
7087
163949
104119
150856
112577
114464
101850
5385
6870
6732
6987
85401
3448
2750
7566
115617
48696
838
2000
915
5269
1964
2460
2406
106918
3253
7327
6021
115569
6942
45728
1573
1407
4903
4277
1300
5445
1218
7419
2575
2857
1257
3783
13
62718
2736
5013
1031
63131
1129
4720
4349
6718
3081
54286
31952
2731
1275
1303
2022
841
4321
5791
2109
4190
1095
7943
80489
3872
72641
61240
3984
4696
