user_recommendation
318
296
260
593
480
50
589
858
1196
527
4878
457
47
1197
46578
4973
608
1198
2571
1213
1028
364
2858
1210
923
32
595
1704
7153
1148
4226
1136
377
904
474
1208
1270
6863
2959
594
1203
1682
8874
924
1206
2144
68073
55269
1252
1221
541
1968
2324
1291
2395
2329
1088
745
349
912
4306
2291
1240
3791
6539
1288
778
899
111
79132
4963
4011
1235
1201
3911
720
1278
175
1225
2028
1214
1732
2918
48516
356
913
1204
7502
1222
36
1961
1219
1380
919
1247
55820
4246
79702
293
5617
110
2278
5505
903
97957
44555
33171
1193
1361
121231
1
2692
26974
3216
92494
4754
40412
6214
2194
1089
2987
56782
1097
1357
1617
1259
1230
1073
832
150
5995
48780
2804
2000
1207
223
555
246
3897
59725
27773
497
4995
58559
4641
2396
6942
30816
6874
1282
529
106782
1035
1200
1884
109487
44199
4979
2019
56367
750
2078
72226
1653
1947
6598
1408
2064
953
1287
588
2268
3035
33794
25
4993
471
59369
968
6
2087
1267
5618
2115
68157
6502
46976
68358
1466
17
838
2289
1566
661
940
11
800
62
1223
2096
76093
1674
7438
2542
2942
1994
1489
40819
1573
1345
1022
2406
1610
2145
2502
1127
1953
5418
2501
3504
7022
64957
3481
1254
2005
1396
3108
3034
1256
2080
2467
1569
1269
63082
916
1246
1079
2321
31410
1784
97921
2085
3196
2174
2908
1584
4128
112183
1212
247
6016
1285
933
596
63992
2076
58
454
8132
3147
7147
1411
1220
1580
1483
61240
85401
266
3098
4105
70286
7265
2109
237
1060
1224
4103
2762
1241
2947
59315
1257
1848
1013
33166
1242
85414
104841
368
339
89745
319
6377
41566
2872
4437
8507
1693
1912
1302
337
27329
51662
6063
118880
90357
5569
108192
6940
2964
4552
7327
86377
31952
194
38886
99114
1090
80463
5377
1344
1194
2046
898
1244
1172
2160
69122
1173
6218
900
77658
106920
2407
4262
1957
2355
288
994
5299
2125
35836
5782
54503
926
1077
1304
4016
6754
112515
1339
475
4085
4499
1293
515
109848
89837
586
3060
4327
6378
5971
500
111362
3265
3414
44191
4022
1688
3512
1265
2991
7445
2746
68954
1948
2018
3556
2997
116797
2091
2788
2712
61024
2454
2086
58295
5014
2690
2687
7386
2231
3176
3551
1209
1616
2288
122892
230
3634
357
64034
4027
26614
1243
3040
2359
3703
30749
45728
2671
2819
8665
2572
54259
27838
954
8644
72998
74458
1954
112852
34405
1950
32587
62203
1023
1178
2716
28
3088
1673
79091
4901
16
5444
3788
1639
115617
30810
3702
3510
3251
7154
1358
8798
5010
3675
1307
1500
1907
5445
5064
1266
47610
7139
1729
1810
3462
8530
2102
380
82667
2459
8984
63131
3535
31685
88810
1103
2881
8981
3499
3363
3275
78499
535
2243
3252
8961
4014
1347
87232
64839
4225
59387
25801
8522
7081
156025
1921
2694
52435
3952
87234
5165
69
4720
81834
2761
1050
4034
2463
115569
3836
893
6662
44974
3365
49272
2140
2640
82459
3967
55442
1982
5146
82041
6565
841
7075
3980
3194
26587
64285
2313
25771
5980
8477
26241
32211
6256
3621
4658
48231
26125
6530
97593
30803
2488
4914
3344
4752
104457
26003
6301
102445
1175
306
31658
2599
3075
7
2871
110102
3186
2961
81591
115713
49530
1217
91500
1086
5620
6350
482
43376
3612
1061
1211
81229
3811
39292
42197
1931
4361
7787
6986
6450
3468
307
2161
95088
8641
62113
101
5816
1801
38499
2723
1858
161
3777
8972
71033
4816
155
112
88125
2318
80489
2529
2496
1374
7373
71535
6269
2724
69844
222
2245
6187
80549
56339
2759
8906
5611
1348
2797
5103
7802
1687
1185
3044
1719
1263
48738
1394
64614
2567
2117
663
647
2973
3949
3478
235
2118
6959
6909
1962
1334
2114
2622
7099
3706
1029
55247
6870
73344
8916
97
911
3471
7649
6104
31435
5464
3037
1945
783
135
1333
106696
4033
151
1459
50872
54995
49957
6591
3020
66934
134130
905
4351
2596
6323
87306
8970
81847
91658
3179
55290
3594
333
27904
5882
1033
7614
8529
51412
71899
3606
3676
34150
4366
1231
4802
8730
281
7285
5952
678
27478
3359
2565
3300
1233
6787
6879
77455
2901
8827
233
52604
94466
308
741
5945
116
3270
553
57504
906
31193
3963
971
40414
162
1343
2877
112556
6659
68237
93363
3178
4357
52973
6281
29
4450
1188
5168
3653
1237
300
45186
34162
3285
81564
8949
4506
1250
51935
628
556
2688
3970
1255
26662
94018
27821
4489
1101
3111
7380
134170
5989
34332
27317
59995
443
159
1030
73
44665
766
241
7164
59684
65037
76173
1913
5128
3386
4019
494
908
1305
2490
1271
261
835
2841
77846
49278
1032
3681
71135
1228
1262
3505
2657
1960
3683
215
3019
2048
112552
73268
3213
6777
85179
51255
2420
3684
8190
8535
6686
6630
6829
6636
4661
4537
8929
4535
32139
5836
7357
4041
26326
2517
8341
62081
48997
3362
30707
35957
1199
8337
4046
4799
3368
5301
1066
452
3397
53956
130520
79139
8607
82202
52950
78105
5478
94780
5225
3566
524
1958
144
458
54190
534
91542
361
37733
8580
1441
108981
86882
178
3893
1934
3284
5380
8958
6423
4427
552
631
102684
96728
108727
2779
7163
4343
3996
99007
1321
4007
6536
31026
4743
3159
42732
3483
4169
6183
26084
8712
232
54286
6003
714
6355
3720
7976
100159
113252
2150
920
1747
3260
27788
5463
69524
6561
32598
3398
55267
42738
848
7235
3671
3507
51540
7454
94959
3927
3135
2433
95
47640
45
6743
1350
3654
1937
3801
2513
68099
168
1356
1227
73017
7212
4187
95167
27822
26422
8366
49280
59418
42004
8860
3549
1354
326
1956
3054
2594
1125
3730
84954
6796
2058
2361
2151
94777
108932
4700
53121
8645
7156
2375
3686
4772
224
2600
7387
72641
58347
117529
77800
2853
2527
493
2432
2168
32596
8928
8460
6390
8502
6480
7263
4448
