user_recommendation
318
296
527
858
593
260
50
356
608
2858
1196
2571
1198
2959
110
1221
912
1270
1210
1704
4226
1089
1193
2028
1213
4993
589
1197
778
47
457
111
1
150
7153
1136
4973
904
5952
58559
2762
908
1203
541
32
899
1291
1240
750
6016
2997
1617
1225
590
923
2692
1265
1036
293
1252
588
1247
969
2396
1304
745
3578
7361
2324
1208
480
2918
920
48516
1259
1207
246
1079
1682
913
953
2804
4027
919
2064
497
364
4963
1219
1258
2329
2599
3996
1222
1200
1732
2542
2019
1148
1288
1968
3147
6
1206
4011
17
898
2791
1214
1228
903
36
1060
5989
79132
555
1199
924
4306
357
3897
1947
55820
926
1276
4995
515
1961
39
3462
1953
1356
1080
1278
1307
1267
68157
595
1212
300
349
1172
1250
194
1293
78499
1090
1234
2797
57669
1035
1230
32587
4878
1204
1945
733
1263
1387
905
33794
1500
994
44191
232
1217
1097
922
1220
1527
5995
6539
1625
474
1094
2716
2300
8961
2289
3481
3363
954
1923
4034
3114
50872
11
4886
235
529
1299
6874
46578
2917
4235
1246
1201
1254
508
56782
475
2186
3730
1584
2502
6502
337
581
7502
1084
2863
1674
48780
1269
3435
1073
3468
950
99114
1580
3160
910
3088
106920
56367
1223
59315
3307
1393
551
29
6711
5902
30707
1957
2739
3421
916
2132
838
265
1948
109374
5418
1256
4979
3362
3006
1939
800
1233
40815
299
1673
720
40629
2971
628
2580
5618
2115
3683
1280
1394
2871
30749
27773
3471
306
162
25
76093
2712
5445
8874
116797
2890
2395
54503
509
1997
319
1374
1264
8368
534
1952
2501
3545
6787
3868
1296
671
2268
3260
21
3504
3949
49272
1466
3038
5816
1028
1029
51255
2761
911
16
368
74458
33166
224
3007
39292
1272
58
70286
2081
1361
1305
54286
3386
2144
41
5669
594
106782
5064
2248
72226
112552
2020
1302
40819
96079
2125
928
2359
3104
1946
1354
2648
68358
307
81932
44555
1095
596
914
2076
5010
5991
109487
2203
68237
3035
1834
2908
49530
1248
538
3167
2467
4014
2318
1077
377
3176
951
3952
3101
1192
3317
2321
1449
3246
1147
1333
272
1244
930
2243
1131
1729
3359
1066
112852
34405
1209
3983
1960
7116
1262
2357
2231
35836
69481
1096
3095
2973
68954
1237
62
1292
6732
1211
3310
134853
1411
471
431
1358
1537
1103
3735
1104
1231
2078
115569
6807
6796
1287
1954
6565
1019
3200
2194
945
69844
2291
81591
955
2474
146656
535
1300
1175
81845
2529
2336
1610
1408
1303
3671
3037
2690
6662
1189
261
501
88129
44195
1218
3083
31658
3724
850
1927
73017
2245
3911
4007
65188
3196
290
353
1994
440
373
6001
1249
222
4037
2303
2366
233
3527
921
104913
54259
67087
938
53123
3524
946
7438
5992
902
3703
54881
1224
8132
942
105504
2137
2208
2150
72641
89745
86882
127152
1784
345
2925
3198
116
268
3100
64839
2096
3000
2406
54997
1641
88125
1271
3448
7147
8970
2746
93510
4661
2938
3653
927
54001
2987
3418
86
3967
3505
102123
96728
1284
632
134130
53
6377
2644
1282
1963
866
5013
2352
1215
106100
1023
7132
454
7013
88810
1950
2160
2490
3360
3361
348
104374
2612
2726
2935
1298
6273
3068
92259
5673
4422
3022
412
247
6979
1663
915
142488
115713
308
51540
1959
4308
85
2302
161
3469
2202
7143
3152
1885
2846
110102
7669
780
79702
5114
805
5630
5225
2664
3910
3060
2005
5903
4848
1178
61323
428
178
59784
1357
8981
3365
89804
3134
1955
1260
38038
1719
41566
3684
3741
940
1376
3475
112183
4896
2795
99764
1283
5475
6773
7090
1688
741
122882
3201
91542
2288
943
5812
5444
32898
48774
1120
3499
2080
3252
4873
1179
5971
80463
6863
3414
55276
4263
1127
71535
69757
4903
1810
2018
3089
100556
2138
3507
7087
8264
1934
115617
3364
4086
91104
933
5017
1086
4085
81229
2788
3072
3175
100
262
907
6777
1238
37729
3044
102445
1827
56152
2745
3108
156
8958
7419
33493
2278
39183
5341
7075
2872
5291
971
128360
314
5238
6669
96829
71264
8665
4410
1965
968
1734
2929
112138
73344
539
3814
105844
97938
6552
3791
37741
51935
3476
26729
3736
106696
4188
3168
3548
2010
89492
139757
7836
94959
1616
5385
48698
1649
3844
98809
72171
7451
901
55063
44665
1419
4428
6021
86487
96075
53887
8123
8261
74089
26501
58649
101850
26797
163949
150856
104119
114464
112577
4623
3702
7386
1680
176
1251
96467
3263
4019
80489
1484
96821
549
2936
2066
937
60756
446
7320
1285
93443
175
492
1273
2070
8228
85438
900
63131
3783
514
133771
4017
4432
3341
7263
3194
139116
79677
148881
107978
74754
128620
86000
127108
160590
4809
2102
3536
80
4427
64034
2434
1032
477
973
1049
106489
97304
3742
918
3256
1161
3606
5500
3966
3872
86320
2087
2232
2283
5103
141
1274
2398
55250
6378
4641
3424
4969
112515
3604
8880
4029
6333
4223
6380
1366
68838
3546
2732
6724
1949
4103
281
3739
3801
1944
97
3521
1860
3429
7256
935
2949
766
8542
2068
7091
4465
3543
1805
230
6986
2686
26242
69
70293
1982
3357
448
3091
4537
5772
7099
54256
62849
2696
6870
88744
64620
1245
73290
3203
2948
1257
3989
2721
7698
7943
123
65261
101
7767
171
1938
8125
5876
1020
4489
3102
1935
322
8042
3019
4450
58803
38061
2919
8933
635
909
73
8807
52
2912
2067
1194
6452
6708
105197
3015
4349
3270
1884
7156
2553
6271
3213
2731
54372
68269
1635
3498
38499
7787
3112
3153
33004
280
2924
112290
2728
93838
6987
4033
3129
6650
3929
44199
4016
59018
2920
3328
5608
2944
3105
241
2099
2874
2130
3033
52435
4912
1956
2344
728
3598
5008
6643
91658
2108
845
1012
8188
8641
84152
119145
95088
229
3871
3396
6331
2349
1845
1942
