user_recommendation
318
296
260
527
356
858
608
1221
1196
110
593
2571
589
2858
1198
1210
2959
1136
47
1089
1270
1213
50
969
2918
1193
912
2762
1259
2028
2997
4993
1704
7153
3578
1225
750
150
1197
920
1291
1206
5952
1258
457
1097
293
111
4226
1208
1214
590
1
908
4963
733
3114
904
4011
32
6711
4973
6
48516
1036
923
1222
3481
913
349
2329
3897
903
1200
2797
1204
3176
6874
44191
3147
926
1732
1252
1073
1961
1219
1968
2502
1247
1617
6016
36
1625
380
5225
1287
1358
4995
588
778
2115
3916
2804
1035
2396
480
58559
4306
1172
32587
1233
1262
1203
1207
919
194
7361
2542
308
1240
4979
1265
306
1584
1674
68157
2712
2324
54286
5418
235
2580
1246
922
56367
671
1957
1244
1242
16
1028
1952
81591
1148
4308
1243
1217
79132
307
1080
1393
8970
1199
1224
5989
1610
161
1228
2194
5995
33166
1953
3462
265
745
3363
899
1025
953
1079
1060
8874
377
1304
2761
223
2739
1387
1096
1041
3362
8665
55820
1754
898
7438
1682
272
11
5956
2599
497
529
2268
3499
2976
3006
163
30707
6539
1223
2132
3996
1212
2359
21
1293
555
2076
2160
364
1945
4027
2289
968
1254
4235
49530
3424
2186
8961
474
2
1220
2686
5669
2692
3471
1947
64839
3671
2064
1272
1408
3868
1250
86
3435
805
51255
2881
1466
2434
595
4846
2318
46578
1356
1927
3168
509
2019
4034
1049
59315
2005
924
73290
48780
1965
1085
1307
2333
1278
104
35836
88125
1095
1084
910
175
2202
39414
280
314
1183
176
2278
535
30810
2142
44665
56782
2687
3246
4450
475
541
2908
34405
2971
3510
2300
1299
68954
5668
106920
33794
3504
1912
1283
1267
3683
3548
3252
198
3386
3788
1611
1958
5679
3476
2716
101
4881
54001
3911
4047
30749
97938
1094
353
832
62
1948
33493
1923
3160
106782
1734
3417
28
72641
2144
1104
5902
70286
2430
2287
1407
3174
1438
2728
1124
63082
3034
1023
69757
5015
1178
2575
471
1955
3201
154
5791
107559
4489
1211
1960
2628
116797
1237
1411
8981
1361
2046
1921
2231
106441
57669
50872
4021
3083
2501
785
4033
44195
1305
1266
2313
7502
134130
3468
2973
1260
3527
3095
2863
2788
1693
1500
905
3111
1673
5060
1269
3307
6188
914
1264
81834
4262
74458
3134
1296
81845
2078
1103
29
1273
2141
216
3203
720
1227
6440
1281
6796
3844
281
3257
3039
2087
2011
7013
76251
8528
7116
51662
2983
4181
4085
109487
55247
3068
2664
5646
232
1209
7371
1924
33171
3037
1302
2301
8645
3275
55269
3100
64716
106100
73344
5903
69844
27773
109374
49272
3018
928
3967
345
4855
916
2745
994
3545
1248
6273
1357
3253
1954
5114
951
900
4369
2987
88129
628
6774
1276
6333
1127
52
3249
2871
162
6787
4571
6565
94959
1077
1333
1284
3218
2985
96079
1101
1950
2288
2660
1959
5782
106438
3101
4776
7123
5876
4878
909
2393
7147
1090
63853
1292
80463
3414
2010
1230
1394
4552
1419
1994
34162
4277
780
5064
6184
2670
2929
3196
1719
538
955
106489
26524
41285
3679
1179
759
2440
3925
1944
3739
89745
6979
534
34326
4187
2058
3451
2303
3724
2917
3310
102993
1946
88810
1962
92259
337
3251
741
7235
2694
3686
3089
112552
3052
1916
4642
3469
8873
69122
3062
26326
7024
26231
8938
63876
88140
2991
3983
2353
4191
1964
1173
33138
42900
8240
80553
71390
77291
60384
5473
95113
27792
26749
40226
32515
63836
32840
61323
6003
26614
144
3104
2947
1231
3272
8949
5630
5391
3007
3783
2791
3067
3735
4697
954
357
3949
34323
3022
582
1012
72226
37741
581
32525
930
4190
2726
2490
2690
3421
1635
2071
47610
3200
300
134853
1303
59784
3396
1147
2459
1175
36529
1256
936
3033
54503
1251
8957
5816
1374
2208
4537
6620
3741
2068
2961
2648
40815
907
3418
1963
44199
3556
431
1263
5103
3448
1201
40
7090
7360
31410
1834
2348
97
8368
8132
59126
4037
112183
3952
6724
53123
6893
501
1684
222
3467
7802
2395
373
8228
81562
33004
59995
255
26258
2966
2137
1639
4903
96728
4641
5810
26729
932
1120
7386
1810
48738
3364
8784
141
850
46970
4007
100714
2150
1941
599
54997
4225
104913
440
6650
103048
2732
1257
661
34338
25850
3020
99114
115713
3654
1931
3000
5013
6552
6863
2273
80969
64034
8958
108981
85414
108727
142488
102684
147
3989
4103
3060
2245
1321
8010
3178
40629
2108
7285
946
26587
40819
2361
45499
333
4211
2920
25947
6254
6104
4189
3845
3909
1692
2467
61240
7445
4184
6807
52952
3703
6378
1687
2731
7767
2403
4967
31658
1185
2022
7099
140174
2529
106696
96488
316
50068
2951
1645
2351
3355
4822
2551
5349
1215
1081
4326
64957
3167
1029
3035
3635
548
26242
5095
3152
2993
7451
57353
3328
2925
72
2944
53996
86320
4722
25
44633
3848
30825
3747
7256
3543
4019
41566
911
2089
787
3088
48082
2125
3301
3070
3361
3869
1597
4688
89759
58998
2730
62849
3317
4117
2423
5971
110102
32898
26
60684
2357
6643
96829
80
17
4616
2420
64614
3150
3551
54995
65188
2644
4178
46976
81932
3809
6101
27831
5074
7022
5238
1711
1939
7263
1564
84152
2596
77455
2102
673
79702
3943
86882
53956
2857
81847
27022
3702
1280
6299
4467
943
69481
52767
6669
450
39292
84772
2020
88744
7096
112852
166
97304
8207
66934
4239
8125
4612
845
483
207
3342
3198
6777
6773
4223
3801
27790
3077
104841
101525
950
5152
2763
77800
1620
1722
3011
6001
2203
42004
1340
4062
37731
3071
76093
7136
7132
4039
3406
8950
7387
1249
52973
971
1345
3477
392
6502
3365
3429
27803
1396
5110
6385
6936
5991
55908
4105
85612
40870
3359
3129
965
2161
736
2105
115569
3546
6986
1032
7698
1573
2067
3270
3179
4888
1608
213
6783
73017
