user_recommendation
296
318
260
527
50
1196
608
858
1210
593
356
32
2959
2858
2571
223
778
293
58559
4993
1203
1198
1197
541
1240
3578
111
1225
1270
589
25
750
4306
47
110
4226
1214
923
1193
1704
590
924
720
1207
1201
1247
5952
7361
1219
1089
1208
1136
2804
1
3897
6016
4973
1221
2324
36
1230
4027
1213
2329
3114
4034
6874
79132
1079
2502
7153
910
1206
6539
2762
6
1250
265
150
1374
48516
1682
1233
551
4886
588
1394
162
1097
1222
1258
2918
5995
16
1204
1036
46578
595
68157
1610
1220
17
1104
5669
29
32587
2542
904
1148
1291
56782
1288
1265
109487
1968
4011
44191
175
2501
745
2194
909
4308
233
1242
4878
3911
1961
56367
48780
6377
5679
2019
1259
8961
1090
300
5618
2291
2321
59315
272
3481
2028
364
1617
1199
2231
1041
247
89745
908
1200
1272
2132
1211
4874
54503
5060
1120
1194
1251
337
1357
2791
232
307
1073
306
69122
2010
7147
1298
106782
1673
446
661
2716
1035
253
3362
475
1060
457
78499
508
1276
899
5989
36529
471
4963
1179
1274
926
800
1304
1289
1111
1271
474
1080
76093
1748
766
2396
6807
1283
1393
8638
1732
1224
1246
534
671
953
741
7502
176
7438
54286
109374
1960
562
30810
1641
5218
1945
2395
308
1625
4014
44199
1639
3814
6993
44195
55820
919
922
4995
955
6711
28
1245
5971
1285
3504
2871
2131
99114
319
2268
2692
1944
2351
2820
2573
4424
6918
1939
1941
3147
555
60069
3671
951
68848
115617
246
2355
2066
3683
493
1343
1580
535
3994
5028
79702
3252
161
57669
46976
156
8970
3471
6954
8751
3256
6870
4848
8754
230
7156
27611
1231
8239
52617
3415
872
7564
4271
7574
26150
26258
4658
26578
668
1356
1584
82459
4223
3910
994
969
3545
3996
3952
1278
412
903
71535
6440
497
2890
88810
2078
1293
70286
1262
8784
2020
1500
61024
2490
59369
832
80463
97304
3033
549
1212
509
1958
68237
4019
3844
1921
348
502
1244
1249
5991
431
1215
5349
194
122904
3703
1376
7139
66665
131724
71156
1257
515
538
1192
2302
1263
5630
3948
3462
3421
68358
1835
2303
1173
480
1095
27773
1678
55269
599
914
347
2294
2138
64614
1217
1267
321
50872
97
3201
94466
3160
3361
110102
342
1260
4103
96610
2641
3317
3363
5782
1084
51662
22
1307
87232
2300
48774
2403
138036
3357
51540
4007
1354
1884
2336
1387
2289
3702
91542
2750
918
1923
2000
4427
122882
1282
5294
1028
1186
6957
2248
2412
783
1719
1296
8580
492
5055
838
5010
2664
38499
5470
3074
2929
3152
3341
4920
927
361
935
1358
764
349
4235
33493
213
55276
3006
35836
33615
33794
553
3354
2761
76251
2005
3260
1096
1517
34162
8798
1587
49530
4720
64839
850
1964
99813
4085
44665
1178
49272
55247
1228
968
289
3448
68954
26151
74458
8969
3081
2989
1784
8132
81229
1077
38061
52
1962
2105
215
2064
34405
2690
1185
5135
4584
2739
4903
96655
3615
3686
3275
7064
1103
6787
3020
34338
104913
288
149
1223
7022
2278
1914
68554
63131
64957
2944
81932
3101
1994
1252
1845
1266
105
31658
2081
2599
1982
934
99728
86548
90430
8981
26326
866
322
5103
902
8949
7090
45186
1489
1254
3210
2580
1299
30749
4474
2721
55908
73017
103810
2908
53956
4616
3102
168
72226
1234
104374
1589
27523
353
299
5377
3505
115713
6323
3039
3441
3095
2423
2391
1189
7293
53129
268
2551
915
90405
1033
80489
75440
4102
59810
55031
87660
78209
91094
3639
2529
58
8199
2371
2496
48304
85
1280
2359
3408
159
44761
2144
5812
4880
3519
5265
5237
4444
2311
5970
4478
8530
45
4508
2145
49957
2687
8665
4921
4299
1959
85414
4979
3422
4036
3129
1232
8917
724
921
108932
6303
5502
3135
55290
64034
581
3000
4128
357
3693
48738
116797
1303
54997
122892
2949
1061
663
1957
4422
4334
3089
4002
648
362
79091
314
62
30707
2712
45728
8641
8957
96079
326
5013
3342
2997
913
97306
3071
2745
1256
8874
55451
7926
6783
2029
2572
6708
1466
2797
1653
3189
1566
203
26318
40491
5269
4470
6123
2673
8338
58425
6641
61206
27831
66934
33660
1408
6242
3783
1177
61323
4006
2917
53
632
7979
8371
86882
3624
1366
3704
77846
112852
1956
51080
2096
1175
1674
6254
134130
2436
2707
89804
32234
4801
7698
53123
6327
66371
55069
5398
55814
1273
281
40819
81564
2094
1277
4557
40583
55765
4822
44633
3868
5902
56941
8958
140
529
31878
1569
2734
3412
41285
8464
7160
2857
3088
7072
965
26843
70762
82608
5264
6770
6769
27700
54251
5229
6342
8699
26791
6033
59549
98933
27826
6369
7260
84414
2545
4342
147037
107083
2607
3575
127728
1903
130522
140739
140741
140743
3457
142240
142068
140745
140747
140749
141124
140751
140755
140763
140761
103731
140759
4722
4724
88163
26732
98124
81831
66744
1238
507
736
5299
3914
2626
41997
3037
628
5791
1305
261
64969
3019
71264
5069
5500
1947
33004
100383
835
4033
46723
5064
2125
7386
3386
95558
6299
1300
3067
98809
96737
27788
34
3203
8807
46322
2013
3793
27904
928
81834
2243
92259
574
1237
4466
4945
1297
106920
1449
53972
8983
147
753
78
2948
6863
1171
25801
7154
7081
156025
8522
80906
920
3429
8
1187
84392
60753
140267
144976
54190
55442
49278
122900
524
7263
6003
2463
2872
2478
3186
65261
1946
222
3638
6591
3724
1527
4688
3150
787
3036
2952
8207
4037
759
1333
117
1236
72
112556
18
2467
26776
3699
69524
2594
7827
71135
71033
52604
8899
39183
8493
1269
1261
249
6218
39446
6059
613
363
2378
1378
55
1672
2728
3060
1127
69481
8327
2700
4406
6669
1952
5617
37733
4239
58295
3916
1612
1918
3090
33166
7481
1056
94959
2947
6373
2938
2022
1023
4865
5225
56949
92210
108979
27156
