user_recommendation
318
296
260
593
50
858
356
1196
1210
527
2858
608
1270
2571
1198
1221
589
1291
110
457
2959
1240
1259
1617
150
1193
1265
1197
1
4226
908
1704
904
2997
912
1089
1213
590
1097
364
47
910
1136
541
899
1580
4973
111
2396
595
1207
923
32
4993
1252
3578
2324
903
1203
17
2692
2529
778
1172
750
5952
44191
2918
58559
48516
1228
919
1225
293
1287
953
1208
1247
7361
246
480
349
68157
4963
2019
1035
920
2797
1219
2064
2115
1036
2599
588
2289
6016
1250
2118
913
36
1230
1968
1267
7153
2762
926
2028
79132
3996
337
969
4979
1304
1682
1079
2804
2011
733
924
300
1199
1206
1028
745
8368
1258
1212
922
1961
1223
1945
3000
4034
1148
2009
4886
2542
3462
1288
1080
106920
5989
905
3006
6
2300
1307
2395
1732
59315
73290
40815
57669
1953
555
3730
4011
5903
39
33166
32587
2791
162
1204
3481
1625
3703
1276
1293
50872
1094
6711
1673
1952
994
3147
3504
3083
1947
11
1060
3868
46578
1997
909
671
928
2572
5902
69844
222
5445
380
2716
2186
2359
2137
5995
3307
69481
3435
1246
1376
48780
916
4027
1584
1387
3949
898
3101
55820
106782
911
2132
1923
1217
1147
1280
1201
1234
1284
1299
3160
1262
69757
141
2355
3983
88125
6787
1411
97938
3104
1256
914
1209
4235
3471
81845
8874
741
2947
5816
106438
2890
2243
306
1215
4896
1955
78499
107559
106441
6565
56367
3246
3683
5418
5114
1954
2194
1222
551
49272
902
474
68237
3916
1189
3448
54001
1641
1260
4467
2303
3421
3476
88744
1927
51540
8636
98961
92259
2248
1939
5618
54503
76093
4623
8970
112852
720
1957
109487
72641
73344
3039
2268
2502
628
54286
1254
735
2580
1171
2329
1950
2871
176
1674
780
29
1192
31658
2971
4995
535
232
7502
26729
2081
1272
3362
3088
2501
88810
25
1394
2278
3948
5010
115569
1380
7090
2925
1251
1466
44199
64034
1179
1719
54372
96079
3671
68358
648
1834
549
81932
3095
73017
955
86882
2076
314
497
2291
106100
7132
838
3507
3022
38061
3196
4016
8366
105504
501
1264
262
3019
1103
4903
2232
54881
5669
2357
51255
3966
353
3175
81834
2657
2318
99114
1449
1263
49530
1231
8665
1248
1721
63853
106471
368
2366
1178
8371
1610
1283
194
3672
390
64716
3060
3363
110102
3007
3897
4878
1361
3198
1663
65188
1333
1019
5893
116897
26131
3089
3310
2726
3361
4873
6539
1041
1396
3129
3915
475
5060
509
2563
4085
1073
3072
39292
1948
4489
3499
53123
4361
6502
26587
54281
307
6863
80463
2391
1960
3702
2968
86781
102993
80489
5071
3320
4731
4302
1859
5971
71899
290
951
1754
3973
6333
5992
565
4930
4796
4518
5427
1819
4591
1563
4076
1450
2612
2068
8542
2761
2712
6378
4352
90428
1393
123
3735
175
1860
3920
4007
3359
40629
1729
261
21
1963
1352
4056
3100
6932
2267
10
3546
1090
3030
1233
943
529
149
2731
7669
100714
5477
357
7116
3210
930
82
1619
3152
2951
440
26776
1734
7360
950
2948
1358
27773
3424
89864
1096
87222
8784
115713
5956
8264
65642
3952
1345
93510
5269
2208
7013
3524
1175
109374
1023
1186
661
134130
1214
3967
26152
1635
7773
39416
2686
952
91658
54997
5876
1218
454
5475
3037
5782
52885
59784
7827
101
116797
1374
2648
933
55269
1916
1253
106489
2993
2917
94959
6724
1994
3811
3654
59995
5291
3508
3536
508
599
7091
55276
16
56152
30749
2108
2231
2739
3300
4965
80969
2920
33493
1238
927
233
65261
97304
3033
52975
4427
37741
146656
803
142488
265
4865
3468
500
2144
968
96821
8933
538
81229
40819
3168
72226
4914
3869
6331
946
942
553
30707
2846
35836
1104
6796
37729
98491
1296
112556
67997
85774
1805
1845
89745
7143
1078
6979
3070
103048
1946
471
3032
8798
111622
81562
5500
88129
8641
91077
6807
3633
3505
42718
62849
80906
917
2694
134393
81
78574
954
6273
4846
121231
2078
6101
51080
112552
6271
4299
68073
3786
32898
2687
63082
280
111759
56251
2138
6975
4327
1086
8914
6662
837
93840
1408
8961
56145
2949
107910
134368
3814
1343
60684
1095
68269
148626
2125
1183
2690
1616
556
4128
104913
8981
13
100556
6650
299
8910
7649
115617
55274
70286
8132
3035
1200
2729
1689
1135
2202
3167
973
362
2105
1049
7371
3548
3328
90531
3396
938
3741
6867
4322
27611
3263
4017
515
1527
6957
3451
3107
6669
3653
27846
4037
6918
3469
4422
5991
112623
50068
2333
8958
1275
2102
1261
3742
68954
5319
54259
26242
2160
55052
105197
2932
940
8807
68159
1827
6001
971
373
5522
112138
4661
2406
42004
76251
4432
2644
2284
5446
146
4304
103228
70293
44195
3635
5008
5444
1029
2090
3266
1407
2067
2929
107406
7137
62434
60756
111781
3551
1305
3386
6235
3265
91653
104374
3510
1688
1227
4144
3015
1300
3067
102445
4086
1077
2176
1885
2352
1269
3317
3114
4410
4799
915
1912
2732
6380
7136
4039
140174
1959
32525
6375
272
1131
5772
66665
8012
2912
94677
3071
5135
7034
58803
3213
1924
45950
2524
2664
1476
62511
84152
103444
3984
316
4033
105844
1066
86377
3360
4678
2203
65216
59126
2863
1237
2304
77658
3707
2788
3038
55442
6323
2313
89904
1934
96588
6269
2935
1245
2924
106696
34405
8633
107081
8042
38038
7265
2288
89492
33794
5915
6187
945
3791
1285
116
149406
31878
40870
85612
36708
3200
4821
575
2946
44788
2728
6327
1302
3925
26524
3010
3861
27660
5108
6852
3261
82169
61236
7767
2285
3629
99764
5662
4396
132333
5341
7836
3739
2991
6618
114635
7087
26501
74089
26797
8123
8261
58649
86487
5238
6021
53887
4428
55063
96075
163949
114464
112577
104119
101850
150856
5017
2434
55069
68838
4210
524
48738
140267
3681
1464
28
117529
5812
431
114028
102123
4105
3223
7484
2780
7419
