user_recommendation
318
296
527
593
260
858
50
356
2571
608
1196
1198
2858
589
2959
1193
47
912
4993
1221
1197
1210
110
1270
457
1704
2762
7153
1240
541
1089
3578
904
908
150
4226
1213
2028
1617
293
5952
899
778
1136
32
1208
1291
1259
750
1225
111
1
1252
364
2918
595
4973
2692
1036
4963
2997
919
2324
1247
2329
1214
745
969
36
1148
923
913
2797
1203
2396
2804
79132
1035
1207
926
17
1968
6016
590
1682
1228
1172
1258
1200
953
2599
1961
58559
903
1732
1060
337
480
1204
2268
5989
1219
6539
2716
48516
910
349
44191
3147
4306
924
1265
1073
920
1222
7361
3114
2019
1250
2300
497
3897
1097
4034
1230
1028
1625
588
1293
4995
1307
2542
1276
1199
898
555
733
2064
1673
32587
1304
1610
1212
922
6
2076
1263
3996
1220
55820
5418
265
2502
475
1079
4878
1288
1206
4011
509
21
46578
3462
30707
551
8961
39
11
2291
1267
1246
4886
1952
5995
1278
916
78499
628
1945
1096
1287
54286
1223
2115
232
3730
246
1234
3471
1358
3006
4027
56367
1674
2243
3160
1254
1299
56782
74458
2144
1584
194
1947
4007
515
377
3481
1784
68157
994
2186
2289
955
1957
2303
116797
471
29
8368
671
2580
2971
1084
1960
3362
3039
1077
2248
59315
1090
1953
1215
508
3468
2917
48780
1466
1280
1264
3421
5991
3072
64839
33166
1269
3176
3868
2791
1256
8874
1527
950
106920
6377
357
954
1094
3101
1959
1955
6874
106782
8665
928
474
2871
2739
5669
1262
440
1296
1217
3435
4014
5064
1233
720
5225
1244
2395
300
2359
2712
1103
4308
4235
1393
1923
7022
1080
50872
3307
2125
1272
1356
1175
3504
5444
2194
44555
35836
68954
30749
4085
2890
2132
175
7147
3683
1343
7438
3671
1251
1179
109374
1500
1948
3499
1305
1249
27773
39183
3386
6711
1387
2020
2081
7502
92259
380
5902
1411
16
905
1580
235
3418
3793
946
8636
2648
1224
222
40815
1285
1192
1641
1374
3246
3949
76093
3703
6796
63082
2686
911
8981
62
2231
1361
2761
3104
1292
1729
1537
261
6942
3152
3916
3359
534
2929
1088
2501
741
1927
1333
33794
1946
1248
3735
8970
40819
581
6979
162
49530
3260
3035
2908
57669
3361
535
1095
5956
4037
1231
41566
2863
44199
109487
921
3429
1237
3310
7132
3788
1185
134130
81932
5630
838
945
1950
33493
1178
5349
3363
3198
280
34405
1023
927
272
3088
3060
800
3201
2985
348
48394
2644
3037
1939
2944
1994
529
2726
1260
2096
1284
2973
1131
648
3168
3275
2245
3038
1834
951
6787
81229
2005
7669
538
6807
4720
44665
104374
59784
2108
112852
224
86882
3814
2391
3317
930
2841
88129
70286
1719
72641
2467
8958
2137
1997
1266
54259
7767
1120
1019
971
4450
6378
38038
1104
2612
8542
3424
314
1734
3524
3252
1963
353
1086
1357
3022
96079
110102
8228
7116
2357
7451
3167
2355
2067
2160
933
1611
4103
477
3724
8132
2078
115713
441
3095
1962
223
7091
2321
81845
6783
942
28
3019
492
1189
3469
1238
6662
1394
3546
1958
4489
2203
3196
4422
1066
6385
2366
6565
3983
7090
1273
1283
112183
2068
5816
7099
2728
5992
4361
3952
6502
81591
1147
1202
97
105504
7802
1956
345
44195
1281
2690
6863
115617
1754
34162
2935
73017
45
6001
42004
3702
968
2318
3007
49272
2232
96728
85414
72226
5618
909
3068
31658
2202
3510
88125
2946
2924
7419
4105
7087
5782
8933
6669
1964
759
4262
53123
2925
3067
3911
431
6732
5008
52973
106696
3044
2434
8949
3256
4661
40629
7649
230
373
1680
3213
2936
81834
2010
6104
8950
5971
3801
5218
233
69844
68237
3111
4263
4179
2731
2208
2664
4128
91658
104913
64034
87232
7320
5903
26729
55276
2459
80
51540
3414
56152
55247
85
1663
2018
106100
4432
2313
647
7013
134853
106916
363
428
7263
1286
116
7386
47099
4846
3015
3741
6773
1029
86320
1449
5103
2745
2398
3034
914
4029
60756
3081
7075
4239
68838
4188
115569
1242
91542
3507
89904
45728
6187
1300
3686
5341
2920
6786
2312
89745
51255
7836
89804
5876
74727
5475
1616
52767
3272
3684
32898
5385
5017
4776
3879
4623
25
2490
1643
7285
6791
2732
2952
1218
2474
1277
4821
3871
1049
3134
1025
81564
7256
81847
64716
1177
3966
4410
8528
6724
69481
121231
1810
4326
4658
6870
7566
6440
2138
56339
26326
82459
8638
3594
58303
2285
54997
1302
4612
4019
8650
26422
59418
49280
524
1967
6273
3448
4002
1135
3396
2352
86487
5238
26501
8264
55063
26797
8123
8261
4428
74089
58649
96075
53887
163949
114464
101850
150856
112577
104119
84152
5500
3505
5772
3175
106489
907
2976
1916
94959
3365
54503
7943
80489
6777
5028
1261
64620
6021
27831
3016
30816
850
8880
2916
6003
88810
7208
25852
32525
8121
47728
2927
60069
36529
3105
55069
266
3791
5010
112552
141
128360
48696
8360
27022
1366
3100
3745
2687
1954
122900
140174
2278
2145
3872
915
2301
2283
8580
67255
4465
108981
935
3203
26242
1209
1046
63876
97304
26150
52617
26578
872
7564
4271
7574
147
2572
4809
4801
7698
98809
8239
108727
54281
735
70293
102684
3545
101525
3018
2553
64614
3200
146656
917
63131
33660
97921
8784
2654
3083
1931
6552
86377
125
7235
3270
93510
902
1303
668
1797
34338
3498
4225
4117
3108
892
111921
2938
122892
539
5812
26524
4427
362
3341
3475
6452
8042
2651
2423
3342
1982
41
3551
148626
1944
1201
549
40583
6852
69
2066
91630
805
866
1180
1921
1376
142488
2763
54328
3077
52435
3089
56805
78039
2846
68269
3210
87306
1186
51935
5114
8125
8199
40732
322
2150
599
102445
6331
4033
4537
8798
2351
139385
1211
4327
176
6188
112290
48738
4896
71535
37741
4969
38499
5108
97923
127152
26472
3219
8641
309
3552
6708
7136
146
