user_recommendation
318
296
260
858
356
593
2571
527
608
1196
50
2858
110
2762
1198
1210
2959
1197
4993
912
4226
7153
1704
1193
150
1270
589
47
5952
1240
1089
2396
457
3578
1136
908
1213
1291
111
1208
1214
923
32
4995
541
1617
79132
1219
1221
904
4963
4011
1682
2692
2542
1225
2019
1259
910
913
293
7361
745
6016
58559
1206
590
48516
2918
3897
1968
1732
3147
5989
1172
778
4973
595
899
1961
1258
1200
1207
750
1203
3462
1097
2324
2599
1228
6539
1230
924
1199
2329
46578
36
349
2804
922
509
919
4306
1625
364
903
1217
920
1204
33166
3949
480
2997
926
1252
1250
6
555
1287
5995
1035
44191
32587
1148
6874
223
2268
1079
2712
1
4027
969
1307
497
17
8981
337
2739
1945
2797
3793
1280
1584
1293
2572
1265
3176
1036
5064
1246
48780
51255
4014
55820
3307
1304
474
2186
1251
1673
1260
56367
1957
3310
1748
5225
1610
1997
733
1267
232
2289
319
2231
2947
954
2502
3996
2580
3435
116797
353
11
3471
1262
1927
4308
671
4235
1527
1952
1247
68157
1923
928
953
8970
1394
4019
946
377
1233
4007
62
1281
1019
16
1358
5669
3421
8636
300
475
4886
49530
1222
535
3468
44665
2064
2068
3386
508
832
30749
8368
50872
3083
59315
1212
1084
1269
3006
2359
2686
70286
3252
33493
8874
898
76093
2300
5903
314
68237
1674
4979
8132
54286
3671
8784
44555
380
2716
5444
246
6377
1387
588
6807
628
357
3246
5902
1393
2353
1721
905
7502
41285
3481
1215
2648
805
2132
3983
2028
6918
2351
1466
1178
57669
1244
6003
1077
2291
74458
1580
4085
6643
2395
72641
1103
34405
3022
2125
6187
3095
3067
4878
1237
33794
1211
88810
7320
1224
909
30707
4914
5992
6732
1967
7013
4188
501
7147
2243
1220
3196
8880
6669
3499
3362
272
26242
5956
5418
3527
1305
61323
3037
2971
6565
1276
1256
5971
3910
1094
4967
78499
5114
1028
41
6942
2731
307
551
109487
2115
4054
3548
3072
5414
2076
7136
3134
3469
7256
3730
81845
1860
8955
2387
5013
1060
3510
54997
412
1218
2908
2946
7116
446
5630
4361
3735
7767
8961
7022
1034
7451
4816
56782
6001
2687
7090
35836
1663
1080
741
2976
79091
6708
6273
4262
27773
21
2011
3948
3952
1263
2863
6333
1231
1223
916
6783
1947
3408
1232
3114
8125
3916
3089
3911
2791
25
3033
2968
1916
3275
950
4103
1963
3251
69844
161
3739
2335
2916
2973
648
2096
955
154
2788
175
1271
930
44199
54503
2501
8199
2664
134130
2176
1950
3788
280
1278
2434
994
265
1248
965
866
306
54259
2924
2386
3361
2232
3967
7285
141
42004
30810
2366
4225
40815
2529
1953
6975
1537
5387
6711
1272
34162
838
2160
348
3035
6787
5010
222
2328
68954
2118
88125
3683
3451
911
1283
194
3160
8873
2890
1948
3565
7293
3594
1500
99114
7
2944
7371
2490
4978
1243
4896
1962
7063
30816
1254
8188
2301
106920
951
3629
4623
53123
4848
3551
3745
2871
2273
4033
1227
1131
1090
6993
3424
6104
86
2644
3632
1333
3104
3814
4034
2423
2726
3000
4179
440
2728
3007
3980
668
39
1407
3091
97
1354
7438
2403
73
32525
1641
2144
5218
3414
8371
2065
104913
69481
3470
3363
6873
7360
7132
7649
56339
4720
2315
2654
2651
112552
41566
3798
73290
2690
1719
3654
3018
1299
4478
1931
2763
224
529
3270
69757
3702
85
8958
3498
162
7323
2926
8957
2208
2636
2650
2649
2647
8042
48082
156
2745
1273
1302
28
60756
1343
8542
5103
3060
936
58303
80
3198
3168
3358
2652
2635
2634
8910
428
2795
81591
89745
109374
68358
45728
345
48738
3068
27803
7263
4424
25769
7143
6796
670
647
2137
7091
73017
29
6664
4448
2917
559
820
1408
6281
106696
88129
2467
1611
1066
1124
49280
26422
26729
3203
3591
2202
6936
2920
8228
4406
2336
59418
5673
1059
2303
1729
943
4422
1234
5329
52973
4641
3543
1096
1095
8665
31410
1288
3365
4105
2010
2278
3703
5177
8933
6786
2406
1292
4612
33615
3081
63131
1356
49272
933
759
6791
4117
1429
72998
4846
3328
79824
8012
41573
80839
68269
48791
32289
3174
1209
5008
77800
2194
8650
27790
5633
1944
94959
68135
3477
524
5147
5415
1201
7208
25852
8121
47728
2927
37729
7072
7070
6611
3245
4450
3111
942
1959
1921
3101
4873
8641
54328
6868
6548
1376
1298
1834
7943
6776
262
2117
2936
81834
7156
1941
53996
255
2841
54281
4357
55269
40629
2932
1552
2333
3552
6881
1411
26472
7766
3635
1955
1954
31903
64034
3179
44195
112852
106100
147
50794
8827
68073
2078
86320
54001
4190
54787
6835
37382
3467
3507
1396
492
309
2948
3098
56251
1306
1918
116
839
932
4187
3783
4205
6662
968
3178
3868
3070
4705
81562
3701
736
4029
2925
6440
3175
4696
2357
1616
6979
55442
3504
2761
1277
971
3129
1242
538
97938
735
7773
39416
31658
3546
141668
50703
47099
2707
921
3317
471
51540
3011
4191
4263
2330
3396
8645
68838
3100
39183
107559
52
6378
1939
7164
2929
3038
1275
3476
4467
4658
2360
3260
235
5954
7099
4465
3879
2344
59126
5291
106441
3102
1688
2620
2352
4903
1023
1885
4334
1895
91542
3201
3456
1374
4010
3861
3786
53318
39414
6552
2935
914
6452
5812
4239
229
3306
216
5367
101
2905
2991
785
55052
80463
1934
38061
2066
2058
7386
5577
54995
1645
49286
2282
44709
2318
3741
86377
96488
38038
32898
26578
872
52617
26150
5028
4271
7564
7574
86345
2846
62956
5312
106438
1958
89804
51662
4489
2389
62849
6724
945
26258
207
3420
3364
3686
8239
534
65188
1680
7075
58347
66934
6188
6269
4037
2020
3360
73881
3505
89759
47518
2348
54372
7669
1946
67087
64501
64499
3865
1147
3039
4177
2819
26614
106782
800
3194
