user_recommendation
318
296
527
260
858
593
2571
356
1196
608
50
2959
1198
2858
589
4993
1197
1221
7153
1270
4226
912
5952
47
1210
1
110
1136
1193
1089
1213
778
1704
1617
2762
2918
899
908
2028
150
750
4973
58559
1240
32
457
111
1291
904
541
1225
293
1203
364
1252
3578
6016
969
923
1208
913
2997
1682
2692
1214
1036
745
588
953
1968
2542
595
1247
1304
2324
1148
2064
2599
48516
2396
1200
4011
924
79132
3996
1207
903
1259
1073
5989
1250
1288
36
1228
1230
44191
4963
7361
4878
2797
1204
2716
1219
1732
6
68157
898
480
919
1961
2329
2804
48780
3114
4306
1206
246
926
6874
56367
1276
1035
1172
6539
1258
4995
1265
1028
1212
3897
1079
1060
497
2019
590
1267
2300
17
920
32587
1246
2502
471
78499
1222
46578
1293
1278
1199
2291
922
337
1625
1223
1947
910
59315
4034
1500
5618
1307
555
1394
55820
1201
3147
720
1610
2395
950
1234
515
50872
2289
3462
1233
40815
1077
5995
1674
4027
116797
349
3481
74458
1945
1952
2186
235
2268
1244
68954
357
3730
1356
4308
994
474
733
33166
16
1953
954
1272
509
1084
8961
1269
1097
3504
7502
671
2917
1954
1411
3421
4886
2791
8874
475
628
57669
2076
905
928
3471
1580
1256
8368
5991
4979
2194
3435
109487
1080
81845
1254
951
1784
33794
1094
39
3006
2243
29
106782
1284
1299
11
194
5418
92259
2580
1287
76093
6377
3362
2081
232
2987
1263
1673
106920
5669
223
1220
800
109374
551
1090
1266
44195
2973
2467
3683
2761
2115
1641
112852
2971
2303
955
1387
1224
2248
1096
162
1192
1175
86882
6502
30707
1960
161
7438
3468
63082
3868
3359
1264
1292
529
4085
1358
134853
1248
2125
49272
1729
30749
2359
3307
134130
3671
1262
3735
377
1357
1103
1179
2501
1285
49530
265
5956
7090
2739
3198
2318
7147
59784
64839
1280
31658
6711
1939
1217
1527
104374
1361
56782
1959
88125
91104
1343
115713
5630
5816
1923
2144
3039
58
916
5971
3000
44199
3160
581
3418
3152
1957
122882
2712
8970
2871
4235
1466
44665
69844
70286
1393
3363
2132
1104
7099
6942
911
40819
348
2690
41566
3104
914
54259
946
508
968
2020
2108
21
68237
1997
3448
2137
96079
3916
1147
4896
945
3361
1249
1260
34405
3035
942
2231
1374
1950
535
1178
110102
933
99114
921
2366
81932
3201
3256
1296
89745
3007
2160
87232
1283
3703
492
3175
81591
1537
2947
741
81834
2355
45
5444
8784
1994
1218
73017
106100
2929
88129
50068
2935
3034
272
1209
440
1189
2391
104913
2908
7143
3358
5060
72641
909
8228
54997
4014
3088
907
261
1333
1231
900
2010
27773
115617
1023
1845
1834
5064
538
68358
1131
81847
3246
3429
534
51255
5500
54286
6350
104841
5010
1238
353
1948
8798
2951
930
1215
3095
3949
1120
6796
3499
1227
142488
2726
112552
1086
81229
97304
2005
7132
1754
3167
80463
28
3386
72226
8636
8132
1944
3543
2067
6807
6979
33493
3072
3068
3524
3952
599
2202
69481
2321
2232
96821
3791
7022
45728
1963
106696
322
38061
175
105504
1946
97921
2208
3022
2664
47610
2729
1029
4007
91529
81564
319
3210
3510
94959
8542
7386
1303
2357
1912
3038
3083
2648
106489
1464
3037
88810
2313
48738
1955
5103
215
7669
233
55247
48394
6787
1719
2138
84152
4262
1916
40629
85414
93510
5225
58803
766
3983
1927
51540
27831
2841
477
3469
441
4037
3451
115569
38038
2788
428
3016
54001
8958
3089
89904
6662
9010
1281
34
927
2203
1211
2890
3101
280
2463
62
3200
2070
36529
6331
1449
55250
2857
3507
2920
3508
1305
7802
380
106438
116
6870
122892
3686
2288
56152
1956
3702
2130
85
3213
146656
3814
866
2985
73290
307
3019
30816
8950
3275
3252
838
3546
1958
3270
1261
7091
7075
1663
8665
6380
70293
3317
2459
85774
91658
2474
1942
1584
2612
3724
79702
69757
125
363
2490
224
1237
64716
41
3044
5876
2925
1962
3424
2109
53123
55052
2795
3536
3030
3811
63876
973
86377
1321
7451
2184
8645
1938
6863
4299
2944
89804
1095
2644
102445
3260
122900
373
97938
3505
2287
3551
2245
85342
52
309
4427
2728
306
451
4321
86
1251
54503
3871
4327
1611
52281
3521
1300
7263
2938
7380
2936
3134
5812
8981
4326
64620
1277
1049
1921
4263
64957
26662
3111
4450
431
3081
82459
51935
1066
1934
67255
69
7371
2078
2336
2068
3512
3911
2924
3967
3801
3396
4029
93838
6003
7767
98961
97
3203
230
53519
1257
1734
3355
7137
648
91542
5782
35836
112183
148626
6791
4799
111921
1366
90061
4755
65261
65514
2863
3100
64034
26729
6188
2694
1302
3020
7285
31410
2066
39292
222
101
3741
128360
4623
1982
82
1964
2912
345
58295
8638
45950
2278
60069
2949
6001
4239
2352
3168
37733
971
2553
735
149
805
80489
4432
1484
32898
4465
3476
6669
2454
54328
4277
2096
5992
3681
290
3062
7235
5903
3545
4223
5540
3788
49957
55069
213
5008
3350
1020
4361
3310
60684
2846
37729
26524
1042
4304
42004
3414
3364
47518
3196
2594
52435
4033
98809
7064
58347
1688
2937
5017
8580
3696
55276
122886
6724
8807
2919
4103
3135
4489
87306
8933
5955
6783
2331
1202
40583
99813
2344
850
2080
37741
6378
2102
4660
8972
60756
6993
3420
156
3365
501
5446
107559
108932
7116
91077
115122
3612
48783
111759
4787
116897
73321
6440
6104
8641
26587
68073
390
64614
98491
54281
1340
89492
4720
66934
2750
68269
4017
106441
4179
7827
347
46976
100714
3684
26326
4190
105197
68838
65188
3742
7771
3263
5791
42418
935
2948
53956
299
6385
7419
3102
108583
1177
59995
549
112138
2434
140174
27790
6773
6452
27803
55721
4128
4642
1649
48791
80839
32289
79824
41573
6283
3653
6987
117176
33639
7087
88140
4422
6959
5608
6732
