user_recommendation
318
296
527
858
50
608
593
2571
260
356
4993
2858
1196
2959
1198
1197
7153
1270
5952
2028
47
1136
1221
1210
1704
58559
912
1193
589
541
110
1
4226
3578
904
2804
750
1213
111
924
6016
1089
457
48516
1203
1291
4973
7361
1225
1252
1208
1148
4995
3897
1222
32
293
923
908
899
745
2692
919
2997
1580
1732
1961
778
590
2396
1233
913
1278
150
5989
2762
55820
1304
2797
497
1214
969
1230
1682
953
1206
1240
1207
1258
4306
6539
1079
480
364
1204
4878
6
2502
926
68157
1259
1394
1235
551
2599
27773
109487
32587
4011
2918
1247
1219
89745
4963
903
2324
2291
1617
1036
1968
265
337
1220
1288
1610
1199
2542
48780
3793
17
1527
2329
1084
471
7147
2268
3147
56367
3504
223
1200
79132
1299
25
1256
898
922
1673
8961
954
5618
920
1246
99114
56782
994
1307
2115
1223
2501
2716
2303
1228
16
7502
1035
6377
6874
36
3363
951
1287
46578
2194
720
5816
2019
58
905
1265
78499
307
475
4027
1201
39
1653
59315
1060
1276
1674
2580
34
1077
733
40815
1254
474
588
1357
5218
1358
1234
2186
3476
1500
235
1584
3462
968
950
3481
595
3201
1212
3114
54286
7438
106782
1962
1224
2761
2917
911
2690
2064
33794
1266
1271
3471
8368
2572
134853
161
800
3421
2746
1953
232
3911
1960
1080
8874
1073
1257
5995
68237
246
230
1103
306
3435
3996
3088
1292
1172
1192
5445
910
1267
3095
1250
2321
308
1947
116797
5444
2231
1284
916
5669
88125
1958
1921
2871
2739
261
28
69
2020
1945
1231
3152
671
3429
555
3952
1285
509
57669
2076
1282
534
162
1262
1845
86882
104913
2096
914
3081
728
3035
3671
2005
44195
3448
492
2626
2460
348
70286
934
69844
81591
1179
115617
1343
2971
5991
3510
1411
1177
5630
1081
1884
7075
49272
3252
2973
62
2570
194
29
2467
1449
2289
1964
1269
272
55451
4235
4427
50872
69757
915
2301
3019
1242
4014
2788
54259
1097
81845
93040
349
54001
581
112852
1387
1957
1218
3868
1244
8958
515
2947
3341
1215
2150
741
2721
1293
1784
85
1348
1096
76093
3499
122882
8798
80463
1217
12
47610
1339
599
2359
1356
2132
7090
935
3006
280
6732
2938
102445
30812
92259
222
2545
54503
3545
8970
6787
281
2010
1211
4006
2300
79702
1238
37729
1982
319
106920
2863
4616
1711
900
1264
2029
1025
3910
8969
4722
147037
6769
6342
142240
54251
6369
6033
142068
6770
7260
5229
4342
70762
4724
5264
140749
26843
27826
84414
27700
1903
107083
26791
8699
130522
3575
103731
140739
140741
140743
140745
140747
140751
59549
140755
140759
127728
140761
140763
82608
98933
141124
928
866
524
3000
838
6502
51255
373
4886
64839
8580
1939
145
2023
1688
1611
1175
1088
955
945
1719
1344
109374
361
3702
5470
52281
3358
4299
80549
5902
38061
1959
59784
1253
661
6350
3317
2313
177
31658
4848
3451
3457
4016
1994
933
44191
3307
2607
3198
3565
3361
4874
4029
151
52435
91542
3914
1393
3134
6863
44199
8641
832
54997
2125
1185
27790
3929
3730
7826
54881
1951
4054
535
3362
2058
1260
7371
1625
6059
49530
5971
2750
88129
2371
1734
2302
31193
6104
1283
531
4920
48394
3357
1178
4223
1916
96079
97304
34405
907
3074
41566
1086
1296
112552
3505
5446
72226
921
2202
104374
4584
927
3742
65188
81932
82459
3865
1209
51935
176
1261
81847
2846
7143
1023
6985
1927
31410
3089
5064
3703
1263
2318
4034
2144
2423
2841
96829
1537
4369
3967
2066
88163
1466
3408
635
7323
54328
2336
3037
1090
98809
1085
98491
2352
73017
708
1747
63131
930
2391
1046
3548
3683
2137
68073
2133
206
6711
30816
1041
494
3735
6708
68358
1189
108932
6987
946
2106
6796
152081
2774
4103
3213
6218
3033
1248
1303
347
538
1243
3359
5377
5673
50068
1649
3068
56152
48698
1944
1594
110102
7293
95088
2935
3070
1464
4010
188
35836
4357
77658
1272
431
40629
4914
99813
3360
3262
971
44788
1078
56587
1050
51412
5135
1361
108979
2208
973
5418
2160
3071
2395
1028
3943
550
289
106696
441
61323
6807
8950
106489
2728
81229
529
549
1354
64034
77561
4007
2043
7320
363
70565
175
55442
61024
663
96728
93510
3606
4095
99764
500
428
556
1147
4033
3654
34437
2243
53123
2232
262
146656
1942
1131
4085
2102
1237
2764
134130
5414
31903
8228
30825
3386
2664
121
64285
949
5337
1948
2463
1941
2857
86
377
3879
7139
21
1066
345
87232
3653
7451
3467
102125
27846
3328
2094
3477
40819
965
27022
2660
1931
3414
1824
1564
53883
59731
67508
8880
2478
4361
72641
2485
109249
100556
3916
66934
112138
1612
1281
3418
1232
1914
2926
213
4967
1934
3347
2331
115569
3186
3072
112515
2890
3181
6959
2687
5782
5956
123
65261
24
3189
87306
3034
72171
7072
3629
71264
362
1374
86000
7123
73
127152
74458
5464
85438
160590
133771
127108
107978
96467
139757
148881
139116
128620
79677
74754
93443
326
6254
1834
4896
73321
26082
26
2712
1104
3980
1950
34321
1938
942
88810
458
7569
6776
27317
7212
3156
1641
1249
250
4437
5062
5017
7981
6530
7700
7771
1227
5903
2282
1321
55814
3791
5300
1407
6754
4019
2579
170
3022
50703
141668
1191
1680
2311
70
58295
67087
25750
5608
918
1484
5105
4979
3168
893
7154
901
51471
4188
2087
931
8807
264
6942
80748
6286
3521
6413
3350
190
575
6780
3251
229
3007
1176
1127
6385
31116
5103
34435
1101
407
6283
4424
3219
1587
233
4499
3203
4571
3044
5679
5785
25805
8254
2897
2843
452
3273
72998
465
3598
4404
2112
309
81156
6783
55069
7698
7926
4801
32234
6327
5398
300
66371
2732
2078
106100
6669
3364
97306
7669
2757
40732
440
4945
4466
54256
51662
8493
3069
4901
64957
