user_recommendation
318
296
593
527
50
356
608
858
260
2858
1196
2571
912
1198
2959
1197
589
110
1270
7153
457
1210
4993
1221
47
32
4973
4226
1089
1136
1193
1240
5952
778
150
904
750
2692
293
1291
908
111
969
2324
923
2997
899
541
2028
1208
480
1682
1213
2762
36
1247
1252
1207
1732
1704
913
1204
17
58559
7361
953
2329
1617
4963
1219
1203
1259
79132
3578
1
1225
48516
926
2019
1968
6016
745
1304
364
1265
1148
733
357
1230
497
1214
2396
903
4306
1278
919
2918
1097
2791
2064
6539
515
4995
3462
6
1299
922
898
920
2599
3147
1206
910
588
1258
1217
475
3114
1276
1945
1228
2797
1952
1036
3897
1199
1356
32587
994
1212
595
246
2300
109374
1256
349
1084
6874
78499
3730
1254
5989
4027
5418
1293
1222
4011
2804
1961
4886
1939
671
1250
2289
380
4034
68157
1172
3362
1307
2502
1267
60069
194
1269
555
4308
44191
2186
3481
56367
1411
59315
6377
1288
1500
7147
1953
5995
2908
48780
1200
955
56782
3386
1233
628
1280
2542
1948
2917
2971
2716
954
1394
1246
1077
1080
928
30749
1028
3361
1094
838
1947
3996
3088
33166
106920
265
720
2863
3160
1303
3435
1103
235
1305
57669
474
3949
1625
5991
581
4235
2132
1079
3468
1264
1641
3307
30707
1060
377
3363
950
46578
1244
2020
1292
8970
3724
4979
905
232
54286
3310
1035
2321
3101
49530
3260
1090
2109
1248
161
2580
39183
1224
2076
8874
1104
2248
162
3683
5225
1096
3038
1357
6711
368
307
927
1263
2871
2243
70286
5902
62
1285
1361
1610
55820
5669
2648
2501
1466
306
1073
1262
1066
538
319
2357
7116
2726
69481
1287
866
2391
594
1234
2105
3471
471
1242
3167
1223
921
2355
1296
7502
314
2739
1029
8961
4014
3504
2467
3793
337
3134
116797
44199
2203
68954
1663
1237
1189
134130
590
2125
1527
534
1179
3152
1729
3060
4878
7669
86
1387
1211
41
918
1175
81932
3469
3814
1358
1959
4422
3735
1946
223
3246
3176
3684
1231
1994
2303
44195
1186
1271
6662
345
3104
7132
2474
92259
86882
3007
3200
76093
51255
29
6001
1584
1719
951
272
3507
930
2925
1192
3424
2115
3527
3671
2291
3037
1580
7419
50872
2366
5992
1251
8958
1748
1393
39
8665
945
5017
6787
1827
2712
2612
1260
5341
5238
508
3256
61323
300
2144
1885
938
3198
1784
55276
2231
2359
105504
942
3536
3095
1343
3359
2890
5444
101
1131
1957
4037
55247
2194
81845
514
2018
8228
1419
6942
2644
7836
32898
2427
37741
968
2728
7087
81229
3741
1201
2761
44555
68237
2690
7438
1374
1354
39292
5475
1218
49272
1283
3421
2288
3341
3072
3524
3022
940
766
7075
3545
3910
5010
509
1834
1674
5385
2070
3000
2333
89804
3868
3153
106782
1284
1950
2352
1673
915
4410
1183
477
1120
176
2068
7090
943
4428
55063
53887
58649
8123
74089
8261
8264
26501
96075
101850
104119
26797
86487
163949
112577
114464
150856
7091
6021
1537
8368
5618
88129
5013
6773
91542
39414
112183
53123
8981
4809
40815
7698
3872
85
2313
1282
2664
3317
1253
448
1266
2066
7767
6218
1147
4432
1161
2278
3989
3983
63082
1220
128360
2929
5673
88125
2283
3911
3108
1941
2202
2
2351
6273
2268
116
8542
2919
64839
1273
4661
6724
41285
6807
3510
1927
85414
115713
6502
2208
7139
1693
3702
99114
1178
6987
1935
106916
412
5971
1963
31658
73017
2788
30
2232
122882
6852
916
40819
2920
535
1272
3067
1333
1960
1215
233
7013
4969
2938
2010
1238
946
26729
6380
26242
6918
2490
1041
11
1281
3035
933
348
5903
8042
1177
3357
104374
81834
3168
648
907
44665
2078
28
4816
1300
1099
3952
6783
72226
6777
74458
48738
4801
902
2108
2935
2081
3546
1916
2245
8132
800
4085
8645
2750
7136
6796
3470
2273
5064
112852
69844
3083
134853
741
110102
38499
3175
3091
7943
175
7360
115569
97
96079
2731
6003
911
4263
7099
222
3020
1020
290
5060
5876
837
127152
2973
2745
1023
50068
4380
2336
52767
7215
86320
2912
353
914
6378
16
6530
893
1059
3006
3686
901
308
1944
8784
5630
5114
3196
7566
55052
3347
668
8464
8933
2138
2140
3068
529
68838
122900
178
1967
1302
2403
1348
2985
36517
2363
5772
6385
4349
40583
1982
125
971
8638
48696
4369
281
1965
47099
3475
59018
1209
3966
6552
1931
97938
1298
1964
4424
54259
6271
38304
53024
112552
2859
900
7088
2117
6643
6669
6639
2099
1257
4903
2976
8125
142488
6786
3077
3070
2349
31410
4450
6870
373
5812
1680
10
94959
6101
18
3019
8528
37733
1340
5008
99145
422
2130
7371
309
2763
1884
80489
36529
3252
537
102123
82459
924
105197
708
3417
3505
2176
229
1936
87304
3364
79242
26178
2102
4007
8580
3456
3543
2137
78039
56805
63876
8873
38038
1754
106100
7478
26524
1475
91077
55069
1860
61357
8979
49824
1997
7256
633
4103
2395
616
3703
2046
105355
98154
56607
2454
4821
3406
4658
255
97673
69
2434
8492
3105
7766
65188
47629
101895
94931
4927
5088
45210
25882
47092
95135
151307
26505
27812
26147
7126
7111
112735
6133
110752
8572
50245
72367
26323
127164
25999
112399
55253
7300
120821
26350
25996
25945
128606
75990
6708
7649
2131
58879
26150
5028
7574
7564
4271
26578
52617
872
30712
7084
680
2696
935
1046
70293
4086
7487
1619
58803
3201
1652
79702
3429
4912
112290
41566
1923
8188
8955
8239
115617
5391
1078
7285
2442
2857
2732
4179
7072
138036
4345
931
5414
171
96488
2987
4218
7373
6732
4880
2622
27803
40629
34338
2846
3701
108583
25769
2659
96728
3551
521
1012
2469
6776
3499
8636
90866
1050
213
1464
4920
1955
1611
1396
1934
8199
4326
6538
2872
2553
3967
1395
4427
123
86504
1095
3089
88140
2686
3100
