user_recommendation
318
296
527
858
50
593
2571
1196
608
2858
356
2959
1197
260
1221
1198
110
912
1270
589
4226
47
7153
1136
4973
1
1089
778
1213
4993
457
2997
1193
1291
2028
58559
1704
2762
904
750
1210
3578
293
32
1682
1617
1240
111
5952
908
899
150
1225
953
1208
4963
79132
1252
6016
1247
1073
6539
541
919
1203
1206
7361
2329
2396
2918
923
364
913
1148
4306
1230
969
1222
4878
1259
4011
36
1732
1214
2692
44191
497
48780
48516
1961
2324
745
4995
1968
6874
5989
1207
6377
2291
1278
68157
2797
2542
1246
1035
1219
926
337
1200
3996
588
235
223
903
1265
1228
1250
8961
2599
1204
595
3897
5618
1028
25
56367
898
1610
1304
4308
1036
1947
6
2716
32587
3114
3481
1625
922
5995
4886
5418
29
8874
515
349
1199
2064
246
2804
2268
1254
1220
1172
924
33166
1267
46578
1287
475
4034
1060
551
1276
4027
2019
1673
265
1258
1285
920
1307
78499
55820
1288
3147
57669
2115
2300
994
2502
1212
555
1952
7090
116797
2076
8368
1394
17
7147
1299
30749
733
50872
1217
1079
1084
1090
910
471
44195
3462
40815
60069
6942
1411
3735
1244
1231
1784
2186
3362
474
3671
1945
2917
33794
62
950
1939
16
954
7438
11
68954
1293
1674
1393
1179
81845
1500
54286
1266
92259
59315
2289
1953
31658
5669
1234
1224
64839
56782
300
7099
1077
1729
3730
232
1256
86882
49530
5991
914
1223
3504
194
2303
2580
34405
3683
63082
955
76093
1466
134130
800
109487
5816
106782
1201
4235
1303
741
671
5971
2243
1960
2761
538
2194
106920
70286
6863
2395
1096
88125
7502
1272
357
3256
1292
1103
1264
928
535
3104
3386
1356
30707
3791
1192
59784
46976
28
2501
534
529
1175
1248
3471
134853
3000
1957
3468
162
1233
628
81591
3095
1333
5225
4014
1269
4239
508
3359
8665
1357
3152
1950
36529
3868
2971
112852
900
8970
1358
1281
911
1719
44665
3435
44555
2690
5630
161
1653
58
2929
41566
7022
2987
905
69844
115713
1296
74458
6350
2391
380
1094
30816
1284
3686
2248
348
58803
2081
1361
3363
2355
97
81834
3307
2232
104374
3201
2739
2467
175
91529
4979
2144
5444
968
72641
1580
3089
7143
2160
54997
2871
81847
1263
6502
838
1280
2726
5956
3198
1641
3418
68237
109374
272
4085
81932
2908
2791
2132
81229
581
88129
3275
3088
2359
353
50068
5010
3499
54259
7451
40819
8958
3006
1189
720
1242
8228
80463
1537
3536
916
125
3793
3421
2490
3424
951
866
61323
1215
909
1964
2070
3448
2321
44199
79702
94959
1374
35836
2863
52281
1959
8784
101
7075
1178
86
3007
1283
3949
2924
48394
55247
3501
48738
942
2357
99114
106489
2068
6711
3361
3068
97304
5782
3035
1020
930
6796
3317
230
3543
3081
6773
66934
1946
5103
7669
480
1147
261
3702
45728
2202
3310
85
6188
27831
1080
122882
4037
1387
64957
49272
1120
663
91104
921
8645
1227
1209
1834
8132
3196
946
3512
63876
1260
64716
3252
3111
2005
440
72226
73017
3034
2318
3355
933
7802
1962
2648
4406
3038
51255
68073
2474
7371
1104
6979
1262
1305
2916
971
1218
7386
115617
6807
3916
106100
6385
1343
2020
2125
3022
1237
3019
31410
3083
441
31878
2841
2920
940
3983
6380
1249
599
38038
3167
7139
6787
2420
104913
176
1211
3213
590
1734
281
2961
1845
45722
7419
1282
2245
3067
2890
1958
68358
6001
69481
1097
7235
1251
6662
363
42004
1302
82
4033
142488
37733
8950
927
1131
1955
5064
3203
1238
2644
4450
3039
87232
1948
2066
98491
3246
7116
735
2231
3724
6218
5349
1754
3476
110102
1261
4720
2138
3175
65261
70293
2712
53519
6281
2313
53123
8873
3134
3033
91542
27803
7263
2938
112183
3952
3684
34162
1527
9010
2919
3788
3551
27773
428
8981
477
2925
85414
3612
69757
26662
64614
3546
7285
2795
105504
111921
96079
37741
154
53956
1243
322
128360
1029
1095
2731
5377
1464
3270
1257
1584
3016
5992
2729
2203
306
262
893
3044
45
1202
56152
34072
178
1994
47610
106916
106696
26729
2819
3814
7380
2067
3677
112552
84152
8798
33493
8580
3153
30812
2935
81564
5690
233
2351
2208
1956
49957
7132
4326
3071
4103
4007
431
108583
39
4422
945
5017
86377
3342
26152
492
37729
6987
52952
1366
56339
69
392
949
4432
3741
90061
4755
4642
56757
2288
1921
115569
5500
4263
422
1023
3811
3507
42418
40583
89804
54995
3357
99813
73290
3594
2353
2529
102445
6618
509
1046
51662
2496
7123
373
6187
115122
5812
1944
32898
3469
5903
6791
1086
51540
7844
26326
319
764
2109
3186
7091
3005
26524
1013
7649
96821
3467
55442
3070
2857
73
1449
8633
1942
3100
34332
47518
2352
4787
4349
55250
6783
2106
5876
2137
2366
4427
40629
2944
140174
89745
55276
8807
3396
6331
58347
7767
1277
39292
37857
5902
108932
4846
556
65514
4465
6436
1688
5380
907
121231
2951
648
2846
1124
93721
805
7064
117176
146656
2331
2764
3365
2780
27660
3360
6724
8542
4166
96728
5955
59725
7013
2287
6565
6669
2936
531
63131
7771
122892
82459
2105
6852
1967
4017
3627
38499
26084
60756
2459
79091
4442
4696
876
4565
4567
2880
4717
27846
91978
3871
3219
3456
3505
2151
3020
2312
3745
93838
2664
7482
5074
68838
68135
67255
678
307
2010
104841
3098
280
5341
6283
7360
56587
151
59387
4623
3330
2394
3606
70565
65188
2065
973
3510
4776
901
2096
2732
5540
3696
4105
89904
4410
26422
49280
37731
58303
6461
2108
2140
3742
59418
6452
99145
6440
1916
85342
26242
26776
6974
41527
7459
2285
77658
4128
6643
6125
3451
2443
53318
2273
46322
4086
6003
1693
68269
6273
52767
7566
4369
38061
7587
4304
2041
50641
3653
5114
8638
64034
79824
52435
48791
80839
41573
32289
4489
1191
6732
