user_recommendation
318
296
260
527
858
356
2571
1196
593
1198
2858
50
2959
589
608
1221
1270
1210
4993
58559
110
2762
2028
1136
1
1197
4226
1213
541
912
7153
5952
1704
1193
3578
150
47
457
750
48516
2918
1089
4973
913
1203
293
778
2396
1225
1036
1291
3114
924
1617
908
899
969
6016
1228
588
32
364
2997
5989
1240
953
923
480
2542
1207
7502
7361
2692
904
1208
1304
2716
6874
2324
1252
745
1148
1201
48780
32587
1276
4878
2804
590
79132
44191
3996
2599
497
1682
2502
1961
1230
1259
1732
4011
1968
595
919
78499
903
2329
1035
898
4963
111
1199
1206
36
1200
1265
3147
2797
68157
2355
2300
1393
1288
59315
628
4995
509
1214
1356
4306
1674
49272
55820
1234
2064
2268
515
5618
1500
1247
1250
39
2987
3897
910
246
349
1079
106782
720
2291
1246
1212
733
3462
33794
1293
17
1223
50872
1060
1580
46578
1073
377
68954
1233
2019
337
1394
116797
1172
4027
920
1256
2580
1784
5991
2973
115713
1090
109487
5418
40815
922
1947
994
1258
4034
1272
6
2318
122882
74458
1278
1220
1204
474
109374
54286
6539
838
2359
1080
1254
1263
142488
1244
1028
916
8874
1077
56367
49530
3435
2289
475
1222
104913
68237
2186
134853
99114
2194
3035
2137
59784
2243
1269
110102
5956
232
1411
1610
3088
33166
1960
112852
7438
671
70286
2761
106920
1094
1097
7147
950
3421
112552
3671
21
8368
508
30707
3160
1175
8961
1957
96079
1625
2231
2917
5630
1945
3362
555
1219
2841
27773
954
805
1387
1287
76093
35836
529
3198
2739
5669
265
11
115617
1192
8636
3359
1267
44195
58
1096
1527
4886
57669
905
64839
926
2353
51255
2712
471
1284
84152
89745
3006
968
1953
146656
2395
1948
3246
1466
780
3471
148626
4896
223
3703
6711
945
1673
161
300
3072
800
7143
928
1242
3358
2501
1262
3363
5995
3468
54503
2687
81834
3735
1224
2232
6502
914
81845
440
51540
80463
534
2671
3111
96821
2080
30749
2081
34405
2690
4720
8798
73017
1357
194
357
5064
1086
5903
2467
48394
44665
1616
1266
71535
16
61132
3365
4979
8970
3044
1227
2108
1729
106100
1358
1179
69844
68358
87232
2391
3683
60684
82459
4571
5445
2890
6863
3068
64620
1952
8665
3481
104841
49651
3730
93510
88129
134130
5444
492
2929
79702
915
31658
62
81591
98961
3952
1307
3706
69
29
3949
1088
59369
3868
951
1333
73321
3104
2076
52
7360
8228
72641
86882
900
1302
1084
2908
72226
81932
97304
3504
2321
8784
1209
111759
1248
428
88125
1217
1299
1066
2971
1237
3510
280
122886
2288
92259
27831
2779
122892
1641
3000
91529
3469
1059
368
2005
1680
54001
3543
1292
307
1449
353
1663
380
85774
63082
946
2366
4799
647
2947
1283
272
1343
40819
2944
3020
4901
1277
6979
4308
911
1912
348
6796
3606
921
322
93838
54997
3181
85342
8645
1264
45728
97921
535
4361
907
81564
1361
3451
539
224
91658
3255
7090
9010
2078
1994
3275
3098
3152
222
89492
5816
1950
33493
85414
122900
1834
2083
8132
96610
1023
933
373
3256
524
4263
2202
538
4235
3360
1029
299
1374
36529
3696
3219
119145
1218
3420
1923
5955
3030
3871
1916
3476
105504
44199
3007
4821
2138
60069
91542
5782
6565
45
4787
63131
3262
1103
55721
2791
2935
3448
28
3743
102445
5299
3791
4867
3798
5159
45186
141
837
5108
2208
2788
86
930
115569
2144
31878
3307
69481
2303
4465
6155
4037
1032
4007
1566
1688
64957
1178
362
3201
3437
5765
2871
2115
5151
2985
30812
56145
2474
3175
2336
96737
3095
3200
1537
1614
2248
1173
7099
69757
3134
1927
89
140
2245
1271
4802
2664
98809
1686
1104
3551
2463
2114
3038
340
80489
3081
1921
56782
98124
99813
4427
41
3016
6787
3499
76251
932
4033
5034
2102
562
1939
942
73290
2132
2096
4085
6807
8981
596
3836
3684
98122
4128
3753
86377
832
5103
2594
1147
89804
1944
3508
88140
3724
1962
4814
1260
4054
88744
361
1376
105844
5301
4046
1231
107406
65514
4014
3368
1573
47610
39292
89864
102123
5812
112623
1366
5971
134170
2686
106438
3429
3545
4326
5970
1281
306
7132
151
2729
431
1845
2160
48783
8807
8950
1238
6001
3361
4299
2067
6452
111362
257
3252
4223
3260
4327
1895
2951
88810
1261
2706
80
1487
412
543
1955
2852
451
2572
1997
1049
111781
728
2763
3713
3676
66934
7137
38061
5500
973
556
1694
3062
8366
8937
8542
1280
2069
53000
1030
2125
3507
3102
106072
3521
54259
3284
3967
4008
1956
7371
2736
54281
1031
4406
7386
51935
3414
2485
4321
2130
1963
99764
308
162
6350
2857
50068
5010
4623
8641
3167
6331
940
87306
81229
1954
53123
971
5377
8958
106918
7451
501
3396
2010
2331
1584
94959
62849
7091
53129
41566
38038
91104
3524
7802
7827
4211
3334
112421
39416
7773
108932
266
85
741
6669
6419
2774
91630
2989
84944
2357
7285
1249
6104
3203
37729
5446
6063
97938
112138
4522
5960
4617
4088
112183
4978
2920
1215
4533
4019
7022
4630
4628
57368
2409
2968
3037
7156
1211
6942
87192
51662
31410
2924
3263
112175
3512
3548
3910
5008
48738
4103
2916
2065
6773
3022
68073
2020
2611
8529
52604
71264
1934
918
1189
927
6440
599
1015
1095
156
73023
233
41997
3317
268
3386
1131
67997
2529
82
2670
42004
3418
3786
55069
2819
5876
207
3033
4029
1649
72011
4239
1938
3398
5785
2976
1552
71033
1127
5522
3505
1484
2087
1300
7649
27317
581
81156
8933
3983
54328
2273
53
850
632
3948
1942
6662
1019
2937
104879
3916
5608
2092
5878
45950
3341
67087
4557
52885
1273
3196
1643
3675
64034
98491
2993
64285
3034
7212
931
4357
3194
3168
4225
1285
6235
52281
7235
6187
65188
2936
3681
2313
26776
71156
2707
321
170
