user_recommendation
318
296
527
593
858
608
1196
260
2858
356
1221
110
50
589
293
1270
1198
1193
2959
47
1210
912
2571
1089
750
457
1259
2329
3578
7153
904
1225
2762
1079
1247
1265
1704
2028
919
2918
908
1197
590
1213
926
778
541
1073
1240
4993
1291
1035
2396
903
5952
150
1
32
1204
1219
111
4226
2804
969
588
3897
920
1968
7361
1097
1208
1207
2324
364
595
48516
733
1682
1220
1233
899
1036
194
2502
923
337
3462
1258
1288
898
79132
46578
4963
1096
6016
2692
1214
5679
36
1172
265
3996
497
2997
2019
4973
2797
1228
1263
2599
4306
5225
6874
1584
1136
17
1961
8874
910
4308
4995
6
1287
1617
924
3114
357
4878
913
1206
551
3481
3147
232
1610
1222
1264
1276
29
1374
377
5669
21
380
16
1732
1674
509
5956
1084
1307
4011
4027
2542
5989
480
349
68157
3176
2712
1224
1060
2580
1960
1028
223
1203
1246
306
1200
1252
5791
308
7438
2115
1250
44191
56782
1299
78499
1734
4034
1625
1094
6711
1262
1952
30707
1080
1212
1673
32587
54286
1387
55820
5995
968
508
2716
1272
1358
1393
5668
3730
1923
1242
1023
2064
3868
307
1127
2300
56367
1041
953
27773
175
1278
1357
1296
1953
2194
230
1231
3260
2908
538
3468
1256
2863
555
1280
8981
745
2132
471
64839
1230
25
106920
474
1285
1293
1199
3072
74458
106782
955
3471
534
2076
58559
62
2359
1304
109374
3418
1957
116797
2395
246
2871
54503
2186
8784
3362
475
1254
1959
1090
35836
63082
1131
922
1148
2010
72226
628
88125
911
81591
7132
6796
928
2287
1235
581
3363
2739
1244
2144
1927
3435
529
950
1945
2268
7767
92259
1223
1085
515
8949
154
954
2020
163
2303
4235
3801
1361
4979
1267
86882
1884
3788
28
2289
235
68954
3006
1963
45
162
85
3911
2761
5418
2318
946
8542
1217
2202
3417
3499
3168
353
7091
805
2686
671
2971
52
8228
4047
1185
4103
4848
4424
1719
5015
5064
1025
3967
52973
1273
34162
44665
2243
3252
3033
7254
916
7451
59315
2973
1343
314
2430
431
1077
945
97
39
5008
1997
57669
3424
8933
1641
3871
1834
1095
4489
44199
1947
994
1269
1305
1784
1376
1921
7256
272
6783
3019
1962
49530
3952
1537
2936
1982
2920
1104
3469
5630
2231
866
4007
3108
109487
44195
5876
104374
7502
6786
5902
1956
909
42004
326
4179
112183
3429
81932
89745
4612
7802
2467
3735
5103
2160
3317
80
5782
8650
1994
6187
3196
55269
3060
56339
2278
58303
2
32525
7208
47728
25852
8121
2927
1964
1081
4720
176
5444
96728
3152
1188
1211
4846
97938
44555
59418
49280
26422
3552
1466
87232
6791
76093
11
4223
2660
63131
68237
3421
1049
1333
1238
115617
728
73290
3039
86
5312
1500
7022
3275
971
2664
2917
7285
1286
33794
52767
4450
110102
3983
4019
3253
81229
3198
1345
300
1192
70286
3067
85414
1300
759
428
4722
1916
1729
280
6724
3000
1243
106489
3088
483
2434
8368
68358
1179
79702
3101
8958
845
2648
1939
26472
6104
4117
3504
2403
4014
33166
535
2575
1408
8961
1103
48780
3548
3035
1086
1946
1260
7143
2085
921
144976
91542
5377
3160
2357
1215
69844
1411
2078
106100
1699
838
3809
140267
121231
1965
8641
1950
1955
2987
902
51255
1251
5095
3545
82
54001
7419
80463
3174
1292
3020
2150
51540
48322
1218
140
5013
3848
4085
64716
32898
3201
741
1248
635
927
61240
1059
2529
255
8950
720
2232
6732
1057
1948
73344
1261
3949
1354
3030
8970
81834
2946
2746
48696
3916
2291
8622
3451
2459
31658
2706
3307
33171
115713
2726
4705
30
1283
233
3724
494
7669
50872
3702
4273
7265
3167
5026
3037
213
6323
115569
53318
88129
1449
4571
64614
7087
4422
8132
68135
915
7566
128360
2644
441
5505
2142
2138
7235
2553
3246
1693
1611
94959
2203
3038
3556
3703
45728
86320
4903
68838
7943
111921
2108
2000
362
1348
72641
1339
1019
5238
8360
54259
5810
53123
105504
2687
764
6787
1464
55276
951
2694
2795
55247
3007
1178
7836
80489
5341
7090
1284
477
127152
107559
106441
108981
3328
3505
8645
99
2302
4105
1147
363
1201
141
7116
3272
4021
3081
48738
102684
108727
34338
736
4188
800
5255
1029
2925
97304
1191
7099
2420
6807
64034
2612
5475
6216
36529
5385
3062
5502
88140
5992
2105
4616
3310
55069
1257
3980
5014
51662
2313
101525
1120
96821
262
93510
81564
5816
4432
1635
112515
26797
53887
55063
96075
4428
2285
8123
2283
58649
26501
8261
8264
86487
74089
4410
5017
101850
163949
112577
104119
150856
114464
61024
3063
106438
104
37731
5812
222
348
6662
1958
4037
112852
543
3844
5329
122892
89759
663
178
69122
41
6021
67087
6708
3696
4816
2728
156
2924
3671
1394
81847
930
3022
3213
1124
299
1189
40826
3546
4776
3684
102123
7698
112552
52885
73017
134130
4928
44709
6063
26712
50658
3683
50068
146656
3879
4969
7320
392
2690
3741
1735
97957
34405
49272
4661
30749
59995
2791
7445
446
1175
89904
40
3872
1056
1234
5617
6188
938
1209
3686
3476
161
1931
69481
3679
905
5367
33669
1944
96079
466
5955
6979
92494
4754
40412
3216
3467
1237
582
139385
6565
3910
207
81845
2935
268
4128
78039
56805
198
8880
4343
9010
3104
3359
190
99145
91658
1542
492
2046
3437
4630
5765
2141
100714
103810
3989
57353
4970
117176
4349
71033
3814
84954
2841
7373
7147
99114
2067
2208
1913
140174
106696
3538
3142
3831
1594
4880
901
27660
149
26974
1419
1274
6777
7075
4809
54881
87306
6184
134853
27022
4801
96588
6852
4263
45499
106916
114060
3699
8
5903
5146
3475
63853
4239
2929
6214
90061
42418
4755
2018
55052
66665
4658
55290
5135
96829
6669
1275
309
2005
89804
53996
1101
1177
138036
53
632
2130
