user_recommendation
318
296
593
527
608
858
356
260
1196
1198
2571
50
47
1213
1221
110
912
2858
1270
1197
457
589
1210
7153
150
111
1291
1193
1203
4973
1208
1089
1036
969
1204
2918
1682
908
5952
2959
3897
3578
1704
4963
1240
7361
32
4226
778
923
6016
750
4993
2762
79132
1225
1219
904
1617
48516
2692
2028
1265
920
953
5989
899
1732
541
1073
2997
44191
1267
1097
1293
293
246
5225
1136
1625
2396
1
919
1172
1247
922
4995
349
6874
480
588
2599
3386
58559
590
1250
2797
364
3462
2186
910
3996
1252
913
3176
926
1207
1307
46578
1230
1206
497
4308
1280
2324
1961
1228
1259
1251
5995
33166
5902
1262
954
6539
508
928
1673
2804
300
2019
1387
337
116797
2115
898
1945
4979
1304
1222
36
3310
1952
1393
1214
30749
3083
5992
1028
2289
1287
474
1748
4034
1968
1200
1258
6711
5669
2731
1269
903
2300
1246
68157
25
551
1060
1217
1299
1947
3006
8970
78499
733
8784
595
2580
1584
235
2502
6
509
30707
909
1212
74458
1201
194
2132
5418
54286
16
2064
17
955
1103
55820
6918
2351
515
3949
4235
56367
1950
555
106920
745
2395
7090
535
4027
3067
628
3114
26242
1248
106489
1276
2176
7136
39183
3246
2648
49530
5010
2726
2068
1946
6001
64839
1527
109374
29
1610
7147
4306
3101
1254
2890
92259
2076
57669
5971
1264
134853
1234
59315
3147
115713
44555
1084
3421
1148
1244
648
2791
3435
1080
33493
2357
8955
1860
3730
3307
4878
32587
1104
26729
2712
1305
5013
1466
4037
81845
2863
4014
2005
3424
1256
1296
56782
1035
48780
994
2529
2329
2194
2248
3868
2728
2761
3481
1263
2321
471
2917
1357
1729
4011
3983
81932
8874
76093
1939
1231
4886
2971
905
314
8958
4967
86882
1079
1090
2946
1094
176
2081
594
3361
2303
8665
72641
1288
5064
8042
50872
2
134130
265
8622
2976
62
122882
1721
1147
529
377
7132
5618
3362
805
106916
125
7502
3060
3408
105504
380
112852
2125
942
2739
81591
3546
1361
3471
1189
42004
3252
8981
84152
1333
911
3256
1029
1272
5956
35836
55247
1927
3683
4914
3260
671
2542
832
2020
785
581
7669
49272
1805
39414
7371
37741
2203
1183
32898
8961
783
3468
1376
2612
4007
3038
110102
112183
1923
475
3000
4422
31658
927
6188
8368
60069
2490
142488
3168
1077
3418
148626
538
3735
1663
668
1127
7451
232
1019
39
88125
6787
2925
51540
2202
1285
4720
80463
72226
1303
101
3317
3203
1407
2944
106782
1025
4103
1199
3104
25769
3671
44199
3089
1953
7360
3167
1948
2908
55276
1283
7116
3724
3507
3196
2291
7087
2243
1179
44195
1282
5475
3703
931
1411
1965
86
1215
115569
63082
1220
5017
3160
1645
1095
4410
98961
6662
2467
6881
1358
1955
162
8542
28
2285
97938
1278
5254
534
26797
104119
101850
8264
8261
96075
74089
8123
86487
53887
5238
55063
4428
58649
26501
163949
112577
150856
114464
7419
27803
4969
2644
7836
1224
2391
4047
971
5341
63131
7091
1396
106100
1178
2283
3872
56339
2355
2694
4809
1260
63876
2501
1242
3498
2985
2268
122886
4432
2141
1834
116
2160
2359
50068
59418
49280
26422
6187
4188
6021
26524
69481
7438
80489
1693
146656
1041
6773
3072
3034
3253
1237
1419
7013
1354
6942
3814
866
6643
3417
2287
2732
8132
4661
96079
88129
261
81564
102123
8528
2137
1202
97
477
2745
3263
670
1408
3684
3510
51255
7767
85414
2430
6732
3989
3499
950
4211
1734
5385
93510
1957
97304
2144
7088
2916
2118
7072
1963
3504
6611
5633
3245
1366
7265
4225
81847
48696
262
938
73017
7070
109487
48738
54503
229
6724
39292
56152
6552
741
97921
247
3022
21
7075
175
587
91542
68838
7285
3536
3980
3355
7235
3916
2730
3007
766
34326
6708
4263
96821
55052
1211
128360
4642
6975
2434
81834
1131
4019
759
6331
4450
1719
52973
7256
52767
8933
6783
2333
1243
70286
58803
59784
104374
1674
6987
104841
3037
3809
41997
5444
1023
3548
5329
40629
3783
613
3545
111921
69844
44665
8464
1059
1099
7320
3071
40583
7943
2941
850
2010
1395
8880
91658
1343
2716
8641
89804
7566
1635
838
5177
230
5008
1321
5400
2087
4978
11
112552
6502
3469
127152
61323
3925
5367
1020
2288
216
36535
2686
87232
8938
1754
3910
4021
26326
2690
1916
1967
6218
53318
122900
99145
1537
6796
4349
3035
104913
40819
6786
117176
6807
41285
8873
222
79702
4277
104
3342
8645
4641
3702
3679
454
333
55269
2181
65188
3952
3966
1944
1994
3105
97923
6281
1394
6101
2871
907
3654
40815
6852
6273
112290
52
6436
79242
91077
1012
3077
4086
946
3359
2924
930
2066
1292
8228
1209
968
54001
2245
8636
2366
1641
4658
5291
8125
5114
2795
88810
6863
921
89745
3062
3360
30816
5878
86320
1274
82459
56607
4612
87304
105197
8010
1597
98154
2398
4912
34162
33004
56805
78039
8979
61357
6530
5876
3747
7766
6669
106766
2929
4085
2117
68237
6380
95167
233
53000
8492
3467
6133
4927
128606
6639
6271
4801
94931
4821
97673
5088
112399
30712
47092
101895
127164
25882
25945
25996
120821
25999
26147
26178
26323
26350
26505
27812
45210
38499
151307
1475
50245
8572
72367
7073
75990
7111
7126
105355
7300
110752
58879
7698
112735
55253
53024
8491
38304
6184
5812
6777
70293
122892
441
764
663
64716
5028
112175
448
2938
2138
7084
7478
5772
7487
2078
7215
98491
917
89904
5673
30810
4191
6893
1192
3736
1078
224
161
1611
3033
2983
4181
945
2278
7123
60756
33794
5415
2085
4489
47099
3088
4326
4369
31410
6774
67087
106696
54281
4688
1120
1238
1223
54881
916
6378
787
4424
6235
2846
90866
5391
53123
2018
1049
94959
109578
3108
5446
3763
1086
215
4537
2352
108932
33138
2349
61132
42418
2920
44709
4755
90061
1015
4552
8650
6791
71390
