user_recommendation
318
296
527
50
260
858
593
356
2959
608
1198
1196
4993
2858
2571
1221
110
293
2762
457
5952
4226
1197
541
912
2918
589
1213
1704
1210
58559
111
1136
1617
150
7153
1270
1193
590
919
778
923
2028
1291
47
904
903
908
32
1079
246
3996
2542
899
1219
750
1200
6016
1276
1089
1247
25
1288
7361
2692
1073
2804
1259
1208
349
1240
1220
1356
6874
733
1304
3147
1225
364
27773
805
16
508
2395
1203
2329
4027
2997
1732
898
4034
3114
4973
1393
2291
1252
2064
1207
1500
497
6
1230
2987
1957
953
910
969
337
1204
1968
1201
48780
1961
48516
5618
1954
141
1
551
3481
2396
3006
2318
745
2019
1233
1148
4235
1682
3578
474
79132
17
1060
1228
32587
1387
4878
994
58
300
223
50872
5995
70286
1234
2797
913
1265
4995
1307
2300
109487
1267
1215
55820
2716
6787
1250
515
922
1222
33794
1673
2324
4011
1784
968
916
1625
1235
3730
46578
62
3089
2359
628
2871
60069
3363
1036
1674
1357
2973
4306
56367
2501
44191
588
3421
1256
2289
3359
1080
3035
595
920
5782
6711
2502
928
1090
926
6539
3000
832
98491
68954
2232
272
1212
3108
1217
73017
3307
940
2968
36
6502
1254
905
7143
2690
1059
161
3949
3683
3362
1097
2243
1029
2791
5669
357
162
4361
3044
76093
112852
3088
3020
555
535
1997
3435
5445
116797
22
1245
529
2231
911
1263
51255
5989
3095
64614
368
1214
281
40819
1719
44665
1449
68358
1206
40815
3260
7502
59315
720
4873
319
2078
1246
3365
6440
596
88125
1374
524
2080
3696
6796
31658
930
1023
3671
838
1945
2599
115617
4963
3437
4630
9010
5765
41
1260
4979
945
613
2132
1271
3983
99114
4262
1639
4886
3037
1411
1249
322
21
1066
704
5955
68157
3606
1175
307
8874
86882
1663
1653
306
28
1266
2083
81834
2073
954
230
914
224
54286
8665
342
59784
1580
69844
3471
194
2761
235
178
3462
3201
553
5971
78499
233
951
4802
2115
3007
54503
1960
7802
33493
1953
63082
8368
1272
3504
8961
2908
1299
1293
280
1019
3022
2779
1283
56782
8937
73344
98809
5013
106920
1641
8645
215
3783
909
3836
4896
1285
1178
955
1948
1834
54997
50068
3098
1258
67087
1061
3107
1224
4304
5034
1527
49530
7090
1966
59369
3072
3476
100
1262
3551
69
2366
2795
29
3060
6003
39
509
308
5301
3284
4046
3111
7323
8798
68848
4799
2420
534
1376
661
66665
3368
3653
1354
290
3868
3897
8807
3196
1147
1172
1244
1361
104374
1300
3684
8638
1275
5103
3675
106782
2137
93721
1845
134130
3355
1104
1934
475
1466
2248
68237
900
6063
3448
6269
2917
1537
4903
53996
41566
1199
26729
34405
116
4533
3160
2580
37729
1584
8981
1394
52281
89745
3081
3703
1095
2949
65261
6323
39183
2687
1189
1952
41285
1950
266
4848
81591
1292
3735
4641
4787
3545
52
2353
390
165
848
3175
92259
232
2186
2018
36931
27724
2268
3167
1057
1947
96821
55267
49272
8208
5679
1280
52458
48394
2087
76251
6552
3198
1202
7099
1237
86377
144
1921
73321
1286
122892
5903
92
2729
2069
1264
5010
3865
96588
40629
932
950
4299
1284
7256
549
74946
3581
3510
71838
1302
71033
1408
69481
2160
946
2644
69526
8636
71264
26776
471
7360
58803
1192
299
3252
54881
77658
1955
81845
26
44555
7445
1227
667
2067
2726
3468
616
599
1185
4128
52767
4016
5816
6993
8957
902
3360
37857
1179
33660
8228
2303
2336
500
4814
1035
1680
5959
68554
1041
446
2971
5630
62374
3104
2553
543
7013
5114
101
1012
1287
45950
7027
80549
933
1956
222
1077
581
3681
65514
901
2058
99764
6331
87222
100556
111759
4017
2707
3527
2912
1701
4783
1912
728
54001
2273
6731
1610
72226
494
835
74458
51540
2005
3879
89492
1015
3384
4489
8371
363
6461
116897
2745
6669
61240
91542
2330
6188
3943
213
2463
4432
1347
786
7771
2627
4711
3947
2488
3135
1123
2261
3133
942
4190
361
2010
69757
175
56152
837
115569
11
362
1884
1345
5418
538
3814
631
56757
81564
1209
5597
1432
3350
54372
1643
1274
86
82
345
2936
55274
3811
5008
8493
2144
1964
1025
2344
3200
5269
2925
2194
4888
2174
96829
5991
77846
3358
2150
3554
2106
34153
707
146656
594
68073
1799
96728
3034
3266
104913
6612
93510
37741
2071
1248
1183
2824
3718
4562
48738
112138
3317
71429
1856
61236
57669
431
1860
2594
1446
8132
991
3702
54259
3129
5747
110102
839
119145
2116
5444
1366
3019
1096
3795
56251
7087
5812
4007
31
1238
112552
4772
441
95088
440
2436
84152
8641
4914
1994
3181
648
5391
2947
915
2686
2496
139757
95858
6286
81229
1827
46322
452
7075
65188
971
1358
2391
6954
1296
918
106489
1281
3152
6979
2554
4021
72171
2481
3320
5992
7767
2529
3246
115713
5074
61323
57528
3083
108932
1004
2423
8950
480
80463
37386
1269
4466
4945
1688
4292
1277
1333
36529
31410
1927
850
3097
6942
250
73
3809
3798
79702
1226
428
2648
3420
6062
1056
1231
56145
3706
678
6273
7116
3739
64957
58047
4378
501
55250
353
3633
4795
268
53
632
55069
924
2563
2434
943
7773
39416
54281
38499
71
140110
4095
3508
3524
7040
1946
5414
6664
2333
5147
2857
5055
93443
133771
2935
4499
3539
2288
3079
48698
6773
3831
1261
63131
55052
106100
3598
81847
127152
1094
171
134853
7649
2736
148881
74754
26084
96467
6732
128620
107978
127108
85438
79677
86000
160590
54256
139116
2492
6296
2670
6380
2993
80748
4105
31184
122882
1597
6350
3742
2951
1963
85414
562
7285
159
3015
26326
32525
112515
8933
2155
1939
973
2948
6339
4019
55276
2721
8958
94
67788
27022
60756
1504
2029
2837
3357
1063
3538
6565
4022
4709
102123
5060
3429
