user_recommendation
318
296
858
527
260
50
1196
608
2858
2959
593
2571
356
1197
1198
1221
1270
4993
912
4226
1136
589
110
4973
1193
7153
1210
750
5952
47
32
778
1089
1
457
150
2997
1617
1259
904
1208
1213
1207
908
36
1291
1252
1219
923
58559
2028
1240
1704
111
1214
6539
364
2324
953
2762
1225
913
1682
899
1968
2918
4963
3578
2692
1247
969
2396
1278
1304
1732
6016
4306
4011
293
1206
903
2329
2542
541
1203
7361
4995
223
68157
1230
4886
4878
922
1258
8961
3996
3481
588
1228
1200
2599
56367
480
926
1265
48516
1244
48780
497
6377
1222
1961
1250
2064
1172
515
79132
1217
3671
595
4027
2019
1204
1246
1276
33794
5995
1500
745
1073
162
5618
1233
44191
3147
1036
924
2300
17
2502
50872
1148
2716
5989
32587
920
898
1387
2291
910
1952
2804
1212
1356
1288
1079
3462
2318
1394
357
1254
1077
1293
1028
1094
475
551
1625
555
1947
905
246
1307
955
733
235
1945
1953
4308
3683
1287
6874
57669
1060
1256
3897
1090
919
3471
1097
46578
2289
3735
40815
2109
1292
534
3730
349
1299
76093
33166
950
1035
1260
55820
3363
2467
1263
30749
2020
11
1267
6
88125
2797
16
8368
3435
1411
951
81845
68954
1234
1641
3362
2144
2712
3000
2580
2908
529
8874
1199
232
474
3361
2132
968
1224
5669
1084
2791
380
4235
3088
2076
106920
3307
69844
741
81834
194
337
535
590
2268
3114
1580
109374
29
1029
1284
1178
2395
3448
928
5971
1080
2288
954
628
1175
3814
1305
2186
3095
5060
116797
134853
1673
307
3499
5418
3359
261
109487
56782
538
1939
1361
671
3022
994
49530
4034
62
73290
766
2501
1393
353
471
1237
54997
44195
2321
2359
914
2863
5225
272
508
3504
3386
6350
92259
3134
2971
581
2795
7099
1527
509
1103
33493
1201
3167
1248
1266
3468
59315
3037
44665
2871
2194
2160
8970
3724
4979
2987
2313
265
2917
1303
72641
1096
2739
1262
1280
97938
3198
1269
720
3083
106782
1271
4014
1466
800
1220
1357
1610
6807
1020
3476
3868
1179
115617
1994
1982
1948
3469
41566
2208
3200
106696
2081
2664
3686
1120
2248
3081
2115
3033
940
3543
1281
70286
1192
64716
49272
1189
8132
930
85
2352
5816
5902
7502
106100
1104
1272
46976
3152
1227
107559
86882
3524
69481
69757
1960
8228
106441
300
368
58803
1959
1333
1211
31658
8981
916
1674
1264
7090
6787
2594
54259
2761
64839
45722
50068
1231
2138
942
7116
933
1285
2125
1086
59784
1729
3527
3035
30
58
60069
1957
72226
5010
946
2973
308
1283
3793
5954
81847
5991
6863
1223
1884
233
2648
78499
161
54001
1374
3068
1242
55247
2108
40629
1663
99114
2947
1095
2010
222
3153
1302
1257
7371
893
3039
3421
7147
2070
3310
51255
531
1963
134130
1131
30707
94959
2976
3635
5114
3638
8784
2203
3007
86
3983
7075
54286
911
1348
2459
63082
229
88810
4262
230
3260
3246
2366
116
8958
2165
3104
156
1845
3213
65261
3911
2612
106438
2243
3355
2919
945
921
3272
909
6711
31410
500
514
5630
2553
6796
907
1954
422
3317
2726
1066
2721
2935
373
7013
97
6188
1464
3196
3594
6273
81932
1012
915
1649
2245
3342
1034
2130
3510
3341
1719
2469
3135
943
1238
102993
3020
290
63853
3672
1127
2357
3252
115713
3788
3072
3679
2442
3016
2131
53123
98491
3967
106489
5876
2690
30816
101
3420
68237
2137
48738
4903
104374
2391
3741
3112
3470
6669
363
319
6502
125
2788
81591
1235
7263
3949
7139
2857
3791
3038
88129
1218
3275
1245
74458
68269
2232
973
3067
326
6003
521
52281
866
2551
2949
1209
7669
2912
2361
65188
1611
3739
64957
2890
3060
97304
2545
3160
3358
501
41
3102
2752
91529
93040
3536
61323
70293
1678
28
6440
280
87232
299
1300
122882
2693
1321
1147
2495
2474
4085
2682
109249
100714
44555
348
1125
3917
1251
4450
3457
1274
3270
79824
32289
80839
41573
48791
1130
2696
1081
59995
5956
112852
6724
66934
7438
1904
3089
3034
149
2988
6565
3194
2267
40819
5291
1701
3210
7285
4427
3256
7451
89745
1345
3728
60397
6870
3091
1358
5812
281
38061
3175
1341
1934
80463
103
3989
5103
4009
5903
2231
34321
2644
5690
3738
2560
5013
1956
1537
2550
5444
4103
27803
3811
2920
900
2271
53956
37741
56757
312
184
2867
93721
306
67255
2490
39
2925
2279
1554
6643
3833
1543
183
1312
3851
3837
1531
2982
3281
1463
3490
1771
2945
341
3757
3021
805
2932
2901
5446
2111
5791
2349
1946
1419
1688
2337
85414
44199
92
3546
1927
1023
36529
115569
3629
2066
3529
26729
96079
49
3101
1997
2728
4896
1161
3018
2985
39292
1827
81229
164
1629
104913
3044
2746
7143
567
1128
3036
2327
37857
1187
1955
58347
1639
384
1177
1516
37731
1253
6662
2989
52
1449
7137
3804
45
103048
2355
55269
2018
549
25
8950
2336
2938
621
54995
2725
1615
110102
3725
2463
523
3908
142488
3024
3840
2465
1958
1967
2419
1983
6987
6942
69
64034
2745
764
55267
3201
56152
3734
1041
2024
5238
3547
54503
342
27831
6461
1392
3551
34405
3952
5064
3576
1236
1396
1635
1935
3105
45950
80969
390
1480
1941
79702
3115
1082
2166
1573
1748
8125
5349
6918
2929
4017
1296
7802
3770
3916
3545
4422
1944
3396
3760
3274
314
2177
51540
3505
55276
2312
2517
32525
2757
63876
105504
3244
6254
3557
2524
3980
2924
416
1019
3347
988
1215
477
80489
82169
55442
2351
6650
1343
98961
4489
7826
1860
7767
1326
2496
3507
8645
3508
556
7698
1279
2102
4967
3684
927
3019
6852
1059
328
38499
8199
1655
4642
1354
5017
2596
3030
7123
1078
1243
2659
8188
40583
2755
1931
4033
5500
4432
2029
492
3391
1949
68838
