user_recommendation
318
296
858
527
50
593
608
4993
260
356
2858
2571
1196
1197
457
7153
47
1270
2959
110
1
5952
1221
2997
912
293
1208
778
1222
1230
364
4226
1213
4973
1136
111
1198
904
36
589
32
150
899
1252
913
588
17
1278
3578
1291
1617
1240
745
1148
58559
6539
246
1214
2804
919
908
1210
923
3147
4306
1193
25
1203
541
1080
1207
2797
1089
953
2324
994
223
2028
969
1206
48780
595
1204
1304
1961
1199
1732
2329
4963
1682
1704
2716
1035
58
1247
60069
6016
1259
1084
4027
1219
2791
903
555
2064
2692
1276
2762
4308
34
1225
497
48516
1258
1231
1282
57669
6377
4034
1036
475
78499
4886
2918
2076
1200
8874
1077
6874
750
515
4995
551
480
2396
1269
926
7361
733
68157
1212
79132
1256
3897
235
1244
1060
1228
661
3481
1411
5618
2268
1246
109374
920
68954
3317
3152
1250
2109
1357
1073
4878
1265
5989
474
2542
1254
64839
910
30749
2599
56367
922
1307
300
11
33166
63082
5060
1356
1466
106920
1090
5995
349
2871
2078
6
134130
4011
2502
2291
62
3104
2019
5418
1939
1293
30707
1079
1266
2300
1394
108583
3088
5444
7502
194
32587
1028
76093
44555
6773
2321
7022
1653
581
3034
1945
950
2005
3114
1217
628
3362
971
1172
838
3536
2863
2761
134853
357
1950
3686
1947
7438
348
48394
1096
34405
7099
900
898
954
3462
99114
3504
6711
1271
955
2289
81845
1220
1958
800
3361
2243
1674
5010
471
68237
2115
2580
72641
1580
1263
122882
529
3793
1953
3671
3101
1299
1952
88125
48774
91529
3996
1189
671
1201
56782
2144
2971
16
41566
1285
3095
927
50872
106782
2924
115569
128360
2917
2732
3730
2303
8961
6502
2908
112852
265
115713
1729
2132
7139
3363
2467
2018
3307
2890
70286
1147
1179
1500
337
3868
3735
3468
1994
3949
741
161
40819
2394
115122
1968
3108
1303
112556
1094
1784
2105
36529
1956
2194
63876
4014
535
1962
1223
39183
1088
3684
281
3683
940
909
534
81591
3357
176
81932
104374
1641
3275
1960
105504
3424
1287
27773
7147
7116
55820
2352
3060
1374
1358
2788
1281
2357
82459
1964
52
2232
3310
2096
616
1719
3724
916
3260
2501
1361
2140
594
8665
101
5816
1296
1946
2968
951
1248
1948
2474
49530
924
893
1610
3201
49272
94959
109487
81834
2648
86882
46578
2690
97
32898
1243
3153
1211
942
1251
1264
46976
69757
4235
2020
105844
261
2248
866
1257
40815
3070
1584
1393
7419
538
5902
1103
2202
80463
7844
735
6662
44195
1957
2929
905
5782
2186
69481
3213
96079
7669
2664
1693
86504
106916
28
1680
2739
2731
86
6942
112183
4239
31878
1754
37733
93838
5341
18
44199
3386
1333
2644
599
1097
26152
38499
2353
928
7836
97752
3359
2208
38038
4896
5991
2454
7802
7235
69844
55276
100383
2080
3007
2355
5812
116797
4085
7075
29
4422
88810
5669
1215
1218
4361
968
2427
5385
44191
1078
8580
1020
7087
30816
1050
422
4696
247
3467
4037
215
2780
3510
2925
152081
85
1419
54286
2726
3038
4021
26524
4103
4844
2203
64614
3265
648
112552
4846
6987
8633
2150
3507
3594
101850
53887
58649
5475
5238
2285
104119
26797
8264
8261
26501
55063
4432
96075
4428
4410
86487
8123
74089
163949
114464
112577
150856
8970
1234
2529
1834
31658
5017
876
2880
4567
4566
4565
4166
4717
4442
89804
8132
2283
3741
2420
3196
3546
3627
3175
26084
945
85342
5244
50641
79357
93855
93320
4642
934
1967
3198
3022
1131
122904
373
53123
7360
73
6001
1284
911
55247
3476
6350
4128
921
3270
162
3019
4980
4848
306
266
1348
7013
2059
3543
1262
4661
198
6618
6021
37741
4017
549
104841
4801
7698
1305
5630
1099
3081
1688
2641
1235
3089
4809
26326
97938
1104
2312
3000
6870
1292
3872
7090
165
575
6273
5225
5103
1242
2160
2946
3167
80489
232
3163
70293
2764
4121
93840
4369
7132
3006
1673
5014
933
99145
3341
938
1611
1344
1209
2395
3598
60397
2391
27660
108932
477
7263
5349
3952
68838
4519
86320
2138
4450
97921
764
106696
33171
68269
3035
3745
2987
368
6796
55052
233
2245
34332
27831
2948
6184
7566
52767
6807
80839
79824
32289
48791
41573
1845
48696
8368
1295
102123
1267
4969
1032
2728
58803
2273
3252
112
2935
111921
3251
1464
353
6385
68073
79091
8958
3083
39292
110501
10
1959
4086
48738
2070
1288
3077
5992
1280
4920
3471
45722
3612
3072
2151
6979
3469
4349
3100
3181
104913
1954
5772
1061
3499
6323
72998
96811
5690
175
2757
2148
5470
662
8950
6777
5460
1396
72011
38304
6271
53024
6724
2846
946
47099
1797
1275
81564
5903
91500
6787
36517
2041
2000
7156
7757
2125
53956
3702
3983
4912
907
272
1302
1598
2026
66934
95558
1224
5971
49957
3074
1734
440
3771
79702
1092
56152
1936
4553
7285
3253
3873
2066
64957
491
7091
1395
96655
6380
106100
5876
77846
935
3044
54997
59018
1955
943
5380
81847
6254
127152
8938
71135
1645
8638
6774
2919
32234
930
1537
139385
2086
2091
178
68358
2612
3112
59784
4263
6852
2069
85414
2029
69
77658
6296
79242
26729
97673
4697
1661
423
125
5219
60293
1913
56805
78039
2336
1033
116
117176
7123
122886
3475
84152
322
492
101525
106489
5114
1178
93510
79008
3342
949
52604
861
7943
345
3801
8908
3624
3408
2231
98154
2046
55721
2857
97923
87304
105197
4552
3418
34338
6552
448
7164
5329
49824
61357
3989
8979
33138
3871
7008
26231
7024
91077
3456
8492
104944
74416
85401
47629
120821
128606
8491
112735
7487
95135
94931
75990
8572
47092
7478
127164
7300
25882
55253
7111
26323
27812
5088
56607
25996
25999
110752
105355
4927
6639
26147
3966
7126
6538
26178
4218
6101
7088
151307
6133
26505
72367
50245
112399
101895
25945
26350
8240
60384
26749
32515
42900
