user_recommendation
318
296
527
260
1196
593
858
356
2571
608
2858
2959
50
1198
589
110
1270
4993
1221
7153
1136
1210
5952
2028
47
58559
912
1197
2918
32
750
4306
1291
1247
3578
1193
1089
1704
293
541
1213
1
2762
1265
2797
2329
1961
1259
1097
457
4226
364
1036
1073
919
4963
1225
3114
111
969
150
908
899
1207
480
904
1214
1200
7361
590
2997
48516
1732
953
898
1240
923
1204
2324
497
1219
1148
588
1968
4979
926
4973
778
1208
68157
1682
1610
1203
1356
5225
59315
223
920
3897
2716
1252
2132
2804
79132
6539
1222
924
6
4027
235
745
1625
54286
3147
1278
471
36
6874
5418
56367
6377
2396
6016
5989
2194
68954
1206
913
2542
1254
4878
4308
595
1230
1228
3462
1096
349
1220
4995
1945
1674
1387
1199
3481
1224
1080
194
6711
1079
2791
3996
1084
733
78499
4886
2064
1953
910
2599
1172
2115
2502
16
968
1258
44191
17
55820
1233
1304
5956
32587
994
1201
3916
33794
2359
1947
46578
474
1246
2268
1957
8961
922
1393
7147
1262
1217
307
1288
2580
1183
306
720
49530
1276
50872
2761
8874
5669
1299
5349
92259
1104
5995
8665
1060
3671
1500
475
81845
272
805
2501
2019
1223
1307
265
2300
109374
3545
44195
1028
1954
308
955
1250
44665
1267
1273
1617
7143
1242
1948
1358
49272
3868
3386
5791
377
7438
48780
33166
3088
3362
76093
2692
8970
903
1734
337
1256
1408
62
3510
8949
4896
1374
163
81591
4235
1285
1283
1212
1754
88125
914
1269
51255
3160
5010
1584
3020
70286
1243
5679
1035
2690
3363
1293
900
5668
3006
5377
1235
1287
56782
1960
40815
6942
2289
1090
1023
4011
106920
2186
3176
2105
28
66665
2087
7502
3683
29
1693
68237
81834
2395
1939
7090
1361
63082
2987
1175
54503
68554
11
1127
555
2917
31658
161
2078
5444
74458
2005
1025
64957
30707
86882
3000
246
581
85414
1944
5618
671
2231
1266
916
1211
5015
508
2125
35836
8645
68848
1411
1527
3435
1784
509
175
116797
373
2403
954
27773
50068
2929
1921
6807
106782
69844
4223
5903
281
3035
1884
3034
2000
3504
232
1264
34405
2971
60069
5103
162
2202
4034
3421
261
1192
1041
8368
106696
4085
950
72226
628
3730
3201
1673
41566
2739
280
1237
1029
5312
5630
36529
1271
81847
4361
945
1466
1209
1292
79702
3252
64839
69481
1066
1179
7445
8636
529
6796
40629
2686
99114
21
2144
2291
2141
380
5991
3134
1927
2863
115617
88129
140267
3911
86
3418
110102
144976
4033
3200
1296
3469
213
1305
5064
1835
1272
4277
59784
1946
3152
5060
1952
3044
2076
515
6350
534
2712
9010
3606
3111
4019
1284
2318
3060
122882
2454
2908
3429
81229
3203
3703
3359
44199
1300
5415
48738
3424
2303
4103
7099
2010
759
51662
2080
91542
1357
198
76251
8798
940
921
3476
34162
233
3527
538
971
33004
7139
2288
5876
314
1950
80463
1253
6502
4427
25
1101
5955
2232
2020
57669
575
838
2745
69122
930
134853
1965
4489
927
4369
1419
1959
1641
3108
2640
345
2687
1282
2728
3696
26524
2353
1303
3437
4630
5765
357
905
1178
6773
2871
4037
5329
3365
3007
8529
1719
85
3684
2951
5816
1680
26614
2976
53123
1962
1231
3101
97304
2150
1298
2434
1663
933
1248
3307
96079
2301
54259
3724
1941
1956
1032
850
3417
2248
2788
63876
54997
2351
1907
1147
33171
6184
55269
6936
64716
7075
87232
2664
73290
2670
704
1227
5971
44761
6063
59387
2357
2857
4450
26587
2961
101
1049
1611
4776
107559
3317
106441
911
88810
928
8132
2046
2575
46976
1095
3753
1994
8938
61323
5810
2925
2058
4846
112183
3355
106100
2732
3168
26326
6333
53956
3468
4642
7263
800
4128
7235
6385
3270
4014
230
4616
6440
915
3178
53972
2478
4552
866
106438
907
6662
80
26084
72641
319
3038
73017
5095
3253
1964
936
3686
412
112552
34338
55247
88140
322
1086
909
2355
39414
1257
122900
5414
54001
121231
3735
2313
37741
81932
30816
2726
97938
104374
7360
2106
7669
176
5902
1077
4047
4722
4571
31410
6323
46723
6893
6979
60397
3548
3952
2648
3848
2660
7451
3869
168
2459
2278
348
3448
3983
2336
3218
115569
3095
46970
54881
91529
4263
105504
3246
2203
1834
3341
1333
3067
32289
48791
41573
79824
80839
68269
45499
3783
1255
146656
3505
8937
8958
100556
2916
27660
1281
30810
5782
6552
661
96728
70293
4799
2131
93040
3507
2820
2474
4533
5316
127152
2644
112515
6918
2573
1238
3879
7386
8464
1688
32898
4720
4117
4105
3251
951
3360
6774
3068
1103
106489
26231
7024
60753
3702
3499
3022
7164
2406
45950
76077
1251
3801
26729
94959
27721
149
3018
4802
290
63853
142488
3741
3747
33138
108932
3679
6380
8360
32840
1955
68073
2430
109249
901
128360
4623
60384
26749
27792
5473
32515
63836
8240
34326
80553
95113
40226
71390
42900
77291
1449
55276
3342
103810
6787
56152
3925
3406
2070
7802
1958
4191
2440
38038
2333
6724
3062
70183
8983
3071
89804
3089
3100
7123
7649
47999
8340
4424
3471
2890
2069
138036
2551
1934
1249
32029
97
3256
30749
36708
4326
6808
33437
93510
7894
5819
86377
2846
599
5301
7371
2137
4187
1827
53550
1244
4422
3328
32019
34321
635
40
2102
3368
79091
3477
6932
4822
1125
3361
63131
3364
71282
58295
787
109487
69757
116
5341
1924
7285
4688
2066
159
4697
3070
171
7116
4658
34323
54995
95088
3438
1608
8207
1340
2117
8580
166
177
2331
1046
31878
38061
3167
40819
5110
68838
7132
4046
65188
4787
67087
678
973
7419
5034
7836
51540
299
115713
2420
4021
2059
309
99764
48698
2398
556
3521
1161
6101
111759
5500
43396
3150
937
8264
1963
52973
92494
97957
4754
40412
3216
1184
1056
104
3196
8981
3260
72
4343
1376
44633
3104
6852
1365
