user_recommendation
858
296
260
318
527
4993
1196
50
356
608
7153
1
593
1193
110
2959
1210
2571
1197
457
2858
5952
1221
1207
912
4226
1089
1136
1198
589
2762
58559
4306
1704
541
497
3578
1961
47
1247
1968
5995
1304
908
778
1291
223
111
904
1213
364
1259
1732
1035
32
2396
1208
509
1610
161
1214
293
141
899
1240
3114
1225
2692
1265
6377
1580
246
36
590
79132
2324
2716
1784
1097
1747
1682
1080
1222
1200
1267
3996
1036
6539
524
6016
950
357
474
5446
2028
1252
5010
1617
3462
4995
508
4896
1947
1270
1203
2501
924
16
68157
3897
44195
337
920
1192
6502
17
1073
1220
471
1219
1394
2019
750
898
2194
2542
1500
2329
150
8368
48780
78499
4973
5618
1206
4886
4011
913
1246
923
1234
5060
475
1148
4963
280
1997
8360
1215
919
2580
1282
1276
1079
2268
29
222
5418
2502
5444
1292
969
903
261
3363
59315
87232
1211
2918
745
1960
910
3789
81845
3763
5299
91104
1927
2908
3000
1201
1204
86882
2355
1237
2764
5291
1673
6218
115617
339
2599
2020
99114
423
951
1527
33166
235
5812
76251
6565
4448
52
1834
2357
1293
72011
4427
1274
6219
4783
3347
8675
8183
3653
5732
5193
720
741
953
3503
1307
3030
6666
3949
7361
40815
480
6216
1269
2997
1223
2291
162
3083
1233
88125
2066
6954
8751
8754
52885
4889
3671
6378
1212
785
1411
5954
8464
2144
3421
5816
277
11
4878
2023
40819
56367
3317
6269
262
57669
1374
92259
89745
1251
952
76093
1227
8665
1090
1663
8874
2797
69122
1217
4361
2064
45950
68954
69844
1357
926
6942
1958
1674
151
7263
6380
3088
247
7137
927
1263
4304
7932
8938
26599
1794
6244
4252
9018
26524
6235
2612
91673
4642
90428
4765
55069
3408
914
1232
3418
1238
2690
2677
2804
6620
1953
48516
54286
1288
2331
54001
81847
33493
2788
1258
4223
306
1260
5878
5991
5989
2470
663
1287
3910
4027
5669
6874
2948
2433
1262
2186
4103
307
81834
3022
928
1333
6
6331
1230
4459
32587
905
6807
2202
2150
1625
7386
2012
933
7502
595
45
2000
5218
265
2289
1060
109487
1449
69757
1266
1284
955
60069
916
1199
8961
994
2694
3451
3448
22
91542
55250
5690
500
1257
529
1278
2890
1285
2303
4102
4857
1954
6350
1376
915
8638
27803
232
8493
3683
2739
922
1354
2581
289
30749
1286
46578
31
3006
1218
6188
661
54328
229
1189
4623
2321
1272
1013
553
1569
3963
800
2109
2336
2947
3435
728
71535
431
73017
1245
115713
266
1019
1641
349
3633
7156
1231
6461
3429
2115
8981
3735
21
3039
4085
85414
5602
230
5152
3481
3213
194
292
109374
7766
1299
2791
3552
91529
1244
7941
7063
5147
968
48394
4369
1935
4534
5799
4535
3577
6516
4664
5622
897
6032
4727
5603
3096
6232
3405
3379
3171
6447
5097
4338
3368
4861
56152
5214
6936
1734
152081
805
1094
3100
866
3635
1945
1264
7027
1179
1619
1228
942
1041
68237
1046
7147
931
206
2312
6979
1175
27790
1537
54503
5103
954
3967
2273
5049
28
122882
2359
7090
3104
70293
3007
7375
1952
2951
2125
581
1693
1361
13
68135
1372
832
562
33639
671
44191
1281
3019
62
55276
82459
97304
837
1256
1280
422
1020
3189
8645
628
309
25
108932
8970
37386
8641
909
67997
110102
6266
36529
272
27773
314
34153
1047
3551
33794
3112
88163
319
49272
138036
3362
1042
27846
3219
2
1120
551
281
41566
3152
77364
1916
62344
6332
90576
61250
86817
112852
2288
31193
3098
1099
175
3307
59784
1084
454
4235
82
575
1371
4327
7438
1254
46976
7064
543
106438
299
2132
94959
373
2664
34164
103624
58191
6612
68347
31689
6869
69458
71579
5792
71462
6552
80463
63876
2572
68358
3095
52668
2962
1012
1301
1173
3788
3510
1476
6867
477
535
2423
1950
368
1598
2026
2148
3203
3504
4734
2668
37741
1249
59369
81229
1235
60943
3201
2879
27611
850
632
53
1209
268
96610
66203
47610
2300
3760
1271
1464
63082
2463
1253
3505
97913
3062
3983
5375
1127
2432
103137
781
3016
2143
2527
2318
1939
900
3792
3107
88810
1183
6104
44022
930
5943
2118
33004
51705
1884
2090
2490
2917
1283
86504
3358
4017
3471
49957
134853
3729
610
30816
2310
103810
8798
4855
5959
4443
2925
79702
30822
49530
2096
1178
806
2648
1957
60756
108583
53956
99
363
2434
3434
123
1399
2752
6333
3515
104374
1661
106782
3037
6155
68073
95510
7380
1678
73
1101
1248
105844
106489
1907
5481
53121
4239
3639
1552
4228
6990
1111
2263
4010
26151
8899
3879
1147
106696
79091
1835
3702
81591
2243
2138
4407
34542
1014
3911
55908
2151
3355
4814
4660
8622
1356
96079
973
1077
2076
64034
5955
3521
7022
6598
31658
3916
7099
1635
27822
73344
1649
3508
80549
1081
3809
4772
2022
3020
4447
965
3512
7445
156
1408
4848
3396
2729
2184
1021
33615
1729
2728
6405
273
1566
70286
3034
599
27838
362
6254
2010
380
103141
111659
947
3952
2529
5377
4994
134130
9010
2973
7444
2570
40629
1944
81564
2970
1420
3655
3365
2726
2130
1340
2361
948
3093
3134
3550
2920
2932
2068
1845
2687
66934
5971
8827
1296
999
8371
1172
2351
100383
1484
170
3546
450
4262
3071
1243
4641
350
1966
6093
2779
531
34405
932
3052
2097
104913
7154
44555
911
2145
164
94466
6242
2070
2360
4499
69481
72226
3270
4584
7013
5500
7669
43
1339
41
760
2562
5099
1498
6323
103335
7451
79274
7285
135887
102445
1131
6273
32525
3739
25947
7116
5114
25850
6650
59126
2167
5414
31903
3178
7569
2736
53129
3468
3720
8610
3334
1792
100
7293
1104
4041
54997
66097
5388
2644
1023
1688
38061
6281
56251
1959
5620
556
2102
2467
1974
30812
270
1255
2863
1298
1821
