user_recommendation
296
527
318
1196
858
593
356
2959
260
608
2858
2571
50
589
1198
1221
235
4993
1197
150
1210
1270
364
2762
480
110
595
7153
1193
2396
4226
1704
912
1278
551
1214
36
1968
4973
47
2028
2918
1207
3897
778
16
1617
1213
3578
1089
457
1219
1208
953
913
529
750
2692
32
1961
1136
1035
1252
3671
1259
58559
1240
380
1500
1194
2324
4878
500
1304
3481
590
1200
39
7361
4886
229
2997
1291
1682
588
1225
5952
923
919
1
1230
1203
6539
509
111
1222
4979
5995
534
2081
8961
920
4963
4011
1220
300
2144
4306
745
3147
6377
1527
1247
17
969
307
1233
339
903
2291
1148
1206
2791
79132
515
922
5060
162
1073
1234
2115
1394
1258
2005
40815
904
306
29
308
4995
1947
230
3114
3471
3256
6874
25
1094
2542
1028
7147
1077
2329
33794
2395
720
1271
223
2716
3996
1387
1036
1097
2467
1282
908
59315
1179
5618
1610
8368
1732
5991
910
2804
4027
1288
1228
6016
2797
3363
541
2502
6502
8784
3317
3448
1086
32587
50872
247
2078
581
44191
766
2132
293
1266
48516
2973
1299
1307
1580
2318
1912
926
3435
1674
1287
1244
2908
180
2355
68157
2289
3735
968
1994
1393
597
1250
76093
1354
38038
54259
497
156
349
2987
1276
508
2064
14
41566
222
3543
3949
5445
1678
265
6350
2300
1095
89745
5500
3039
3068
1042
4016
4967
780
1257
538
1120
373
661
5791
1029
2194
3198
34405
91529
2321
3034
905
3724
8972
1956
5103
5444
62
3088
1953
1284
3504
2268
1175
1242
924
2019
3683
2746
1272
2761
1059
3167
1673
98491
2721
194
1263
1344
1356
4235
1103
1569
915
3000
8874
3791
30749
916
955
3358
7438
34
531
5989
253
326
741
2232
2872
246
58
1246
3135
85
1348
92
1285
1262
88125
728
2501
48394
22
898
3342
2966
3200
2102
1321
1254
7386
1997
56367
1256
4085
2664
134130
4896
2108
2302
2020
8644
2917
1217
3420
6942
2245
2788
1080
39292
475
3361
7139
81834
3418
106782
48780
2279
2138
2594
2545
1333
69844
2313
866
3730
3095
5954
151
2096
112556
3035
2795
2725
1187
3272
1361
2682
3738
6380
3102
2985
585
33615
6218
30
1269
1292
535
5690
3672
3457
2080
5377
2442
4641
3814
2140
1081
1096
1079
3152
1265
116797
1223
2231
1192
1345
1952
134853
241
1249
2739
68954
116
363
1357
2469
109487
122882
353
2043
112852
1959
262
2971
5669
1641
1274
80463
3359
109374
72226
1084
942
328
1982
8981
3213
81229
6807
2137
3868
2718
2337
2495
8132
8798
8228
1293
2926
3638
3033
4014
2463
2160
2919
3734
452
458
2668
1260
206
1128
1130
3871
6787
1396
3527
3194
2550
2109
2018
893
1464
3362
2398
3067
2130
3160
501
733
1172
911
2203
261
1305
594
59784
46976
1031
3115
3112
37729
514
3529
2648
5630
988
2599
40629
2459
3468
2968
368
348
3917
1012
3246
2288
2366
149
4009
2267
281
2535
3108
240
3908
2131
68358
3083
1060
539
800
161
3760
3728
3060
2177
1771
3725
2901
621
3021
567
2361
2945
2327
1649
2982
49
1615
1655
1236
2465
183
3851
2271
2553
341
2755
2560
3840
2696
3837
3770
3833
1904
3757
2165
3024
3490
1341
3281
3576
3125
1463
3547
1531
1543
1312
1554
1326
3679
3036
184
37733
1392
6863
2988
1034
2524
40819
3334
106920
3524
2693
106489
1516
86377
2352
1261
2125
2349
4033
596
2166
1480
103
384
249
1347
2752
3153
1629
2612
2290
2419
33166
5902
2613
2478
1227
6711
1635
2093
3408
1191
104374
4246
3391
2738
1701
6754
3557
11
1061
54997
550
125
928
1875
299
421
232
1639
3148
1573
3546
1954
954
27803
4427
73017
3462
3751
6385
93721
1279
3807
2076
1267
2107
66934
423
3275
3244
1411
3685
33679
2912
3989
7096
6299
3081
921
2087
1204
5299
1135
4616
1885
233
58803
312
3911
46
322
1162
3186
2606
97
2475
1653
1945
2365
45447
8360
951
1177
3476
2029
2111
65261
5971
5064
1374
8638
5225
6188
1047
4881
58295
113
375
1797
52975
28
523
2517
3804
8530
1125
3019
3252
3813
4874
2949
44195
1111
52281
3040
555
3916
2208
8464
3686
123
1663
115617
88810
357
6440
3967
556
3270
3210
2085
3044
2406
6773
4017
47610
59369
3341
930
3608
45728
1211
4007
1441
1991
4263
96588
5812
49272
4903
70286
5679
44665
2118
4378
1243
764
37741
902
30816
44555
44199
1489
1342
51412
2580
321
102445
2367
3175
838
112552
3696
2662
1330
3469
1199
92259
3265
3062
2686
8958
1171
2976
94466
4223
5955
4734
7075
6461
167
3713
914
41569
5820
106696
3499
1334
2315
1090
1827
8645
1614
616
2046
2248
3077
1408
71264
1734
1343
7285
6436
30812
4105
2455
2690
491
104841
1719
55820
86882
80549
67255
55274
2086
6870
69481
215
1082
97921
1754
2861
55442
4128
899
45
2700
3783
2091
7022
2454
89864
38061
5379
2348
849
5414
31903
1845
2617
1178
2890
2024
33493
178
53956
9010
106072
1212
4321
4008
68073
26614
1302
2496
5349
524
31658
8128
93363
361
6367
6591
171
94018
57669
671
1264
3018
2759
1483
8
900
2483
87232
4489
2070
7373
6959
3260
74727
26084
69757
1041
35836
7137
2186
7099
3635
3079
51255
4095
34162
68237
2278
5544
37857
3498
4465
2596
4958
3015
146
4210
2938
3844
7215
940
2301
77658
2779
1280
122900
1688
4148
49957
35957
270
4086
3952
3159
5146
3609
1423
31035
7698
5238
4537
8191
5801
3274
164
5291
52885
3105
53125
278
55451
492
3788
4326
3412
6283
51935
5945
2243
1730
1504
1063
31433
1747
973
7090
5903
945
5765
3437
4630
4447
88140
1748
2857
2563
805
722
334
3702
1201
54190
1366
56782
108979
68
115210
3612
3733
2819
