user_recommendation
318
296
260
858
527
593
608
356
1198
50
1196
2571
1210
2858
912
589
2959
110
1089
150
1197
1270
1193
2396
47
1240
1704
750
4226
1225
2762
908
904
457
2997
7153
1213
1291
3578
1221
4993
2692
1136
923
32
969
1682
1203
778
7361
111
1206
899
1172
1961
4963
1097
293
1259
5952
1208
588
1036
6016
58559
1247
913
1265
5989
2797
2918
1617
745
1
1219
36
79132
590
4306
1732
541
3897
3996
595
4973
44191
4027
2599
2028
1207
6539
953
1204
364
919
1304
3462
349
910
509
2804
1199
920
48516
3176
2542
1230
1307
480
926
1293
4995
2324
1945
1280
1217
1214
1968
2186
922
903
1148
11
4011
1246
1947
6
2019
555
497
1957
2359
1287
1252
1060
1269
898
1673
3160
2863
3949
3114
1019
3421
2300
1228
1527
2739
2791
2329
4878
1073
32587
4886
1584
1387
2064
1212
1250
2289
671
4034
733
3435
33166
68157
1258
1200
1625
1233
1356
3386
1094
4979
46578
474
3481
55820
1296
5995
59315
1251
6874
3147
17
1267
232
2947
4308
1244
300
5669
1963
4235
2268
380
1834
5225
21
1394
116797
194
2132
56367
1079
2502
1223
2125
924
1084
3471
5064
1376
1283
2580
1104
1923
337
78499
1103
3510
30707
3310
905
5418
916
1028
223
1254
1262
1080
39
994
2908
1276
54286
8961
1952
1220
1354
377
8665
1224
3072
911
1748
2716
319
2501
7147
5902
2395
2971
914
648
5618
3006
1358
30749
1927
8368
1035
44195
1408
1953
8970
3307
1948
8981
4424
8636
928
5992
51255
1237
4085
314
2081
4019
48780
106920
6918
1950
33794
3910
1248
845
1215
56782
2731
529
16
7090
954
1131
2686
61323
1674
3793
1699
2761
4007
2243
475
483
2351
628
2202
2010
1222
235
3983
1305
1466
3260
1955
4014
3104
3252
2
2076
68954
34405
1299
3083
1884
5013
2712
2115
26242
2068
1610
3362
6565
1256
2917
1500
946
2291
3868
70286
950
44665
5971
49272
72641
3545
1288
1260
3251
535
2078
3275
57669
27773
2976
50872
1264
109487
8958
76093
2946
7136
8874
1300
175
3952
2434
1303
39183
1941
3101
35836
1944
3067
4914
1537
134853
2194
2176
1860
72226
162
3948
2726
3468
909
1939
3196
7116
1960
3730
8955
1407
838
5010
1885
2949
3246
134130
3916
2144
3527
1663
2423
41
2648
8228
224
2150
2208
6732
49530
4188
2890
73290
6787
7438
3671
3424
2993
921
1959
1023
109374
1175
2321
1034
2245
41285
81932
3967
2572
74458
3414
3134
6643
1278
6001
1916
7371
1124
4623
2846
508
29
6377
373
8784
3168
8132
7320
3984
3174
3100
2108
1029
39292
951
44555
2788
1810
945
8880
7013
54997
68358
3499
1997
272
1077
1178
7502
1090
53123
7451
265
3548
54259
3363
2087
2357
161
222
2871
930
3007
492
255
1374
965
26729
5114
412
59784
933
122882
64839
62
7132
3635
2990
357
2991
4846
3039
1357
2925
68237
581
1273
2105
6273
42004
3256
3089
3361
668
97938
1147
1066
44199
1965
8641
8042
3022
1719
7767
471
2248
971
2929
3060
538
30810
942
1021
2231
800
2137
1025
106489
1333
2989
316
1096
1946
2732
1281
2360
1302
1086
2353
1049
7256
246
1611
2612
4422
4967
2403
5991
110102
85
955
33493
31658
1201
4225
4816
54503
1231
3035
86
6669
3359
6783
1616
2117
3686
4661
2355
1393
3701
2020
5103
5673
3498
88125
40629
3703
2690
3814
3095
3788
64034
1754
8371
40819
2795
7075
1211
6942
85414
1994
27803
2366
333
81845
8542
3037
3551
2203
3791
345
38061
3015
915
4103
3364
106100
440
3505
84152
63082
4277
938
6975
3476
1643
8125
2467
6863
3638
7669
1361
97
6773
6711
69844
5444
4262
3478
25769
7265
8933
32525
6333
3735
3263
104374
7091
1183
6881
2973
501
5017
5903
4179
4369
8645
3038
2670
931
6777
6796
6986
92259
4357
2273
2278
2287
39414
3201
99149
45728
4062
7099
2819
4187
6662
73017
3504
1234
3011
2118
3809
3068
3167
106782
5135
1232
6450
112852
2333
932
8873
46970
7285
3546
7787
81847
3159
5055
2951
1238
3739
207
165
2944
3524
77455
40815
4450
2745
4054
32898
1982
63131
62849
2066
428
55276
7072
1218
54281
6003
65188
3129
4191
1120
262
670
88129
96079
5291
105504
88810
5008
3654
1594
5475
52973
2936
89804
5633
51540
3552
3245
6611
7070
5630
112183
6724
1078
6873
4427
8528
34162
1202
115713
142488
4033
7087
3360
3507
1343
785
69481
141
6807
56152
8199
80463
81834
4037
81591
5608
2657
1734
53956
6235
2935
3317
116
2920
2140
1192
7649
3200
2792
1641
6385
575
2644
6187
101
3736
1962
94959
6987
107559
1099
1907
56339
49280
26422
59418
7943
67087
3088
106441
106438
8264
114028
1008
4903
3429
5177
37741
2553
1954
4086
87232
6979
8827
7773
39416
2961
1411
2344
299
5956
943
48774
7143
2420
58303
7063
3980
6786
8188
7766
2490
96488
2912
3629
4410
233
1931
68838
5446
2728
7386
2924
6985
8650
3111
3702
4271
3418
4273
2575
3989
4720
6281
70293
96728
7419
3470
26501
26797
74089
86487
5238
53887
4969
2285
4428
58649
8123
96075
55063
8261
163949
101850
114464
104119
112577
150856
3477
8910
4612
115617
3328
7836
1189
6021
3198
122900
40583
2330
4537
927
5367
104
4642
539
6530
8337
7587
3872
3420
2640
3683
5341
44974
7022
2131
4327
86882
3742
34338
7088
3786
1937
6776
8121
25852
47728
7208
2927
1184
84
1040
4263
4978
3194
127152
309
3000
3869
94466
146
3469
2232
71033
4178
7156
368
3879
3909
4177
4184
4189
3845
1692
41566
2801
2664
89904
26578
26150
52617
7574
872
5028
7564
86320
106696
5876
4658
1135
2311
10
81564
48738
121231
1580
37729
31410
59387
55269
5387
3448
4047
3861
6936
2430
3417
6552
741
2843
55052
97304
4190
2312
937
5319
98491
