user_recommendation
318
296
527
593
260
2571
858
50
2858
608
2959
1196
356
1197
589
1198
110
4993
4226
1136
1270
457
912
4973
293
1704
2028
47
7153
2762
1221
1210
541
750
2329
1193
58559
1291
32
5952
3578
1240
899
969
1213
778
1089
2804
904
7361
4306
908
111
497
2918
2997
150
1207
1
919
6016
1208
1682
1617
913
953
1203
1252
17
1073
1247
6539
1225
1230
910
79132
733
923
4963
2716
1968
2064
6
1356
364
3996
588
2797
1219
480
1200
48516
2324
5669
1036
1214
1259
1276
1265
32587
2542
68157
2692
994
4878
595
2396
1204
44191
1500
926
246
3147
745
46578
1732
1148
898
3897
36
903
2599
56367
4027
1393
1610
4995
6874
4011
515
1288
1254
1674
48780
1304
3114
1222
1394
924
1172
2502
1206
474
8961
2300
5618
1625
3481
475
471
1060
55820
1256
1199
5989
6377
33794
551
1258
920
2690
25
1278
377
1220
1961
1285
8874
2019
2291
922
1077
1784
1267
50872
508
1411
1250
950
265
1080
1201
349
2917
1084
2580
916
805
1246
5995
78499
1212
11
56782
59315
5991
1358
5816
1957
671
1947
590
3088
2359
3362
57669
1228
44555
106920
1945
194
62
116797
3462
33166
838
4308
1215
3359
4896
2712
2303
1269
1235
1580
945
40815
1948
1307
1953
2971
1233
555
968
2987
3095
955
337
4235
7143
905
44195
58
648
1299
1287
954
1293
914
3363
780
3035
7147
28
6711
4886
3730
68358
31658
8784
7438
1217
951
3504
2076
3000
628
161
3421
2268
2501
2353
3260
4034
16
1066
2186
1357
235
3307
1292
1234
8368
1097
261
109487
581
2791
3671
357
3175
2871
68954
89745
76093
232
3201
7502
2395
1284
81591
3606
54259
1939
900
1090
81845
1035
34405
3152
8970
1103
6502
49530
86882
54286
928
1224
9010
44665
5418
74458
8132
151
3365
4979
34
223
59784
2761
81229
54997
800
70286
2232
440
1244
5971
79702
3684
3683
1950
1673
1271
29
2020
39
162
54503
2231
99114
1262
3111
380
53123
927
1272
1527
69844
7090
1266
2115
6796
5010
73017
5444
930
44199
3429
3471
1729
8645
1209
3198
3868
1251
3911
40629
1096
3952
1192
3037
63082
1264
2336
30707
1361
2890
940
86
2289
1374
3108
3386
1223
7099
348
1960
2248
1641
933
2243
72641
51255
5955
5060
3020
6942
3252
907
3435
971
3044
81847
911
88125
477
2125
529
2202
1248
1302
4128
5765
3696
3437
4630
1303
322
4799
1179
1958
3418
538
6979
3735
1333
27773
2938
106782
1231
1387
2391
134853
2357
4802
2973
1189
1281
3703
1952
1094
80463
68237
3007
1466
946
307
1611
2929
3275
1834
104374
69757
3310
1584
2746
2935
1211
306
5034
72226
3098
1028
1964
918
109374
6380
2194
5630
1946
5301
4046
1994
36529
1719
92259
2968
63131
5903
3104
6385
3168
942
6662
2083
1178
2739
909
3081
3469
280
2406
3702
3089
2863
3368
112183
1280
7451
106696
73290
599
65188
2648
353
3468
85
866
1079
98491
67087
115713
534
1845
2137
3836
2069
1260
60069
2132
8807
535
3510
230
2664
3038
2010
102445
89804
921
6350
281
2144
7116
55276
6807
494
2352
1962
3943
4427
1175
3361
3006
3022
8981
3545
1029
2203
3341
127152
3134
1305
58803
8937
2208
3741
106438
122892
2726
58295
2005
115617
81834
3507
55269
6787
5146
3256
1537
915
86377
96079
52281
3033
41566
41
222
6863
2779
6870
8958
45728
116
2420
112852
134130
93721
81932
107559
97938
5064
64839
88129
32898
175
7075
5679
5349
94959
7371
106441
64716
524
6063
33493
1218
110102
7139
45722
3724
40819
428
3360
48738
1147
106100
96829
4533
6323
2732
3467
2925
3811
1263
5876
1449
1296
720
1078
3167
56152
1663
4085
2273
4422
94466
2721
26524
2644
51935
97
1131
91542
91104
6187
2731
4616
272
51412
902
96728
6732
1283
50068
7373
4223
224
7156
3929
492
3653
3686
5103
37857
2788
2245
2686
37733
6331
2857
4019
4361
4007
431
2068
45
3476
31410
4450
97304
7386
55247
2080
2105
2029
97921
3160
2334
100556
935
65261
98809
7419
7802
3505
901
3357
3916
8580
67255
100
71264
54001
54881
4299
7669
55069
6003
1921
3284
2423
2313
4014
27523
2078
105504
4263
26326
2302
6283
6188
6724
373
973
165
38499
3068
7013
45950
66665
49278
64957
347
1227
213
6001
1680
3072
3350
99764
1931
108979
3083
3203
2496
3983
1238
106489
5341
56339
2150
8969
30810
85414
728
3034
122900
1429
1348
2331
368
93510
48698
121231
146656
1023
3910
2318
3814
454
7263
1104
5385
3414
7836
6959
3181
61024
3475
613
1086
3317
30816
4037
1942
8239
2070
26729
1085
5992
4722
2474
131724
38038
122882
3019
115569
88810
1237
112138
4661
4642
95167
2841
6273
69122
7212
39414
3424
2344
6708
55250
59018
2081
56251
66934
1376
4801
7698
4432
1343
491
54995
64285
1927
108932
233
5878
71033
101
3219
7087
3791
1277
4920
26662
5791
2677
4304
1884
741
3439
1249
5470
6565
59387
3060
3677
49272
27846
3543
4016
1282
3499
8798
3200
31878
3844
2846
63853
128360
80
1177
1944
1564
2607
5782
5017
1095
31435
59684
65037
8950
55451
3451
1734
2109
3071
3873
2908
27700
832
5475
26084
93363
764
2067
26587
90061
4755
5446
4410
72998
8938
2463
6987
96588
68269
56757
70762
82608
84414
6033
59549
140747
26791
140745
140741
140739
8699
7260
6770
6769
103731
6369
6342
130522
5264
5229
127728
4724
4342
107083
3575
26843
140743
140755
141124
140761
140759
142068
142240
54251
140763
147037
140751
140749
98933
27826
76173
42418
4033
33660
71838
2328
1903
26797
86487
8123
5238
8261
53887
8264
4428
74089
55063
58649
26501
2283
96075
163949
114464
104119
101850
150856
112577
6281
1300
2333
1459
51471
31116
3213
5391
7327
2386
2626
1938
96467
2694
80489
85438
65514
93443
156
80906
6021
314
