user_recommendation
318
296
858
527
593
2858
50
260
2959
2571
608
111
1193
1270
1198
47
356
4993
4226
1968
2762
1136
1213
1196
1
1259
1221
79132
32
1617
589
1197
1219
588
912
1208
364
2918
595
7361
1210
1225
904
6016
4973
246
750
969
1265
63082
68954
903
1258
1732
778
293
4878
2329
1089
1704
551
150
5952
457
1291
2396
1148
908
1220
223
913
1252
1394
1036
4995
924
2028
1222
923
235
7153
745
2395
1682
497
1214
1203
2064
36
4886
1206
50872
953
2542
541
58559
110
8961
1060
6711
1288
3578
1610
919
6874
3481
1250
2997
2692
2599
1200
76093
56367
5995
1097
68157
33794
6539
46578
1240
1207
4011
1246
1358
1204
55820
1028
1073
509
2291
968
1387
73290
48516
11
32587
7438
6377
590
39
1673
81847
48780
910
17
90866
1228
6350
3949
2324
30749
44191
1580
2433
5060
1287
1035
2690
2716
3996
74458
1641
99114
5445
2712
88125
6
16
534
25
86882
1278
56782
4306
1961
265
916
116797
4979
308
3147
898
1674
1464
951
81845
81834
1217
2502
1201
899
69481
47610
2804
162
8874
72226
27773
109487
3897
262
480
1254
1625
555
69757
57669
3421
134853
2268
31658
7099
3000
515
112552
92259
64839
4896
1212
380
54503
3671
109374
2248
5989
2791
40815
1103
4963
1261
4027
1233
1199
3471
475
81591
5618
30810
926
1276
34
1185
2746
741
1172
156
8132
2005
1223
1307
474
2300
3735
1095
2917
49530
1266
175
247
5673
97
535
1285
5902
2231
928
1247
1293
2336
29
6380
3081
6385
62
44665
2115
1079
1527
5971
501
1234
89745
1211
1884
79702
36529
1230
337
1260
2144
1611
1131
50068
2352
70286
1959
1186
1289
2076
2081
911
3499
3178
1215
2871
905
1178
230
1077
71264
1194
1947
44555
261
1411
5690
48738
38038
2529
508
8784
194
720
1300
6796
33166
2312
2467
1209
5903
5444
31410
86
2019
2078
3020
48394
922
950
3653
46976
69844
3868
531
1357
115617
54997
66934
661
3033
1227
3435
4085
106920
7147
1923
1238
222
3504
96079
64957
1150
2186
1179
85
65261
1344
7802
1719
91529
2801
2108
3788
1680
1982
7502
538
1256
5816
55247
307
1090
780
3168
3274
2009
6870
1299
1466
98491
2459
3434
33660
5114
3358
735
3543
88129
6188
2240
2795
112183
2580
1224
8949
915
109249
34321
93040
2797
1231
1449
2318
64614
920
49272
2194
8638
2971
1086
477
764
30812
7090
2289
134130
1348
96728
1094
3317
80463
106100
34405
2572
3198
3095
1304
1080
96821
431
69122
5791
44195
1945
2344
4007
4467
2303
2109
326
8950
465
2986
1967
80549
1267
4848
3911
3448
50641
68237
1954
3556
215
3037
3683
2145
4623
5820
5669
2150
902
2208
64285
31116
7212
51471
41
2563
581
4235
3363
27660
59784
2924
2420
115569
6440
3108
2334
1374
4262
93721
2687
40819
441
5414
31903
94466
728
2387
5630
1280
3201
5876
353
2968
4105
2386
2328
1084
61323
3044
1953
115122
97938
97752
2138
94959
1797
1912
8529
37729
72171
6863
1120
322
78499
4029
994
2926
5954
3019
6620
390
52281
8464
7235
1255
3429
3129
909
440
1263
3524
1918
5103
6502
1283
5500
8641
48043
146656
89864
3424
2389
81562
100556
45447
5992
2423
492
2935
81564
7087
27803
97304
1284
349
1845
5377
4616
85342
93320
93855
5244
1994
3039
67087
3359
79357
3811
3034
2664
81932
6732
108583
64716
907
1272
1257
51255
1997
112515
2890
1264
95088
65514
3548
524
3702
3418
1286
2301
1218
4519
115713
954
161
106696
104
2501
8873
2243
54881
565
96829
1450
4796
4930
1563
4076
1819
5427
4518
4591
3892
4352
4321
4865
2267
2985
5014
348
2118
51540
1955
1729
112852
1081
946
1352
1500
118997
104913
2020
945
69
2496
1343
26776
14
1356
1958
229
54995
1734
1772
4489
3686
31
6283
59995
3015
4553
54001
3256
6773
1023
914
60756
4427
233
4369
4965
4351
8981
1303
3262
493
4006
7013
55274
122882
93443
133771
178
1130
314
55269
128360
100714
5991
3973
250
85438
159
4499
8368
3967
85401
3089
3952
88810
112138
67997
1960
48698
3462
86000
3929
127152
2721
1249
99764
107978
79677
148881
54256
127108
128620
139757
96467
139116
160590
74754
3011
471
7027
5617
2010
1917
4584
81
2029
81156
232
18
1029
1135
56757
1175
58803
93510
2728
140174
2863
1061
73017
2106
31435
30707
805
8958
553
1019
3476
2160
58351
1129
3252
47999
24
1361
1085
3213
3420
139385
290
40629
1883
6725
4789
151
1345
628
33171
60069
2359
5679
123
4874
1269
4681
3451
108932
6201
3406
74416
104944
52604
54259
7139
82667
71429
6807
940
30793
190
4128
2677
1952
79008
3598
163
2739
55290
2660
3943
1564
1931
1243
6367
3677
3565
1834
102993
272
3467
6466
6436
3844
2736
3510
1957
2973
3308
3703
3916
1619
108981
216
54328
1248
99813
70565
7451
40583
2405
7137
1321
1653
3606
4014
3414
27317
3970
2788
27790
37830
34162
7371
3535
6650
26
2288
99728
90430
766
428
7482
2071
114060
1962
930
53318
37857
61024
2810
72641
1305
6286
2133
2184
6242
3706
4450
5387
31427
671
108727
102684
88163
1639
2391
3639
98809
1393
41285
65188
3200
106489
106438
2302
2946
3526
8340
89085
162376
95475
72733
95965
95499
51277
5746
26258
102252
27109
87192
27646
5329
26547
4713
2305
1753
101525
67788
1274
52
1096
97957
121231
1927
86548
2025
2140
191
3035
491
2119
7116
4140
32525
6254
3739
6273
25947
25850
4520
7149
1784
4103
965
2011
4641
2938
2793
1916
241
37733
218
2333
54286
357
452
280
7143
1330
1192
93838
110501
96588
106441
107559
5747
6461
3672
6187
2067
429
3216
40412
4754
26974
92494
6214
68073
3100
373
4016
3910
5828
47254
4349
27022
5505
3521
3175
6059
87222
2287
8907
4021
103048
34072
80489
27592
6713
4017
68269
