user_recommendation
318
296
527
260
858
593
1196
356
2858
608
50
110
589
2959
1198
1270
1210
2571
912
47
1221
1197
1193
1089
150
908
4226
7153
457
1704
1247
778
4993
1240
111
2918
750
2028
364
899
904
541
2762
1213
1291
32
5952
293
919
3578
7361
1136
1265
1208
1225
590
1204
926
6016
588
1259
969
1682
923
2396
1036
4963
1258
1203
2329
1
58559
36
913
48516
2997
910
1097
3897
1219
1617
1625
1732
920
79132
4973
1968
2797
1230
1228
3462
2324
2692
903
1961
480
1073
6
2804
44191
1252
1206
349
3996
595
2019
5989
1304
46578
1293
5995
1084
1172
745
2599
922
2300
1207
953
1250
898
3114
5669
1199
6539
1214
1060
1079
337
1212
733
246
1222
2791
4308
4306
4034
2064
1952
5225
3147
68157
2132
17
6874
1148
1096
2716
1028
1267
4027
1307
3176
78499
497
1035
1923
1246
4995
3421
1945
1200
671
1584
55820
2580
2542
32587
4979
3730
1287
1080
1233
1299
4235
56367
3481
4011
555
2186
1288
59315
30707
1610
2502
924
2268
1269
994
1957
1673
8961
1276
3435
3362
2359
1217
474
6711
3386
2289
3468
1960
1254
232
1280
2971
1256
1953
235
475
33166
194
56782
955
3471
1264
1262
950
928
1263
380
1387
50872
1278
1927
2917
3868
8981
1104
1244
1223
5902
116797
2194
109374
175
2076
377
2863
4886
2303
16
30749
106920
7147
1296
5418
3307
2395
1784
11
1358
2243
1361
1094
3949
1674
1959
8970
2871
1948
39183
1224
74458
1356
54286
2739
2248
3504
1220
2010
7132
3006
223
3160
3545
2712
581
3418
551
1248
68954
162
8874
1939
2115
3101
81845
1103
628
76093
4878
1946
1285
954
64839
48780
1719
2144
1251
911
1090
1947
7438
1272
5013
1641
21
6377
968
8949
2501
1234
1466
1537
7767
1500
3671
2761
92259
5956
44665
106782
2648
1305
3916
29
916
81932
5064
1393
1950
3424
2908
1077
909
44195
2726
8228
1884
3361
905
8542
3814
62
3983
946
3310
1019
529
2005
7091
1729
35836
8784
6807
1179
2125
3683
508
27773
86882
2068
3260
1283
44555
33794
49530
63082
85414
4103
28
3152
4037
5992
3104
2291
72226
6796
3469
44199
927
7090
5444
1963
4422
57669
759
1411
4014
1183
3317
3724
3168
2020
86
1834
3429
5679
3072
1127
2357
1754
6783
2203
2929
2728
3499
1147
70286
3359
1231
1049
314
5008
945
1333
8933
1201
648
2644
471
3201
7116
3007
55247
8958
1284
42004
971
1955
3911
72641
4007
51255
1178
26729
3167
6786
921
110102
34162
1023
3088
1357
54503
3363
6662
8368
1693
39414
1192
32898
4085
3033
2890
4658
2920
2973
7256
1734
112183
2936
1374
3067
534
3038
7451
2333
4179
88810
538
53123
2078
33493
1944
3000
441
8636
805
66665
265
97
2925
1242
914
2612
1994
5010
7669
40629
1663
105504
5028
1237
3037
112852
85
5991
3246
930
515
40819
2366
104374
1292
7087
81229
1273
91542
4271
3060
106696
7099
8132
3735
1611
4612
32525
80
3686
1025
88125
3510
5971
300
4432
125
161
6187
2731
7502
6791
3801
2202
26150
52617
26578
872
7574
7564
3552
8650
58303
3022
1029
8239
3252
7419
5791
6787
68838
81847
68358
41566
52973
3684
3871
233
55276
3275
6942
2467
2976
6724
1095
2278
1260
8121
47728
7208
25852
30810
1302
8638
3952
7836
2927
4450
832
2946
7285
5017
8645
866
4019
1189
2231
1527
2160
37741
3083
115713
2105
49272
5341
3019
2732
101
5475
8264
52767
1965
951
5103
1131
353
2745
51540
73017
49280
26422
59418
2434
2403
87232
106916
88129
25
68237
2245
6773
56339
5385
1964
668
3546
48696
6003
2664
1209
4410
5876
31658
4117
4661
6552
5238
104119
101850
96075
53887
55063
4428
74089
26797
86487
8123
26501
8261
58649
163949
150856
112577
114464
63131
431
3089
2529
3196
3507
838
1266
48738
2690
3095
2283
1066
7075
7022
6440
68554
373
5630
115617
2351
2067
7566
81591
2944
6021
3203
535
942
2096
26326
3872
7943
2150
89804
2108
4361
63876
109487
3256
902
134130
3476
116
3200
7013
50068
3741
6918
2686
115569
2398
1175
850
34338
1419
1282
348
1635
357
4809
7143
2572
121231
4720
45728
3253
6378
69844
2066
3100
6732
6979
1300
34405
61323
720
4969
2208
6993
1211
26242
69481
55052
128360
1997
6001
2087
3788
1916
509
6101
8042
2553
4188
39
54259
26472
1086
4424
70293
68848
3524
3198
3505
26524
900
2285
3809
97304
106489
2474
7698
26587
99114
6273
1238
68135
6777
1298
477
2117
3342
4349
5903
96728
4801
3703
3035
96079
3551
6852
6669
3702
106100
363
86320
55069
41
3783
97938
97921
3134
81834
307
3108
2232
59784
938
7136
3679
91658
4489
1810
2085
81564
1845
7320
594
2018
3364
127152
1394
142488
907
492
3966
7802
4047
94959
3869
2137
1120
5772
5135
3475
80463
80489
741
1218
4021
215
2935
1215
1303
345
96488
4263
6271
38499
1376
5367
40583
4191
2321
5618
3594
1281
2355
3039
845
6530
40815
6565
454
3417
1407
1340
7979
299
1958
3989
412
48322
3077
281
933
99145
4903
4776
50658
26712
4537
2575
78039
56805
140267
3251
7235
53318
207
2313
26258
56152
8880
38304
53024
3548
7088
111921
3396
7263
6331
64614
4912
55269
7386
3071
428
105197
1860
2138
4642
7265
67087
46723
144976
1343
112290
64034
2924
68269
4623
4821
36529
1408
30816
483
42418
91077
2318
2916
64957
3467
8528
8665
1680
2287
261
4277
7373
5391
6870
7616
280
33171
1982
2336
1059
89745
7649
59018
89904
222
2081
54997
1078
3763
213
3270
935
272
448
146656
105355
766
2985
3213
5114
2660
8199
6987
134853
319
4846
1354
140174
2430
4105
79242
149
8580
64716
77455
97673
61357
8979
3034
6538
931
4273
122892
45
1962
44709
3365
7371
8492
1475
79702
3105
55253
94931
26323
