user_recommendation
318
296
527
858
608
50
2858
260
593
356
2571
2959
4993
1196
1221
7153
1270
912
1197
1198
5952
4973
589
110
457
1
4226
1136
778
1704
293
1617
1213
58559
1291
2329
47
904
2762
2997
1210
1682
1207
2028
7361
1193
6016
1208
1036
111
899
4963
3578
480
32
1089
2918
1203
1252
79132
48516
364
750
36
1258
919
4306
908
969
150
2324
4011
4027
745
2692
913
1259
1240
1148
4878
246
1250
1732
953
2716
6539
2599
48780
1247
4995
920
2396
2542
1200
926
3897
8961
46578
5989
1222
475
1228
17
1214
3481
68157
595
6874
1220
6711
541
25
1225
1276
515
1961
1968
11
78499
1947
6377
923
1265
1278
1219
1199
1080
4896
5618
3362
2804
5418
474
994
6
1230
2300
8874
235
903
2064
1580
4886
1304
33794
838
5669
3114
56367
3147
1204
2797
2115
898
106782
50872
3996
555
733
30749
32587
1285
4034
109374
40815
2502
1393
1035
1256
8368
1394
1500
588
44191
7438
3504
116797
4308
57669
58
2871
6502
1060
348
337
1077
55820
1641
924
106920
628
2268
1411
194
76093
1097
1234
1233
910
64839
88125
2019
86882
1610
33166
109487
2580
16
265
1939
497
1096
950
1527
1231
1307
2302
2303
5995
922
81229
1267
68358
3363
5816
3152
2076
3730
1254
349
7502
741
3683
1952
1206
122882
1266
1945
74458
1215
2917
49272
112852
1466
1674
1293
1179
2289
115713
63082
56782
1729
1073
1212
3735
1625
3196
1333
3317
81845
34
70286
5991
134130
54286
1288
4235
927
1246
471
2791
1217
2916
954
306
5060
161
955
69844
81932
529
916
6787
81834
1357
3724
49530
800
3911
377
34405
1376
1095
1172
1948
1263
5630
3468
1953
2357
134853
104374
3462
99114
54259
2336
2929
914
3088
29
3198
1094
96079
4239
5444
1244
44555
79702
6796
1287
1201
357
39292
2132
1028
232
44195
3201
223
928
59315
921
68237
81591
3543
115569
2467
307
1303
1189
31658
581
300
2078
1719
1343
1084
4014
2971
1079
68954
308
1361
2321
30707
3793
590
1964
69757
44199
1284
1272
2648
2353
1997
4427
3101
1292
2391
1192
2243
1218
2291
671
1950
5064
112552
2202
2194
2908
3260
1956
720
7090
7419
7099
3471
2186
2924
1960
6773
2231
3104
2644
534
2248
971
1299
261
91500
951
1954
4406
4369
21
2501
175
3507
3038
89745
108583
72641
47610
2395
3868
3000
3671
44665
272
3359
3034
104913
72226
4016
104841
2664
1957
146656
6378
2318
7139
6662
3167
1103
5956
7147
48394
2890
60069
112183
128360
26084
2359
3536
7698
85342
46976
81564
1235
1224
1358
4263
54997
3213
28
3007
69481
1356
1262
2761
3035
105504
7802
428
866
3684
6350
1090
122886
106100
2138
728
1264
92259
3386
599
3357
53123
3952
115122
5971
106696
8970
86
4037
2788
2020
8580
2690
1464
1784
58803
3019
5010
1248
319
96821
94959
4361
1374
39
51255
5812
3361
2474
1946
80463
37741
3246
3424
1257
3275
93510
40629
1994
5238
55247
115617
1296
3095
353
900
3256
2109
5341
142488
3989
41566
36529
54503
2125
7137
5876
2987
27773
1223
1274
918
2726
151
79428
91529
93838
1147
4979
1958
3499
97304
2763
6001
6380
4349
535
1693
2160
52
2108
2144
1271
280
968
1449
477
3677
8132
6870
1238
102445
88129
2232
82459
4007
38038
3546
3916
2490
2746
1635
3435
8228
81847
97938
380
7669
1962
4465
2925
1209
73017
37733
4903
940
48774
1834
233
3360
5244
93855
93320
50641
52281
5445
79357
5225
2245
935
6777
3469
3270
59784
7451
224
441
3111
85
5470
945
1380
91658
3510
3606
1177
6461
4920
7836
89804
69122
3341
6299
3108
3074
551
5103
1537
3741
3408
2732
55069
6724
95088
7116
4661
1283
2203
1211
4103
6807
26662
2070
84152
440
2018
322
2952
215
2459
4809
4801
98491
6440
2463
8958
893
7075
3252
110102
2935
2973
4033
1175
3068
3844
1280
67255
4616
4450
1281
7263
56152
85414
106916
1967
3006
54001
3967
26524
80489
1251
6452
5385
5690
125
87232
3060
111921
65514
68269
3983
7215
905
3467
4326
6331
7285
66934
1269
2612
6708
5446
6754
91542
127152
8784
2071
5349
3686
97921
213
3310
87306
3089
72998
88810
8638
32898
8711
6077
7143
4410
4432
2005
51412
5878
4848
281
648
99813
2067
2065
1810
76293
3814
4537
3703
99145
5475
50068
1694
1366
55276
54881
45950
93721
4422
7091
8972
4642
2273
55721
96728
6125
30816
2285
101
148626
1348
69
5791
7087
2208
4428
5017
86487
26797
26501
58649
74089
55063
96075
8264
8261
8123
53887
101850
163949
104119
150856
112577
114464
63876
56145
65188
6021
7132
2654
230
2080
87192
3414
2283
2731
6419
48738
553
222
930
1178
1260
448
1552
32289
41573
79824
48791
80839
102123
2651
3062
949
1277
38499
68838
100714
59995
2728
4519
7833
51540
2948
2944
1305
64620
97752
7096
51935
53318
5398
6659
95558
65261
3077
3033
2687
73023
3102
31435
2961
3418
4223
73344
67087
4357
3872
1104
1340
3501
6385
902
1029
2352
1066
32234
98809
31410
8981
6863
8191
77658
7373
3505
6987
98961
27831
2912
64716
6281
508
2750
907
2938
27660
40819
6552
2857
52604
1050
104944
74416
5293
3745
1959
6979
735
6639
6852
60756
100383
37729
116
5828
4217
5772
6254
1162
108932
37731
79008
5329
7235
1753
3429
105844
4017
53519
52767
3342
72733
58295
41997
538
99764
110501
3018
48698
80549
165
5801
90061
4755
47518
3801
4720
5014
38304
53024
6271
3307
4218
4787
107406
56251
1131
48696
4292
2920
71135
1194
55052
64614
3783
3594
71429
49957
2739
2331
3612
60293
805
98124
3451
64957
1885
45728
27846
6783
79242
3475
911
3966
4021
1673
3970
2852
37857
2066
88140
27803
4304
7844
27317
1747
86377
33493
4351
95499
2305
27646
5746
102252
95475
26547
89085
27109
51277
162376
8340
95965
85401
82667
1086
