user_recommendation
318
296
527
858
260
50
593
1196
608
1210
2571
4993
1198
2858
4226
1197
5952
7153
356
2959
589
1136
47
1221
1270
1193
1704
912
110
1208
2918
1291
1617
1035
293
457
1213
541
32
904
3578
1259
36
2329
111
910
1225
1968
2762
2997
46578
1240
2542
1247
750
903
595
4306
899
778
364
3897
4973
48780
1732
1089
4011
6539
1222
908
1
150
58559
1250
1219
79132
25
1206
2599
6016
1230
5618
1287
1252
919
3147
1214
1079
1961
223
2502
926
1203
1200
2028
1288
1246
1233
2395
913
48516
44191
6
2716
1307
920
1682
1610
7361
1199
2019
2692
1097
1500
8874
1276
2396
2115
1527
745
1204
246
27773
17
1258
337
1228
1148
923
3462
1207
5989
4308
588
4878
3481
1172
1212
5995
1060
2353
2804
4995
4963
1267
922
2064
6711
68157
1036
2300
1266
1262
898
2005
515
2324
5971
265
3095
33493
1073
551
741
2700
969
5418
1281
953
1220
2359
2291
1394
497
1285
994
1674
1641
2797
1272
32587
1265
349
2231
56782
2194
5816
1235
480
1411
1215
2917
1952
471
57669
5669
86882
955
161
1673
6350
474
8961
109487
733
2144
1224
1393
1185
1256
905
56367
55820
3039
16
951
1234
62
1625
81845
63082
29
914
720
1077
555
3196
348
1584
4027
3468
3362
1278
1096
2712
11
6377
1293
272
7022
48394
475
2076
1653
928
4034
3996
1028
2081
1304
3949
1217
2973
54286
106782
1784
5060
1260
8368
5630
2268
2871
70286
33794
3000
3201
74458
49530
78499
92259
175
3317
3435
1357
7502
308
4896
2580
281
950
2529
33166
529
30749
1945
1080
1090
3735
2334
6863
8371
916
628
508
1729
3499
1254
3363
1960
1299
2318
1959
2386
194
1466
28
26662
2916
2467
1580
1957
509
3307
1263
2289
64839
8665
380
2352
89745
76093
4007
3037
3429
1257
1953
44199
8638
5782
6440
1464
590
3683
6979
88125
2011
535
1223
307
8622
7254
2328
2857
68073
671
1284
6874
31658
1962
7438
3788
8784
5218
3006
3868
1719
99114
933
3916
40815
2501
4262
2243
3469
2987
1103
2788
1094
3814
59315
53996
5010
6796
2288
58
232
3035
7802
215
1947
44195
306
46976
2387
3081
30810
2248
2968
2791
3089
2132
924
2232
6269
7147
428
3504
909
353
2312
3730
8798
37386
1023
1084
4103
1175
911
80463
54503
81591
116797
3703
4235
64957
534
55269
7451
1243
3213
5225
1231
2338
2020
73344
2140
44665
3355
4489
1356
1292
1095
52973
106920
1931
309
2664
6870
3252
5064
946
1289
7139
60069
69844
4886
5903
942
1249
2303
2924
4085
96079
36529
50068
280
51255
7099
5956
5617
3408
2315
357
37729
3654
1280
3910
6104
4239
2335
235
3108
1238
2490
1104
1948
3983
8981
900
213
68237
86
5812
44555
1183
1131
3421
1964
3034
104913
230
915
1449
3134
4720
3022
1912
2801
5014
26258
6807
1271
2459
3615
1300
1227
6281
3072
8493
3198
735
945
3359
55442
73017
8641
4333
2273
2165
5103
261
81834
71135
1201
233
2908
1958
3948
2160
6993
2009
728
5291
1590
7143
3467
266
1275
1939
2971
81564
2728
1081
134130
7285
6620
300
8132
805
81229
3527
8589
2106
7235
1178
50872
6188
86377
968
80
87232
112183
97921
2394
21
1611
943
3476
58803
1283
2202
2929
3671
4105
6003
1186
4776
1237
79702
56339
1343
69481
6323
2118
65261
1748
229
3396
81847
162
106100
2938
6565
2648
1085
940
1150
1597
6286
3952
112852
8530
50641
6669
373
30816
76251
1179
553
599
31410
1261
115122
4459
5244
93320
93855
2087
2125
85342
8910
27831
1754
55069
759
108583
3791
79357
2944
1345
2626
971
80549
58998
91542
927
5500
1274
66934
930
1361
4519
6947
954
8908
61240
1963
4427
1594
4450
2718
1927
7844
77658
1147
5152
3070
2357
1376
1305
2644
6502
4117
921
6378
2366
4128
48738
2947
4002
5690
4642
4014
81932
4406
53318
4857
1061
454
4361
7256
3088
1845
2951
96821
52767
333
115617
68135
49957
104
88140
104841
1120
2660
2690
7013
3365
71899
147
3152
53956
68954
3083
3186
1025
1218
441
3543
4814
5505
5464
26326
936
893
30825
3275
965
4623
88129
1934
115569
6783
55290
2761
7137
4616
538
1066
3471
7116
79428
116
1921
4304
64716
6552
1264
56251
4903
3007
60293
38499
2952
3153
2463
85414
6331
54372
1277
52604
8933
6187
222
314
2935
1951
52885
3739
65216
2912
7419
991
7827
2070
45728
3681
8950
7649
4658
1994
85401
26524
26152
30
85
2138
108932
2208
4033
7090
2780
4277
3943
1564
6791
2333
2278
45950
91658
3361
40412
7386
347
8633
3020
5460
63131
1598
26776
56145
5991
31435
5876
6380
2046
549
1374
1251
109374
121231
4696
7767
95088
4553
55908
6273
7156
4166
452
8199
4565
2880
2041
876
4717
4566
4567
4442
98491
5114
1661
1396
1954
2117
69122
3966
2750
5074
5329
61024
1333
1587
42004
108981
96728
3341
115713
5146
26422
49280
59418
96829
524
3510
3920
1476
1950
339
3308
2572
67255
82667
5446
2739
2065
1824
224
8580
97
3060
128360
1956
60756
6591
8228
1086
2026
3424
8938
32525
108727
3135
1834
61323
102684
3629
1211
947
77846
101525
26
3111
79091
139385
289
3871
114060
3179
3114
6436
838
4980
440
3448
3771
104374
2112
5028
262
2496
8958
2389
8366
2336
94959
4190
3062
3627
65514
27317
3970
59995
54997
3415
26150
26578
52617
872
7574
4271
8239
7564
3178
27660
6461
53123
477
3548
1226
83613
4467
5540
97304
52975
7164
973
4338
55280
4356
111362
98809
1269
80489
4179
8012
3104
2651
2654
2890
27803
46322
3972
56171
48082
2010
412
3414
7482
2650
2652
2649
2647
2636
6612
5679
41285
2635
2634
2141
101
6184
7566
66097
51935
1013
6618
1244
34
2108
1967
104944
74416
54995
3219
50658
26712
87192
72733
1022
