user_recommendation
318
296
527
593
2858
50
858
2571
2959
608
4993
260
356
1197
110
4226
1196
589
7153
1198
1270
3578
1221
912
4973
1704
1136
5952
1213
111
58559
1193
2028
47
778
1
457
32
6539
293
899
1617
904
2762
541
1089
4306
1210
2324
2329
908
2692
79132
1291
919
2997
1240
7361
2396
1214
1682
1247
150
6016
4963
1203
3147
2599
923
1073
48780
969
745
4995
4027
924
8874
750
2804
46578
1732
1252
913
4878
48516
6
1219
480
1084
1208
903
32587
1207
497
3481
2918
926
364
4011
1148
1230
36
246
2797
1278
5995
2395
1225
555
898
1228
68157
55820
1200
1258
595
17
1206
3897
2542
3996
2064
1259
1222
1233
1204
1212
2019
6874
590
7502
1220
5989
2291
2502
8961
1947
1299
223
56782
1968
1250
1036
56367
16
6377
1265
70286
1276
44555
2115
1961
194
2716
57669
475
5669
161
1254
33794
3362
44191
2303
2268
2186
27773
51255
920
2289
2917
1288
2132
349
25
2580
953
1267
2712
5618
1945
1285
3114
1060
106920
515
3793
28
1304
1199
34405
1035
6502
1610
3735
1215
1293
922
4308
7147
348
1264
3730
733
5060
955
2005
1172
5418
50872
1953
377
1580
1217
3471
508
2300
3462
6711
175
261
62
474
68954
1269
81591
4896
3949
2908
1192
994
29
1090
40815
265
900
6787
950
11
3363
63082
3201
79702
1952
235
78499
1256
54286
3317
1028
1246
910
1096
41566
3504
1077
3683
581
3418
2739
1231
30707
109487
1307
81845
319
106782
2871
1674
306
1097
3702
2278
968
3421
272
471
5444
2501
232
3911
1500
337
1625
2971
866
2690
2391
99114
33166
3095
3019
2321
4886
3671
1394
86882
954
916
64839
3952
5010
73017
1954
3256
3034
2125
112552
40629
3435
671
2144
905
96079
6796
2467
1103
307
8368
1234
1393
1948
1584
4235
1673
59315
134130
1263
58
911
441
1292
5991
1235
40819
3510
7143
66934
1361
1262
8132
92259
741
49530
1272
115713
76093
1356
1284
3198
31658
588
6979
88129
4034
116797
94959
4641
2929
68358
1080
49272
3088
308
68237
3152
6863
134853
933
30816
1209
54997
2863
3545
1653
1729
720
60069
1257
800
69844
5816
1939
7090
3499
33493
1086
59784
44665
1343
281
3967
2359
1719
1358
1734
3081
67087
8807
1079
1411
2243
36529
3469
838
4014
1466
1211
2357
3512
1095
509
2232
535
1964
1094
2020
928
2109
1224
1957
1333
927
54503
2890
3868
1960
72226
74458
81847
64957
3246
6218
91529
8970
280
85
5782
30749
3035
112183
3307
2961
3724
951
94466
3000
529
112852
6732
3468
69757
4007
1834
1287
3200
2791
81932
1283
96728
2231
6662
2202
1354
5630
2352
48774
1784
1023
628
54259
945
53123
7263
3543
162
1754
5903
1946
106696
1189
556
44195
663
3089
8580
357
97304
921
72641
1179
48394
4128
1527
380
88125
55269
82459
4427
1078
31410
1688
8665
3612
1046
127152
26084
7139
971
1357
190
3270
1464
2318
1191
363
3424
1303
906
3359
1218
2788
233
1962
50068
80463
86
3594
1266
551
7099
7075
440
4223
6942
1950
3033
1449
5971
3360
163
3429
21
1959
121231
3791
2076
5064
108932
3788
1956
46976
96829
2459
7451
54001
99764
3983
54995
735
3653
8958
1305
907
2248
3068
109374
2474
247
71264
2924
1913
373
1244
40412
3916
3072
1238
1982
112515
2331
54881
7087
104913
314
3020
97957
206
7156
9010
5812
3038
428
1066
3451
3167
3408
8228
431
178
89804
2841
3341
2732
6104
2070
5956
140174
3196
3134
89745
2434
91542
37729
3361
3742
64614
2302
100556
45728
4754
92494
3216
26974
39292
5103
1967
7064
8645
7698
52281
3357
4239
35836
146656
5955
3067
4033
7802
2746
2648
6380
2938
58803
6214
914
4105
1927
3328
4085
7669
97
69122
4277
128360
5505
48698
3037
538
102445
909
106489
2151
47610
6350
1020
3006
3111
1175
2846
3989
45
3355
1041
2761
69481
66665
3467
2096
26152
6385
68269
1177
61323
2857
2935
262
230
6773
3350
2406
940
3252
69
76251
4450
93443
72171
1147
4903
2108
5238
2973
6063
1958
98491
213
5218
222
5380
55276
1104
935
477
7265
5876
915
112138
931
105504
946
2420
553
901
3022
88810
2208
4351
1281
61240
3213
322
1271
1994
115569
56757
3007
250
81156
4846
7132
96467
5341
1537
1916
3386
71535
41
412
131724
133771
139385
86000
6791
6283
85438
127108
79677
148881
160590
107978
139757
139116
74754
128620
7380
33171
58295
68848
45722
3070
70293
7137
8950
77658
79824
41573
48791
32289
80839
3706
2071
38038
1111
3606
2203
4696
55069
80906
5747
4967
452
3910
1380
4979
4017
34332
36527
6807
4361
8633
1201
2245
55267
37733
2138
2664
2575
3275
1296
5300
2336
3060
48738
1941
4465
4263
74727
973
3684
93721
142488
599
1249
7844
3696
99813
1223
2490
1611
34153
2644
2041
1237
943
68073
8464
2780
55280
930
8798
106100
27329
7419
2726
6777
4037
4262
1635
63131
110102
54256
95167
6936
7438
64716
3156
65261
3505
1050
3598
876
4717
4567
4565
2880
4442
3181
4920
2694
59387
4809
3074
3844
4103
3437
5765
2168
5299
59018
3871
8208
6724
938
949
7256
56251
8712
6183
4326
224
4086
7215
80748
4681
60397
5168
3310
1298
2066
81229
7320
27523
7836
6331
1162
3811
1013
4499
2313
98809
8981
7212
7116
62956
84152
5772
3789
5446
4220
3178
31026
6493
4169
42732
6536
6355
56587
6870
8873
31878
3814
101525
63876
8191
93510
80489
4801
4848
917
52435
68838
1061
2925
81834
1088
7164
152077
2288
4945
4466
6378
5878
2563
1955
47518
100383
171
79091
1944
32898
7757
216
7096
4630
8937
82169
1344
805
6708
86377
91658
6565
4191
2160
6852
6669
3219
6254
6552
3627
4166
1680
48501
51935
26524
108583
2677
1227
125
3475
2413
3263
3071
37741
81564
2078
27831
38499
5377
2194
