user_recommendation
296
318
593
50
260
1198
858
4993
356
527
1196
608
2858
1
2571
1089
1197
1225
110
1259
1704
2396
1136
4226
223
2959
912
111
2918
5952
150
1732
364
1221
1213
2997
4306
2692
1035
590
541
1097
589
750
497
1210
7153
919
47
6539
1291
1079
595
2762
4027
1193
778
1617
904
6016
1247
1278
1208
1968
1228
923
908
3793
2542
4886
4973
2064
1172
1246
3578
79132
1090
3481
1230
357
161
8961
56367
1219
903
1252
1207
1270
1223
1028
3996
480
36
588
1215
555
4011
515
1500
2395
913
551
509
46578
2028
1682
3147
235
457
1073
1217
1206
4034
3114
745
5995
4963
29
1307
1954
2291
353
246
2268
1214
1299
1961
1222
1354
924
1148
5349
2324
2700
474
2329
1610
1263
7361
1240
2066
44191
2355
1276
25
58559
2716
2797
8636
2968
1394
3421
16
3949
293
1265
3671
1580
232
2804
307
40819
4878
1275
1201
8368
475
1304
1234
5060
1150
162
2289
3448
319
2502
5010
1639
48780
198
1203
2318
2599
1199
4235
40815
230
6863
1284
233
2352
262
1077
48516
1185
508
4896
1300
1673
1212
33493
46976
1060
5816
308
922
1262
1272
2973
6874
1233
8360
733
3897
5989
97
1200
109374
337
1393
8874
194
2406
106782
17
6807
62
1250
141
6954
969
32
909
8754
1641
1131
8751
994
6269
1953
32587
2132
741
272
1258
5444
1527
5782
1220
1464
106920
910
8665
55820
1080
6942
3362
899
6440
926
915
6377
3868
56782
57669
2985
1674
1036
134853
1243
7438
534
1653
281
3104
524
4007
3307
916
535
914
3033
4903
905
446
2115
1245
3983
300
1701
720
4873
953
3007
8807
253
178
7502
222
6552
575
151
41
50872
1211
51255
27773
951
1411
8638
1449
3471
1267
2020
2863
4016
898
306
5377
3435
3052
2359
1729
6350
5812
3081
3089
2572
538
4995
5669
6787
79702
4002
3476
3468
553
1095
1204
290
1186
3462
2005
3100
1343
2208
5956
968
30812
1994
1147
4085
2019
49272
6
68954
44195
64839
3095
3020
671
529
112552
452
596
61323
1960
2801
54503
54001
2739
2683
68157
115617
38061
63082
2871
81845
3000
82459
805
4623
1476
3911
1293
1061
4262
2467
2194
6565
4734
2541
96079
616
2248
1261
1963
1264
1959
2232
2917
106100
97938
2718
348
1287
1103
6333
97304
368
215
3408
4128
5225
1289
2795
4459
832
69844
3424
1619
7156
3499
2240
928
8981
3735
1927
911
7256
373
1269
261
7323
224
8228
1333
661
3178
594
728
1033
471
1019
68073
33660
122900
8376
3526
543
2501
5418
2231
3783
268
54286
81932
3071
85
2761
3967
1298
5013
1244
1256
163
2078
56152
339
156
3683
4321
2118
3129
314
4888
32525
4571
31878
1625
902
2971
5954
247
241
3418
69481
2940
431
6796
44665
7013
2423
1260
265
1957
49530
159
1031
53
632
102123
39
6650
93510
1078
94466
2791
25947
3739
6254
25850
6273
7116
5114
2366
101
299
80463
64957
2454
38038
68237
950
1257
7147
1345
4846
2492
6612
628
30749
71264
63876
6339
2300
3039
62344
1945
70293
52668
51705
2962
34162
2041
2481
4361
1302
6385
1466
1292
116797
8970
73017
1907
131724
1834
2144
41285
2712
3788
112421
531
2090
78499
2474
1356
8641
115713
945
8917
1396
1096
2687
71156
1962
3101
1952
930
1281
5460
501
3175
3037
1178
1305
1227
955
1209
5903
84152
4696
109249
93040
494
3153
3317
30810
2009
28
764
3168
1254
27803
52
4103
134130
27721
54997
2125
6979
8798
4223
2872
1226
850
5618
34321
971
64614
3398
1387
99813
3196
800
8371
1374
2984
3791
3032
3363
1365
349
89745
213
5690
104913
735
8464
112138
7285
2924
1754
1584
111529
1321
2991
2528
8493
89492
2
4010
3629
3771
76251
7132
1885
2788
96728
1231
3809
4133
26152
8633
146656
3070
6993
88125
3044
6188
8645
1883
257
2065
2780
4166
4567
4565
4717
4442
876
2880
302
14
122882
7844
127152
4322
67087
48304
4499
3916
45722
5152
3256
1271
3213
1023
1845
2736
3548
7263
56715
2463
3275
2006
2490
94
71535
3030
53956
837
2677
2140
2524
59725
1643
907
3627
7451
5464
44199
41566
3676
1057
3618
1719
81156
1964
80489
6331
1921
6953
4239
33166
65261
63131
893
3654
91094
2580
34405
999
599
1635
3355
1680
322
8958
81229
492
4467
2987
1955
8542
1280
3814
86882
1081
60756
2774
3865
6003
3148
2594
2288
8937
54881
3508
1066
89470
5915
30707
3060
30850
98491
1286
36708
3681
1194
3543
56251
82
7090
2394
3504
7757
1693
2333
69757
2076
2908
2046
5522
66934
88129
176
1094
72226
2271
1649
109487
3639
483
2553
229
99114
2301
1283
280
2836
4566
3494
96829
3088
4424
7143
2243
34
5876
2752
53129
933
132333
5490
6375
663
106696
8899
1904
3112
4799
3467
6104
7162
3510
22
81834
4970
112515
2912
108932
845
3272
139385
4327
954
3034
91542
5103
3365
3260
3083
429
26587
68
4681
59784
64969
85774
2447
96588
55031
59810
75440
87660
4980
26084
3861
7802
921
105504
98124
388
135861
1013
56145
4396
7360
7247
3201
90405
1012
3854
27020
1797
943
1022
3927
5630
7160
6337
3740
40629
901
45720
4273
3812
4019
96821
2013
27831
1344
5992
1130
2495
44761
3360
2099
2178
72171
1947
766
3125
1253
85438
139116
127108
93443
79677
133771
74754
128620
139757
96467
86000
54256
107978
160590
48698
99764
6732
100556
148881
3252
2929
2905
1694
428
69
3606
2160
3265
946
2529
3006
118997
1670
465
6947
45728
27022
101525
521
7481
37729
30816
6296
6380
5147
3653
162542
73290
648
1683
3179
1788
6306
2620
5258
1910
3880
1413
214
6279
889
2425
5868
5072
4733
3302
5820
5081
3142
4782
93721
5670
3135
106438
51540
6187
3556
3507
7022
6663
33834
3688
105197
4928
55274
