user_recommendation
318
296
858
527
260
593
50
608
2571
356
1196
2858
1198
1221
912
589
2959
1270
1197
1210
4226
47
457
750
2028
2762
293
1
110
4993
1136
150
1704
1213
111
1193
904
58559
2997
1208
908
1291
4973
1203
2918
7153
2692
923
1732
1617
1240
899
5952
1089
1265
48516
32
969
1247
1225
778
1036
2064
541
1304
919
480
1387
1200
1968
2396
1252
1214
1230
913
4027
2324
924
7361
953
1259
1207
3996
1219
1222
903
2804
3897
1288
6016
364
588
1079
1172
2502
3578
2797
1228
1500
2716
1234
1307
6
1961
2019
1097
745
1148
898
1206
1682
4886
1278
497
3147
5989
920
590
926
2599
1276
6539
17
1244
1250
1945
246
1073
1394
905
2542
1263
1293
4878
515
1212
1060
4963
3730
2712
4034
1947
922
1953
6874
33794
349
994
2329
55820
5418
59315
1199
1217
1267
4011
1952
2580
3462
555
1258
7502
910
48780
44191
2289
3481
3307
36
2186
1299
954
5995
1625
1035
1254
595
1204
3435
4306
1094
3362
68157
79132
162
46578
3104
1077
194
2132
3468
3088
32587
3504
2395
1580
265
1080
2300
337
1361
1269
3476
474
49272
2318
1233
471
2987
6711
50872
1201
8961
78499
1527
2761
357
232
1256
671
2291
3363
475
2917
1356
3471
1223
4235
1090
6502
1957
529
2115
2890
3007
1939
2871
112852
2791
6787
1948
2243
1029
2501
307
3683
3421
968
109374
950
2231
4995
720
3671
300
3868
56367
581
2194
29
2863
2020
2359
41
106920
1104
1296
76093
1224
1103
39292
1284
115713
3983
106782
380
2971
1028
1376
3114
800
3006
11
3703
2739
596
235
3175
3035
1466
3152
54286
5669
1357
902
306
4903
538
3386
33166
914
21
1994
25
1147
909
1674
3949
3448
928
534
49530
1610
1960
57669
2947
39
368
508
3361
51540
272
44199
3317
4979
1449
1246
115569
1584
8636
2248
56782
40815
81845
1287
377
1264
4873
1282
942
16
1272
535
2144
1333
58
3359
2167
27773
5010
88125
951
81932
3022
142488
3167
69481
2529
109487
1095
40819
911
30749
1963
89492
2268
52
1673
8784
3095
2076
1192
930
1248
1127
3037
7147
1179
1305
1834
6807
1280
110102
68237
2108
69
1411
3038
60069
6377
1215
2973
2208
81834
1175
1096
3735
1189
3260
916
3083
3200
96079
148626
1084
3101
2288
1066
5445
1292
4016
68358
915
8874
945
2203
1260
2232
3524
1302
3499
946
3310
1209
5903
3469
69844
233
2366
1303
308
80463
4085
70286
3196
7143
7116
60684
594
1407
3020
89745
299
2935
6565
1946
1955
1178
2686
104913
5618
1927
2125
2303
2612
215
3060
2925
628
59784
2474
1186
146656
728
8798
1086
1237
1300
3724
176
921
2313
2795
105504
2648
92259
2908
2352
1729
82459
1950
1251
82
3505
3741
1934
2357
6870
54503
33493
121231
88744
2321
1032
6796
3198
1283
38061
1982
1019
3791
373
3100
3256
2467
661
7669
149
8665
44195
832
91658
4661
3548
2912
3510
3507
3952
37729
104841
955
115617
4037
1131
2788
26729
3168
8264
74458
8958
907
2726
927
5064
7013
938
501
780
319
2398
8368
3072
973
2245
1923
3039
5225
733
88129
55276
7132
81229
5816
39183
6662
3545
4361
5902
5876
8132
34
3543
3089
1023
2087
54372
3246
6708
5013
3068
1641
3546
1408
6979
64034
116
98961
1719
6333
6273
122900
1393
1784
88810
1944
97938
35836
353
85414
2130
2278
2690
549
54881
1238
3341
866
93510
1243
106696
741
3814
428
514
2846
3210
5238
1211
5893
1281
32898
551
48394
6001
72641
5060
2137
2929
1464
6323
1827
281
5956
84152
1663
2202
106100
521
2302
1938
3203
112552
3134
1249
4422
111781
1805
1484
5477
26587
4427
123
2160
3252
933
2745
111622
1231
1374
1218
3016
6552
5341
3915
3527
64620
4262
3654
6942
3989
1271
178
2099
940
26131
4033
2081
4410
80489
103228
64839
6669
2694
102445
34405
1354
161
4086
122886
1257
6269
6777
943
3364
107406
30707
44555
52435
2391
97304
805
2644
7419
134853
5782
3429
6440
5114
1885
3213
1810
3201
134130
4128
7265
3702
1078
2301
7836
2102
51255
1845
4809
8981
3629
54001
41566
3077
5291
72226
2949
1266
3475
79702
412
73017
4432
112183
3000
175
4263
6271
7087
8638
7156
1916
837
5475
55063
2976
971
2774
2434
68073
1688
55052
96075
8261
86487
74089
58649
4428
53887
6021
26797
26501
8123
101850
163949
104119
150856
112577
114464
89804
2070
635
5017
3470
2355
61323
3872
5385
1025
3966
4302
1859
4731
5071
3320
7698
7256
4014
224
3194
1253
6331
1701
2731
27831
4969
5992
78574
54259
261
322
1298
1884
2150
37741
112623
105844
2664
3521
1956
96821
1245
3355
2732
1321
60756
87232
803
49651
7139
116797
7091
6380
1942
90531
3181
3811
4537
3108
94466
2138
1860
4623
68954
2671
5630
5812
2283
3365
81591
122892
4720
222
1082
3414
86781
156
7075
7090
116897
6650
3736
2728
262
8228
2841
2078
3653
40629
99114
86882
81564
2905
5008
38499
55250
51080
3033
5444
4029
1912
1611
8970
1964
154
509
5772
5349
1081
3783
2312
6724
230
101
85342
446
6350
3358
348
85774
3916
3684
4056
91104
290
68838
8542
4062
1235
140174
90428
64614
2080
47640
4465
2131
97923
1643
1635
127152
3263
2696
6612
1255
4349
3604
6378
2553
4848
1345
448
69757
2594
91653
1419
61132
937
4066
1904
8042
117529
112290
7215
6975
73290
111362
3739
86320
4322
3062
2018
2819
4017
5971
26242
128360
3871
65514
3219
68269
97921
838
4424
3451
56152
93838
7943
2670
1616
6863
1949
30
1959
112556
3728
51935
900
1161
2687
1907
2750
3081
440
106471
314
91077
6538
87222
2460
7566
52767
40412
1012
4679
106766
1088
7649
6987
6918
1183
2005
3342
2938
55721
8125
1101
1180
2459
2066
56251
431
2857
1348
2490
3328
6286
