user_recommendation
318
296
260
593
50
858
2571
608
527
1196
356
2858
589
2959
457
1198
4993
1270
1210
1221
4226
1197
5952
912
110
293
1704
3578
7153
1
2762
47
32
150
1291
2997
1136
1203
79132
364
1213
904
541
969
1208
2918
908
1258
913
1193
778
4973
1036
58559
1304
480
2692
1230
7361
1222
1617
750
1252
899
1968
48516
1225
923
1732
1240
111
2324
2502
4963
2791
1247
36
2329
4011
1244
1207
1356
733
1200
2064
595
48780
6016
17
648
920
953
3481
25
246
2542
1089
2396
6539
2599
2804
68157
1276
1259
3897
1206
1219
588
2115
3996
5418
1212
926
1682
1625
1387
1961
4027
54286
1265
994
1234
903
5445
2712
1073
1228
46578
1527
1079
300
235
2289
1278
1090
551
11
4886
1267
3949
2194
5989
1080
1250
1060
905
1307
1293
33166
515
4034
2716
745
5618
1269
555
380
1148
1204
910
3114
838
16
1214
4995
919
924
32587
2019
33493
1357
1945
3147
1282
2871
922
474
2300
1288
3104
4308
81229
1394
6502
2580
50872
1231
1254
1953
4878
162
3462
590
106920
6
56367
3363
1994
3468
3362
1411
898
1199
2797
1220
59315
2132
349
86882
1246
1035
497
76093
78499
161
3000
3152
1285
3101
81845
60069
3088
1201
1299
49272
3476
1641
1333
8874
57669
1952
1147
1784
1266
3868
3730
1393
109374
337
1256
3510
223
1077
1610
70286
3671
5669
1957
2318
116797
2028
1271
954
2291
357
475
31658
1997
8665
44191
529
232
1263
194
265
5995
1939
3983
3317
800
5630
3006
88125
3683
4235
951
3007
49530
2947
628
2076
471
928
1500
3507
1094
4361
902
106782
1885
69481
661
55820
1680
3361
1218
92259
1302
115569
3359
1466
10
29
109487
215
99114
534
30749
37729
2890
2202
8368
6711
741
2395
3471
942
1950
68237
33794
74458
3435
1217
1029
3504
2020
4128
38499
7090
112556
3424
2243
7147
2648
1084
21
50068
1947
3175
5816
2248
1189
7419
1361
1956
3536
7116
306
866
1103
3081
7669
54997
6787
1674
96079
81932
1948
1183
1729
2167
1449
62
1096
2690
1028
36529
6807
3307
3083
2917
151
115713
1719
2231
3210
2739
68954
63082
2359
7099
81834
2232
2288
4903
4306
1264
105504
7502
1960
233
5902
1280
4085
2788
348
5971
134130
2357
2208
2186
3735
1248
1041
1287
88810
2474
1284
3684
1019
2268
3448
1059
971
900
2916
1179
911
44199
7566
52767
7143
5060
353
1537
538
3095
3260
2303
2144
2949
69844
1946
2005
1464
940
56782
1172
1223
950
4007
3499
176
7013
2925
222
1964
4873
7139
4014
581
6662
89745
3077
3724
6870
28
3198
116
508
82
2366
281
125
58803
1954
73017
39183
2138
51540
64839
3524
2160
6273
54259
671
2971
1097
3635
2125
122882
1104
500
3019
3703
3108
720
2664
3386
535
938
549
3527
96821
40815
2334
5903
3167
3355
373
80489
80463
968
921
72998
79702
6874
2761
3089
8264
26712
50658
1303
945
3728
3213
91630
2203
148626
1305
3310
104374
30707
5135
1292
2108
2391
64614
128360
927
27660
477
88129
115617
1272
2726
5064
2863
91658
51935
1242
930
81591
1066
2973
4623
1020
1916
3952
82459
98491
6323
3072
69757
6350
48394
1224
2948
1927
2353
3196
3039
48738
3701
3300
47099
1099
55267
3741
149
1982
108583
44665
1175
27831
76293
34
3038
1245
2924
89492
2846
4979
2795
3469
1260
97921
1235
44195
1251
26776
55276
4016
26729
5114
7132
3201
1663
58
5956
55052
1297
52435
3251
2779
307
5010
2644
64034
7802
6796
54372
3638
106100
2929
1958
4422
1012
1233
2572
3686
93840
52952
916
5812
1127
229
3037
3873
5475
4037
97938
65261
123
262
4086
3035
5893
2321
6077
8711
85342
3100
2105
1834
4017
3911
3060
3706
8961
2130
6650
2908
8638
1584
112183
4432
142488
32898
50742
50740
805
112852
81564
368
3365
115122
6125
7360
65130
5341
965
3200
4450
106916
4410
7482
2313
37733
7027
7836
2398
3112
1645
4661
72226
85414
67255
3543
5385
1021
26587
165
2245
3739
5238
68073
175
1211
101
2011
4349
6271
89804
3546
46723
7833
26131
4103
26614
146656
1032
4519
6380
1441
1209
8208
6440
2792
1827
1348
5014
3871
56152
491
86487
96075
8261
58649
55063
4428
101850
8123
7087
74089
26501
53887
26797
163949
150856
112577
104119
114464
1192
40732
8132
5017
110102
1249
431
224
893
54881
6021
46976
2467
1611
44555
37731
39292
1131
51080
6001
2728
77455
93320
5244
93855
50641
104913
3801
4799
3252
79357
3044
31410
111759
1955
93838
88744
3160
272
514
3421
48774
5876
2976
93510
4679
3633
6254
78574
3168
2283
4483
3341
2150
2090
5782
3811
3111
87232
7698
3814
3342
6565
4731
4302
3320
1859
5071
1396
7386
76251
86781
3467
3915
32525
111622
3916
3699
1321
59784
85
7091
1963
97304
4263
2302
1178
2612
2066
1962
2273
2987
4459
5772
4809
3266
3181
803
8228
2919
5500
1649
48696
98961
329
65514
2078
51255
2
112552
4776
3265
1274
6378
90531
1296
2594
27773
8958
2069
79428
70183
2731
907
52281
594
97923
26662
85774
1967
4489
58347
6974
2387
1845
3872
100
1419
1081
3505
1343
1095
7285
2137
27022
64716
1281
7075
4844
1237
4019
70293
4029
8970
4969
2336
6724
116897
3016
99145
3836
68159
2073
4021
1345
6331
2352
53123
1694
261
2403
2349
88163
946
80906
4626
4632
2732
7649
914
266
73344
1255
54503
8542
3761
1262
7767
3966
3812
448
56145
6942
4801
1944
79008
2018
6286
3203
53953
1414
6987
2252
2344
314
2109
955
8950
56251
37857
422
140174
918
93721
111921
440
441
97673
7943
2935
40148
1580
3606
111781
678
3639
5477
4406
2427
3989
53000
97
25850
8360
68838
1701
100714
1375
4105
140267
53956
6669
41566
3368
1289
728
84152
3418
2696
63876
3135
25947
79242
1921
6979
1965
268
