user_recommendation
318
296
356
260
593
858
527
50
2858
1196
608
2959
1193
589
1197
1198
110
2571
2762
1210
912
1270
1704
1
150
293
908
899
1221
904
7153
457
47
541
1089
1265
2396
1291
4973
1240
1136
17
745
4993
4226
750
3578
590
111
1203
2692
778
32
2324
1207
4027
5952
6
1036
910
6539
913
923
1172
1259
58559
2028
2918
1213
4963
1961
2997
497
919
2599
480
2797
1732
1968
2329
926
1225
1682
1304
1230
1206
2542
2019
588
3176
1228
1199
969
1247
733
46578
1148
1214
48516
7361
6016
3462
924
36
79132
59315
595
1276
898
1252
1219
4011
4878
1097
953
1269
1060
4886
3996
3114
364
509
922
21
1223
5989
44191
1278
2064
3072
1617
1307
39
1250
1610
8961
2268
2791
471
337
2804
1673
1262
11
1204
2243
994
955
1356
1246
1945
1222
34405
2359
1084
3421
314
349
25
1208
1212
2291
76093
4995
911
55820
1220
508
3307
3147
3897
7090
2501
1625
5418
1527
50872
41566
4306
1035
903
1957
1251
1584
1200
945
56367
905
2863
5669
2580
838
8368
1104
671
2278
78499
32587
2971
223
2300
3435
2712
916
7
555
1280
1358
2289
930
232
357
5064
1267
162
2908
3510
6936
950
1305
2186
1217
1073
946
116797
1077
49272
6378
49530
1296
907
265
246
1023
1954
1394
933
720
1387
2395
8874
2716
475
1299
5444
1293
5991
4014
224
1952
800
6377
2125
1963
1019
1127
1233
2502
920
1333
951
261
3730
81847
909
8981
1300
3386
3551
915
68157
2010
40629
3481
33794
1086
3006
106696
5618
163
4235
5225
2194
30707
921
1103
902
44555
72641
1953
54286
6807
1079
2076
56782
1281
4308
1500
88810
3270
1124
62
1927
7263
5995
6502
1224
2132
1256
2355
1211
1175
29
27773
3361
2761
1287
194
3910
1066
1663
3310
2690
1028
971
1939
5903
54503
1959
81845
51255
7147
109374
3594
6333
40815
1734
1260
4848
1258
3793
515
3471
68269
5103
4623
2087
3814
79824
32289
41573
80839
48791
1178
6773
33493
5013
54259
2403
2976
34162
5010
412
175
3260
1244
171
161
5673
2208
41
1099
2105
4424
69844
1078
3022
68237
44665
914
57669
3033
68954
1374
16
1248
942
6942
937
44199
3362
581
474
2144
2947
3468
2115
1834
1215
529
928
2068
1201
1380
2231
373
4223
1094
3429
954
4979
2739
7502
48780
8228
91542
81229
106920
668
938
8132
3916
440
74458
2081
4085
1131
1950
1292
4007
7451
805
628
6979
1283
112852
1264
1184
2686
1947
42004
2434
1096
70293
4658
85414
92259
1885
8636
1944
6993
3967
59784
5992
3035
2020
8665
1273
5028
1183
6732
38061
26150
4271
26578
7564
872
52617
7574
1365
1537
46970
1674
8199
901
4103
8239
7116
1284
3548
2150
30749
2467
61323
3949
4369
1050
3275
35836
4422
477
7256
1254
1253
3174
3983
6669
1960
4901
205
54997
4357
2059
1243
3000
255
44195
3868
3948
1466
3068
932
5971
1272
6918
6565
110102
1237
2846
33166
7445
1719
3418
2248
7013
1729
60397
88125
2351
3359
8622
2078
6187
7669
5902
36529
1449
106782
1090
3095
3504
4019
1147
7438
26614
2117
3252
3507
635
64839
6643
3317
4179
1955
7164
3083
134130
1234
94959
1884
2917
3134
1361
134853
8464
8970
222
82169
377
3788
1941
3088
7132
56339
6273
2330
37729
1150
3251
59418
26422
49280
6711
2085
483
845
1192
785
68838
3809
8125
5114
3545
3039
104374
68135
5816
81834
63131
4188
4239
3703
1948
58347
3104
1688
1907
45728
1232
7767
2572
2366
272
7323
2005
6783
3633
1946
31410
1934
7320
7285
2973
8880
95167
6874
1285
2949
1699
2694
3469
1680
4896
3741
68358
2202
116
79091
2946
73017
2944
316
1408
1938
69481
87232
2871
8188
96079
741
4616
8958
26258
7616
6796
2731
3470
2357
3060
6218
2935
3783
2118
2529
3952
3019
52973
3865
6893
3424
1080
28
7143
72226
3198
2726
4277
2096
8542
53972
3101
1958
70286
38038
7265
3364
2788
2203
3476
3527
2353
3396
1860
1754
89745
562
1209
5060
10
1298
3524
5630
3742
2490
3702
6791
1189
3263
2612
3735
98809
3007
900
1722
64034
3363
3739
6001
1594
58303
1101
965
8933
3499
2108
2648
26242
99149
81932
51662
3091
5055
2416
3098
96728
1942
348
4334
3196
106489
53123
6754
3552
3632
4642
441
1797
1396
3365
1282
4846
2029
112552
368
27846
307
5269
7087
91104
2936
53956
1357
3686
1095
7943
2066
6662
5349
1238
1303
40819
7136
431
233
1235
1923
524
3167
63082
5008
6808
32898
2303
33437
549
32029
4450
3038
36708
7091
5110
2109
4720
4816
2843
1641
333
3683
280
2732
3653
3801
6863
1042
54001
31658
48322
69
5819
8340
60753
7894
26326
2736
1701
54881
1218
973
866
1580
2890
3246
3629
79702
6786
2925
428
2745
968
936
1643
708
8879
2131
6385
53318
52281
86320
468
48774
46530
8955
281
215
115617
6985
2553
2673
2728
3256
54276
2130
8650
7375
51540
88129
7979
53550
2920
2596
62849
6776
3448
3871
2924
58295
47044
52435
3451
67087
99114
47200
56152
26729
3505
45499
2432
4037
2820
2573
8121
47728
2927
25852
32525
4612
7208
4262
105504
3546
4789
6725
33004
2042
127152
3100
2644
84152
3159
5414
103810
1411
109487
2331
6881
52885
4225
8010
8042
54995
64620
54281
86882
37741
97
2176
122900
6879
3543
1046
81564
138036
3034
30816
2038
4033
55442
4105
1792
2563
4010
102445
5475
64716
96488
5791
178
43396
55052
3360
78316
1967
7766
62912
91886
46919
5102
3536
4273
55267
6375
3915
7075
98491
3415
6975
1034
3309
4521
6003
40583
2795
3020
7419
55247
47382
91653
61071
1302
8873
2084
35957
44709
5812
37733
86332
1845
114028
2406
26318
2025
8012
492
8254
2897
47518
5445
8528
112183
4191
1962
1120
3879
1489
5291
1020
4178
1231
1249
53883
