user_recommendation
318
296
527
858
593
260
50
608
356
1196
2858
2571
1198
1221
2959
589
47
1197
912
1193
750
1
110
1617
1270
4226
2762
1213
4973
1089
4993
969
1136
457
1210
32
2028
1208
480
111
1036
2396
953
150
2918
1207
1704
1240
1291
1203
904
293
2692
2997
908
1225
2804
1304
58559
913
364
1259
778
7361
1258
1682
1252
1732
1230
7153
923
6016
1247
920
48516
1265
5952
3578
595
2329
899
1219
1172
2502
4963
541
1222
4027
1097
1228
1206
4011
1610
1968
1961
1278
2324
1060
1293
1276
3996
1214
588
1200
1234
1073
1148
1387
79132
1947
926
898
1953
68157
48780
1500
1250
1220
903
33166
1217
1394
246
2064
8961
44191
4995
2791
914
1254
1267
1945
919
924
4878
2716
30749
6711
1204
3114
56367
3362
1244
6874
1299
5989
34
1029
3897
3088
3481
515
1212
910
4886
1625
3730
2076
1080
1090
223
474
745
3504
1035
1641
3104
922
3462
2797
8368
529
5418
1952
1411
5995
25
1333
4034
33794
32587
1201
1994
3471
1094
2289
36
555
57669
1077
357
17
194
1079
2020
337
7502
40815
497
109487
1288
2300
1256
628
905
1307
3363
2268
2599
2542
8665
78499
5060
1997
46578
3671
2580
6787
940
954
319
1527
2890
2248
6377
3359
3307
1287
68358
3435
40819
39292
11
63082
1215
1269
2186
8784
3448
3510
1939
1263
3167
2318
1361
1199
3683
1948
1663
3361
1356
2132
2795
800
968
1374
780
2019
2194
2490
55820
50872
2115
950
1674
300
1028
2288
2463
106920
2501
3868
6870
2908
1260
353
1251
5816
162
70286
1296
1950
1233
581
54286
88125
1292
2313
916
942
3317
106782
1095
928
902
1393
3147
1264
115713
3035
3152
1248
306
2125
534
2291
3196
112852
3468
661
2067
52
1956
3672
69844
235
1224
6539
741
1303
44199
720
1242
91529
49530
4235
994
4085
69757
8874
380
2871
59315
5669
2160
1348
955
1957
1266
1357
3724
590
81845
3735
56782
3175
3499
2971
1178
6796
2203
1189
5010
1284
64839
116797
2973
81932
3451
5618
2303
4979
1729
951
475
3022
1081
44195
909
733
99114
2231
265
232
44555
3083
3386
1175
76093
930
134130
2949
594
2144
1517
81229
2726
307
3507
1147
74458
508
3949
68237
1272
116
2664
2648
97938
1466
4896
4016
1960
348
911
58
54001
3101
1104
2700
161
3310
1345
3814
3546
230
3424
2355
3741
1086
1580
29
3543
3000
4661
1982
86882
1231
30707
109374
4128
2245
4086
3418
2243
1103
1954
1955
728
4306
33493
7438
89745
81591
6974
5225
6
1946
2947
2357
2612
2925
6662
2130
1305
1719
92259
3007
1958
68954
4632
4626
2731
54997
1271
233
3198
81834
115569
1211
938
3213
2917
16
7139
104841
2078
1281
3016
2935
2081
308
2406
2359
96821
2779
3168
3791
1747
2467
1246
6502
1218
8970
2732
2761
59784
3252
49272
1302
3536
1385
1078
37741
105504
3135
1235
80463
3038
1209
3037
1084
349
5238
3194
3068
106100
104374
3260
1376
7419
27773
7090
6378
2644
1274
1584
2455
1283
115617
3638
32898
73017
3989
26729
2
261
96079
5064
3358
1810
538
4361
4903
5876
3210
54503
3469
8958
4623
104913
2687
55276
122882
31658
1257
3200
2454
3686
8228
2138
2137
2739
3524
921
2846
134853
148626
2696
927
3421
4427
3476
1096
3355
2690
6659
46976
1192
3039
2361
98961
54259
3684
1464
3095
5812
5444
4432
112183
2529
973
1179
87232
142488
141
69481
125
81564
1944
1934
3360
5341
1280
3653
98491
1449
3107
3134
97304
1912
535
7482
1611
47610
7669
1066
6565
6380
2349
4263
4007
73290
4262
7116
91658
2352
3639
971
3060
5475
7022
2594
945
1688
7386
471
1441
1285
7099
1635
2068
1012
6777
4809
3635
3505
1223
866
80489
110102
8264
34405
1964
128360
4022
6001
1282
8798
299
3034
322
1884
7137
3102
4422
3548
946
326
4720
2066
84152
4537
72998
6724
3112
27831
7836
6331
280
27022
1321
2919
1082
501
2267
3699
2208
3760
3006
7802
3983
1237
2752
6003
85342
7698
64614
2070
2232
1797
5971
4410
88129
55052
4037
1923
7156
8493
6773
7132
2018
6987
30
2285
1959
48738
60684
229
82459
7215
2474
3412
8261
26501
74089
7087
8123
26797
58649
96075
86487
55063
4428
53887
101850
163949
114464
112577
150856
104119
3872
5017
2442
107559
8337
102445
8641
363
900
7147
1963
6021
2721
79702
3751
146656
106441
3475
7371
1938
149
51540
272
949
3019
5992
6350
3414
4570
7254
1784
37733
290
215
1127
448
6101
3272
72641
3159
2495
54372
549
2915
3044
91542
3062
100714
2866
7013
50068
4009
156
5385
1249
1396
6863
2682
55247
4969
2746
111921
766
59995
5630
96588
3153
2560
1171
39
2988
40583
97921
38499
596
108583
1649
3067
4406
5446
3036
3081
106438
3916
1238
6852
122892
44665
68073
5291
7075
41
3077
85414
390
72226
3365
222
89804
4223
3679
3201
4450
5114
5329
115122
2283
5878
933
4062
3967
2006
53123
65514
3738
106916
373
2788
2099
4239
2315
1289
4308
514
6708
93510
4304
8132
55442
3246
6323
3203
2273
3111
26084
103
1120
1673
48774
6385
64716
99145
52281
60069
3508
88810
176
2391
3606
2901
4218
6639
51412
422
893
2553
3811
4965
477
97923
4103
2080
3966
111362
93838
4465
3952
907
39183
26242
6979
93721
94959
4017
93855
79357
5244
93320
50641
8807
2090
106489
7089
4444
54881
8622
423
69
3018
3033
312
27846
69122
1554
26776
247
3655
7096
1341
6273
1049
67255
4723
635
428
2863
5801
1904
3833
3604
2694
4881
2336
65188
55721
3728
5772
8042
2271
1942
8910
3629
1799
5146
2948
71135
5319
77658
26524
1262
2932
6666
3725
2693
122900
56145
2131
3408
1614
1937
2757
341
735
65261
2337
3364
1227
3334
4292
1516
1860
2920
6986
86320
1648
1255
112552
7285
184
