user_recommendation
318
296
527
356
2571
2959
593
260
1196
50
608
2858
858
1198
589
1197
4993
3578
2028
110
1221
1210
58559
1
4306
7153
47
912
32
1089
4226
5952
1136
4973
1270
750
150
2918
2762
1213
48516
541
924
778
1240
293
899
111
457
953
4878
2502
908
2997
2692
480
1225
223
904
2324
79132
1193
1230
1304
44191
364
3114
1732
1291
8961
5989
1214
7502
6016
1247
6539
2542
1278
2329
1288
4995
1203
4011
89745
1208
969
4963
1244
1961
3897
2291
2804
1252
1148
919
1228
2396
1617
3147
4886
78499
923
745
1704
6874
1500
509
588
913
926
3471
68954
48780
3996
2395
1784
2318
7361
968
1527
32587
3421
68358
3793
2064
59315
471
91529
720
1220
2019
1192
1387
1356
1079
1028
44195
1223
1222
2797
16
36
1682
2599
5995
1200
1233
590
1625
1201
109487
920
3671
922
1276
2908
3730
2716
1968
903
1204
628
1259
733
59784
1206
4027
1610
3481
1374
6377
40815
1090
33794
349
1394
1580
50872
1219
51662
1299
112852
3683
1293
5349
1234
1284
1179
3361
954
106782
116797
1036
2501
1047
4034
56367
71535
82459
79702
3256
1673
2580
2303
3088
595
898
1250
68157
581
1285
1956
162
1272
206
8368
3152
115713
2289
76093
38061
1060
7147
905
33166
1094
60069
3035
47610
2987
1267
102445
3476
44199
1246
1307
497
73017
3362
1207
363
46976
1376
81845
49272
110102
161
122900
109374
69844
800
6
3020
1080
1639
1960
3435
5418
377
1945
1097
357
474
1952
955
5816
40819
3504
1361
3448
910
2231
2137
3462
34
2366
246
1953
2186
2300
2355
8636
529
2359
34405
3033
1191
1077
1172
69122
2917
49530
3198
3868
8970
2160
866
68237
97304
7143
104913
45
70286
74458
1266
3363
2194
88810
1177
441
81847
28
3095
2081
1264
1845
2791
380
3952
2721
306
122882
54503
3068
1215
3210
41566
555
106920
1029
4896
942
6942
1641
2761
54259
2020
2600
1086
2973
1265
5010
2138
2545
125
6957
6787
230
8784
122892
3418
81229
2232
54286
3019
3702
3457
5444
261
1292
188
96079
122886
1035
494
3359
3252
235
5991
88125
2459
39
8665
3135
2971
550
1104
1175
6502
89492
55820
1711
71156
131724
2951
1333
2594
599
69757
950
33493
1120
91542
4002
5956
1343
2132
5782
54001
51935
2664
58
900
72641
361
2690
7156
87232
1959
5060
8807
1357
86882
1031
30749
59369
81591
930
97921
96821
85774
88129
805
2463
3201
1674
1127
2871
2109
2321
115617
2929
1096
647
2108
994
111362
3814
551
2102
661
1212
3067
2125
5445
2467
52
508
921
6863
1283
104374
1269
8645
134853
2944
30812
1189
2005
299
2712
80463
1262
2947
319
64839
1912
88140
1199
543
671
951
1476
149
58295
116
1939
51540
3735
4235
4571
1227
6807
2288
1254
7090
475
1218
1131
1569
1921
1224
30707
373
3546
6323
80489
1084
2313
77561
2130
142488
1947
3167
69
2553
57669
81834
3219
64614
1449
112552
5630
56782
348
108932
44665
2989
663
1209
3081
3545
233
27904
3203
5299
4901
3341
52435
3724
2746
5377
2524
3044
2648
2043
1012
106072
4427
2919
2693
4085
3022
3213
1954
98809
50068
5064
2268
3512
6003
48738
766
500
2301
4499
3871
368
337
31658
62
3994
1392
3016
53129
1249
492
597
1958
3728
4007
1282
501
115569
2867
2144
6979
3200
1649
366
2912
2391
3672
17
2460
1962
103
2243
2131
1321
2248
911
1217
1688
156
3153
11
9010
1994
1653
5618
190
1354
322
232
1260
63131
2203
33660
307
106696
312
1242
2949
61024
2739
134130
104879
8874
105504
4584
3112
6333
3102
92
6350
3196
1248
2490
3508
121
95088
3911
70293
80549
3696
2875
1178
3175
81564
91094
973
1073
2029
2626
27831
1827
92259
1256
7263
3468
3949
105
54997
3030
3000
3083
988
1466
55451
362
2348
3524
2245
59387
6754
3451
534
1904
3679
3358
26587
1271
3342
30816
3685
7445
3791
194
2166
1464
1754
3396
2841
1305
594
2442
933
8937
535
86
1046
3160
35836
2795
1023
3916
2988
1332
2560
5955
538
8969
2096
8
280
49278
3770
5055
104841
1629
4327
2682
3510
1341
3115
556
1130
122904
98961
1663
4033
2725
3547
2279
832
2890
1128
99114
73321
2327
3706
1734
2165
2982
2483
183
2755
3851
3837
2550
2495
3281
3576
341
3757
2419
2945
3021
2177
2271
184
893
1531
49
621
1312
1543
1463
567
1771
416
64957
1235
3024
1258
1326
48304
146
3557
4102
3635
3072
2076
2465
3840
1287
326
8983
6331
134170
2337
278
1944
4616
1253
229
1279
1274
1348
1516
93510
2346
63062
72998
55908
59810
75440
87660
55031
7481
26614
1655
1257
6959
3712
3490
3420
106487
1983
240
1719
592
2208
2857
61132
27700
55276
44761
3062
48783
5971
3018
3437
5765
2729
2365
3638
3007
40629
8580
8699
98933
4724
4342
4722
6369
59549
140739
142240
54251
142068
84414
127728
3575
82608
141124
140763
130522
140761
140759
140755
27826
140749
140747
26843
26791
140743
140741
147037
140751
140745
6769
6033
103731
5264
6342
6770
5229
7260
70762
5669
3104
3272
1147
2788
107083
3037
1903
8228
1281
514
164
3505
1034
3917
1088
3357
26662
521
94466
81932
3529
8132
407
4009
3391
2752
85414
69524
2093
6598
2686
111759
1966
2267
72226
99813
741
7099
1280
106489
1261
2080
2133
384
29
146656
2070
2696
48394
1748
3804
4308
3813
4128
1236
914
3194
1480
728
52604
2115
30
8798
84152
524
100
63876
2454
4322
1483
27846
106100
2976
1081
830
1554
1963
379
4557
2105
64620
532
2750
222
3386
96737
2707
52287
426
3060
2726
6870
4239
97306
1103
5970
82
2920
6662
53123
34072
780
986
1411
907
5108
4321
1296
3307
6796
549
31878
945
3429
1057
2962
27788
3181
6188
4734
2111
8950
89904
89804
2938
347
3536
5957
