user_recommendation
318
296
527
260
608
593
2858
356
858
1196
2959
589
912
50
2571
750
1221
1270
110
1198
1089
2762
1247
7153
111
4993
1206
1213
1210
1197
457
908
1732
4973
1230
1193
4226
1225
1136
1265
904
778
1219
2329
36
2997
5952
2324
2028
2396
1172
7361
3897
293
17
32
1291
924
47
4306
745
541
3578
2918
1288
1682
6016
150
3462
1036
1035
899
1208
246
898
2359
58559
1204
903
1307
919
1296
923
48516
1704
79132
1617
509
1233
2804
969
1968
1304
590
4027
1240
1094
953
16
1244
4995
4878
1073
6377
1199
2692
1960
46578
2863
1
1280
1252
926
68954
3260
910
1203
1356
1207
4979
515
2132
1952
3147
920
3996
2542
474
1259
364
194
994
3481
4963
1673
1834
4011
1183
4034
2019
1276
2076
913
1258
1961
3468
1148
1084
32587
4424
5989
1963
1267
1080
56782
55820
7147
4886
1228
61323
272
1214
4235
6
109374
1131
1358
922
1293
2797
1884
58
1234
1997
265
3307
78499
5225
3362
2716
1945
5669
483
845
68157
2064
1220
1217
1222
1300
8961
62
2690
1235
1223
76093
1060
3114
1953
1610
671
116797
44191
1699
1357
5618
2395
1212
30749
308
581
3160
497
1641
349
588
945
2300
1254
92259
81845
2739
1273
70286
3730
720
2081
3435
2973
1097
1299
3152
2908
1104
1957
2291
529
1200
1224
64839
74458
3471
3418
1939
2502
1250
2289
33166
3386
306
955
3504
1201
3060
595
475
1264
63082
6874
86882
1361
1256
3363
1090
5418
914
1269
307
81847
3424
7502
3252
261
134853
921
175
1103
971
1263
1215
909
29
3545
68237
1305
54286
3095
81591
2916
1175
6787
3408
2150
8949
1625
3175
8970
928
1248
59315
1019
2871
5995
1283
1411
4308
6711
1784
3983
115617
1246
2005
5013
1500
8958
1333
41566
300
911
1251
3703
1674
3753
5679
56367
80463
3104
555
3469
3007
3006
88129
30707
3683
471
1835
33794
50872
44195
2599
1079
428
2194
40629
916
1394
6942
954
72226
3255
1023
2971
2186
144976
8873
2726
2791
1959
1946
57669
3546
140267
1958
2115
3724
1231
3186
930
3671
49530
266
1278
4016
508
2648
69122
551
3167
3089
6539
2357
5017
28
21
8874
1287
81932
4103
116
106696
1950
2203
938
1124
3201
6807
4085
101
1466
3168
112183
477
7132
106782
1948
41
44665
3039
5902
39
1643
901
1262
1994
8228
64957
3684
2467
1056
69481
3088
1569
60069
2243
2580
7075
2443
7116
866
1147
1281
1029
2572
905
950
2321
4903
3038
6552
5444
1303
3196
235
902
90866
2294
1284
1282
3702
54503
3788
64614
1343
3108
2917
3310
7669
1243
2731
1066
907
4037
1927
1955
628
3916
915
55269
1093
3809
281
2644
51255
31410
55276
31658
1965
373
104374
35836
1238
5238
7256
6987
2474
110102
2144
161
1211
6530
1885
40815
1729
46723
3361
2268
4007
96488
88125
3359
3581
7419
2078
3037
121231
927
1941
2130
3068
342
97
85414
3035
2066
5341
7265
3189
3783
32898
7090
73290
1464
3735
1947
2925
5475
8981
39414
1028
232
3111
933
937
805
8784
1096
106489
7091
105504
3476
115569
2336
4422
7087
66665
106916
1237
142488
4816
4014
3952
2020
3456
4273
348
8950
2732
27773
48738
1189
11
2436
5782
233
6662
1537
2318
5992
3270
2553
97938
4661
3538
1253
2761
1964
440
480
4809
6796
54272
3527
171
1513
3742
2285
7836
2961
1086
3823
55063
58649
4410
53887
104119
101850
74089
86487
96075
26797
26501
8123
8261
8264
4428
163949
150856
114464
112577
4873
1295
4361
2283
968
280
1719
2108
44199
1298
8542
6350
6021
4021
3081
80489
1292
87232
3741
3910
151
26587
631
4033
7386
82459
6870
1302
50068
4262
2333
128360
68838
1365
3507
2664
2946
1354
3396
2288
3989
3467
2303
1042
5385
2366
2929
122900
37741
2018
93040
97304
3872
88140
1041
8622
1099
3019
2067
2879
946
48780
3475
68848
106920
900
2232
7263
2248
7099
1249
6502
3515
4969
1921
942
2801
4432
8645
3498
117176
2920
59387
41527
7459
1192
109249
337
4928
1040
84
635
1272
8464
52952
7767
1257
6724
55247
56152
5008
6618
26084
7698
34162
34321
86320
8132
2700
80
6001
838
4450
2843
55052
2936
3000
7143
8933
2763
154
2351
3101
594
3022
2403
3134
6777
1584
538
89804
5103
837
1179
1374
77800
59126
89904
2890
2951
96728
3543
1956
1611
2352
52767
319
1387
2501
7981
2245
5377
2750
5971
60397
448
162
7215
3967
6101
7123
446
5991
79702
76077
357
91104
5105
26729
26947
68347
71640
57845
4741
41912
81834
8576
36527
34338
6918
488
40819
7802
3676
7371
3505
48696
88810
111921
6791
1184
3328
4191
8376
4437
3020
61024
3429
3317
8827
1693
1077
943
138036
2010
2125
4105
2745
3083
68269
213
7566
8042
4755
90061
2454
7943
33171
5500
5010
3510
4263
5876
6380
7700
48791
80839
32289
79824
41573
7451
37733
56805
78039
42418
1025
4349
6773
8665
3100
103810
2478
3812
1340
6538
205
2935
6385
69844
112290
3364
575
6985
102123
2551
6218
53123
99145
2612
431
4965
3499
2301
51540
4054
36529
1120
582
6639
6852
8798
38038
97923
1012
4776
2390
55253
4801
7649
69757
6612
2423
1095
3521
5391
314
7587
127152
38499
6273
6783
3844
3181
1845
2140
3200
1129
81229
3871
6269
30812
363
4117
2968
1242
2857
8477
8638
106100
101525
5772
759
49272
1275
5812
1271
68554
104913
3529
3966
1748
4641
7088
27317
534
2118
3011
3736
3077
27803
215
4720
38304
6271
53024
2065
73017
115713
1419
26178
322
6565
2941
1177
96610
6003
7771
55118
2819
2897
8254
91077
7478
733
6184
2330
190
105197
2137
98154
6331
79242
4967
5878
4821
3072
105355
87304
6936
3409
148626
918
3125
56607
492
4017
1754
8492
1936
4927
50245
112399
58879
94931
25882
25945
110752
128606
75990
25999
26147
