user_recommendation
296
318
527
858
608
2959
593
356
50
2571
589
1196
2858
912
260
1221
110
47
1270
1197
111
4993
1198
2997
1136
293
457
595
1089
778
1222
1208
904
1193
923
541
6539
908
1213
2918
1252
223
79132
2028
32
1617
1
4226
3578
1247
1210
3897
1704
1968
750
4963
1682
919
903
4306
58559
2762
1240
2502
555
1214
364
2395
2797
1225
899
969
1291
924
150
2716
2542
2804
8874
6016
913
1203
1148
1207
1230
1228
2329
48516
2291
2692
1073
1732
4973
4878
1244
235
5989
1961
1259
926
745
1206
48780
36
1219
2324
4011
588
1610
480
34
55820
2599
515
56367
953
5952
16
17
28
4979
68157
7361
3481
475
497
898
1220
1060
1278
1036
2712
2019
1673
1096
1265
4995
920
910
1288
7153
1084
2987
1466
2194
25
3996
720
1200
1266
46578
1204
6
161
471
1307
1250
68954
175
7022
994
5995
2318
357
32587
1500
1233
6377
2064
48394
1077
4886
3147
265
4308
106782
1394
1028
1223
1276
1258
3683
246
3114
2144
2076
56782
1246
1263
1254
1179
733
3362
70286
2231
2160
7502
3730
1299
955
1097
1079
1674
337
2396
1784
1235
1267
2871
8949
2321
8665
474
33166
3788
1285
60069
3556
7147
306
307
106920
4361
380
1256
968
5956
319
1952
1292
1095
3462
3039
1945
1464
2005
4034
3006
272
64839
21
280
922
509
3317
44191
1343
1356
1234
3210
5991
2359
1035
1201
1282
1411
1094
2243
6711
1041
6502
5418
2115
1199
1754
4489
6942
6863
2580
50872
800
3793
49530
109374
121231
40819
1393
5630
348
838
1912
49272
5225
412
134130
1641
2232
3949
68073
3671
3175
8961
349
1271
2300
59315
76093
3510
1953
112852
1172
6874
1287
1921
951
88125
1293
1238
1272
1231
2761
671
1361
1947
2501
1242
5010
1719
2105
911
3035
11
3160
1284
5377
4007
115569
78499
194
26587
3034
3735
69481
3952
1305
1212
4262
2268
109487
2947
4027
1257
916
3791
112556
2289
3052
3363
2739
115713
1192
3499
866
314
3469
33794
905
308
928
2174
900
741
6807
58
508
232
1103
3000
57669
3468
88129
149
8360
950
26152
945
921
2391
1954
4235
7139
54286
4014
1177
3359
5791
51540
1948
3152
134853
86882
377
3341
2303
3421
2917
431
2459
1217
1357
353
2108
30816
3088
79702
29
68237
1302
6870
6787
1374
69844
97
3083
89492
4848
6979
59784
52
1262
549
2020
2690
3196
1962
2908
3307
5444
7099
3983
1178
3067
1964
3448
86
1260
441
8970
3201
5782
72226
4033
4450
1209
80489
3471
37733
492
41566
1625
3814
2929
3504
1639
907
1120
101
33171
82
2186
1927
44195
3868
1269
1227
551
233
3020
2202
281
5064
1960
3070
64957
7090
2106
3033
2985
3111
1959
8530
452
3420
7802
5505
140174
3213
534
2973
122900
2924
3358
1956
954
3451
4623
116797
3072
111759
538
3198
735
4085
96079
60684
4128
2788
4696
531
1066
31878
3429
893
616
3068
3435
30749
62
81845
3203
965
261
104841
51080
535
30810
3037
8638
38061
3095
3272
933
6440
68358
36529
946
1957
279
373
4239
599
104374
5135
8132
8633
4903
51662
3219
110102
5617
4029
8981
2125
39292
3022
97304
4166
4442
2780
4567
4566
2880
876
4565
4717
63082
3916
1224
7844
3505
1734
102684
3361
108727
108981
6618
728
1845
54881
59725
3060
3476
4121
3686
96728
88744
2352
3627
1211
1277
428
85
2971
3098
92494
40412
97957
3216
5152
3771
2302
6214
2572
2313
82459
148626
86781
1029
3320
8580
5893
1859
5071
4302
4731
3915
805
3702
5103
105504
581
3707
44199
6350
2463
4754
2041
4299
363
26131
115617
1289
3016
1237
27022
3044
247
2081
84152
4873
1050
104879
3386
42718
1476
1584
2890
8958
5460
1653
27773
216
2058
2819
81591
1090
3266
1249
2916
3251
3081
80
213
4246
2750
6796
112552
92259
2336
3089
1086
1243
2686
2288
1080
1729
1678
2065
8493
69757
1441
26729
2423
63876
2070
7669
1175
61240
1251
27831
1191
1264
111781
5668
3424
3102
45
104913
4406
2912
1283
2460
50851
3728
2594
3252
58803
26326
927
162
111622
1693
597
914
54503
3153
8366
4552
26974
1261
35836
1366
3408
215
6327
6188
4056
1396
4846
2935
2134
142488
7386
90428
8873
4326
5812
861
837
590
89745
62511
4914
6932
48738
759
2096
139385
91658
34332
5470
54190
65642
3365
4232
59387
3703
206
1967
1449
3135
4037
2208
1483
6436
180
86377
3360
3606
1387
3543
8950
3298
4787
7123
66097
116897
5669
1982
38499
1711
3355
2841
4263
7285
1587
94959
7156
107406
5500
3911
1147
4920
3038
930
4835
53956
146656
1226
68159
3074
3357
1218
49957
4271
7265
87222
2490
909
1934
7034
4016
93040
2140
4117
151
7087
3679
1176
4802
1125
2983
64716
85774
935
33834
90600
176
91653
3200
477
27660
4017
3019
134368
3879
6975
4465
116
971
54372
107910
803
262
1088
26258
5903
7757
106766
122892
282
4133
6380
521
40629
3811
30
6591
26524
106100
1046
2763
3101
3713
55442
3684
3675
4105
3246
8807
112623
3633
80906
6774
230
2434
52973
140267
6620
940
41285
1955
56152
326
2495
4021
2355
1344
6001
2944
6993
6669
6104
3724
2694
47099
3701
81932
1958
114060
6378
4210
5971
4978
5002
126106
48304
56339
6063
70293
915
4557
86320
2852
7451
51255
6452
2280
4617
5960
4522
4088
6419
3368
2700
973
1827
2069
74727
3342
4628
1081
40732
45666
6184
1348
1321
3629
1722
64034
27329
2474
49651
3186
1281
2693
3905
26554
26865
45183
2132
1304
7773
39416
85414
6271
93838
58347
27846
2596
6582
1333
78574
300
103228
109249
69524
2553
55118
5876
8914
1994
3512
5810
2331
2348
1939
3265
81834
58154
3096
54997
3018
99813
2721
34321
54259
1892
2611
1023
2670
3706
7235
2496
1419
3256
1860
188
5301
2729
