user_recommendation
318
260
296
527
1196
858
356
50
2571
1210
593
2858
589
912
1270
608
1198
2959
2028
1136
595
1
1221
58559
1193
4993
541
47
110
1704
1197
919
923
4306
750
457
908
969
2762
1148
2804
1225
7153
899
293
913
48516
3578
4226
904
745
79132
1265
1732
1203
1240
4973
480
1089
1208
778
1291
953
246
59315
8961
588
1228
1035
364
1213
1207
1276
1220
3114
111
17
6016
4878
4886
1204
1961
1230
926
4011
150
2692
44191
2329
32
54286
1288
46578
1247
2797
671
2542
2396
3462
1278
515
2324
7361
1172
1233
898
1682
2599
720
78499
76093
2359
2019
50872
1199
994
68358
1250
497
1259
5952
36
1235
1256
44199
1200
1219
474
1252
903
1036
1254
2716
3996
475
2918
916
72998
5418
1214
911
3897
81229
910
3471
1617
4896
5444
7502
112852
161
2300
3147
40815
2081
1304
6
1580
89745
62
1269
54259
59784
5669
838
1223
951
44195
377
534
1060
223
905
337
594
1968
1953
2395
1610
73017
1500
81847
2791
55820
3949
1945
5816
33794
6377
3363
68157
1084
1222
59369
945
1212
3510
1206
2502
1217
1090
49530
6754
2268
68954
48780
1356
1394
5989
3435
1262
1246
3035
306
34405
8798
1244
2973
1242
954
16
920
1077
56367
47610
1215
35836
3088
194
2997
1948
106696
3072
4979
85414
1066
1073
102445
3730
307
3421
2064
28
106920
1234
1387
3362
6378
11
41566
1927
2115
3469
91542
1238
555
69844
1201
88125
1211
110102
1258
1088
1260
4016
1952
922
3916
924
4027
3504
8636
49272
5064
109374
5995
162
741
72641
968
1095
5991
1673
1272
928
116797
58295
69757
308
907
1096
1097
33166
1028
54503
81845
2125
88810
32587
1411
2690
900
2501
6959
471
553
8644
79702
965
68073
832
3201
3175
1358
3793
581
349
51935
1361
1653
2580
92259
1287
1307
2303
58
63082
106072
648
2231
4963
7147
53123
6942
93363
3044
1273
2005
86882
27831
1283
3745
54001
373
733
98809
175
1293
1192
56782
31878
348
87232
1079
8368
51662
51412
63131
1179
230
1292
6874
1266
68237
1552
4995
2202
3967
6502
1178
2987
3275
946
91529
1299
30707
2917
508
99114
106489
6863
3095
40629
1957
122900
1231
88140
232
3307
8132
5630
1209
7143
112552
3176
41
1343
1103
3359
1960
79091
2336
4223
866
930
94018
1719
6350
30749
55269
971
5782
915
8874
27773
2366
2321
34162
122892
4720
2289
6787
1907
265
45728
628
261
2194
7263
21
8970
4641
1344
8981
280
62849
1147
3341
1963
1257
49278
1263
8807
3000
96079
1023
81591
2788
4571
4343
3270
1466
2232
1641
2291
3260
1080
3418
86332
3507
3019
6879
933
5103
599
3606
2186
735
4014
1674
53129
2763
4623
2871
58103
67408
1041
361
5505
4901
94959
54997
65514
88129
921
4128
1224
955
950
69122
80
3251
81564
1177
30816
57504
6187
2739
71535
524
1934
2318
2490
1302
79139
38061
8607
52950
2105
46976
70286
1958
87306
7087
14
2971
3476
60684
5882
3030
72209
1022
1281
7438
7132
73290
52435
6659
3060
56775
428
8228
4366
104913
3868
224
5478
3181
1094
4799
163
82459
1267
77561
3152
3814
1284
8633
2929
222
2078
89804
2935
800
1086
973
3451
1537
44665
69481
4467
68269
6669
79824
32289
48791
80839
41573
3671
3070
927
8366
4506
326
2750
5400
151
3081
4034
247
3255
117529
1078
3879
3683
2144
130520
748
4019
80463
72226
4235
3468
3022
56339
1261
6773
2890
4085
1939
5146
4802
3552
26152
103810
59725
6979
1194
62081
4357
465
94466
1237
81834
8542
51255
3213
1429
8580
914
67087
1422
1792
2916
1357
74458
3702
48738
2707
1956
42004
281
59418
49280
26422
8360
5903
27611
1693
935
6104
2924
8972
3134
6565
1964
85179
3037
52885
34
1104
262
7451
901
1950
26084
97
1895
2132
8665
7156
6791
1285
68135
3111
1012
1688
97304
29
2208
3724
3007
48322
39183
7256
5008
34332
1834
3871
2391
2058
6993
111362
81562
4166
1527
31658
6807
78105
2406
3684
108979
2065
314
3865
942
2780
2243
2746
6783
4696
1305
6299
64285
4717
7844
876
4442
4565
4567
2880
1944
7265
4117
64497
1218
493
7454
319
529
40412
2463
59018
97957
106642
1754
35957
140267
4846
26974
2712
1938
106438
759
2398
6662
2936
94780
1050
1253
4121
3317
97938
37733
50068
6331
3910
1173
92494
4754
3216
635
131724
99764
1680
7090
31193
441
3068
440
937
5971
7164
106782
168
144976
127152
3735
3594
6283
3263
111759
7160
328
7698
5108
71156
5690
38038
2968
5380
3167
6214
3703
2841
1946
4308
52458
22
73587
64716
3627
4566
6618
6155
5502
112515
1678
6957
7767
2
5992
1333
2083
6724
1189
1280
85
52973
2779
5135
7285
3863
6796
3360
3629
2085
3791
122886
1264
1566
477
1021
57669
104925
106100
8917
4814
2857
55247
4920
105504
2863
1186
7757
5301
93510
4046
1031
82169
3104
176
3246
69
1271
55069
68838
1784
42738
58303
3357
229
159
68791
5463
3420
1185
4179
6375
1019
300
71264
2150
1484
1330
1942
1226
7017
65552
88380
72165
57401
52456
114795
70282
74851
33171
3365
90866
26587
5010
8784
3038
26614
171
54881
3252
26082
1251
6893
5673
94777
491
34150
36708
1376
82202
538
86880
96728
5152
3368
2991
2563
2080
5470
66371
59103
3521
7212
4821
2938
89774
2641
48304
48698
100556
6732
190
85056
6786
1947
2846
1611
3854
4450
233
5500
54276
1057
2052
5747
66934
3989
1277
36527
72171
431
60937
1175
2071
3467
102903
3429
6218
5460
2278
1959
2145
40819
112138
3074
257
115617
37741
140
2920
1046
8958
5876
3301
1180
53972
95167
7137
108932
2357
3475
2334
8933
1300
839
7894
81156
203
3512
1297
111659
39292
2989
4424
71899
8191
26472
55267
7075
1029
57353
146656
109487
60074
97306
1687
27803
27329
4322
7445
2925
44555
121231
