user_recommendation
318
296
260
527
858
593
1196
608
356
1198
50
2858
2959
912
2571
1193
7153
1210
1704
1089
4993
150
1221
1270
1197
5952
1136
4226
110
2028
589
2762
1203
2692
58559
4973
293
457
1225
750
47
904
1208
908
1304
7361
541
32
1732
1252
1291
899
111
1213
6016
3578
923
969
2997
778
1259
2396
1968
1
913
1240
480
79132
1206
1617
1265
1204
953
745
1148
1097
920
364
590
903
1219
48516
2542
2324
1207
1247
36
4027
1961
1036
2329
595
17
3147
1356
1199
1222
2599
4306
8961
926
3996
1293
919
1258
3114
2064
4963
46578
5989
4011
1288
1957
2019
3462
1228
2918
6539
497
2797
1214
1035
898
1246
922
78499
2804
1217
588
1276
1079
3481
994
2268
55820
1307
1945
1682
910
2300
916
68157
3386
2132
4995
1527
4034
1387
1233
475
57669
246
733
1090
5995
4235
1256
1584
1625
32587
1172
1299
1212
1674
1500
1250
1200
2791
3793
2289
44191
1947
27773
1060
1948
6
6874
2580
1952
3949
3435
2739
8874
3176
3160
1953
1080
51255
1230
3307
1183
349
3362
44195
3363
905
1267
49272
194
720
2186
1280
1223
501
509
3897
232
555
5618
56367
319
4886
72226
41
59315
2501
2863
1923
594
1305
2359
1269
4878
3468
50872
106920
1466
1235
56782
2908
1300
1237
838
30707
1131
2716
1220
2917
1271
2712
357
2395
1278
515
1673
33794
7502
1028
3730
1262
116797
109374
1066
474
1411
954
1224
5010
1244
3260
223
2973
671
6377
1234
1019
1394
5991
3545
5902
1960
1354
3104
68954
2144
1834
1264
7147
2125
337
911
1272
1104
1927
529
2321
39183
5064
5225
30749
1096
300
134853
924
1393
1215
48780
1084
314
29
5669
1302
2871
1103
1211
3088
122882
307
1263
2366
2248
5418
81845
1939
2076
3134
3246
345
272
1254
928
2971
2745
3471
265
1358
3868
1537
2231
3365
8636
8970
2291
2761
68237
33493
921
412
1361
3037
1248
21
3421
1273
41566
7438
3671
2020
3361
3504
1201
40629
4007
1959
54286
2976
5013
53123
7116
1147
5816
2288
31658
8228
539
3095
3510
79702
471
35836
299
1260
4979
70286
306
1303
3527
3007
866
4019
3200
8981
2467
538
1192
8368
3310
3100
800
76093
2728
2890
54259
81932
3038
2087
1784
945
40815
1094
2010
6787
3476
99114
6732
930
8665
1296
2427
2490
2150
308
2947
6001
62
927
377
6773
1287
68358
134130
914
39
1283
1954
968
11
74458
44555
373
2245
3983
2202
1023
1449
72641
514
581
1209
1963
492
64034
1810
112552
955
6502
4014
1175
86882
1693
2925
3910
2109
61323
7132
112852
3000
2336
1641
3196
628
1357
7256
951
5445
2352
3341
2750
5444
3916
1077
96079
66665
49530
3879
1049
1088
40819
946
2194
6711
3252
3524
3168
94959
1178
950
1029
6863
2243
7669
54503
178
7767
6796
1281
3035
2099
2474
73017
1950
6565
6783
3448
3006
1231
3152
3414
3683
3091
3470
2078
1292
1748
67087
18
534
127152
3251
2872
34405
2726
2005
106782
235
6552
2096
8958
902
7013
1298
1376
6333
8464
943
3022
81591
89745
6273
115713
2987
54881
2502
109487
92259
2648
7091
1253
1238
3505
933
1616
39292
3317
6662
1827
8132
2926
3724
2115
2357
4037
3359
1333
3469
3606
1946
918
91542
5608
5903
233
280
2612
85414
64839
96728
1408
1931
2929
88810
62849
4661
105504
37729
30
4422
105844
5971
2203
5017
3952
2398
88125
508
353
5630
5992
1419
8542
146656
1161
102123
3060
1680
69844
2434
6777
102445
5114
2046
2686
69481
5673
33166
80463
915
1949
104374
1663
290
88129
2208
116
3044
3865
766
3072
3129
2066
3654
2106
3089
16
1245
63131
68848
4424
1610
222
3814
71033
71264
3030
3741
52885
2406
128360
4903
8933
52435
86504
34
106696
938
2664
1885
44974
115569
971
1965
1034
5103
2690
2137
152081
1719
2788
175
3203
1227
7143
4846
4188
6669
4427
48698
38061
77455
7451
6643
6979
3396
104913
32525
112515
142488
67997
70293
348
82459
1635
3684
3739
110102
3801
3167
5008
2454
93510
4641
6269
4179
6807
32898
55069
1884
36517
4225
106489
6786
3735
2232
44199
1805
3347
2318
2859
81229
98809
99764
3798
7265
96829
146
65188
72395
1994
8873
43267
40148
5291
3703
2102
68838
6530
4223
71535
100556
2949
171
51540
7263
1189
1101
2301
8645
3256
2936
7235
2313
59784
2920
3263
6218
73344
1025
96467
44665
2819
2108
3198
6986
1365
7943
1916
3984
1086
51935
8125
5341
6450
7787
1754
247
108583
3863
537
845
483
1611
112138
5475
5135
3701
261
5319
26242
72171
7087
3070
3745
1150
86000
1249
3420
7836
3653
85438
255
74754
148881
160590
107978
79677
139116
128620
139757
127108
133771
93443
8880
2938
454
1184
5385
2070
1941
2344
1944
3086
7320
2252
937
7386
4062
52767
8638
89804
1935
3406
1177
1955
7419
63082
6724
3424
2944
3499
162
4103
2989
101
6985
26729
224
3083
2935
6987
2659
97
907
3194
1608
2351
100383
4537
8199
3551
122904
8650
3638
108932
36529
27790
37741
58303
8188
2644
4263
3108
4848
3507
229
4410
3447
1455
1925
961
3165
7698
4801
4873
34338
984
2912
96075
53887
55063
4428
26501
26797
74089
86487
8264
5238
6021
8261
8123
58649
163949
150856
101850
112577
104119
114464
2843
935
3966
7090
6993
68269
2238
8121
4612
25852
47728
7208
2927
680
3181
27815
6918
37731
88744
48696
3872
4277
42004
494
7371
26587
965
3783
6612
2273
3364
3478
3417
6743
4809
55276
2018
207
6852
633
3831
176
368
46970
7072
3635
8370
1845
86
99149
112183
96488
1266
446
2312
6350
1120
8580
54997
6713
27592
115617
741
1073
4920
1619
5782
3742
30745
1964
97866
1962
3265
1401
26776
5414
7566
2068
2919
3201
8042
8607
56152
832
900
1282
7766
7099
3101
57368
448
3429
4432
575
