user_recommendation
318
296
260
593
858
356
50
527
608
1196
2858
2571
1198
1210
4993
589
1221
457
110
2959
7153
5952
1270
1704
1197
1
4226
1213
1136
150
1291
912
778
4973
1089
1193
2762
2396
541
969
1265
293
1617
904
590
497
32
908
480
48516
1225
899
3578
1207
750
2028
1203
2997
79132
58559
1240
920
923
1252
364
47
1304
111
1259
6016
2692
4306
953
1036
2324
17
2918
1219
4963
1247
2542
2599
1097
4011
2804
898
913
1222
349
1172
1276
1214
1200
5418
595
903
1947
1732
3147
1208
588
2064
54286
1968
1682
733
7361
3996
910
1079
2329
919
745
44191
1080
1674
515
2019
246
924
1250
1580
33794
1267
1307
926
922
5995
1961
4995
337
46578
59315
1258
2797
508
648
57669
68157
4886
6
1148
1356
32587
1201
1230
1945
40815
1035
8961
81845
475
994
2300
11
357
55820
1246
1288
76093
1228
49530
905
16
3897
56367
1500
48780
1625
2194
232
235
1953
141
3462
474
3114
1641
161
2353
194
5669
1923
4027
36
6539
1997
555
1204
5816
4896
3363
162
1212
73017
1254
1060
2580
1220
3949
1256
1287
2268
368
2186
50872
2115
3160
7502
950
5618
928
6874
1217
2908
1263
4308
3481
1957
1199
5991
1223
1610
34405
116797
8368
1358
21
6502
2890
78499
3307
838
73290
5989
440
671
33166
3104
222
1394
69844
2716
51255
2289
6565
6377
471
4235
27773
916
529
1527
44199
68237
1393
2501
5956
1939
300
6711
1211
2690
62
1729
3083
1834
1262
1094
1387
1333
54503
8874
3000
914
1278
1269
954
2502
25
6378
7143
5903
54001
5064
2406
1376
8665
4034
31658
2125
91104
1952
44555
2081
1948
44195
4878
2011
89745
1234
2529
319
1673
1090
29
1066
1280
3510
951
915
5010
27611
1233
1411
88125
3035
1299
99114
74458
3435
44665
1251
2248
1227
3006
628
3359
261
2359
1293
3088
1238
54997
509
1260
2971
377
3730
780
3504
1192
1073
265
1215
1784
68358
5971
223
6350
49272
3198
290
5902
2917
30749
198
930
933
1466
3868
3735
69757
8132
60069
54259
1209
1273
3683
3007
1950
106920
720
2357
4262
2202
40819
945
280
805
942
92259
68954
1954
2739
1960
2987
3548
56251
911
3468
6787
2355
1994
81229
7090
955
3671
2137
1264
26524
1302
2243
69122
91542
5630
2871
8641
524
6281
4642
6796
163
2303
800
1237
1374
1023
5446
1283
5114
2434
39
70286
69481
4427
3038
5225
90866
2391
8938
3910
40629
1096
2761
6380
2291
1175
56782
431
918
1584
262
2118
63082
927
1243
224
3471
6269
4019
553
3310
56152
1104
60756
1189
2490
1884
272
6331
1663
5812
3365
151
1408
968
3703
80463
1927
348
6807
1907
1300
8798
1885
1147
1224
3095
3101
86882
647
3653
3176
2067
3362
1734
728
1248
1946
4623
81834
56145
575
314
2968
4223
850
5992
109487
1271
54372
45950
1296
3098
4450
81591
3952
2020
50068
3545
3044
2791
53123
971
5876
741
907
866
1719
28
3033
2648
4979
1357
8970
2863
8533
6001
81847
4085
2231
3134
1231
1305
1611
3111
55250
77658
6235
3152
268
2948
2318
632
53
1206
538
1619
2010
106438
3386
88129
2080
4014
94959
5878
6708
3167
1028
2203
110102
7371
122882
81932
3022
72641
428
2686
2795
7116
832
3246
8784
477
1272
65216
4304
2351
2612
2344
7137
3418
2935
109374
2474
1218
2731
134130
62849
281
3068
48738
2423
3037
6979
581
1794
88810
3702
1944
69
2925
1608
3201
5791
64034
13
230
106696
3089
2066
4225
3983
3499
921
4128
3421
26614
3200
39292
306
2005
7373
1916
106100
1303
1354
112552
307
6732
22
1081
2352
97938
2132
26662
1361
2726
4263
4661
8981
2232
105504
946
7386
1958
8636
940
26326
309
2288
32898
3071
2083
3364
7013
900
55069
102445
5291
3811
932
26599
91673
4252
9018
7932
6244
3360
67997
3684
3414
3252
30825
2644
2946
6754
67087
938
3448
73344
973
635
1103
937
87232
54881
3072
51412
2973
106489
1934
176
7099
2009
31410
901
36708
1464
65188
90428
4448
1805
1921
36529
1127
6987
52328
299
6552
2841
1281
2331
4037
735
62956
98961
51935
66297
7147
6273
1131
82
104913
2736
89804
8464
3196
6187
1810
3361
1084
89864
4518
2732
3475
57368
1019
362
3358
59784
6918
2788
6863
353
2712
2310
3507
2070
909
4799
534
4380
3503
3869
4406
52885
1942
3355
98491
38038
6620
106441
107559
178
2144
7320
97304
2395
233
1459
5060
7235
101
1449
390
47099
59369
8910
6003
373
1178
2563
2774
3178
72011
58803
5329
2779
3256
55276
2409
2746
26729
4188
2575
7212
72998
2572
1616
2058
7027
5445
3967
5415
3741
79091
45186
35836
4865
134853
37741
2846
1330
1963
1680
6283
4187
1827
49278
1955
108979
123
3368
1352
5152
27846
74946
2463
1277
60161
3317
41
2432
3424
3505
7263
5608
1077
1938
63131
4105
6879
2138
104374
1566
1029
3429
4787
1450
4796
5427
1819
1563
4591
4076
565
3892
4930
3350
98809
106782
3606
2951
3543
142488
1552
3736
8880
2068
6986
64285
146
4616
8183
63876
2333
27803
2694
5055
1688
3973
40
4765
4489
26242
26776
3112
4016
5319
2267
2976
3929
4422
146656
3478
3966
2076
7123
4802
52458
106471
2670
1345
1941
2764
5690
31116
51471
4465
34153
6773
91630
229
2924
429
58295
7827
917
55267
85
115617
2090
6669
4899
3742
38061
6612
1292
8371
122900
1257
5444
6959
5301
1693
1965
6385
3604
3284
8154
6777
7132
5034
6452
4873
3639
3263
4361
4679
4046
4086
3396
5017
5312
5103
4467
71899
6450
4776
556
7787
5954
55269
3739
58047
57528
3508
62081
96588
3097
3011
7156
93510
5147
2687
2981
5866
2874
3737
1933
2312
3019
3398
8751
8754
3168
105844
3260
3501
2099
2278
1537
3210
2208
3925
4062
6974
1124
