user_recommendation
318
356
296
608
260
858
527
593
1196
50
7153
150
4993
5952
1270
1198
1221
589
1704
110
457
1240
590
2858
1213
6
1136
111
1210
2571
750
16
4226
969
293
923
912
745
904
924
1203
953
2762
1
1288
1036
58559
349
1193
778
2028
1617
1148
1259
1291
1265
357
1225
2692
5989
162
1233
1222
6539
1219
2324
377
1089
47
4963
11
1204
916
7361
3897
230
4995
1376
6016
3578
1207
908
720
1230
913
2804
79132
1197
1208
5418
2329
1258
1200
1250
2058
2959
800
4011
920
595
78499
1060
8961
2501
480
1217
3147
48516
2064
1211
588
364
1228
1097
156
4878
6874
4027
4973
2542
1394
454
832
2231
5995
4306
306
1276
56367
1220
1238
1293
1961
501
1732
1947
34
899
36
1682
1206
7438
2947
951
783
6711
68157
509
1214
497
337
555
308
968
524
1721
3481
994
1912
307
911
3504
1945
903
55820
2268
1260
1028
4034
1387
1304
8636
1247
1393
2871
32
33794
1231
1179
534
116797
1254
1810
1192
3114
3363
1357
3152
3414
1354
1584
529
316
541
2396
1344
3996
898
919
44191
1257
515
109487
74458
1968
1278
5218
8874
2186
1527
73
4979
40819
1261
3100
1954
2599
151
86882
1616
25
8665
661
6377
733
32587
91500
262
475
2303
1892
594
5991
235
3104
134853
2019
3201
2321
4085
81591
1948
326
80463
1178
7143
1103
6378
465
905
2761
39292
5630
1348
914
4886
2300
3435
361
223
954
1673
5902
1035
1674
44195
1080
2302
1957
1287
3730
1234
918
2797
2997
1680
54503
73290
8132
2791
3421
4755
42418
90061
104374
1466
3089
1096
49272
92259
2987
1029
926
2155
671
111921
4223
4246
647
928
5618
4019
7147
1356
1307
1252
2917
2000
6333
89904
648
56782
1950
1084
1918
1500
1962
88125
1299
49530
3793
2427
1079
194
72226
68237
2169
4225
81932
2712
3478
54286
45186
6450
81845
3471
728
1374
7787
4062
2395
2716
6986
44665
59315
935
1580
1952
2245
3098
663
921
1283
261
866
44555
2929
1834
3035
6787
155
492
1209
21
3735
280
2918
3039
162542
2065
31658
2391
1173
3386
7451
3791
6807
2539
7212
86377
1964
553
2819
288
5135
106782
14
2202
6565
1223
48394
8622
3462
3468
1249
1267
3129
1095
161
927
3357
3074
4920
8580
7139
92535
121231
107
38061
3019
474
2289
2750
7254
79702
319
68358
3408
4022
3801
440
3952
5299
40815
4235
53123
81847
3911
3505
3007
1784
535
3160
1805
3861
1088
6979
910
45722
4865
2739
5956
2788
1927
85414
5669
922
27523
3365
6777
1303
3198
4427
45
3256
736
34405
1212
5114
159
56152
2572
838
3252
30810
97304
3194
64034
39183
1147
2463
3251
3095
1489
1459
104069
1358
51662
6942
2971
3037
806
55247
735
599
1199
229
2194
2690
3639
5470
72998
3893
1361
145
1227
3521
37733
5349
80748
2188
37729
950
1449
5673
1411
4518
4591
565
1450
4352
4076
3973
4796
2267
1819
5427
1563
390
1352
4930
2563
2278
3638
4965
1274
549
1263
6385
3892
30749
64285
3341
53519
31116
51471
1023
109374
348
3683
3916
115617
81
4029
2087
48780
1923
6502
56757
1177
4148
8784
54259
52435
62849
222
3671
47610
81834
2359
1271
328
1484
2355
431
4262
4535
5445
2420
8360
265
1958
2948
3350
1215
4357
4351
96821
2243
373
8533
3510
7357
8535
6686
6423
32139
6829
4537
8929
6630
5836
6636
4041
106920
4359
7614
6662
5679
255
3703
4623
2344
4661
52
1224
1619
6743
6187
5816
3675
3654
3512
2398
8873
2890
73017
57669
57368
1953
2020
3543
233
2881
82459
1273
104913
31696
8916
3317
915
8970
531
81562
7649
31193
2707
38038
36529
1049
581
8190
3811
140267
368
3300
1635
1566
6783
2108
6708
3429
4105
4239
47099
144976
86347
30793
1256
965
917
290
7386
6254
2137
65188
69481
198
1937
76093
1343
2759
2912
971
1086
1608
2018
300
50872
2490
44199
2099
596
2322
2925
452
6753
55069
5608
3556
8529
1077
7072
46578
3200
3967
99813
4380
70286
241
70565
2580
178
3702
40148
1130
3699
6516
6327
32598
1280
27821
2746
66097
7698
149606
108514
2792
7926
4801
32234
5398
66371
4016
69757
1949
7158
51255
52281
1242
122882
3983
2288
4467
93510
1172
60950
1189
1960
6664
95558
1282
112138
54997
55272
2724
5013
1956
3450
443
1944
61167
5060
112515
26007
66246
26403
3285
1689
2991
8464
53125
80906
7569
8969
6586
84954
1218
6873
37731
56251
2144
8972
8638
146
8
232
5444
1022
1333
2132
3359
48738
6350
714
1237
87306
3296
8530
6286
6201
3406
1855
5064
60069
33493
71033
1914
1019
57528
27611
5319
81229
5103
4903
43267
1272
88163
3868
7502
2080
1955
45447
2747
1569
2304
34332
3984
2105
1330
8191
3910
2090
51540
3247
1414
44974
41285
7154
77455
3011
3524
4021
1916
49957
2745
85774
3355
190
39446
1464
55814
353
1345
58351
69644
3362
1866
44761
8983
3307
3062
1279
2145
8327
1734
67087
2664
144
2318
1946
7380
64839
1176
1693
1131
26662
48698
1244
4499
26614
3196
4014
1081
1625
61323
39715
4327
3745
1296
3006
8798
105844
59429
27660
115713
25801
8522
156025
7081
8183
18
1021
3420
97
50189
4720
84844
3178
3742
36517
2944
2454
3555
6718
8493
3328
26587
2677
48304
117176
2011
5971
33437
3633
2872
27664
224
1034
2366
1128
2736
4369
2067
966
175
547
55118
106918
87232
982
2433
3185
2403
96588
5954
116823
2482
1104
8337
2312
493
3546
54001
7156
58295
7247
122886
3451
49286
27815
44709
3701
6663
2252
103539
100034
65193
89492
7091
72641
429
4772
96829
7767
2732
8094
2353
3763
3088
52458
272
106471
6993
2078
3275
98124
6003
4585
1201
54328
8633
3606
63131
2938
1884
7983
929
628
3044
26472
34542
2310
4616
88267
2852
4333
1537
9004
8745
