user_recommendation
318
296
527
608
858
593
50
2571
2959
260
356
1196
2858
1270
1198
912
47
589
110
1197
1221
1136
4993
4226
1704
1089
111
1193
778
1
293
3578
1213
1210
2918
32
150
908
541
457
2997
1617
4973
2028
1208
904
1214
2692
1225
6016
1252
923
595
899
1073
745
58559
1240
969
1203
1148
2762
1732
750
79132
5952
913
1259
2502
7153
2542
2291
2797
1228
1961
924
5989
223
555
1222
1968
1079
903
2804
2329
1682
919
3996
2324
364
4011
2599
953
4878
1028
1246
1291
1265
1250
1207
1199
926
898
337
4963
1035
1278
6539
2716
1288
3147
1219
509
497
1276
48516
56367
1247
48780
1204
7361
1206
3897
1200
5995
1258
161
1233
4308
2396
4306
2395
36
68157
1060
2019
55820
44191
32587
588
471
3421
4027
1299
1036
1610
1673
1234
1263
1212
46578
29
1953
720
56782
1394
2076
1084
349
16
922
1220
4995
2268
1230
8874
1244
2194
1272
2160
3462
246
2289
3735
48394
6
1267
1223
3114
474
950
955
515
2115
4034
590
1269
64839
1090
1625
1952
910
6874
3481
920
3683
1343
63082
1293
106782
2300
1500
57669
671
1266
28
109487
8961
2064
1292
1304
7502
1947
3510
52
6863
3362
2318
7147
4848
1653
3671
2125
1077
272
1287
905
1172
1960
2231
33166
4014
3788
319
1097
5444
1096
1466
59315
1285
2467
235
1103
1094
741
109374
1120
1095
2303
508
27773
1254
1464
628
4007
175
1674
1945
1954
1729
1262
116797
1192
17
1357
3730
4239
6711
928
68073
1224
2391
1333
1086
3006
1356
265
86882
1284
2739
81591
1527
78499
3499
2908
6942
1387
2871
911
951
1411
1264
5956
7022
1393
800
3468
247
3034
33493
2917
1784
3448
3471
92259
5064
1179
49272
106920
30816
1231
88129
1201
41566
4235
357
134130
968
1249
2020
6796
4085
5812
3702
3256
2232
68954
866
1307
7438
2243
1217
1256
475
6502
2580
1260
8368
5630
733
8784
1305
1080
49530
5816
2186
1227
62
2788
40819
3088
900
2795
954
8949
11
805
551
5225
3039
1959
363
1580
3019
2321
942
6979
2761
933
1175
134853
5060
3435
3307
7802
112552
2359
1374
3418
3793
58
3175
1921
2005
1754
6807
50872
112852
5377
348
3068
1243
74458
1282
2712
2501
40815
3198
3035
914
2144
1927
1956
1238
232
2690
2459
6188
4979
1215
44665
206
99114
3072
3022
538
262
115617
8970
3512
70286
3213
3095
2973
104374
3363
1242
3791
946
3868
1178
30812
104913
1962
3275
3360
2096
2924
1211
2729
1449
3000
2336
3952
7099
4103
916
30749
194
280
3424
4262
3814
1366
1277
88125
3359
3272
1957
6870
27831
1191
4450
7090
1734
2202
1688
3201
6440
44195
535
431
5152
125
36529
1041
96728
6350
1281
766
5103
1218
3020
965
1590
2985
8873
3451
5299
581
4326
6378
96079
4489
441
69122
3067
1257
69844
3317
2132
21
2929
2846
7323
216
2474
47610
81845
41
4886
2841
2137
945
106489
921
2070
34332
233
34162
1641
48738
2971
2987
1283
2138
2961
2463
3081
1719
97
377
599
3037
1361
3246
5971
735
3152
1088
54281
534
2288
3469
8807
3612
31658
30707
2248
428
59784
45728
45
1147
3420
108981
108727
102684
2952
3134
1248
3196
1046
307
907
2366
785
3044
261
3916
3038
7064
3219
3102
1594
2935
38061
6791
3504
2944
663
1680
2490
3543
61323
3949
3111
1013
33794
96821
4037
69481
994
76093
73017
7139
6669
837
2313
4361
147
5791
5618
34405
163
26152
2208
1537
106100
25
3355
190
66934
82
2951
3358
6662
1047
8981
930
3070
31878
1209
1296
1476
162
501
6218
6296
3536
3879
8950
81834
89745
4019
4029
39416
7773
1104
477
3967
3262
3203
1845
4787
7132
5074
8493
1280
6385
6436
72226
54503
299
178
69757
3429
54259
562
4033
521
8530
1964
2041
3508
8645
3548
2460
64957
5991
7380
2694
4263
97304
51935
3167
115713
3786
6104
5903
1948
5014
4016
3016
3033
1042
74727
1023
8132
2726
4465
3505
3551
27790
4128
8228
9010
2352
140174
89904
3342
282
2108
7669
492
2919
81932
88810
7844
8633
122900
4459
2280
3101
94959
3361
54328
80463
1395
6452
529
5955
2165
37729
4223
973
3186
3030
51662
2687
6419
8580
909
102445
8958
68237
4121
2780
4696
306
4442
4565
4567
4717
2880
876
2763
4734
54997
3713
3556
64034
30
8542
1649
300
3252
4617
4522
4088
5960
6732
52973
67255
7757
2553
3701
230
4086
59725
110102
7285
3627
4166
6618
3135
50068
1237
4628
64716
616
86377
412
7075
27022
1569
2852
3686
2664
3341
2857
8798
139385
6620
86320
3476
64620
63876
37733
2693
1587
2355
1177
373
176
3703
3210
480
1711
2728
71535
4846
2301
4406
5380
390
3298
54001
1939
101525
309
2611
8638
2006
96829
2746
34
940
1020
6787
2819
3251
114060
70293
122892
4148
6565
1185
1271
93510
322
556
2912
6461
98809
51255
3696
79702
3910
81229
2916
7445
49957
68358
314
1321
6001
2495
51540
1189
55267
3104
3062
5782
4978
84152
53956
7087
154
1202
906
87232
58803
34072
50851
80
2648
1082
7320
105504
440
126106
5540
27721
3654
5669
8366
2644
7451
1663
2968
531
4557
3983
7143
55290
1125
3200
5002
1967
91542
54190
112183
2140
61240
116897
69
1066
55052
3546
85
326
3386
42004
101741
110645
6598
6993
1251
2890
6184
1944
69134
111921
2174
1950
5847
781
3089
2048
5010
5765
3437
1963
44199
5168
82459
8712
3032
4321
43
66097
6536
31026
4169
6355
1392
99764
3594
2932
3007
56715
1584
26326
3513
146656
156
81564
4623
56152
2067
2278
44555
104841
2287
2203
4660
4720
106766
1194
1029
553
2168
33660
281
2524
58347
4211
759
947
6893
943
108932
149
188
3741
1554
5293
2073
2089
7767
98491
6183
31410
3498
1946
52952
7256
2920
861
