user_recommendation
318
296
593
527
260
50
858
608
356
2571
1196
2858
1198
2959
4993
1210
7153
1270
589
1
4226
1197
110
457
5952
1221
1704
1291
912
150
1213
1089
47
1136
58559
1193
1617
2028
1225
4973
293
1240
778
899
32
111
2918
480
904
541
1203
2762
79132
1247
2997
908
364
1682
750
913
2396
497
969
1208
1036
1265
1968
4963
2599
2324
48516
48780
4011
1961
2692
920
2542
2064
1252
1172
1250
1304
7361
6016
1580
377
1097
923
4306
44191
11
1259
4995
4027
1276
515
1947
1307
1207
953
3578
590
3147
349
6539
36
1230
1199
475
32587
1148
68157
2716
745
1674
1222
1394
5418
588
1035
2019
2797
6
2329
5618
898
595
337
733
474
1234
4878
903
1228
1732
555
1356
2804
1079
357
246
1080
33794
1219
50872
59315
2268
3996
1060
161
55820
1258
910
924
40815
1288
232
1214
1073
78499
46578
919
2300
1200
112852
56367
950
1945
1246
1625
994
926
2502
5989
265
58
1204
3462
7502
2231
1500
1293
17
508
1212
671
3897
57669
2739
4979
2712
2917
76093
800
1393
2289
5816
1090
116797
1953
109487
914
1267
81845
440
5991
1201
5995
4034
8874
905
2248
8368
2501
4896
34405
106920
3421
223
648
3104
1584
235
529
1263
3114
8665
8961
2186
954
2125
194
1223
1610
916
368
25
1954
5064
4886
1527
1094
2115
628
151
2353
68358
30749
1287
1358
2194
1641
922
44199
49530
29
1084
1256
6874
1957
1729
3006
6377
3510
69844
54259
68954
6502
1376
1278
51255
454
3307
1466
1233
54286
44195
1028
3435
2791
3504
4308
73017
1254
2359
1960
1217
1387
134853
68237
88125
6711
7147
1269
60069
1997
1948
1952
928
2580
1959
2395
3363
1077
1096
2243
3362
1333
115713
49272
3256
6350
91104
509
1215
1939
1220
3730
86882
3481
272
33166
5971
951
1262
92259
2020
1131
6787
1206
99114
31658
5060
54997
3468
89745
3198
81229
955
5669
4014
2971
7090
3735
1280
1103
1950
106782
1300
2863
2490
3952
134130
911
308
30707
3471
471
5010
39292
3683
109374
40819
21
477
4085
2312
122882
5956
2352
348
3175
3035
94959
1907
59784
2761
2973
3100
2137
1302
16
2871
1784
81847
74458
3359
27773
353
110102
3545
224
6378
3386
4235
104374
3868
2081
5445
6979
3671
72641
2144
538
4623
1810
2947
6281
2391
72998
81591
1673
1272
946
5630
56782
1411
96079
44665
3246
1260
2005
3793
3038
3414
1238
1231
3196
2118
1916
1357
1264
280
741
2291
3361
33493
2132
6565
2245
1218
921
933
41
3543
87232
106489
112552
1566
102445
2890
290
306
261
3360
1299
2929
44555
373
1281
50068
85
5903
909
3791
1227
2303
80463
1147
81834
838
3949
7099
2690
319
3095
3448
8970
3160
2819
1374
162
930
54503
1283
3088
1209
91542
106696
91529
1081
106100
39
3916
428
3505
2318
6732
8132
3910
1248
1616
3317
69
2355
97304
2948
73290
1955
431
2935
1237
4029
2788
1066
123
122886
1178
1175
69481
222
55250
5114
88129
2648
52281
1330
3703
8641
4262
58803
915
1834
3310
1619
3201
1962
1104
2474
6662
1095
53123
7373
36529
3068
307
3098
3152
945
1608
5876
142488
1257
2463
2076
105504
85414
2067
1944
2801
5444
1994
1946
942
1912
3000
54001
2208
971
1923
230
56757
7116
1408
26662
122892
7386
6708
1284
104913
86
575
4263
534
850
4225
2302
3983
58295
5146
2070
268
64614
146656
1023
6796
2746
63082
2924
7143
380
81932
94466
805
115617
728
3418
6669
1380
494
3101
1303
1183
1150
98961
2846
3129
4062
3478
1192
1305
3365
2406
3213
1927
1958
6001
3022
2908
3358
3167
632
1224
53
3548
1594
51412
81564
2467
6959
3355
4037
4465
69757
6986
66934
7787
900
2434
1693
4787
3429
2232
2795
2529
4033
8636
2644
4019
2202
581
5349
2944
1963
175
1251
86377
65188
54881
98809
82
1189
101
3252
2096
65514
37729
907
3039
3007
2203
7132
5291
51935
6777
3536
1249
4661
1296
1449
3469
1845
535
3507
96821
3134
115569
2987
2694
93510
56145
3801
6452
52
3499
99764
128360
48738
3081
88810
735
2763
902
3686
3194
4016
3111
13
1086
4357
8644
412
1537
2273
6273
45
8784
8972
6870
1719
7013
1361
2109
7451
3535
56152
3033
5902
3260
4188
59369
4299
233
178
213
1277
98491
77658
938
6754
6807
1688
60756
1827
3524
80
40629
27831
1396
106072
2138
918
5464
2925
2078
1918
108583
2336
1552
1942
7669
56251
84152
4537
1179
7320
3741
3364
4427
1934
54995
106438
7263
8981
45728
647
3071
87306
1021
97938
7371
62
27611
54372
2366
79702
3451
4343
937
7438
556
67087
8950
3200
64034
106471
64839
2357
91658
53519
88744
93838
4103
973
2946
2432
64716
5013
49278
2080
1366
112138
27660
1792
5690
309
8880
299
1211
3724
4965
314
72226
2852
5812
3512
117529
41566
4086
5103
6283
3275
8337
8798
89804
1734
3911
4327
62081
65261
720
55267
108932
111921
2687
127152
4187
968
105844
1354
940
8542
4776
38038
5772
4223
3475
3811
68269
5152
3739
7139
82459
6659
6450
115122
4007
89492
100556
3396
85342
4422
70286
63131
6773
4489
7091
30816
8633
97
3296
57504
38061
2726
1185
6286
935
8910
6419
3263
2654
2651
107559
1754
26242
3044
73344
927
3251
79139
1235
549
85774
106441
7649
88140
1292
8607
6104
3594
51662
1937
1649
52950
47610
52604
49957
67408
4506
122900
3470
322
3112
79824
32289
48791
41573
80839
26587
247
1271
3420
64620
111759
93721
2423
917
2145
3980
1964
2026
85179
3966
3745
3967
3089
4326
73321
8125
2563
1967
1938
1949
93363
635
55269
6643
51540
3178
55280
1061
3070
6724
130520
6879
4660
3011
4406
3653
2952
52975
140174
2936
52458
1049
112183
7357
45186
53956
3639
100714
492
7419
3270
3102
4535
56775
70293
107406
32898
