user_recommendation
318
296
260
858
356
1196
593
2858
2959
527
7153
1221
4993
1198
2762
589
5952
150
1704
2571
1210
110
1193
50
4226
608
1136
2028
912
457
1270
349
1291
1089
58559
364
3147
1
3578
1356
4027
1247
111
36
1199
1200
908
480
6539
1259
4011
7361
3462
48516
2132
920
913
1213
4306
1214
1617
1258
4973
32587
47
2997
1961
32
1197
3996
750
1036
2019
5349
745
1230
541
2396
6874
1387
899
1203
903
2329
904
1240
79132
1732
337
1228
3916
6
293
832
1304
1208
2542
539
588
780
1625
4963
44191
1225
1207
68157
5989
6016
5995
923
590
1957
2324
1183
1204
1060
357
953
8961
377
2918
1580
329
16
926
59315
1206
44195
5669
5418
671
6377
1584
500
48780
4995
1293
1212
3545
6333
33794
1250
6711
919
1148
1097
1222
778
46578
3114
1265
194
1952
1217
1500
66665
471
2064
54286
4886
2300
2739
2501
733
3481
4034
1252
33166
1219
1674
1232
30707
1835
306
1954
2692
68848
1927
223
474
1959
68554
8970
1269
5225
1376
497
51255
1172
2804
1035
805
1953
5618
307
3307
1968
345
3362
34405
1960
1227
1237
2797
2599
950
1201
30749
910
1244
8665
4235
1682
49272
1233
1079
2194
1394
116
2502
1754
52885
1333
3435
3030
2289
3022
1084
86882
736
1262
922
2761
5954
1945
3897
3730
3503
3363
5291
11
969
161
1947
2690
1747
64957
3104
3034
3176
3468
1276
7438
1028
1267
1251
2881
898
5064
2288
8874
5991
1299
5010
994
33493
1361
8636
6666
1407
272
142488
3471
115713
2005
3868
68358
8132
1307
70286
109487
1096
3671
968
78499
454
1527
3952
27773
116797
2318
1287
3801
529
7502
2791
1266
4016
4878
3949
1784
1950
3160
501
2687
59784
595
4308
8368
54503
74458
1284
720
40815
44665
3256
1282
1248
2467
3504
1086
909
3083
6003
5013
3252
2078
112852
1223
3000
1272
5903
1215
308
7256
3007
5782
1408
3198
2948
838
914
1104
1701
122886
2395
72641
1994
40819
50872
368
3735
106782
4262
1218
6787
1366
81845
4033
8981
110102
2333
1281
44555
62
49530
2366
3983
3100
475
1955
5329
6979
134853
2971
7143
4846
3152
1209
1693
562
26587
4979
5816
44199
900
101
661
1411
125
440
2920
1729
648
2716
148626
3703
2087
106920
1958
68954
122882
2947
1019
2670
1610
1124
60069
2081
2142
1263
5147
3098
280
5387
72998
5415
89745
1374
3683
1257
594
4896
581
64839
7063
1956
29
3814
1049
1211
109374
353
4190
7767
3275
2359
10
1080
1175
7766
88125
30810
81834
7147
5312
4187
7132
3111
63082
84152
2313
39414
5971
1260
3359
3089
27611
2454
4191
162
2076
2961
1057
76093
3809
2976
144
2871
2917
928
2929
8228
2144
1283
3257
35836
55269
1254
1663
2
1687
2700
5956
3505
41
1939
1147
1354
955
68237
3095
3788
2726
535
911
1255
51662
1948
1093
7941
2712
2203
41566
73017
69844
3871
3365
39183
261
122900
104913
3201
2303
1179
6552
1094
3068
7091
1537
1885
112552
2857
2125
98961
8542
5876
57669
2355
3418
3510
3551
36529
87232
3508
4085
704
106100
3702
6565
3072
1298
4019
2795
1464
8645
53996
175
8641
96079
8957
73290
6947
647
2664
1224
8933
2245
3005
3175
555
5008
18
104841
6791
290
32525
1256
3548
946
3741
3844
2474
4873
3364
6786
2890
3062
2291
4105
3203
1192
5060
3249
940
7386
4277
52767
3396
80463
97304
6269
56782
2488
2745
122892
1295
146656
4612
1278
88140
2278
2357
3361
2137
8360
2668
81932
5444
1029
2067
3355
3167
2186
2490
4177
6783
5152
3469
575
3088
106072
2447
88129
930
2936
60684
5630
2243
79702
3654
599
2925
381
8650
2728
1178
94466
49651
99114
1692
3845
4189
3909
4184
107559
3543
5218
3546
54259
7090
59369
1845
2648
106441
446
6350
2231
3155
2927
4179
8121
25852
7208
47728
64620
58303
8529
916
4223
5391
1964
97938
3686
2268
73344
119145
316
1396
5103
7827
2083
3178
3218
1131
6104
2304
1032
515
1349
91529
3414
94959
5791
4427
106489
2046
6216
115569
1275
2951
3653
1466
2580
4903
2707
25
222
3246
102445
524
6724
112183
5114
3429
1358
61323
56367
2612
281
89804
141
390
592
1788
3168
1944
96821
996
1810
3476
1907
3037
54272
54001
61024
2393
6796
106438
121231
26614
134130
105504
81564
1635
1292
2644
55069
1077
7099
53123
26472
2819
2361
2863
3386
3512
31410
1231
6807
233
7022
2434
628
55721
5414
4304
230
3134
219
91658
4178
3101
4432
3679
4661
45
81591
931
678
927
48738
4351
1041
55247
3724
1340
663
7649
3044
1446
2139
66934
1649
342
300
7116
1348
2150
1965
373
1834
2099
6331
1253
2673
6662
3963
4361
1033
33171
2520
348
3194
2403
26524
87306
2729
80489
54995
8656
3330
51540
7013
1809
4776
2908
36527
1023
4705
91542
2117
247
631
51935
40412
1302
1719
6753
72226
69481
255
3263
1859
954
952
3035
1962
4857
1946
971
93838
1799
6612
96488
6235
2068
4642
68347
63853
89864
4263
37741
2020
3791
73321
1285
1846
3783
1963
64716
1012
948
3535
80
3569
8827
59126
6385
3633
88744
57368
46970
61240
3317
2585
3216
92494
97957
85342
6986
63876
8807
92259
905
97
7285
6440
7371
107406
2360
6773
2995
7451
1289
1296
1619
5992
3300
3067
1246
932
77800
3112
5505
1189
7569
111362
213
98124
112175
4874
4205
1833
27790
134170
102993
2949
53519
105844
59995
31658
6214
1101
61132
7943
7787
3549
52458
7075
32898
68838
1357
8938
26729
6777
26662
1689
1305
2398
6743
91500
4552
2575
111759
4422
7566
1059
7445
2331
111781
97923
4518
3655
7360
2248
109578
98809
850
6993
5146
523
85774
190
154
3310
3135
52281
156
41527
41912
4741
7459
57845
3456
71640
26947
99813
6273
8576
53550
6281
902
112623
7064
4450
735
59018
38038
52952
