user_recommendation
318
296
858
527
260
356
608
1196
2571
593
2959
50
2858
1221
912
1198
1197
150
110
589
47
1136
1270
778
1210
1193
1089
4993
4226
457
7153
1617
899
1213
908
904
969
913
750
1
1203
1240
1225
4973
1208
2762
953
5952
923
58559
541
32
3578
1704
111
79132
2324
1291
1259
4963
1304
1206
1252
2692
1265
1682
745
4995
1207
2918
48516
68157
1148
920
364
1214
5989
1732
293
1230
6016
36
1247
44191
1028
1228
1212
2396
1204
2542
2599
926
1961
1035
1968
2997
2329
595
1200
1172
32587
6539
903
2028
1036
56367
924
7361
1293
11
4011
1220
3462
1222
2804
6874
6
1250
588
1258
1625
2019
1199
1287
349
898
1219
590
2797
1073
46578
480
4034
33166
1947
950
922
3897
2716
4878
5995
955
337
3114
1267
1269
1278
1953
106782
357
2300
720
48780
1952
1276
2791
1079
1387
910
8961
3471
3421
1217
1084
1233
3996
3730
3435
1244
2064
3147
2186
162
1945
1374
8368
377
1356
235
1223
474
2268
914
81845
1394
62
109487
50872
4886
1060
905
555
246
59315
1201
4027
509
671
2291
919
1610
2289
63082
471
17
2132
33794
3481
4306
74458
733
1097
78499
3088
4308
911
1280
40815
3671
2076
1086
55820
3307
91529
223
4014
1248
64839
1954
1673
99114
81932
29
3510
7147
1246
76093
3683
1292
968
3362
1254
1960
1957
1260
1288
994
116797
1175
8874
5418
628
49530
70286
1080
1296
1959
1272
1411
6942
2502
2501
916
57669
39
44665
1333
2194
49272
2467
8970
4235
1218
954
5225
497
475
7438
1376
928
1527
2137
16
1284
1262
88125
1361
1178
1256
261
3735
2908
1641
106920
1127
838
1094
92259
529
2395
7090
1077
2318
3072
68954
2739
1950
1307
97304
5991
109374
6863
4019
7099
6787
2020
1096
1192
951
3022
8958
2726
3386
2580
56782
1104
5956
2303
515
942
25
1283
1251
1674
194
40629
30707
134853
2125
1357
1299
232
1264
3504
104913
1500
3868
2664
88810
106696
2115
1281
1927
3160
1263
1939
3451
31658
4239
2248
7669
3134
21
112852
1948
41566
72641
930
3006
1211
69844
1029
2359
1103
800
80463
1393
3791
1224
933
3814
8228
86882
3275
1234
534
2944
741
30749
2144
94959
1944
3594
3152
2010
51255
2920
766
3468
3916
106100
1729
1049
3000
2068
5971
1305
5618
5064
8132
7263
2795
594
55247
99813
4085
1537
2971
34405
6807
2459
27773
1967
5060
54286
551
2313
72226
134130
938
1303
3033
2231
1997
2846
2690
2138
1209
946
3499
2925
2109
3270
51662
40819
3363
64716
2355
36529
3546
161
1235
3548
1266
3551
88129
2973
2871
70565
2288
81847
7502
1179
34162
64614
1719
44195
2351
1688
222
70293
1282
3196
3101
48738
2648
73290
85
2067
68269
104374
2278
4086
2863
2160
64957
1189
3360
2916
1099
3741
3686
866
3104
3310
3007
300
3359
10
2232
921
115713
1963
1464
1916
38061
6796
2208
8528
60397
96079
7371
6350
1012
81834
33493
69757
61323
7132
1955
3167
2788
3527
581
115617
3095
6502
3246
986
32289
80839
79824
41573
48791
1237
3983
3549
58347
3083
146
4103
1663
69122
69481
2321
5816
2130
7143
2403
30816
973
5013
3508
59784
5903
2932
3469
3256
122882
1020
2366
3252
2929
110102
7767
5630
1231
7022
1611
5444
2729
8981
945
1131
53123
2553
107559
5791
3361
2245
2644
353
2203
1147
91542
5103
106441
1249
81591
1066
6936
538
68237
1958
2924
6385
4979
272
44555
2108
2917
97938
7091
1023
940
106489
5010
1253
2202
3198
2361
1466
3037
1238
2243
907
1019
3062
971
7075
3365
2391
64034
54259
2336
3159
142488
73017
1358
5902
3910
1734
2976
5992
26729
3019
47518
8542
7360
3952
4037
1125
1649
1242
3067
373
7649
6711
3168
1078
2165
52435
68838
6724
1946
309
6732
2935
805
3396
98124
112552
6979
116
2728
81562
2612
101
599
247
5876
3035
54997
7116
38038
6870
106438
65188
363
3044
1797
6773
1120
3355
6783
5008
51540
965
3424
3505
2140
2951
3703
3655
2454
2890
175
1257
1285
2117
6669
6003
7256
4349
50068
1810
3653
2066
3260
44199
6662
7285
7386
1754
97
66934
3545
6791
6987
105504
2081
2490
8933
3476
32898
1202
7451
2078
58303
64969
1845
6786
4422
233
5017
1420
3038
35836
6461
535
2357
39414
3341
46976
2099
2005
63853
82169
3724
3100
8371
3606
4179
915
1921
1300
2176
380
1227
54503
3448
7
7802
4466
4945
4223
68135
84152
4361
531
5055
3178
3068
7380
26242
3507
3524
4432
1273
18
2712
54281
900
1183
1090
2333
4029
4914
6440
80489
135887
63876
31433
30
102993
3676
112183
66744
81831
26732
7064
2686
4846
3060
4616
909
2912
2947
146656
45728
7419
56152
87232
4612
81564
100714
68073
431
262
26326
514
2731
62718
54001
53322
1619
28
3200
6918
59995
8650
6377
55276
441
1340
4489
1449
3871
1021
48696
7320
86377
3801
230
93040
32525
207
3550
3034
3679
1215
2301
265
27660
3194
943
54995
647
128360
123
81229
55052
25852
2927
47728
8121
7208
3414
70183
4623
5238
6001
1046
31410
2819
8645
3135
7164
99145
3089
3543
6777
5772
2936
33660
1834
8880
2434
917
500
66665
4380
58
927
1982
4188
3702
1884
1354
4816
3203
52973
34338
58803
109249
1034
88140
1271
5341
67255
4661
562
412
26587
1057
2442
6378
7136
5608
2961
7771
6725
4789
8264
4263
4720
79702
3213
89804
1321
3989
2761
850
4537
1974
115569
91658
477
1827
4424
4410
86
8042
27831
931
2273
4809
53956
64620
3536
2352
1348
556
6565
99764
2118
3503
3105
52952
3949
3844
2949
4369
3967
1554
3342
8123
8261
53887
26501
86487
26797
7087
74089
5475
4428
58649
55063
96075
163949
101850
112577
104119
114464
150856
7235
34321
94466
103048
68848
111921
7836
2131
80906
6281
2985
6755
1994
3429
1191
