user_recommendation
318
296
260
527
858
593
50
1196
356
608
2571
2858
1198
2959
110
4993
1270
1210
1197
1221
589
912
457
7153
4226
5952
1291
4973
2028
3578
1193
1136
1704
1089
32
1
150
1240
904
111
293
1213
47
908
541
750
1617
899
2997
2918
2762
778
364
1203
58559
923
1208
6539
6016
969
1225
1252
480
2396
1259
79132
919
1247
913
4963
4306
497
733
1968
953
588
1682
48516
2599
745
595
44191
1207
2324
2797
6
3996
1036
2329
1148
2804
1206
2692
1961
1219
1230
1228
2502
2542
349
920
4308
4011
1214
1172
2716
3897
1060
1625
1199
1204
1307
1288
926
1250
33166
3147
2064
1732
2019
903
590
11
1200
1073
46578
1947
1610
7361
1304
924
1258
1265
1246
1276
898
36
32587
2115
1222
1580
1097
4878
1278
48780
6377
4995
1233
68157
1090
377
4886
5989
8961
1267
246
1293
1234
3462
1953
55820
4034
1035
2194
3421
1393
475
910
40815
1952
50872
555
922
1094
1212
1217
2712
49530
905
1079
4979
59315
954
265
1674
232
2501
671
1945
8368
5816
223
515
337
1394
161
1584
471
81845
2791
5903
116797
3114
1263
357
3793
76093
5669
17
648
2291
3435
1957
1673
916
2186
2268
2890
1084
2289
2300
1254
1374
1244
3481
2580
8874
30749
474
994
78499
1262
8636
3386
1299
950
7502
1500
5995
56367
3307
5444
2917
1028
3468
33794
57669
69844
3735
1077
319
5991
1641
86882
4027
1256
380
3671
4085
3363
7090
2871
1376
73017
3510
1280
3039
44199
106920
1954
353
194
5618
34405
72641
88125
911
2125
508
3730
1356
1784
109374
741
31658
914
68358
628
1729
62
3949
1220
1287
1080
1292
112852
88810
33493
2081
3104
7147
5418
2490
235
1192
2971
1939
529
3362
3448
54997
92259
2739
3006
2005
805
440
5971
6979
3868
81847
16
3256
1215
6378
1960
1284
955
3081
1408
8970
86
5225
54286
44665
4896
56782
1466
1343
1834
3683
272
2202
81834
1223
1103
1527
1305
412
2020
2359
3916
51255
3083
1120
2231
89745
4007
5956
1269
5114
1948
1281
5630
3361
1096
1927
44195
1231
928
2690
5064
54259
88129
63082
134130
2144
3310
4014
2357
3791
41566
1663
6942
800
6787
3035
2243
6502
5010
3703
2076
29
4235
2863
6874
1358
2318
538
735
106696
1224
2395
2467
81229
1264
8132
109487
2391
3246
68954
946
6796
3095
91542
368
3317
3000
68237
509
1237
3499
74458
54503
2761
3952
1959
99114
69481
8981
106100
35836
2132
3359
59784
1201
2321
50068
6188
3088
3418
951
94959
348
53123
280
3203
1754
1066
3134
73290
1238
2648
38038
1303
3007
927
106782
1131
290
6870
1994
58803
175
720
2232
3175
1302
81591
3198
3471
1272
2795
1946
2406
930
54001
3469
1178
3101
112552
501
6281
262
3038
1260
942
2248
68073
1095
7116
1387
1357
2105
3022
1916
7263
104913
3983
4427
44555
921
2070
2078
1688
7371
1950
933
224
115617
28
106438
6565
2612
1411
1296
1211
64839
1248
4103
2924
98809
40819
1962
4450
299
69
6711
69757
40629
6350
314
48738
2109
87232
7143
1680
3504
4225
2841
64716
3355
30816
7099
261
2303
1537
31878
30707
3260
6807
3545
3275
1147
6662
3505
3424
3252
307
6385
1907
3176
55269
2846
80463
2208
52281
3788
1189
5812
8807
2366
102445
8958
2160
5992
2068
3044
3548
838
3213
68269
110102
8950
3429
3524
2137
1963
2355
6863
3068
1923
3070
39292
431
2463
428
1997
1175
1257
8665
2352
3152
55069
1266
477
2788
52
2353
8784
2819
945
2423
6380
3016
7132
58
1298
115713
79824
3071
41573
32289
80839
48791
2529
3200
5446
4489
6273
45950
1227
178
1179
6104
373
106489
3512
1300
1023
2096
37729
2203
492
6235
56757
27773
2973
915
1958
832
106471
51935
26242
306
162
107559
2726
2331
7137
7013
91104
96079
4037
65261
6003
106441
6936
67255
1285
850
55052
2935
3067
6669
26524
55267
3270
2138
900
45728
1955
98491
390
97938
8633
581
5146
2351
6001
64957
3201
6331
5152
65514
7767
4467
7075
41
454
4642
1086
6643
89804
104374
56152
2763
1396
233
2245
3594
60397
8542
6918
69122
7386
3686
6783
3019
2563
7212
3089
940
3414
3739
907
81932
2288
3034
6773
47610
27831
1944
4406
3527
80
4623
27803
1982
535
4262
6269
2929
3167
3476
4846
4019
1243
2644
1810
64285
6618
7136
3420
61323
4914
300
1934
2938
2919
5103
26152
3702
4696
37733
7022
48394
2011
2267
2664
3219
565
3701
31410
66934
7091
4789
6725
54995
1333
345
6620
3091
1616
3910
7373
4518
3536
2278
8938
56251
2936
1563
4591
3892
5427
4076
1450
4796
1819
4930
3160
3341
7844
1029
105504
7256
3973
3814
1964
1719
3153
2947
4776
1734
32525
97304
333
3742
93721
2780
2474
222
9018
7932
91673
4252
26599
1693
1352
943
4304
3251
1860
8955
521
122900
973
1283
6552
1049
1249
26729
2920
3033
151
514
8933
68838
154
3406
3111
2985
2117
3098
3196
4848
1209
1020
2066
1931
56145
7802
1354
4567
2880
4565
4717
876
4442
837
37857
122882
1218
6724
7164
4016
2176
90428
1242
7649
8125
81564
3507
2140
90866
1361
2046
1921
1942
531
3358
58295
1967
21
2745
4679
2728
3100
3501
1177
5878
4086
3627
7285
4865
4422
1827
32898
30810
3365
6440
37741
4263
89774
51471
102993
27478
2961
6986
4787
85414
31116
63853
8228
82169
55276
3724
3470
6777
3911
3060
268
230
1078
632
53
5690
142488
7156
3037
26662
4352
938
32598
2731
1019
100714
59995
7827
147
65188
34153
6732
575
965
55250
935
8528
4033
60756
95167
1794
7669
2313
47518
3364
3811
8042
1476
281
6283
7320
6244
5460
6254
4277
4054
89904
3966
1949
82
59018
8208
2432
3967
1032
101
134853
534
27846
8199
2952
3629
4660
5475
4661
6286
4720
5782
