user_recommendation
318
296
260
858
356
527
50
2858
593
2571
608
1198
2959
1221
1196
2762
1704
58559
1270
1210
1197
4993
1089
4226
1213
110
589
912
111
1136
4973
150
1291
2028
5952
3578
1225
1304
7153
1
1617
1193
778
1240
1203
457
47
48516
904
2692
1265
908
750
364
969
1258
2396
899
745
913
1252
7361
32
1247
4963
6016
2329
541
1732
1036
3147
1961
590
4011
1682
923
2918
588
79132
2599
1230
919
924
4306
4995
2804
2064
1219
1148
8961
2997
1923
920
33794
2501
1259
1079
246
3421
2019
1307
953
1393
1206
1208
903
1250
2716
2791
2542
1580
1267
5418
32587
3996
595
54286
2324
1228
11
1945
4886
1199
6539
59315
293
1233
1356
5989
4027
1207
357
1204
1028
1212
1172
3114
6874
1080
55820
1090
1234
2797
474
1060
319
21
1997
3462
1217
1276
1953
1097
1947
2502
1288
4034
30707
3897
3793
922
4878
926
3481
509
3949
5995
2268
720
497
1625
57669
1321
1376
2231
1674
6377
58
349
27773
1968
1387
6
232
44191
2115
33166
1500
3435
905
1954
1272
515
1084
1293
78499
780
2300
1256
17
1584
36
2289
1222
910
5669
3363
3471
898
300
76093
1527
2186
5673
194
1994
2739
671
74458
3307
1952
1094
480
3362
1262
2467
62
1244
8665
3468
3952
1263
68358
3730
1214
1784
54997
529
5991
2890
5010
4235
1927
48780
733
8636
2580
7147
39
916
3007
51255
1220
2359
6502
2406
6787
2917
4007
69757
68157
994
44195
7502
109374
3911
1201
5064
1834
1254
2194
49530
5903
46578
81845
25
1299
49272
5618
2248
34405
2005
1209
2871
968
3095
56782
1948
7090
3735
3868
951
1374
50872
31658
954
950
63082
1246
3160
73017
1466
1302
2973
3683
1237
555
1278
838
1407
911
253
2490
16
928
53123
3104
2202
2125
1260
1957
3134
40819
1680
2132
914
92259
7438
70286
3504
1673
1959
68237
1215
86882
41
946
508
306
89745
6565
27611
44555
112852
308
832
475
2278
8874
1131
106920
1280
141
2690
40815
1610
6711
3030
2947
261
3365
1343
2066
54503
1939
1962
337
4014
307
1950
7116
30749
1192
2096
44665
2863
1257
6979
3983
539
1178
2067
4085
3088
454
56367
106782
8957
3035
3510
3201
3545
1231
3022
440
1283
1251
81932
8132
8784
2971
3310
3801
3671
5218
3263
1287
1096
1269
8228
2572
2020
1912
1200
501
82459
5816
2352
3152
72641
1946
6001
67087
6669
73321
39292
628
6936
2763
89804
2081
8970
1537
3000
1211
1963
930
368
8917
8807
2291
3198
1944
1261
2357
412
6732
91529
6385
2243
1264
3386
122882
109487
1147
99114
918
3
8368
1248
68954
3967
4623
5630
2080
85
1227
2929
534
87232
7156
2924
1810
1641
3176
1300
1619
215
115617
1956
3178
122904
3251
235
3033
3910
71535
3038
1361
3101
1960
299
72011
1296
1719
6333
1885
1218
3414
800
2712
4450
3200
3359
5291
1223
3505
594
1916
581
921
2344
2792
4427
4679
88810
431
1271
535
2788
2303
91542
1358
56587
1104
2819
1348
6273
104913
783
441
1281
4641
1238
1616
3100
7132
4262
134130
60069
3006
6643
69
96079
3408
64614
3742
3418
102123
106489
428
458
223
156
4128
6662
348
2318
5956
927
2648
3328
1103
4225
2707
5114
6796
262
3543
64285
88125
3546
40629
7212
31878
2087
5902
2118
2137
4188
79702
3499
224
8958
1354
69481
59018
1086
2245
52885
492
6773
5782
7263
1333
7143
2925
51540
3089
2474
31116
51471
1982
4223
3317
3739
3524
80463
1049
81229
6957
59784
4019
44761
8933
4380
2366
59369
471
26614
353
1066
1934
131724
89492
73
3512
110102
2984
5445
2232
1021
3527
3081
8464
2951
62849
5055
3260
60756
5444
3503
6783
2946
272
102445
678
97938
4483
8125
54881
6708
29
67997
965
1088
7075
3252
98809
1955
6777
5608
112552
7320
935
3653
4661
55276
4021
36529
6807
4037
4263
866
26587
7013
7091
3098
766
3507
5017
1077
1408
4017
8542
1357
2321
5475
2846
2872
3071
8188
69844
4191
94466
3638
3037
3044
4062
477
2936
2746
3791
3741
3469
805
6993
4945
4466
6870
2355
8199
1224
127152
907
8981
52435
3358
6378
2726
64839
106696
1345
8880
26776
6986
35836
2336
2395
28
3091
4979
1120
3129
1035
2916
741
6450
7787
2750
93510
86
44974
102125
2208
2612
8798
84152
1429
2203
1611
3360
4054
5992
280
3364
97304
3167
105504
3420
4422
44199
3361
74946
4022
3632
27846
3927
4465
175
2795
1189
3871
4187
491
1266
1232
81564
6380
4239
108932
3168
36708
6987
2138
51662
27724
36931
37729
3039
443
7767
6187
229
53129
361
1303
8370
54259
3175
38061
1394
2150
61323
2302
2403
1729
2288
5135
71899
3341
3011
1305
146656
71156
1249
1019
2447
55069
5013
3246
3475
900
64034
2011
3070
2099
48304
973
1884
1938
7137
2090
71033
76251
3811
55247
8154
3429
2664
7256
56251
3701
116797
7766
4321
945
3406
2935
3494
1964
52458
6530
3565
931
3706
845
1484
7160
647
2023
2252
2948
53956
106100
99764
91104
1942
38038
3896
101
345
38499
222
7669
3852
2732
48774
7386
2018
62956
62374
7943
115569
915
861
3448
8533
65261
3083
4571
116
2144
1081
3424
1330
971
7235
89759
268
77455
4642
2078
596
27592
30745
3020
80489
943
322
2920
3916
7700
1020
5446
68269
1034
50641
1185
1284
79824
80839
48791
32289
41573
3736
112556
3478
373
1913
4351
98961
4238
1177
7373
107
81562
1032
4029
3097
632
53
2160
128360
69122
68838
5339
1344
2841
3194
115713
4016
1023
27317
7123
4327
134853
6713
7981
2398
2391
4914
7371
3357
6753
4190
4103
2985
1827
44788
483
2983
3451
4903
538
138036
2677
6201
2434
56152
103444
6003
850
247
6235
2594
4086
3476
58303
85414
4700
4537
58351
3639
111759
45950
3728
8950
5319
6954
