user_recommendation
318
593
858
296
356
260
50
527
608
1198
457
4993
1196
2571
2858
1221
1270
5952
7153
2959
110
32
2762
4226
58559
1210
1136
778
1089
1197
1704
4973
1193
17
1291
150
16
912
590
1252
111
1213
1304
2028
1617
1
2329
47
2692
1203
1219
3578
750
500
4306
1214
923
235
953
2997
364
541
1387
745
357
904
7361
300
4886
1079
1222
969
2804
920
1265
6016
1208
3481
3147
1225
8961
905
1732
1200
1204
2064
1233
480
919
1207
33794
1212
908
529
4011
1356
3363
2019
589
253
194
368
25
497
1580
1278
1953
913
922
903
4878
229
1923
720
2406
3088
2324
1259
2542
3671
1288
1393
44555
1299
515
6874
733
2716
1246
6377
3949
1258
1682
161
1217
5902
79132
508
2395
2396
1094
2791
5995
926
534
2987
6
2467
1090
535
307
3735
458
5445
1254
1148
1084
940
1292
899
162
32587
1228
1271
3081
1215
306
380
319
1307
246
2115
1234
1032
1263
2470
2020
2278
4235
1674
48516
4027
4995
951
3793
2291
1036
2318
2300
1961
76093
4034
1354
551
308
5618
838
2690
898
1302
509
2917
1952
1321
1276
968
3435
3510
1968
3020
54286
5418
1211
1282
1240
1028
4963
8957
39
3911
230
3468
3897
50872
3007
3200
1293
2863
3730
2352
3341
1954
3362
581
1250
2194
491
349
1272
1784
2081
2248
3683
1256
1206
1080
46578
1244
1261
2490
1269
1262
938
261
1097
3406
954
2599
1029
911
1267
2288
1688
1610
156
3307
994
30707
539
2005
766
1500
2502
1884
454
1939
3037
1982
955
3134
1220
1625
57669
1673
2125
2137
299
2144
942
56782
628
58
475
1348
3868
3153
109374
2289
943
151
1266
1948
64285
51471
7212
55820
31116
38038
3114
596
2871
1131
1130
3672
2968
594
2268
928
1186
60069
8368
2529
51255
1411
1945
3917
538
1230
29
2739
1305
281
134130
3527
1066
1060
1120
37729
1020
3653
3499
1245
4086
3421
106920
1201
3095
3198
122882
1641
2474
5954
728
3038
70286
1357
1994
2846
1957
3524
5673
2132
2622
2313
68157
7438
4262
3448
69757
1035
6385
1172
44195
1077
1237
471
54503
1527
4105
36
474
34405
3160
48780
3702
1264
1298
3347
1935
3548
2109
67087
914
6870
4351
6807
3361
2096
41
2143
3089
1361
501
2336
2938
2302
2985
866
6565
3101
3469
8132
3112
3967
1300
5630
2501
1227
5816
4128
1303
5971
61323
2750
1238
1192
916
40815
1209
7147
30749
74458
78499
5669
85
28
56367
2919
46976
2890
2193
2099
531
3083
1268
249
3033
2080
30
1711
81845
92
2459
373
1287
27773
40629
6187
3300
348
3044
555
6502
1680
2918
2872
2070
3360
55269
2551
6708
671
1701
3462
73017
2208
59315
8784
44665
6331
3175
1161
53123
2707
2111
5679
1103
2797
1260
2648
74946
514
1419
1719
5876
1086
1885
1965
1960
6796
1224
109487
2116
3476
802
2746
1827
4140
4520
1931
1374
3405
22
1339
262
4896
2344
3000
3167
77658
2046
72226
2119
2203
68954
4681
350
3742
1394
2366
707
97938
3983
3545
44191
247
178
86
3091
2659
4321
3152
290
239
2859
800
1096
1095
64614
1963
68358
2795
6201
537
6539
1619
54997
215
3035
116
1834
1946
6242
58047
452
3471
222
1947
100
88125
1199
1179
2469
7263
73321
6188
2752
1925
918
2102
3265
3355
3417
3447
984
961
1455
3165
2173
2971
106696
1242
950
3019
3213
80748
3275
2572
134853
6286
1061
108979
1274
1967
921
945
1231
3071
3359
4450
39292
3181
2973
661
8464
6440
1949
2594
1082
38061
1012
52458
1466
4979
345
3068
2357
2580
933
2238
6333
2907
1019
79702
8874
3728
5989
36931
27724
62
7116
326
5992
1376
6936
2138
616
1729
4679
27611
2058
6787
7502
3342
69481
2664
893
2359
69844
2792
428
6753
1178
2110
375
3086
1279
2232
1940
31184
1345
2520
1449
3246
2728
232
3789
13
1022
1280
4448
1464
3022
2935
2433
900
337
81932
633
6552
33166
1285
88810
2721
1934
1927
3203
2427
35836
1408
1127
3814
96588
1041
2712
3629
2140
3060
4873
5319
7027
3418
915
71838
225
4039
6863
931
3996
65188
6380
2696
49530
104374
1194
116797
3090
54259
3357
167
102123
7090
45722
4903
73344
5608
5747
3811
1663
3420
4017
907
1997
2434
5903
2271
3271
99114
3066
314
832
4848
2694
1177
973
6516
1921
1333
1099
1904
1281
2841
930
2130
6987
1584
4007
233
2011
36527
6711
68237
3504
164
2090
62374
3952
708
3104
98809
1344
363
56251
1255
31658
2745
2575
4223
2423
1649
587
69
127152
80463
72641
1243
2150
2432
3310
4641
98491
2866
89745
96829
146
1956
3424
1463
3412
2596
553
901
2349
2948
54881
53956
6586
4103
2038
140110
1147
3317
56949
1081
2321
64034
241
2517
1629
1034
2901
91542
5444
3070
2290
312
3163
2612
3102
2779
741
1343
79824
68269
80839
48791
41573
32289
2333
2186
2686
970
3105
2018
6269
1944
417
2057
1223
3852
2442
4081
1797
6650
149
3633
3751
2988
3178
6273
678
341
2252
63131
3535
3724
73106
1033
3016
1189
106100
2453
3168
2463
1031
6985
1611
1125
1958
2398
1480
2010
2131
91104
122890
2024
1892
3783
4085
112421
72395
927
1805
72171
176
5025
101
2263
1175
3833
184
2243
8191
81847
32898
1078
3100
3635
44974
3479
1236
523
1358
49272
6254
1771
621
384
183
2267
3021
3973
1341
2315
3272
2553
2982
1312
3547
3557
3576
3490
2495
2682
3679
1531
1543
2419
1554
3281
49
3757
1615
3804
2560
2337
2945
3837
3851
3807
492
2912
4499
56152
7156
935
106782
2177
2761
2902
6461
3516
412
1483
2867
1057
26084
2764
8183
6666
68135
2112
89804
112552
2924
3274
3260
3591
94
5017
1835
115617
1484
31410
3598
8493
240
3910
2843
71264
