user_recommendation
318
296
527
356
260
50
608
858
593
2858
1196
1197
2571
912
1210
2959
589
110
1198
1270
1704
778
1089
1240
1193
293
32
150
2028
1136
47
223
1732
3578
750
2762
2396
1221
4973
541
457
111
4306
1225
4226
1
7361
1213
3897
2804
1682
904
6016
1247
899
1291
4963
908
920
2918
1961
364
46578
2692
3462
497
1208
2329
58559
926
590
1610
1233
4995
1265
44191
2797
969
4993
1673
79132
745
2997
923
1204
48516
2324
1203
2599
1097
1206
36
1230
1207
1968
6539
6377
1246
1148
1219
1617
1307
595
919
953
7153
1172
6
913
5669
1625
1199
8961
1259
924
2542
474
910
1060
5995
2502
5989
4011
1293
4979
1036
922
2501
1079
1214
4308
1250
32587
2395
3996
5225
671
588
4027
246
2359
1945
1394
1228
349
55820
480
2194
17
1073
2019
903
1884
898
2300
4034
475
1212
3435
235
1252
232
33166
357
4878
7147
337
2231
2125
1267
6874
555
1957
1096
1084
8784
509
2716
1374
1304
471
1584
56367
7451
3671
916
68954
380
116797
1784
2580
61323
3386
3176
50872
5952
508
377
529
68157
6942
3421
994
2761
1674
1217
1200
3114
1028
2132
1222
1288
1223
4235
265
3006
8981
1358
2068
44195
161
1500
2064
1299
30749
1287
8970
1254
2186
1278
2010
11
2712
2791
162
1947
955
1258
1220
1952
3481
4886
175
1262
1080
3147
1734
1276
3256
81847
1376
48780
911
42004
45728
1234
2690
905
3471
3418
78499
1280
39
2321
968
54503
52973
49530
3039
2917
1192
35836
1537
1393
1269
1641
3067
3949
1719
3730
4014
3160
97
6187
5444
2871
4085
59315
25
56782
2144
2302
314
63131
2289
58
109374
307
4720
1948
6711
1242
56339
44665
3317
3201
2105
4103
49280
26422
534
1035
2087
68237
59418
2268
3072
1927
1408
34162
72641
1256
76093
1025
4007
6993
21
1101
3363
412
954
1251
515
2929
1090
951
946
1953
4427
3362
3448
3952
1944
3545
3814
300
5971
1094
5010
194
106696
1127
5618
74458
2243
1387
3504
1224
6807
2947
2303
628
3361
838
3252
29
1104
921
1748
3307
733
8874
261
2248
86882
1260
3788
1178
6188
668
41566
1396
1237
3476
914
5103
720
3510
373
2301
8638
2085
361
928
5956
562
3275
68135
81845
2291
538
581
62
109487
1273
1023
3911
44199
4019
88810
1281
3468
2890
3310
1305
30810
1046
900
5992
3702
3683
2020
5617
1354
1950
3552
85
5064
1466
54286
8132
933
28
134853
8665
2318
5902
7285
1066
1960
5028
51255
7502
1231
1283
7263
3594
2572
3020
1264
3134
1963
8228
6378
8366
5673
1527
4914
4658
1834
2846
26150
52617
7574
7564
26578
4271
872
1921
1244
3270
8239
26258
6783
306
3035
3360
6003
1962
3983
40819
5991
2529
26242
2042
5418
1959
3910
805
3000
68269
1077
81834
92259
3916
3686
5013
5630
6787
1964
68358
2005
492
1103
1019
8645
79824
41573
80839
48791
32289
51540
3424
7099
46723
7256
866
59387
2553
1238
3408
3499
4225
2278
950
363
1211
39414
104374
2863
1357
3089
3359
31658
40629
8464
3735
3034
1120
72226
101
2908
2351
156
1266
8955
6918
1860
764
1175
7767
4450
535
7136
915
3210
1173
319
115617
42418
1845
2434
1693
3083
1257
69844
1688
71156
88125
1912
6870
2460
34405
441
89904
2973
308
151
54259
4357
6440
39183
6936
1248
1099
7063
2670
4273
930
2115
3104
927
2731
1946
3429
6565
1215
3200
1303
1754
36529
1955
1285
30707
2490
4033
3022
3341
3791
1895
47518
3548
4970
5505
4277
1343
26729
1296
8933
1827
345
8636
53123
348
1218
44709
1810
6732
90061
4755
1015
27803
2176
55069
33669
106920
945
5876
2208
48322
106782
428
2726
3703
1300
309
53318
2081
3414
5791
2333
3498
3251
2971
2732
68347
121231
3783
3629
2686
140267
144976
4722
70293
48738
8873
6218
222
73017
2331
6796
2936
7091
6873
1095
64957
1658
60397
96488
2976
6669
321
1191
3198
3809
1078
6643
2202
6380
1272
79702
3246
7320
8880
59126
8958
54997
942
2355
2750
4263
3469
3505
40815
514
141
3456
26472
224
3868
1711
1923
1086
2357
8528
82169
549
7072
431
3477
938
8199
2330
4188
850
8368
1639
7373
2117
47099
5878
58303
2935
1934
1958
4489
56152
3007
70286
4179
33794
2459
77800
41527
1680
2951
8542
5008
111921
38061
215
37741
1616
2078
1232
3196
4855
38038
26947
57845
8576
41912
4741
71640
7459
501
52952
64034
2423
3098
935
8580
5446
7386
180
2648
6986
2920
3451
6281
5812
4612
3095
8650
2927
7208
25852
32525
47728
8121
7212
73
206
281
5218
3060
40826
64839
7265
59784
7156
4326
6786
86377
142488
27700
8807
800
154
663
1302
5391
5810
907
4705
2728
4422
5177
25769
8969
54281
1663
68838
6975
2403
936
1112
5015
2344
3088
7013
4086
7787
7371
4537
8042
93040
1994
4616
648
1179
7132
2467
88129
2620
2232
81229
2819
94466
3551
69
1292
30816
26326
4334
446
3071
6269
89745
106489
1243
2463
7090
3412
6957
2952
4967
6881
7164
347
1939
6436
49272
680
3074
171
2539
333
4920
1021
1042
66665
3512
2624
2137
4978
3159
41997
3357
6235
3342
2420
2096
8949
61024
2363
216
4190
4191
3701
1177
1284
66934
39292
4262
2779
2076
92535
1645
1942
58347
3203
2739
3168
524
3364
26318
65261
1333
7802
3037
2082
176
2348
7154
6776
1937
39416
7773
1729
54328
3844
5633
6932
556
2245
37733
6611
670
3245
940
3654
7075
3255
27846
4037
63082
268
7979
110102
6123
5679
6331
4903
146
4304
2949
2721
40583
26131
7375
104069
2145
58295
2745
36535
7649
50068
6777
2496
3871
3478
1924
6662
551
3524
233
26524
94959
8950
845
483
6552
1914
68848
2273
647
64285
6450
51471
6791
89804
6480
1201
122900
40491
61206
4470
58425
2673
