user_recommendation
318
296
593
260
608
1196
527
50
858
356
7153
457
1198
4973
2571
1221
110
4993
589
1240
5952
2858
4886
2959
58559
261
1210
1193
480
1089
474
111
3578
1213
150
953
2762
969
541
59315
778
265
1197
1136
47
6377
4306
76093
1
2329
477
4226
1270
750
912
1207
4308
2918
2028
509
380
60069
1214
1259
293
5418
1036
1682
2692
4011
246
1208
1219
10
1035
3408
4027
8665
904
88125
1220
1204
2324
3255
32
590
908
515
50872
1097
1291
1304
1222
4963
913
70286
288
81834
78499
1968
4016
307
899
1206
1732
223
3147
1200
5444
1203
17
91529
919
1258
1610
6539
923
364
1704
6016
69481
81847
56782
2443
122900
3186
497
1393
5995
162
1228
1262
898
1278
109374
2501
2396
88140
2194
68157
4034
1103
112852
1225
1394
1254
1252
8961
1356
2403
3897
1217
7147
1231
1247
3101
134130
2599
306
54286
3703
8798
4878
1961
111759
1835
81845
161
932
928
916
3755
508
349
44199
926
955
1060
2291
1088
922
339
6
1104
11
40629
4014
106696
1387
3969
1230
5060
68954
69757
1288
2330
4896
3916
1287
8873
69844
48780
4246
88744
319
60040
104374
1954
292
72998
2248
48516
333
903
1178
1028
79091
3471
2804
79132
4054
1945
2580
1242
16
194
1199
350
1238
920
30749
968
1233
1407
49272
3527
1172
3114
116797
2288
1952
531
1260
3504
2542
56367
440
4901
86882
230
1358
3270
1079
1267
7361
3481
1234
1073
1211
2019
7263
34
1293
272
1876
3730
951
6874
2064
910
134853
1059
3033
3317
1212
2336
40815
5377
1500
2797
6711
3060
6378
595
1296
555
1617
1095
1299
5630
1029
1265
3082
2359
1084
2289
736
534
911
1248
1361
3361
41566
1641
3911
2357
3671
1201
1284
63082
1257
1272
1956
111362
2763
3594
31658
1244
1276
308
7139
971
87232
1269
2716
98491
2076
2300
3000
49530
1283
720
7502
994
475
3702
58
1090
2115
2268
32289
48791
68269
79824
80839
41573
37741
1653
4995
1348
88129
3462
54259
6502
1947
95167
77846
2132
1408
2791
106782
33166
3167
106920
8874
4357
73017
2908
99114
44191
3468
1041
7669
1148
152081
122892
2278
745
96588
57669
1374
3510
1884
3699
1223
1948
3783
96655
2287
262
1411
5349
1957
106489
3108
2541
1292
5225
930
36
56941
501
115713
3022
88810
8636
60397
1907
6787
5010
3037
4235
1147
754
915
55247
326
2761
954
934
1189
2067
1264
3724
1953
1085
1251
115617
4979
4103
2916
3683
780
89745
224
5816
465
907
48738
2726
2644
945
2202
866
6942
3793
337
8970
2890
3825
64839
2961
6662
2871
34072
3386
58347
7090
1354
1179
8530
8132
8949
2947
581
1960
2020
2186
3686
7164
7256
68135
3417
628
48394
3633
1307
32587
1635
14
59784
91542
121231
342
2303
82169
1127
4432
2000
5679
1466
1946
79702
110102
140
8533
85414
3865
3879
7265
3421
44195
3507
2563
140110
950
77658
3088
377
671
5238
40583
108932
1094
3307
111921
6852
529
6218
3362
2038
4677
6375
909
28
1253
3638
2430
3536
1719
94959
2395
3915
81229
1797
8366
2949
3152
50068
3135
3081
1344
300
1950
45950
3476
2144
26729
5989
4037
1066
68838
47099
1722
99007
2648
1285
2117
2125
117192
2467
3260
175
62376
3814
6985
2971
2302
82459
800
1086
37729
1305
3896
46976
58295
5445
1175
3741
5341
3359
1080
1255
39292
2562
760
6093
938
112175
29
2664
81564
62
55269
1303
1674
32898
3684
4903
39
176
3677
6754
5618
3424
733
30707
3418
105504
5971
1237
1081
5013
7132
3989
3546
361
8493
3639
30812
3467
2243
927
116
4326
3551
222
2843
33004
454
3196
4085
1273
2285
1266
2731
38499
2612
27803
5475
2925
55442
49957
1939
3310
7459
41527
8645
1994
902
2078
2474
2732
2398
2728
47610
1256
106072
5099
6299
1243
70293
25805
2897
8254
314
2863
4369
42418
55267
1096
96075
26501
8264
26797
8261
101850
53887
8123
86487
4410
4422
58649
4428
4661
5017
3038
74089
55063
2283
7087
3872
7116
81932
7419
104119
163949
114464
112577
150856
26693
56152
3019
3742
115569
4969
4292
102903
5812
54276
6001
6869
6021
6591
108979
4809
4019
51412
93363
94018
6959
8972
2203
2946
87306
6480
7386
53956
40819
7836
3653
277
373
1235
1537
89904
3469
3035
2687
7215
280
53123
54190
599
6773
2846
6776
41
2941
2454
2819
1962
6003
64034
4047
1343
46723
6101
7075
8784
3746
1845
84152
5385
90061
4755
86332
2917
3831
3967
363
3201
7698
1357
2935
6184
5878
128360
6863
942
6565
1250
1419
91500
8622
1224
3246
3635
1959
4881
159
97938
97913
1611
2145
6598
832
109578
8966
7156
3104
78105
79139
4349
33171
1177
1280
60684
1777
6724
441
491
3505
1297
3095
4366
6350
6552
3168
54503
1019
55276
3363
2109
6331
5146
1013
72226
6666
41997
55052
3200
1909
44197
1680
3077
3435
2208
1077
7285
89804
4427
3798
2066
6987
44
1186
27721
1023
48696
653
2490
8958
52885
106916
2010
112183
1913
1078
4218
905
4361
98809
4623
12
55253
1380
6879
2352
6639
26084
4263
4322
3952
7099
4021
8228
3102
493
3868
36525
233
36517
52767
76251
106642
34150
58803
6461
6954
3925
42004
4537
6777
2363
357
1099
2987
3039
68237
6530
68791
98961
57504
170
7084
106100
27846
1964
3254
921
51255
62081
4965
3704
1729
2488
4720
1693
26524
1046
1927
448
26133
78316
2084
46919
7375
91886
62912
5102
104841
4128
116823
135567
104863
115664
67923
95858
87222
56607
99145
45722
7160
8464
5782
1218
74946
3007
92259
741
8042
1209
1834
51935
86504
26178
7091
7089
7478
49278
68073
3882
1281
2423
56775
3451
2502
3330
171
2788
3966
3475
2432
108583
73321
680
91077
52287
58103
94780
5882
52950
8607
5478
3063
917
6974
6947
4327
122920
6062
36529
91653
54272
940
6659
2366
2042
390
