user_recommendation
318
527
296
260
593
608
2858
50
2571
356
858
2959
1196
110
1198
2028
47
1193
1210
589
1221
1270
912
7153
4993
1247
1089
1197
1704
541
750
1291
919
3578
2918
5952
1213
457
1073
4226
1259
32
111
1208
1136
1225
778
969
3897
293
7361
2997
2762
908
904
2797
1265
150
1961
590
1204
1228
924
1036
1610
1222
1240
1252
4963
48516
58559
2329
1097
1625
923
1214
1682
1148
1
1732
1258
1219
17
898
1203
2396
1299
899
4306
2580
497
5995
2115
194
2599
6711
364
79132
6
36
46578
1250
1207
56367
480
1246
3462
6016
913
1084
1287
1968
5989
68157
1035
595
1206
926
1278
2324
1220
1060
1172
1199
1079
1242
2194
2268
1233
1262
3176
953
5418
3114
1617
265
6874
8874
922
588
2716
1212
1254
4973
1584
59315
671
5669
4308
903
471
3996
1945
44191
910
1304
3481
1230
1200
377
3386
733
1673
3147
8949
3418
2359
5225
2791
337
55820
306
2502
3160
1358
1080
2064
6539
1393
1090
1217
349
4034
1960
2542
1267
2019
1025
2712
2132
1953
308
2186
1028
2692
357
508
1387
1288
1946
2300
920
29
4103
1466
3421
1693
30707
1293
235
1408
163
475
745
246
1104
307
7438
759
2804
1224
1276
3683
2248
1264
509
3203
32587
35836
1947
4878
3793
1927
1784
78499
1948
223
555
3499
1952
1179
1266
232
2761
968
3006
4037
5349
1185
33794
16
4995
54286
1719
380
1041
3362
33166
866
28
994
64839
1178
474
1095
1263
3095
2863
4979
175
109374
1243
56782
955
68954
950
106920
74458
538
3730
581
2005
3504
3435
2890
2303
1361
92259
34162
4235
2917
1939
5013
7147
1096
2944
1235
1183
49530
2395
1674
2686
529
534
850
1884
1223
1296
1957
3916
1256
1356
2971
3468
88125
50872
2728
8784
1283
1272
44665
1231
162
2289
63082
1023
2529
25
6333
8961
909
8981
8636
2745
2302
3545
81591
2908
3201
1307
2020
5902
2739
3469
1357
928
1077
3868
72226
1500
3671
954
1103
3724
2202
971
515
1269
1273
3256
44195
176
1944
116797
281
57669
8665
3747
314
6796
551
2243
2987
1211
6440
3510
1285
3342
55247
3783
5064
2732
2929
62
4848
54503
1127
49272
3429
3424
21
2105
441
3252
48780
44199
272
900
787
3471
3071
4688
4047
805
86882
3552
2287
1305
4117
2231
3020
945
1407
373
1921
3150
1248
27773
8207
6377
81932
6773
916
5060
2125
4641
3448
7090
34405
1085
2952
8970
3019
2871
6807
2434
106782
3417
4085
8368
3036
2575
914
280
3060
2985
2648
26729
1962
4211
1754
7235
2291
720
3200
7502
800
3088
1950
6378
1333
1374
31658
80
68358
6979
134130
81229
2430
1192
1956
72
1251
1237
1292
3686
431
5103
1147
1086
6662
6552
4450
2010
3476
51662
6101
1046
7022
2644
2501
85
3134
7132
32898
4776
927
3000
2067
7099
2730
2076
921
64716
4007
2357
1209
37741
69844
51255
5010
8958
3167
4537
7451
112183
1019
48738
3814
3034
4033
40819
1964
1411
109487
951
2726
233
54259
7139
3507
7669
4422
55269
1680
2278
8360
363
3007
2420
3168
104374
81834
33171
3152
213
3275
5444
628
89745
6942
2203
3038
1834
42418
91542
54001
3801
3100
81845
110102
1282
1029
2690
1419
3108
50068
3101
63131
68237
905
838
3035
911
1049
3196
39414
2058
7419
1057
2467
3363
52973
1257
2403
8528
4489
5903
930
4432
42004
79702
44555
97938
2925
101
36529
8132
63876
4027
7087
1959
635
2664
2951
6104
7285
30
3546
3039
3033
5415
1094
105504
936
56339
3983
2232
40815
1963
134853
2353
46976
3359
2459
3763
5816
27721
5329
290
2966
73017
7254
7116
7836
40629
230
1284
2946
1635
2612
5341
26524
3735
1066
3307
4661
6184
7767
6187
96728
1810
3684
96079
97304
88140
26326
4720
3090
1611
1238
73290
5475
8645
4011
85414
88129
907
902
41285
2150
1965
2245
86
33493
3952
2285
6724
64614
5971
1663
348
96075
8123
8264
53887
26797
86487
26501
74089
5238
2283
5017
58649
4428
104119
4410
3310
55063
8261
101850
163949
112577
150856
114464
741
2117
946
3355
4658
121231
30749
48696
5385
4021
115713
49280
26422
59418
1260
3022
106100
1354
3911
55276
2474
4326
127152
5028
115617
2694
3702
2916
4809
8542
7091
159
2078
4969
1916
2398
6021
53123
128360
3872
107559
97
6932
106696
106441
69481
4225
7265
1175
4552
6385
54997
322
3741
104
2731
4846
94959
144976
3361
2022
106489
3077
1078
81847
1191
2935
7802
89804
154
140267
3089
2553
99
535
1244
58295
440
938
2321
3037
2087
91658
4343
309
2144
6787
2000
5377
106438
6777
5502
299
5400
5670
1955
7162
26614
7025
2930
3902
70286
87232
7075
115569
60756
1201
3980
52767
7566
7371
933
4019
45499
2976
38499
112852
40
3505
6001
48322
3475
86320
4642
4361
4424
3213
171
326
76251
832
6870
7143
38886
3679
116
3451
2788
6732
6774
2108
6350
76093
106916
81562
3018
1641
4014
4844
67087
1394
3925
2841
4349
4105
4965
704
1215
4277
915
30816
8464
3068
67255
72641
1934
766
51540
8938
7212
4912
7698
4801
222
6708
937
3551
34338
7024
41997
1907
5955
6281
38038
7373
6852
112515
4273
3063
40583
4623
6893
93510
428
87306
247
6502
146656
4223
8019
26231
2046
1249
1982
1189
3218
99145
3703
8239
68838
5146
1913
147
111921
3246
48082
2478
3696
2142
3406
4271
7564
3415
26578
872
26150
7574
52617
5387
2301
7123
4263
319
8228
663
6530
78039
56805
5014
4017
3788
6063
33138
3653
46723
1281
8933
1537
71390
8240
40226
80553
27792
32515
63836
32840
60384
77291
26749
34326
5473
42900
95113
5414
7445
2440
7943
2208
9010
2313
45728
68135
33004
2273
122882
54881
2160
105197
7013
51935
112552
1845
99114
112290
5008
3858
3948
4630
3437
5765
3966
1958
7386
123
556
