user_recommendation
318
296
858
527
260
593
356
1196
608
2571
2959
2858
50
589
1198
4973
7153
1270
1197
1213
110
4993
1221
778
1704
912
4226
47
1193
1240
1089
5952
541
1136
2762
457
293
2028
1210
1291
2329
1617
1214
908
111
904
1200
1
2918
3578
480
1259
32
1732
1208
1036
6016
923
1258
899
1219
1225
4963
1252
364
1968
1682
750
58559
150
3147
2599
4878
1203
2692
6874
6539
2716
48516
79132
913
59315
7361
903
2396
1222
5418
1230
1207
68157
56782
1073
4306
2324
1204
4011
1035
46578
1250
953
2064
36
745
1060
924
1228
1278
246
1247
919
3897
969
2542
1206
2291
733
44191
5989
1028
2997
17
1199
4995
497
2019
3703
4027
3481
56367
1293
1625
2804
70286
1148
6
4308
2797
1267
926
1304
32587
898
595
48780
1610
1220
1172
50872
55820
920
5618
910
1276
555
2502
1288
1084
590
2132
106782
2186
337
1947
1961
1080
74458
5995
2076
1394
33794
1500
33166
8961
5669
4034
922
25
2243
1952
1945
2289
1285
11
69481
2300
1079
1212
1265
1097
1387
6377
1307
122900
8874
57669
2917
3471
3114
1953
3504
471
1674
1287
194
235
8665
3462
16
3418
1077
106920
1234
161
2971
41566
3362
1244
2115
1246
1356
3735
2194
2268
99114
671
2580
116797
63082
1223
3730
68954
380
515
1103
349
88140
30749
588
2303
8798
76093
88129
2359
1263
648
3307
1358
3006
475
6711
3468
377
994
950
88744
1729
1090
1217
111759
1954
1254
1957
40815
551
40629
3671
928
2916
29
909
60040
2739
2871
2761
1299
49530
1997
474
5816
954
357
81591
8368
2501
508
1249
3683
800
1231
3198
2288
1393
1580
1673
30707
2890
1292
64839
2403
109487
2648
1251
112852
1466
1269
3702
4235
3868
1411
1939
265
4014
1994
5060
59784
2395
2144
89745
1333
5064
3435
272
5971
81845
1264
6502
1248
1784
628
44665
1266
54259
1284
8132
1272
4085
7147
535
905
2248
1224
81847
1960
106696
21
1256
3168
2231
175
35836
8784
2863
104374
1343
78499
69844
88125
4979
2357
2791
81229
3201
7099
1104
529
48394
162
96079
914
40819
1215
134130
115617
1584
3527
92259
4262
3386
5630
1147
1281
3104
3083
2160
3007
2005
1096
1361
2644
3089
88810
7090
5225
3429
27773
31658
81834
3911
4886
5349
1950
581
3037
3252
2020
69122
6565
86
1923
2726
2664
280
1262
232
6350
2712
3310
3499
51255
5991
3983
2690
3000
3952
3256
109374
5444
106100
2467
1094
319
1175
3421
1283
3424
3551
8981
2125
1959
6979
62
2908
1095
3949
45728
477
509
916
348
3363
1280
28
1179
7022
741
1948
1209
2366
3270
54997
2391
3068
3095
1296
44555
1946
1305
3038
2731
44199
720
6863
3359
1834
38038
111362
4007
3788
2318
307
3019
6807
112183
6662
281
223
72226
41
3167
8970
2973
2474
7132
5903
8950
115713
3035
2929
1260
98491
54286
261
1233
2987
8949
49272
971
6796
441
86882
81932
428
85
3916
50068
5010
951
3034
112552
3317
805
3467
3039
866
96728
930
1680
8958
3653
946
1201
927
4033
440
122892
6787
3152
4896
3361
933
2857
1243
1189
7502
94959
1192
52281
4037
224
5956
7386
3081
3791
1218
3414
306
2351
2352
56152
2203
6001
7669
97
2108
1178
4427
1537
2612
1719
3022
68269
6870
7802
2067
3546
48738
2944
5782
1845
1962
80463
7263
106438
79702
1257
3507
54503
1944
60069
53123
2490
2935
105504
1958
1303
2925
69757
134853
7419
93510
6380
30816
106489
2245
7143
3088
26729
115569
902
125
1357
32898
4450
110102
7087
5500
6732
7256
3548
73017
3175
97938
2081
2694
942
233
3724
64716
68237
97304
73290
3545
945
47610
4263
79824
80839
48791
41573
32289
8542
54001
3111
7075
968
3741
2728
58803
93721
5146
69
6552
6235
1227
7371
87232
70293
2795
1955
52
3100
53953
3476
2330
6283
5878
7451
65188
4239
55276
6385
67255
7285
3451
1120
308
1449
2946
85414
3686
37729
6331
4432
58295
95088
4661
3594
65261
2321
2202
1088
55267
2278
3929
3536
2654
2651
7116
3200
1916
3469
127152
3203
2109
99764
3543
6918
8636
98809
1131
4422
534
2313
51935
4103
1282
49957
96829
39292
68838
2336
8228
59387
911
7139
6269
3505
8645
146656
2068
81564
1635
2732
5902
2924
5103
116
1277
2938
60756
3967
431
36527
3134
3684
87306
140174
363
7137
86320
5238
4465
907
7164
82459
599
26242
2232
65514
7013
3508
4190
9010
900
36529
2951
6669
45950
6440
2151
91658
5772
40732
107559
71264
2208
6323
80489
2078
2841
921
2331
2920
106441
5992
128360
6378
322
3811
89804
3360
4623
6724
37857
2819
80549
1931
4410
1964
2070
5446
3783
5341
6281
3350
838
38499
39
7767
10
37733
5812
4304
2919
6959
1340
67087
1124
82169
6452
104841
2285
4105
1202
5876
6104
4809
4187
91542
55247
3364
96075
26501
8123
4969
26797
6021
5475
86487
4428
53887
55063
8264
74089
58649
8261
163949
114464
101850
150856
112577
104119
3246
1237
2434
2283
37741
5017
96588
54995
8042
2096
1029
2652
2650
2649
2647
2636
26524
77658
5074
3448
3943
34338
1884
104913
93840
7212
2686
44195
7091
7136
973
1354
105197
2729
54881
4903
3989
3801
2952
27803
86377
53956
58347
5385
142488
7836
3181
1965
3108
7373
58
4002
52952
6375
1963
26326
4179
33660
2846
6987
3475
79091
3011
2184
4489
112138
3101
89904
7320
2333
72171
492
7156
52767
6188
4292
6777
4846
3742
2700
1211
3213
61240
6725
4789
3062
85179
3060
51412
55442
1366
6419
1611
2137
64957
97921
3871
3260
4128
1693
55069
7064
3872
6986
7649
64034
2287
108932
51540
3606
7566
1564
2635
2634
91077
4642
64285
1395
4016
6612
3498
1810
1023
101525
3072
1013
4660
102684
735
108981
99145
27831
89
3358
373
81156
100556
26662
2660
4225
2176
108727
5013
4901
3067
4349
68073
66665
