user_recommendation
318
296
858
593
527
2959
1197
50
260
2571
1196
608
1270
356
589
2858
912
1193
1210
1198
110
904
111
2997
1221
1265
4226
1089
541
47
4993
150
1704
908
778
919
1259
2028
457
293
1
1213
1136
903
2324
1961
2329
6539
1208
1682
924
364
1617
2918
2797
1247
595
1240
2692
79132
750
1222
969
1732
3578
1073
4306
4963
1968
2762
923
1291
1278
899
2396
6016
1060
4973
46578
2291
1207
1225
1252
1228
32
1203
2716
36
1220
913
5989
1214
926
55820
1219
223
898
56367
1610
1035
8874
1204
3793
1199
2542
1206
555
56782
3897
2599
1148
953
1276
497
1673
1215
4027
3671
5995
1097
2268
265
3481
6
3996
4878
7022
1200
2502
3735
2076
6863
1258
910
745
1172
3868
3147
1288
3421
1299
3462
2804
2300
1653
509
17
44191
1263
1028
7361
1246
4308
63082
1307
32587
741
471
175
109374
1036
2019
68157
922
671
48516
3362
6188
1212
1953
1287
1235
2395
1952
1250
1625
920
6796
64839
1960
5816
551
916
7153
134853
11
5444
1103
1729
4011
349
1223
1084
5952
474
1466
4995
1269
194
1500
115617
29
6979
6874
1077
1230
3033
1584
7438
3788
2863
6942
733
3072
2064
2359
62
8360
314
3499
2580
950
280
57669
1095
1282
2105
1394
232
68073
8807
2289
1356
1264
1293
4007
1254
3424
955
1305
2160
4361
16
588
5225
8961
2144
1090
8949
6350
106920
590
2908
1947
106782
272
8368
1580
3039
1244
4034
48780
2924
49530
1238
1243
4085
431
116797
1217
1086
1674
3471
475
7147
5064
1784
4103
1304
2795
1285
2115
28
40819
3081
1945
70286
2243
735
3468
2232
5782
163
914
4467
902
720
1096
3556
2916
2248
3418
2871
2739
1267
3070
104374
54503
3307
3683
4235
928
48394
337
1754
3114
1231
4696
1234
50872
81591
6377
1262
58559
46976
88125
1333
945
2231
1242
2712
1257
36529
3032
581
2194
26152
4848
1927
8633
508
2780
3730
68954
3175
911
96728
88129
6807
2041
27773
33166
3275
4014
4489
1967
1178
3019
7099
3006
4886
4717
876
2880
4567
4565
4442
1957
4166
7844
7090
1120
1959
134130
64957
5460
5152
412
5956
6104
1094
2763
1296
4623
3702
1374
515
357
3627
3771
4846
3510
1284
909
3879
3386
8981
3168
5010
1256
2020
48738
4262
93040
5954
1088
3095
30816
34332
44665
3552
6618
353
905
441
44555
3448
3469
2186
31878
109249
112852
6870
1280
954
1292
2303
3865
4450
1233
34162
34321
2761
1104
34405
1527
6947
946
3361
3435
4232
971
1211
4121
2321
1179
7087
1734
106696
4133
102684
108981
7802
108727
3000
866
5060
2971
1946
81932
86882
106489
5669
121231
2096
81834
8493
5377
3814
933
4037
2917
8958
3022
307
1963
30707
1281
89904
7064
3355
3088
112183
968
30749
1641
4239
2501
59725
6440
3272
800
3213
235
3153
1224
3910
1066
2005
69844
2078
1955
2728
69481
951
25
109487
7132
97
42418
1019
2686
3686
907
1948
86320
3504
1272
1939
2946
5349
915
85
6620
4566
2528
3745
37386
2134
80463
92259
69122
1343
5630
1950
72226
3196
147
6385
2318
1023
140174
1248
1131
1411
1956
55118
5971
3952
3507
1921
111921
4019
7669
2125
2788
2132
95510
122900
106916
861
3317
6502
3203
2474
6378
73290
759
8950
930
37733
3740
7419
1251
538
2726
2467
921
3429
2952
246
1834
1124
1361
2067
5103
1046
7116
1261
2140
3359
8641
44199
6565
33834
6732
1464
531
45
994
3252
3068
5014
3152
1537
2935
101525
54286
80489
7757
1273
3038
452
3060
90061
4755
64614
348
2352
3551
3256
2644
1962
262
8132
3035
2985
41566
18
2109
3724
55276
27022
2890
1185
2944
4223
363
7502
6662
3186
2278
377
4422
7320
26554
3363
3037
3703
2648
139385
3905
45183
26865
8970
1964
8371
6711
1081
66934
1260
74458
3067
32898
1029
162542
965
106766
6582
8636
1147
2208
45728
2118
61240
1429
2357
3310
1175
2764
5812
105504
2312
3071
308
4188
1476
1041
96079
4128
3111
326
2070
3505
2490
33660
1719
4979
3741
3342
38499
3451
50851
59315
86377
6598
7013
373
3167
97304
114060
3654
5002
126106
8542
58803
1300
116
5146
3791
69134
3104
3725
1958
1449
3653
1080
115713
1079
7256
1191
1954
6773
6296
44195
68237
2841
2459
55052
51255
1387
122892
74727
61323
64716
7139
2612
56152
906
8880
3983
60756
850
112290
8464
73017
78039
56805
8827
4789
6725
54997
5114
501
1192
3467
76093
91542
480
5903
4211
7075
2690
931
6273
55247
63992
2203
80
81229
7285
171
938
3546
41285
7451
106100
1913
901
1845
5475
4410
6281
2925
282
2942
6552
81845
7767
1025
2106
4965
3543
3142
81562
59784
40815
4010
2285
96075
2283
86487
26797
74089
26501
58649
55063
5238
53887
5385
6021
7836
8123
8261
8264
4428
163949
150856
112577
114464
101850
104119
4432
900
5017
3831
4941
94959
64034
1393
5341
4809
7162
67255
55290
1635
2184
2117
309
4969
161
1298
86
477
3178
87232
261
96821
58303
3872
2280
40629
96588
2046
66097
5074
51540
3684
8665
27721
104841
4816
2434
3034
82459
51662
52973
3219
3474
2398
4787
222
1916
8228
3134
8183
61024
35836
39183
927
594
2664
4117
440
178
3763
1013
290
26729
390
5772
63876
3615
81847
39
190
52767
7566
7445
4720
70293
69757
38061
937
31658
2731
1277
6184
5540
83613
2391
7386
8638
6333
34338
4814
53519
6380
97923
37729
1693
1722
3783
4326
92535
112552
4016
27831
27790
7616
1275
42004
2420
5418
4263
6001
56339
5135
1184
3548
8369
2732
40732
3747
1934
8933
6669
8798
5876
319
1395
2355
4844
4459
4029
57368
91978
154
3044
3524
54259
30
4448
3077
96829
1357
6787
127152
1150
233
1594
38038
2575
3789
2700
1982
71264
7323
58295
4179
91658
4896
96488
117176
2108
4783
4945
4466
3007
3408
