user_recommendation
318
593
296
527
858
1196
608
260
2858
356
1221
50
110
1193
2571
1270
589
47
2028
4993
1198
1210
111
457
1089
1213
7153
5952
2959
4226
778
1208
1247
1259
912
1036
590
1265
150
2918
1704
541
7361
1197
3578
1204
919
1732
1225
750
2329
908
246
1625
2997
1291
2762
32
1240
1258
1097
3897
904
1222
923
1035
969
1252
58559
1219
2324
1
1304
1961
293
4973
1214
1200
2396
920
903
926
1203
364
1079
36
1228
1968
1617
898
4034
6016
1682
899
1299
2599
1288
1206
5225
2804
79132
1073
3114
922
1084
48516
3462
4963
3147
1293
1233
1207
3386
1307
349
588
2580
480
1136
1267
1250
1952
1960
2797
5989
1060
2019
1090
1230
913
6
194
17
78499
32587
953
1246
1610
1212
46578
1096
2502
1584
1923
1220
8949
2194
5995
474
27773
3481
1028
1263
4027
1276
1264
2076
910
3996
44191
497
5418
1148
235
2692
5902
4306
2300
1946
1953
6874
2132
2064
2268
733
1466
8874
1242
1408
3730
357
1387
3362
551
4037
55820
508
1287
1254
1278
64839
1693
3468
56782
29
3683
68157
595
5669
1673
1262
337
6539
3006
30707
1025
109374
1183
2248
56367
1674
300
4308
1179
2716
1945
1217
2728
44555
1411
3435
2863
475
4878
1361
1927
1266
2791
1256
59315
529
471
1224
2115
955
759
6796
3176
555
4103
62
2005
2890
3499
1235
1199
2917
1948
1834
2745
2289
3421
3203
832
1285
3424
161
2186
35836
1172
3724
7147
70286
2529
68954
1248
924
106920
1244
2871
1957
745
2739
1080
2761
3260
3545
3088
4886
125
1094
5679
628
3101
954
4235
1939
2010
1374
3418
6711
968
3504
1784
581
454
265
866
1103
1234
50872
106782
928
7132
2427
377
5013
3527
2359
1641
3060
2985
1296
2971
2467
515
54286
509
3342
671
1023
5010
7502
3363
3361
2020
1947
3317
85414
2357
4995
2908
2078
850
8981
534
1376
1348
1305
1393
3038
81932
2144
33794
6440
2648
5064
5956
3747
2726
2302
927
6773
5017
1178
3809
1237
76093
8228
353
1185
1959
994
1104
3252
1956
92259
112183
1500
2542
33166
1921
3469
3471
594
81591
3246
3783
8958
91542
3167
2081
1997
3168
4979
3071
2612
6552
2203
3801
1280
74458
7265
2944
3095
538
3152
81229
37741
1269
3200
2474
26729
134130
106916
2644
787
4688
30749
1419
5782
116797
72226
232
3134
1994
1357
1272
1884
2243
2551
7116
1147
2018
1095
4422
3036
175
32898
3150
1231
8542
1273
4007
2291
950
110102
49272
86
6101
3735
72
306
3160
116
1356
535
7091
4211
6662
3448
7419
34162
3307
223
2395
350
477
3868
7087
57669
1965
48696
4432
1719
6530
2925
52767
905
1127
105504
44199
3684
1175
7669
54503
2278
3019
7767
230
1292
11
3983
8207
5377
31410
1754
49530
1963
55247
8464
2150
2303
1734
2066
1077
6987
7836
1049
63082
2366
5341
4537
55276
314
97
3671
280
4848
3814
5238
5475
87232
2664
6502
176
1950
3310
96075
26797
26501
8264
53887
104119
101850
58649
4428
74089
86487
8123
55063
4410
8261
163949
112577
150856
114464
1663
272
3090
5385
33493
8665
431
5444
39414
3476
3429
85
3020
1131
704
3916
1282
1189
4661
2105
2690
2283
2288
4117
112852
26524
3256
6377
86882
4085
3741
48780
1192
2952
3742
3100
4969
6021
81845
3037
63876
5668
3035
96079
1029
8961
902
2881
1303
69481
736
2501
115617
1358
307
8933
5008
3872
2973
8950
128360
3007
1283
1245
112552
3108
3196
6786
4809
1635
80463
3359
2245
3788
3104
73344
3871
115569
27721
96728
2313
8970
1211
7123
2398
2936
8622
68237
6724
4450
2160
2920
3507
73017
2391
3022
1955
1537
34437
6807
127152
7235
80
81564
89745
101
1019
3201
5015
7090
3213
7802
261
1300
54259
34338
2068
68838
28
7256
6979
363
66665
5103
1243
2490
88129
921
4349
7566
308
805
6985
91658
2966
7943
6331
8638
42418
5876
1345
6777
4612
86320
42004
7438
4489
2231
6783
4642
4658
55069
39183
6787
1161
162
69844
5028
945
2232
89804
5992
99114
2336
2454
1611
2929
88140
6620
1958
7981
3083
55052
2795
8254
2843
2897
41997
7075
3475
104374
4437
27317
4021
3505
2142
7022
6001
3077
8650
99145
25805
916
4326
1041
33171
3679
56339
7700
7285
8636
2138
159
138036
4179
4641
2687
103810
741
49280
59418
26422
3510
6187
8873
88125
1302
55253
106696
2750
3952
3253
44665
5618
7698
79702
7208
32525
47728
8121
25852
2919
1298
122882
8798
1810
3198
26326
2927
2085
3153
1274
102123
2067
80489
146656
8938
61240
3966
4801
838
78039
56805
1209
5630
64957
4776
58303
63131
45950
144976
4720
105197
5670
8132
6708
6852
2916
55269
1120
6791
67087
2930
7025
72011
448
68554
106100
3902
82459
764
4424
4552
4262
2202
22
2403
121231
2594
4191
1284
7371
2355
51540
4263
2712
4912
97938
2046
1340
3417
1967
6612
3111
31658
97304
3000
7771
3271
6932
971
76251
87304
3949
946
3989
900
299
3067
233
3355
3068
3546
140267
105355
6538
53024
38304
6271
373
87306
7008
8477
5772
5816
2859
53123
2125
2434
38499
1066
52973
6184
7162
48322
3911
1475
79242
8239
4816
2732
8979
61357
4017
98154
1907
3703
1223
56607
2553
3408
8042
1238
3925
930
38886
6639
4019
720
2106
91077
122900
3364
1101
81847
26178
8492
115713
1982
101895
97673
72367
120821
50245
128606
94931
47092
58879
75990
127164
112399
27812
8572
7300
6133
6273
30712
112735
7126
26505
26350
8491
151307
26323
110752
7111
26147
25999
25996
25945
4927
7088
25882
5088
4821
95135
51255
40819
483
7215
4903
845
938
112290
2938
1645
7139
931
2108
53318
7478
3415
26578
7574
7564
872
26150
4271
52617
322
101525
7089
1729
7487
1057
70293
58295
514
7451
2070
36529
663
3018
8645
26587
5812
1580
1944
1934
441
48738
25
2096
