user_recommendation
318
858
296
527
2858
1221
1196
356
50
2959
593
260
608
2571
1197
457
4993
7153
110
1270
364
4226
5952
47
3578
1198
589
1089
912
1704
1
4011
1136
1213
150
6539
1259
1617
1206
2396
58559
4306
1210
2762
48516
1240
4963
4973
111
778
2918
1207
2329
904
293
1230
48780
1682
32
2542
1291
2502
36
1225
3147
1276
1968
1214
969
1287
750
44191
1961
3114
588
4027
1304
5989
5418
908
1203
1252
79132
4995
8874
4308
913
5995
2194
6377
223
2997
2324
1222
1278
1193
68157
3897
1394
953
1500
1208
8961
2700
1200
1250
1732
6565
1199
235
1148
1265
4886
923
2028
1625
59315
497
7143
919
1246
3671
1073
1228
1258
1219
8665
1036
5816
541
6016
2692
595
46578
1954
1247
1610
1080
57669
6874
1285
926
910
1090
49530
56367
3481
8368
5669
40815
33166
2797
2394
32587
3095
2716
4034
17
8908
6
2115
2268
1077
5349
745
16
161
3735
2353
300
1060
5218
915
1233
2064
122882
899
733
6863
474
1729
4878
1220
49272
1356
54286
920
1217
2395
30749
1204
5152
3996
33794
5618
480
838
1597
898
2804
1244
922
1035
70286
1784
2599
741
28
4896
5679
281
475
30707
1254
54997
4239
1266
529
2132
5060
903
88125
2501
1234
5014
3363
51255
349
1411
535
51662
2718
106920
1172
2289
162
2231
994
5064
69757
2081
1374
4235
106782
80463
671
534
3317
63082
69844
2291
8622
52
1466
471
5010
1947
1299
7022
2761
81834
101
515
1097
3683
68073
29
7438
1952
950
3686
116797
924
1580
272
2288
1292
246
3252
3448
1387
1227
2687
1953
1957
78499
1079
2318
905
31658
89759
8493
1212
2300
44761
7361
3468
81591
306
3471
307
4223
62
91529
58803
7099
81229
1357
3362
5225
1094
59784
4014
909
2871
1257
54259
109487
54503
27773
6323
73290
2019
2355
2144
1095
4246
2971
2795
3983
37731
3536
3044
8132
25
3543
45728
1096
2278
3791
34405
2109
348
900
45722
66934
8798
1939
1256
1231
86
951
99114
3104
3198
1211
1960
7139
353
914
1393
2243
56782
64957
194
3868
2529
893
2359
64839
1674
112852
1243
5630
76093
46976
1945
1272
1284
3000
3967
3007
3793
3006
36529
3034
106100
1103
229
2000
1218
8784
3512
8360
89745
3068
30816
6979
766
40819
308
6440
1201
538
2690
59369
111759
94959
97
107559
1584
5103
6502
41
1354
3359
539
53956
69481
106441
1754
8530
54001
551
44665
11
81845
1680
79702
3307
5971
3178
37729
39292
2739
1303
4021
1235
1084
6350
3186
97938
6807
1653
3421
64716
96079
2580
3499
3535
3548
4085
1224
4873
446
2409
368
102993
68237
41566
940
3510
2020
3355
1019
5954
3504
3201
33437
106438
5903
423
3089
1912
4855
30810
373
6378
3435
1298
134130
907
5812
3467
6281
1693
3033
2949
1267
2403
1701
2105
4846
72998
38038
233
800
27831
215
555
265
2763
4903
3152
2924
69122
508
2232
1380
98491
1173
1663
1719
115713
1333
2948
59995
100714
6380
3418
6787
1028
87232
104913
3153
55442
661
3179
104841
954
68358
1307
509
85414
1476
5013
88140
44199
4033
247
3083
97304
6385
6773
1223
1081
5146
1041
4623
79091
73017
3256
50872
1649
3111
3783
26614
663
1061
2474
81564
7064
115122
2125
44195
590
8340
52281
65188
5782
955
1245
6269
3639
65261
3072
3703
81932
50641
2917
48738
735
1959
422
6552
108583
88129
7445
27022
54995
2076
4103
63853
67255
2857
1124
4406
79428
1321
65514
49957
68954
7439
1994
1147
428
1673
112552
1086
26662
3638
3358
2863
1209
94466
1194
85342
7235
329
1262
4166
93721
2208
7844
4022
58
1020
1615
2664
581
8970
971
1274
3020
53123
3213
93855
98961
7164
7802
74458
115617
968
3476
5244
93320
79357
4642
3811
1885
1958
3035
3200
1179
1464
37857
4696
7371
1296
3952
6591
27660
5956
103048
3088
2273
3102
1281
1641
1050
2041
96821
4019
58998
7013
6754
112183
7007
4016
3135
1289
55247
3037
7320
4361
6617
2352
26152
7162
2881
85
7833
1873
2764
4994
6711
44555
4181
5646
2983
1967
6296
53550
7451
5444
59725
33162
1269
232
599
2303
106489
3196
3633
720
7502
39414
5391
1282
154
6104
36708
3408
128360
916
142488
4299
76251
3079
8645
38499
3112
1361
7285
3724
7894
8711
6077
319
5876
337
3598
3635
8633
6254
4616
2467
3032
911
66665
3627
2009
6618
76293
728
3728
55269
50068
3398
1734
421
2118
524
3911
3730
2138
4187
6986
1962
1283
64614
2791
4881
98809
678
507
60069
3606
3789
3016
5820
3702
2780
4717
2880
876
4442
4567
4565
4566
2334
921
86882
7154
2670
26084
1907
88744
1226
7137
3653
30822
2006
6125
2973
4553
3451
2315
71135
60040
3429
2348
322
4519
55820
26258
7419
2961
3365
7386
2151
4128
31435
4020
4190
764
47610
2622
64285
2721
3814
3501
86377
1034
2819
1015
2788
3685
7256
6650
93838
2694
1964
104374
2463
1049
146656
2594
93510
2070
933
34162
55267
32525
3739
6273
7116
25850
5114
25947
4459
2947
99764
3167
1639
6879
5991
152077
1845
628
3508
1799
1635
3396
3071
62849
4333
56145
3771
2901
3469
80969
1834
46322
97752
932
3948
4889
58295
3275
1120
3101
832
111921
7757
3612
1215
48774
53519
52604
3507
2648
34332
3527
1277
96655
51540
930
3030
178
3081
8879
77846
1366
6283
4017
3420
55721
1261
1033
6796
3684
2985
2117
230
5540
79008
7156
3163
5446
5819
1966
40148
1275
3210
10
6612
81562
3350
99813
119145
105504
3742
5460
3970
68848
928
81847
104944
74416
1131
6942
2106
2919
6436
1598
115569
71429
952
2165
122900
55290
8950
1643
1684
41571
4888
6339
2481
2065
2271
1904
222
31696
84152
3963
2875
4121
5690
3342
109374
2752
40732
3360
112138
2361
5377
2203
1192
87192
3357
3801
4789
6725
33660
3844
110102
3036
4310
477
