user_recommendation
318
296
260
858
356
527
50
593
1196
2858
1210
608
1198
2959
4993
1270
1193
1089
7153
2571
1221
589
5952
364
150
457
1259
4226
750
111
1291
588
1704
1197
1617
1213
110
1240
32
1136
912
1208
4973
1
1247
541
1265
2762
3578
904
595
58559
36
899
480
908
5618
47
1225
745
1207
953
2396
79132
1252
3462
778
48516
2019
68157
1580
2804
920
1203
3147
1732
515
4963
1079
2692
1148
2064
1219
1036
3996
1206
1258
6016
1097
4011
1584
1060
246
1288
1682
913
349
590
1304
44195
8961
17
1237
2918
337
2542
903
923
969
1961
2599
926
1233
924
1035
910
44191
1222
39
86882
497
1199
1387
1968
2289
1230
223
2137
1172
4306
1527
5291
1201
1250
293
2300
1212
1094
2791
52885
2329
1217
32587
3114
1947
4034
1223
922
1625
300
919
162
48780
1200
3030
1028
73290
733
4886
7361
5954
3504
222
1232
1234
6666
2324
4979
671
54286
1952
3000
2529
1228
1293
2355
2716
8368
5989
3160
4995
1307
2797
6711
1080
1192
3435
1227
1394
500
2081
555
3503
1673
1997
4027
1267
106782
475
299
1287
1215
40815
357
1246
916
1994
6377
594
905
7438
2997
8970
81845
3897
1464
736
1953
2194
3481
1090
3101
57669
994
2268
11
2971
2028
54503
33166
5418
2712
3524
6539
50872
501
529
109487
1280
74458
1358
46578
97938
5903
368
1296
235
92259
68237
1663
141
76093
7649
2144
3104
2115
5991
33794
1927
1073
31658
628
1805
6565
1945
2186
194
1261
661
1957
2118
1302
1263
5902
2501
6
3471
3363
5995
1204
5816
2132
1276
4105
524
1411
1214
3083
51255
1127
1674
78499
474
1251
7502
1500
230
2502
2908
8665
832
6787
5669
3198
4019
3260
535
440
54001
3039
1278
1271
2761
106920
88125
6874
232
122886
3476
3015
1333
534
4235
1256
1357
8874
3022
3671
1135
2580
2288
30749
5010
261
7063
898
3007
69844
272
1356
8798
1286
122882
2890
30793
345
509
1029
72641
5114
2395
1955
3088
838
7766
6216
720
1272
954
3949
1345
4896
1361
2125
64034
1885
538
88744
1179
3359
5147
1354
3672
3210
3788
2612
1719
1299
581
3256
99114
3006
1834
2467
1573
1747
1264
2406
106100
49272
1032
25
2011
1374
1131
1220
107559
106441
290
2359
80463
2917
7941
106471
1034
2648
3545
2318
1960
2005
1939
27773
3200
2138
1096
968
1189
1023
2267
3973
1641
4878
2948
2739
35836
106918
22
3814
1912
55269
1466
3044
76251
1175
98961
1269
116797
3418
1954
1254
1305
1186
2076
3037
69757
3112
5673
1211
4308
911
1948
142488
53123
106438
1244
3362
902
3730
30707
3361
2366
49530
2871
3683
3129
2020
1086
1959
1918
3868
3635
3246
58
1209
2664
3152
33493
1283
3424
2310
52
7371
89864
3468
2985
3703
1120
105844
2925
3916
13
3811
2752
3448
3089
8981
5992
2690
32525
1923
1260
280
492
6807
1300
104913
1963
229
2245
7116
3499
55247
551
7143
728
8636
2987
1376
2795
81834
109374
1285
89745
1611
65188
262
2208
110102
3527
44199
5064
319
115713
88810
1022
2872
6708
2243
81591
81932
940
2357
2263
64957
1218
3952
123
1245
2102
1019
3274
1449
61323
40629
8784
373
2203
4865
1274
2248
156
7013
307
735
3638
575
5225
6502
523
16
380
8783
2745
63853
2009
3153
514
921
134853
2087
2018
724
102993
2463
112552
5971
96079
508
950
2490
596
648
3019
927
2333
1242
6796
2947
3510
2232
3735
1649
3194
3016
85414
41
2160
146656
5876
2090
1566
3724
1748
3067
3791
783
116
2344
2721
2920
1081
8933
3307
306
800
5349
390
2080
148626
59315
2078
233
4467
1248
64716
1958
4899
6273
2278
565
1734
1224
1077
2572
69481
176
2442
1784
3167
5060
2736
1982
3983
3712
44555
6650
6380
914
4873
7360
2863
2563
951
1353
1735
2553
2303
3035
3386
69
928
115569
51540
1281
68358
94959
56152
2313
377
2432
1965
3060
7090
2336
6254
56782
44665
1614
52975
3548
2912
2202
1339
6187
1380
125
73344
4427
1629
539
79702
3018
2130
34405
1177
81229
2976
207
7767
2919
1754
2846
8622
39292
4014
4591
4076
4518
1450
4796
4930
1819
5427
1563
333
6724
1341
30
3071
106489
1012
247
3801
7132
1408
72226
8641
100714
2541
4352
97304
917
60684
106696
8228
1147
1635
59995
2353
454
3543
88129
5475
2929
2096
915
3739
26587
8957
25850
3105
73017
647
7263
3125
549
2696
85
5013
3102
3521
1688
25947
4304
93422
34338
1944
3892
2644
2099
55069
103
1921
57368
7386
3310
2726
80969
27660
678
2131
3679
850
2108
3175
3742
53996
67997
84152
104337
92751
105504
1484
2728
27611
2284
412
3966
326
6235
3414
1020
59784
26776
65261
4022
146
6773
77455
64620
3365
7091
1950
8132
1860
1678
3038
3507
1352
6003
3244
4016
714
68269
4822
3546
2337
805
79824
103048
32289
41573
48791
80839
1931
6331
3213
4661
56145
6662
66665
2150
2988
38061
7002
2304
1104
2707
931
44633
37741
2687
7256
2085
89804
102123
2141
62849
90866
6732
932
49651
241
2349
2779
766
61132
4679
8947
3253
268
93510
1249
2143
2290
5446
54997
2097
1066
8542
6001
39183
2046
556
45
1332
2978
2560
4225
107081
2271
8910
2901
81847
1645
2670
61024
1904
2423
2352
7810
930
2024
2944
1610
5445
3420
26524
1489
6101
893
71899
314
1255
37729
632
3505
1303
1680
2231
63082
56251
53
3833
27831
341
54372
2545
1914
4914
6269
68838
3263
1797
2068
34153
3498
4450
2495
4642
1128
1463
3072
1326
3391
183
3024
879
2177
2945
1655
1771
1531
3021
1312
3757
3281
3851
2465
3804
49
1543
2982
3840
3837
184
48082
1866
2455
7137
363
54881
91542
6783
4017
1810
8
3576
2686
2682
1643
84844
190
188
2524
567
1161
350
3871
4085
