user_recommendation
318
527
296
50
260
593
858
356
2571
608
1196
1198
1221
912
2858
589
110
4993
1197
2959
457
7153
1
1270
4226
1704
1213
150
2762
111
5952
480
1210
1203
58559
2028
47
1617
1207
924
1136
1089
1036
1193
904
923
899
1208
913
953
2396
246
750
2918
4973
1947
908
3578
1291
1230
919
1387
3897
1252
6
2997
590
1240
2692
920
1225
1035
293
1247
1307
1222
780
1304
1172
25
1259
898
48516
1265
3147
2064
1267
17
1276
1961
6016
2797
33794
48780
778
4963
1212
1288
903
969
541
349
3996
4886
7361
555
2502
2599
4027
1953
1228
3481
1234
5618
44191
39
1244
1732
1219
515
497
2761
5418
1269
2300
4995
2804
1500
2019
357
8961
62
2987
1080
994
2289
3088
2580
364
1394
50872
1682
1356
1293
5989
3462
59315
6539
16
1200
1148
2501
954
733
78499
3104
1333
2917
1250
2231
40819
539
1258
2081
1968
1223
79132
1060
6874
1527
68157
5995
1960
46578
3468
30707
926
509
1256
60069
2890
58
2716
745
70286
265
2318
1086
1380
1204
1580
33166
5010
2542
8665
40815
1233
1625
4034
1104
1263
2291
34
1206
475
54286
1610
1201
588
1945
553
3362
1272
3035
2739
3730
1674
529
3952
1079
916
1997
914
1094
235
800
950
2908
8368
1097
3504
337
32587
3671
272
1376
122882
1358
2132
48394
3363
1299
1834
2243
4878
2186
1029
306
1199
8636
595
1466
2268
56367
628
1231
902
6711
1287
36
1103
6787
1192
922
1361
3868
1952
7502
21
3683
4979
368
3949
68358
2863
3007
2248
30749
1296
3435
106920
1957
3471
115713
1214
928
194
5060
1175
7438
4306
222
3421
1729
3510
720
1215
910
55820
2791
1278
11
1954
508
2357
76093
2841
1023
109487
971
3152
134853
5956
109374
1641
1147
2324
1090
3543
57669
106782
2355
1948
134130
53996
2359
3706
3317
1282
5971
6807
597
4085
6502
89745
1217
230
955
1994
1374
8784
8874
1189
905
927
4427
1254
581
1411
1061
2366
1950
2115
300
6331
99114
2687
805
2078
3219
81932
8464
2329
1939
1280
307
2712
2938
49272
930
2020
2474
1211
3260
142488
2018
942
2490
261
3100
39183
2194
6377
1242
1408
1127
1183
4011
911
115569
2467
69122
29
1956
2612
3006
6269
4037
1088
1220
39292
938
2080
1084
41
3038
594
2671
3160
838
3246
3167
5991
1179
3983
5445
69757
3735
7386
2303
474
921
2929
1688
2973
968
2202
34405
1913
32
1248
3181
4903
4896
4263
1218
73017
49530
81591
5464
5812
3256
3083
3307
7137
96079
3476
1257
5475
1224
86882
74458
3546
1537
3702
55276
3360
1264
51255
2670
162
148626
1784
1096
44665
3791
56782
110102
233
3741
931
146656
945
68237
3359
4661
3703
1934
2925
3724
2726
5876
6333
81834
308
69481
6380
1019
8228
69844
57368
105504
1449
80463
122900
2160
1284
2871
6001
1283
2353
1209
80489
281
4235
2067
741
51540
1066
27611
5446
89804
91104
6552
81845
1095
1077
37741
2288
2572
31658
4465
7669
1635
377
112852
44195
26524
1963
60756
3022
3101
1243
8132
2912
64839
1131
4033
2087
4304
122886
7147
45950
1260
104913
88810
6235
26662
98961
1028
832
3505
38038
232
2971
3414
3037
5500
6870
1305
2150
6979
534
4299
6565
72011
91658
915
1366
3068
55069
82459
3507
596
104841
2788
1584
8933
3111
3168
5238
6378
7132
1955
68954
90428
55250
1946
5878
88125
84152
1253
2694
89492
5064
63082
3871
6350
3989
9018
2278
64620
940
2245
73290
97304
6452
373
3108
72226
54503
54997
1918
102445
73321
3198
115617
36529
3062
8972
81229
40629
1962
56251
6662
26599
4252
7932
91673
7139
428
933
3653
8938
2644
6777
2944
3469
4086
1292
4326
4432
2137
412
5903
1673
5630
835
3196
54259
3396
1246
1300
1719
54001
151
4642
1271
5669
5902
2203
62956
2648
1032
105844
3095
1124
5341
7156
106100
1794
1303
8798
471
1694
3203
4537
116
1251
112552
2729
585
6954
2106
93510
67087
6244
262
5299
2690
4809
5816
7419
59784
112183
72641
2746
8264
116797
3684
247
52281
2763
41569
3310
4410
4424
3801
26729
44199
60161
26776
2118
122892
2331
2948
101
96821
6612
2102
1238
79702
72998
2065
2529
1396
45722
7836
103444
7116
3365
1653
73
3077
3000
2731
32898
175
49651
79008
1295
6218
3418
7698
6419
1964
3194
56152
3201
4211
55052
2976
845
7091
123
61132
3081
3089
2285
4262
87232
2819
937
1616
4422
26084
3508
347
362
6724
549
1277
55063
26797
8261
2283
96075
53887
4428
58649
26501
86487
74089
101850
8123
7087
6021
163949
150856
104119
112577
114464
161
5017
1249
106489
53123
2935
4361
1365
1944
2920
3098
2130
162542
6852
3872
4308
907
97938
80549
5385
1081
524
5401
3210
65261
973
34338
6863
635
7215
2852
1810
1227
1907
1484
1345
8970
1699
22
106766
71838
3334
106916
7256
2872
6986
3742
88129
7787
171
3114
35836
8337
1887
292
107406
85774
3060
1643
4787
55118
4128
1680
2208
2395
4223
52458
8542
5293
2447
2732
3451
223
55272
61167
5008
441
5349
1273
4969
112290
1178
8958
2336
106438
454
178
104374
93838
1827
2434
3296
1274
1927
111622
1747
2553
6867
5782
3102
47610
54881
1965
112556
106696
3498
38499
56145
1202
2398
3300
3761
111781
3252
2058
4406
65188
7075
104283
1237
127152
647
3551
4623
7373
2846
88744
68838
36931
27724
4014
5291
906
483
67997
2454
2611
2099
901
98126
78903
562
1649
4273
3548
1407
7143
128360
56587
448
103624
1184
3545
60684
1885
27846
6773
59018
3967
3814
85342
80748
97921
4617
4088
4522
5960
3638
1912
1340
27904
4292
47099
99813
1619
112623
6104
2066
59369
2313
3475
3521
96737
1050
40583
7090
3019
122890
6639
1393
26614
47518
3361
106072
205
98124
54281
27773
38061
2683
6101
111759
3654
7160
538
55721
58295
2071
