user_recommendation
318
296
527
593
260
858
50
356
2858
2571
1196
608
1198
2959
4993
1221
7153
110
589
4226
1270
2028
1210
1197
58559
5952
1136
1193
47
1213
1704
111
3578
912
2762
1291
457
541
1
32
1089
778
2918
750
293
150
6016
4973
2692
904
1203
908
364
2324
1252
2997
1617
1225
899
1265
48516
2542
590
1208
7361
1240
1304
588
923
745
1036
2329
924
1259
2396
1732
919
4306
1258
1214
4011
1148
1228
1247
480
2064
6
79132
1288
953
969
1682
497
913
1207
2804
1246
3147
4878
1250
1219
1222
1968
1079
36
2019
1172
1204
33794
903
3897
1230
17
55820
3114
1200
349
2599
926
1073
4027
6539
246
1212
1961
2797
1233
3996
32587
48780
68157
5995
194
7502
733
1206
1090
1060
4995
1267
5989
78499
4963
898
922
8961
1953
3462
44191
474
2716
1299
1201
337
1307
59315
2917
1035
2502
1500
1199
54286
1276
1674
6874
1580
319
555
5418
1923
1278
2289
1387
56367
2115
2194
1947
905
1097
2712
4886
3481
5669
6377
1094
2186
920
2359
265
1234
1356
46578
1610
5618
1945
3421
1957
2580
720
471
1084
2467
57669
954
3363
50872
40815
1584
1625
3730
1256
2395
162
1293
1224
595
232
1028
1952
109487
2318
1254
357
535
475
515
27773
671
1217
5816
1244
3435
3307
1263
1262
1285
161
3504
1358
1673
2300
16
223
49272
950
1223
62
116797
4034
39
44555
1077
3362
49530
56782
30707
2268
307
33166
509
6502
8368
73017
74458
1080
29
2791
68358
6711
2278
31658
106920
76093
1357
300
2132
3471
628
1954
1272
2248
89745
4235
1939
2243
3468
3683
377
81591
2971
68237
7147
3868
112852
508
529
910
92259
951
51255
3000
2871
44665
1834
68954
54503
1394
928
1280
21
2020
1264
2987
99114
4979
1449
306
7143
2863
69844
994
3160
5445
8874
1096
1220
5444
3359
11
2761
1209
1269
2938
3006
534
1393
86882
54997
109374
122882
5902
538
2081
30749
54001
3095
1131
1466
25
88125
3088
2125
96079
2973
1287
2890
3545
1946
272
5903
6787
2739
1023
70286
79702
8970
2291
1960
1411
3089
741
81845
1292
838
5010
106782
58
581
1784
1527
44195
3671
2908
5956
1211
81229
3361
3176
551
1245
3035
1374
1147
59784
2303
54259
8132
945
91542
41
80463
3735
104913
44199
800
91104
3198
3703
69757
3200
1175
4896
34405
2745
5630
1248
1189
5064
134853
1260
3911
3448
2366
1104
3201
914
916
308
1963
112552
115617
832
2690
2144
968
1948
911
2321
110102
1103
1284
1066
946
3949
2005
3476
1192
299
67087
3469
1086
1354
5225
3260
3983
866
63131
94959
63082
35836
6979
40629
3167
3524
3081
3152
53123
933
3072
6807
5673
1884
7090
1283
2501
930
7099
1298
2935
72641
88129
50068
6796
1663
5991
3007
233
31410
5971
81847
69
3952
805
1927
8784
1266
2648
51935
3742
3246
134130
2108
93510
2138
1185
116
106100
2203
102445
69481
98809
281
6440
1178
151
2288
8798
4007
3386
909
72998
73290
1227
2357
72226
1719
955
1641
3038
1179
3020
1537
1408
3181
1934
7132
907
3653
1921
1994
1734
1237
3101
1300
105504
4223
106489
921
3037
28
1343
2406
3252
3068
1249
2434
3134
501
2352
6732
915
115713
314
71535
146656
47610
441
3067
2529
2948
81932
3317
1959
2010
3083
65188
8981
1361
4085
3429
900
54881
1305
3030
3022
1302
3724
64839
2474
596
81834
3104
224
3527
37729
3310
97304
2202
1231
38061
3507
2788
106438
942
89804
55269
41566
1127
6773
3706
7451
368
1281
1955
99764
2841
7371
1942
3916
127152
102123
8228
850
5679
51540
2664
98961
2208
1019
1938
3175
1303
6669
230
428
106696
524
6662
97938
156
7075
1964
104374
2231
36529
48738
8950
1095
927
85414
4014
2137
5791
1218
4571
40819
3342
8958
85
4037
1827
492
3263
122892
6552
7438
3019
2726
2232
348
8542
86377
3203
175
322
2490
5876
1029
88810
86
635
7156
112138
3967
2936
3499
973
4019
3213
2087
440
1950
3196
58295
6331
2728
2078
8641
446
3364
2925
4016
178
1273
3702
902
3543
96829
556
100556
3811
1215
2795
3071
3044
2924
2102
1680
431
45728
1916
5103
2066
3355
39292
1845
32898
280
80748
101
4103
5475
6350
59018
2612
55250
2929
81564
7091
215
6987
7669
3256
1238
8807
61024
728
60069
2750
6101
2575
3551
81156
2644
3871
96821
935
3358
87232
4873
3783
2150
56251
347
2670
1944
45
65261
128360
52435
142488
6269
7256
3396
5300
7116
2130
96728
108932
64034
107559
1729
48698
3418
3475
931
64716
261
268
106441
27831
1962
290
73321
1082
5782
766
3548
345
112515
2313
1282
8933
72171
6380
56152
2423
47518
6959
115569
27611
64614
2857
93443
38499
901
85438
2344
26729
96467
2594
3505
1257
1345
65514
30816
6187
62956
6708
133771
632
3420
53
125
7137
86000
55247
60756
6003
6385
38038
1348
373
7386
5992
160590
107978
74754
127108
79677
139116
148881
139757
128620
55276
5017
514
3350
4349
2070
4327
1081
3629
363
6724
80
6286
26326
119145
68073
3910
4450
3791
71264
2951
222
3512
1120
89774
51662
4903
2080
33004
3341
52458
52767
62081
937
845
7767
1078
3060
6791
7827
37741
3736
45950
1321
3606
3011
52
3219
79091
2736
477
1688
6870
759
4616
105844
7285
483
4033
82459
1333
2076
3275
7263
3406
4914
88140
54256
1649
106072
1243
123
4427
3510
64285
45722
2779
4799
2920
4679
105197
56587
2106
1271
4848
3741
108979
4846
6565
943
84152
5878
1958
4432
7087
3604
3097
52281
3360
2874
51412
3869
42004
3417
52885
49278
5747
3633
353
3125
7566
26662
7013
8607
7212
93838
4422
58803
2331
6001
7419
5772
79008
6942
26776
108583
6461
60161
53129
4641
57504
3129
2245
87306
3034
8208
26524
40583
154
80906
3929
2073
31184
4660
1419
4128
