user_recommendation
318
527
296
858
2858
2571
2959
608
593
260
50
1221
1196
356
1198
2762
4993
4973
111
1193
589
750
4226
1197
912
1210
1089
1207
7153
2329
1682
5952
32
58559
47
1208
953
1225
1704
1213
1203
3578
1259
904
908
969
2324
1219
1732
1136
1270
4878
457
778
2028
1617
919
7361
110
1206
595
1252
1
1230
223
293
1304
6874
4995
4011
4306
899
1228
913
16
1214
1278
364
926
898
3114
17
3481
150
48516
4027
1288
1036
923
1258
6016
1220
2502
910
1247
2918
1393
1968
2692
1961
1060
2997
4963
2396
33166
2542
1222
1244
3897
36
1073
1148
1250
1240
903
1028
6711
745
46578
2804
480
2599
79132
2248
235
1217
8961
3362
1276
1035
1204
4886
4979
3408
4034
922
1254
1172
1212
1266
2797
590
48780
920
551
56367
1267
7438
30749
541
529
194
2064
2300
2289
1610
1097
515
1500
928
1954
44191
1945
954
1079
1287
3671
33794
1293
4016
555
720
1090
3462
3361
1939
1411
1952
3147
1224
8368
57669
1242
1179
8874
1291
1641
68157
32587
2791
4308
1256
63082
1674
1625
3359
1077
1784
994
59315
2395
6377
1199
1307
474
951
5989
5816
968
109374
2359
1200
246
955
50872
1080
1394
3252
2890
34
1201
7147
34405
2081
5995
1357
905
1285
88125
2739
1348
3504
1950
3363
3468
2115
3317
1466
46976
56782
70286
1296
8784
308
40815
5618
25
1333
921
4235
1234
2947
3471
3386
74458
28
2690
3255
3730
1956
230
2700
306
902
1094
116797
2019
81845
116
2973
2949
3108
1147
534
30707
5225
261
916
1104
307
3307
3683
86882
76093
1361
2908
3507
78499
1264
1233
1023
3635
1265
60069
3435
2194
55820
1299
106920
2871
2291
2020
581
2132
81834
2144
2243
1029
2186
7090
1374
3724
3543
1081
1274
3186
319
68954
300
1356
66934
2076
265
628
92259
1303
3996
69844
1041
2648
1223
272
2357
3088
900
924
6502
1729
1292
3510
1271
3424
2268
1994
81591
357
3684
588
1960
3167
8949
44555
5444
348
497
1358
1673
5349
1321
2130
1189
106696
3328
1948
2467
3418
2303
4014
162
1982
1231
3638
3152
2580
2971
5782
2321
1257
940
31658
125
2005
1235
3536
2203
72226
112183
3019
2443
6350
942
1103
1246
51255
91529
471
72641
1096
280
1946
3499
7502
2018
68358
4103
1175
215
7139
55247
5418
326
3469
337
2067
3175
6773
6796
104374
1260
3213
8970
8132
40629
1953
29
97938
3916
109487
4641
911
1958
1354
1263
40819
1248
3476
4896
3814
2779
48394
134130
4239
30812
538
1272
3101
176
1407
1251
3102
1694
1095
104841
535
3060
3868
971
106489
1719
927
37731
3198
27773
3081
2138
3068
1343
3260
5060
1281
3358
233
3310
3000
475
6385
1963
3111
1086
2728
54259
2644
3135
1249
909
69481
88810
3524
115713
3022
866
6870
2750
4369
2232
2612
134853
3546
62
1192
1305
52
64839
1211
101
106782
1944
6380
893
2398
2664
671
4037
55442
58
2726
2160
1955
49530
2125
85414
363
8873
7669
3735
6331
1034
81932
31410
94959
1663
3104
1178
68237
2279
3527
39
105504
44199
6333
2108
3844
509
128360
1284
5010
45728
232
48738
2474
2349
4432
353
45950
349
1279
1653
1590
6662
3699
68269
2989
6
115569
3952
3153
342
2985
2501
3036
6539
4427
945
112852
80463
1947
3089
1025
5690
2917
1345
2731
7419
5475
3038
1959
3639
2366
47610
55267
3980
8972
35836
2288
54286
44195
521
1238
115617
950
38038
2078
741
7116
46322
5630
514
2924
51277
5329
3039
3200
52767
1884
30810
5669
73017
3672
1280
2371
1934
1938
930
3809
556
3244
54001
44665
2721
111921
4021
2137
229
41997
96079
2315
3686
3007
4406
7132
800
2926
247
1191
1282
3201
1942
2109
1387
55276
2925
3035
6001
4846
5341
27803
7802
4033
53123
2553
5385
98961
55269
38499
2165
3270
373
2732
2988
3451
7263
4661
48696
3342
96821
5971
7099
7836
81564
1283
531
2285
4881
2065
7156
14
64957
1701
2202
3653
4410
3210
41566
2763
3396
32898
3100
27022
32289
79824
80839
48791
41573
34072
11
26501
7087
6021
8123
96075
8261
8264
5238
26797
53887
74089
86487
5017
4428
4422
58649
55063
101850
163949
114464
150856
112577
104119
907
2919
54503
8645
2231
3448
5291
76251
3969
3273
1464
7075
5064
91500
733
3872
53519
2867
4009
1020
50068
1940
69757
3728
4361
5812
1957
3545
1056
115122
52281
69
1120
2093
26729
3467
8493
3082
68838
3016
2336
26084
122882
2313
39414
3067
3501
1835
322
448
2944
339
3095
2929
5679
2423
3030
914
838
112552
6552
93040
6003
3983
599
6787
97752
87232
30
49957
6283
79091
2716
3112
108583
3203
918
82169
64716
3741
149
7285
4054
1964
42418
5103
2545
1237
4809
37741
2495
61024
938
73290
3581
1130
2442
2968
3594
2131
2245
3791
6942
4263
3196
2901
51540
4105
2273
2788
4799
2983
4181
1941
1269
27831
184
97921
5956
754
2693
4128
2987
1300
728
3044
8958
39292
80489
2863
93320
93855
5244
79357
50641
60293
3355
85
6724
1635
2283
2302
6869
106100
4969
2459
2668
89904
1128
380
1463
1997
3457
2107
88129
2327
3679
161
5772
2391
1177
7022
3833
3168
901
7013
1904
127152
2267
6863
6947
87306
4967
2795
142488
117176
106916
1414
154
2613
3024
3757
2177
341
2945
183
1543
621
2982
1531
1771
1312
271
2419
3837
2465
3840
1655
3281
3021
3725
3851
3505
99145
81562
2560
46723
1057
1962
2857
60397
7766
64614
90061
4755
3576
4085
2318
1341
2596
3285
91658
65188
59387
567
3606
39446
278
2902
7164
262
71264
7566
59995
100714
2475
41527
7459
3547
2682
88140
7091
6565
152077
27741
7386
2594
3077
4438
4801
7698
6101
86377
86
1639
3194
85342
5414
465
1615
2352
1991
1255
3746
1649
95088
98491
1516
3391
99114
3275
1754
