user_recommendation
318
296
593
858
260
50
527
356
608
1196
2571
2858
1198
1197
4993
1270
150
1
2959
1210
1221
58559
912
110
1136
5952
7153
47
457
899
111
4226
4973
1089
1213
2028
589
364
1208
1240
969
2997
32
1968
904
1704
750
1203
1617
2762
3578
293
1291
1193
953
590
541
913
2791
778
2396
908
48516
6016
1247
4306
2599
2692
923
2918
17
1259
588
1225
4963
1682
60069
1207
79132
4886
48780
1961
2324
5618
1304
2716
44191
1035
1148
46578
497
4878
7361
2797
36
1222
2300
1252
5989
1307
595
8961
4027
235
357
1219
1230
1036
919
2019
1947
4011
6539
515
1214
3462
2064
1199
4995
2289
745
1276
1265
1732
926
1097
33794
1250
2329
555
954
2542
4034
3147
2502
50872
1073
377
3897
480
1200
3996
300
11
1278
910
57669
1269
2804
78499
920
6377
68157
950
5418
1394
1060
1258
1217
1080
2186
1220
1094
6
40815
8874
3088
1212
162
1234
1079
1228
898
903
223
2081
922
7502
1527
1256
76093
5995
6502
905
3671
509
1953
48394
1267
55820
232
81845
1293
33166
3421
924
16
1254
3114
246
3481
1945
475
1500
59315
1387
109374
535
1376
7147
2761
349
1952
44195
32587
671
5971
1625
1028
5991
3317
1233
1287
4014
6874
3006
1957
1172
8368
1939
474
3949
733
1204
1357
62
529
1090
30749
2863
1358
54286
1244
337
2890
56367
4896
994
2395
3361
5010
538
3363
2202
5816
1288
3104
916
49530
1948
1997
1280
4235
838
3362
3730
2908
68237
1580
1302
1201
2359
1084
2501
106920
3260
6350
8665
2971
1264
39
2076
3386
306
1673
2291
49272
3868
1020
628
2321
1271
380
3471
261
2248
58
1411
1237
928
942
68954
3307
2580
2144
122882
247
194
1189
3310
1610
3435
26662
69844
2739
1206
2366
534
1077
6787
72641
1356
1393
2125
2355
106782
2712
1147
3504
7075
4085
951
3683
3468
5669
92259
1183
1246
4308
2357
1303
299
927
319
1248
2096
3246
3510
3735
1299
3035
31658
7090
3408
1192
4979
1674
2115
307
2788
51255
2871
6863
88125
1131
6807
116797
1223
1305
6380
1834
134853
7116
2268
81932
2917
1218
3359
3175
1179
2243
5992
7143
508
741
54997
3083
2020
1103
70286
134130
1408
265
1224
1260
3038
44555
911
1927
1019
2948
29
940
2924
3499
1719
3095
3524
5114
2987
115713
3196
3022
178
86882
3594
1923
3101
454
6662
3037
161
1729
1967
3067
56782
6711
500
88810
1594
2391
6565
61323
1175
2194
2846
368
58803
1263
1649
1296
2467
2137
3134
930
3270
40629
1466
1292
3070
6732
3341
1178
2648
2352
471
3507
80463
2102
2968
2208
5225
39292
112852
1231
68358
501
5060
81229
3000
3089
69481
1262
58998
333
6942
943
7013
229
39183
6001
766
1029
74458
7263
30
106696
1284
60397
2474
1253
2160
290
1272
7360
59784
524
142488
5446
2118
914
2406
2690
3198
594
3044
1916
2726
938
6273
551
2232
112552
1333
308
2612
115569
105844
272
6979
3536
2070
2132
73017
3952
105504
99114
38061
207
1066
1374
4427
3470
2985
7669
440
955
2947
3527
1960
1242
4188
122886
1361
68269
2138
7320
112556
3983
54259
5064
1096
2529
48791
41573
79824
80839
32289
41566
6669
96079
79702
2105
921
3210
88129
2490
3167
1215
53123
1982
1283
89492
3791
900
2288
728
34405
3684
37741
3793
1032
2925
56152
1281
1663
3724
26729
3091
3910
345
2080
1653
4304
1021
353
81847
1641
45950
104913
86
30707
146
8132
4086
4037
3469
1095
2641
104374
1946
945
115617
1023
8880
3448
5812
2203
549
55276
3072
44199
3019
2795
55267
1688
735
106100
91542
1235
8970
28
491
7099
1034
3916
3275
7132
2231
148626
7451
25
3702
6796
3814
176
97
60684
2336
3545
3152
946
31878
146656
4422
2245
1963
3505
3153
5152
800
50068
4623
3703
1298
55069
2694
109487
965
81834
3357
3548
4361
26524
34338
64620
3060
2872
262
3200
2935
6643
2644
1950
110102
1099
6281
54281
102123
222
1321
7139
1120
4661
51540
4406
3739
4333
1935
1754
1784
1049
7419
1449
1161
2303
3741
4128
8958
1860
81591
82459
65261
2090
1611
1257
69757
968
5500
8125
5475
72011
85
6331
1959
412
94959
2929
5903
2728
26242
98961
7156
5349
5291
68838
2919
7826
30816
1104
514
3476
3033
1300
64839
3251
4019
1041
40819
1955
1407
1994
81
52
6918
72226
2750
97304
4263
7386
1209
56757
1907
53956
2745
93510
6235
52281
89804
2167
64034
3701
3365
84152
4432
3016
1734
8264
2150
8807
128360
917
44665
230
1537
106489
933
1797
70293
7137
8188
4799
7773
39416
97921
458
7091
5956
5902
3252
5341
36529
2140
80489
3543
1285
7136
3686
5017
1944
1931
41
116
1354
6269
3967
2792
3355
90428
8542
373
8636
4410
7649
5630
3081
8981
4642
5385
37729
58347
4349
27831
1827
477
54372
633
2912
2344
56145
93838
67255
8042
6708
7836
2108
147
3360
26152
2553
6777
1286
4428
96075
8261
8123
55063
26501
86487
26797
32898
5238
7087
74089
58649
6021
53887
163949
150856
112577
101850
104119
114464
54881
100
581
4103
1885
2351
1934
73290
1941
3861
4252
7932
91673
26599
8798
27803
2859
1419
8938
2944
3111
8633
9018
7766
76251
6773
2432
837
2273
3786
3068
6936
2252
918
4696
5782
1202
1211
6618
6987
87232
8208
2133
280
314
152081
492
3872
8199
3424
6783
1177
3030
4903
1343
3420
2068
91077
3598
86504
3100
55269
2423
48738
2693
390
3102
156
3129
73321
7698
6244
2857
2779
5876
907
98491
71535
8228
4809
3414
108583
49957
3108
3255
7943
2066
56251
13
3417
1965
2331
4801
2284
2018
2283
1078
1513
1949
127152
106916
68135
8955
112290
122900
91653
3966
3742
2046
1227
2926
1092
1936
6974
2622
3347
97938
3105
105197
2670
91104
4054
3632
4033
106438
233
37733
