user_recommendation
318
296
527
356
593
110
2571
50
858
260
1196
2959
457
608
2858
912
47
589
1221
150
1197
1136
32
7153
1198
3578
1270
2028
4973
1704
595
5952
364
1240
4993
969
750
778
919
908
1682
1210
904
1291
2329
4306
2762
4963
953
58559
2324
733
4226
2797
36
541
3897
293
1225
480
1247
1230
1089
1252
1193
79132
48516
1148
899
1214
1265
68157
1278
1961
474
6539
4308
1207
4886
8961
2918
1625
6377
1073
1036
1
5418
235
5995
1259
1172
56367
3147
745
926
300
497
1610
1028
475
59315
1968
7361
223
1203
380
28
111
11
2804
588
5989
34
922
923
33166
17
1213
1228
1084
4011
913
8970
349
44191
1254
1204
1219
2692
1617
1952
1246
1287
515
1208
2064
2019
910
161
7147
955
2115
1393
377
3462
1077
3510
1206
3362
29
6
4995
838
2542
49530
16
2359
590
3114
2791
1217
6942
4979
1304
76093
6016
3386
78499
40815
62
1097
4014
1258
2396
48780
6711
25
8874
30749
1035
30707
46578
2268
1244
1233
3916
50872
1307
6874
832
1256
81845
3175
8665
54286
6378
3911
671
534
265
3671
1276
3730
2194
1292
86882
3996
4878
898
92259
1754
994
1411
1732
1224
1096
7090
88125
1183
2202
1947
68954
1641
2599
1262
91529
261
8368
1250
162
109374
720
1212
1293
2300
70286
2125
3034
1179
1222
41566
348
30816
1945
1242
1177
4034
7438
2690
1234
7
905
81834
5669
5444
7139
194
5377
106920
3307
3152
32587
5225
2291
44195
1358
3469
2289
2716
69844
535
2971
88810
106489
924
81847
555
3594
1200
3683
2132
280
3791
866
39
7022
3196
4235
1299
6787
3363
3270
1271
1953
2105
233
551
64716
3101
2917
46976
1466
1103
3468
1272
3536
63082
2739
2871
2081
44665
106696
7099
1374
5956
6807
1269
44555
907
8580
1927
1267
5816
49272
921
3735
3686
3006
3341
272
900
53123
1296
1500
741
246
134130
2501
1948
3088
101
2961
2186
4361
207
903
2788
61323
74458
1663
40819
112852
44199
7235
116797
1223
466
1285
911
916
94959
40629
471
1939
1284
4021
1049
951
1020
950
954
8972
68073
3417
1094
149
1343
2243
2502
4450
57669
4896
213
179
2231
3471
927
2997
79091
3612
54001
7263
1719
1674
8784
106441
107559
2117
531
1954
3251
1175
1263
1192
48738
73290
5103
73017
2759
1361
1281
5630
5010
6502
2303
1357
5791
353
4789
6725
3000
168
3186
1678
64839
7164
1611
928
175
1266
2321
97
2929
1090
55247
63876
69481
1085
58803
3504
2712
5903
1201
1303
3408
3037
538
1673
81591
1220
232
2912
3252
85414
122882
1288
6662
477
8645
945
104374
31658
2302
106438
4103
1273
2076
1237
2278
1211
1280
69757
1078
80
8949
72998
1125
3068
3421
8530
2430
48791
79824
80839
68269
32289
41573
1305
110102
50068
55820
2648
347
6598
5135
599
2232
1907
2750
51255
2792
56782
8873
3200
965
4489
628
2353
2025
86
37741
759
85
1958
548
72641
3512
5349
539
1209
3435
4406
97921
6350
3701
3967
5380
81229
59387
60397
3198
509
4117
91542
3111
7075
2096
2
933
3481
2580
7502
4033
3357
337
106782
3089
81562
26524
3007
1356
2144
3724
26326
3679
728
1964
106100
2352
1283
45728
8360
36529
98961
34332
7371
6385
6724
1199
3083
3201
2983
1405
8371
581
2287
63853
3067
5060
1041
2819
4920
3160
3409
116
3814
529
2288
3038
6754
3074
76251
31410
3983
1419
1921
3022
494
2059
3420
2761
2087
5971
968
42004
6791
7285
3249
4181
556
91104
97304
36517
3044
105504
111759
4277
1321
2279
3310
1955
1180
8981
6893
3359
764
88129
5902
104841
3361
1131
7091
7143
109487
5470
1260
7698
7669
935
6333
55442
2644
1688
540
1227
4326
1834
1080
33794
281
5646
2881
39414
3035
8958
616
8827
7380
7132
2357
5812
1884
88140
445
3060
70293
4239
1189
914
27803
4246
122900
3134
2058
7293
97938
3980
4047
2490
87232
3095
56339
2070
3018
89759
80463
8132
41
66934
2000
27721
6936
3260
2863
6783
906
2020
2976
4901
2080
7116
1147
4085
6870
1066
2140
2109
8228
26084
66665
32898
735
134853
68237
2924
6993
81932
4881
2141
65188
3102
7451
6254
2248
4642
1231
1264
2006
4801
1957
2394
766
8019
54259
1946
34326
3210
2315
2467
942
2138
142488
2273
3317
2440
58347
5064
1120
5168
68135
38499
6001
3020
100714
82169
893
55267
3615
7123
3360
115713
8712
2846
2208
58295
1597
38038
68838
59995
378
5341
45
55451
6852
2068
33171
3256
34405
4848
46723
6618
1680
2726
135887
4017
971
3505
5992
6536
31026
6355
4169
6565
4697
6774
166
49957
3844
4037
8938
59784
1464
33138
60384
4552
95113
5473
26749
77291
40226
80553
8240
63836
42900
71390
27792
32840
32515
7024
1060
26231
6183
34323
81564
597
2203
7373
52973
1620
1590
1643
2973
27831
4720
2151
4802
64957
3070
3684
6669
3527
53956
1282
1095
3396
428
7767
54190
103048
6281
2344
8798
8644
6591
2089
306
2728
55269
4844
2048
2066
2841
2694
26152
7072
8636
2612
1202
2311
2908
3167
6863
5400
3543
3811
307
64614
4616
3016
4422
74727
2391
6413
34162
34072
4903
3189
6156
308
3555
1161
1580
2168
45499
115617
7375
99114
3398
4701
8542
946
32234
2474
3952
1694
55052
3925
26258
4225
60069
122892
80969
1960
95167
3793
4553
1963
66097
66371
156
2925
86377
5955
805
3213
30812
1693
3246
4263
454
6184
125
492
6777
1545
4128
5238
3476
6380
2010
1029
3507
53519
2403
77846
96655
55069
2987
1301
2065
7836
63131
1959
678
1366
6327
6548
4349
4327
55814
40583
59018
4679
26614
1950
58
3355
2916
54997
3104
3203
2935
8010
59725
5398
96488
52952
91658
4499
95558
54503
3347
3629
1797
5475
7360
68358
8264
6116
5518
130
594
7926
3406
89745
4369
1302
9
128360
42732
