user_recommendation
318
296
608
593
527
50
2858
4973
2959
858
356
260
2571
4993
1196
912
1197
1270
7153
1136
47
1198
5952
4226
589
2692
908
2997
1193
904
2599
1221
1291
2028
1704
1304
1213
4963
899
1
1210
6016
1204
7361
541
293
457
953
1617
357
2324
1240
4306
903
778
32
111
1230
969
1089
58559
913
4995
1203
32587
923
46578
1252
2762
1207
48780
1732
3147
68157
110
4027
150
6874
1073
1080
1278
36
48516
4886
1148
17
6377
1265
2396
720
750
1208
4034
1247
2908
745
5418
1200
1259
1276
6
4011
595
48394
1084
79132
60069
5991
2791
57669
1199
497
1214
1968
2329
78499
34405
1682
1206
2427
1222
3793
898
1267
54286
6502
109374
3996
555
2067
919
1220
2804
918
3481
994
2918
246
364
68237
2076
7438
5989
1961
1285
1228
2716
5010
3910
29
1235
515
1212
44195
922
69757
2391
3114
8961
1625
474
1411
7502
924
48774
5618
39
475
1653
926
235
8874
920
6539
1233
62
1258
2797
480
134853
5669
134130
7147
27773
954
58
5816
4357
1201
2291
4380
6773
1103
1947
49272
1035
1219
1950
1231
6942
8368
838
2064
68954
122882
3033
59315
108583
4878
3101
1246
306
1250
36529
3104
1945
61323
79702
1619
4641
1248
1610
2019
916
3949
25
866
1223
5782
106920
509
800
56367
928
3152
3897
81845
99114
194
1088
93840
71535
971
8950
112556
4848
910
2467
11
1307
1356
1036
3361
2302
44199
3435
4262
1028
1394
1466
86504
1500
5017
2542
152081
1090
33166
3476
82459
1748
1952
224
8958
1147
64839
161
1271
1175
2115
628
368
89745
4014
4085
2917
492
349
1680
934
319
2066
56782
2890
115713
72641
6987
1077
1939
671
105844
3362
2501
8228
1948
955
2078
2202
198
2330
588
308
927
86882
34437
6333
128360
6530
3462
337
96079
3386
1256
122904
70286
1237
40815
112852
261
31410
1215
3535
85
104374
1234
3134
1293
1958
6807
3742
3868
49530
1994
1834
7371
4979
1884
2987
94959
1060
76093
3317
30707
2300
4901
1254
2916
2871
3671
7981
5105
115569
3507
27317
4369
911
88810
766
2580
7116
1464
1962
3270
81591
1674
115122
2726
1537
10
373
1641
1967
2357
96655
30749
1408
2551
1262
7587
50872
151
5995
223
100383
5444
7771
594
1172
2232
7700
4437
2109
1358
7123
1357
69481
471
109487
77846
56941
2010
108932
222
4404
2579
5062
2971
2303
714
2268
7022
44555
2144
1225
4037
2231
914
7419
39183
38038
3879
6985
968
1269
921
1527
232
2132
1096
575
3676
5630
2938
2353
265
80463
951
8970
2186
1217
3735
93838
6971
106782
7265
4223
3724
3683
3684
1189
105504
1305
2248
3468
3703
3536
7256
41566
4914
2176
307
1272
4308
40629
1299
1673
8873
1693
2020
7263
81932
8665
3363
1584
1218
3730
53123
54503
46976
2000
1097
31658
2843
7451
1348
272
1280
5225
2897
8254
1946
74458
40732
1303
1192
945
4235
81847
3255
581
431
2648
55276
4427
8464
3471
538
6936
81229
3504
333
3546
3578
1232
2677
112552
1211
44191
2289
1361
680
1061
950
2454
2018
41573
48791
32289
80839
68269
79824
1066
6970
60397
59387
3088
2863
30
529
4623
7669
5377
2912
3357
3310
86
3260
3686
2947
25805
88125
5445
2846
8132
53953
122886
1580
2005
6662
3196
111759
3702
1921
1041
2096
1393
3201
1264
1953
1957
87232
2273
1050
165
3527
1797
915
6331
1372
72011
2563
3915
6375
3275
3916
3038
901
290
4128
3153
3060
3552
70293
8914
1288
2929
3865
4677
46723
353
6218
7139
907
2641
1296
6787
342
5218
2948
178
5608
53000
1374
41
2203
1292
931
1354
7090
590
1964
27660
8366
1257
8533
37733
2038
3408
7087
2490
3198
106696
5690
741
2355
5341
51255
116797
8711
6077
34
6643
3952
1013
26614
2359
6777
8477
4546
7069
1244
930
89804
1941
3006
6480
3359
3007
1266
5385
940
8798
2664
5103
2612
2474
94864
55069
84152
3087
6125
5541
68838
2644
2204
3039
2125
230
7836
116
2731
2924
55247
3594
6380
7156
8580
58803
6001
440
79428
64957
5013
2925
69844
6235
2105
2133
26524
5902
1104
37741
72998
147
83134
933
3421
4422
92259
1127
2973
55052
63876
7833
38499
45722
72226
2732
7698
4801
3503
6666
3081
55280
1670
80489
32898
4661
2283
26797
26501
8264
4428
8261
96075
86487
8123
101850
5238
74089
53887
4410
55063
5475
58649
6021
163949
112577
114464
104119
150856
2739
6184
3167
85414
27815
53129
3424
905
1688
97752
115149
73017
7075
3983
935
3307
4239
348
7
51662
1885
1298
8910
7360
281
91542
1177
8807
5878
4361
3967
37729
1376
81834
5949
733
139385
477
6870
648
534
97
96811
257
1916
412
4322
1099
3638
4432
26662
262
45950
3505
68358
44761
4920
82169
5992
7132
76293
2935
4809
233
6358
2690
58998
1238
3872
52767
7566
3019
7115
4725
4645
27834
5137
3598
937
5135
2442
171
1020
1131
48696
3545
5673
5876
1936
175
3341
3418
99145
2080
3108
932
44197
2118
3074
1251
6974
7137
54997
280
1179
6796
2070
1023
2208
8981
59369
893
115617
106916
215
89470
2336
1078
7064
3745
2194
55253
1344
2138
3000
53956
6104
2432
309
31435
3129
5470
47099
4642
8493
4969
3098
1253
6724
1719
6538
2099
26084
1960
3831
1552
16
58347
2331
7728
1092
79091
7164
55274
131724
101
4103
54995
1954
2728
110501
2117
3035
5446
314
8340
4349
2043
36517
3474
2394
51540
3253
3077
6852
2920
4406
635
4166
6552
3475
3095
93510
38304
6271
53024
662
95167
448
1224
40583
599
1935
3783
33004
3070
6979
37731
3083
735
71899
6183
943
59018
1161
5903
7844
56152
8042
1365
1184
3788
95558
6197
8949
7091
32234
127152
3741
27611
5772
31921
26268
7135
69
123
48738
428
2949
34338
4912
3112
1209
1273
7802
2245
347
6188
2423
79242
