user_recommendation
318
296
527
593
50
608
858
260
2858
356
1197
1196
110
2959
2571
1198
1221
1270
778
47
1210
457
7153
4993
589
750
1291
1704
912
541
3578
4226
150
1259
32
1240
1
1193
1247
2997
2028
111
4973
1213
1225
904
2329
36
1219
3897
2918
2762
293
1732
1136
7361
5952
1208
1214
1089
58559
6539
1682
1304
910
5995
6016
4306
899
1961
2324
4963
1035
48516
497
364
3481
969
1968
1036
1617
17
79132
6874
6377
1204
2797
223
1246
6
1073
1265
1203
46578
32587
475
474
25
2804
8961
3147
2692
924
3114
919
588
903
2716
1200
4034
2396
6711
2599
908
1252
1172
4011
265
1090
1097
551
1610
953
913
1258
3462
5989
1148
4886
1222
48780
1199
1233
923
5669
926
2115
2580
508
1207
4995
33166
922
1228
1230
2791
480
2268
1080
349
68157
5418
2542
529
300
1625
898
1945
1673
1250
30749
1084
3362
2132
11
1060
5225
3683
78499
232
56367
1224
1288
1262
5010
1299
733
1278
3504
1025
1220
44191
1028
920
8874
1179
50872
76093
1287
1254
2064
16
54286
106782
4878
3095
994
2019
2194
109374
1217
534
1276
3421
1293
68954
3176
1079
471
595
2300
4308
337
162
30707
1953
2248
555
1267
161
2291
538
1285
2890
3671
1947
745
68237
2908
1251
5618
2321
4235
3499
4103
1358
1178
57669
8665
1094
194
3996
3363
1466
1952
1095
56782
1266
838
81845
3730
3724
8132
59315
1307
2501
1264
235
1077
1939
2359
2917
8970
62
1242
49530
5060
2395
6565
1212
2916
3386
1946
2871
1408
1960
1884
955
97
590
88125
3006
3152
60069
950
5902
3911
4979
3471
307
88810
1641
7147
535
1280
4014
1256
1096
1206
1719
106920
29
951
55820
73290
1185
6787
7139
357
63082
81847
2278
8368
3256
4037
3783
3252
2005
5349
850
61323
8981
4027
2289
3527
2728
306
97938
64034
5013
3735
6773
2186
44195
1927
6440
2303
156
3246
628
3088
2231
6807
2020
2076
70286
35836
3361
909
261
85
905
759
1393
2302
671
1964
37741
81834
2144
3071
1693
581
1023
69844
377
68358
2863
8784
1674
6708
3435
3814
2078
49272
1244
4007
1356
764
99114
79702
3448
5991
1357
2952
1333
1923
7263
3101
3342
2745
1283
1958
1104
2929
2318
40815
3020
2712
51255
4427
3201
2690
34162
3307
7099
72641
477
122882
4211
53123
1192
7502
116797
44199
28
5444
1150
74458
175
3000
4641
3469
1957
2243
72
4262
8228
1281
8207
246
1735
2529
6870
2010
86882
2761
1948
3594
64839
4369
6979
348
4688
106696
787
2351
1500
55247
1231
5630
3036
5064
45728
3150
40629
3310
68269
87232
2971
1248
1941
3793
3255
40819
2109
1361
3260
3317
2454
1303
440
1260
3357
31658
3983
115713
575
4537
272
48791
79824
80839
32289
41573
927
1394
968
5028
1994
7090
308
1729
104374
954
5903
3203
668
2427
599
88744
1784
27773
333
3967
2125
7698
353
6101
3747
60397
1078
380
3910
109487
921
6918
2208
3060
7285
3341
101
54503
3270
69481
1020
1944
1950
2788
2202
1201
5971
314
1189
6993
1131
97921
1284
1396
3989
44665
2985
37729
36529
81229
1584
7116
2105
4263
1845
1411
3160
4846
89745
1103
105844
26729
1245
928
4019
128360
4903
2352
4422
741
7156
108583
2973
3510
52617
26150
26578
7564
872
7574
4271
4658
94959
3424
2987
1387
6796
3090
8239
7419
3196
800
94466
2245
8958
3543
661
1967
6552
106100
509
6003
1223
115569
2071
4326
48394
2686
1269
4033
918
6299
3198
3451
3134
2924
945
5782
5238
1680
2068
54997
2726
1292
1059
69757
4085
1211
5135
1635
39414
81932
3033
1177
1527
1019
2357
916
1296
7669
2273
3359
8580
5341
4273
933
2731
1300
4424
51662
72226
42418
1257
4920
89804
946
6724
935
1111
3741
6936
7022
47518
431
44555
2467
1997
26258
3007
86
3074
1209
2420
3081
4881
2081
3703
144976
34405
82169
66934
73017
96079
55442
3468
33794
2336
2391
6333
71156
3916
3489
2502
3105
3507
3545
3167
115122
68135
38499
971
1162
2355
4361
64614
64716
8528
3104
48774
4017
34
3072
3077
1955
3275
79091
2131
942
3022
56339
37733
2287
3868
1611
368
1273
2750
8636
1748
663
1734
4489
930
2938
2
140267
2820
64957
95167
268
2573
27831
7164
2732
122900
41997
8950
3037
2730
3686
80549
5470
97752
6942
3556
8199
112556
55276
7451
6187
6662
1956
6777
6001
866
940
131724
3429
2925
949
7096
4334
88129
54001
58347
4801
7375
2944
105504
549
2434
7013
92259
2694
70293
48738
2930
7025
900
7836
3035
4809
281
2232
40583
116
31435
233
5876
2721
2648
7215
3089
6323
82459
112183
6380
1834
134130
2553
8371
7137
1810
48082
3456
2070
68838
1238
215
4086
106489
4965
4238
1305
8910
91104
515
347
39292
55052
1237
1127
3952
3742
938
5398
8873
6620
2946
3360
4188
4616
93422
3263
92751
104337
42004
106441
107559
2312
1376
5670
6273
7802
6783
159
2150
81564
3902
915
71535
7649
8880
7075
52952
7072
3467
229
48696
8191
4217
3350
1099
1175
3536
3684
2935
2707
142488
27660
80
4465
5812
322
7371
7320
5015
428
97304
38886
3355
3034
3417
6669
6957
5385
6953
6643
2430
100714
59995
53956
26242
3038
2029
3702
176
98961
6881
2423
6732
3135
95558
6852
3039
3546
2846
66665
4047
1263
345
1066
134853
95088
1963
68848
4722
2947
2046
6077
8711
125
36517
32898
32234
5017
5475
8622
943
7926
3476
2664
3200
4967
5801
7293
1120
30816
80463
8949
3788
122904
18
7386
55269
26326
80489
8125
5114
4006
443
213
3062
59018
2203
4874
66371
86504
3213
5379
2138
7767
50641
8638
2432
6125
59387
4450
3070
2920
27700
96488
1147
33493
7087
99145
50068
41566
59126
38038
2403
3739
3108
1171
2344
59784
5103
1860
39183
3598
55814
91077
93320
85342
5244
