user_recommendation
318
593
296
356
527
50
858
608
260
2858
1196
2571
1198
110
589
1136
1197
4226
457
4993
111
2959
4973
1270
1193
1221
1617
1
150
1213
47
778
1225
1291
590
541
912
1210
32
2028
7153
1704
1240
2918
2762
969
923
5952
1252
1203
1079
899
1089
2599
4027
1304
904
1265
2324
1968
293
2692
908
1247
913
1278
898
1961
1036
1259
58559
953
750
480
2804
1267
1288
1073
1214
48516
74458
2289
2064
2997
1682
1200
3147
1207
3578
1356
1246
3462
1212
1276
4963
1204
1732
4995
1219
68157
357
6016
588
919
2917
2716
2132
5418
2791
1080
1387
1254
3362
924
1084
2396
1258
1293
2186
337
1217
1358
1199
4306
2300
62
1953
1945
2329
29
920
1299
1028
2797
1060
6807
6
1952
922
1222
1228
59315
364
4034
1263
515
954
3703
2019
4878
3527
349
1272
96079
7361
1411
17
5989
1234
905
6539
3481
44191
745
1208
1580
246
3114
733
497
551
3088
57669
56367
1947
1148
141
235
3671
628
2291
7502
99114
1249
2502
1527
3421
555
1250
5995
1285
1948
1957
1090
55820
903
1923
1266
79132
71535
5991
3468
926
1035
5445
539
265
56782
89745
8961
1307
36
2938
2863
2115
1282
2144
3504
1201
3006
2321
2248
595
1939
5618
1994
4014
2490
7147
3471
1303
1997
1292
720
1287
3435
1264
2542
475
11
1230
1104
648
928
40815
2268
161
2908
3386
594
2076
1237
1721
3038
2467
4011
32587
1271
7669
2096
1449
6502
106782
5782
1393
1674
3134
3200
474
471
2474
1224
49530
3044
3361
2194
58
53953
766
109374
93840
1296
1394
3160
3996
1175
85
40819
1500
1262
3730
780
2288
3101
5902
3683
2081
914
33004
1248
54503
940
3307
68954
4886
3246
1357
3868
1020
1215
3363
3524
2020
49272
3037
40732
34405
1729
1147
1269
46578
69122
994
68237
4343
3104
2728
838
69481
440
1183
1967
6874
48780
916
368
2160
1231
2739
1218
3735
1103
6333
2352
1211
48394
6787
2580
27773
1466
2336
2971
104374
2890
8874
1960
1302
50872
3897
1094
1361
2125
100
3952
2109
5349
30707
54286
353
6323
261
2726
80463
2357
94864
78499
1245
3089
5816
69757
1954
2070
1283
38061
81932
112852
30812
86882
93510
8665
1916
2648
3081
88129
2099
1641
2925
2987
942
1019
4235
80549
3152
531
8970
115569
1284
454
95088
232
1253
112552
1931
2102
1944
1834
1305
2871
306
1946
2391
3469
2366
1096
671
534
3476
2202
1097
54259
92259
194
8368
3702
911
4007
21
4641
678
2745
3534
69844
3359
116797
3070
412
39
299
116
3910
106920
4037
1189
3545
8533
1345
5971
955
1719
70293
1419
2929
2644
2612
2005
1077
1161
91104
72226
2140
2137
3448
1172
3424
1041
333
805
109487
73017
1227
1273
951
943
30749
3022
300
5903
104913
162
102123
2353
122900
4848
1673
477
6662
81591
76093
55276
3505
2203
33794
3263
52435
2872
2694
3167
3007
2501
44555
927
5064
1784
3741
6350
5152
529
938
207
5475
2252
56152
1192
6001
900
2846
4979
3507
35836
110102
40629
175
1680
70286
4661
142488
2427
3479
1179
134853
2951
2788
91542
373
1333
146656
105504
8950
2761
8636
1131
5017
1300
4427
224
537
122882
3341
2143
902
47610
6942
4086
2729
8641
115713
1066
64620
59784
1256
47518
1223
1949
1958
968
1374
1029
1827
1653
64839
2750
3406
222
1088
32898
1797
3548
3198
1663
3911
3256
7293
1965
97304
7116
1206
3347
6732
7132
51935
5956
106100
1059
6235
3196
1178
64034
1321
3000
80489
2690
53000
950
41566
2278
58998
2118
41
1281
1455
3091
3447
1925
2659
3165
961
7139
1376
1950
52287
2859
2046
514
3417
1537
82459
984
4422
102125
3086
1694
921
3983
6385
98961
1013
2106
2150
48774
79702
1625
4410
2919
2944
216
36529
1243
4263
51540
8228
2238
3035
362
6380
4432
1693
1021
1298
8958
44195
281
5630
5341
2173
3791
1935
4128
2313
1260
262
97921
55063
6021
101850
58649
5238
74089
96075
86487
7419
8123
53887
4428
7087
26797
26501
8261
8264
104119
163949
114464
112577
150856
2105
345
3310
6218
127152
60756
81229
2841
3175
1959
7090
2283
1209
4809
112183
91658
62155
58347
48738
146
314
4969
3966
31433
5385
7836
2138
1955
37741
62718
3019
930
6852
2795
4188
581
3994
8371
2916
6979
1747
45
55247
123
1049
4029
417
33660
4299
1940
63876
38038
74727
33166
3811
2130
54281
106489
5010
6755
73321
3543
7360
2231
34338
5812
4326
3499
54001
88140
2947
89804
3510
6987
3223
65188
7075
82
3260
4465
3872
347
2973
448
3168
3039
38499
36517
1220
970
7156
2857
4349
89492
7649
67255
1127
1366
3111
3265
800
4833
115617
5103
280
98809
40583
68358
2245
215
3653
1688
2066
272
3405
2664
5772
88744
917
1274
3062
933
3508
5992
2087
3801
1086
3317
4085
125
3066
55250
1401
230
61132
6773
3967
5291
148626
26662
3429
26729
90866
134130
39292
6777
3844
1913
1649
57368
3153
3271
65261
1032
596
3067
7320
89864
2176
112290
88125
3873
69
27721
6754
1095
62049
535
5055
2819
59387
1610
96821
3105
31658
1023
348
7099
4017
8880
934
67087
6530
4787
6552
83134
307
4489
458
3396
986
7386
4880
44665
1232
2359
2779
88810
164
6452
53468
290
3742
3724
7162
741
1982
5299
8914
1963
1635
1101
2303
3475
6331
2208
128360
26614
55052
76251
1177
3470
105844
3684
3112
89774
1956
4191
3201
931
3100
3252
4844
2145
2068
1295
55721
84152
91077
4912
850
3360
54881
6419
3108
98154
33639
7380
8645
6796
37729
3253
105197
2641
247
52767
7566
49651
1244
131724
3219
1441
8528
3068
79242
87304
62344
52668
1885
4623
97938
3503
1257
2622
7215
5293
86320
81845
1619
51705
34072
151
6538
80748
4380
7373
4801
7698
6724
99764
6666
7091
5377
3034
54272
8042
4703
