user_recommendation
318
296
527
50
593
356
260
2571
2858
608
858
1196
2959
1198
110
1197
4993
1270
7153
589
58559
2762
5952
1704
4226
1210
1221
2028
47
541
1193
1
3578
778
293
457
4973
32
1291
1136
1089
7361
1213
912
2329
6016
2324
111
745
1265
899
79132
904
2997
908
4306
2692
1240
48516
4963
1203
1968
1682
1208
590
6539
150
1617
1225
750
1214
1732
919
2918
246
1036
969
36
595
1204
4027
480
1247
6
46578
364
588
497
923
1148
1252
2599
2396
17
25
1200
4878
4995
926
1304
3147
2804
1207
32587
4011
2064
337
2502
1219
1035
1961
913
3114
2542
2797
1084
2291
1246
1610
5995
903
2716
5669
1259
5989
8961
920
1090
39
1228
6377
1580
3897
924
1199
1625
3481
1060
720
8874
44191
1358
1250
1230
6711
3996
194
1674
6874
953
33794
1276
2019
349
475
68157
555
910
78499
56367
898
59315
1258
1220
1285
1299
733
265
4886
471
1307
55820
50872
48780
2917
44555
357
1288
2395
671
223
1073
922
1293
994
54286
70286
2580
1079
49272
377
3462
6502
508
232
515
551
21
57669
30707
2115
11
1222
1945
68954
628
5418
2278
1267
3421
56782
950
7147
54503
1233
1212
2248
1500
1673
1394
1206
1584
106920
2300
1080
1278
581
3730
1393
74458
58
99114
4235
1172
1953
2791
3504
109487
1096
29
161
1223
76093
122882
474
5618
7502
116797
1269
1234
51255
1262
3418
2289
1960
2871
40815
3363
4034
8368
509
2005
68358
2194
5444
3362
73017
3683
44665
2467
1103
49530
1957
79702
62
109374
8132
4896
2186
800
2268
86
1947
72226
2243
5816
63082
3671
34405
955
314
805
16
3868
1201
89745
33166
235
7451
1209
35836
134130
3949
1215
914
1333
6979
86882
2318
67087
4979
36529
905
2303
1254
441
2863
3176
928
7438
2690
916
104374
54997
412
2359
3911
3317
63131
2144
5630
1028
2739
741
106782
1264
2971
2132
30749
954
951
945
3000
3735
2078
1784
902
1939
31658
1449
6662
5064
68237
27773
1175
44195
2761
3006
1537
3653
112552
34162
64614
838
1357
380
921
1466
306
1266
1257
307
134853
8981
1272
866
1104
2020
3201
224
1361
1192
3435
3198
69844
4014
3275
3545
45722
4103
112852
3952
3072
1641
5673
1729
28
1231
38038
1256
1946
261
6796
5902
64839
968
45728
96079
1387
88125
3429
2890
1217
907
1248
6732
151
1224
1527
7099
930
1284
2231
127152
911
529
81229
3360
1211
81845
3203
2501
1719
1287
1959
5991
2938
3471
72998
6187
2924
54259
2712
1292
1948
1956
308
971
2929
8807
1127
1077
1081
1834
2105
81932
538
1066
1238
53123
3152
1178
5103
319
71264
1179
534
3181
927
1094
3307
102445
60069
946
146656
1923
7143
54881
1962
3742
81847
5903
3256
3020
99764
1280
3038
115617
94959
2474
98809
1374
428
3095
93510
6807
3386
59784
1283
2746
1927
299
7090
5956
100556
4037
81591
5445
51540
4427
3359
85
41566
1734
72641
1097
80463
2935
1845
1251
71535
933
648
4085
6787
7212
230
2648
1300
850
96728
2125
104913
48698
106696
1086
105504
3252
1249
1095
1680
7132
5971
102123
431
40819
3793
47610
69757
1952
1964
3019
2434
64285
112138
1023
4369
909
2357
82459
72171
1147
27523
1950
42004
91542
938
115713
1305
8638
51471
128360
7265
96829
6773
56339
31116
3035
477
55247
3702
250
4007
96467
4720
7087
8970
1185
3068
115569
133771
93443
65188
2203
92259
88129
3167
86000
3200
85438
148881
128620
74754
79677
107978
160590
139116
127108
139757
281
3246
55276
2644
175
901
2010
110102
280
1380
348
88810
1019
5377
1235
122892
69481
3160
915
3510
3606
8784
1273
215
61024
3507
3088
373
1242
1376
4019
3342
3007
6870
3724
1356
81156
3089
2202
2973
48322
108932
95088
7419
26422
49280
3448
3310
2232
8950
4223
61323
2788
3783
59418
66934
54256
97304
1088
2841
4901
937
112515
233
5010
7256
524
6350
3801
6942
7116
1408
2391
178
1189
7669
222
900
4616
3505
2925
3469
368
4422
353
2490
458
39292
440
171
3101
2208
3910
6440
553
2745
4263
112183
3060
48738
81834
2138
38499
1218
2344
3260
3361
2948
5146
80549
2726
54001
51935
6333
1061
7263
6385
50068
31435
3468
4349
1046
935
91529
5791
1177
2728
2664
5500
52435
156
2677
89804
5679
2330
1298
3213
3703
2575
98491
5876
363
26084
2067
3476
37729
27660
32898
3081
162
2405
1827
108583
2321
7285
6001
73321
268
3357
1941
56251
140
64716
1944
3686
2707
635
918
68135
7386
4326
3983
2245
4432
599
1131
31410
2686
4105
48774
2366
69
3684
8228
70293
3406
2952
6985
4128
728
1967
8542
1921
97
4033
3706
54995
60756
101
1263
1955
1895
7075
3071
443
81564
3111
2096
5785
2732
163
3022
3033
53318
5341
6708
26729
3037
71838
2076
1693
106100
4661
1194
3814
36931
27724
3967
56152
115122
6331
2406
3624
69122
759
632
59387
5385
322
1282
53
3984
2846
4848
1227
3270
116
3350
1411
2137
1366
7836
1260
2612
122904
8580
80489
3100
71899
5747
2273
4846
4489
80
37733
52
3551
96588
5992
59018
7064
2946
64034
7802
37741
68269
3178
96821
8366
2352
1099
3475
8873
735
1688
2184
3034
6104
85414
63876
8798
159
3811
100383
2843
8949
5812
452
3873
2287
6783
4410
99145
2936
5475
1277
9010
52281
8641
7139
7445
6323
8958
8264
77658
93721
36527
38061
7698
4801
4021
6669
4584
40583
1365
55267
95167
4571
4821
7767
55063
142488
4424
2908
6461
8208
1303
89492
3677
3598
3741
52458
48696
5470
105197
4465
68838
272
58295
4428
53887
74089
96075
6021
8261
26797
58649
5238
86487
8123
26501
163949
114464
150856
104119
101850
112577
5017
3521
1050
4029
6777
8633
1611
71429
2070
2553
5028
4658
3070
8254
2897
2150
2459
47518
91104
7013
56757
6552
7091
1184
