user_recommendation
318
296
2571
527
608
593
260
858
50
1196
2858
2959
1221
1198
1270
356
4993
912
1208
47
2028
589
58559
750
1210
1193
1089
4226
111
4973
5952
2997
457
32
1252
541
1247
293
3578
7153
1206
1617
2692
778
1213
1704
904
2762
908
899
1732
2502
1197
1240
110
969
1625
1219
2918
1090
1968
1259
7361
480
2324
1222
1036
1233
923
1203
953
920
17
1304
1244
2329
1225
919
1214
1148
1258
1500
903
3481
1291
1288
2318
1136
48516
2019
235
6016
2804
3996
3363
1079
150
3476
913
1200
555
926
2064
1097
3730
2144
1207
4034
2580
4878
1228
1220
2712
590
3897
32587
1278
1073
1953
1299
4963
1230
1961
1307
2395
1094
4027
3147
36
2716
2791
1265
2542
2599
1293
1387
2987
1254
968
898
306
1356
3683
2917
745
2300
1179
246
1060
515
79132
922
1
1084
2797
955
595
1204
529
307
588
1361
994
1234
3160
1264
5995
1096
1223
299
3868
1271
349
3362
1080
1276
44191
1267
59315
1682
1172
1212
1035
7502
357
1945
910
364
1250
1948
2871
4979
2105
2076
4011
1784
2321
162
551
3088
3386
905
6874
1266
1077
232
300
2396
1305
501
1673
2005
3006
345
319
3200
48780
33794
509
50872
1199
3499
3504
3361
55820
1302
1192
3471
39
2971
1952
800
46578
2020
3175
3020
8874
1282
3671
2289
1256
2288
194
3260
78499
2973
720
1411
671
3448
3462
2761
5989
1641
5618
497
1610
149
2081
68157
1217
3101
3435
3524
106782
16
3152
2108
1263
3724
1292
6502
223
2232
3545
1912
3468
628
538
866
1237
5418
3359
2648
1235
921
492
1674
76093
2976
2985
1175
1466
596
233
272
2863
6539
2467
581
380
3317
2132
2186
2248
2194
3341
3706
3153
733
3060
475
1956
954
5445
2406
535
3203
3114
125
2313
1242
70286
1177
4235
35836
2366
1754
2501
1029
2459
534
1580
514
1939
230
6711
2115
1285
1663
115569
2359
30707
4886
3083
924
4361
3983
1224
2203
308
3728
3198
1348
2908
3095
2245
1131
56367
5010
261
52
112852
1357
3167
6796
1300
2231
728
2912
176
2750
2594
1120
1201
54286
3035
1032
1025
1960
106920
373
3037
33493
3246
4995
3213
1343
838
44199
33166
3342
594
2469
54001
1066
4306
1280
2938
2919
1946
766
1805
3016
549
1994
521
2137
8961
1921
1127
2664
3104
6787
1284
2160
3201
471
68358
951
2739
3210
2926
3038
69
26729
1376
121231
8949
5902
3469
1209
945
4489
1982
247
363
3039
116
81845
30
3948
2140
3420
1095
1321
3181
337
4641
785
3112
342
2138
28
5679
109487
110102
30749
1527
5135
1407
5377
7147
56782
51540
1483
2728
92
4128
39292
2745
916
707
1269
2291
1827
3814
6
26587
3044
1189
3068
2890
89492
2111
3196
3684
2150
927
2640
2102
40815
156
2125
5500
86882
2167
3176
1248
4903
3108
2352
6979
4037
8665
104374
2746
4873
1904
1354
1272
5225
8970
2243
1041
900
2553
2130
81229
1161
54881
2857
1147
4308
115713
3307
26131
1249
928
508
1178
1957
1262
1253
3638
1419
68237
2690
2929
1023
366
8368
2721
44195
950
2442
3635
5064
1947
918
2867
3036
7075
40629
2988
1028
3015
4085
2070
2279
377
3067
930
348
134130
3000
3952
6662
229
1345
2268
2872
2612
27773
101
5669
368
54259
1191
5673
911
109374
2080
1279
1031
1464
2495
1101
265
164
1341
1231
2349
3949
3429
2357
81932
661
41566
2131
2010
1449
1186
89745
3505
4009
106696
3679
3089
326
3320
69481
1303
3357
3272
7386
3265
1246
184
53996
550
3833
2517
103
59784
3300
5992
146656
3788
3134
1963
3102
54503
312
1629
943
1104
3770
341
1283
2925
3244
3712
2327
3271
3837
893
1531
3490
3576
1771
1312
3021
3851
2982
2945
1543
621
567
2337
1326
183
1463
2419
3281
3757
3024
2465
3840
1655
1392
8798
53123
188
88810
49272
3391
2474
2018
2460
1128
5269
3804
99114
1927
1183
2267
1935
38061
2165
161
4017
3608
2693
1834
8981
2024
69844
2093
8958
21
2725
942
4302
5071
5477
3915
4731
1859
1260
2177
3547
2682
935
2696
3735
1678
1086
4007
3252
116897
940
3310
2301
2545
422
5893
2550
3813
879
96079
2686
3168
3871
2099
105504
3917
2935
1955
2659
8264
57669
4105
2166
88125
6870
3529
271
2551
2096
72641
3256
3347
2303
3019
1236
3194
3018
1516
60069
22
2700
6932
64839
1130
1194
5816
1965
49
8580
4014
7116
3606
3527
2951
241
240
86781
3557
1342
1584
97938
1298
6271
1615
6327
1614
1701
3022
92259
54372
100556
64614
2208
2859
3091
97921
2391
4661
481
91658
2752
988
2145
3457
4920
4066
79702
7265
1649
49530
96728
85414
91653
1176
2606
4914
3328
4033
1949
111622
3556
2644
350
2726
1211
3086
2463
78574
80489
1635
32898
7698
91104
102445
3262
347
8228
1931
4103
803
3274
2107
142488
1056
65642
322
3406
1103
759
4056
2947
2083
215
106100
5956
1845
1047
426
6807
5470
2788
3090
448
1810
523
93510
4571
3801
178
4277
2774
3672
3074
88744
2901
5291
6440
27478
3365
29
6659
1125
1374
3510
3763
45
384
6974
633
111781
2143
26084
40819
3135
1925
3447
984
1455
961
3165
55276
3761
4896
6987
46
2238
70293
74458
3115
2755
112515
80906
7649
4801
2078
1480
140174
3696
4021
89804
1643
5782
845
127152
2560
3261
2046
7669
1884
8957
6214
1274
1261
112138
51080
915
7802
51935
2736
2066
7263
7034
850
248
3219
42718
4016
4262
2398
1711
5475
5341
1218
1964
3072
1353
1297
117529
107910
96829
3417
5385
901
2141
2271
1012
1215
5017
140267
1238
51662
90531
3071
27660
495
72226
1408
1332
278
1959
139757
253
4210
7767
6101
7132
6380
68159
7836
4632
4626
51255
3364
3007
2483
1394
3747
6777
95088
