user_recommendation
318
296
527
593
260
858
356
50
2571
608
2858
2959
1196
1198
4993
589
1270
4226
7153
1210
1197
1221
110
5952
1704
2762
1
457
1136
1213
1291
912
2028
58559
1193
32
4973
293
111
778
908
1089
904
1203
541
1240
3578
47
150
899
1617
2324
6016
48516
750
480
1265
2692
4306
7361
2329
1682
969
3147
2542
745
2918
364
923
1036
924
79132
2064
953
1200
919
1732
2804
4963
2997
1252
1288
1225
1214
1148
1304
497
4011
2599
246
1219
1073
1247
920
913
6
4995
55820
733
2396
5418
1258
1259
32587
25
1961
1207
68157
17
349
1222
1278
1968
1079
4878
6539
33794
1230
1580
48780
1172
1947
926
1212
1276
2797
2716
4027
1228
5995
1250
1060
588
898
6874
54286
377
3462
1204
905
1307
3897
1267
903
2501
2019
59315
1625
337
2580
3481
3996
1035
44191
994
1208
357
474
1097
1674
720
1953
46578
922
2712
475
2186
3363
36
1945
194
910
57669
1246
5989
161
50872
44555
1234
590
1387
1393
5816
1293
3114
8961
2502
265
56367
6377
51255
1192
4886
74458
16
56782
6711
33166
8874
7502
1199
1957
5669
40815
73017
595
29
76093
3949
2115
1233
508
555
2300
1673
1923
70286
1084
515
78499
3307
6502
232
5991
471
1094
951
1299
2289
1952
1223
4979
648
2917
1080
2359
3421
2871
914
954
1256
3730
3504
1500
8368
3362
3435
4235
529
58
49530
1090
1217
27773
5903
5618
2791
3703
109487
68358
1610
2291
81845
1939
2268
1201
2194
99114
7147
54997
1254
3735
671
1224
2125
69844
916
581
4896
91104
11
3468
8784
116797
2005
106920
2303
1834
68237
8665
2137
1358
21
950
2739
1356
1215
44665
1206
1394
1263
3152
800
1729
3006
89745
1954
968
805
2243
7143
1269
3104
911
628
40819
69757
3007
2318
1950
1238
5444
2248
106782
109374
2231
1028
6796
3088
319
34405
3510
88125
1357
3683
4034
1884
1189
3081
2690
5630
1023
2987
1948
1264
63082
6787
1449
1244
1994
34
3359
3868
1287
1262
91542
39
54503
5445
538
927
4085
440
3035
902
5010
2395
62
88129
2406
37729
1361
8132
3499
1077
1411
86882
1211
112852
1641
162
2467
3175
306
92259
2971
1376
3418
3527
2357
69481
2761
49272
2132
3000
31658
955
44199
838
1147
1333
1946
1280
2020
921
30749
96079
1096
3201
1272
942
900
1466
3198
56251
2890
3671
1302
88810
8970
2908
3095
262
7090
3160
3361
1209
307
223
3386
933
2202
67087
3471
54259
3702
44195
54001
4262
6807
53123
80463
1284
6378
68954
81591
2076
8636
3469
178
3916
1958
4427
6979
535
3176
112552
348
3100
27611
55250
81229
261
2529
1103
299
930
1408
945
946
741
1944
2144
1260
1964
2391
3545
1374
1527
3317
6942
928
3952
2947
3424
1960
1179
1982
8798
3098
2288
1916
81932
1584
1281
104913
2353
151
6870
116
1810
6708
73321
832
224
2490
1088
94959
81834
115713
85
1248
3089
115617
106100
110102
431
141
134130
1066
509
1271
1942
3355
272
39292
2694
1934
1305
222
308
41
5064
52458
6187
2648
156
6662
866
4007
1688
1734
1249
1178
3200
2973
2612
2846
8981
6331
938
55069
1303
105504
3039
2321
3310
2232
3507
40629
7116
4223
230
3791
534
2336
3524
1231
2863
1719
3429
122882
3742
3038
2208
5971
1175
1131
1537
2935
1619
551
596
62956
5673
106696
5060
4128
73290
56152
3448
1220
175
1104
3022
2203
3983
3505
3521
2841
60756
2948
3203
728
940
6773
2331
30707
4304
2929
3910
4016
2819
38038
1296
1086
87232
4225
26524
935
122900
134853
6286
6380
3911
36931
27724
3083
2070
3451
2474
2750
8957
6235
2677
56145
1963
2420
36529
6003
3134
1938
7099
54372
3476
4848
2726
907
1484
1081
71838
1927
2463
2078
3801
6669
1345
918
45950
915
5956
3653
3365
97304
71535
3357
5446
3072
142488
51935
2080
1251
9010
86
6323
3020
6269
4642
2344
6218
971
1257
98809
4450
3167
1292
2938
54881
3360
89804
7212
74946
4351
6565
1127
7137
1680
4661
81847
280
106438
37741
68073
88140
3414
3548
4641
28
2138
106489
60069
64839
64034
5114
1616
5878
345
380
8950
4308
3350
3811
492
6281
146656
2925
55276
4086
65188
1283
3263
3252
6777
428
65216
1078
635
112183
3260
3019
64285
8807
3071
1227
3341
13
477
108979
31184
82
7669
3358
69
2779
1285
104374
60161
55269
2644
1959
7132
2788
1019
3543
4105
51412
32898
2245
1956
5812
59784
62081
1300
1321
2068
7827
1095
8580
33004
3037
1784
8641
441
1266
7371
1962
4103
4422
443
6273
1120
1237
5475
26599
7932
4252
91673
38499
8938
93510
1282
58295
973
3475
233
73
51471
31116
7139
45
7386
2130
63131
2366
2096
2081
2745
37733
3068
96821
88744
7156
3967
6986
5992
850
55267
7075
106471
7013
2058
7787
6450
61323
6552
1827
3966
49278
9018
322
4017
917
6385
2010
290
2732
8645
1663
392
1907
50068
2686
7091
77658
4037
96728
553
59018
4010
353
59387
4019
90428
6244
4623
67997
3512
26729
2102
1794
2423
123
48738
45728
3364
34153
2919
86377
937
1218
97
1955
2427
40732
6783
52435
127152
3181
4679
300
2936
87306
3246
3741
5291
7419
2067
549
84152
6283
1021
5341
2302
8208
1845
7767
4920
6724
3478
57368
99764
1032
1177
2707
556
4489
80
6620
58803
6732
7027
69122
7698
4801
3196
7263
5876
27156
82459
368
3213
96829
2920
4014
5385
4681
6664
5772
3844
81564
4537
7802
943
36527
3112
52328
2352
3546
1061
7836
30816
2731
3406
8542
5955
31410
2351
7482
6101
4321
47518
66297
3034
599
901
64620
55052
3739
3074
71899
3033
79008
412
2284
1029
6188
27523
122892
2746
3736
27846
80748
3194
3724
5017
92210
110873
1273
5470
1937
80489
5791
6104
6959
2066
8958
8933
86320
314
115569
