user_recommendation
858
296
260
318
527
593
2959
4993
1036
589
1198
2762
2571
1221
356
50
110
7153
1213
3578
58559
47
2858
1196
17
5952
1203
1270
1228
7502
46578
134853
480
4973
1193
111
122882
48516
7361
8874
3147
2028
109374
608
68157
4226
32587
49272
904
79702
1240
55820
99114
78499
2243
6874
6016
924
5010
541
1
912
48780
106920
293
2997
106782
590
1230
1682
2918
3551
57669
246
5989
1258
457
49530
56367
908
115713
1080
1097
588
63082
1246
6711
112552
1201
1361
1073
1208
1247
6502
1235
161
1219
4886
134130
7438
555
1291
1207
79132
30707
72226
68237
2324
2064
60069
6539
3462
150
59315
105844
2599
142488
115569
8961
69122
913
64839
36529
4878
7147
146656
1222
1285
112556
94959
3763
2117
68954
750
50872
4306
89745
903
5418
1214
48394
4995
3633
30749
4963
1210
2329
1265
1288
82459
96079
119145
5445
16
1617
51255
76093
1225
81932
1252
1089
3897
73321
1197
40815
2396
899
337
115617
1704
2971
74458
55269
112852
81845
2395
93838
33794
2791
39
54286
104913
4641
595
93510
110102
2019
1200
116797
32
44195
84152
148626
1136
105504
922
1206
910
1954
1947
80463
745
994
1259
56782
102123
1278
1212
33171
2145
6377
198
1267
2291
175
923
3216
40412
97957
4754
26974
92494
111759
152081
71535
5673
2144
953
235
64620
61132
233
5956
1527
5995
97304
1333
452
121231
475
6214
3504
104841
2132
86504
3101
57
27773
96821
7360
581
109487
108583
1387
80489
3868
2917
230
898
2278
104879
5618
178
57368
112515
1204
165
969
4016
553
6
159
1411
357
2160
98961
241
34
3007
81834
70286
1348
2542
2194
1254
51540
3996
3911
128360
2357
81591
2289
2076
2716
33166
69481
926
919
2186
4011
551
8665
1293
49651
2761
224
3703
1256
127152
91500
122886
1209
99813
106100
72641
35836
1172
1945
44555
88129
194
2355
3252
5505
26084
261
222
1449
1096
1466
89492
107406
1994
69757
100383
3421
1299
104374
2890
108932
1953
6863
177
968
364
6530
8949
265
3088
106766
2078
495
98124
5903
928
88744
7116
4034
8981
122900
1304
1248
5017
778
2648
2863
1189
2288
2303
1147
40629
2005
1250
87232
1217
2384
1946
85774
2029
1148
91658
1104
96737
3386
955
4437
2300
64614
1358
3361
8533
3435
3260
4037
920
950
67087
515
1103
54881
3653
3671
1939
89804
1500
3793
36
4103
1179
7143
3362
96728
832
3535
4179
2114
2692
1959
1060
27329
8958
68358
144
648
162
5902
8970
3068
63131
4521
3309
1734
31658
4128
2321
81156
2020
112623
32898
1077
1884
7327
441
55276
1186
85342
55721
98122
905
1183
1296
112290
1035
971
89864
1251
3949
96610
3108
112138
6662
1269
3481
2797
250
6987
111781
2726
122904
1029
1284
7265
39183
88125
7132
2248
91542
1264
69844
31952
40278
1303
3545
2925
8507
5679
2746
1231
927
7669
92259
10
96829
71264
25
2947
103228
2067
96467
3418
5475
1244
92420
1653
48698
3683
1948
45666
1084
733
93443
77561
40819
3114
85438
115149
97938
2018
1834
3724
5341
5385
1287
148881
127108
160590
99764
6732
100556
107978
139757
79677
139116
72171
133771
74754
128620
86000
7836
41997
51662
1584
54001
73023
38499
2366
2612
115122
1641
3307
1956
368
97306
2203
2283
5238
4410
104119
4422
4428
4432
53887
101850
2285
7087
55063
8264
3310
7419
8123
74089
96075
8261
6021
4661
6001
3684
3038
86487
58649
26797
26501
163949
150856
114464
112577
2580
53000
4552
448
1295
46723
1028
2732
5377
2474
1961
1370
3507
1280
95309
4235
4969
3167
1968
8477
3546
85401
5569
2964
6940
6063
89837
108192
118880
90357
3081
72011
2066
2644
2731
4809
1357
277
125
909
1483
112183
3077
1257
5669
4975
500
3872
73290
3037
1950
2792
7566
52767
4308
951
111622
7075
2941
1965
2871
866
151
2938
122892
2000
2501
1344
2946
5105
3019
4848
3606
2908
474
3983
48322
2115
3741
5541
466
1673
3089
54503
477
60684
72998
37729
29
112175
1952
3060
112421
44191
131724
3363
3168
4029
1885
3952
1131
2712
3075
38886
471
902
1941
3730
7008
27803
98154
80549
8950
3871
6273
91077
2359
2208
2336
4105
108979
110873
92210
27156
79242
30812
87304
105197
2398
281
90430
86548
272
98491
3429
89470
2352
3468
3471
380
59784
176
3967
6724
3000
91630
2490
93840
2728
3360
3467
5785
6787
3022
3095
6807
2664
8132
41285
4450
4483
1484
74795
67734
106918
954
1307
307
54272
104
38038
97225
72356
54004
66665
6777
7698
4801
5991
59369
1238
497
102445
99145
6773
531
53123
6101
7156
90866
7981
1719
4021
48783
84944
7139
2231
34338
87192
55280
97673
11
96811
1407
594
1356
114662
1175
431
4191
3801
31410
51935
3873
6271
7091
38304
53024
3812
1283
4007
1234
1237
86320
1340
76251
3735
56587
7371
95088
27317
4424
1099
5225
1090
6350
44974
2
4223
4218
1913
1305
280
90746
26712
50658
1282
3152
3638
26587
4361
8979
61357
49824
68838
3989
4679
8042
7478
8572
26729
45210
25999
55253
26147
6639
4912
3966
26505
5772
3475
1652
6133
7300
127164
8492
72367
938
101895
2349
128606
105355
27812
26178
5088
110752
8491
56607
25945
26350
7089
94931
56805
7088
78039
50245
58879
151307
4927
4821
95135
75990
25882
7487
7943
4349
112399
26323
47092
7126
25996
4263
112735
7111
120821
47629
116
6852
1475
7215
8542
39444
1192
8228
3201
2245
3556
1419
2987
33660
25771
2376
7827
4965
68848
2150
30712
741
2102
2541
7090
3635
2985
4017
66934
99728
2991
5782
232
2804
3505
73017
4752
5165
104457
62203
61240
48231
82041
8906
4658
2488
26241
87234
26125
3621
6256
32211
3344
3777
82667
97593
841
5980
26003
27904
7767
65
7162
1276
52281
7084
40583
2006
2989
7013
2594
162542
3503
838
54995
1729
56145
54256
1625
3175
1464
39292
1907
720
56757
53129
106438
115210
2990
3521
86833
6552
122890
6708
5693
6301
1963
111443
