user_recommendation
318
296
858
527
50
2571
593
260
608
356
1196
2858
1197
2959
589
47
1270
1198
1
1221
1136
912
110
4993
293
4226
1210
1213
7153
2028
32
457
778
2997
3578
111
904
1193
1291
1704
5952
1089
150
541
58559
1240
4973
6016
908
750
2329
1208
899
969
1214
2762
1732
2918
923
2716
1203
4306
364
1073
48780
497
6539
1617
1252
1682
48516
79132
919
903
4963
6874
68157
2396
1265
44191
1230
924
36
953
1278
2502
2542
1250
4011
1148
1225
1199
1206
2324
1968
1247
1204
2692
2797
32587
1035
1276
2804
1207
4878
588
7361
745
913
1219
1961
926
1222
8874
1200
6
3897
1228
5989
555
1258
223
2064
4027
910
3114
1259
2599
1060
8961
2019
11
56367
46578
50872
1028
595
1610
106782
55820
3793
5618
898
3147
78499
1246
64839
474
671
4308
235
4995
1254
1036
17
475
2076
3481
6377
349
3462
7438
1625
3671
1077
3996
1394
1084
81591
33166
3421
1580
25
922
2115
134130
733
265
1233
1266
1220
994
515
106920
112852
2291
471
5418
1244
109374
950
1953
49530
3735
1287
3868
5816
1945
1212
1172
1201
1307
1217
1952
57669
337
161
134853
1500
116797
8368
16
30707
1304
7502
63082
1299
1947
1293
30749
56782
2186
115713
34405
741
1285
70286
1269
1674
1357
2300
68954
2917
246
3949
4085
5995
2268
5444
86882
109487
40815
1262
1784
81845
1411
7022
2871
6711
1939
4034
3095
480
3362
2303
1272
2194
74458
44195
36529
1080
3504
1256
59784
6863
1729
1224
1673
920
2580
1096
1090
2105
955
6942
54286
6502
1267
5669
41566
2289
1292
5956
2971
1281
3730
2761
914
4886
68237
112552
1215
1288
5010
59315
1466
28
3152
377
7099
88129
2005
6979
3275
175
62
3683
2132
905
628
3175
2924
5060
1097
88125
900
3435
1103
2243
1234
353
2232
115617
81932
3201
954
194
2202
81834
29
1356
99114
3471
1960
6350
4896
1223
4235
86
3104
7147
1754
7090
348
51255
80463
4262
581
3070
8970
2690
232
6188
928
58803
1284
2231
534
1303
1343
8807
3468
3307
2739
1231
272
280
68073
1282
2929
951
735
2712
40819
76093
44199
5782
44665
97
6618
6796
49272
54997
1263
94959
2395
909
27773
1261
69844
31878
599
477
97304
3424
4239
104841
3361
104913
45728
3034
2841
27831
933
1179
3198
2916
2248
92259
64957
106100
3788
1227
2788
96079
1958
30816
3088
79702
1393
800
3035
142488
838
1192
357
26152
648
2951
1209
112183
3536
3363
48394
7802
4846
3256
7844
1959
551
866
69757
81229
65514
2020
1260
54259
104374
1950
8633
72641
1283
2318
2041
2664
3418
1264
538
2391
1104
3702
4696
105504
60069
1251
1079
1243
1333
1248
50068
2780
3499
2144
3317
2648
122882
3203
3510
2467
45
3000
5225
66934
3019
2908
4166
82459
3703
1927
4566
2880
4442
4717
4565
4567
876
52281
1218
1361
2763
529
87232
60684
3512
440
1257
1967
1178
1175
4014
3627
1948
942
5971
4450
2644
4121
2857
3686
1094
1147
33794
5349
1641
6385
3386
3039
110102
314
5103
3791
84152
51540
1962
115569
31658
3213
89745
8665
6662
96821
431
916
5991
2791
3007
1211
3359
162
720
37733
81847
3134
2474
8949
946
1305
64716
1374
3022
927
1957
930
8360
73017
67255
1680
1734
307
69481
7419
8950
2501
2863
2357
7132
1464
2359
88810
2726
281
122892
106696
4128
3196
2160
108583
4010
7757
3068
968
2125
6807
247
106916
1693
2366
3745
1020
7139
6378
38038
3916
72226
1946
146656
1964
1088
61323
128360
3741
4223
85342
3771
2961
53123
3507
93838
2935
1537
492
6870
64620
147
5460
91104
91658
3952
3219
4623
46976
47610
85
1994
89804
93510
106438
2352
48738
140174
3967
412
1931
4848
58
4103
8958
115122
81564
99813
3081
1396
7451
3006
1834
1271
7087
148626
1653
971
2353
2355
8542
2208
96728
911
3168
5791
125
535
1095
3016
108932
8132
8798
5630
51662
54995
907
44555
54001
306
2394
3089
3153
1719
2321
55247
7263
68358
1120
3546
1249
3038
945
3612
89904
122900
973
2925
428
85774
2108
3252
8981
35836
80489
1086
3429
3270
98491
63876
373
105844
5812
7116
2987
34332
56152
6773
2732
5876
59725
3448
48774
3467
965
2694
2070
7445
8580
3398
441
3072
3543
2795
1845
1476
53519
1944
7143
26084
3310
3020
921
97921
300
1956
3681
4037
1611
1078
102445
3548
5540
86320
7075
54503
1584
55052
3396
65261
3508
119145
91542
5903
64285
508
861
37857
5522
2331
1289
8645
3724
2459
55276
64614
69
86377
4321
3451
2336
139385
2078
4776
5690
2313
45722
56757
112556
2287
2203
5014
5380
3684
108981
7669
3551
322
52604
2151
4799
85414
106766
55721
4979
32898
233
2920
6323
2463
3167
7235
26865
51935
3911
5064
6104
91077
98809
42004
4571
6754
102684
3811
106489
93721
3469
3272
7137
4361
108727
1189
2140
3365
3032
2490
98124
34162
26554
3905
3251
3100
8493
6375
101525
491
52952
6893
48783
111921
3200
163
3062
4406
105197
73321
3983
3476
56145
6283
7212
107406
26524
3505
97923
2106
6281
3871
319
73290
7380
2728
308
3037
1340
2654
2651
3501
2278
2938
111759
766
1688
215
1277
3364
3701
7285
452
55290
3111
3030
5377
3044
4007
1942
101
59018
9010
7649
4642
509
18
33834
93855
93840
4422
38499
2109
805
5915
1013
45183
53318
27660
1916
213
1046
949
4467
59995
100714
3479
2138
6669
2985
2612
87306
50641
93320
5244
5074
6620
71535
4427
363
4133
86504
764
132333
4327
216
80693
117176
68269
2968
6440
97938
2096
218
661
6187
1429
3910
114060
728
1296
56339
3606
4720
26326
7386
79357
60756
422
3357
1237
112290
2067
84944
4553
3742
2245
3414
4660
107559
106441
53956
82527
4789
6725
7371
7013
5772
55267
2409
190
2746
1358
4489
935
6565
4349
309
2846
34338
915
49957
