user_recommendation
318
296
527
593
356
858
50
260
2858
2571
608
2959
1196
4993
1198
1197
1704
1270
110
7153
589
4226
5952
1221
1213
4973
1
58559
1193
1210
1089
2762
32
912
111
778
1136
457
2028
293
908
480
3578
1291
47
1203
1617
750
6016
904
2692
2997
150
7361
2324
1240
924
33794
1732
745
541
25
899
2064
780
3147
1258
2329
1208
1207
1304
1252
1580
48516
4306
1219
4963
920
1206
1247
2804
6
2918
969
923
1682
2396
1225
4995
4878
1259
1222
364
497
1288
903
79132
2716
1214
8961
6539
4027
953
919
1148
1080
44555
68157
1036
3481
55820
4011
1172
1265
1276
246
5418
1060
6377
913
3996
1625
5995
1250
590
194
5618
1307
32587
2019
2502
588
2542
1199
68358
50872
1204
1200
1230
4886
1968
733
898
57669
3897
319
1358
59315
720
5816
349
1387
2599
1500
54286
16
1947
1097
44191
40815
508
3421
1961
6711
1674
926
76093
48780
2797
994
950
78499
1215
70286
5989
17
1584
1073
1228
1394
471
6874
555
1035
73017
1256
800
7502
1267
1212
377
54259
36
56782
1079
8368
1953
2917
474
3114
56367
2712
475
1233
3000
34405
3504
272
905
357
1945
1610
33166
72998
1211
3949
509
922
8132
2580
109487
914
69757
306
112852
265
27773
81591
89745
581
31658
3418
3007
902
515
1729
3363
6502
2501
2005
58
2231
39
2186
1356
5669
1084
2291
232
46578
1293
3730
910
1994
2115
1223
3471
1923
954
5444
595
916
3307
648
4016
3462
4979
2303
2971
8874
106920
69844
4235
1299
307
3911
54997
162
1272
2278
2125
1361
116797
1673
1784
5445
1201
1278
1090
1527
30707
3104
1244
88125
99114
74458
928
68237
3868
1254
1957
5060
5991
86882
175
2144
44195
1257
81229
40819
6787
529
1234
44199
1246
2739
2890
1217
7438
628
80463
1333
2871
909
2132
4896
1287
1209
2761
1834
44665
2289
7090
671
1028
1939
3545
51255
1952
68954
5010
2395
1884
2318
92259
2863
3468
3429
5902
81845
1077
535
261
94959
59784
79702
968
11
49530
29
2248
3152
2020
1264
1263
72641
5064
2137
5673
1280
4034
3510
54503
337
3198
5971
553
8665
41
3435
911
1094
102445
88810
741
1189
1243
67087
5903
3362
1251
1103
2076
2359
30749
3653
1192
3201
60069
3095
1231
1950
91542
2067
3168
7147
54001
3952
8784
81834
3081
1680
2648
2690
73290
106782
21
951
53123
1238
1081
1946
1466
8970
4007
1269
4085
1220
6979
55269
52885
1948
2243
233
3735
2467
106489
6565
4262
62
3176
1088
308
151
2490
2203
2572
69122
1285
1248
2357
7143
3414
2268
1960
945
440
8636
1061
1997
222
971
223
2935
2707
3160
6807
81932
106696
3793
2081
805
51412
59369
7373
109374
832
3359
156
4105
946
6378
3671
51935
446
6662
2434
1537
85414
3167
1104
1374
4450
2795
58295
3035
1408
3100
122892
3038
1284
3030
1954
26776
6708
31410
2938
3200
98809
1066
108979
3548
3083
47610
534
40629
69481
428
915
88129
1120
1029
1147
2194
866
3967
6754
96079
27611
1885
3088
1303
72226
3683
1175
97938
3742
115617
52458
110102
3505
91104
4427
1249
89804
1411
7212
3929
3476
2300
3983
1296
907
7099
930
501
1218
98491
55250
927
1305
431
56251
64716
6959
71838
37733
64285
4010
551
1376
3310
107559
106441
134130
2202
3386
4002
1292
49278
39292
1958
63082
3260
3033
7386
2664
4128
2612
3019
4351
8798
1321
36931
27724
368
1086
6001
3181
106438
64034
1810
1261
51471
112552
1484
6773
1298
2474
31116
1449
87232
2575
6187
65261
7156
97304
50068
122900
71899
104913
6942
4641
2731
3089
7371
5291
3125
280
69
1260
262
2150
94466
3350
3475
6870
105504
6380
918
73
2353
3361
2644
2245
1552
353
4679
7256
27846
115713
85
6732
32898
1611
937
4661
93363
1059
8607
106100
86
134853
314
8958
1962
1616
161
2677
1131
52435
1345
2732
2344
3521
1956
2463
52281
4014
6281
766
54881
3364
38038
1224
7075
635
80748
2841
1719
74946
838
224
477
94018
2946
71264
1927
3011
8950
3246
5630
1845
62081
3811
322
127152
299
5300
5013
2987
64614
6283
5876
2208
64839
7132
55247
7669
57504
55276
6666
281
3203
1982
5475
5992
2936
1641
6385
3252
4019
443
6552
1237
1916
116
1721
67997
942
62956
2058
93721
27156
59018
5055
27523
3499
1096
37729
3916
131724
2726
3037
6350
95167
2406
6331
3022
8807
6796
1965
4422
1095
1111
3910
3546
3604
6003
6777
73321
6724
1938
68269
48738
2010
938
5878
39183
1942
2819
40412
86377
3448
97957
935
1262
65514
96821
3328
31435
55442
7263
3702
45950
56152
65188
373
61240
412
3801
3736
60756
1354
562
5500
6987
7116
901
3068
26326
2391
4188
36529
112183
3507
1619
62374
3194
1366
59684
65037
76173
122882
45
1734
7827
2788
1178
1934
933
1227
2068
6669
6659
348
5446
96829
2925
52950
79139
4225
4263
2352
6214
2423
7087
538
1964
2846
7027
3098
8644
78105
5478
2973
3467
5017
1464
26729
5238
57368
931
32596
6986
6104
5341
3213
524
345
178
56775
7419
2912
110873
92210
86332
6863
130520
1955
973
3006
1963
3071
2313
121231
3788
97306
3300
5956
96728
2328
1255
5608
123
99764
86320
102993
4037
8228
5414
5147
5269
3478
8264
34338
6333
61024
4321
26524
44974
4506
3741
26662
5146
55063
5866
3737
2981
1933
2874
3724
1124
7649
7787
2145
1283
230
100556
9010
4410
2791
8123
96075
4428
74089
8261
53887
2285
2283
58649
86487
26501
26797
163949
114464
101850
150856
104119
112577
454
98961
59995
85179
6269
4754
3216
92494
58803
1023
6021
2366
81564
128360
2301
8239
6879
94780
5385
5772
492
921
2908
58103
5747
58351
441
7836
3406
63853
1959
68838
115569
49957
26974
4848
31903
146656
54372
108932
3791
48304
4140
31878
96588
2109
3966
8880
3745
93510
