user_recommendation
318
296
527
858
608
260
1196
593
2959
2858
50
356
1193
589
1198
1221
2762
912
1704
778
1270
293
4226
1
47
58559
1213
2571
111
908
1210
1197
1208
750
7361
899
1732
904
2692
1136
110
6016
2324
541
32
1089
1203
1617
2028
924
2997
337
2329
2918
7153
1225
1961
1252
1259
36
1968
1207
923
2502
150
457
1276
1267
1247
1219
3897
4993
4973
1204
1214
48516
1240
913
926
46578
898
5989
1682
4963
1230
3462
1293
1036
1250
56367
1172
16
2019
969
509
1222
1073
59315
471
3114
29
17
44191
922
2797
1291
4995
595
2396
1035
5669
5995
1278
4306
720
1228
3578
5952
515
953
745
1206
3147
2716
508
48780
910
1265
2300
919
246
2542
1246
1500
3996
903
497
1584
4027
1234
78499
68157
1212
1394
2064
955
2289
79132
4034
1625
1288
4878
920
2268
2395
4235
2321
994
3949
3006
6
1223
4011
364
2186
1307
1299
2599
1079
1269
2791
1673
6874
1200
6711
223
1945
2291
555
800
590
1610
1060
1028
954
1304
3362
928
58
1952
3730
33166
3481
1148
1215
1263
1272
1305
5225
4979
70286
8961
588
1103
8784
112852
2132
68954
55820
4886
1104
1256
1343
1258
1175
1411
1280
2243
1231
3386
8874
21
950
32587
1387
1097
628
7502
1217
44195
30749
56782
60069
3471
265
475
235
474
2917
1094
92259
1199
3671
1220
3101
3317
1233
5971
1333
3246
3198
1084
106782
50872
3083
3160
2303
1183
27773
2076
1262
1251
3307
52973
33794
1641
6942
2987
3468
2068
1201
921
3735
1077
30707
905
2804
2501
1254
933
1096
3683
8981
6377
1260
1086
3435
1242
81845
57669
1211
1244
1296
25
1264
1192
3868
911
2318
3983
942
2194
1238
3000
175
349
8638
1179
1237
161
930
1287
1527
1357
1784
1080
3408
1393
194
1466
6807
3310
2115
581
64839
1361
42004
1023
39
35836
2712
1374
1285
3814
5418
3104
109487
162
1273
2391
44199
5992
1947
1041
115617
1734
85414
232
76093
6539
51540
3175
866
1729
3210
6787
109374
3421
261
87232
6188
306
2010
63082
1292
2231
3948
5956
1095
348
233
373
2648
2871
1997
2355
1955
4014
805
106920
2971
6796
4007
3067
1090
1185
54503
7451
8228
7090
8958
1358
3424
2467
380
3510
741
2947
1253
272
99114
41
412
2020
2929
2288
3504
3363
2949
88125
89745
1248
1953
86882
3256
1950
34162
3418
56339
2739
4029
1719
3536
5064
1674
4720
2137
2841
110102
6187
72226
4361
2144
668
81229
49280
59418
26422
69481
1663
176
971
945
6001
2160
7022
69844
74458
534
4271
5630
2726
728
1218
3916
1959
63876
115569
1939
1209
1748
2232
3952
7132
81932
2108
968
215
3252
1449
5103
6104
7285
2788
6436
1594
59784
97
7147
4085
1189
39292
81834
134130
1860
1120
1224
8873
3361
68237
5618
2916
938
2731
6870
3022
3910
3038
142488
951
91658
3448
549
171
1147
76251
68358
49530
2366
3176
3429
40819
2138
4848
2572
63131
2313
26258
2908
3039
6350
3088
3035
5010
64614
5876
3788
3724
914
26729
4037
2973
3635
2580
6993
7669
4658
28
3007
54286
3879
314
2109
48774
1694
26242
6918
40815
52952
1366
4903
832
1188
36529
59126
4422
1243
1464
26150
5028
872
7574
52617
7564
26578
1300
115713
8542
38061
671
46976
96079
907
1284
3359
70293
9010
122900
4450
594
8645
7136
1754
2165
3546
2081
8970
82
3543
105504
1066
3089
8239
7091
1227
8366
7438
5812
8807
1678
538
33493
3167
562
54259
3355
48738
3219
3060
3152
3499
353
1884
1635
2925
2070
902
3019
1948
96488
3068
2944
50068
4326
68135
149
8368
3168
2529
1202
7802
280
5377
901
2203
4033
492
3469
1281
4776
27790
54328
551
8798
1184
49272
4263
26131
2176
26662
3016
4873
2351
91104
106916
4914
2202
8641
3062
230
116
1365
2359
1283
45
2474
104374
556
1958
7116
27803
8955
1537
3545
2686
1029
89492
2336
53996
61323
2459
53318
309
937
2357
34338
26587
300
2863
2976
2795
2125
26326
1282
5008
357
3552
441
81564
3030
3989
3200
3498
1301
3696
112183
2644
88129
2690
1081
7235
1249
163
111362
4308
2102
3018
635
927
97921
52767
946
82459
54001
3213
5291
2612
363
4623
44665
222
1960
1050
7767
6783
3111
7265
3102
55247
88810
3679
1944
39183
205
37741
1178
5955
52
86
8264
6662
4465
80489
97304
1680
2245
2912
46723
2728
5782
1611
32898
8042
27022
3699
55276
31658
104841
6881
122892
319
2664
2761
916
1946
6643
307
4978
322
5238
7013
477
1395
3186
1266
2248
95510
3037
7256
785
407
2919
3417
4239
1964
4103
2594
1921
111759
3077
2087
44709
4489
1191
3253
148626
3263
5765
3437
4814
3203
64034
6975
3507
2130
48322
6440
6184
7698
1124
4327
55052
5341
1085
915
2920
8199
2302
4017
5791
3686
3865
6669
428
3633
106100
1303
529
4211
104913
917
2042
3298
342
7419
1099
2287
3654
5893
106696
6452
2993
1845
4410
6323
1271
6791
7566
3260
3456
85774
8933
262
266
40826
3684
454
1957
88163
446
5500
140174
3272
52885
55765
6618
121231
77800
1005
2693
6863
1827
4809
6724
7087
6419
4047
599
6852
41527
7143
1965
8132
88744
116797
6380
1059
65642
147
91542
91529
33669
7459
57845
71640
26947
41912
4741
68347
8576
3524
1046
1277
5013
2687
7836
38499
909
4334
3072
7123
5146
3470
6273
3741
1127
940
5902
2962
62344
6271
3811
4787
7075
4612
2403
128360
1419
7072
27831
3639
116897
4406
52668
5477
8125
5114
1261
26524
67255
73017
1186
3703
94959
6786
38038
1941
2938
4322
45728
33171
5502
140267
146656
4056
3476
64716
3505
5475
93510
8914
58303
8665
97923
61240
7616
112552
101
5017
7943
7766
3809
69
51935
2732
74089
58649
4428
55063
86487
53887
8123
26501
8261
26797
163949
114464
101850
150856
112577
