user_recommendation
318
296
527
858
608
50
593
2571
260
2959
356
1196
2858
1197
1198
4993
4226
1221
7153
110
1270
912
47
1
589
1136
5952
1704
4973
778
293
1089
1210
1193
32
1617
58559
457
150
1213
1291
3578
2028
111
899
2918
2997
904
923
541
908
2762
1240
1203
79132
1208
750
1252
4306
2324
1682
2329
913
1214
6539
969
2692
364
4963
1148
2542
1073
953
6016
1250
1225
4011
1230
4878
745
1968
2599
1961
1247
48516
48780
2716
36
1732
1207
1278
1219
1259
1222
497
2396
1228
56367
1276
2797
1267
68157
2064
3897
1036
926
4995
1035
6377
903
1304
950
7361
2502
5989
46578
910
1200
1265
515
3996
55820
33794
1199
555
2300
44191
924
1212
2804
1288
4308
1204
919
3147
32587
4886
1172
4027
588
337
1060
955
2291
6
595
8874
1394
57669
1625
1610
898
480
8961
1234
1246
5995
1953
33166
11
246
223
1947
1307
1673
928
1079
920
994
471
5618
1258
29
922
905
6874
16
161
349
2019
4034
951
2289
474
59315
40815
1223
3735
78499
50872
1028
2115
2268
1090
3671
1084
1729
3481
7502
1411
17
733
1256
1262
1500
3462
1952
671
7147
48394
1293
2194
1254
1580
5816
1201
265
1269
3114
1206
1080
508
1220
1641
5418
1299
235
942
954
475
1945
1077
1260
49530
3793
1280
2580
2186
81845
1287
116797
3683
377
6711
1357
76093
1356
1094
6502
68954
232
1233
2125
3730
5060
1097
3362
933
106920
1527
194
109487
2395
1217
3421
1263
914
1292
800
4014
2303
628
1674
5010
1284
134130
68358
1192
6942
1244
7090
272
60069
2231
56782
44195
2076
58
5971
8368
357
7022
741
1960
34405
1954
1272
6863
3006
2971
3307
5669
2359
5956
1957
1285
5064
69844
1393
4262
551
109374
2917
720
106782
162
74458
88125
70286
134853
54286
3504
1333
911
45728
4085
3468
1343
1231
3256
3510
62
4235
1103
1264
4979
2202
2391
5630
49272
34
2243
30749
1215
2791
3359
2871
1096
112852
73017
2501
64839
3198
319
6350
2863
916
2908
590
28
40819
3868
2232
6796
1939
2467
3471
30816
2690
2248
1189
2318
2353
1175
261
1466
94959
86882
1147
5991
81847
63082
92259
309
3435
3791
25
1179
2761
2712
3949
1248
968
2739
2160
104374
3022
54259
68237
36529
348
1594
33493
3448
599
115713
509
27773
1281
8132
535
44555
91104
3152
3363
7099
1224
52
3175
51255
6188
648
54997
3201
1218
1178
3317
3104
538
3088
9010
7669
440
1296
41566
930
2144
2929
5349
3361
2020
3000
49957
1095
6979
7139
44199
8970
6662
44665
6807
1464
2944
81591
909
3095
68073
1283
477
900
53956
1227
2490
91529
6870
1950
946
1719
1959
1249
945
3035
81834
3081
3039
8665
2644
5444
3033
3499
175
1834
2890
2951
2935
1361
1784
262
1374
1916
96079
1303
4239
81932
80463
2648
529
31658
7438
99114
122882
2726
2924
1257
927
735
66934
1537
88129
2987
2357
4896
58803
5812
921
48738
3210
805
2150
72641
3386
6281
3952
3101
1086
1209
3034
106100
2788
3814
105504
115617
1120
2132
3451
3038
3536
3916
2846
2067
2795
3167
1845
1211
353
907
4848
1266
2109
97304
3089
4103
280
6331
7802
2138
3360
441
8784
3355
3068
59784
112552
971
69481
2366
2474
87232
3512
3213
104913
7132
6380
81229
85
1251
7143
37729
3543
1020
1387
26662
56152
3246
106696
3275
4623
428
3196
3418
1305
3686
89904
1948
2694
2729
30707
110102
106489
5103
38061
1104
2612
3019
2208
3007
1946
7263
3702
1013
866
1964
3508
3703
8645
38038
6787
247
1688
97
3083
69
7451
4304
6378
73290
3270
102445
104841
1023
89745
86
3983
50068
2463
58347
27831
1754
2096
3429
8542
390
4037
91542
322
4776
106438
69757
3310
8981
1376
86377
4427
2664
4299
2066
3252
70293
88810
1366
4327
60756
31878
7380
41
3811
2841
290
230
2321
4019
122892
5903
2137
55267
5954
1131
4361
3134
64716
8493
82
7137
58295
2165
3551
3612
3507
45950
2819
973
3548
6773
4406
97921
3111
64034
5225
54503
47518
3788
4086
363
1066
1927
3203
7075
26524
2203
7285
534
965
213
3037
6003
1277
55250
5955
6001
3020
307
6669
4033
5114
4326
1734
314
581
55069
4489
3135
233
1962
940
2118
2961
4450
3505
81564
6104
80489
84152
4263
3469
33639
53123
3546
1958
26729
5876
38499
1955
2068
1476
82459
8958
224
5446
4432
4642
21
93510
91658
3072
8530
2857
122900
3594
2352
72226
8580
6618
1944
6732
766
917
52281
63876
8228
2925
7091
5074
6385
1029
7386
2331
3219
26152
3741
40629
373
2952
8950
4799
7116
108932
2041
54281
6708
938
112183
79091
34332
51935
1449
3696
3681
142488
1584
128360
4007
55442
2553
55276
306
37733
1956
1202
8633
281
2287
106916
4128
4465
98809
90061
4755
7013
5690
178
53519
52435
6440
7320
2273
2731
1994
3016
4734
5878
7419
1963
5299
556
7156
2245
4787
8938
6461
4660
6283
56251
6375
4349
6235
13
3030
6452
146
7757
1049
2284
5540
6754
2693
4190
7844
1649
3424
3070
431
47610
1967
837
54001
1078
105197
96821
91077
68269
5522
7293
4459
5380
2288
2763
85774
4696
66097
2151
2330
108583
1663
4223
2073
65261
56339
2780
1997
7235
140174
1395
148626
54995
115569
3437
5765
1237
3044
3879
2351
146656
4422
6954
46976
8369
80
2919
5915
8754
6419
42418
64957
121231
26599
91673
7932
4252
1942
1082
4121
59387
117176
3653
7164
3545
8638
96728
4292
2946
2920
5791
87306
101
3467
32289
80839
79824
41573
48791
5772
2434
6269
5500
52973
132333
2459
935
7087
93838
115122
1302
6993
6791
222
3966
4717
4567
2880
876
4442
4565
2686
2420
412
3701
51540
1396
728
85342
64620
32898
26326
850
8798
2947
949
8751
6725
4789
8641
135887
56145
3475
90428
89492
89804
1271
9018
3062
