user_recommendation
318
296
260
356
593
858
50
2571
2858
1197
1196
1198
4993
608
1270
2959
4226
527
47
589
5952
1221
457
2804
1704
912
2028
293
1213
32
2997
7153
110
953
904
4973
1210
1
1291
1089
2762
1136
1203
111
1258
2329
969
1968
1193
899
58559
7361
364
1259
1617
6016
4306
3481
150
1208
778
471
4963
1265
4878
908
926
1222
1212
79132
2291
1225
1732
905
1240
2324
48516
1079
3147
2918
1580
2064
2115
1682
3088
1172
919
2797
1252
1230
1219
1207
223
913
6539
1080
903
48780
2599
1247
1200
555
911
5418
3020
8961
1288
2396
920
1673
1387
2076
1358
2716
1036
69757
940
942
1688
745
1060
480
265
6874
497
25
923
32587
4011
54286
474
551
648
541
349
2502
1032
1256
2761
253
17
968
46578
898
3510
1148
81229
7438
1199
1215
750
56782
3672
515
1097
3911
261
3897
733
1250
1517
475
56367
590
2846
3114
1214
4086
68157
3360
5816
3548
2692
2542
1625
16
2303
2243
3363
1228
1285
938
1244
1206
76093
55820
1233
1021
1192
5989
1610
6711
3421
951
3671
235
1953
3499
44665
3578
1223
1269
106782
194
246
79702
1960
661
3751
2313
1333
3435
5995
3476
4262
1500
6
1304
720
1407
5669
89745
509
33166
106920
2011
1278
1784
2490
33794
2020
39
3033
30707
73017
1220
2301
1958
535
1296
1994
8368
3196
1242
1249
1939
1276
1186
44191
1959
1711
68358
104374
910
59315
1947
1267
950
2460
1084
34405
1527
3095
1086
161
1025
1956
134130
741
1952
2580
2137
2520
4027
2318
1299
3451
3201
2739
3788
3362
1029
7502
3504
3418
581
2194
922
1374
64614
81834
994
57669
549
1921
88125
1209
2757
3198
44199
1945
934
1674
44555
1211
3471
4886
77658
156
3081
1028
188
69122
1073
524
70286
2871
5618
3035
1394
3730
1663
1307
3152
2248
2791
2186
3168
109487
3702
177
928
5445
2463
272
81847
914
1094
2359
69844
3007
3683
162
4995
1293
1179
1257
3019
64839
1449
4848
102445
54001
40414
1099
27773
3967
1955
96588
2917
4034
3949
222
954
1243
4085
3000
3160
8132
6377
1227
492
3448
1361
2160
1572
1611
3213
1924
53123
87232
1961
2312
54259
37733
4450
4016
407
49272
1290
1464
98491
943
1411
11
592
54997
1035
6502
2908
4019
2125
1120
2231
2280
69
900
68954
441
2746
1078
4896
3341
431
628
34162
2459
4235
3256
3535
2391
2019
2704
1254
1023
29
2467
5444
1082
28
176
74946
206
58047
3868
67087
288
175
832
122892
2208
7147
3556
140110
2929
52458
2344
151
337
6754
6003
1292
2395
3512
5673
63082
72998
6796
108979
1719
3793
3501
5146
47099
500
58
3424
1406
2355
2866
116797
8533
553
232
3996
588
80463
1175
1261
3916
4427
5630
99007
1653
2826
6979
1957
35836
1982
1272
1339
47610
3359
1266
1224
74458
88129
266
3735
4023
2138
2841
3703
2664
58295
1343
1934
292
112852
1201
1944
68237
348
8958
3468
6807
2690
1264
2085
1964
728
31658
2057
60069
36
599
89804
1734
85
4571
141
3429
2352
30749
918
8970
71535
54503
146
50872
60756
5991
1754
935
85179
55269
280
62081
8957
1479
91542
1357
3219
1592
1077
4406
6440
1096
6125
2926
300
8950
3545
1177
51412
3516
2949
13
97304
562
5060
4081
3412
36931
71838
27724
6870
3275
79428
1476
2774
2677
1937
838
2132
1262
106441
107559
73290
2300
1218
2870
85414
1234
3061
534
8807
2058
3034
61240
5679
973
930
3016
3334
4007
22
6959
6077
7833
8711
3068
3203
59018
238
59369
2779
1884
333
2328
1305
93363
428
3653
508
1344
909
5782
86882
59784
30810
2496
2987
4105
2857
8798
6787
1619
2924
443
3129
51255
94018
7022
62374
616
366
4499
3272
4128
3100
39292
306
97
80748
147
44195
2038
2572
2863
1191
4351
4975
4679
73321
3070
4239
3745
81591
468
40815
319
363
110102
96728
1012
1287
1260
2232
49278
6863
3039
916
1950
1587
379
2145
2648
6283
3811
2005
106100
78105
79139
37729
3543
2971
2726
7090
81562
921
1015
2810
8874
92259
1466
1248
7802
1245
7419
31878
866
52885
5791
97938
5876
1962
999
4979
102684
108981
108727
1271
56251
7371
106438
2289
1942
3110
345
2447
3342
45
94959
31410
36525
4228
102993
46976
106696
1946
5903
1081
5064
3521
78499
6659
81845
7373
1827
3134
2249
945
4483
2935
3917
48783
4584
1131
3929
1231
5463
529
3210
88810
6879
190
71156
2501
59
7156
3809
1907
2155
477
3072
131724
1046
97306
924
647
133419
4384
1189
1279
7075
10
3791
33660
2712
52435
3262
2335
2331
57528
38061
1447
2282
1797
5074
8580
66371
3477
3546
63853
180
112175
99114
72641
2920
5971
104913
1178
1251
2203
104863
307
139385
115617
117192
115664
135567
132046
1103
1280
946
927
1130
907
79293
2334
3125
6662
67408
3984
6156
6620
3507
6286
49530
505
4506
1747
64716
56587
81932
51935
101525
32596
1966
2288
1283
5882
1446
6187
3089
4616
8607
117529
56775
130520
52950
170
3357
6461
58351
4349
4920
5470
6350
5828
47254
2130
6957
2718
5617
3599
84152
3952
4299
65514
7099
7263
322
26268
31921
3983
3097
3677
949
7649
5481
2938
4816
58103
48304
1484
4017
76293
735
3074
3252
3365
2750
380
87306
2434
27523
5010
5956
91630
5478
98243
8949
4321
6909
4220
213
47518
3037
3167
52
115210
93840
1204
1237
933
901
2575
422
1834
230
2070
6987
3307
81564
2985
805
3606
2925
3462
86377
4681
3608
4223
91104
164
3062
72209
140174
538
59995
1253
3852
2874
5810
3655
3038
68791
86
1027
2346
556
50068
2970
1420
3550
7139
3104
121231
2433
27882
1047
2936
62956
1422
57504
4623
8947
1066
2099
100714
6586
99813
1232
1414
937
3475
2981
3364
3737
1933
5866
3604
3736
31193
4140
3159
112552
27317
