user_recommendation
318
593
296
608
356
260
457
2858
527
858
110
1198
50
480
1196
111
4226
1136
4993
589
2571
1089
1221
1193
47
1225
161
778
1704
5952
2064
1210
7153
1204
923
32
590
912
357
1219
1079
4973
1291
17
293
6016
150
2692
2324
1356
1270
2762
1252
1617
350
475
1035
541
1214
1213
74458
1304
1278
2959
1197
62
1827
969
1206
1387
1240
2115
2599
261
1580
2396
1207
720
10
1217
474
36
2194
4306
1997
1208
1968
380
7438
6874
246
2289
2174
11
1957
4011
2804
515
534
235
838
750
3362
1028
4027
1358
5418
1036
454
1073
58
162
1954
1923
265
1411
29
953
1258
3527
898
4034
581
46578
899
6003
300
4995
1090
4886
164
3911
1266
904
3246
68157
733
1288
2132
1952
213
2791
364
1233
1446
2020
745
1292
588
1200
1272
1287
2144
79132
1285
3468
1254
89745
1293
1263
2542
1228
2467
1500
1302
85
3114
2019
531
34405
4384
59
2291
905
50872
908
1211
954
1
1227
2918
1203
1610
1237
6
5995
3134
1693
4878
1243
1245
535
1223
6807
1394
1249
3037
1298
1094
5782
1246
2099
40629
922
63082
1224
1267
2917
3363
1953
928
1625
1172
1060
71535
1303
44191
76093
2105
81847
377
1305
3417
2366
913
3703
1265
2321
1732
3420
1264
1125
1253
1948
96079
4235
1994
1597
368
4343
2329
2745
1711
2490
5225
595
1961
509
708
903
3200
72641
1084
106696
3270
2551
101
832
6377
943
2728
3361
33004
2352
497
1939
1663
41
3101
994
1273
2102
3038
3070
2474
4963
3897
40732
1131
93840
3471
281
1965
1935
6787
919
3421
7263
1220
2863
3347
1161
1259
3044
3406
2750
194
3386
551
3086
1020
2046
3260
1120
1419
3020
1300
2423
224
1148
1931
3469
3006
6323
2070
2140
1408
41573
79824
80839
68269
48791
32289
100
48394
1066
3341
1401
1466
88810
3090
53953
1940
6539
1455
2173
3091
2938
961
1925
3165
3447
2659
970
3470
984
3405
2238
3089
3265
514
3147
412
3448
2985
54286
2872
1199
3007
2857
1641
537
3594
6333
41566
2
3996
3088
3462
508
1393
2716
529
2427
594
2859
3271
2395
5669
1019
4014
3066
8874
2111
575
1949
4326
2110
60397
2096
337
5391
3479
1097
1719
314
56152
2336
1276
81845
1958
3153
5013
8970
59315
68954
3178
920
2919
521
1271
2453
2470
6440
1080
1247
3524
2318
940
94864
1587
6565
1299
48516
1673
1212
49272
916
1250
2739
2268
99114
33493
3683
477
2871
596
1077
1175
349
5876
2997
2106
1354
73017
3435
2797
1194
223
1945
2112
1674
2059
3307
55820
8961
4308
3510
2908
1375
1104
5989
3677
671
3983
1357
3783
707
2252
4021
951
307
1103
1032
6269
1183
6552
306
3702
2288
3039
272
1231
1037
33166
3578
3060
417
2330
6936
3671
49530
3189
968
1407
2973
837
926
86
2394
69844
4873
54001
82169
280
1619
68237
1759
80
2618
1222
446
81834
1248
345
1748
7256
2641
97
57669
3252
805
3175
2313
3676
1178
8950
2005
7143
6502
88125
2231
5679
1041
40815
2406
1967
893
5444
1095
94
1960
7502
2333
915
932
104374
1284
4128
2359
2109
8645
1260
8873
613
8784
8368
628
2143
3083
2726
2300
4427
3068
3111
4914
79091
1921
3104
215
2186
1283
7154
4357
2469
7371
106920
48780
1361
2391
5349
1234
1834
116797
1280
538
91542
2968
440
2690
764
1185
914
27773
1701
3081
2150
47610
2416
141
222
361
5816
2202
3844
92259
524
8798
16
233
56782
308
3809
59387
7164
2879
93510
6235
4380
2068
69757
3515
95088
4833
53123
230
37741
2351
4450
3967
918
88129
30810
2403
81229
2622
8908
2010
8665
5574
5152
39414
1772
2353
930
1947
6863
1612
6378
2118
1345
8622
1966
3033
2434
911
81591
4623
7771
22
4262
2432
2718
53468
62049
766
2671
1860
83134
4641
319
5630
2501
1179
58347
1209
55267
3067
54276
1680
26729
8958
2504
229
53000
2640
7616
95167
80549
102445
1192
51935
428
70293
3409
48774
5812
5992
5618
1242
6711
7375
35836
2084
2729
373
3551
4888
30749
1050
78316
91886
26133
61071
5102
62912
46919
39307
68838
59501
1269
1513
3653
2694
3255
543
4979
289
1186
4085
2949
134130
1845
616
51662
3129
3508
5015
4007
106489
348
2951
5218
3793
2248
2947
6612
1057
8914
3424
4720
51255
1670
1023
2076
7044
110102
3022
3210
44199
3310
6987
207
2073
2788
3788
47382
371
6339
8533
1238
125
661
61024
106782
833
2944
2481
3476
26242
2151
91653
1729
1232
1590
6380
6918
8955
7136
3910
2846
46062
3735
2987
2176
4103
2575
91630
7139
2138
1189
1281
4901
2087
36519
3949
555
30850
64716
3198
5074
6461
1256
3100
7116
8949
54503
7123
728
6331
98809
6480
2080
3499
2311
104913
1085
2278
1096
2302
2384
6953
6375
2563
28
135
4700
3915
1963
8228
363
6104
8
3730
168
4304
53972
2038
8530
1694
4322
270
492
4047
1013
58295
34
115569
72226
1927
6281
4037
1012
3196
5114
89774
146
955
986
3359
1296
1537
88140
6796
54259
5446
4783
2193
410
40583
1202
2677
866
4679
3629
3481
3852
2517
34162
2795
6773
122892
2125
6365
68
6932
6001
6643
333
2081
1059
3916
351
3062
2912
7587
2273
1343
3102
5820
2648
36529
292
5971
68358
3108
4855
1244
64839
45186
6754
7451
5147
1884
91500
1348
1688
4677
2881
1639
2208
2736
7013
1797
4437
2991
3167
1370
1218
79702
91104
4889
32031
452
96728
6254
178
2932
2355
3548
991
934
31410
5146
32598
931
6283
7373
32525
25850
6273
3739
25947
6650
2361
42004
6620
4292
5670
7802
2137
3503
390
2488
3000
8638
2905
8042
4008
3498
107559
106441
232
3071
4010
3606
156
6959
4190
549
1645
1941
51412
94018
93363
5105
3398
106100
2261
921
