user_recommendation
527
593
2571
318
296
356
1210
260
1193
1270
2959
858
2028
2762
2858
1196
50
4993
110
541
1198
1200
5952
1580
47
908
1221
3578
58559
2542
2918
5989
1148
4011
7153
1
4306
3147
1197
608
4973
750
364
778
1291
2396
1213
377
4226
589
2791
588
3114
4878
2291
733
1136
1203
509
508
2064
1552
293
736
904
5444
1035
953
1566
912
628
969
2692
112852
2081
3671
89745
5630
1207
45
457
2137
1089
5299
68358
2329
1704
3735
2080
36
1094
89
913
1250
44191
6874
3996
316
59315
1240
3421
59369
1228
2078
2617
1278
150
1206
2841
72998
1688
1261
1284
2268
1895
1208
1954
2300
1219
2707
919
2289
4867
5159
1361
32587
3825
2671
1171
1968
595
3743
4821
5970
2324
44199
1172
2092
2017
3798
86
368
1358
54259
280
1487
1686
3418
1230
587
1380
340
2096
1732
257
4901
4039
2355
1616
45722
1225
1259
5060
1015
47610
1304
140
2804
1233
1030
362
5902
170
3408
2485
3175
2114
590
116797
1617
246
4896
81229
1031
3471
4814
91529
5108
5991
6155
1088
539
3967
1299
122892
2599
5669
1192
1247
3246
1258
1097
1059
1028
1682
307
1214
903
2132
4308
1288
306
288
6754
3481
2917
2687
922
1952
7361
480
266
3006
4369
2318
1961
88810
2340
1276
516
1217
1234
2888
1500
3949
2019
2973
1394
49530
48738
2424
2805
994
1263
85414
3107
2395
3317
8644
1252
3363
319
3196
6539
1036
1032
899
1296
515
6016
524
6870
175
2144
3462
5502
551
5146
3543
17
1674
3007
6711
1090
1393
5151
48516
3617
3911
783
4034
926
349
63082
1945
1264
102445
581
32
109487
111362
16
6959
3920
3925
3966
106072
8972
74458
8784
1635
2391
30749
73017
4027
8874
1293
2321
6787
54503
3504
1235
3256
51412
1111
3897
58295
2336
308
1721
2186
46976
30707
110102
2243
475
5995
76093
1095
6
4054
1422
109374
122900
96821
98809
39292
2278
106489
21
91542
1484
93363
2908
3521
4881
48
4406
2716
7
3724
4963
88140
1220
5064
8228
7096
3989
6299
94018
337
3255
4967
68157
1162
3683
11
2071
2797
1272
69844
5876
1947
909
88125
1077
898
41
44555
111759
4995
2971
1096
317
3730
87306
51935
4886
59387
1939
265
14
2871
33171
4262
40815
55269
3999
529
87232
3451
2231
78499
535
3362
56367
2115
4720
3501
33166
8368
31658
6214
104841
79702
55247
59784
2997
50872
57504
1231
48394
49278
494
33794
8636
81834
27904
39183
5679
555
52435
86880
3201
7373
5505
122886
370
420
923
497
1747
3198
55052
73268
466
924
5445
55820
68073
115617
4641
4366
206
2434
3435
104374
29
4848
373
765
5400
78105
52950
4506
85179
79139
94780
5478
67408
72209
106696
3469
3089
6440
3200
82202
224
1958
928
81564
3994
79091
2938
116897
300
3101
130520
8132
45447
62081
2594
48780
117529
81591
8376
6659
4008
230
8607
204
1249
3983
3551
272
1307
1292
26974
1376
5903
97957
3216
40412
4754
92494
5300
3152
99007
1734
3104
86332
165
52604
3468
3879
7323
2023
7137
7163
2288
2863
6283
1078
1586
6502
108979
1104
32596
5463
1124
232
71535
7022
597
3068
2076
58103
1242
1694
1907
6188
1189
1194
89864
6333
353
56775
7502
3167
4105
3328
1610
5544
1997
2840
27773
1916
44665
101741
110645
5747
2066
800
3526
2940
1343
2303
339
1948
1423
5801
5379
7698
5238
7215
3609
8191
4537
31035
4217
3668
3361
54997
1254
1792
2657
5945
2313
1283
1374
5225
8128
534
965
4427
441
64614
6541
97921
474
104913
8950
1260
3350
6807
3111
1245
3972
1333
932
73
158314
3174
3512
194
162
80
910
2005
7160
5954
84954
1212
1222
1955
3134
6879
3788
54001
213
68099
72378
95510
3733
1719
4010
1227
37731
1953
2502
1466
85774
361
2467
2915
1344
34150
1267
32898
55290
357
69524
3301
905
147
101362
57401
179
3213
8981
2352
3088
34405
86882
6350
4465
5812
4263
3713
4029
1287
1256
4326
3275
85401
2966
949
4085
112552
3978
647
61024
1428
1575
301
3545
3360
915
2575
80463
2357
1041
4187
4174
3789
4103
161
3703
2138
23
233
3783
37733
2929
37741
6796
1729
4128
3037
40819
2433
68954
2125
3000
3745
4033
1673
52287
1103
94777
7327
2070
5878
3831
106471
5
3358
968
1964
8361
5956
72226
2890
74851
53972
3499
2145
35957
65261
2924
104925
7285
348
51277
89804
434
2052
59018
4017
1982
3498
5782
748
60937
7017
45062
59103
37727
52456
70282
88380
79185
85056
109864
65552
114795
103810
53123
91535
2108
98243
176
2881
108932
106540
5446
556
69481
68237
2944
2539
82459
2359
3705
26326
2570
786
66171
1464
71135
3035
4499
2194
98491
3755
122882
1884
5617
52281
446
3359
2875
1244
27788
3467
1027
1281
32031
4343
43
7827
6993
207
4577
1047
51662
91104
109578
1921
805
6331
46322
106920
2987
52885
3034
81782
2857
2058
83613
3069
3980
65642
85412
1643
6337
445
2245
71033
215
63062
7087
69757
379
77561
3310
26084
28
281
8641
106782
3178
1060
3865
67255
31696
2322
2020
4792
741
94
1356
102903
1241
6323
109848
1584
371
236
82667
428
6890
866
6269
3160
3019
3181
6552
442
4280
2788
2763
5337
5464
4239
2334
440
222
235
1251
378
1274
4223
837
227
1702
900
1678
1348
4292
4322
2732
1082
4464
4086
3334
60753
1960
2664
6281
63131
7090
1399
4437
8507
2284
112515
96079
1449
917
8860
90376
1949
3987
7139
653
3871
3916
25771
5971
4873
72011
6561
5021
1211
111659
1042
27523
195
7075
34
6777
6979
1179
8477
4914
3186
85342
5244
115122
93320
50641
93855
64839
7802
79357
3260
27329
4552
5569
6940
2964
6063
90357
108192
38886
118880
3011
5292
89837
6461
4769
4723
4334
2682
5642
4809
5799
1545
3062
8753
4450
6963
4810
1169
4216
6852
1397
3289
4077
