user_recommendation
318
296
527
593
858
356
50
2858
608
260
110
1221
2571
1196
589
2959
1198
1210
1270
2028
1193
457
912
1247
1089
1225
2762
3578
47
4993
750
1704
111
778
1036
969
58559
293
1213
2918
4226
32
919
150
1291
1197
1208
923
1079
2329
1259
590
3897
1233
7361
1136
541
1214
7153
48516
908
4306
6016
920
1961
1732
2396
2797
4973
36
588
2804
1204
6
364
2324
1
926
2502
1228
904
1240
899
2791
349
1219
480
1206
5952
1084
1035
4963
246
1265
1203
1250
1252
1258
1097
1060
1968
1200
898
1246
1625
337
1610
4034
1673
1096
3147
1207
79132
5225
2194
1617
913
2300
2599
1960
2997
2019
1952
3996
235
44191
17
1304
5669
1682
595
1953
2716
6377
1254
1222
2268
1172
1293
3462
745
59315
5995
1090
1299
1073
3421
2132
2115
4878
1148
1923
3362
474
508
5989
1945
1217
2064
671
3114
2542
2917
922
1220
1288
4886
1028
1212
2359
2580
1242
4995
3481
54286
380
6711
16
223
1224
1307
1262
4235
3468
903
5418
2005
1276
27773
910
994
55820
1267
733
1927
475
509
3006
1266
1584
35836
1264
471
953
1094
1278
1358
265
1272
3730
62
3386
3435
21
555
529
68157
46578
2529
1393
161
497
109374
3176
1948
78499
2289
1957
3363
4027
4979
30707
2302
377
720
1179
1674
628
1230
4103
28
2871
32587
1408
56367
2739
1283
1296
1025
5679
8961
5444
3469
2692
50872
1104
2186
194
2863
6539
2105
1693
805
1939
759
56782
587
534
1199
106920
1256
3868
4011
3683
1287
33794
1466
81845
2395
1946
8874
955
3527
8970
924
3418
3101
3471
307
3246
1095
2985
515
1183
2467
34162
3201
3545
92259
232
33166
2081
3200
1285
8949
30749
230
300
1263
581
3160
1719
4369
3499
357
3671
7147
5377
25
49530
68954
954
2144
4037
44195
1356
1269
3510
1784
1959
2745
88125
2728
7502
928
1357
3317
89745
905
48780
968
3504
1387
6874
1231
4720
175
6796
112852
76093
4424
1361
1374
64839
1237
70286
2929
101
900
1023
2150
72641
2336
3038
2248
7132
8784
63082
1234
3088
1641
1201
3361
5902
281
6440
3260
921
29
86882
106782
8228
1944
57669
74458
2291
1963
3203
373
39414
2944
1834
3037
306
911
2366
134130
551
1244
2010
2474
11
3916
1147
2020
3134
80
4085
2750
6942
1192
5630
1305
1292
80463
3035
2687
3429
8542
5991
4117
3424
2971
8981
8665
2890
3342
1080
2243
1663
3020
22
3152
1178
7091
1500
4007
1580
3783
4021
69844
5103
3983
50068
1302
348
3724
5956
1271
3911
2501
44199
1680
2788
2076
1300
7451
1223
3252
2087
2125
6773
51540
7090
428
2951
109487
2761
1019
54503
63131
2202
3196
4308
3095
3801
96079
40815
3044
866
116
3948
5064
4489
927
8645
850
1884
42004
31658
81591
3952
81834
2690
7767
1734
48774
2231
2333
3735
8366
99114
1411
1965
3167
945
6187
2952
1537
5668
314
5791
1185
3417
5618
3019
110102
44665
26729
2973
233
56339
3871
37741
3359
2936
3060
2078
86
2046
26422
59418
49280
6783
3448
81932
3071
55247
951
1419
94959
6662
5008
53123
3307
52973
1131
49272
1941
1921
2318
3251
3039
115617
3341
1754
2278
2423
845
914
87232
45728
91542
2321
105504
538
5816
112183
125
3007
3256
363
116797
3090
3408
7802
2288
345
936
2391
2938
3000
26587
2857
6787
1211
5782
8933
483
787
950
1994
916
4688
2712
1066
85
81229
88129
1248
3809
2648
2303
322
308
6552
106696
97938
412
1956
280
3814
6724
97
1964
3150
85414
3747
2726
2987
6979
52767
1280
7256
2644
81847
115569
2203
112552
704
51255
106100
6791
3198
2357
5876
2920
7419
3552
838
7285
4211
441
2000
1238
2403
4033
1729
4612
1077
69481
1029
4432
26084
6786
64614
48738
2137
3265
8650
935
2141
4537
162
1303
58303
1845
4422
48696
3104
8958
2841
2160
6188
7087
3524
7208
8121
32525
2927
47728
25852
4179
648
3030
5013
104913
68358
930
1049
104
907
946
4450
454
5903
4776
97304
261
1175
3406
48322
91529
1895
2138
4014
2694
2106
2908
3070
2983
5341
1688
3275
4821
1209
2925
53318
60756
7698
7116
1101
1949
8638
631
4903
1962
64716
7836
115713
215
4361
4128
1396
431
2872
3347
3703
1161
55276
8580
68838
96728
2102
5391
61323
32898
68135
81564
2273
88810
4326
1120
2859
4616
64957
4277
89804
1955
2085
6350
4017
3420
5238
3357
1260
5385
66665
8798
3072
26472
7099
6385
6502
3654
1354
59784
3111
4349
40819
60069
1032
943
8529
8207
2664
6101
4181
8264
2140
5992
54881
4047
4019
7075
3068
785
3062
97921
8827
3089
4263
741
1699
63876
36529
4722
1249
7566
128360
1401
73017
38038
2070
4571
6378
102123
55069
5017
4661
5028
127152
4410
2108
52952
3844
72226
213
1321
4801
1635
3355
8622
1088
3702
79702
93510
149
3684
73290
38499
736
8950
3033
7235
6001
5475
7669
6893
7445
76251
2670
176
86487
8123
8261
74089
53887
2283
96075
4428
58649
26501
55063
26797
163949
150856
104119
101850
114464
112577
1827
3364
2434
2949
6870
3788
41997
40629
1191
5135
3475
3022
5646
3108
6993
3505
146656
4920
7943
159
594
5673
2612
3310
6021
3479
106438
5812
3869
96488
2924
3405
51662
3507
3074
3067
6777
2732
3100
102445
3077
4223
7616
2553
2232
8132
1912
1273
1284
88140
5470
1967
1243
4658
2575
1997
347
3036
6807
4271
4623
1947
1931
4846
2490
3872
7265
33493
51935
8368
3476
942
1935
1455
2238
961
3447
3165
1925
6331
42418
2352
4965
3949
47610
535
26326
1103
27831
1611
2245
1057
1938
44709
965
1253
40
70293
105197
2686
67087
3063
4809
933
6271
8983
142488
6708
50641
1348
3253
3091
5670
33660
39292
8873
2961
4901
91658
7013
1020
59018
107559
3701
1041
984
3536
4191
3686
