user_recommendation
318
527
50
858
110
296
3578
356
260
608
4308
593
1213
457
1196
2762
364
5995
2571
1221
2858
912
150
4226
1270
1682
6016
47
908
2959
111
4973
4306
7153
5952
380
904
778
6874
1197
1198
1704
2028
25
4993
1136
1208
1393
1287
1252
745
922
5989
2692
903
7361
62
4963
3408
1293
3897
1219
589
1961
4011
4995
1732
4016
1097
1204
3186
1206
919
2324
750
4310
235
4886
5225
595
1230
1267
5669
3755
36
541
2541
6539
1625
8873
4054
1089
4235
1259
3996
1784
6565
2918
899
2396
1225
1304
4270
30749
33166
300
2443
2804
1246
27803
1210
2291
3825
1172
32
3435
4914
535
1835
1203
8961
3916
3969
1617
223
3255
1222
16
3083
39292
5218
2683
910
3257
2997
509
8908
5679
7143
1207
7438
1223
2394
1035
6377
588
2542
2081
1280
920
913
1597
1212
497
39183
293
38038
3114
1193
2501
928
5902
2357
1217
529
1148
1073
2194
3949
2797
5992
3067
3310
923
4023
475
733
492
48516
3147
926
1860
1237
48780
8958
954
5013
41997
2186
720
1248
508
2321
7371
60069
1968
29
5418
1
3983
3677
8360
2731
1228
2019
34072
2068
1251
26242
905
6869
7459
3746
41527
7136
8955
6918
1921
2351
3793
161
2176
1673
1060
3471
2961
8622
1088
44191
2467
1103
58559
2278
1748
3252
3462
2329
1214
2973
1028
663
3089
78499
7147
1233
1354
1240
1247
911
1291
1947
6643
4967
1234
107
2064
590
2700
1263
2132
8638
68954
1584
1199
596
1954
246
2125
1610
898
1307
2289
2726
1079
319
2529
1923
32587
2551
3034
7123
534
474
44199
1945
1250
6987
339
229
2115
1080
4277
2640
1200
1411
3307
59315
1500
1952
8228
2076
931
943
1407
1754
3317
2141
3988
1305
1580
96655
77846
1077
3481
1653
3095
2671
3735
1094
953
551
1090
7587
754
7771
1245
3798
3246
68157
1298
40583
141
56941
1220
329
3134
50872
5103
2763
538
8798
3468
1950
7116
3301
3536
2594
3424
3742
1680
3510
7700
2976
1285
317
5971
1288
1909
2920
8645
2447
2066
281
7063
2761
6
4034
2648
194
8950
31410
5618
866
1299
1232
3476
7022
806
2871
41
30707
26729
1258
46723
3101
5017
2243
4238
111759
1876
1834
6530
282
8042
916
5114
2139
1935
1962
4262
116797
1023
5105
32525
7981
1674
373
4437
2600
308
6783
909
64839
262
3911
994
88125
5062
6971
76093
2160
34437
31658
25769
5446
2010
5444
8981
54286
3498
3788
45950
92259
4873
6611
5633
1202
670
3245
36535
7070
7072
2395
2739
5177
2605
2579
4816
1884
4014
1243
4978
272
27846
832
3730
5878
4151
4384
7456
37240
3676
5319
2106
6001
162
8371
215
109374
1641
58803
1466
969
1087
1041
337
3683
6881
2006
306
3104
6269
3948
56782
81591
2580
115617
1356
97
1262
40629
1721
4007
8533
8665
2917
8132
98491
1033
6440
106782
7256
69481
1611
81834
946
2359
6975
1965
134853
3168
2020
4903
2728
5791
3007
1104
1358
34326
6669
3783
8966
2366
1284
1939
1997
3148
7767
1701
73321
648
6787
6281
37729
5949
924
1271
6218
6552
28
1256
1260
3357
668
1231
515
5782
4404
265
58
766
441
1357
87232
81845
3702
3910
3527
140
2303
17
6273
97225
106002
72356
3467
56587
69844
1224
4612
5010
236
2687
1275
2022
1266
2694
77561
2268
7235
1269
1025
3896
3739
671
3724
70286
2071
5152
1147
2300
3196
3679
6791
3198
52
1185
1211
1957
42004
3363
3071
3751
4179
151
3178
764
6617
1302
2078
1178
8933
68073
37741
3448
6774
2302
7728
4450
7091
156
3386
2565
1940
3684
2455
290
85
1394
6954
3362
4552
30822
8542
1244
8125
6786
940
1264
5147
44197
8949
7320
2403
26131
3811
2232
58303
930
8650
4705
44555
3037
125
154
8121
25852
7208
2936
47728
2297
2144
2313
7323
69122
5608
54997
1931
1238
348
901
5008
1343
33437
6986
8784
1429
26472
4037
1936
3298
1276
7132
951
41566
6502
1209
6003
4642
1644
6591
57669
1387
1994
2927
938
3656
3580
3456
1615
3657
2201
5367
213
2150
3153
3273
89745
1227
2361
2905
3629
1449
1374
4994
1955
4239
33171
342
26776
2971
1963
5137
5291
2688
104374
1946
3081
4888
2080
3827
2318
3350
8914
26524
63876
7154
81847
3199
454
6985
4889
1031
2009
1013
581
26326
1253
6612
431
446
26231
7024
3018
5500
77291
42900
5473
8240
80553
27792
26749
60384
33138
32515
3218
3858
40226
32840
63836
95113
71390
102125
8477
633
86377
34323
4697
178
3927
2352
680
168
2204
7069
4546
4027
7265
31952
1273
299
30
8938
3201
51255
106489
6254
3179
6650
2496
7115
8874
2089
2202
4725
4645
27834
2984
27317
218
7135
5294
65261
7766
2440
2481
25850
452
3200
471
8493
2730
2908
2968
1537
8528
3543
95088
2846
1941
31433
2563
3181
1719
25947
63082
2409
450
2118
7013
1301
704
2288
37731
4878
3736
3358
97921
26258
44195
1518
195
55282
26
7439
94
44665
3287
410
2203
80463
3706
2406
3548
97304
4020
3791
4823
4351
86882
91529
2764
4091
1131
2690
46976
1268
1419
2344
2861
3868
6235
6863
52767
7566
27831
6818
4052
1175
4368
56367
39231
7088
3989
1194
89759
2567
952
3477
3039
3022
2492
1958
934
3470
5881
3556
1085
50658
26712
3175
1084
3159
7451
72226
88140
30816
1457
2901
587
6216
230
971
121231
7285
3079
1321
171
50742
50740
3615
3654
2660
1564
3943
2348
5812
232
375
202
167
3308
111362
4783
122900
5820
34162
39869
31101
26052
32892
80
7038
3925
6932
1964
4225
2137
111921
3347
8530
7075
7943
2029
2932
5876
942
3019
3328
955
8636
89904
5222
81932
3546
3638
3044
2181
8183
53996
3421
501
135
88129
5732
8675
3789
6219
345
5630
6380
112183
225
4755
90061
38499
7177
40732
5193
1063
