user_recommendation
318
260
296
2571
356
1196
858
50
527
608
1198
2959
593
4993
589
1221
2858
1210
58559
7153
541
1270
5952
1197
1
2028
912
110
1136
4973
1193
3578
2762
47
969
1704
750
1213
1214
899
150
924
1200
111
904
953
1203
480
2692
1208
923
1089
457
1961
1252
908
4226
48516
3114
497
32
1207
2396
720
4011
2997
590
913
7502
1036
1240
745
1617
1148
1220
1259
1304
17
2542
1356
2324
1276
1035
1307
903
1223
1222
898
1228
1225
2502
1278
55820
588
6016
40815
1204
1291
293
5989
1247
920
1201
4995
916
515
2804
8368
1206
50872
8961
1233
1269
2918
246
1500
59315
2019
1394
106782
1732
2599
68157
78499
595
3462
778
780
1288
49272
4027
1090
4306
1097
1610
800
2580
1265
122882
919
1625
1968
4886
2064
1060
4896
3996
1387
1073
39
922
1234
4963
3035
1254
79132
373
357
1219
2318
76093
509
1175
2329
926
1230
994
46578
1199
2167
44191
6377
109374
471
3897
115713
2761
1682
1256
2288
2797
3088
81834
116797
48780
36
2712
7438
4014
2186
475
56367
6
3255
6711
1172
54001
11
3104
1066
954
5816
3476
2300
911
4878
1527
223
142488
6539
33794
3147
945
1674
555
32587
88810
1217
1358
2987
1212
5418
1173
1380
1244
1580
7361
3181
21
69
1272
54286
1215
104913
1945
4979
3706
915
3671
1079
1537
64839
68237
368
8665
134853
74458
2202
5618
265
1023
106920
58
41566
1673
529
1958
8874
148626
81845
112552
2908
1284
1246
1948
3703
4246
261
72641
5010
2359
69844
930
122886
6502
272
2355
1273
1104
134130
1271
7147
3262
110102
99114
1287
2947
1235
910
16
3435
380
1293
2791
933
971
594
1253
6874
1957
2976
2289
1376
905
44195
1947
1224
907
1393
1237
88125
109487
838
364
79702
40629
8636
2501
8970
112852
6942
3481
377
7143
3358
1077
89745
84152
3916
146656
106100
1178
2144
3510
1211
1258
49530
51662
900
60684
474
1086
96079
4128
6807
671
3270
3134
30707
2087
2716
3219
7263
70286
1088
119145
64620
1333
81847
25
41
440
1962
5991
3152
6974
1584
3095
1267
1950
349
115617
1262
1147
337
5444
91500
81932
106696
34
30749
4016
6863
3203
306
314
91104
3176
97304
2353
2917
951
48394
3527
3868
61132
3504
2929
2248
628
35836
88129
56782
1927
1061
4632
4626
2746
1281
2081
1374
2841
1680
281
2391
2076
3363
232
1305
2690
68269
2273
299
1096
5995
1784
1264
1080
3033
49651
940
1127
59784
222
41573
79824
32289
48791
80839
1084
4571
6773
1300
1192
3365
3420
1641
104841
2102
29
3910
921
3359
2736
950
2115
2291
1231
33493
51540
2739
2949
122900
99813
733
86882
8798
1029
4357
2951
3000
68954
1238
942
353
3863
1283
308
102445
2366
1953
837
68358
866
57669
171
3545
2010
1912
5445
3200
1028
1552
3635
57368
3016
3638
69481
2788
2268
2935
85774
40819
71535
4022
3386
104374
3022
934
230
3362
91542
98124
928
3201
224
27478
60397
955
104879
805
5956
1299
1260
1250
965
946
1876
73017
115569
87232
51255
2395
34405
3471
3072
2208
54503
914
3984
98961
93838
4720
741
7154
4034
3594
93510
2108
31658
1218
1639
3448
307
1343
514
1124
3825
96821
2890
1050
3814
5060
1663
902
412
89492
2132
2490
5500
1184
3044
3865
96610
2774
1827
728
936
82459
194
85342
5992
8529
6659
3160
2409
6993
3111
7482
901
98809
1365
30812
6787
3683
1941
1177
549
1944
44665
55721
3429
105844
3361
73321
1934
5254
3068
309
106072
5903
89804
2423
2971
635
1411
932
7360
88140
3341
98122
27773
2067
3196
6669
2993
2443
3702
53123
3730
1249
1292
2125
968
162
111781
107406
1748
3761
2872
937
45186
3524
3246
38061
112421
2467
3469
2078
1266
2973
2043
3418
1257
2732
1916
72226
1120
96737
3548
8228
81564
47610
3969
2989
1954
661
5630
3030
55250
54997
122904
3879
205
4901
56145
508
4380
3307
4369
88744
116
97921
4570
1227
112623
8132
3256
28
2232
44199
1248
597
429
2020
106918
361
38038
5414
1653
80463
1209
2138
41569
1960
6979
4641
5971
5673
2779
2352
106766
5377
80489
134170
64034
3871
4802
31410
2990
73
1344
1734
2687
97938
534
1885
6565
2406
581
2376
492
2069
4235
68073
8969
1429
53000
81229
141
1956
3543
8623
3675
3836
27611
1955
2194
832
289
3685
40
280
1729
6378
2231
2303
2664
556
7386
1619
3791
91658
94959
1449
70293
92259
54259
62
3854
27020
3606
27721
51935
1931
2348
8807
348
3451
58347
3819
48783
2819
2912
4054
163
1466
3468
1243
31903
2080
458
161
973
319
5034
26662
2137
233
52281
45666
1658
112175
2721
1297
3896
1251
2991
102123
26258
33004
345
3967
91630
631
4799
76251
103228
680
3252
111759
5301
4046
3368
3499
8199
112556
52885
2068
3334
50068
562
2330
2363
3684
3507
5498
1188
1012
105504
1614
1361
6333
1112
5782
2846
1994
4321
5812
501
2624
2620
6380
2427
6708
71156
122892
55451
85414
3470
175
111362
6001
4085
68135
8154
3210
7090
3129
63876
7075
2463
3007
123
40583
1095
2688
1277
37729
7323
87306
2279
1357
1046
80549
3062
2018
303
938
3081
95167
8972
3629
839
84944
8366
5791
1982
180
451
4010
2718
2745
1103
8239
87192
1797
47382
1939
156025
8522
25801
7081
6754
2029
4007
4814
6003
73023
115210
5300
92420
74795
46976
3398
1020
4658
8370
2926
6413
95309
4661
3060
65188
3098
3251
1688
3100
8910
26082
6662
36517
1414
613
2442
89864
109578
90746
54276
33166
37741
30
27831
26614
26150
872
52617
668
3415
26578
4271
7564
7574
5028
3739
7116
5225
3952
112290
3948
1303
1189
3634
7235
64614
1938
3310
69757
2434
1963
2083
2432
39444
92
60756
3198
151
59369
53129
6970
55247
3741
2572
2641
178
7375
5102
78316
39307
46919
