user_recommendation
318
296
260
527
593
858
50
356
2858
608
1198
2959
1197
1196
1193
110
1221
2762
457
589
2028
1089
4973
111
4993
32
47
2329
1704
912
4226
1259
1136
923
541
750
1213
1258
48516
778
1225
357
3578
480
1210
223
17
58559
1222
1208
1288
319
1203
899
1304
364
150
919
3147
1214
7153
904
1270
293
1291
1148
2324
1
1732
6539
1252
594
1079
5952
1207
1968
1682
2571
1219
720
1183
1307
1500
515
1090
1265
1276
1204
2791
969
2019
46578
79132
2692
497
1580
246
2918
247
1206
590
1097
2064
1387
1240
7502
36
1393
2020
299
908
4995
745
261
1356
349
3114
1242
78499
3362
898
345
7361
8874
1217
1285
1073
1224
555
766
2797
337
1939
538
2502
30
1784
307
2109
1278
1246
4027
68157
1247
535
1200
953
5669
2863
8961
194
1953
1617
62
4963
501
1080
1199
6016
3462
596
1250
910
39
926
1028
1035
48780
1228
2289
1961
57669
1299
76093
3101
1060
35836
922
1201
1357
509
1408
3088
2599
306
1625
161
924
116
32587
1923
342
903
954
551
1041
1235
3386
2746
81845
2406
5989
2467
1272
56367
1263
1036
4011
40629
1305
1127
1271
1211
3730
2917
122882
2125
913
1354
41566
2132
3481
178
2081
3153
106920
308
1220
581
2761
1610
471
99114
5418
2085
905
1230
2248
2716
1266
235
671
106782
633
56782
1302
2288
55820
3363
1104
3724
1945
3176
3421
3683
82459
920
1262
3361
1084
1237
1029
3260
3809
3033
79091
2580
1264
60069
5618
1527
534
1254
1298
290
2804
943
832
805
5995
595
1674
3307
70286
1269
1256
588
3868
4878
3134
5010
2321
475
1234
2712
6502
3095
2474
33794
1292
3037
2542
59315
54259
3470
3091
1300
514
3471
6377
940
2938
968
994
2728
2919
955
3469
3200
1948
4886
230
1952
2018
1032
3527
44191
109487
1267
1120
2706
3429
79702
1293
2194
1935
30707
628
68237
7263
1361
1907
3038
49272
1066
2641
1257
63131
1161
265
1641
54503
3897
2795
2745
1131
50872
232
2971
529
4306
3310
2336
866
1244
1243
2291
233
508
2396
7116
1260
3684
380
2890
1245
3020
5816
1233
377
44195
1358
1941
134853
94959
1419
2739
1827
6936
81
800
85414
1273
2352
1094
2078
2096
1940
3108
134130
3814
106696
1282
1253
5444
1584
1209
6662
2366
3068
3253
474
3741
5103
3476
8132
2131
53123
2105
115713
2872
3000
2750
1077
2857
1965
152081
1283
1303
280
44555
1274
3524
29
1020
1348
3406
3252
2490
1280
1466
1663
2232
2070
368
27773
3341
7147
3086
3996
69122
2648
3022
1103
2987
127152
112552
1673
1096
3181
41
839
80463
88125
1957
147
30749
3270
1095
91529
79824
80839
32289
41573
48791
68269
2010
412
105844
2395
2203
89745
2501
115569
1175
2300
3044
102123
3167
950
1401
1394
521
930
2080
3671
3417
81932
2859
1147
48322
6273
1693
3271
88810
1449
3911
1178
28
1179
1960
3246
4235
921
5991
1192
2046
72641
2150
72226
7451
4422
67087
3468
2551
1248
1186
938
1333
122904
86504
900
1688
108583
539
52435
7013
100
96079
3504
128360
6565
1343
3347
1321
1189
7438
2925
2143
4014
26084
64839
1949
3653
2985
229
34162
951
6732
3760
1023
3357
104374
146656
4424
60397
77658
5114
350
8970
2871
2659
1249
3448
40815
71535
2102
272
108932
162
54881
3405
1925
961
984
1455
3165
3447
81591
18
54286
112852
1885
1931
5673
2115
3594
2186
2268
728
93510
54001
8199
51255
1281
2238
65188
89804
1635
1678
1101
2173
68954
8368
2997
125
587
1959
8125
8188
69844
6187
34
116797
901
5902
1994
300
2664
100556
36529
96728
2690
3844
1884
3545
2693
99764
96829
3359
970
1287
2202
55276
45728
1223
326
1177
95167
6669
3081
58
8154
111759
3735
1956
1411
49530
6001
3249
56339
71264
936
928
40819
1019
1967
3702
417
314
6787
105504
48698
3365
1194
4007
2355
2099
4037
1936
69481
2696
8665
164
1946
6807
2349
1296
3606
3739
2926
8981
3035
96467
2359
115617
2453
1212
454
3910
71899
2644
69
2243
3505
6773
2130
4489
72171
3706
550
2144
1125
156
2427
2594
93443
4623
139757
74754
148881
133771
79677
127108
107978
139116
128620
160590
85438
86000
3071
100383
3007
86
2302
8807
36527
2066
64614
6643
1997
3456
3198
112138
2788
42004
2622
3598
3638
3869
3203
3507
3632
6385
2988
1037
3034
3342
68838
927
3090
1012
3213
33166
3917
2573
6918
2820
32898
7132
3633
1380
81156
759
631
353
5377
7669
1982
84152
707
2973
1711
97304
1034
70293
103
3566
45
2721
141
26422
49280
3102
3185
59418
6796
82169
3112
3668
241
2111
3060
2290
51540
741
122892
945
1289
3712
176
72998
3111
2076
2138
1944
68358
92
3070
5341
2687
253
31658
1934
33660
1227
3499
3580
2920
3656
2707
5385
761
3066
2357
2201
3657
665
2093
171
224
2117
1215
80489
1777
5785
2752
7419
222
3036
2612
109374
1279
2363
2267
7139
8958
91542
48774
8264
2351
2912
4033
55063
5475
1754
448
59018
4410
4428
86487
8123
58649
5238
7087
26797
6021
8261
96075
74089
53887
26501
163949
112577
150856
114464
104119
101850
2160
55267
66934
4661
3872
5017
1480
68135
7075
2394
1614
110102
7943
2726
7836
4809
5782
3265
8622
2112
1236
97938
5225
2165
3833
2423
312
363
1629
2517
3952
119145
4009
3317
3244
74458
2278
2682
4432
2110
2734
2118
8239
131724
2252
2024
1187
1615
2107
422
59684
76173
65037
31435
89492
3672
123
86882
4969
2459
5992
567
893
2725
3281
2553
1312
341
3021
3757
2495
184
3770
3804
3837
3851
3679
1904
3490
1771
183
2945
1543
2982
240
1463
1516
1531
1554
2565
5291
3194
4117
3576
8957
6979
6296
81562
2550
1483
72011
3272
80906
5055
2318
914
271
73017
7156
2315
3547
2419
