user_recommendation
318
296
858
50
527
260
1196
356
608
1198
2858
47
593
2571
2959
1270
4993
4226
1210
1221
5952
7153
589
6016
293
457
1704
110
364
1208
1197
1
1617
1036
480
1213
1214
1193
1136
1291
778
1207
541
32
223
919
1203
25
904
2396
590
912
7361
150
58559
111
2716
4878
33166
4995
1732
1089
1225
2762
908
1219
1204
1968
2329
2542
2997
2918
1200
2028
4011
750
1259
4306
1201
36
1240
1206
2599
4973
6
588
2231
745
16
6711
1682
3897
1304
1356
969
551
1090
1387
2580
1288
55820
5669
6874
27773
1394
2115
1265
235
903
2804
30749
1374
11
122882
1625
2502
2692
6377
68157
246
5995
923
491
1228
910
48516
497
913
5618
2395
1266
3147
1246
78499
109487
2501
80463
1393
89745
32587
4034
3996
48780
56367
4027
8784
2334
2064
3578
99114
508
1500
5060
1080
108583
44191
1222
88125
1293
17
474
2791
1060
671
733
1199
215
3363
7137
57669
2386
2328
280
5010
69757
2387
2890
64839
40815
115122
475
1172
1077
6269
3481
1250
8368
2289
1227
1028
1276
2389
509
3114
2078
81564
1610
56782
5816
6331
162
1997
1834
7802
50641
5244
93320
85342
93855
79357
2968
595
477
39
2467
5446
8961
106782
50872
1258
1148
353
161
1967
1263
4519
1376
2871
60293
106100
86882
54286
1234
266
1217
4642
922
4427
3421
2279
4103
4886
96079
5445
3317
1252
3471
5989
81834
7099
1223
49272
112552
1262
3949
97938
951
1247
2268
1233
134130
1954
44195
115569
2353
218
81591
2529
72226
8641
380
65514
6380
2137
63082
2797
106920
926
1912
109374
1947
1235
3735
1354
74458
2144
106438
6350
7502
1035
4979
494
1220
100714
59995
920
349
6620
994
33794
1212
2315
4641
454
1215
1953
1192
1245
357
45950
419
940
2202
1230
64957
1466
203
916
2338
1794
64716
3868
2005
3681
2318
1357
8950
1292
94959
1330
98809
728
116797
3083
36529
95088
52604
48774
2357
720
96821
5690
534
3095
3006
194
339
3462
128360
6235
1103
2194
6244
9018
90428
55069
91673
8938
4765
26524
2331
26599
927
7932
4304
4252
905
79702
2138
69844
4963
46578
314
3037
68954
265
54503
232
165
2924
2019
4321
102993
30810
6796
52975
3213
1784
1255
909
93510
8638
2459
3653
104913
93838
69122
71135
2612
3020
741
1267
954
80549
6502
114935
377
3552
27660
1287
6440
322
1411
104841
5878
515
6708
953
6870
1211
3252
1960
68237
4007
27831
104374
337
122904
104944
74416
1097
4369
26258
110501
47610
3535
53318
2335
98961
272
2987
31435
2664
628
85414
4262
3034
899
233
3683
898
89774
112183
1278
3970
5746
26547
102252
95965
89085
95475
95499
5329
87192
27109
72733
71429
79008
27317
8340
27646
162376
2305
51277
82667
2908
1218
4713
4553
7235
55247
1261
1275
27022
2300
2291
3671
1674
1961
1282
175
5014
108932
2707
55721
151
2690
1957
1256
134853
51540
72641
1449
2728
73017
2947
107559
73290
3706
229
65188
106441
92259
555
328
76251
950
7254
3948
69481
1178
76093
4085
5064
1209
1260
3476
3499
281
915
535
2020
85401
1299
103048
1945
3019
1194
89864
1254
102123
5673
79132
4467
6552
1884
3916
520
1238
4623
45
3007
2788
30812
8949
54997
35836
44761
6323
1845
1274
1407
2359
71535
5991
1269
37731
2150
4006
146656
54001
230
3763
1257
914
44665
1283
531
105504
2010
2912
55290
1464
3081
8981
945
3543
31658
28
4223
46976
1264
91630
52952
3448
2018
928
4235
6385
348
122886
2081
907
3362
44199
86
1343
581
8132
5377
97921
538
3510
97752
2935
3178
1095
112852
2132
58351
7438
3044
6612
431
471
30707
1580
50068
224
6867
911
524
1231
69
141
21
147
319
5903
5103
72011
452
262
55276
2795
1243
156
3089
115713
7371
5630
63853
6755
1185
1272
1358
1396
2252
71466
3545
87232
3
5954
1639
1590
1096
33660
2140
5971
268
1527
2746
2108
67255
946
105844
6187
93840
123
1079
529
139385
2186
102445
1748
5291
4889
2677
1224
71264
3347
80219
41997
1673
7482
2301
3435
5146
4855
968
117176
67997
7451
3307
84944
2951
850
1931
58998
2470
2420
1249
82527
3429
31878
8493
3639
1189
48394
7156
3104
6807
4448
8645
38038
97306
1019
2184
2076
81847
632
53
1273
2208
85
3153
2302
81932
943
8622
2952
66934
3088
3703
2644
428
2636
2635
2651
2647
2649
2650
2652
2654
2634
71579
60756
222
4616
3275
290
55094
838
6188
3504
1584
5540
80693
456
2764
7285
3168
4444
64285
4783
1927
735
8183
5812
97
106916
49530
267
213
3036
5732
3011
8675
3789
1566
216
5193
1285
94677
73023
3396
7007
2863
2985
4772
2423
87306
2366
81156
112138
3201
81845
5792
96811
8970
64197
2901
4438
81562
27846
3983
2648
3198
596
34164
3108
71462
56145
1641
48322
29
1066
90531
1042
38499
34153
33639
103137
6869
68347
31689
69458
58191
2971
5375
61323
1962
56152
8874
4873
86142
60943
764
71106
7212
22
91658
26776
952
1916
1147
3952
2925
68159
4720
79274
31116
51471
3521
93443
107406
3526
2687
59369
2316
30822
6659
7419
1935
72171
81788
115216
114060
60161
3033
1061
99145
866
46322
6461
1914
27604
7063
3096
133771
5225
73759
58301
65126
109074
6803
64900
5165
25962
6816
43921
110348
60609
8131
106022
122890
96004
4577
87234
101525
70465
4624
88118
26736
139130
31150
6025
26704
32387
4275
26606
27555
152844
62801
45506
44245
98829
100159
55207
158238
3761
7976
53468
49817
113252
141866
3728
3843
7844
3696
6559
54331
51931
2973
4800
85788
44974
4443
2948
7139
5159
47997
7481
96829
88163
80969
26842
5876
3479
8360
5785
66090
2093
1753
48698
3581
4903
1805
1797
83134
74545
378
2333
27803
8906
279
445
63876
100556
111759
3355
3298
3265
4722
2607
2721
37729
1307
553
3100
2915
74948
3910
57353
115617
1948
1361
1484
3360
95510
