user_recommendation
296
318
260
2571
1196
608
858
50
593
1198
527
1197
1136
1221
356
589
1210
2762
46578
4306
1089
1213
2997
1270
4963
1291
912
1968
3481
2396
79132
750
2858
1265
1732
47
1
595
32
1285
1193
7153
7361
48516
778
1225
110
4226
1704
5445
235
5989
36
223
1247
1208
2959
2329
8368
2115
81229
2716
79428
4011
1288
2395
1617
1214
588
1035
474
4027
720
457
5952
1220
3114
551
111
3897
109374
480
2291
3052
1219
2324
4973
5816
79702
1580
4878
1259
4993
2692
6016
1200
54286
1784
924
4896
25
1961
17
8961
1206
2542
2599
2000
6539
2791
1304
6
1203
926
923
7833
838
904
541
6125
6077
8711
3578
2918
76293
1354
1204
1230
898
899
1682
1222
357
5225
920
1610
5995
471
745
5618
68954
2916
1207
648
3911
2289
1673
1287
307
1272
919
1228
134853
1500
58559
364
1307
162
1148
93040
37733
5418
109249
34321
1252
64957
1333
671
116797
4979
4995
48780
509
246
1246
337
497
1258
534
1584
3793
1036
1079
733
4085
6377
5669
1217
1215
5500
44191
1449
1028
8874
3507
308
6350
150
8665
1231
4034
1080
2502
3868
115617
293
969
265
2144
5971
2268
1233
535
1257
3462
1242
555
1357
31921
26268
7419
1262
908
1249
2064
1517
1250
70286
1625
56367
1960
590
2908
29
2194
39
1211
1223
5782
92259
1090
2580
33794
3039
8636
953
8360
1243
916
1267
913
272
3006
81845
1060
30707
72226
1073
1235
97938
5679
84392
74458
1261
2010
1201
106696
1097
1299
1394
117176
35836
3067
3671
1387
968
3471
3996
4235
118997
48304
1912
1573
71838
6942
1245
69640
8981
55765
1278
122888
90600
91690
81788
3363
6711
349
1836
2278
1095
1244
2106
1266
5312
68157
4103
40815
44199
1172
2804
55269
1178
106782
45722
2108
6863
2947
1273
2019
68073
3504
54503
32029
3421
1104
1179
1734
3429
281
475
3147
61323
1041
661
63082
1356
34405
2761
2020
903
30810
581
377
68237
1719
1077
446
1042
1408
4361
4262
232
88125
1260
6187
348
6440
8464
1199
529
65261
5329
1254
2572
1282
194
108932
16
3033
914
1466
5415
1542
2318
3386
1057
6565
76093
5254
230
1674
1264
27523
2132
1957
342
1103
66934
5902
8132
2490
951
233
3252
1185
85
51255
54259
44195
3983
1096
6874
6979
1227
47610
26425
3635
5444
922
3275
63131
1292
247
4720
62
6104
8641
26342
33760
3037
1175
56782
3683
33493
2248
5060
1283
4321
32587
5010
4571
1085
8798
3783
2797
1748
27790
54328
1212
6552
1921
2686
1358
1344
538
69481
508
2501
3019
950
97
73344
911
928
34162
4246
1238
58803
2076
2944
45728
2987
2917
53972
5387
4427
1224
2985
1953
2303
3763
6662
1611
3468
7386
2788
30749
501
3089
3020
4105
5956
156
261
3396
7022
3448
3879
3865
44665
1234
144976
140267
3189
3615
3007
7099
3185
1127
1256
741
33166
1945
175
8638
3910
2976
3317
1147
64839
122892
1275
80549
28
2728
663
2973
866
2424
5218
4584
3168
1952
3104
800
2938
69844
5446
2150
99114
87232
4047
2287
764
3949
81932
3201
1253
51540
363
5617
909
1834
2109
319
2058
3000
5668
7075
6787
1301
8949
190
73017
2460
6269
27773
3095
3246
68135
1927
2313
7451
4814
1111
64614
138208
994
60069
61024
1005
49272
4889
5388
3417
50872
1374
4783
3476
103235
1300
3253
314
3825
2243
3203
1025
1348
82459
3729
7090
38061
1678
4855
1962
90439
116
4903
2430
27904
326
84954
5064
140110
31410
56633
143385
110352
7669
1635
58154
599
3196
300
3548
5377
832
8970
3054
8957
1120
213
3499
6184
1722
2478
4443
3083
5505
51662
3653
3681
97304
59725
1489
4873
1947
2951
2359
631
5049
955
49530
1061
38886
135
2942
4299
27022
7649
2594
4846
2660
33171
1958
4132
412
1023
1081
110102
5876
104374
3791
6947
1361
465
159
1209
2739
3414
71535
3633
2690
2231
3347
2202
1094
2434
8183
6598
80489
954
952
42004
1248
46976
52973
605
161
3526
3789
4886
3916
97921
2575
95088
766
373
3551
1345
289
26422
59418
49280
62374
56339
2467
5732
5193
8675
6003
3160
2140
2042
31193
7256
71899
1281
45720
1289
1446
2321
7375
1965
88140
441
3869
27803
3702
229
3156
3210
2745
5608
45
6332
61250
77364
86817
6266
44974
4700
8327
2971
5382
3418
1946
6953
1019
3972
4128
7132
4888
6612
562
90576
5464
1046
1845
2764
77658
1029
8207
4396
1274
3270
3861
59369
6283
915
101
3342
4037
1950
2085
3654
7826
2145
4552
2348
303
4623
4688
787
3150
759
3071
2991
4660
492
8366
4338
5630
1931
1280
4499
1376
206
48738
1476
2993
7265
2912
163
1693
89745
2082
1056
2355
5069
3581
1955
4211
2022
3538
3823
80463
7983
3090
7247
3505
339
1963
6870
7445
71464
1176
3362
5522
3967
5103
6807
1047
3129
5872
6375
4535
6155
3494
5670
38038
1033
2186
4033
1895
3062
85414
3060
8542
3030
2492
4327
61240
2413
4489
2551
97957
3467
1084
40148
43267
5013
4225
910
26729
3831
53123
3216
92494
121231
40412
26258
6339
2481
3929
2990
72395
3639
132333
5915
7827
5490
2125
44555
5791
94466
4450
1191
58299
60753
65642
55908
85412
2393
55276
25771
2371
52281
52604
4857
334
3088
2301
105504
73268
215
4326
91529
2333
80693
3100
6461
1192
72171
71264
3435
8827
26326
3035
850
1994
549
3747
3011
2436
30816
71135
125
4754
2312
3474
5690
86882
2496
47099
1537
3036
5540
55290
2112
1643
66203
4881
4029
1948
1296
6214
37731
5319
33004
40732
4537
4641
99813
8958
3186
1269
1237
1429
2390
3543
347
3703
3943
1564
4941
55442
59
4384
3334
431
2731
134130
7024
7373
897
4914
63992
76077
3508
93510
1189
8783
115569
64034
2078
3730
1959
154
40414
7235
8493
2966
1701
80219
4424
7091
34326
26231
2803
