user_recommendation
318
296
527
858
356
593
260
608
1196
2858
50
2571
1221
2959
2762
110
589
1198
1193
47
1270
457
1704
1210
3578
1225
1089
2918
4993
778
912
2329
1213
3897
2028
1240
1291
4226
293
32
541
1259
2997
1136
1961
7153
1214
1036
750
1197
1682
480
48516
4963
908
1610
2502
36
58559
150
6016
595
1228
926
6
5225
5952
1206
904
79132
2324
1
1208
5989
1207
1252
7361
1148
1732
1246
4306
953
1247
1250
1200
1258
111
1673
2599
44191
1968
2797
919
1233
733
1199
1617
745
3114
6874
1204
913
223
497
588
17
1625
2804
2396
2692
923
2268
1265
1097
349
1060
1230
1073
4973
68157
4011
4308
4995
2359
1172
5669
1203
4878
25
1287
1219
969
474
46578
1393
6711
2194
1222
1220
2542
5995
590
2791
1299
2580
1090
235
920
2716
33166
54286
2064
1584
1035
337
1278
194
2712
2115
4979
1262
3147
265
59315
1357
364
1304
16
1358
162
1096
3006
78499
899
1674
1077
551
3481
1466
1293
3176
5418
3386
3499
910
922
2739
3362
3421
555
1387
3683
5902
3252
8949
1266
1028
1307
475
29
1292
509
1267
5956
1094
1079
74458
535
6377
56367
4034
903
55820
1095
3462
35836
2005
1960
955
377
106782
357
34162
898
3160
1242
1244
5064
1693
3471
306
1285
380
3911
246
8970
1179
2728
1254
538
1280
720
671
44195
2076
1178
1217
4103
534
508
104
4235
1356
64839
56782
3552
3039
628
28
3363
1201
300
30707
1041
1223
515
2971
116797
3203
5679
4369
8784
2019
1276
2144
1103
307
1953
1411
1224
928
49530
4720
5668
2289
1408
5444
175
1719
7438
2186
1958
2248
994
1734
7090
4085
1080
30749
2871
759
2300
5630
1923
308
8961
3418
2395
33794
3527
4886
1946
1957
3510
1212
1680
2318
1663
3868
32587
1927
89745
112852
4007
81591
5015
2529
76093
30810
44199
4037
8874
73290
728
2291
57669
471
2467
6539
2020
4450
1084
838
968
233
106920
230
232
2863
70286
281
101
3671
3101
3068
63082
97
2278
3967
2243
3730
1939
7147
109374
7022
3361
3504
866
1296
850
951
1952
3067
1272
2745
5329
8665
3260
3429
6440
97938
1394
2952
3342
3424
1305
1256
1185
3783
52973
924
2690
51662
53123
4033
8981
1263
8132
4489
3916
85414
39414
2108
1641
88125
1288
5010
44665
5312
1283
262
1945
3468
110102
2132
163
3037
3948
954
3246
1231
45728
581
81932
72226
50872
1248
42004
26729
4014
4901
56339
905
2231
1361
3275
7451
4027
1260
72
1955
3448
5103
2058
48780
2944
54503
805
1884
6942
6187
3186
2648
3809
3548
109487
1963
39
1131
3469
3083
3033
2841
85
3788
3168
3071
741
914
2890
280
4211
3111
6378
92259
1120
3724
787
2085
314
4688
1748
213
2333
2660
7502
149
6773
106100
1243
1354
2947
1211
7235
3150
1264
68358
428
69757
1374
1994
26422
59418
49280
2303
911
3036
107559
5415
8207
106441
34405
1721
154
91542
8366
1954
785
44555
7099
3060
86882
2403
3983
2081
950
3095
27773
1962
1834
87232
3735
4855
2302
1284
1965
64614
2761
81845
3686
2010
921
6979
6385
764
2976
4623
5876
3201
86
1150
3747
6188
2726
916
63131
7802
272
3980
2434
1611
3198
161
2985
363
4406
6870
2490
2000
1261
2105
37741
64034
431
3844
2917
8528
5673
6796
6863
1921
106438
81229
2336
3359
7371
556
1081
1947
88129
81834
2125
3435
81564
3016
59784
5791
3007
3108
1376
3310
1982
3249
72641
1931
3090
2459
69844
55269
98809
106489
347
2687
1124
1189
80
832
909
8622
7285
112183
156
37731
3551
40
64716
3814
5810
1948
8958
2966
3089
1784
1186
51540
3167
64285
122892
3019
2694
99114
54259
3072
3317
6893
122900
94959
48738
2078
68954
4846
3253
1303
42418
3272
5971
68237
2575
893
1147
2908
2068
62849
6104
80463
1500
3501
2664
104374
1754
1997
2686
4326
8873
3307
1025
102993
4117
5400
53318
326
8368
2141
5060
97304
3996
63853
31116
51471
599
5618
483
7139
61323
176
8636
1209
477
800
2644
59995
100714
81562
3219
529
1396
2273
71033
845
88140
1023
115617
88810
2731
6662
6620
4776
79091
1281
2750
3000
96079
7212
51255
2423
2916
945
6918
4537
1085
1537
5903
942
4239
2117
6552
6001
3476
1959
3035
7132
26242
1429
2763
5608
1175
6436
68073
159
1249
1192
7616
4424
1366
3467
73017
7136
3679
1251
2353
27831
6565
531
65188
5377
48322
108932
3213
134130
103810
2176
3063
2351
1964
5254
1419
96728
1078
1845
3702
6724
1046
2795
31658
3536
2208
7265
6725
4789
3034
5992
2463
492
3022
1688
60756
2137
2138
6932
7293
55247
84152
5387
735
50068
3018
587
3105
103048
2357
1916
3038
229
52
2788
2046
8228
353
36529
6101
1257
77455
69481
57353
1086
68135
5095
3848
4722
61024
2553
3152
1029
6787
7445
4642
30816
7164
2232
8010
40148
8542
3360
54001
8955
1860
47610
2203
3703
104913
11
3507
6184
84954
7091
3135
5670
44974
6323
54997
1950
3102
59387
7025
2930
2313
5391
2391
138036
373
33669
4225
4814
6003
1191
115713
3902
4327
2612
5108
66934
32898
89804
3200
4432
41997
5013
2501
1125
105504
1300
1057
7075
40826
946
4262
930
2951
3811
44709
3406
128360
48696
3251
63876
106696
3943
1564
26614
1049
115569
440
2440
1635
2857
7419
6774
51935
3546
1343
6881
108981
345
407
971
1202
3545
8645
4179
5146
4914
1127
8019
4821
4019
116
88744
125
27721
3414
3088
102684
108727
4292
1269
4017
7123
2022
8529
8042
1678
3077
4105
3498
3175
8957
3408
5812
26524
26
4190
101525
55052
80969
3341
52604
7669
48082
140174
69122
37733
5414
3451
43267
53956
4553
5319
6708
111921
33171
86320
2245
224
2929
34326
89
71535
1941
111362
55442
38886
8798
268
1643
4679
89759
38038
3178
2288
8950
