user_recommendation
318
260
593
527
858
1196
356
1198
296
608
50
1210
2571
1193
2858
4993
5952
47
541
7153
1136
589
1221
2959
2762
1270
1197
111
1704
923
58559
1
912
750
457
1213
1259
2918
1288
4226
1291
908
1220
1089
904
919
1617
150
1073
1240
924
1225
1035
2692
590
17
110
1219
745
1208
1206
1247
1203
926
1079
899
246
778
903
5618
922
1732
3897
6016
3114
1207
1228
1250
1265
1304
1060
2542
1214
1262
2268
1357
36
2289
32
898
1172
1276
1961
1584
44191
8961
2396
1215
1252
2791
3578
4011
48516
1267
1148
913
1212
2324
293
953
4973
300
16
2716
32587
1673
2804
2329
2115
1097
910
39
2064
1952
2300
1200
969
2019
364
1036
1358
3421
2502
3147
6874
2797
508
4878
1307
3462
1028
1023
7361
3039
25
1230
27773
1272
8636
2028
1234
1256
223
1968
3006
1287
501
1077
1204
497
595
1610
3435
46578
1233
3671
1199
1682
3504
3000
337
2997
3255
56782
5971
524
474
21
1258
59315
2947
3469
2010
905
2359
911
2973
4306
48780
1263
920
1278
349
529
1222
1201
2243
141
2194
5989
78499
8798
2467
1923
1147
7649
916
471
1293
1945
954
2395
58
54286
31658
3019
3471
50872
7502
671
4007
594
1500
3468
2563
1242
1299
1517
2599
3865
368
3524
4995
1080
4865
832
1217
1104
4002
1188
29
35836
1663
1227
1224
3948
1185
3793
2081
2140
55820
4979
1356
3879
229
1175
534
515
3868
106782
59784
1086
1343
5114
1927
380
1090
235
44195
357
928
2144
3362
728
3030
951
539
57669
4467
3703
4963
33794
921
1963
3916
5010
1211
3552
1527
265
1261
3825
2186
3476
5995
3543
134130
162
1393
4571
1094
509
1466
1260
1580
1950
314
1235
8874
68157
1266
1246
69481
1273
74458
1777
3507
3424
7132
4019
2366
4623
222
390
65261
968
1354
1953
2944
1884
3949
2137
59369
1281
8542
5445
4965
3358
4085
2501
68237
3359
52885
92259
27831
2267
480
735
1834
6993
3361
109487
1674
994
1947
72226
3072
565
30810
1264
4796
1450
1819
3892
4518
4930
1563
4591
5427
4076
51255
5782
3508
8981
1283
3911
1249
1025
230
307
720
3672
458
6375
1237
2011
2985
4103
1912
1179
4499
44199
2580
4352
4321
2087
1032
2248
68954
8665
2779
492
6807
1939
232
7451
7075
55269
2068
4308
2130
7022
6104
1041
1476
2987
348
2916
2745
116
115617
8957
2231
3176
112852
1934
8228
54503
272
5522
1957
2671
1280
3307
1719
4014
1449
945
2005
290
38061
475
1231
1940
3198
65514
3186
933
1022
1694
1223
1938
2951
22
5291
224
1103
1942
52
3037
3798
1192
54997
8910
86882
6539
1944
45728
1955
4029
2463
1954
1238
2750
3973
1042
3735
3256
116797
3635
5500
1209
73587
51540
1921
30812
7386
1296
2993
1019
1748
1253
2321
3510
1096
112552
596
2686
4914
1411
4327
1081
7256
73344
2949
7091
27790
41566
2524
1414
54328
759
2700
3263
3067
7099
562
8641
3033
1285
1269
1967
1305
34162
1183
915
3996
3494
2141
326
89745
3317
3035
1057
5915
1960
3429
3546
454
1232
1321
5956
2948
2946
2541
3129
2529
7360
2829
440
3498
902
1641
69
56367
8341
1805
3083
2460
3168
6502
2076
2330
1573
306
4799
1282
33004
2989
104913
931
3681
538
32525
2846
5490
132333
5103
33493
3481
4941
8638
3963
3396
3814
51662
1635
6
3526
280
3654
6188
2908
2288
1352
900
1489
4816
55442
2355
8949
2018
6187
37857
946
215
1178
373
2925
4967
49272
5028
247
8958
2728
668
1958
54001
1754
58803
955
3015
7247
44665
599
8784
262
67255
4357
1866
50068
52281
73017
1031
27022
4658
1254
80
4396
299
2572
4322
2125
1680
441
1120
64034
5418
52617
26150
872
7574
7564
26578
736
6003
93510
64839
1300
3363
8239
3788
76093
2132
932
1245
4034
7147
97304
1248
194
1150
33166
2013
2736
952
30707
1012
4117
7767
3104
1286
1537
26258
2310
3474
88744
6708
3246
81845
2694
1127
6711
48082
2304
3984
3011
6350
119145
5954
2683
98491
3448
2690
4886
62849
1946
3783
71535
67997
1135
1566
3831
2020
91077
1243
41997
1997
2482
2990
1914
4277
71899
3070
6787
1994
5225
6755
175
81932
1189
81229
4235
6565
6773
611
5464
741
2423
71033
40819
2971
3200
1614
6796
36708
58303
1653
105504
1184
107
30825
4641
308
73290
930
14
1131
3499
87232
1292
61024
8132
70286
2406
6440
26776
2232
2160
105197
2788
4023
3702
53129
2718
1345
3730
55247
7090
909
8807
60684
2096
3071
914
1129
7323
934
3952
42004
3408
5992
328
412
6783
2991
7371
4105
5064
49530
6791
3107
61323
106438
1244
2917
93721
3967
581
96079
7063
3007
2275
1066
176
122900
7894
2920
4054
6893
3034
556
2926
6184
4027
171
3527
5013
3244
106489
2968
54272
91104
3274
6001
3062
3044
7116
1034
907
4010
971
4901
2936
4338
3052
8933
2843
102123
941
3253
7235
866
56339
906
2966
6713
27592
1941
30745
2518
8650
5945
47728
8121
2927
4612
4179
25852
7208
7706
49280
59418
26422
54259
62434
60756
110102
188
8754
8157
4239
85774
89470
2356
3087
82459
5049
26472
40629
7387
5008
2726
942
1099
3545
3095
7700
34542
5528
37729
3249
4705
5055
108932
6732
40815
90866
2058
5608
64957
4361
3521
551
180
79702
3260
45722
937
2912
1084
1484
3639
514
6296
4855
57243
41
7810
1124
205
27178
8012
3456
55555
3536
2403
838
3861
66097
3706
4037
40732
7320
41285
5679
2038
81834
3614
5269
4720
3477
901
7285
1095
2575
7002
2551
4225
7771
73321
7013
2398
4188
4447
6954
3676
11
3683
5540
785
89492
1959
1931
5218
3551
3915
66665
3397
4271
2291
4128
88140
1029
92535
6863
261
6957
3983
2099
587
6331
333
6480
1688
839
3334
661
115713
63131
