user_recommendation
318
296
527
858
260
356
593
1196
50
7153
1198
608
4993
2858
2571
1210
1221
5952
457
1193
2959
110
2762
912
1270
1197
3578
1240
1704
1
750
589
364
4226
1207
1617
1247
1136
1089
1208
1259
4973
1213
480
5618
58559
1036
541
111
908
1968
1200
745
246
47
79132
2329
8961
2918
2804
150
778
4963
1148
6016
4306
1252
32
36
48516
1258
590
899
1291
588
1732
913
1079
904
1225
17
2324
1090
1206
2064
68157
2599
7361
1230
920
595
1214
1228
3114
515
2019
293
1250
1233
1080
4886
6377
3462
1682
1028
2791
969
1172
953
1203
926
3147
5989
1204
8636
1961
2716
4995
6711
300
5995
1035
919
903
4011
223
3897
924
923
1219
2300
2542
2692
475
720
1199
1073
25
1276
44195
1625
1307
33166
1288
5418
2137
1060
48780
1265
1212
1304
733
32587
474
497
910
3504
1959
2081
86882
994
44191
78499
2115
922
1610
5991
2502
1997
54286
1267
2359
628
2396
33794
1387
1222
1285
3481
1237
1084
50872
2248
3030
2917
648
3362
6
671
2761
2395
1096
3671
54259
1251
2028
76093
39
1674
46578
52885
1278
57669
1227
162
1217
1127
1945
2289
349
6539
1527
1287
529
1393
3730
1256
1097
1201
1584
5291
2580
3000
80463
1223
7669
4878
2132
3471
69757
2973
30707
8665
1952
4014
1947
1293
58
106782
1953
1283
3435
1262
1234
1272
2997
454
2231
2078
594
2144
56367
2871
2186
8970
3006
1747
40815
73290
109374
5954
16
1192
1361
1357
1500
92259
6787
377
509
222
954
64034
1394
68237
1215
1175
1927
97938
52975
88125
2268
4105
74458
3363
1261
112552
551
54503
106920
116797
1580
1147
661
6666
916
2194
99114
1244
81845
55247
1185
89864
6874
194
308
4979
122886
950
68954
7649
1232
1271
109487
968
72641
555
122882
2501
6942
7438
64839
3996
31658
1994
2467
1209
59784
3868
1537
1333
59315
4027
1356
2644
4034
3104
30749
69481
2353
2948
3152
85414
235
1466
3022
7143
69844
81229
2150
2971
6796
5444
1299
1260
534
1189
2648
5816
2303
11
1218
2125
2387
68358
56152
2712
3510
1266
599
3683
1131
6773
4235
8874
112852
3201
1719
5669
1358
1939
1186
8368
96079
905
1077
280
1957
911
368
2279
3814
927
38061
2366
2202
440
2315
8622
4369
838
1280
1948
63082
7502
49272
928
357
3359
3503
1300
2328
1104
1960
5064
1464
2066
8132
3007
58347
3317
2334
2386
1179
106100
49530
79702
3545
69
4019
52287
1254
6954
2664
1220
6378
3088
2312
44199
2335
27773
3424
1641
89745
69122
2243
898
1912
70286
29
1094
6333
106438
306
8754
1950
2929
1292
3072
6662
265
1954
3034
72998
8228
8981
1944
2145
94959
2273
1680
2352
471
581
98961
261
307
266
1274
81932
2801
5464
72226
2925
52435
106441
107559
2726
971
3361
2005
940
4896
115569
1088
8784
7766
81834
1343
914
7132
2067
62718
31433
3167
64957
1023
2951
1673
3952
51255
35836
1411
2087
3037
44665
921
8751
6350
58803
108583
2020
524
2000
5630
64716
535
3735
3635
81564
3018
2318
3793
76251
3213
1248
1273
47610
1956
51935
951
55269
5902
7063
1784
86
8131
1955
832
4304
34405
930
56782
1964
3507
7235
106918
105504
7091
1884
1449
2138
106489
3949
3252
233
3468
6331
2357
80
232
373
1150
2690
27660
3469
2916
73017
1202
7802
28
6187
54997
2890
1805
44555
1249
100714
59995
6003
2021
3089
104913
1834
8542
8644
128360
70293
33639
3044
3546
8798
5956
40819
2947
101
65188
38038
102993
5147
50641
4641
2572
37741
1611
93510
47099
51540
65514
2920
5445
955
115122
2288
281
102445
2797
942
2612
4085
6724
7419
26524
2792
4432
800
3916
84844
1255
106696
4427
7767
146656
3307
85342
115713
98809
81591
5103
4642
3200
2148
5014
55069
91529
2553
48774
7137
2707
1086
116
5690
22
1264
1649
866
3724
4450
902
21
5010
5349
134130
1913
97304
3260
909
3801
4327
1281
26729
1282
110102
8529
63853
2946
1246
3551
3357
112183
6870
247
79091
2654
1177
2080
4246
1235
2018
728
1635
1305
142488
54281
85
7941
8972
1296
348
88810
7256
3638
3844
3135
3039
3129
67087
6783
1095
2651
931
2987
71899
31435
3543
40629
6708
37729
3925
1019
2333
39183
7099
34338
900
93855
5244
93320
60293
102123
79357
6807
213
4103
759
1918
230
7285
3270
27831
87232
70183
93838
62155
319
27022
6385
5074
1078
7371
2687
229
7386
3168
3499
363
105844
2330
1958
1029
5500
1178
1034
2203
8366
7380
122900
103048
4223
4661
3508
6502
539
5971
3198
4443
5903
5329
938
1810
88744
97
3035
337
272
2085
7451
597
1081
8908
7263
2846
3253
53318
165
2649
2636
2652
2650
2647
6993
3341
6001
428
3360
2488
4703
5225
3246
3083
3263
4117
134853
3365
2694
8938
3060
4292
84152
390
322
1183
7482
56339
3966
6732
8950
67997
3984
6380
96821
1946
1301
1025
893
7013
7698
53972
7116
3524
55721
4623
108932
3871
66665
71429
4519
3653
8933
2863
7075
780
55999
5782
7139
4920
31225
68838
45950
1941
50068
458
918
44633
1120
2944
4799
543
2635
3679
54736
176
95167
3684
58299
8580
935
1374
8360
1032
4277
3476
7373
97752
2245
4822
2936
2670
63876
1376
2841
1517
1689
80969
700
45499
5341
4128
6620
538
68269
2527
945
127152
42004
2924
2976
88129
26587
2420
6461
1224
48791
80839
79824
32289
41573
91077
54272
2634
3706
3983
4179
1616
5470
2131
2240
3729
62
52604
3606
3074
5146
915
3639
3788
4801
6125
2729
2750
3967
2108
2351
54881
63859
5414
61323
1661
2693
152081
2261
2073
4022
32525
7771
54001
4612
32898
52952
6786
5791
5446
4679
1286
2908
2391
2745
6659
3133
4783
3947
1123
4711
2627
423
99145
4086
2490
933
69606
7002
1031
6777
4021
4422
1013
5008
6062
61024
3718
