user_recommendation
318
296
593
527
50
858
260
2959
4993
1196
2858
608
2571
1198
356
111
7153
1221
4226
1270
1197
110
58559
589
47
5952
1136
1213
1210
1
457
2762
1089
4973
1704
541
912
1214
3578
4306
1193
778
3147
32
293
6016
2997
1208
1252
2692
745
1200
48516
1291
2395
1203
1219
1732
5618
1206
79132
1222
904
1617
1240
1968
4011
2324
46578
16
2028
6
750
7361
4878
1201
55820
6874
3481
908
4963
57669
903
2329
1207
8961
953
913
364
48780
36
1259
7438
6539
6377
1225
1258
2716
8874
4027
919
1682
5989
969
2542
1080
17
1304
924
3000
1356
2918
27773
1228
1148
2064
246
923
4995
32587
1674
899
33794
150
1278
2396
1199
555
1215
1673
2804
2291
595
5995
31658
3897
25
79702
223
1220
2115
1246
70286
1276
6711
1261
497
5418
30707
926
480
1036
54286
68157
1250
49272
2599
2502
60069
1500
68237
1285
1060
1625
2288
28
4886
1961
720
68358
78499
1256
7502
838
116797
235
63082
69757
1212
1090
2917
68954
349
6502
491
2318
50872
51255
3949
1234
994
2797
109374
441
3996
1204
2005
48394
1299
2289
1266
99114
1954
106782
1288
3735
261
3114
54997
1079
52885
2019
2712
1230
3702
4105
1254
56782
2987
161
76093
134853
1247
5445
1784
4235
866
6773
1073
64839
5816
44665
1217
58
112552
741
11
247
36529
40815
7235
109487
3671
581
74458
1235
539
1387
319
33166
5902
3365
39
2871
7099
968
6863
474
3081
112852
2690
471
8370
306
2467
5630
2968
72226
56367
3030
898
62
134130
648
51540
515
1358
1262
551
922
44555
88125
1077
106920
64614
1209
1957
3793
54503
1610
800
1293
1227
1257
1321
524
34405
337
194
2580
3363
1947
30749
8368
59315
3095
2300
3019
49530
1394
115713
2841
8950
1223
916
1287
175
1269
2791
535
1344
508
50641
30745
475
900
905
1244
27592
6713
950
1192
920
67997
86882
501
1265
1272
1264
3706
590
45
3044
280
2529
3198
4128
805
1035
230
265
1028
69481
5444
104913
5971
44191
281
108583
2572
671
37729
3910
67087
81834
2144
4034
38038
1233
2186
30810
190
6001
307
661
2501
2243
440
910
3317
1211
3200
6942
2664
5060
377
1374
115617
1945
93838
80463
2459
4103
94959
65514
3462
3683
1307
3868
93510
5010
2761
73017
85342
3606
4361
2194
2303
3911
81591
1953
82459
733
96821
146656
1281
1271
3072
1729
92535
1282
458
914
300
4979
262
6440
1734
2863
3359
2924
380
73321
1059
59784
1584
1084
3510
26776
6796
54259
96079
940
1218
1393
1653
4246
8132
3512
4321
3089
54281
2078
3035
115569
84152
1960
1719
1680
8665
7090
7013
911
104374
1449
6870
954
1834
1967
1466
5669
206
1094
215
31878
151
3499
3034
3811
3730
839
3160
1185
1061
1046
98491
363
348
59369
2938
5014
86377
115122
1096
72998
3181
3256
7802
85414
5291
65261
5377
64285
3362
92259
1191
61323
106100
104841
1884
7649
1580
2268
477
3088
1267
8638
102123
2020
308
8366
68073
1103
1959
1231
7022
3152
93855
69
233
7147
31410
111759
55269
1263
4641
3967
3213
73
88129
735
3963
89904
4223
1095
162
4014
2394
7773
39416
64957
2011
4351
1172
128360
74946
3786
108932
122882
2202
3543
3111
628
1289
3307
99764
80489
7212
945
4799
3104
2912
1178
86
8228
81845
837
37731
1939
3983
56152
3067
1962
7482
5876
87232
62374
6350
4499
36931
27724
96610
951
1411
81564
2138
97866
2359
3201
1333
31116
51471
105844
6333
97304
2420
431
3435
2391
67255
2948
8798
69844
4681
71429
1260
81229
72011
47518
3507
2336
2278
4873
2148
97306
1994
72171
3168
54881
6385
64034
1950
61240
8807
3418
1224
1131
8157
909
3007
5244
93320
3471
79357
31435
152081
96728
3653
89804
222
553
142488
112138
1339
509
6662
5299
6286
3916
1354
3952
2352
107
5954
2232
71264
1956
1464
121231
529
5114
4519
29
39292
2921
105504
1088
1179
55721
2137
72781
5662
97744
7924
79136
94939
94024
99795
77907
8607
82667
7669
4369
2951
30816
112
2231
2908
6979
55267
81932
44195
1927
91500
85
4896
4007
2193
1964
58047
72641
112515
26084
101
1175
1130
58803
3098
1537
4140
2150
4520
4846
1283
4262
97752
96829
1845
357
1194
81156
492
2474
104879
2810
3476
2080
2707
3684
534
86504
33171
100556
112556
3467
3350
100383
122892
4095
27317
47610
2890
2083
1361
122900
3006
6598
3178
2331
71135
946
3551
119145
1912
2929
5903
3742
933
3355
8154
2793
178
6669
8208
93721
232
2779
102445
110102
2208
2406
2248
156
3469
93840
2119
52458
4802
3879
1292
7143
139385
85774
1948
6732
3556
111921
53318
50068
2423
27660
613
96588
3260
71838
5782
27022
5500
2312
3300
35836
1086
3681
93443
133771
6807
3071
907
127152
1688
250
6269
6323
48698
2132
1286
7844
7027
81847
36527
71899
85401
1066
52435
8529
3368
4046
5301
88744
58347
2371
41
3836
3421
1147
97
3703
38499
428
5747
3342
3788
373
3328
928
5034
5690
52952
37733
906
74754
96467
107978
86000
139116
79677
139757
160590
85438
127108
148881
128620
97957
663
2069
3129
99
52604
971
2405
2687
53123
86345
1111
31184
3037
3917
6214
87192
59725
1357
8012
84944
1303
59018
3783
98809
55290
4553
5617
599
4814
8784
89492
2919
104944
74416
955
5505
7451
1251
631
452
1013
5812
2003
71464
61132
65642
2125
6708
27831
8910
3357
2846
88163
89774
27523
3203
4016
3360
7419
2971
3686
1298
122904
4459
7256
82527
3598
26974
1343
2073
3252
108979
1958
3262
2648
66934
79008
4901
2344
55442
37857
112183
40819
48774
1429
1330
5540
106489
40412
3216
92494
4754
84952
6787
3970
59995
72733
3284
77658
8908
73023
110501
3406
1754
2041
322
56587
446
171
2677
6753
861
7137
26662
4921
96737
107406
125
4378
2907
46723
3456
7360
6187
2151
6552
930
