user_recommendation
318
527
356
296
50
858
2858
608
260
7153
4993
110
2959
593
2571
1
1196
2028
1704
5952
912
4973
1198
47
58559
590
1270
4306
1193
899
3578
6377
457
1197
6016
589
1203
7361
1221
4886
1136
4226
150
2324
1210
541
32
4011
778
1089
79132
2762
1084
475
1230
1252
1291
1247
8961
745
2542
364
34
2329
919
908
48516
3114
924
497
1148
904
2692
4963
78499
595
1961
480
2918
1682
1271
44195
750
2804
58
3897
1265
223
1220
3481
955
926
36
994
1732
109374
1233
4995
3362
1259
40815
921
293
1278
68157
1240
3363
2502
910
50872
69757
3147
76093
474
7147
5995
588
6711
3793
1968
6
348
3152
3201
1223
59315
2997
1215
2599
927
1288
5989
32587
969
4979
2302
2300
68954
1096
1080
3357
29
1641
2871
2791
733
4235
3504
246
8580
4027
2303
599
1192
53123
1293
3949
5444
916
2929
2065
1964
5991
923
56367
1343
25
5470
951
3462
247
1228
4920
3074
2019
1527
57669
492
913
300
3341
368
935
6539
55820
33794
1036
2750
61323
5618
1235
39183
1625
1212
7502
1258
920
1177
1207
37731
5060
1060
6502
5135
594
903
72226
44555
3879
4896
34405
17
720
3825
6942
2396
1090
8970
1356
69844
2641
918
1234
68358
88125
5816
1617
1584
349
5445
265
48780
62
1680
515
4878
30749
1208
116797
1267
2716
471
4641
5418
2572
1204
60069
1199
3089
49272
934
1393
3911
3671
306
1947
99114
74458
1307
1097
1219
357
1262
85
232
954
628
555
911
88810
6773
4014
36517
91104
102445
1610
109487
1079
111
1500
534
1086
89745
3317
1179
2321
5064
73017
46976
55069
971
56782
72998
1276
1997
1231
5630
1020
6985
81845
3421
2580
39292
1580
1257
953
5010
122882
3683
21
1188
4357
1299
6783
86882
81932
1222
79702
6184
54286
54503
104374
800
373
151
44974
134130
2202
97
1088
3952
7139
71033
412
2797
3435
6787
4801
7698
2231
3408
8665
112852
337
6254
2501
3095
2096
94959
1103
1211
1958
112552
5608
32234
7072
2890
549
2490
838
95558
106920
3730
6327
1131
7926
55814
66371
5398
43267
40148
161
2064
62849
3396
5319
69
7
1962
3360
2115
900
1201
72395
272
1218
832
1213
40629
38038
8368
1150
6299
7158
1147
2843
266
4034
1272
70286
7263
1175
261
5055
16
1945
6218
2278
6732
1950
3801
6598
38061
2125
1537
3033
71535
2268
764
134853
1256
5902
26614
91542
1304
1238
8464
8957
41566
2357
6796
69481
2897
8254
3916
25805
8228
1952
950
308
27773
915
64034
3307
68237
2987
194
72641
41
805
3865
1394
1172
508
104913
141
7265
6807
4021
1449
1282
3253
491
933
55250
1333
97921
2005
458
3724
901
3594
1948
3328
27815
5782
6776
7669
1674
39
40819
1023
2080
2746
3270
2687
6970
3163
1305
3088
6863
6331
3104
70293
36529
49530
7386
307
28
2739
2076
2132
3285
156
3474
2460
3831
1183
2690
63876
1372
1127
71156
4427
2971
54259
4361
3361
3196
1280
7075
907
96588
4901
2467
91529
1253
27803
2359
51255
539
1959
1061
1250
3742
7320
7091
77455
3606
1269
51935
122904
67087
56152
1050
7293
1365
6333
440
4945
4466
37729
205
171
1184
1035
937
1953
866
3219
3044
2734
6662
1132
152081
8827
2917
48698
3996
26524
5464
84954
3468
4874
945
1300
141668
50703
2331
8880
54997
73881
477
58347
3006
4017
7767
930
1361
1946
59387
6777
7156
2872
1284
2648
52435
6669
1078
280
635
27831
48394
5152
64839
7256
3471
44191
3556
4054
922
4220
1466
898
968
81229
2118
3967
8981
31685
1303
4188
1810
6708
54881
3983
1354
6380
98809
3105
8873
1206
928
538
106489
8638
1673
1951
60072
98491
353
105504
1189
3545
82459
2208
7116
5385
2732
714
5341
131724
3000
30707
562
106696
118696
89774
2463
119141
88129
3546
1255
1246
1994
6724
5377
102123
27611
1254
3098
1927
5103
7836
1066
2336
46723
914
52287
47518
1296
2186
7090
68135
848
766
4103
2788
26472
6936
101
8973
1653
3706
3798
5956
3873
4848
31433
1649
4029
80839
68269
41573
48791
32289
79824
94466
2863
80463
48774
6216
4191
140110
77658
3456
678
1349
2203
3251
175
222
52
2409
38304
6271
53024
1678
7649
58295
8874
8132
5690
5673
97304
86504
86
4239
7766
108583
5014
1095
100383
110102
11
3112
671
3263
2144
47099
2371
1232
31903
5414
6754
3735
728
2433
2330
3259
1209
27329
4201
3789
3792
73321
3536
2944
2140
314
106100
3034
127152
7373
27878
4903
1913
26131
3814
8636
122892
2366
2924
2707
7380
59018
3852
8191
72011
1635
30810
3260
7619
52967
41226
6247
93040
1884
938
89492
3728
4174
2920
4223
73
5339
74946
108979
3505
8807
6350
31878
65188
1955
3684
3543
3072
5878
107
1694
3100
95088
1939
2447
55274
2291
2394
4095
80693
4148
86377
8838
1077
115617
1227
2721
5525
26587
112556
27790
6358
25788
36527
1298
4217
7706
2248
4967
74727
3747
5840
27741
1410
26325
1535
55
2943
2074
26366
3739
25868
6467
5142
6126
26208
26082
73266
2077
230
1411
2057
108932
60397
2846
2395
3062
3398
72393
80026
3347
62718
34437
4728
62376
1266
3812
3213
5971
2596
2434
2736
1747
2288
4010
190
1344
128360
3882
57368
2961
3069
4194
2418
8910
82169
53129
5791
1249
102125
71264
34153
3863
509
219
6156
80489
81847
3101
71579
34552
3966
4844
52458
333
931
4007
3813
1413
3910
8623
2423
3035
3203
2078
1834
3925
2563
26693
1104
30816
5903
2488
162
100
1688
1846
1214
8917
44665
3414
122886
3612
8341
441
4085
3763
2304
1859
850
1788
1809
2673
2585
2406
27846
7121
68347
2670
1797
3569
79091
115569
6870
1936
2875
2912
1225
224
68838
33639
3300
2948
142488
2774
429
1616
1129
1967
6993
1049
2718
1263
52952
5620
8645
55276
3125
4102
1224
84152
