user_recommendation
296
318
50
608
593
2571
858
1196
260
527
2858
1197
356
47
4306
1270
7153
2959
457
4993
1198
1221
1136
4973
912
2762
110
4226
79132
5952
1
4963
48780
1240
778
1291
7361
589
32
899
1210
293
3578
2396
36
58559
1213
150
2997
904
1285
969
1208
111
4886
1617
1704
750
6539
46578
48516
3147
17
6874
1203
2329
923
364
838
953
1580
1252
541
913
2804
733
78499
1230
6016
2791
1222
3481
1258
54286
1682
1089
1961
1206
1259
5418
3793
1968
1148
1036
1732
1204
6377
60069
745
5618
11
1225
1193
246
1304
919
1035
2324
25
908
4027
68157
994
1214
81229
1199
1356
1080
1247
4011
1207
68954
8874
79702
5816
474
1278
57669
4034
8961
480
81845
1219
8665
79428
6
4896
1276
2918
4995
475
595
72641
515
4308
134853
1265
1200
68237
2000
2115
109374
4878
33166
3114
8368
2716
58
223
2542
5989
76093
3897
1228
2300
2028
1254
648
2599
2692
261
5010
1077
903
497
2268
1256
1084
7438
1357
6773
161
551
2797
898
555
32587
1246
920
910
62
48394
1250
1394
50872
56367
1212
108583
2501
2064
122904
70286
31658
1266
48774
1217
6077
8711
529
1307
3317
3101
6125
916
106920
3462
5444
7833
1411
926
49530
1090
7419
27773
76293
1231
6502
44195
1269
1096
34
44199
265
30749
5060
6711
588
3152
3507
300
628
1466
134130
1527
3671
36529
1244
1201
1653
88125
63082
49272
1952
99114
2580
1073
1374
91529
10
2917
1729
3081
1060
1287
2291
2871
2194
1945
2908
377
162
122882
165
30707
46976
37729
348
3104
34405
94959
5995
128360
59315
1220
1376
152081
477
1641
5349
104374
281
922
1947
194
115122
111759
950
954
40815
105844
3362
87232
2109
2890
115569
112556
1233
86504
1500
2132
7139
2019
1223
69757
2105
3949
1957
8360
1234
2186
1172
3361
1693
306
3504
41566
971
4235
1303
1948
116797
1784
1719
800
4014
86882
82459
106696
7022
81847
534
2321
2202
2231
3201
1288
8970
349
1028
64839
2929
2502
1950
5782
2761
581
2732
92259
2971
951
2916
81834
7263
26268
31921
1179
7147
3270
373
80463
1079
927
1333
28
2144
1958
101
2924
68269
41573
48791
80839
79824
32289
66934
115713
89745
16
741
2232
3363
337
893
671
3213
81932
1625
73017
1296
3686
88810
1147
2359
3471
93838
108932
2427
1680
3510
86
2059
79091
1272
900
3996
56782
3594
60397
53123
100383
2248
47099
1211
77846
2243
307
5903
1218
38038
1292
2353
1939
1262
1962
1967
8644
3088
1960
6350
96655
1610
105504
3435
2863
2303
1050
3730
3359
5991
72226
3468
8132
93840
911
5812
98491
106782
31878
955
7502
68358
2076
1954
54259
3260
4021
1189
2355
6365
2302
3735
5445
2467
968
96079
7099
69481
3536
51255
69844
1964
3198
1834
50641
1020
907
440
56941
2078
1994
116
3070
112852
2739
74458
2357
1361
1104
928
47610
1284
1537
1449
37733
319
3916
3072
4369
357
735
7844
5064
3499
1283
3418
2020
3044
85
72356
4846
2394
2690
2289
5669
3060
58803
7235
6942
5630
7090
3357
73321
3252
3724
39
272
7669
914
8371
84152
7156
37741
104841
3200
3108
6870
3543
232
38499
6662
4103
235
663
720
471
94466
921
1281
2612
27660
55247
175
1103
2788
4223
535
2664
82169
40819
6001
1088
2529
2005
5146
2208
1224
215
3524
7802
924
2125
26152
72998
2096
1674
115617
7116
3467
5244
93320
93855
79357
3000
8580
308
1248
4427
4239
85414
1264
85342
5014
4696
599
2490
1094
1946
1192
2951
56152
8633
7164
97225
81591
56587
6565
106489
3683
2420
3095
30816
3196
1393
39183
68838
2148
112183
2780
8533
661
905
945
4166
2648
5690
3007
6787
2081
1956
1885
3006
5341
81564
2138
934
508
2273
876
4442
4717
4567
4566
4565
2880
1344
1242
26425
7075
1271
110501
44974
3038
97921
6796
3105
1177
280
6807
7698
2644
3627
4642
1095
2938
111921
33760
26342
2140
102125
45728
6618
3167
7013
3035
58347
123
1183
40148
49957
2106
1955
115149
51935
6323
3684
63876
98961
1078
6380
176
104913
5238
2352
4980
2763
8972
2474
933
7137
70293
7836
55276
106916
97
2071
5385
112552
3275
6979
5225
3408
491
1584
422
3546
322
3341
60684
2203
2432
428
7087
64716
2333
48738
2395
73
2947
39292
3952
1257
538
4121
6970
3034
53972
52767
96811
3134
5475
454
2108
8228
935
77561
32898
6385
2070
1282
97752
3469
5103
3701
575
1348
3771
3421
53956
4801
2726
4432
3310
4304
26084
26524
53519
5902
2935
1081
909
3089
6218
2278
4519
5470
71033
34332
29
55069
7285
4920
1041
97938
121231
139385
67997
40629
5876
55052
1267
1237
3745
965
89804
2925
2334
8908
27801
4422
37731
4410
74089
8123
26501
26797
2283
8264
5017
53887
8261
86487
55063
58649
4428
96075
163949
101850
150856
104119
112577
114464
1429
5460
1061
4037
2245
109487
6021
631
1873
58295
3019
18
1092
3424
71535
3153
79242
233
230
4017
98809
3074
59995
3039
6724
3551
1845
1286
4809
222
100714
3872
86377
2026
99145
125
6254
27831
2731
6378
106100
1982
1635
3703
3246
106002
80489
3077
5608
61323
59784
5291
55442
1066
1913
92535
3868
7375
4128
6331
2029
6659
942
2288
2133
866
5541
333
71135
2118
4553
3989
4085
83134
7649
6708
55267
77658
52885
1754
4903
5219
7566
3355
353
8131
1734
91542
368
1797
91630
6620
52604
26662
3811
1178
3016
1289
117176
6777
90061
4755
42418
549
2084
31435
1661
178
36517
1275
5391
3741
54276
3328
5319
95558
60293
88129
68135
7160
3612
79008
51540
361
5772
85401
41
64034
5954
2080
262
8340
53129
2721
32598
949
1598
82667
1753
2176
77455
43267
6987
2312
3251
144976
7757
131724
3970
27317
6591
2151
2728
44197
26547
89085
27109
162376
74416
72733
87192
5746
95475
2305
27646
95965
71429
51277
102252
