user_recommendation
318
296
527
260
858
593
50
2571
356
2858
608
1196
2959
1198
4993
1197
589
110
1270
1221
7153
1210
4226
5952
1
912
47
1704
1136
1213
58559
1193
293
111
32
2762
1089
457
2028
778
1291
2997
1203
541
908
904
150
4973
3578
2396
1240
2918
6016
364
2692
899
750
1617
1225
969
1208
480
745
2542
588
1265
923
7361
1682
2064
48516
590
919
2329
1036
2324
3996
913
1247
2599
1968
4011
1259
1732
733
79132
1252
924
2804
4027
4963
1222
953
1073
1200
246
6
4306
497
1148
3147
1288
903
1060
1304
1258
1207
6539
1228
1204
1250
1276
1214
555
4878
3114
349
2797
36
55820
33794
1212
1246
1035
898
1580
920
11
1219
48780
1267
1356
926
32587
2019
4886
3481
1961
337
595
2502
2716
78499
1172
68157
5989
44191
1947
8961
1293
1199
46578
474
3462
994
17
5995
1097
27773
4995
1625
1278
4034
1090
3897
1307
2289
59315
1263
2291
50872
1957
2115
922
8874
905
1945
1233
1527
5618
7502
194
2186
2917
1079
2712
1230
1206
1500
2300
1953
56367
1234
265
5816
515
68358
3949
475
1080
6502
950
2580
6874
5418
1923
54286
1674
1673
232
56782
1201
1269
357
29
3421
720
57669
3006
76093
1084
1217
1254
40815
2268
4235
25
3363
112852
1094
1299
509
106920
3435
1952
628
1394
2871
235
6711
2194
3730
671
1954
74458
3007
16
3468
471
581
161
1192
954
39
62
910
49272
8368
3307
1220
319
1028
3362
3735
5669
73017
3504
928
508
1223
1387
2395
377
2076
116797
6377
89745
2467
2890
54259
2125
70286
109374
2761
81229
2318
2132
49530
2243
3683
1358
1939
2739
1834
1264
3510
1610
106782
5064
1224
109487
44555
5630
741
911
68237
951
1449
916
1466
44665
1256
1994
68954
1077
51255
1361
69844
34405
33166
780
2971
1096
1244
1393
54503
2303
5444
1272
30707
1960
1411
1231
30749
306
3088
81591
2248
914
3471
3000
1287
535
1357
529
800
4979
1285
3104
64839
272
162
1374
307
3868
44199
81845
1215
7147
3035
1103
1927
1729
2144
175
92259
353
2202
96079
2359
31658
1376
54997
299
7099
551
2501
5991
5903
2690
838
99114
4085
6796
6787
3448
7090
3671
1023
3418
6979
1948
91104
2231
2160
3201
98809
63082
88125
1537
80463
91542
3983
4896
1784
2490
3545
1280
440
1946
3095
2357
3703
58
3317
3359
5445
81932
3089
86882
1292
3499
1262
1248
2863
104913
3952
2908
3038
1719
44195
110102
6807
3548
538
946
1641
2791
431
648
3793
112552
53123
115713
79702
2081
1959
134853
122882
805
534
1189
54001
224
1095
2005
102445
8132
3198
942
261
1296
72226
5010
48394
2929
86
412
945
3246
5956
1950
88129
4848
2846
314
2935
2137
368
3081
1584
3275
1238
3360
106100
1408
2788
94959
1211
477
1147
69757
1916
1218
2208
115617
2138
6440
3152
2924
2406
1066
1333
3911
2938
1175
1019
69
2987
927
1688
3702
67087
5971
2078
1209
3196
72641
146656
4007
1734
2973
7143
1178
1305
1249
134130
3429
6863
930
1086
3134
3524
2391
106696
940
1653
4262
37729
3386
921
933
85
106489
2278
348
69481
1963
3967
3521
3167
428
81847
1260
39292
3200
8970
1283
3101
3083
1104
2434
938
51935
4450
81564
6378
915
2474
1284
280
8228
4223
3213
281
2020
902
373
1300
2612
8950
89804
1982
262
2232
81834
4014
1680
2726
2203
907
55250
51412
105504
1303
6662
5902
900
6565
1302
1484
1934
233
2648
3072
115569
1944
215
1237
40629
7116
59784
87232
1266
3742
300
6269
4037
3037
7669
1955
2321
2336
3469
2745
28
96728
1257
4873
4103
5812
93510
6380
322
54881
3811
40819
6552
3476
58295
2344
7438
1354
6669
2925
1298
128360
3310
4016
3361
968
52281
7802
7132
1921
3252
99764
1997
178
1131
1081
3424
3788
8981
4846
38038
4308
41566
4086
3100
31410
850
3176
4642
112183
3019
4427
50068
97304
492
5791
7087
6331
8958
268
3068
1029
3801
21
955
2795
3175
3358
971
2288
7022
1245
6732
127152
122900
6959
65188
56152
5876
85414
7263
2841
308
290
3505
6350
1907
97
104374
2366
1273
909
2936
88810
973
1942
68073
596
7256
65261
36529
6987
222
122892
1243
55267
142488
8641
632
3791
53
7419
3022
26524
73321
1281
84152
2694
96821
3653
1964
1021
2067
3355
3039
2686
5475
73290
1885
62956
72011
3364
59018
441
55069
2529
3475
56251
64034
3160
678
5992
108583
45950
2331
6773
156
38061
8933
6659
4661
1827
6385
7371
5017
85342
64620
8807
4349
7137
4304
3251
60756
7064
1227
146
2066
3507
1611
87306
3543
2106
82459
935
3263
230
3260
6218
7156
4019
6870
47518
3060
60069
3736
345
96829
3034
80
3070
4017
3168
62081
3783
2920
3551
97938
82
8208
52458
4128
3686
32898
7767
55276
4679
4616
86377
3181
937
1616
1082
4010
93838
837
1845
6235
3512
2070
866
6003
2732
27831
1120
1049
213
5782
1277
51540
1938
3203
37741
4263
91658
5103
3916
56145
80748
2644
115122
943
2687
4422
1663
5146
3011
49278
5772
100556
6001
3414
8542
5446
65514
2245
6708
26326
3701
1025
33660
93363
4239
2352
98491
3420
33493
64716
1343
7027
52435
2463
3451
27022
58803
3044
64285
8638
8798
8938
63131
38499
106438
6286
112138
7212
7139
6273
6986
6777
57504
5673
116
48698
3342
917
901
56587
123
3604
72171
553
2068
102123
3365
47610
48738
3741
6612
5608
7451
2353
3016
139385
7285
6620
7075
112515
7482
41
71264
117529
63876
1179
73
8644
3178
7013
735
71535
70293
2102
3677
4465
4623
2575
89
2916
4187
2080
1330
1931
491
965
68838
79008
5013
105844
86320
26776
6333
80489
66934
4432
93443
44974
5152
6879
2819
3966
108932
2087
54372
31116
51471
96467
6724
6281
133771
5341
1810
26587
8607
3745
2874
6783
