user_recommendation
318
296
260
593
858
527
1196
1198
356
50
608
1221
1210
2858
2571
457
110
2762
589
4993
1270
364
2959
1089
1
1704
7153
480
58559
150
1193
4226
1291
1213
778
1617
5952
1265
47
1197
1304
1240
1259
541
3147
1079
3578
1387
1225
1136
590
1214
912
1732
2028
1036
1203
745
111
2692
750
2918
293
904
920
3363
1252
595
1258
1148
1356
908
1222
5995
1968
32
1208
919
1219
36
539
588
2542
349
4963
4306
1580
1246
319
6539
6016
1073
509
1207
733
2804
1953
903
2064
1206
4995
953
2329
1200
1584
223
1299
2396
913
1674
2288
2467
926
7361
54286
2132
48516
44191
555
6377
1374
1090
4011
969
2115
2395
720
2144
5418
1230
1233
1247
6874
1500
3545
1682
4973
922
1287
1204
1271
3471
32587
1172
1288
2739
1097
33794
1954
2194
2318
1228
2502
3897
581
3114
4027
1080
79132
4886
1223
1923
1199
497
2020
899
3671
1266
8961
6565
162
1625
2599
529
2289
2019
1094
3160
905
3527
11
1212
910
161
2997
5618
51255
232
1292
5989
1961
2973
3462
1302
1175
3481
1361
1354
2081
8665
2501
594
2324
3362
6
253
923
59315
48780
194
1394
1244
27773
1234
1282
1959
3101
1293
2797
1028
307
1305
1994
300
272
3200
2406
1276
345
1217
246
8874
70286
2791
1358
1060
1120
2917
4034
380
2137
1835
1960
1285
968
1376
1307
1019
3499
1192
766
306
728
247
3683
1201
2716
1086
308
62
3068
1237
106782
5903
508
2359
3418
2150
2005
3529
74458
2987
30749
16
3448
68848
66665
299
1035
80463
56782
55820
1131
1272
3153
1267
3421
3949
30
1527
2078
8957
780
2108
44665
866
68554
2746
1333
342
3435
4878
2971
1912
1663
1345
1186
3672
2795
233
1034
1641
2976
1096
81591
46578
514
69481
2087
3198
30707
1321
2096
501
1754
1224
3359
1262
25
8368
21
357
3868
230
3112
1081
3730
521
3095
3083
2752
1885
3638
1982
3167
3213
1077
8360
1610
534
3476
4007
4235
1805
88744
2313
1463
4308
800
3814
116
538
1300
2138
1927
373
1264
3760
2232
1183
44555
2553
412
2463
921
3252
2268
2398
2580
1997
2901
951
1393
85
2427
6385
3635
3088
3342
68157
2291
2160
2352
3510
229
2761
3420
1956
63082
2721
4016
363
3917
2648
1029
8784
3653
3679
1296
1711
994
3175
2968
3194
707
2203
2690
45
2366
1130
2872
2912
2131
2908
893
2966
2863
76093
316
73017
3347
1615
7502
915
1194
206
1947
326
671
8798
2517
280
3728
5218
1012
5669
7147
3272
2682
17
57669
2361
78499
3044
2926
2093
2696
1135
109487
3469
3763
596
54503
1784
1483
1629
2664
2337
3724
64614
7143
1263
3468
2442
2024
3543
2495
1269
3135
2545
2594
2612
2988
240
68237
6378
2560
85414
911
3102
2166
805
423
184
341
58
2550
2982
1771
3851
2945
988
3281
3837
1649
3833
3770
3021
3757
1543
2755
1531
1516
3804
1312
1904
567
3115
183
5064
3361
67087
2419
3081
3457
38038
3685
2725
103
49
454
492
61323
1554
3576
2728
156
2111
621
2290
348
1254
1260
1227
1332
3712
1236
49530
2738
2267
2165
898
1480
3725
5445
3524
2130
3490
2662
3071
329
1031
1958
2384
3547
3015
384
3000
1032
54997
2271
3633
2572
2177
116797
3018
86882
1177
1280
64034
1256
3734
3807
2687
2140
1187
3738
3036
2349
271
2613
1249
2327
2300
5010
40815
8132
3840
3024
2465
930
312
60069
29
1255
2693
2090
943
3546
69757
241
1284
3244
1392
3016
2475
3152
53996
916
931
2867
2919
2011
2871
3508
3916
1274
531
3557
80748
1701
3706
60756
278
4783
1215
2403
1464
3037
1341
3973
474
6796
4009
50872
2085
1104
5446
523
8981
149
1061
416
5816
69122
2107
2606
3274
2046
2459
35836
222
1678
3703
2947
2700
8908
3406
1963
1991
5060
41285
3498
3948
2423
1983
1357
5679
1380
64957
954
122900
112552
2788
73344
1283
46
1411
5630
33166
838
337
7212
122882
2355
68954
353
628
3521
1673
125
4103
1191
426
2524
4085
1025
471
1243
64285
31116
51471
940
1185
1884
3341
1178
1348
3908
8641
96079
3789
2764
1945
2279
281
3608
91104
1466
3504
1128
56367
1150
2023
239
1952
2315
73290
1278
1935
1023
3203
4014
3358
1655
3391
73321
290
98809
92
1279
3307
5444
2938
76251
1020
56949
7013
8493
535
8183
422
111759
3996
928
104913
86377
106489
3927
72998
3134
3355
3952
475
1353
1827
2712
3039
2102
4223
2989
1211
5193
5732
8675
4889
41
86
3181
81845
1261
2668
74946
36931
27724
3396
3405
2248
2750
31658
1084
2470
850
3424
368
4641
7386
6732
3844
2139
1948
2076
2985
1248
5349
3317
1965
1281
97938
52458
3813
5954
952
741
3022
2117
1587
59369
3265
1022
3470
1590
1939
1253
551
2321
77800
3007
1611
3091
60040
3246
2125
1343
40819
144
1161
71429
1845
2070
5114
31410
1127
7827
3006
88125
2099
105844
2434
1066
1449
88140
900
2333
2454
26614
5971
914
1419
7116
6273
3739
3086
1931
3249
2469
1643
4846
5329
6516
213
3735
6003
4105
321
34
4448
3869
224
3178
49272
483
845
7256
314
3654
452
2551
2846
1484
3033
3072
955
8636
4424
421
2143
2245
26587
4857
8933
7451
3702
832
5014
112183
109374
2490
37729
1289
32525
6461
79702
3577
3505
106471
3035
4787
5299
1342
79008
3811
2707
6807
1257
5812
549
938
2984
3060
1680
1101
2018
2126
62374
99114
2468
8970
56251
112852
7802
39
4321
4033
54001
171
5291
1250
6708
71899
524
2346
1326
879
6711
106100
2066
1209
146656
2686
632
22
7320
31435
53
2483
1095
142488
532
44633
4855
1349
53123
6669
942
2058
69526
72226
8950
1914
2312
1297
1967
1688
71838
99764
3526
268
678
708
