user_recommendation
318
296
527
260
858
593
50
1196
2858
608
356
1198
2571
1210
110
589
912
1270
1221
1197
1193
2959
4993
2028
457
1704
2997
4226
47
541
111
1089
7153
1213
150
5952
1
899
750
904
1203
908
2762
778
1240
1136
1265
1208
919
1247
969
1291
1682
480
2918
1259
923
293
3578
924
32
1252
364
3114
6016
2324
2396
2692
588
926
1219
3462
1036
590
1732
898
7361
1225
4963
1204
920
2329
913
1288
79132
17
2019
2791
4973
1228
1097
1923
1207
349
36
1961
1304
2599
1073
745
4306
555
1199
1148
1258
903
4027
1617
3160
1968
3996
2797
1172
2064
1035
58559
1299
595
1356
48516
4886
1214
78499
1060
1212
5995
1267
994
497
953
76093
5989
1276
1206
44191
1625
1223
46578
2300
1293
3421
3468
55820
4034
1217
910
3481
1945
1250
6
1287
1230
922
671
1254
1269
16
1263
50872
475
2081
68954
1222
2716
1307
3435
1084
246
2804
5225
1080
1305
1079
1953
3897
4235
1952
6874
1387
3730
1104
1256
3006
1610
2289
2542
109374
56782
955
1927
68157
1096
2186
2125
2268
2132
194
1466
1262
1246
2580
508
5418
21
314
1200
954
8961
3176
2395
3362
30707
720
3147
3363
6539
2917
2971
1948
3471
1673
1094
4878
1264
3361
905
1019
916
39
1584
471
2712
1090
3386
733
1947
2248
33794
1946
235
1957
1066
950
1784
1939
5669
300
106920
1278
1023
81845
232
3101
474
3307
81847
5902
5010
54286
2501
1500
59315
1233
1273
2871
3671
911
2231
3868
581
73290
3683
8949
1028
261
30749
3545
3088
902
2076
1361
4979
1729
3504
2502
337
56367
2303
2144
2739
6377
1183
1280
7502
921
1224
1580
2243
116797
930
29
1296
8874
373
2908
928
2890
1242
2863
2115
357
945
3499
1272
5013
2020
4037
1103
11
3038
5064
162
1029
272
3724
2761
1095
1641
538
2357
454
3246
175
90866
2203
1220
4007
81229
4103
3310
1238
35836
1077
39183
48780
110102
68237
2987
515
380
1248
81932
938
1237
1303
1300
3095
2648
7132
1292
74458
57669
3983
3949
3167
112852
915
25
1693
1175
914
3060
3007
1266
1884
1959
1527
64839
44195
1192
377
7116
223
800
72226
32587
68358
2202
1178
3200
927
3424
2194
412
3418
946
3524
951
2612
3072
33166
2728
534
5992
3168
85414
44199
233
1663
4308
1994
2916
4995
1333
907
53123
1719
1537
319
1674
1394
27773
509
933
1147
115617
968
92259
838
2726
87232
3359
4085
3469
594
2572
3104
971
529
1960
2018
6565
3196
3037
70286
2105
1120
54503
1411
1211
2745
1393
5991
6796
1408
7091
72641
1354
8981
2005
2359
2944
937
2529
3035
3510
1099
866
40629
5444
49530
1997
3317
26729
3793
3134
6552
2366
115713
1086
106696
901
4014
88810
1374
8958
6807
7767
8542
942
1231
4422
5060
2321
1235
635
7090
2467
8970
32898
306
1185
7147
6787
628
2686
2318
514
1358
5475
2232
8636
1189
3039
222
1955
3814
41
2301
105504
4011
6662
112183
69481
265
3342
3417
2291
2078
85
7419
281
307
106916
1611
940
3809
5816
8933
86882
2474
3201
1179
3252
6101
1934
44555
55276
2936
3022
2644
2208
3552
2010
1253
1916
1025
115569
2313
8264
596
89745
3783
3152
3869
2245
5017
3546
3527
171
2925
1298
3203
224
88129
2935
7013
3036
86320
1950
7836
6440
5341
3788
230
1184
7087
1944
5385
89804
1284
60069
1282
850
39292
1302
8368
3684
2434
54259
1260
2087
6273
8228
6783
4410
55063
3100
4661
1827
68838
3910
759
74089
5238
4428
104119
101850
96075
8261
6021
8123
26797
86487
53887
58649
26501
163949
112577
114464
150856
2732
63082
2553
4432
1251
6001
148626
7669
3507
1419
88125
1449
1365
116
96728
3872
2355
7256
1245
431
1963
492
3175
80489
6773
3475
1734
5008
97938
7075
52767
1982
3448
37741
97
6724
2283
3429
55269
91542
41997
4809
3019
106100
69844
4188
32525
5618
3034
1834
1215
4969
161
73017
2938
4896
1050
51540
7438
6502
40819
4047
6979
2929
99114
2920
44665
91104
3071
3741
112552
3089
448
64034
8665
1283
140267
3476
2788
3364
3275
81591
6732
2398
7943
55247
4211
4623
3911
106782
3952
6777
3341
4450
40815
2985
7566
8042
26587
2278
178
2795
207
4537
205
2973
112290
3735
3396
348
26242
1032
4179
1688
4903
91658
3081
4262
342
3736
48696
2288
159
2731
943
144976
3701
51255
146656
3505
6786
787
3801
477
4688
128360
2919
176
2846
5114
2150
3150
2302
3015
935
101
2287
241
4846
3703
1244
3251
142488
2976
27803
2137
1046
82459
3108
5956
7698
3083
766
7373
2046
97921
138036
5876
1810
1754
96079
4801
2068
7263
2952
5445
127152
1907
6669
1161
163
103810
2406
3498
1357
6333
2108
6380
134853
3263
8650
81834
2066
5630
7320
7022
3966
28
55052
7136
1931
8645
6942
3272
41566
122900
6918
106489
3068
3604
78039
56805
58303
62
2336
77455
6530
3077
2117
134130
6852
2690
97923
4019
1965
48738
58295
2118
3000
1935
3747
6271
2363
55069
40583
5971
2138
4273
2109
34405
71033
5679
3198
2102
5772
8880
91077
7208
25852
4612
47728
8121
1234
2427
2750
918
8132
900
6711
105844
2927
80463
6987
3105
42004
1964
3989
6331
38304
7802
6612
57368
64620
1041
2859
7156
3598
4912
6104
1059
6870
363
1938
33493
54001
2664
539
121231
5291
4263
7088
146
3020
2946
68269
53024
2
1281
3328
3033
1845
30
4349
6932
3347
4277
140174
6975
31658
87306
101525
2403
3090
3213
79824
32289
80839
48791
41573
973
70293
6378
299
5319
2872
1127
1475
1635
105197
1649
5103
2070
47099
149
965
2099
5135
97304
8207
893
8491
79702
5903
79242
3091
309
7616
2575
3702
2176
89492
39414
3470
3556
38499
6650
3791
322
2344
108727
108981
5055
61357
8979
2696
105355
2351
102684
45950
