user_recommendation
318
296
260
593
527
858
50
2858
356
608
2571
1196
2959
1198
1270
1197
4993
589
7153
4226
110
1210
1221
912
5952
1704
1136
4973
1
1089
457
47
1193
1291
293
32
150
2762
2028
778
1213
908
3578
541
2997
904
58559
111
899
1203
750
2324
1265
1252
6016
1682
1617
919
923
1207
364
2396
2329
7361
2692
4306
969
1240
1208
745
4963
913
1225
17
1304
1219
36
733
1259
1204
2804
1247
2918
903
48516
3996
1961
497
588
2064
1148
1258
1073
953
480
1276
926
6
1732
1230
2599
920
79132
2542
1035
68157
246
1212
2019
3147
6539
32587
924
4886
46578
994
1288
1172
1267
1214
1060
898
1968
1199
8961
4027
2797
590
4878
33794
1200
1036
1356
910
475
1246
922
595
1250
194
48780
1222
56367
349
2716
25
1097
3462
4011
3481
1580
5618
1228
515
1953
6377
1080
1625
1947
4995
1206
1084
78499
5669
57669
5418
3114
33166
5989
40815
55820
44191
8368
106920
4235
1957
555
1217
50872
5995
2580
1945
1293
337
54286
357
2186
1278
905
11
5816
1307
1952
2300
2076
2917
44555
1411
6874
1254
720
232
3435
81845
1090
3307
1269
30707
5991
1674
2289
3362
1028
474
1094
838
29
1299
76093
648
950
59315
1834
1256
3949
3504
56782
2115
471
235
8874
4034
1923
3897
30749
2971
68358
265
628
3088
51255
27773
1215
1248
5445
3730
1394
916
1285
1223
2132
3007
1234
4308
1296
1201
1263
3868
1393
3363
1939
1673
2791
2501
928
2291
581
68954
1500
3152
72641
1280
2871
60069
300
2863
2005
1287
2690
1079
2125
955
49272
3260
1361
2303
1994
34405
529
1784
1357
2467
31658
2268
53123
914
2712
7116
1264
5902
1584
99114
1449
109374
162
63082
954
7147
1948
74458
1358
2357
1233
1103
44195
134130
112852
7502
1272
1192
1189
7438
1211
1262
44665
508
1960
81229
3421
6502
49530
1466
319
1235
951
3134
671
1610
3000
3101
7090
69844
3104
927
3310
2359
40629
538
2243
3468
930
88125
2761
116797
1077
1527
1096
134853
2081
1387
800
70286
2726
3671
1950
2739
2648
3471
306
94959
5010
81932
2502
2020
44199
1946
3545
1305
73017
1175
440
307
8132
5017
1680
911
3418
3735
92259
68237
3095
2248
3911
1997
3683
86
4848
902
2612
2202
1260
1303
3741
80463
8958
272
6662
54259
7371
122882
1231
3038
2890
1237
945
54997
1719
54001
1131
39
3361
6773
1220
104374
6987
971
3510
1066
2925
2066
69757
1104
72226
2194
534
106696
106782
3072
1884
6796
91542
73290
105504
3022
6565
2278
8228
1147
2144
81847
1292
1376
5971
6787
5444
86882
2203
2208
1238
2010
1209
1281
2490
1183
7143
5630
805
431
1333
5903
353
222
97938
4262
3160
79702
866
3359
91104
3967
88810
109487
31410
39183
67087
85
968
2644
1729
3793
178
3006
345
933
8981
1885
32898
314
4037
1029
62
3167
921
39292
89745
1663
3703
1537
2938
7132
54503
3983
7087
3176
3198
1244
946
3386
6385
477
5992
6380
7419
65188
1284
3089
115617
38038
41
1224
4422
377
741
1178
2137
1641
2232
2474
7075
55276
368
6273
1218
175
224
115713
3201
6530
69481
938
1298
3424
1023
233
942
106100
2067
8970
3507
1927
7263
1300
58
2973
6807
50068
1251
3952
2231
2664
3916
3469
127152
2929
81591
2336
2352
54881
102445
96079
1354
1179
110102
3035
55269
106438
5341
907
64839
100
3246
2160
2245
8950
7099
5475
3081
3168
2078
1271
535
1964
2846
8264
1374
1955
3200
1253
7669
128360
4661
553
106489
7836
5385
6001
88129
6724
5238
85414
3019
373
3083
3724
4432
115569
55063
2321
1734
5064
261
3317
1611
176
2732
3476
3365
1963
3742
1302
2948
3252
4410
107559
8261
26501
74089
96075
26797
4428
86487
101850
8123
53887
104119
58649
163949
150856
114464
112577
6021
1954
106441
2529
40819
55247
2434
6331
4427
2068
299
64034
112183
3429
28
2935
492
6777
48738
37729
3524
2283
59784
262
68838
5114
7981
5608
198
2731
41566
509
98961
3546
2788
89804
1086
7373
2087
2105
1959
37741
3801
26524
4809
1019
116
87232
2908
6350
146656
81834
5812
3037
6552
55069
7013
3872
4450
97304
61323
4085
4642
2070
4969
1186
4007
6732
1283
2366
1958
3548
5876
3475
56152
2746
36529
96728
5103
4979
3653
2594
4103
766
52767
2138
280
1464
112552
5791
4086
2344
6708
348
7767
3551
2318
63131
8542
93510
3527
64285
68269
4349
1020
3060
3684
10
105844
1257
5782
290
1754
1916
4223
98809
26729
79824
1049
80839
32289
48791
41573
7698
86377
454
58803
6643
64716
268
7156
2313
102123
7212
5225
123
51471
3499
3910
4304
7566
850
5772
7386
5105
27317
6669
2946
99764
1078
1956
97
918
4019
55250
1419
3406
3811
7091
4017
31116
3966
937
51412
5013
6281
7700
58295
3341
412
1295
171
4801
59018
2728
5146
7139
38499
3263
6870
86320
4277
3505
1810
77658
973
3100
4014
6942
26084
7943
5679
73344
632
53
4437
100556
45950
7771
3068
3739
2924
2331
5446
3175
1921
52458
7123
8477
2857
551
96829
2391
935
6979
2920
8042
308
1101
56251
3364
3989
7137
909
142488
51935
2406
2745
7587
38304
1484
8125
1688
108979
1340
3606
4263
5062
34437
2427
70293
108583
3736
99145
1907
73
448
6235
5380
635
3270
98491
2792
8665
4896
2579
1273
1021
80
80489
71033
900
931
5319
3414
281
4844
1965
1032
6783
3091
5878
2071
3686
3044
3869
105197
8188
6101
1982
48698
6271
2936
2395
7265
917
428
45
3357
60397
3275
3105
91077
33493
6538
4912
3929
53024
27611
106471
46976
79091
3213
35836
6666
728
1348
44974
3791
901
3181
2109
3328
6187
2117
1931
915
2
3077
88744
3467
48696
3355
87304
56607
122892
13
2919
7649
62956
6985
943
6959
55253
680
6333
2423
2130
72171
3448
