user_recommendation
318
296
593
527
858
260
50
2571
4993
1196
608
589
356
2959
1136
1198
2762
457
7153
5952
1
1221
1197
1193
2858
912
1210
293
1214
1240
541
58559
750
2324
778
1089
1073
1270
1617
1035
47
2918
110
1036
4226
111
36
1291
745
1200
1207
595
2997
1208
364
1233
79132
1247
923
1961
1252
2692
2396
904
3578
920
32
1148
908
720
2542
1230
29
1225
6016
1219
246
913
150
5618
1213
3114
922
4878
1704
1304
4995
903
2064
1299
25
474
2019
3000
1682
1258
4306
4011
1411
2291
1265
235
3462
1203
2329
588
3671
969
1079
1172
1500
899
1954
3147
910
1228
926
17
1206
1573
1259
7361
4886
1028
741
3735
648
48780
1732
2300
48516
3996
2289
4963
33794
2268
1220
1222
497
1945
265
2115
6
1080
109487
2700
4361
475
1254
6539
56367
1201
2467
2716
7502
161
1953
953
3072
1674
32587
5218
266
1250
1394
222
551
1204
1077
1284
39
515
2359
2318
1192
1276
1610
4027
1356
1625
951
337
4973
1278
1223
232
1361
68157
49272
994
1580
529
955
2395
968
162
280
6502
1956
8874
2804
950
54286
3751
5418
1719
3683
316
223
1175
2028
1968
1094
3730
4427
33166
905
2132
800
1178
4896
16
62
349
306
898
5060
524
1199
2144
3022
1244
5630
3448
68954
3638
1260
2194
2580
70286
909
3897
5989
1217
4235
373
1288
924
1292
78499
6874
44555
1249
2987
46578
1262
914
1441
2991
3635
44665
194
1264
928
5954
1212
85
3702
2376
3471
6188
1267
41
21
4034
1952
3037
1147
80
5995
4263
1218
3275
866
543
1256
508
289
2935
1673
933
2947
919
1060
1845
3814
916
1248
7147
5679
76093
4734
1287
1428
301
1575
91529
2502
500
307
22
4223
2010
8493
3034
1357
3019
5791
3481
5956
1734
1096
1189
8961
2993
2912
163
3007
74458
2989
68358
69
6711
2948
471
3504
237
2599
945
581
277
1238
2253
357
1947
1173
3307
3949
907
363
1997
6796
6461
599
7090
3020
261
3551
92259
3508
2664
4814
2761
441
2208
125
946
58
7099
1387
2949
73017
2916
2125
2951
3186
281
5445
1183
3868
3703
3510
40414
2707
2423
3006
28
9010
6807
213
2303
3639
4327
2788
1307
1232
671
4848
322
1517
33615
8645
535
3089
5377
116797
2501
4246
4238
2990
300
7438
4304
2871
34405
101
3033
4019
8132
3615
1283
1343
69644
3677
2108
2186
1537
6440
2795
2273
1393
2232
454
6242
8798
1227
6003
3355
3201
69122
57669
81845
1127
27773
54328
7386
6942
2140
2353
72998
1834
3362
1042
1678
3363
2690
45950
31658
3030
2336
59315
893
33493
6664
86882
45
1464
206
766
6380
4720
3633
26403
26007
3135
1090
45728
3435
4448
2366
1374
1921
69481
3984
106782
1293
7569
5668
3861
4979
99114
54997
915
6331
4262
7139
3317
1271
5955
495
44191
3521
930
1960
3359
2231
3196
1484
308
31410
1272
2018
2726
1097
1281
820
559
1306
3451
229
31
3911
1246
49957
3512
175
5971
1941
2729
493
1209
3039
3653
4783
5765
3696
3437
4349
628
69844
3330
8368
51255
53956
3035
27478
85774
1211
3060
838
77658
2391
2454
38061
2073
1948
4873
47099
66246
7022
63082
2908
27790
2078
1251
802
1266
26729
2797
2932
6708
973
3198
7445
6870
1683
1226
6187
7143
8970
57528
3134
4623
85414
2076
2184
1950
4432
5446
3503
2138
1078
4190
6063
8530
1280
6787
2067
1466
2488
3051
451
2644
446
6269
2330
2875
2287
6062
7941
4499
3083
135887
5991
3167
4085
1333
4489
3152
4292
7263
1799
390
2824
4562
2261
2553
3384
3947
3718
4711
7771
2627
55442
39446
2068
4533
1191
88125
6990
1023
2355
733
7075
911
4616
73290
48738
5617
3469
1884
55269
3088
53996
562
5903
49530
2011
7802
33639
837
44195
3096
1084
1066
105
555
73344
99
2105
51662
80463
7064
1123
1963
37729
1237
2387
269
5225
2243
3686
4344
2937
2915
1046
5074
52885
7669
82
272
3629
380
268
632
53
2357
3548
5010
2810
2917
1231
106438
7649
4630
947
6666
1027
1120
68237
3983
3246
86377
7137
940
850
90428
30816
943
3342
2924
1721
45431
66097
8937
1927
1050
59784
1257
3654
72641
8957
4128
56587
1321
6662
5828
4571
3811
663
2420
3081
2160
45186
36529
81847
3791
50068
7212
6947
72011
123
3720
3095
8981
54190
5522
1934
76251
6591
1234
3421
5500
1396
1856
40815
64285
96821
154
4102
5505
2409
97957
7156
1399
6235
60756
1301
27611
6323
7063
2819
2288
4765
2174
290
1302
40412
1680
58347
1729
417
2389
3098
26974
79702
8341
452
5876
2328
1330
1243
3556
2331
64716
2315
1964
96079
55765
36519
4105
48394
79091
2334
38038
927
2145
55280
37741
3216
92494
6244
26599
91673
4252
8938
26524
55069
7932
6214
534
2612
7451
1124
4148
87232
309
47518
1959
971
2386
2279
37733
72226
292
47610
1913
106100
31116
51471
6286
3350
2352
2335
162542
1957
64034
33660
3341
1345
1641
3252
7360
4005
46322
7089
5291
6377
89804
1103
102753
89759
48682
98587
4114
6107
107555
97826
69761
59447
71180
76111
73321
8972
2020
549
71838
2841
4681
3361
207
55908
54259
4103
965
58803
2410
5878
3104
7373
7285
1269
3499
2202
38499
3256
27838
2857
97304
54001
51540
55267
5049
4642
105504
697
3200
2165
5103
55290
5095
26151
2459
36527
2694
7247
3494
5064
5915
55276
233
2872
7132
5147
51080
1285
3189
2971
2090
53123
1994
2313
2925
2070
9018
1131
1965
4010
5782
377
47254
7013
112552
6218
88810
2736
2089
45969
2856
7380
1912
80906
52287
8958
4903
2275
2686
93510
2940
104374
59126
3729
2344
3265
2524
4443
27846
5490
132333
6375
56152
103235
2970
6552
71462
26587
4722
56251
2474
3943
3681
26326
8542
2677
55247
57353
389
6548
1401
900
