user_recommendation
318
296
260
356
858
593
527
1196
50
2571
1210
2858
589
1198
110
608
1270
2959
1193
912
47
1221
1704
2762
541
3578
457
1197
4993
1089
1
1291
4226
2028
150
908
7153
1136
1213
7361
778
293
1240
750
1225
32
2918
2997
1259
904
5952
111
1208
1036
923
745
79132
899
58559
1247
1199
2329
364
1206
1203
36
1265
6016
4973
48516
588
2396
3897
2324
595
1682
4963
1258
1625
1961
349
913
1204
969
1617
1968
1219
3114
5989
1732
1252
1214
590
1200
2599
919
32587
2542
1172
1230
3462
6
1207
2797
1228
4306
926
337
1060
903
910
44191
1148
1304
2692
3996
3147
1097
1073
1250
733
46578
78499
953
6539
898
922
920
2804
1246
671
4878
1610
68157
4308
1035
480
1673
2268
6874
555
497
2115
2019
56367
4011
1262
1293
5669
2300
2064
1267
4995
4034
3176
1212
55820
1288
2502
1084
1028
246
1307
1233
59315
1945
3160
2076
2291
1287
3481
5995
509
17
1222
1080
1269
1276
1584
16
2132
116797
471
1079
1952
474
4979
994
8981
68954
6711
5225
2186
30707
33166
7438
2580
3006
1923
5064
1299
3435
74458
2395
551
2712
1217
4235
56782
1960
194
2359
1957
1220
1223
33493
1356
5444
5902
7147
5418
628
1466
2289
648
21
3072
3730
8961
3362
106920
1272
1674
1953
2716
1280
48780
924
2194
4816
928
2081
2917
2791
1947
1244
3386
2739
50872
1090
300
109374
1358
1927
232
5618
27773
51255
911
1103
3468
49530
1254
8970
1256
44555
3101
54286
475
72226
35836
2971
1094
1251
44665
223
175
377
2501
11
29
1263
57669
3471
2863
64839
4007
30749
3307
2078
954
3868
1096
1248
49272
2005
508
62
2467
4027
1264
1224
161
950
3421
4103
1234
3424
8874
955
81591
34162
1283
1959
76093
54503
1784
1242
1361
3948
1950
909
1019
7132
63082
2243
3671
1834
3252
2761
1215
1387
3504
1393
1285
2125
1946
6796
2871
2944
1411
1104
380
92259
44199
106782
33794
85414
7451
3683
4037
4886
946
1296
1305
1527
916
2303
1939
3310
5991
529
2690
8949
2144
3418
265
2916
7502
2726
7090
25
1748
7767
720
68237
134853
42004
4085
905
1201
3363
741
1231
8228
73017
2248
1023
8542
5903
7022
2908
1333
8958
3499
2068
2355
1963
1183
3007
3949
3983
44195
1955
3952
805
838
2648
63131
1178
3545
45728
88125
96079
1754
2231
1237
6807
4014
5630
39183
1729
5992
81845
1147
8132
3035
3510
1948
81932
1179
1077
3095
3916
59784
3246
3735
7091
914
581
6979
3260
3429
110102
1278
39
2366
4720
5103
280
921
40815
1260
3788
8636
1025
6773
31658
971
2929
6732
7116
235
1131
2728
1095
1537
1357
1641
6187
2010
4450
72641
2946
2973
3198
104374
7371
86882
3203
3038
115617
70286
56339
3361
52973
6783
34405
930
26422
59418
49280
3793
7285
3359
91542
3168
945
4033
1994
314
6377
2686
99114
73290
2137
968
53123
5782
6662
1175
2920
3060
1281
1273
6440
69844
3703
1192
3104
55269
866
2731
5010
2278
7256
7265
2745
112183
5971
2351
8368
3201
2925
94959
3196
2936
26729
2357
1997
96728
8784
2687
4422
440
105504
89745
88129
8665
1693
3527
8641
1292
431
2202
101
7669
1962
1086
759
373
2150
2924
2203
106489
81834
79702
1209
1921
8933
5008
492
87232
51540
39414
1580
7254
68358
3034
5017
4424
2529
54997
3000
97938
32898
1719
2763
106100
2644
927
3167
116
41285
515
2434
3134
3275
6786
2333
67087
6001
6918
81229
122892
6791
3546
3022
3068
3111
4179
1954
6724
5956
1124
54259
2105
3083
32525
306
61323
1029
2321
1300
230
4225
106438
8528
2976
97
6942
28
4914
7075
428
1088
1049
81564
3814
3062
850
2694
3152
48322
3654
3469
8650
4612
477
26242
64716
3100
3801
3724
7320
4846
2947
40629
58303
2612
36529
7419
2232
4188
112852
3910
7087
86
84152
6669
2890
112552
5414
144976
1680
538
8645
8873
98491
3089
48696
353
1211
121231
2927
47728
8121
25852
7208
2245
66665
951
1354
587
348
37741
5013
64034
48738
2490
37729
1944
1238
3507
6565
34338
127152
140267
933
3364
3256
2664
80
5108
98809
8950
4623
2066
128360
52767
104
4821
7802
3263
55276
109487
4277
2108
93510
1941
483
3342
6552
1663
594
7136
4262
2336
2961
345
2067
3783
2020
2732
319
3967
2985
107559
4658
6378
108932
272
1343
3067
4263
1303
106441
3088
6787
102123
2841
6530
2670
4661
2176
845
3871
3039
7386
454
2087
1964
2474
3745
7943
2403
53318
4191
4432
5028
6643
97304
6273
1261
38038
4326
4369
88810
68135
146656
68838
7836
2085
233
1189
2287
104913
8042
4410
4105
122900
2572
7649
8880
27831
7566
7099
4211
5341
89904
535
900
8807
4776
1374
931
89804
1249
3741
2285
4327
2952
2553
1916
1860
1958
86487
5238
8261
5475
53887
74089
55063
4428
96075
58649
8123
8264
26797
26501
163949
101850
114464
104119
150856
112577
30810
441
81847
86320
668
134130
27022
2398
1895
3071
5385
1907
3809
412
7013
4019
2935
71033
6021
85
4047
6003
26472
307
4641
55052
2138
54881
2788
3505
69122
64957
115569
8239
52617
26578
872
26150
4271
7574
7564
6708
6893
1688
3684
3548
2283
534
1284
8955
112515
3019
4187
7143
3872
2117
4969
6104
3702
2729
2273
1500
56152
1266
54281
5114
65188
6993
44709
105197
38061
4349
5876
99764
96821
4489
2423
77455
5812
5608
2938
7700
26326
6987
6155
6777
942
1120
6852
4190
88140
51935
42418
4809
5673
6188
64614
106696
96829
70293
2301
3911
6985
69481
1734
3742
1408
3844
50068
62849
52435
2208
96488
3251
4537
68848
80463
40583
91077
224
4273
3417
1635
2118
735
3552
3200
91658
1366
3360
142488
4465
3475
1884
5367
6863
115713
322
1186
8371
80489
3966
5772
8125
8622
30816
55247
4117
111921
6932
8010
111759
55069
907
