user_recommendation
318
296
527
356
260
858
593
50
1198
608
1210
1196
110
457
2571
1193
2858
1221
541
1270
589
2762
2028
1704
912
47
750
1197
2959
3578
778
1291
1259
1225
1247
4993
1
919
293
7153
2918
1732
111
1036
5952
588
1213
3897
1204
7361
1233
2329
733
1219
1089
4226
1208
32
1968
6
1288
1228
1136
3114
6016
908
1214
48516
1073
1035
1246
1961
2599
1240
349
79132
46578
2115
1625
1200
58559
1610
904
595
1060
246
1262
1206
150
898
1252
1393
1250
1222
1673
1079
590
903
2791
36
1203
910
1923
223
3462
2324
1220
1028
78499
2542
1258
5995
380
1148
1265
3147
1287
1299
926
6711
1025
745
2019
2797
923
1960
497
1682
1293
2502
759
2580
3362
4034
969
1185
2194
337
922
5989
3421
5225
899
1927
1084
4973
2529
2268
3527
720
5669
1266
1358
32587
44191
1090
4103
377
1272
364
27773
1242
1267
1285
1097
4963
1224
2302
3006
805
1023
474
35836
1199
2395
3996
3499
1304
920
1307
1584
17
3683
5418
8874
2944
2716
34162
2917
1617
529
265
2985
6440
1095
1264
4308
509
2997
2692
1357
471
2739
628
2728
1150
175
508
2064
475
50872
1276
6874
1466
2248
671
2745
92259
56782
1178
55820
8636
2916
1674
2804
1387
1188
1273
4979
1223
4995
3386
8949
3203
5010
3469
1179
54286
6539
3246
1641
3363
76093
3252
587
1019
1693
3481
1280
6993
1946
161
2359
2231
1096
104
3090
2952
4037
2467
1952
5782
850
2076
994
8981
48780
3176
2068
4117
3783
5444
33794
2300
1408
4007
913
555
16
68954
3747
8622
68157
2987
4720
2005
4878
86882
3730
4011
3429
5028
1230
80
3000
2501
4641
3814
3071
74458
534
3095
3342
1245
89745
194
4688
787
1235
4306
6979
3948
911
7451
81845
33493
3150
2761
3435
1719
1784
2010
1953
3788
7502
54503
4814
59315
8665
1094
7090
4658
6807
109374
3036
26258
56367
4886
106782
2174
8239
5013
4211
7574
7564
52617
4271
872
26578
26150
1212
955
50068
30707
72
953
2144
1254
68237
1263
1131
2291
1300
44195
480
8207
1537
362
866
49530
6104
2278
1356
4235
5902
1957
91542
2085
8961
2712
3035
8366
28
63131
924
1085
3417
832
5617
2938
8638
280
2132
72226
668
6187
1256
2081
1175
110102
2087
3510
235
44665
2871
1080
3448
1278
551
562
2396
3198
2186
314
1207
3160
2890
1172
2366
1292
3735
29
928
538
2706
42004
3468
515
1959
56339
648
70286
2020
3415
1527
4047
5618
1211
51255
52973
8228
45728
1305
1066
968
232
79702
2125
1748
1958
30749
5971
2336
26729
8784
59418
26422
49280
954
1217
8970
306
144976
905
2202
5630
7767
4489
140267
31658
2078
44199
5991
63082
85414
73017
319
1283
7147
4855
4571
307
2289
6773
3020
2273
2243
1234
64839
21
1884
3111
6796
347
3504
945
116797
86
59784
4326
33166
3552
1249
106920
1227
412
99114
96079
2750
97
921
1183
38886
8132
3062
1834
2232
1916
3107
1921
3868
7285
3983
2318
3037
3034
6783
81229
2423
1192
141
431
2106
6932
2490
3844
8542
115617
69844
5903
3260
41997
7256
61240
37741
7132
1031
3196
122900
1663
1845
1238
73344
71535
1945
333
88125
363
4787
87232
48322
39183
2973
6377
5064
1077
3201
5673
3809
2690
8950
3068
1127
68135
1253
838
2687
2947
6708
1237
2936
1257
3676
916
1895
2920
69122
88810
951
2857
2686
6791
2966
5670
1962
81847
300
3916
4537
3301
3902
7025
2930
7091
3471
159
26472
1345
2572
950
42418
3424
2137
1361
1260
40629
361
3801
3703
6552
930
5956
2553
1269
4277
8798
3654
122892
3088
233
51540
2287
52767
1231
81564
4179
1965
162
345
3072
6003
3871
1573
81834
3724
6188
3341
3406
27721
7802
3263
98809
4958
5108
3200
5008
8933
95167
2403
8650
6436
25852
47728
32525
2927
7208
8121
4612
2991
348
3545
53894
1587
96728
1955
4705
3101
1941
2746
149
4033
58303
4085
112552
1209
428
3317
7254
108932
88129
61024
1931
1754
6620
2971
1370
4338
1827
3089
1243
3551
521
4369
2046
322
1248
3038
2788
48738
6786
11
1411
946
1215
4327
8528
39414
2863
1964
5103
3911
1284
88140
2430
26326
36529
1374
1120
1939
224
53318
1281
3420
101
213
3134
5400
1948
3249
2841
4002
3405
3060
8873
1366
6378
2729
2141
3030
25
103810
3355
1688
98491
2919
342
4914
1396
5377
57669
94959
48082
4225
79
1500
4422
6101
2726
4262
728
8983
140
6893
8010
55069
104913
3070
2160
4450
3653
109487
138036
6155
2288
2406
100556
61323
1966
3307
2102
44709
33669
7983
3360
122882
3253
1963
51935
7979
514
61206
40491
8199
2673
58425
6123
26318
4334
4470
933
62
97304
2
4783
1041
52952
3081
8338
6350
154
3359
492
53996
4424
6957
255
4128
3039
112175
373
112852
71264
104374
6947
2459
4014
67087
8645
8360
6323
1680
85
1147
494
93510
477
3044
4017
87222
8958
2022
3022
102123
901
2006
3798
95858
48696
1177
8807
7063
7263
2474
4273
1032
3702
95510
3635
1129
4190
40826
40815
27831
2463
163
2478
1030
902
97306
4623
106696
7649
309
1401
3347
64614
4427
1982
7099
5785
34319
66665
53123
156
111759
766
3168
581
1086
357
26776
613
3811
1620
2108
2872
66934
30810
106100
68269
3681
800
5992
1161
2929
4019
261
3396
99764
6641
71899
1934
48698
943
79091
935
2363
3606
2303
3539
3153
86332
27803
4722
2434
2694
77846
1935
3186
171
5414
1753
937
73
55269
96829
64716
940
54881
206
3910
54259
81156
2099
3408
26084
2355
118696
60397
71156
3275
2648
8580
127152
4970
96488
146656
1099
3213
680
1378
106642
3447
1455
961
1925
3165
5135
1949
7771
535
3067
72641
3479
764
2670
3086
3256
3751
4616
2238
1201
2109
3251
2620
918
5505
3074
2313
3852
