user_recommendation
318
296
527
260
858
593
50
608
2858
2571
1196
356
2959
1198
1197
4993
1270
589
1221
7153
912
110
293
47
1193
1136
1210
32
778
4226
5952
2762
4973
541
457
2028
1213
2329
1208
1291
3578
111
1089
36
1704
908
750
58559
6016
904
2324
1204
1240
2918
1247
1
899
364
1252
1968
1214
1682
1206
1732
969
913
6
2997
7361
4306
745
1259
1207
1225
46578
923
919
1265
953
1219
1617
2692
1036
2716
48516
150
1200
1148
588
497
79132
1961
2542
1222
4963
2599
1230
4995
595
2064
1304
4027
480
2804
6539
1203
3897
1246
3996
903
1288
5989
4011
1250
2396
246
4878
2019
3147
1258
17
1035
733
3481
32587
1073
898
926
1233
1228
3114
5669
265
1625
1500
922
910
68157
6874
1285
1393
3462
55820
1356
671
1276
1293
2797
62
1610
1199
5995
235
8961
6377
1254
1262
475
1278
474
1674
4886
5618
349
1394
551
515
48780
44191
1084
4034
1090
50872
2917
8874
1307
994
78499
1212
720
194
33166
1060
223
68954
2076
56367
1220
1952
3362
1945
2291
2580
337
924
1079
116797
950
920
56782
1411
109374
2502
1953
76093
1267
628
1097
2300
1266
1287
2395
2115
1256
2289
1077
106782
3363
581
1217
471
805
81845
1244
3386
1673
838
30707
3683
954
1784
1172
2194
74458
555
1201
2791
3730
1957
2268
307
4235
7502
1939
1080
4308
59315
1272
1094
99114
2336
2467
1580
92259
1358
232
64839
508
70286
1299
60069
1292
7147
86882
3095
3471
16
1224
2359
3435
106920
161
261
2690
1235
1357
41566
25
905
3468
29
104374
1263
2871
7090
5418
33794
3260
3088
175
534
31410
3000
380
1361
1948
2144
357
535
40815
68237
81229
5444
8368
81591
57669
11
1466
2712
1248
30749
590
3006
28
106696
1960
955
63082
3469
968
5816
27773
89745
162
3911
54286
1387
31658
5225
2020
81847
44555
49530
1183
1234
3359
7099
306
2005
5010
40629
85414
3307
8784
134853
6711
6796
2971
1211
72641
2321
79702
112852
3504
951
1223
3035
3421
1641
44665
1284
54259
8970
308
1958
2010
4979
3735
3252
2132
1921
1103
86
916
1028
1066
1131
928
44195
2248
945
44199
2863
50068
3198
1175
2232
8950
1264
1231
88125
1178
8958
3134
109487
1237
2109
3671
2186
1260
1280
134130
2938
3246
529
4014
940
1269
2973
88810
2908
1179
2968
6350
3724
8981
4103
2318
1305
1946
72226
1215
6942
39
8132
3020
1947
5782
1959
36529
6502
115617
8228
3429
2501
58
3037
3310
538
69844
2728
8645
1209
5971
2366
2987
115569
2303
3317
1374
5013
1303
1693
866
4085
7438
2231
477
946
1537
1281
95088
3038
224
7802
7116
80463
49272
314
930
322
2352
3361
3703
97
5103
3111
3060
64957
2726
3022
1096
3684
1611
900
2357
1419
3868
2551
3152
54503
3007
2078
6807
2140
1257
2761
1273
80
3201
9010
3741
4037
6870
1185
6979
3196
6662
69481
3788
3270
2857
110102
741
81932
55247
7075
37733
87232
3809
7451
3108
5064
3527
353
2745
91542
1218
2108
3167
1282
1300
7132
7263
1189
2648
3844
59784
2664
1408
1348
85
5903
53123
8798
7143
105504
1834
1719
1192
2739
112552
2474
914
88129
3910
94959
7419
215
48738
6440
3967
3034
3983
907
2208
2976
2202
272
6773
1884
6987
2278
128360
34162
933
32898
112183
5991
3814
7669
4720
3696
5017
3101
2066
3702
68269
5876
116
2391
2459
73017
1927
1289
3068
2935
1095
6385
1283
108583
911
34405
2243
38038
79824
1748
4450
48791
41573
80839
32289
3417
1186
47610
35836
281
1019
1271
1227
96079
4427
54997
3507
2924
2203
1584
8949
1243
230
3606
3686
6380
1931
6787
3341
1994
3200
7123
79091
233
52767
927
4422
4128
97938
5955
2788
81564
8638
2070
3153
2125
122892
64614
5630
3952
431
97921
3275
38499
1729
7371
1997
64716
97304
26258
759
4262
5146
1950
1147
3044
3424
104913
106100
7091
3418
1104
51255
3499
115713
7285
7256
5765
3437
800
125
918
2644
26326
1120
213
31435
428
4007
6187
280
942
108932
440
63876
100
1965
1845
51540
115122
2925
3543
33171
4658
8542
2919
2313
27317
55276
117176
222
2160
1161
7566
1343
80549
58803
2454
2302
5956
86377
5238
347
7235
3594
6530
40819
93040
6273
2096
4630
30816
909
60397
7649
42004
96728
51935
3213
1827
3476
4642
1527
4848
3077
4223
943
68838
95167
3365
4361
6791
105844
850
56339
66934
106489
2150
3203
2686
2138
26524
7767
319
3871
2068
3989
2920
8937
5341
764
3091
101
7386
54001
37741
2403
3342
3089
7139
51662
7013
3470
3677
1253
7698
98809
4432
26084
1935
81834
2936
6063
80489
3783
82459
61240
1962
1753
6724
3255
492
6669
3811
6643
3406
98491
7164
373
164
3536
3505
2245
8264
7087
1298
6993
5028
648
70293
1249
68135
973
86320
348
6783
4903
4117
58295
27660
1955
3019
3083
4799
55052
6001
412
53318
2872
5445
4263
915
39414
5114
2105
3072
1242
3521
34437
1941
52604
6104
4437
82169
26587
3062
93510
99145
3545
668
7836
1484
4552
55290
1964
4349
26729
26712
2273
54881
3104
127152
4914
52281
7564
4271
7574
872
26578
52617
26150
40583
68358
2841
106916
1238
8239
5475
55063
3943
2288
93855
4047
109249
8580
2423
4616
7981
921
48696
2312
4033
5992
3347
6774
4802
2763
50641
5244
93320
61024
7771
2929
146656
2117
8199
4584
79357
1963
52952
85342
5690
7156
3467
6959
89804
27523
3929
4105
1302
5008
6732
5812
7137
111921
3475
7700
514
49280
26422
3679
4410
71135
100556
47518
3551
91104
6331
1041
2670
1340
6708
4809
8042
3364
86487
4428
74089
58649
53887
8123
8261
26501
26797
96075
163949
101850
112577
114464
150856
104119
122900
4369
1085
6003
575
3629
3615
147
156
6852
2046
48394
2151
63131
441
2106
3070
2351
2102
3168
2944
4489
