user_recommendation
318
296
593
858
527
50
608
2571
5952
260
2858
4993
2959
1221
7153
1196
356
457
4226
1197
1
1213
1198
110
150
4973
1704
1136
589
1193
47
904
1270
1207
912
111
1089
1617
1208
1291
1265
1225
953
79132
4886
265
750
919
4011
3578
36
2692
1210
2396
1222
48516
1240
1259
1247
2762
6539
46578
48780
232
8961
1219
1203
1961
590
1148
2997
58559
541
908
480
923
903
2542
4963
3481
4878
7361
293
4306
1036
4995
1682
4027
1252
1246
272
17
745
8368
364
1073
913
1079
6016
899
32
497
1234
1732
1230
1258
926
6377
2329
1947
290
3147
3996
920
778
1276
54286
40815
5669
34
5618
11
5816
924
2791
8874
1217
4896
194
1214
1250
2115
348
2324
57669
1625
2019
5418
1304
2918
81845
1223
969
1278
1035
5989
551
2908
68157
1206
3897
2890
2064
5991
162
1212
3462
49530
7502
475
5010
922
1172
1729
1285
308
2268
1954
1380
1939
280
307
60069
5445
34405
2137
306
1228
73344
1263
6502
3949
44191
33166
246
2599
1957
134853
73017
68237
3317
8665
1200
1674
2716
898
5995
29
161
5060
5114
2804
2797
2300
1641
1254
337
56367
1394
2318
515
32587
1357
85
69844
1267
1288
2132
1968
222
6787
1201
1952
213
471
21
151
3114
3671
25
3019
1945
3152
3448
80463
46976
48394
50872
51255
2289
1080
3088
1244
2353
538
44195
309
4235
116797
509
1227
1292
1953
1411
1307
733
1215
1527
264
3000
2076
30
838
2194
6711
8798
44199
1192
994
1256
7147
1175
3104
76093
1333
8464
36529
1284
6380
4034
3672
3083
16
1997
950
62
1204
1580
54001
55820
3471
3973
300
69
5902
3504
2863
1950
134130
1094
440
1358
6565
3362
1449
6796
1299
1960
6269
501
3007
188
5446
353
390
1374
49272
58803
89864
109374
565
2302
2563
2501
1077
474
4076
1563
1450
4930
4796
4352
4518
4591
5427
1819
3892
56152
735
2357
122882
1199
1287
2612
1352
176
728
357
3435
2580
4262
3543
1834
2303
2267
954
910
529
2331
6620
39183
3703
1464
914
1296
6708
905
6281
1086
3793
648
178
909
81229
63082
31658
1251
3683
661
115713
45950
1218
2971
6350
927
1097
5349
3307
58
349
106920
3735
54997
3396
223
2502
1233
5291
4223
2020
69122
3256
88125
154
1343
1673
81
6218
4427
2186
2968
91542
1179
3095
1272
3418
89745
1293
68954
54259
2202
1274
588
81847
105844
27478
3868
1253
1266
1237
1242
86882
800
77658
27611
44555
59315
1189
535
4865
1029
1794
6
4406
1060
1211
41
91104
7090
1701
6807
6552
1885
82
3100
73290
1231
3363
1303
319
78499
2
69481
5903
1281
99114
3546
281
832
261
106782
3916
40819
916
6331
5630
741
3501
52975
91529
1096
5971
82459
54372
4304
7438
3108
7137
1103
2925
56145
1248
52328
27773
3361
47099
2707
6874
7116
3741
3424
26524
1090
1209
1959
30749
4642
2648
56251
508
3198
3510
2726
3022
1125
1387
7669
500
2664
3507
69849
3503
56782
1147
3468
65216
1264
7075
65261
930
2028
112556
106489
40629
64034
968
7156
247
1466
2690
50068
6323
104374
6235
52885
1283
9018
8938
7932
26599
55069
4252
6244
91673
7143
3081
60756
2067
1611
3359
928
233
392
3730
79702
1012
106916
2231
3702
148626
1610
7013
6003
97304
142488
90428
8132
2644
3983
1286
1955
5954
6333
262
6273
101
6773
235
1964
1958
1185
7293
1104
3524
81932
3089
955
8641
39
3134
3421
5444
8910
1120
6942
2130
2764
66934
1354
3039
596
105504
10
628
4299
2871
971
1649
81834
2304
55276
575
94959
2917
951
5690
1224
6612
34153
8784
67997
4903
2391
534
3328
2423
92259
72011
2005
422
3476
91630
2459
2949
152081
106696
2474
6870
524
1262
2395
2232
2099
446
60684
7419
1619
74458
6187
3062
4448
1944
581
2920
6378
3365
35836
2686
26614
1361
3527
88810
2361
2070
33493
86504
7649
94466
88129
39292
3196
55442
2138
3653
70293
3310
2068
33794
84152
3535
108583
3467
333
106471
79428
5812
2677
1500
52435
1260
3072
1962
7139
3686
2951
2929
1663
4765
373
7360
115569
4103
1884
25850
1340
6440
6650
1282
3015
1178
599
55250
71535
73321
266
90866
6385
2846
5956
2208
125
6666
477
3635
893
8947
3739
911
7826
54503
1081
31878
1797
112552
128360
37741
2596
45431
57243
1249
93838
1956
37729
2351
119145
69757
1034
7766
2313
5225
1348
3869
3456
521
3536
1280
147
942
4102
1734
45969
2731
6867
1020
1220
3508
973
3655
146
1420
6242
720
2433
6254
25947
4965
2919
2160
48774
902
2245
102445
2761
72641
3724
2654
8970
1078
3639
2732
87232
32525
5992
66097
6125
8711
6077
2729
51412
122900
100383
2529
3167
7833
2795
116
940
2203
7256
2315
4467
1845
3201
2932
2651
8958
1082
3972
3505
61323
5475
110102
1183
8645
48738
2288
54881
6936
3030
3550
8369
111759
3210
122904
900
98961
647
3783
46322
5876
3355
4086
58347
123
1784
3469
2018
2482
89492
58295
1589
4007
30810
33639
531
2334
1180
1132
52287
115617
1095
4787
494
6953
89804
38061
1301
27846
1124
1300
79824
80839
41573
68269
48791
32289
1235
66665
2291
103624
2970
8012
53956
1395
7386
6947
49957
2366
2490
45
49278
3053
2693
7099
3252
80748
98491
55269
934
5782
146656
3129
88744
7263
1946
4967
71899
91978
87522
9010
1350
892
2946
4422
108932
73587
27178
2843
55555
3018
8337
2757
3067
3178
4312
1131
1719
3633
7027
3598
48082
56757
2912
68838
2248
52281
3551
45186
3168
948
8622
38499
63876
198
2636
2652
2650
2649
2647
99149
92
5147
54995
5878
114028
917
3545
3638
938
30707
2272
91500
30825
522
229
102125
62956
2728
3044
3684
3699
4772
1243
1948
2243
8264
3142
5238
2467
5820
952
6001
5341
766
49651
4410
2359
1305
3038
6021
