user_recommendation
318
296
527
858
593
260
50
356
2571
1196
2858
608
4993
1198
2959
589
110
1197
4226
1210
1221
1270
7153
912
1
5952
47
1704
457
1193
2762
778
1136
293
4973
150
1089
2028
1213
1291
3578
1617
899
904
908
111
541
1240
32
364
2918
750
58559
2396
1225
2997
1682
1203
79132
745
913
923
1252
6016
1208
48516
1247
2329
969
924
2692
1265
4011
480
36
1258
1148
2599
2542
1036
588
1259
1207
2324
595
1304
919
4963
1214
1968
953
1230
1961
2064
5989
6539
1580
903
48780
2804
7361
1200
44191
1276
1732
1199
1250
1222
1073
2716
337
32587
3147
4878
4306
3996
1228
4995
898
1219
2797
377
497
555
910
6
46578
1212
68157
1947
55820
3114
349
1278
1060
3897
1206
1204
2502
733
2291
17
1035
950
4027
1079
926
1288
1356
246
3481
2019
11
78499
994
8874
515
2712
3462
2300
1267
920
1234
1172
1246
1233
5995
1084
4034
56367
475
8961
2186
1610
50872
2115
6874
1028
1953
1945
1220
2268
1090
2580
1080
1223
1263
2194
3421
59315
474
922
720
471
590
1269
5418
628
1293
232
1952
235
25
671
33794
1674
3730
116797
3949
223
905
58
2289
7502
33166
1527
68358
1256
194
3735
34405
5991
1673
1254
2501
40815
5444
3362
1077
56782
1287
1094
1500
1394
5816
2917
2739
1307
109487
106782
1299
89745
16
1625
1466
1960
1097
1192
2871
954
3006
3471
3435
1374
3671
1217
4886
112852
3504
76093
3683
1096
21
44199
2076
1729
57669
30749
106920
3468
6502
3499
800
5064
2231
49530
1411
4235
7438
529
81229
5669
51255
8368
3868
2467
70286
3363
2243
300
5630
1957
916
2303
914
74458
928
951
7147
161
741
5618
81591
2971
1284
3088
2132
73017
2318
1231
49272
54259
29
62
7099
508
2761
81845
162
4308
551
2890
63082
1262
68954
1272
1994
1244
3510
265
86882
6796
27773
1095
1264
44665
175
44195
64839
838
1959
3095
3317
946
134130
1939
68237
3198
30707
92259
6979
4085
99114
3952
3152
3035
380
1201
911
440
1333
2908
1218
69844
1285
3246
54286
6807
2137
509
319
1916
3104
1997
6787
54997
3007
3451
88125
2929
2125
3307
3175
2791
1280
3359
581
1361
2202
1834
1086
348
1449
2144
1179
1343
1260
3201
3275
1948
1103
955
3101
2359
3000
2160
1248
31658
2005
2248
272
122882
1178
933
1641
1393
945
6378
80463
6711
2391
1927
134853
3791
7090
353
115713
3081
5060
109374
68073
6377
112552
1175
88129
1357
3068
2788
2321
2690
535
3358
1088
942
307
1189
96079
4896
1224
4007
357
2924
2935
8132
1956
8464
1982
930
5903
1209
2357
40819
3213
44555
3983
2138
1950
2841
91104
39292
106696
81932
431
1281
2232
280
1257
37729
1719
306
2078
1292
110102
534
39
104374
1215
927
1296
91542
1104
112183
81847
59784
3072
648
41566
85414
94959
69122
1266
2245
72641
907
45
8970
48394
968
2208
1302
1946
2067
1688
33493
1954
85
72226
3448
88810
6350
2795
1955
87232
2020
909
428
3793
102445
3044
921
2863
104913
4014
3038
5971
900
5956
35836
86
3022
115617
28
8981
6662
2096
1283
5812
1211
3424
2108
36529
1358
6565
1023
412
1305
261
122892
6440
4427
233
6942
2474
2366
1616
79702
224
3196
8228
66934
538
54001
6870
3252
3167
51935
2278
7802
3788
27831
4103
2490
54503
69
2664
106489
5146
41
1238
971
81564
106100
4037
45728
3543
3871
735
7132
8950
4450
58295
3355
2648
3967
97304
3360
4223
4239
96821
3469
5103
492
1249
3801
2395
98809
53123
4262
2944
1845
3365
69481
1537
3429
3111
373
1962
8798
2612
81834
30816
3019
1964
6863
7075
973
115569
1066
3505
51412
7137
96728
7022
55267
6959
3703
6732
477
5876
2203
2726
3512
3134
3724
1734
105504
7263
2331
91529
1680
52281
1227
4263
1131
3256
3033
4326
82459
31878
37733
7143
101
2987
55069
55250
3741
1120
215
89
48738
230
1147
2105
7373
4623
3083
7386
3686
8807
1944
52
3545
441
6331
128360
8958
2080
3814
2925
5782
3070
4979
7649
2846
1303
3418
6380
2920
72998
7139
1963
4846
2081
8542
3911
1237
5446
146656
7116
6281
3039
140174
1387
60756
1376
2070
1649
7091
2819
5014
3527
87306
7767
965
281
4017
97
3310
7419
1019
38061
8638
4821
3089
56152
2936
54881
2352
37741
539
2644
1464
850
8633
1277
67087
3414
6754
766
69757
8208
4361
1827
115122
322
3551
4304
262
1810
1784
4848
108583
38038
4128
2687
3034
7285
3016
80
3844
91658
4465
290
7669
45950
33660
4642
6620
3507
26524
3200
3037
6218
3260
3361
6659
2463
599
67255
6269
2938
2336
108932
2102
106916
1958
58803
5108
4019
8641
178
104841
1059
915
56251
5152
935
26152
6283
4489
1921
89804
54995
32898
93510
62081
247
27022
6001
57504
6783
213
8665
3546
3160
49278
4105
2353
65514
8933
309
2732
5114
7844
2973
2109
26587
917
3420
6777
127152
53519
1081
2344
6235
96829
142488
47518
268
5225
308
549
4873
3524
3811
117529
2952
55052
6552
2729
64716
106438
3521
93363
5747
1942
4661
3364
7256
88140
54328
1185
116897
7027
6104
451
6452
1594
8580
3910
34332
6879
4422
40629
5500
7451
6286
85342
50068
139385
4086
3536
6003
47610
90428
3210
3203
3475
52435
2459
1366
112138
62956
2068
68269
4696
67997
1611
4787
52604
1754
3357
632
6385
53
52950
79139
8607
3071
65261
1912
55276
5008
85179
67408
82
4506
3062
63131
7320
64034
98491
3270
7156
4537
938
5791
1934
130520
3178
7698
1021
7380
949
6188
4033
1300
6986
74727
3342
3702
3606
4029
556
70293
65188
6724
4349
4867
9018
84152
54372
5878
2434
3565
937
3098
2780
7212
100556
2284
73290
51540
6773
68838
3743
5902
893
3060
1923
1484
5238
3272
5475
6993
26599
4252
7932
91673
73321
