user_recommendation
318
296
527
858
593
260
50
2858
2959
608
1196
2571
356
1197
4993
912
1270
47
1221
4226
589
1198
1193
7153
110
293
1
1704
1210
5952
778
1136
111
904
2028
364
457
3578
2762
1213
908
2997
4973
32
1252
2918
2329
1089
541
1240
924
1682
899
750
1214
919
1258
1247
1968
1208
1259
1291
969
6016
58559
7361
1073
1203
150
1732
1265
79132
4963
923
1225
36
926
2692
1206
6539
4878
2324
903
6
1222
1204
1278
1219
1036
2291
913
1230
4306
55820
1617
25
1200
1228
1961
953
1148
595
745
2797
2396
17
46578
2599
3481
1060
2716
1199
48516
5989
44191
8874
5995
246
1084
3897
480
4027
223
1097
1299
6874
588
910
48780
1207
1246
56782
2502
2804
1625
898
3996
4995
68157
1035
2019
1250
2064
3114
7438
1287
2076
32587
1673
2268
551
235
8961
56367
497
265
2115
1304
1466
1784
1080
1285
1610
3147
2580
1356
2542
1028
471
1945
1090
2303
4011
78499
5418
1254
4308
3471
1580
555
994
5669
1212
3362
950
733
1293
475
1500
106920
2712
1267
6377
29
1077
1276
70286
1952
1103
175
1266
337
1079
1411
590
33794
8949
4034
1256
28
27773
581
194
1264
954
1224
1288
5618
30707
3462
3504
39
3019
800
3730
59315
2289
30749
1096
16
112852
7502
1244
1231
1393
64839
2194
57669
4235
922
2871
1172
6796
441
109487
1307
232
2186
2132
1269
1220
4886
162
81591
2300
3033
866
5679
63082
62
7147
1953
3499
741
3671
2739
1263
628
50872
1233
2971
1653
2791
671
7099
920
3418
109374
2908
3683
48394
134130
33166
2005
1947
116797
34405
1272
5225
1674
1374
1217
1939
2231
1234
3468
1960
3421
2144
3386
7022
3793
5816
2248
3000
3095
3317
3868
2395
1223
1262
88125
3788
89745
76093
1719
1956
115713
2648
349
3363
955
81229
2105
49530
106782
86882
51662
1361
2078
1179
2501
377
6711
3201
968
720
2243
307
3911
11
1946
3429
3735
54503
112183
1305
3424
4361
515
3152
2160
35836
88129
1292
348
2664
1357
41566
45
928
68954
8368
92259
1248
31658
6502
2863
2761
7802
306
2467
8970
2109
6807
1218
2917
85
4085
7075
3702
79702
3088
58
82459
2020
1282
68237
508
7090
2359
3256
74458
1959
3435
68358
1950
115617
3034
3359
2010
5971
1921
971
3307
5377
1104
81845
215
54259
380
48774
905
272
2644
1584
86
5103
80463
115569
2357
2916
54286
2232
4014
3983
1192
44195
96079
233
1994
280
110102
909
1923
125
1095
5444
363
1209
99114
2125
87232
1394
474
1046
1284
2318
1635
7139
3361
6440
1175
3067
3686
529
8132
3196
1948
1303
7419
1734
96728
44665
3724
1958
6787
261
2728
1127
6662
431
951
85414
509
5782
2067
2726
3168
1215
8950
104374
2203
4037
3203
1729
7132
4450
6350
30816
3104
3952
64957
3791
6979
1333
1957
3476
69481
900
2924
946
121231
3252
51540
4103
2890
911
5630
1527
49272
5060
44199
1189
4007
140174
1211
2202
1964
2108
54997
32898
7087
134853
1927
8873
1086
1191
838
72226
1611
3275
36529
1884
927
39292
933
6565
2278
5902
97
1280
5956
916
3801
5791
3167
3213
3198
281
2690
7235
55276
42004
8958
1251
40815
3310
8645
1537
105504
8638
106489
60069
1845
213
81932
6942
921
69844
3342
53123
128360
2746
2474
37733
80489
1955
112552
106696
2925
1257
6852
585
2313
3546
3006
945
7116
3038
2788
1178
40819
40583
1147
4029
3037
7669
102445
4422
1464
33493
67255
6932
89804
3814
2857
1296
930
663
8264
308
63876
81564
2420
3035
52281
7451
2394
1242
46976
247
319
68073
3089
3469
26729
66934
3967
2795
759
1343
766
3741
1982
1693
3684
8228
2987
5010
48738
5991
59784
6378
492
101525
2919
6987
26326
5064
18
4848
5876
52767
4349
4432
3007
147
3022
5017
914
44555
1088
2018
26084
81834
1962
94959
1120
6385
190
1023
3072
2096
2912
3060
33171
86320
5014
8807
2150
3677
3083
1967
1997
2841
127152
99
139385
34072
37741
26587
8542
3505
1449
373
4033
4021
5341
6188
2935
7836
65261
2391
111921
2287
6323
2732
534
4326
64614
4901
8580
108981
222
3871
27721
1185
69757
2138
5385
61240
7156
4844
3467
1094
1348
2459
122892
1680
5135
102684
4489
3272
55247
4623
7064
58803
907
108727
54881
2529
735
538
149
6773
4410
55063
5475
8464
3020
52435
4427
31410
4223
6863
7566
3929
2285
556
3448
2731
1260
2946
131724
101850
26797
58649
5238
96075
26501
8261
74089
53887
4428
86487
8123
163949
114464
104119
150856
112577
309
1085
115122
48696
4661
2245
2208
3980
7091
345
7386
6791
2936
108583
80
50068
91658
2283
3653
322
3246
1081
91542
3612
2612
3100
6104
1754
146656
3081
54995
2686
1041
51935
6021
3507
3108
38499
2961
1916
3068
4809
5772
7013
106100
96829
3039
2944
106916
1050
7767
6870
27831
30
3071
3101
3475
1834
7698
98491
54001
1419
5146
2066
101
81847
80906
6776
6001
34338
2929
3414
599
116
26152
1283
4979
72641
40629
7256
37857
2920
27660
3175
42418
6271
6777
2336
935
4969
3872
8981
36517
4271
68838
4801
3501
1201
4262
3016
3186
4017
6724
4945
4466
104841
7123
86377
50641
70293
4117
4263
3949
55290
8641
3536
56805
78039
59018
2654
55052
4616
79091
8784
6187
34
2068
34162
2331
99145
1176
6783
4880
56152
7263
4658
88810
30850
4912
99764
93721
6461
3763
60756
3844
1249
5008
114060
3728
3357
7380
5445
2184
1281
66665
8933
6669
8239
452
93040
53519
3077
104913
1340
3594
1649
56339
7285
163
6732
31435
98809
45728
5380
6725
4789
6101
1078
3747
38304
108932
1289
2117
97938
100556
46723
3396
50851
1025
3910
3703
1965
26524
3219
2764
1688
2334
2651
1243
5028
6380
942
4720
171
3036
2660
5992
7649
5269
93510
3044
93855
5244
93320
59387
89492
6774
64716
