user_recommendation
296
260
1196
858
50
593
608
1210
318
1198
1193
4993
2959
4226
2858
1136
5952
2571
527
364
1089
1617
1270
1208
923
1206
47
912
1247
1221
2019
457
1704
595
541
589
2716
924
908
1228
111
1288
356
903
79132
1252
58559
1265
904
1213
1250
1259
2997
223
1097
2918
1214
3030
1028
1197
2502
750
910
1291
150
33493
1079
1287
1262
1256
1230
745
1148
1580
1968
2289
778
1080
3996
1209
1
1953
899
4623
5995
2791
5989
1036
913
500
1240
5445
2947
33794
32
1387
69481
7153
16
1203
4963
1227
1307
1527
919
1225
293
32587
1639
1147
3730
1732
2300
1276
48780
3868
3317
3481
1233
1201
4886
2194
246
1223
2366
3897
1394
2395
590
926
671
1219
1235
1267
232
59315
51540
48394
1610
599
1997
89492
4085
3033
2572
1961
1222
49272
2968
5060
38061
3671
5618
1278
2599
2973
5669
3504
1035
48516
3471
1266
106782
44191
17
70286
3508
2951
785
2243
588
68157
3949
2064
2174
337
85774
300
6016
7132
3578
3037
1200
2857
1476
1912
6874
3095
515
4489
1921
1784
5291
109487
4327
4873
1031
1343
1393
5490
8542
132333
3494
5915
4799
3681
5522
4396
6375
4361
7247
3462
2115
3683
2762
1077
2991
4878
592
1073
1945
8949
2028
909
1172
1952
1923
920
1272
81845
5010
3083
3006
91653
1234
6787
3983
800
380
91529
272
3175
8641
1207
969
2993
1625
1217
1041
4979
3688
235
82
1275
4903
1204
480
1260
3266
165
1411
2232
549
1254
1304
2797
26131
5071
4302
86781
115569
26587
4731
5893
1859
3915
3320
2949
2231
3476
8917
105504
4056
3000
3536
6188
3022
7361
3948
1747
4322
1171
2804
4321
3060
54503
1517
3104
111759
6
2005
44195
955
1090
7143
86882
1283
3039
149
905
1212
1396
5679
106920
4941
2096
5500
3020
2329
215
349
1060
60069
76251
3300
86833
134393
2990
6957
3301
2788
5956
2108
1251
93510
1022
1299
80489
48385
2318
3253
2087
26729
145
112852
3943
110
1954
54997
91658
2313
2529
933
104841
8371
2013
6711
2359
953
7022
1927
2987
1224
994
3361
4235
25
6893
2524
96079
1258
1722
1500
3552
866
91077
3201
3034
6932
33166
3108
1243
7091
105197
7894
106438
35836
2009
162
1232
6666
1284
2378
134368
161
2076
7706
8665
7034
52885
6502
62511
36708
952
1215
112552
3210
2692
2006
6944
2335
2105
1178
3168
3019
2700
3814
1611
54881
112556
898
4995
4308
1635
65642
803
121231
70336
51080
111622
116897
5269
107910
8914
90428
54372
42718
4973
8464
2396
2081
5339
112138
8957
6539
4128
1584
596
59126
1407
3397
81932
950
3707
80906
1186
2413
8874
2303
1956
39292
6104
2118
474
1237
253
3448
94677
110102
2160
3503
1955
543
4678
471
2871
1962
7075
2948
80463
1466
529
951
2989
4262
1845
3548
2671
134130
29
5481
8622
62434
968
1464
2746
46578
928
1856
141
5957
3398
53996
2352
3088
3763
2916
88744
551
5954
1371
1719
1293
3307
911
2664
594
2463
4210
2387
6565
3396
1641
80693
2971
2693
3265
3198
52975
34542
1094
2686
3044
3035
497
122886
3635
6350
2288
3274
2728
3507
2694
78574
1948
57669
1931
3861
6662
27022
52973
2291
2407
4499
5971
6863
8798
2912
3952
3633
3196
1244
2985
555
4333
4033
1085
1564
2660
2925
2890
1220
945
2935
915
307
26
2470
1689
308
6807
1289
5955
907
520
4446
1883
33615
4121
3414
7826
1084
1125
98961
6993
88163
2336
26152
115617
1379
1449
3052
1238
475
93040
34321
109249
233
3246
85414
728
1748
58803
3882
3429
946
5540
1199
9010
3696
5765
3437
2083
1173
2905
44788
3467
3247
922
60684
1361
3614
5049
1958
1095
80219
7757
34
3308
3569
3639
965
2000
3788
115149
6618
1218
2208
1175
87222
1682
97304
2915
176
112623
3526
1253
6296
164
1963
1285
1965
947
135861
76093
8638
5541
1405
50068
441
4005
851
4914
2474
4017
4681
3072
7123
1860
2594
1078
82527
3267
237
3728
4855
3469
3505
3261
63113
2010
82459
84944
5382
4981
175
55765
973
1066
48262
2051
81156
5247
89305
6427
103141
2922
71466
58351
115231
84696
103341
97870
71033
67255
96110
48322
4339
941
1755
66785
48783
114935
134881
114028
7076
106062
49688
4660
104078
5250
3298
95441
50872
10
4585
27846
103235
5792
56563
100556
7484
69524
83827
8264
99811
67997
3010
6641
159858
90531
4079
1546
4713
6816
160567
74649
3987
149406
2983
140174
140267
4271
5662
1176
6327
5515
111443
114635
6271
107406
5075
30707
4144
1673
3327
3128
53322
2144
3571
1226
741
1104
3735
1292
3362
373
2932
1189
3096
7766
46972
114662
2334
68159
5103
5135
1263
6331
1231
7235
2542
3794
1934
940
8645
115713
39446
3101
494
107141
2167
2090
720
837
3450
104879
306
27660
3967
3249
4533
1721
7320
5477
3629
7137
1280
3925
4029
7438
5147
3435
3057
1011
4019
2690
2393
4132
89864
123
93840
6440
229
6796
2567
7941
7063
51255
89745
78499
4010
8958
30816
68791
1242
6975
2644
6380
222
2648
942
4299
8636
111781
5064
766
348
3341
1083
69951
101
7502
3916
2394
2125
59784
5014
2140
5959
26662
2248
39416
7773
54281
48774
117529
4014
44199
5377
733
56949
1179
2328
2386
68358
3256
2315
2406
6732
6063
2080
3018
535
107
1357
8784
125
8937
80748
68237
954
3409
4728
111364
2712
8623
3911
3213
21
97923
5308
92259
2863
2795
7451
111362
2137
25771
1620
71211
6269
106918
6586
5388
509
4738
3618
106696
7569
1597
54286
1339
77658
2389
27831
1092
2110
1296
900
1020
5785
2041
1127
2440
5
65133
2067
431
84844
104913
4190
5617
7802
309
3512
97
3499
3147
2926
1297
6323
4292
8019
45950
1057
8879
1947
41569
1904
31696
26386
97938
4034
2946
2112
27728
2333
5319
62374
55276
3421
5008
7010
6650
142488
60766
158528
86898
6442
