user_recommendation
318
296
527
858
593
260
2571
50
608
1196
2858
356
2959
110
589
1198
47
1221
1270
4226
1210
1197
4993
457
150
5952
778
912
1704
1193
1136
7153
293
1
2028
1213
2918
1089
1291
2997
908
2762
4973
1617
111
1259
32
1240
904
1225
1968
58559
1203
969
541
2396
1252
1200
2692
3578
899
750
2599
6016
7361
1207
913
1258
4963
48516
1036
1208
923
480
1214
590
924
246
79132
903
4878
2324
1073
2797
595
364
44191
1682
4027
497
2716
2329
898
1961
1204
6
1060
733
4011
68157
3996
1304
2542
1293
1097
380
1172
1247
36
17
1219
920
1250
1947
1148
2064
1228
161
32587
745
2502
1035
25
56367
1206
11
5989
555
223
2804
919
1278
1276
4995
1212
4306
1246
1267
3147
2186
953
59315
1923
1079
6539
48780
357
474
21
910
1222
1394
1674
1732
6874
2019
235
1265
3114
55820
2580
926
1625
3006
2791
4979
265
1945
5995
8961
1393
33166
2268
349
1387
509
1220
1610
1028
3730
2115
3462
475
106782
1080
1199
33794
2300
1307
2194
1263
57669
1411
588
1466
106920
950
1356
3435
515
5418
3510
1103
1299
78499
2248
8874
1287
3481
1500
922
3421
4034
4308
2076
928
30707
232
1269
3897
1233
1953
2501
5618
954
2908
377
8368
994
1084
56782
1230
1077
46578
337
1266
1217
1254
1234
29
194
2289
40815
1090
308
30749
141
2761
671
2291
1288
4085
3471
50872
1223
6502
3868
628
2202
508
70286
2917
3362
3916
1201
306
5010
54286
3683
1096
7502
720
2243
3735
905
64839
112852
2973
16
1256
1262
1272
5991
3386
800
69757
162
4235
116797
109487
1952
534
272
6711
89745
1960
2971
2160
49272
3671
1948
2890
2871
2318
44665
49530
2078
538
1927
2231
81591
2739
535
8970
3468
1248
5669
7099
1094
1357
99114
3499
1754
5225
2303
1224
1997
106100
222
838
88125
3504
8636
1231
1264
163
2125
280
307
916
3088
1584
1284
51255
1959
74458
3033
63082
96079
3703
73290
2132
1095
4623
69844
1449
3307
109374
1178
44199
596
1994
3104
1729
59784
6787
27773
1260
2947
69481
175
224
3948
1834
69122
39
4886
3035
68358
1957
5816
115713
86882
2987
1244
4896
1285
4239
1280
2712
1185
5956
1218
2391
1029
431
3949
911
319
2278
68237
6979
955
290
1537
1257
4014
5064
92259
1179
97938
1673
68954
85
3168
1916
88129
38061
1954
1967
3072
3034
44195
81932
76093
4262
54997
134130
40819
72226
2020
31658
741
1641
1939
8950
368
353
110102
4007
5971
946
2795
951
86
134853
1950
3361
6796
34405
106438
529
8958
3527
2395
262
2467
106441
107559
866
3083
440
97
2357
178
2137
2746
2687
3363
1374
3246
10
3198
968
3358
1292
7438
4037
3095
3952
2846
2081
81834
115569
4427
3476
3451
1086
60756
1237
3545
581
300
8784
1215
3548
97304
1192
3414
5903
1358
2067
4848
3983
1104
2788
7451
1238
39292
1305
6350
1611
2726
64716
3044
104374
1023
91104
8132
51540
309
2144
2935
122900
2232
1361
299
2920
7669
96821
54503
1982
30
1408
4901
1719
54259
3317
7132
1663
3038
55276
1734
122892
728
2944
2490
5060
1946
2925
5377
3359
1797
2313
81845
1175
927
3022
6331
2330
1249
4489
104913
4357
3037
3424
1944
3152
7256
94959
5630
965
1283
3505
471
1209
1680
3134
65188
3252
477
233
112552
3429
1616
2728
2916
2648
3203
3068
3915
2612
5103
930
115617
7147
7371
142488
146656
36529
88744
915
38038
3007
7386
1912
102993
6380
3200
5812
1088
85414
4277
3000
805
54001
3788
945
6870
3060
80489
112183
2403
8981
7802
55250
2203
3448
942
4661
105504
3365
1333
6235
1281
3167
8665
3791
5673
100714
1066
932
3201
8228
2863
63853
6378
27831
3783
1580
348
1345
96728
2005
1243
3536
7090
6807
2108
3798
123
5445
373
1189
2352
48738
27660
91658
3724
140174
37741
59995
90428
3081
4326
2929
3741
5876
3310
8641
3420
2677
93510
3546
81229
1635
2301
6863
2819
2474
104841
7137
30810
213
111759
82
5500
52281
3686
198
56152
2694
3793
93840
973
31878
4103
1300
54881
1354
26729
2336
1810
1934
62956
6724
6620
7767
3039
1041
4304
3196
2366
314
933
2732
1407
2359
1049
2288
8542
492
1955
2729
2690
3801
3100
1348
5992
2138
81564
5446
7116
7064
2924
5017
850
80463
2133
55069
2529
8949
3702
1120
3684
1962
1527
8933
7022
2434
3178
89904
4322
6377
4361
2644
5329
147
65514
6974
7649
6932
5008
971
45950
7139
2208
3556
26524
2936
47610
44555
4263
54328
53953
1251
3275
99813
2344
7419
8798
103048
7075
7091
53123
6104
52
3676
2355
2331
6987
40583
85342
3111
2949
8264
1907
2563
69
65642
1296
2857
4016
914
6662
37731
1956
88810
6001
735
46976
1688
2841
3507
6440
2245
1303
128360
89804
1931
84152
4873
40629
148626
2951
2686
3543
4179
501
55290
3251
412
3360
6776
1131
8910
5475
51935
111362
7827
1147
3551
1827
2736
4616
64034
1211
3263
215
3742
73017
5444
2664
3598
6777
7087
60684
907
1277
4846
6375
4720
1340
47518
32898
81562
149
4211
8493
91673
7932
4252
26599
9018
1860
107406
6852
1845
4642
52604
3070
1963
6565
6867
3213
4450
1958
64620
8938
6786
85774
55280
28
26587
86320
2066
58
8337
2311
3016
127152
116897
1019
55052
4914
2038
87232
4465
900
50068
3194
5013
62
54372
4816
1081
514
1227
6669
1594
4776
2312
26776
4410
5791
69524
80969
1859
53996
55269
4017
8340
100556
38499
112138
6659
6986
328
4537
53519
2463
60753
1343
27846
6269
26614
5152
7156
3475
2361
441
68159
121231
4105
52435
3811
247
3467
67997
4422
1013
5349
27790
2099
3062
2912
3967
3653
6452
5146
6450
7787
26152
938
4369
921
5291
3871
2118
5782
26
44761
71535
3524
6480
101525
7123
7482
1464
55721
