user_recommendation
318
296
527
858
260
356
50
593
1196
608
2959
2571
2858
1198
4993
1270
2762
7153
589
1221
1210
58559
1193
5952
47
1704
1197
778
1
457
4226
110
912
32
1213
1136
1089
1203
6016
111
541
2692
1291
2324
750
2396
1240
48516
2028
923
908
17
293
2329
1036
1304
1214
745
1252
904
7361
1208
150
3147
4011
1265
4973
3114
1617
1225
1219
969
1207
588
1200
1682
899
480
1732
903
1961
1968
2542
1035
1201
3578
4306
4995
913
1259
3462
1228
4963
1258
5989
4027
920
1246
924
2997
78499
2019
1148
1212
1204
1222
1206
1247
1079
1276
720
919
590
8961
357
246
1233
46578
926
4878
2716
44191
6874
54286
497
6
922
36
194
3996
2064
2804
59315
33794
319
55820
1500
79132
5995
3897
1217
1784
364
1230
1097
1199
2355
595
1250
48780
838
994
349
2791
3363
49272
235
6539
1945
953
1278
1234
1307
555
1172
4886
32587
898
1610
7438
2300
6377
30707
1060
1953
2797
1293
1256
1262
21
68157
5418
39
109487
2289
161
1028
1090
1211
1244
1220
905
56367
2918
3435
2268
1957
671
4235
955
474
1223
1288
4085
2194
1625
50872
300
1674
2318
54503
2467
1096
49530
51662
1254
337
56782
2243
2917
16
1237
581
3088
265
57669
3481
122882
8368
69
3362
2987
3307
2291
7502
1387
515
3134
1948
1393
70286
27773
1272
3949
232
109374
2863
1343
74458
76093
1094
3730
99114
2186
509
2078
475
3468
1260
2248
3683
1411
1263
30749
51255
1299
106782
306
368
741
2288
2599
1269
44665
733
62
80463
951
1923
3007
40815
44195
3104
3671
2739
54997
88810
3072
1952
1281
5669
916
6502
1271
928
5902
910
8132
2502
1266
1673
2395
1527
628
3022
40819
1267
41
116797
2278
1066
2871
1356
1282
3095
1209
36529
2908
471
104913
1939
4223
59369
1273
4979
55247
29
64839
299
5618
1084
1960
1292
3160
3152
1104
7116
535
1192
81845
3020
1080
2580
930
8981
3365
1466
3200
81932
1361
2406
1394
134130
5064
6711
529
51540
4034
308
3868
866
4896
53123
1227
2144
25
1224
3735
2973
215
954
2501
3039
2951
2690
5991
112852
2231
2359
900
68237
86882
41566
2366
2080
3361
4369
112552
4848
4623
3310
1175
68954
1103
96079
2971
6787
307
61323
8874
1077
88125
3741
1959
115617
1834
3035
33166
1537
5444
4262
2132
1218
950
1296
3504
3967
1305
3911
1178
3037
72641
5445
1245
1215
72226
5630
1663
8798
1283
1333
1280
968
69481
7022
2010
62849
2020
3198
800
2474
3763
7013
4641
31658
4014
3916
7323
946
940
106920
1300
5103
508
3203
1584
5903
2572
1264
6273
348
1827
3000
44555
1248
412
5114
1449
353
1059
534
233
539
73017
3551
81591
596
2321
945
915
3910
224
87232
1238
52
3742
82459
921
5816
81834
92259
345
1086
3952
553
3091
3653
28
3038
261
2761
1885
1147
27611
1967
89804
3633
44761
2985
2096
6669
3101
7132
3739
514
6807
3263
85414
1253
1935
2232
1927
281
936
3201
1997
2872
7143
3724
3341
1303
8638
142488
105504
4720
501
2788
2750
3470
6565
3347
122886
3275
1120
1963
8970
272
3089
7263
3684
3153
110102
5500
3357
3181
222
55052
26614
6796
156
178
3448
943
3252
69122
373
6708
4128
115713
64614
73321
1619
1408
1354
6773
1484
2728
942
175
79702
73
3521
6187
3469
3246
32898
112183
38061
81564
4427
116
59784
79008
1954
71899
2841
67087
96610
2352
46970
933
4103
3801
2105
1944
69757
38038
3535
1357
2313
58
3100
4105
1947
1298
68358
102123
3068
37731
3359
146656
1994
97921
290
2712
85342
2208
5971
4873
62956
1680
3983
1231
428
27478
5377
2707
492
2066
84152
3524
40629
931
1020
27831
7075
8340
8228
6001
64034
3706
2115
3317
440
2890
65514
54001
2925
2403
7091
36527
2687
927
3270
6643
3499
3006
2736
1032
106100
1257
96821
8873
8125
8542
377
2490
89492
524
8188
30810
8199
72998
89745
106696
91658
309
538
3044
112556
91542
1641
4037
2948
93510
38499
115569
1734
2005
3178
7386
1366
1088
2935
8529
4422
2434
3129
2726
108583
2203
2125
2099
128360
1912
6783
1023
2920
86377
5475
3030
5608
3632
2938
314
902
2664
2648
907
3053
918
3638
3418
97752
93838
1131
1194
98961
1419
837
551
4661
50641
97304
1693
2454
2140
3471
7147
4814
69844
106916
71535
2303
1287
45722
68269
3629
680
2336
6987
766
2081
1946
5110
8464
2409
59018
7482
280
6974
255
6385
5017
6979
1057
45
1161
1688
79824
76251
446
60161
36708
162
2202
8154
48791
41573
80839
32289
71429
7256
7419
7235
63082
6003
18
134853
3019
7894
3406
72011
1931
86
147
34405
3507
198
2114
1464
3871
1127
60397
1955
8807
4616
2620
115122
7007
27660
1958
4321
5291
53550
2924
6242
148626
6440
2745
4021
4584
8493
3060
91104
65188
2333
1374
3598
2102
55721
1729
1956
4239
4821
4022
7767
56251
98809
8183
5812
938
8933
122890
4626
4632
2150
2774
4489
7087
6254
2137
40583
2138
2357
4380
911
33437
60756
3265
4467
27317
2076
58351
53129
3639
6552
6650
1934
7063
55276
7802
93855
93320
5244
52952
27724
36931
3168
2117
2912
47099
7566
52767
35836
81562
3167
1616
3156
6662
3789
3476
3016
5464
1940
79357
6870
8950
68073
4039
901
268
632
53
3398
48738
3545
6942
64620
8264
5992
8580
62374
1284
4519
8641
88129
3606
2732
1429
97938
1251
88163
3814
7099
36517
85774
3751
66297
2363
3676
3309
3424
3328
4179
7360
7943
7669
3405
68838
7445
56587
4424
6777
171
63876
39183
32525
2936
2641
101
3456
176
906
8958
1112
5956
31435
850
30
81229
4816
1643
2046
1321
935
2624
483
71033
1949
914
4846
61132
3527
3811
973
74946
82527
53318
3189
1348
4007
44199
3097
56145
443
2070
4901
47610
3111
