user_recommendation
318
296
858
527
593
50
356
260
2858
1193
1196
1704
608
111
589
2762
1197
1198
750
912
541
1210
1221
2959
1089
1136
1617
1
1240
1247
2571
1961
1213
2692
5618
4226
1270
778
48516
4995
293
1732
110
1206
457
1230
2918
1259
150
1208
913
2804
5989
1252
4993
223
1219
1079
17
4878
1207
25
1225
3114
595
58559
47
3462
1288
924
1968
7361
32
745
480
1233
246
4027
2329
6711
337
926
1203
590
904
953
6
903
3897
36
1204
6016
908
2289
1222
1258
2019
7153
1200
4011
3996
1682
4306
3578
919
2064
1673
1256
1214
588
1199
2542
1148
46578
2599
1060
2324
5952
6377
1304
497
1035
1291
1674
8961
1394
922
1228
899
1527
1036
2501
969
4973
1028
923
6539
21
1278
529
1097
1500
364
162
994
2300
5995
1945
920
3362
2797
3504
357
1246
2791
2395
1250
39
1610
3435
2502
4963
1299
1784
1267
4034
866
1719
515
3000
2028
1276
3481
68157
5669
1272
2268
475
1265
910
37733
2947
52885
2716
377
1625
1912
1274
44191
8784
2908
34
2396
1387
1393
1201
3147
1217
1220
44195
1952
3030
86882
1172
48780
1212
6187
3363
55820
1215
1080
116797
78499
4427
5418
5971
1223
1192
29
1235
1584
2788
720
7386
2144
56782
509
2109
2288
1957
2248
1307
1466
2291
1293
1287
92259
5291
671
1997
2194
951
800
54503
349
2359
8874
27773
1244
8970
1280
8981
64957
2467
2872
1748
2303
474
1086
5991
1211
2355
1104
79132
838
1227
2231
3034
8665
916
8636
1273
2871
57669
6807
7075
1237
1464
5218
73
5445
2125
3089
1218
31658
1271
1262
3037
921
3359
1066
1747
1374
48304
4369
2690
1956
1537
1260
1282
3210
348
16
319
7451
7502
1263
1380
3671
1283
1641
1094
1357
3952
3252
1960
232
733
307
1232
30749
905
175
534
134130
2087
58
3108
68237
51540
55765
42004
2973
968
6104
306
1249
1084
1077
3552
7649
1023
2065
3361
1266
1189
3503
3006
3471
32029
2005
2336
5954
954
1251
3022
1147
902
1257
1253
84392
5617
81788
6666
1231
1131
5444
1358
117176
3255
2321
1948
308
914
3152
3814
3654
222
289
549
3201
1950
27790
229
1449
3505
33794
81845
28
215
49280
26422
56339
1096
59418
90600
1953
1175
3357
91690
122888
1005
2186
2137
265
2078
1285
63131
30707
3424
33004
2580
898
3088
106782
581
363
109374
54997
3062
3072
955
1356
3067
2132
3365
2572
628
8228
7256
6947
3260
56367
3526
255
5103
2318
69640
88125
7826
4584
1344
2728
1354
109487
900
40815
1678
3098
2042
35836
599
1873
40819
74458
7235
4467
48394
1635
1281
2750
1964
1944
6773
2232
514
99114
171
2917
5816
27721
27523
4235
206
65261
97938
2096
4361
4019
2721
2987
741
1734
915
6743
1810
2739
918
1209
1663
1947
85414
67997
3911
5064
49272
6323
1046
7013
1927
26776
4474
8949
2529
8798
1333
3469
1573
3543
6565
45
3307
41
1966
6787
4873
3702
930
2010
1057
562
8132
4886
2929
61323
2406
3129
1034
3683
235
1958
6350
33166
3104
3189
53972
161
5225
1962
4304
39292
54001
4262
2951
2138
2366
37741
2779
30812
1264
2925
7063
3044
6708
3730
1827
6440
69
7569
3317
5500
68135
1411
3035
8368
6993
1939
361
2620
1112
1967
1224
680
3341
6796
8641
1245
8638
1032
2712
2664
6405
7355
7720
2363
2624
30745
6713
27592
309
3468
134853
4814
60069
190
44199
8370
4007
71838
2736
647
4979
49530
7766
2140
55247
4021
81591
1185
2463
2029
7147
50641
7285
69481
4223
68954
112556
1361
6662
6001
53318
2348
1914
87232
933
45728
4263
1639
1845
2018
45186
5902
728
6254
36517
97304
1321
3019
2553
911
6003
2081
8580
927
931
4920
5470
441
2046
3675
51662
2391
2310
106918
2398
3111
1921
52973
2745
194
940
1292
1680
5679
3421
2912
180
5147
1242
7254
4896
3910
82459
6188
1191
1254
5464
26258
2243
3963
2640
7139
31193
6155
3476
1178
59315
8366
928
935
3074
1090
99
1132
893
76093
44709
2102
971
1645
4720
34405
54259
2949
945
3949
3546
1580
64034
3783
80463
1834
3196
2997
3414
5152
1050
51255
2071
6331
89745
76251
79702
2946
3135
2020
2490
1300
412
648
3844
2485
4014
2496
5505
1994
1955
1343
2145
986
1150
4085
44665
90439
116
1111
805
373
1885
123
5812
5069
80549
2726
8
3791
3095
3507
54286
33669
84844
3178
2130
1234
2208
7802
1694
2971
2080
6299
6378
5782
4017
105844
2021
555
3007
471
97921
7787
300
2330
48385
71464
6986
8341
64839
7669
3916
3246
2641
69844
3551
27660
5446
2890
1938
3200
62374
4357
1305
140110
40826
6942
110352
56633
103235
104303
138208
143385
2403
36529
556
104913
39183
69757
112552
207
81564
142488
92535
1255
5992
1616
2099
6780
6783
3194
2454
3735
1942
8464
6870
2085
3706
1934
6333
8910
81847
3724
3606
85342
4103
4623
7941
1063
1504
1866
2195
44633
55721
58803
3638
907
7116
3739
1940
3265
101
4016
4700
1238
2702
7265
1860
48774
4772
63082
3198
4903
1730
32525
2707
4327
3079
72226
3795
2837
5325
5391
3788
597
34338
7360
5903
3598
4616
7698
6461
3181
5299
653
2333
1188
4822
5010
3163
3418
6620
8327
1269
2938
4432
3167
3801
5379
1963
345
61024
178
2073
3175
1884
3186
7482
2644
6777
73290
2148
1275
26729
7143
390
88744
115713
4994
37729
280
4846
3358
2083
848
7156
5074
3836
3168
91630
45720
4033
4874
1179
1202
3148
2161
5398
8807
2488
88163
468
2554
4562
3718
3133
2824
7771
4711
4783
2627
3947
47099
106100
97752
326
55069
3263
2094
1120
4658
104841
3334
1059
115569
5662
314
5673
1913
3684
4292
4277
2732
97866
52435
71156
54328
4271
2948
8969
94024
8157
79136
94939
7924
72781
77907
8607
99795
97744
1127
3068
