user_recommendation
318
296
527
858
2959
2571
50
608
593
1197
356
2858
4993
1198
912
260
1196
589
47
293
1136
1
4226
110
1270
1089
750
2997
111
1193
150
1221
2762
32
969
457
2918
1704
3578
904
908
541
1073
2329
1208
79132
4878
595
778
1213
1210
2028
924
2502
1225
4011
1617
1732
7361
1682
4973
2291
6016
7153
1278
1203
1240
223
1214
899
913
919
1258
923
2542
497
2692
903
2716
1961
1968
555
953
1246
5989
8874
5952
2804
1222
1291
1276
4306
4963
1259
1219
48516
745
1247
1148
1207
2324
1252
58559
6539
55820
1244
1036
1060
48780
898
265
1673
2797
1625
4995
1265
3421
5995
1206
44191
1220
56367
364
1500
926
1230
1394
515
3147
2599
3114
2076
6
1228
68157
1200
46578
2160
56782
36
1254
3897
1356
1610
235
28
1204
11
3481
3671
2396
1233
32587
4027
551
5444
1299
3788
1285
2395
3996
1090
1077
2318
1250
1653
1199
2144
1269
741
5816
1953
914
474
161
33166
81591
16
471
34405
910
916
50872
475
64839
29
3735
3362
1282
1288
8961
175
4896
106782
1263
1234
1097
68954
116797
63082
1464
671
3683
232
2268
7147
733
2064
7022
3499
720
7099
2019
3510
1952
1292
905
955
922
1217
3471
1235
950
70286
2300
1035
1103
951
3868
1095
1287
1084
2987
134853
1179
40819
337
106920
6711
1411
1293
3462
1266
37733
928
3095
41566
3035
508
1257
49530
109374
48394
5418
1374
3081
4262
531
280
2795
1284
2712
2871
2359
3088
319
3363
272
1212
4361
900
1945
62
353
509
134130
954
3175
2690
1784
911
3949
17
3000
3359
1120
349
2580
6942
2115
480
6979
88129
8368
1466
5377
3275
2289
33794
194
994
2231
40815
1256
1262
1674
5630
431
3262
1729
1086
1305
3448
59784
112852
2973
57669
1947
4016
1224
2788
3730
54259
6874
7502
3420
920
1260
1527
25
1192
2194
945
3219
6377
933
1267
86882
1175
3203
104374
8807
115617
66934
5618
1215
1172
6807
4239
1028
3044
2841
1231
2202
3272
92259
2232
1272
965
8493
1357
4450
5060
4007
1960
2391
5782
1201
3068
1178
31658
7802
6502
3355
4034
2005
348
3702
47610
3814
44665
3022
3556
3793
34
1927
2791
307
1361
262
1066
6350
4014
247
3468
339
69757
8132
27773
2105
2761
121231
1096
968
8950
97
1302
2908
30749
3016
3686
5152
33660
2109
942
1754
51255
6863
282
1580
4235
5812
79702
76093
163
581
1304
3111
3198
88125
3451
51662
7090
5010
2186
3213
94466
96728
866
27831
3034
1238
2352
6385
69844
45728
6870
1343
45
1333
6796
34332
72226
907
2490
2303
3256
3070
4848
4886
1211
3435
108981
5064
3196
102684
108727
1387
2700
363
534
529
3005
8949
4085
946
1921
2459
1948
68358
2501
3307
412
140174
1281
800
44555
930
59315
1079
81847
4696
3033
628
37729
1194
2917
3476
2140
538
1029
735
1957
3418
3358
109487
663
2971
915
3201
80463
452
26152
261
2248
7064
230
2924
31878
44199
106489
8970
805
44195
6440
3424
3469
3037
36529
6620
1191
38038
1264
3504
314
54997
6378
68237
61240
89904
2739
3251
299
2020
73017
477
357
4308
8981
1042
521
3512
8633
1249
1959
34162
4103
30816
8798
206
3152
7139
1954
2243
3317
86
491
162
4846
82
46976
279
3067
1734
8360
2070
7844
4166
2935
69122
1303
1476
5956
117176
1982
8530
1956
2780
8958
4566
4567
2880
4442
4565
876
4717
6565
2125
6598
8665
4128
2463
4223
590
64614
3341
1641
2313
102445
3543
3627
616
5074
81229
1964
94959
71838
1173
2041
494
3072
3089
3725
8873
58803
139385
785
6618
308
3134
1845
58295
2968
3135
1994
42418
1277
3020
30810
106100
973
90061
4755
85
1799
122900
1094
4734
3039
111921
2096
1243
55765
48304
115713
30
96821
3676
3606
51935
3342
48738
3167
2961
55267
290
1366
233
441
106696
1997
5690
940
2208
6669
53519
1939
3365
1261
3098
2467
101525
3612
2321
2495
422
921
3361
54286
1321
86377
156
5349
440
1449
98491
87232
1047
3706
2280
1227
52
4802
97304
55442
3916
7669
3252
1590
3701
4459
5103
3019
1639
3791
3386
35836
4228
6104
52281
2779
3186
2912
2763
5460
6218
55118
2312
54995
69134
64957
114060
3032
766
1594
178
306
1226
1554
74458
1958
1537
5971
86320
901
3952
5903
326
3684
1441
84392
309
7380
50851
1223
2926
126106
5002
71264
53956
104913
562
2687
5014
3724
2846
373
3703
4787
64716
112183
190
4499
49957
38061
3368
122892
6283
49272
4406
78499
1587
64034
2746
1046
2069
6188
492
90600
289
2279
1237
81932
1344
81788
69640
7757
97957
3360
203
5225
55250
5505
54001
4121
32029
2952
65261
7438
106766
122888
91690
4033
40629
3006
4489
1678
213
99114
2288
61323
38499
125
60684
59387
1719
8208
5034
2245
224
2311
7263
5301
5380
7087
4046
35957
909
861
2570
3629
850
1307
26974
1248
5414
281
2686
7027
588
3429
3210
4019
60756
3675
7451
3071
8580
1967
599
2496
838
7156
1242
149
1283
2394
2474
3615
1942
5218
2133
3038
2764
2138
40412
93040
650
4799
6214
96588
2134
2301
41285
3501
1189
99813
2334
31903
92494
3216
3871
3096
5168
7285
24
2677
7075
3102
390
27803
3551
2553
54190
6947
26084
154
34072
53
632
2726
1912
99
2078
2594
1218
2966
55290
31435
43
1345
1934
943
3836
109249
26554
67788
949
7164
3771
55274
4263
31410
2353
268
56152
1950
2721
112552
34321
1177
33834
2792
4326
3007
84152
947
152077
47518
26865
3905
3653
1963
4029
4641
837
1041
60069
556
2693
4037
8228
104069
92535
8827
4478
3153
428
6296
63876
3181
501
7323
3112
2331
45183
535
3728
96829
2932
73290
3284
110102
33171
147
8638
6582
93721
229
58
58154
6725
4789
361
8154
4754
184
3467
65037
59684
