user_recommendation
318
296
858
527
50
260
593
608
2571
1196
356
4993
2858
2959
1221
7153
47
5952
1197
110
1198
4226
4973
1136
589
912
32
1270
3578
457
1210
1213
778
1089
1
1291
1193
750
293
904
364
2762
1208
2329
1704
111
1240
58559
480
899
1259
908
4963
6539
969
2918
36
4306
150
1207
79132
1252
48780
1617
953
1035
2324
913
497
3147
1203
1732
1225
1230
48516
2997
1968
923
4878
1258
6
4011
68157
3897
6874
1206
1304
1219
1682
2028
1222
3481
223
6016
44191
1214
1278
926
588
17
595
1148
2064
4995
903
8961
1199
4308
1961
5989
745
541
1200
919
1250
2396
2716
56367
5618
1204
8874
1073
2692
2542
7361
5418
46578
5995
32587
2804
1036
733
4886
1247
2502
11
194
1610
2019
1246
1287
1212
898
1028
62
265
1276
910
33166
1077
1228
1172
1244
6377
1285
59315
1356
1254
1625
1394
246
70286
50872
1500
5060
2194
1233
1580
41566
920
555
33794
1084
475
950
25
57669
2797
515
924
2291
2132
1952
306
1947
1217
4027
1090
1411
68954
16
40815
106920
1234
116797
49530
1080
31658
7438
76093
2599
81845
4034
994
2076
1060
377
1953
1945
1299
307
2115
3317
474
1224
349
3671
1292
471
955
81591
54259
30707
1960
1939
337
6711
2020
3114
581
628
2690
2268
56782
86
8665
3363
2761
1094
2971
8368
922
3996
1220
3471
59784
1103
3683
161
2917
1267
2289
1266
88125
3911
3362
235
162
7099
1293
78499
60069
838
272
3730
109487
3504
741
1674
3095
30749
5816
63082
1231
1079
1269
3468
54286
55820
1307
54997
3462
1263
2278
3088
535
2109
1201
134130
1958
954
5971
1957
3000
1296
380
671
3949
8132
905
261
51255
1097
109374
69844
1256
1333
3735
3686
81834
3152
106782
81229
99114
308
1374
800
5630
50068
529
28
909
2664
58803
357
7147
1284
1096
86882
2871
115713
2186
112852
3536
2243
5444
2303
551
1466
4896
1393
1361
2890
7139
2313
36529
69757
88129
1303
8784
94959
1264
6870
534
2300
2863
3435
2248
33493
280
64839
81847
3201
2580
5991
3510
2144
3307
52281
40819
2318
3967
6350
92259
900
88810
914
56757
6385
1095
951
1729
1281
4085
1357
281
29
40629
1688
6502
1784
74458
51662
68358
232
3081
3104
1248
5669
3793
2648
6787
91529
1235
79702
1959
2791
3037
2501
44665
1272
590
44199
3198
3724
106696
2125
1641
44555
2739
7502
3702
3499
1179
3983
30816
1994
3361
65261
319
98491
1081
2288
3448
3034
508
4235
3007
2357
2395
1211
1218
2336
942
1611
134853
3408
34
85
968
1954
2352
2857
1527
80463
3467
37857
48738
1948
68237
7212
1680
2231
3469
8970
66934
353
3594
4014
1946
1041
5064
3916
1243
69481
3252
2474
2938
58
64285
3543
1242
1288
2467
55247
49272
6942
1104
119145
104374
3703
3868
44195
3019
1189
88140
46976
1282
73017
3167
1265
3741
93721
2005
3020
51471
31116
7669
3068
1209
928
1719
79091
2321
7419
3083
3270
2728
4223
7022
53123
213
538
3359
1305
81932
2394
6003
7263
1584
1262
2841
64716
5876
1227
3548
8958
2529
106489
1257
940
1907
233
2203
3101
1635
7143
106100
6863
1283
1078
85414
1178
2078
2359
89
7090
6565
6796
348
38038
48394
3501
2355
1260
1020
2070
5225
97304
54995
96079
1956
2973
907
2096
31410
34405
67255
10
45722
3200
4021
422
38499
6380
866
3512
6807
26662
26084
79824
68269
32289
48791
41573
80839
2644
3791
3213
3089
2795
4406
45728
91104
2081
73290
1029
933
3638
3035
3421
5956
7116
2208
110102
3112
661
1566
2961
1964
3507
2137
2463
3429
2726
3060
927
89745
122882
2925
107559
54001
47610
971
116
4262
3952
266
1955
55442
122892
345
3038
106441
111759
3310
2105
6662
60397
1845
122900
3134
663
3844
79428
930
946
4821
4427
105504
27831
1834
3406
945
5238
128360
893
1175
4239
112552
64957
2935
68073
112183
911
5679
89804
70293
3871
72998
64614
3989
5380
1131
2694
6979
720
55267
1192
3355
41571
7075
2987
4844
1931
1086
97938
290
6724
55276
4017
509
104841
49957
7164
1348
175
3684
4103
55052
8493
7285
222
3801
2687
104913
6552
3418
1950
39292
3788
140174
7087
3612
3328
230
106438
3203
1251
37741
2612
3022
58347
1649
37729
3424
5146
5812
58295
1280
5341
1693
2391
97
4037
4450
3789
3386
2919
47518
63876
115569
72641
101
2622
3527
88744
8228
1396
921
27773
2080
53956
7698
125
69122
51412
3006
32898
108583
943
1464
115617
2788
3044
56152
6440
4187
477
3246
3300
1449
3546
4361
1271
7013
2920
728
140
55269
68838
98809
938
65514
1120
431
7132
373
4086
7137
95311
1965
1354
4369
8972
142488
3111
8191
5475
2
599
1827
6201
2949
7380
86377
4809
8908
5014
76293
4422
3476
1673
1982
4105
2160
5772
59387
1032
2594
152077
3635
2202
1298
80489
428
2067
66665
6273
805
2757
1701
114552
27022
6669
63853
1237
4903
7293
8798
7836
2245
3653
8711
6077
102993
3153
115122
4029
8264
5103
3168
2058
1419
59995
8530
111921
6283
6852
3728
4326
2353
100714
973
37733
1162
3699
4246
7156
7215
51935
648
87232
678
2130
80
1387
3016
84152
108932
37731
2273
5114
2432
5747
4867
3108
54503
66097
1013
8580
53519
3929
3505
5446
3639
4410
1962
2660
8950
6125
5970
6791
3545
82169
7833
34338
4384
91542
3814
56587
2912
26326
1085
3135
3256
33660
1944
6101
55063
4432
86487
4428
74089
8123
8261
26501
26797
58649
53887
96075
163949
150856
101850
114464
112577
104119
4190
5017
111362
60040
26524
7802
309
1082
30
3105
3077
7649
3181
59
1734
916
55290
3396
96821
89904
1023
5385
2312
7160
2232
7451
95167
1663
41
1446
7371
6021
2846
1253
1056
1358
3551
31435
7386
99145
3347
1302
3272
2287
2366
55250
5903
1963
7256
2764
735
1340
36527
