user_recommendation
318
296
527
858
260
593
1196
2858
1221
2959
608
356
2571
912
1210
589
1270
1193
50
1198
110
7153
908
47
1136
4226
1089
1704
1213
750
2918
1258
969
1204
2028
4993
1259
5952
1247
541
111
1208
3578
919
1291
2997
904
58559
913
926
7361
32
1732
778
48516
923
1197
1265
1203
1073
1036
1172
2329
457
953
5225
1228
1207
899
1961
68157
1252
920
364
1206
1240
293
1214
1225
2797
1682
924
2762
150
903
2324
1304
1230
1219
1617
36
4973
3462
3996
3114
1952
6016
1097
1035
33166
1200
1299
4963
1968
79132
4306
2132
1610
5989
2019
1953
1084
2396
3481
4308
1222
1
1387
1199
471
44191
1250
56367
4027
3897
480
2064
1212
30707
1287
4979
1148
6711
2716
2791
1276
2580
2542
898
1923
194
1267
1293
59315
17
910
1356
2599
922
349
1096
1217
745
2502
1254
32587
1625
1358
3730
1269
7438
671
4235
6874
2300
1060
2289
1960
3468
46578
5995
1278
6539
4995
2186
1080
55820
8970
5060
590
1183
62
1244
25
1945
994
955
3362
1307
4011
1957
2692
1263
106920
5669
1028
30749
1361
1246
3504
2194
4034
337
2971
3424
2804
2076
497
5902
1262
29
2303
1104
3386
1090
8949
1673
78499
2268
1954
1333
3418
1411
1103
1927
1947
2359
272
928
3471
1272
2739
1674
1296
2115
6
3307
3435
475
57669
3147
1946
63082
81591
1248
1256
3545
7132
3868
1201
55247
1264
1282
5329
16
64839
1224
1959
1266
3160
5418
3152
48780
2291
1956
2863
246
909
56782
971
595
914
3176
2728
1147
4878
1029
5312
4037
1179
7147
950
5956
44665
44195
2648
2871
3101
581
33794
2644
1466
80463
76251
97938
5010
54286
3683
588
1939
1233
2067
2726
88125
2005
1393
81932
3167
74458
50872
1950
1584
3006
2248
5415
2078
3724
3104
2917
81845
3499
39414
112183
2333
968
1094
1223
72641
2357
1292
109374
1948
6377
265
1077
99114
1079
49272
3671
8542
3203
3801
306
1284
2203
3741
105504
307
5013
3168
2160
3007
68954
7767
3034
51255
8874
7091
101
441
8368
474
538
107559
2474
73290
66665
106441
4432
122882
8228
49530
3983
1189
6724
235
5903
954
175
69757
7669
116797
733
134130
1305
3022
94959
2925
1303
759
34405
930
3421
2612
55269
3361
32898
2313
3088
3916
2105
6333
8961
115713
3469
72226
7116
866
6796
5254
1242
2501
2366
28
6552
6662
5064
27773
3037
2761
5679
3252
7419
7087
2920
1729
232
37741
1663
1243
555
106782
106100
5387
1185
927
2243
902
8981
4085
1994
2946
26729
1124
3359
1537
7090
2908
7022
64716
3201
70286
529
1719
3038
2712
112852
3546
1178
4103
5238
2529
6773
21
3095
1693
34338
2745
5008
8933
1231
2398
3310
3911
3100
3060
2467
4422
6786
125
2890
7256
1235
106438
5475
40815
5618
1086
55276
2285
85414
4776
946
1834
61323
53123
3684
3019
68358
5341
1175
3467
3256
8784
4809
2944
3871
6791
3735
7836
98961
58649
104119
4410
26797
4428
26501
8264
101850
53887
96075
74089
86487
8261
8123
55063
163949
114464
112577
150856
1784
5017
5816
69844
6003
2283
1635
1251
4969
4886
6787
1019
2020
2664
628
2125
6021
1374
68848
2144
4661
5668
5791
3872
5385
3507
2081
92259
3000
2732
8645
88810
48696
163
54001
64957
3363
2690
1964
86882
1965
1283
1127
2929
905
52767
1023
911
1095
1611
741
87232
81834
7099
68554
942
2936
4033
1285
63853
1916
907
1041
3342
128360
6101
5876
68838
32525
3429
88129
54272
7502
8132
6807
48738
3510
3083
44199
106916
115569
945
4612
1280
4349
30810
59995
1884
142488
900
109487
44555
176
3089
7566
4179
938
55052
7235
2731
4816
8650
7013
1260
7943
100714
3527
1281
58303
97304
3548
91658
448
1835
5991
112552
1211
6783
6440
308
2150
1237
850
921
81562
69481
1962
2941
7371
6942
1955
1958
5630
148626
1288
1419
35836
509
25852
7208
8121
47728
2927
68237
1340
3967
2245
373
26587
8958
4117
7075
1295
3783
5103
162
6852
4021
31658
673
80
2087
3552
4014
3809
6273
3108
40819
7360
2403
3198
3200
6001
6987
80489
26524
7802
89804
48774
97
2010
6331
4846
116
515
508
4191
96079
534
3260
2202
1357
3989
97921
1025
63876
314
2391
1408
1963
594
281
3071
99145
110102
104374
7143
4642
76093
97923
2288
3077
38499
86320
1234
3036
6385
1845
3686
1209
69122
4361
7162
3475
1345
1734
3703
41
2434
1680
2427
91104
5349
103048
1394
363
1997
7698
7285
3111
5414
2973
3747
233
80969
7215
3275
2138
7139
4844
2670
1220
1253
56805
78039
3814
3364
3966
4263
4537
916
4450
3536
6639
6538
81564
1273
8042
36529
2066
96488
79242
4903
720
4292
6530
2788
33171
72
3679
477
2961
46976
5391
50068
6777
1192
3653
65188
5772
4277
7084
4190
4912
91077
280
18
26178
2985
61357
72720
8979
933
2231
2857
3952
783
2952
2108
98154
97673
8492
3068
127152
1348
112399
56607
110752
72367
26323
105197
25996
4801
87304
7300
25945
26147
25882
55253
4927
7126
128606
26350
7111
27812
6133
7088
7073
8491
6271
105355
8572
112735
101895
25999
5088
38304
94931
53024
127164
47092
75990
151307
120821
50245
26505
58879
787
4821
4489
40629
90866
1475
5992
4211
30712
7478
4688
112290
2208
6612
2660
805
106696
1944
4223
7487
345
3035
7008
6870
104913
377
2553
1500
26712
50658
3175
1238
6104
1046
1354
5444
59784
348
4822
45210
4105
3067
54997
33615
951
2795
30816
5367
599
3150
3030
1255
3476
59387
2141
290
2018
40583
4187
1407
87306
4881
2395
85
3505
4326
2924
146656
64614
839
2951
3134
4007
140174
52952
3317
501
635
3869
4019
41566
81229
5014
59018
3062
147
3702
3018
102194
1967
2919
3135
2336
1913
6461
11
55069
115617
66934
4965
70293
2654
551
102993
91542
85342
37731
91529
901
3218
2287
117176
121231
