user_recommendation
318
296
527
260
593
608
858
356
50
2571
2858
1196
589
1270
1197
110
912
1198
4993
2959
1210
47
457
750
7153
293
1221
4226
2762
778
1240
1193
1704
111
5952
908
899
904
1247
541
3578
1265
2028
2918
1213
1089
150
7361
2396
32
1225
1208
1036
1203
2329
1291
58559
4306
1219
1682
1961
910
2797
919
1073
595
364
36
969
1136
3996
588
1230
2324
1259
1097
1
480
1732
1207
46578
2804
6016
1204
3462
923
3897
246
953
898
2791
4973
4963
913
733
6
1304
4027
79132
2716
17
590
5989
2692
78499
48516
926
349
1617
1079
4308
1172
745
1250
2997
1228
1968
2599
1199
497
1276
924
1258
1233
1252
1206
508
1307
4886
4034
1080
6874
3114
5669
2300
3147
1356
471
515
903
2019
1288
922
1625
1148
920
4995
1222
1035
2132
1060
1945
1084
1293
1393
1220
3421
1256
2064
68157
1214
2268
194
2359
8961
32587
1212
109374
55820
994
44191
1673
1254
1234
1610
2542
1500
474
555
3481
30707
2580
3730
1200
76093
5995
671
1269
1285
6539
954
33166
377
2395
1960
54286
1278
68954
1784
3260
6377
56367
4235
232
50872
59315
7147
337
2289
1957
1246
475
838
1094
1952
2186
2863
56782
8874
3362
1299
950
223
1264
2502
3471
1296
2194
4878
5225
106920
4103
92259
380
945
81845
2917
25
1096
1674
628
3435
1280
1357
5418
648
16
1104
6807
1267
3468
116797
1953
1263
1947
74458
529
1358
29
968
3072
7438
3317
1223
1948
2076
1884
2690
1939
62
3101
1946
2243
2291
11
2761
581
2302
86882
72641
44195
1719
106782
300
955
81229
1251
3088
6796
2871
6502
928
1374
7143
909
2010
5010
2739
63082
175
1387
57669
357
3418
68237
5013
4896
1224
916
2971
235
3359
3724
28
265
39183
1183
3868
1527
1262
911
48780
6711
3035
3671
1927
1090
8368
162
3504
1217
72226
27773
60069
7132
1103
70286
5679
3386
81932
2303
7090
21
306
8228
4019
1028
1077
64839
3000
1641
1959
509
1287
2125
1361
86
1411
3363
3006
1095
3683
6787
40629
1834
2020
1466
3469
8981
1019
3160
8949
4014
2321
905
971
2068
538
87232
2005
44665
81847
2973
4424
3275
4007
104374
115617
85414
3152
2908
1179
3684
1283
1963
1023
3814
8958
1231
1025
805
1131
2357
6942
1333
5618
8645
1248
4361
1950
2529
1242
3108
2916
3310
3167
2105
106696
4037
33794
4422
3246
946
3983
2232
4011
112183
4979
5444
31658
307
2648
2144
110102
2150
759
3911
534
3499
8970
2203
7091
3361
35836
44555
30749
5028
37741
1244
2248
1305
6870
927
44199
900
8638
8239
7767
4658
720
3176
88125
1284
58
3545
1663
1215
8784
3060
4271
6773
3949
3201
79702
8542
91542
872
26150
26578
7564
7574
52617
3307
2726
314
54503
9010
2501
4273
1693
115569
1066
7419
1394
32898
6440
5971
8132
322
1201
5008
5064
5991
3252
52767
5876
2078
7502
3038
3408
2890
2081
613
53123
3510
668
116
68358
5238
2936
1923
930
3175
1955
3429
3007
1189
51255
1272
99114
1956
80
3696
2553
2115
3507
3735
1729
1635
5060
5955
3095
3952
105504
7566
7669
3424
34405
34162
6662
2403
2732
49272
1584
7451
46723
66665
8933
3871
88810
1185
89745
2231
5341
3437
4630
5765
112852
1273
55276
2731
3989
128360
103810
3788
1192
3594
7087
2336
5992
6993
1178
5475
1994
441
2946
68838
1302
1680
3020
7099
4903
2420
6101
2664
483
39
2644
1029
845
26729
6786
138036
8264
7285
3198
144976
3111
140267
373
3019
115713
85
1282
41566
1944
7075
3104
308
2929
1537
832
69844
1147
3077
942
1921
7263
97
7802
2712
6331
4263
64614
2925
921
7256
82459
1964
3256
3342
951
5103
3783
6783
7698
6724
7836
5502
6732
2686
6918
134853
7116
551
6791
915
55063
50068
4085
70293
54259
1238
151
2351
230
3686
3916
89804
4720
48738
866
3552
3200
45728
933
2467
3071
2935
2366
2728
4432
68269
4450
4410
79824
2285
41573
32289
48791
80839
4179
2087
121231
58649
26501
101850
8123
96075
8261
6021
26797
5017
104119
2283
86487
74089
4428
53887
163949
114464
112577
150856
1041
1235
38499
3270
5385
97921
3741
2920
97304
4809
176
4117
1300
127152
49530
535
61323
2924
233
40815
2278
101
907
81834
1845
7089
26712
1354
42004
2245
3606
6552
96728
48696
4661
3872
3702
63131
1099
1260
2071
68135
4537
6063
3910
901
88129
80463
3196
122882
4349
914
2208
1237
1211
3475
6218
7139
1127
428
2138
3801
4799
3089
1611
42418
86377
6852
2108
8650
2745
3415
272
3536
58303
4017
40819
8042
64957
69481
4128
7215
1941
106489
1754
1699
39414
50658
7373
261
4969
4277
2779
8937
60397
51540
6777
3022
56152
97938
1086
25852
4612
47728
8121
7208
32525
6187
3168
7979
2788
5816
5630
1734
30816
2927
89904
7616
1408
3505
1286
38038
6323
1343
3105
2096
2944
7943
73017
1580
1209
850
281
125
67087
2846
26587
431
68848
255
2131
2670
902
2952
106916
2067
5956
8622
111921
7320
56339
2938
6979
3360
6001
7156
4427
96079
80489
6565
69122
4533
59387
215
2434
949
26326
95088
38304
4802
4801
3809
2080
5812
2612
1078
81564
86320
4616
5902
1292
319
3364
26242
106100
1177
36529
99145
1101
348
6104
72
6639
766
7022
3551
5772
55052
2795
938
5301
3037
5782
1303
91658
54881
3869
4211
3967
1162
105197
4188
55069
4046
8880
3677
1376
26422
49280
663
93510
4334
2066
146656
3044
154
3498
3966
79091
63876
6987
55247
40583
102123
2202
3703
59784
363
2474
7013
3873
8827
1175
3476
3368
6271
1049
787
1982
3736
3067
59418
26258
800
2423
4688
1954
108583
2820
3068
2573
8807
96610
78039
56805
34338
105355
7136
4970
3213
4326
3546
3836
6003
3653
25769
3328
6350
280
1271
53024
3203
91104
635
7088
2398
3467
