user_recommendation
318
296
593
527
260
356
858
608
1196
50
2858
1210
589
1270
2571
2959
912
110
1198
1193
1089
2762
1221
1704
47
1197
750
541
778
293
908
111
1247
4226
457
7153
1240
904
4993
480
1213
2028
150
4973
2396
1225
1136
924
899
1265
2918
58559
1097
1961
5952
1732
1259
1230
1204
2997
1291
1208
4963
1682
919
1307
3462
913
1228
1252
17
1206
2324
2019
1968
903
7361
969
36
48516
2692
2359
2599
923
953
32
46578
1060
926
6016
2329
1036
2797
4306
745
1207
1258
1219
910
246
59315
1617
2542
3578
6
1203
1220
5989
4027
55820
21
1172
3897
1200
898
1250
2300
1223
1079
2132
1304
349
590
2791
1199
1148
1278
1019
922
364
497
1084
1625
2248
474
595
1233
1960
1500
671
1222
4995
2064
1945
1276
194
3545
11
44191
56367
68157
2580
79132
1953
2268
6711
920
1584
6377
3421
1
1235
337
1214
2289
1035
2144
1610
175
1096
1244
3730
1028
2863
78499
32587
1358
3362
1952
3114
3996
1293
56782
3471
1080
1537
2804
1280
265
4886
720
1212
1884
2186
50872
1217
5225
3504
555
3386
1104
1948
1215
1288
3865
3176
1957
357
733
588
232
4235
1090
5418
1834
3418
39
3671
866
8949
509
1234
1296
2501
2871
4878
2125
1387
3435
3307
2739
1283
1267
4011
1527
30749
1784
1147
3468
2231
1947
515
109374
76093
1094
950
8961
7147
5995
30707
968
3160
1361
1103
33166
1641
2067
1963
40629
1254
1262
68954
1264
1923
3481
928
1680
2917
8874
1674
1299
2076
5669
7438
2908
955
1248
6773
1251
551
3147
2572
5444
4085
5618
8368
994
2971
1246
34405
81845
44665
223
3814
3167
3429
1956
3152
4424
5991
1927
3510
3201
2010
1272
1285
3361
5010
106920
44195
64839
6807
2726
222
1719
57669
6539
54286
3022
4103
63082
106782
1178
2644
2553
2243
529
6787
3072
40819
5064
1287
1950
1663
4848
280
3868
68358
314
106696
3104
1946
3879
81847
1357
6874
307
8981
316
66665
4979
3916
2291
116797
4014
61323
235
916
1466
306
6502
1673
81932
3552
51255
1292
81229
1939
2078
1077
3683
2303
86882
6378
1916
1959
3006
5956
3469
1201
1408
483
845
40815
49530
1189
2712
2951
44199
4432
54503
1257
1376
6942
41566
4422
3359
7090
2278
6796
902
581
1281
1699
2109
74458
309
162
930
88810
3424
7116
6662
49272
7132
3033
125
7502
2395
3546
161
1394
5902
927
2005
1231
3653
475
3168
81834
2357
68554
2612
4034
1333
5816
1284
27773
594
2761
4037
26729
72641
1237
6565
951
3260
8636
18
92259
3317
4223
2232
954
2732
971
2648
2020
4308
514
1955
3310
2916
2467
1260
3741
1066
1218
62
261
29
8464
1256
3134
7087
946
2716
1885
112183
5445
8228
1088
112852
46723
3038
3060
905
281
3507
4019
69481
1073
68237
36529
3200
2203
1348
1944
5903
163
115617
628
39183
945
1305
2366
2949
909
69
2087
32898
2946
35836
4262
6003
5630
69844
441
2736
4661
16
4010
5791
800
72226
3499
1941
88125
3724
2929
4623
3000
759
3363
2273
1754
5475
2398
7419
2363
70286
1810
1958
363
2925
3019
2686
34162
2145
471
1552
91542
25
55247
105504
3252
8958
3551
915
68848
1192
230
2434
1997
3035
96728
2474
5103
2285
48780
112552
2890
1127
2690
508
1175
1029
1269
4273
1827
1112
55276
741
3548
116
33794
110102
37741
5341
3801
2194
2620
88129
1183
1964
2788
1179
1273
3703
73
54259
319
4658
2478
1300
79702
680
104374
3088
87232
4007
7263
4410
5385
68838
85414
2624
7767
6021
104119
101850
55063
96075
8123
26501
58649
8261
74089
8264
86487
4428
2283
5238
26797
53887
163949
114464
112577
150856
3396
3872
5017
936
80
431
31658
142488
4809
921
97
45
7669
8132
1249
2108
7013
2731
7836
1965
96488
4304
3275
1962
115713
4349
3793
2330
3684
6552
48738
3270
2774
6273
6001
5028
2490
85
8970
373
86320
2202
59784
4969
1616
1845
134130
38038
2944
2409
106916
2353
54997
94959
70293
127152
8542
850
4117
3505
3408
2454
53123
1209
4292
3415
4271
52617
872
7574
26578
26150
8239
7564
3100
6777
3068
3983
2403
6104
1620
3508
3039
2318
68269
1081
115569
3007
7091
102445
308
3253
41573
79824
48791
32289
80839
377
3089
1095
5992
2423
3702
2502
6385
6333
1378
6732
2947
134853
3414
123
5074
3475
2819
2746
7802
7943
3263
3101
2993
2066
4361
2115
91658
8665
1729
58295
3594
3203
390
1238
7075
6101
1049
6461
448
4783
233
3948
2973
224
837
429
6669
2208
8933
6993
3831
7022
3398
3788
6331
7285
7373
80489
2991
99114
4369
900
3952
2488
2728
146656
5971
914
668
4970
59387
3095
942
112290
42004
6724
2160
97304
6852
3527
1131
4188
151
2936
53972
91104
2729
213
128360
8950
34338
8199
290
82459
5679
4263
4537
8360
54001
121231
838
5055
6187
68347
5772
8784
48774
7139
8529
30
89804
1580
6062
535
7256
68135
3142
3037
2195
4912
73017
93510
52767
7566
89745
56805
78039
2068
63876
2058
7698
4801
52952
3635
4277
64034
4427
1023
40
87306
2941
7143
3135
64614
3178
5146
52973
3638
6783
7445
67087
2935
428
4105
3474
6979
3984
26614
4816
55052
5008
54881
26587
2073
64957
1025
3966
832
46970
6530
5414
3111
3783
5114
8125
52885
326
599
4562
4711
2824
2627
3947
3718
3911
6959
102123
26524
37733
8188
51412
1994
7616
86
99145
8042
2117
60756
5876
6986
50068
6754
48696
3077
122892
91077
105197
87304
575
28
2261
7771
7084
2150
2718
53024
6271
38304
266
8622
1202
7008
122900
85179
57368
61240
3735
93363
7386
4450
4642
3967
1594
1123
55069
176
4179
1734
3133
353
5446
26947
41912
8576
71640
7459
57845
41527
4741
36517
7215
2976
3456
2990
61357
8979
3989
69122
98154
56607
79242
1370
6538
