user_recommendation
318
296
858
593
356
1196
260
608
527
50
110
2571
2858
589
2959
1198
1221
1197
1704
4993
1193
4226
5952
1210
1270
1265
3578
457
904
912
150
47
2028
1259
7153
1035
1617
1
750
910
899
2324
1961
923
1089
1252
111
2762
2329
1258
908
903
1213
541
1136
919
778
4973
2918
1291
1247
2997
17
1207
46578
5989
79132
1172
1203
1214
364
2542
56367
2804
1219
926
16
3147
969
2396
2019
32
2268
590
953
1225
913
380
1968
1208
1299
4306
497
1222
1073
1097
134853
6016
595
1212
1204
1358
898
109374
3019
1199
1228
922
4878
1220
1267
6539
1304
2692
11
905
1387
58559
1060
2716
924
36
2300
162
1610
293
3897
3481
44191
3114
48516
7361
1625
1036
1262
33166
2359
349
1287
25
5995
337
1250
474
6
68157
1200
480
4995
928
955
8961
1732
3462
662
93040
3671
2908
1673
109249
30707
1307
2797
5902
2248
34321
55820
2291
4011
1230
39
265
32587
4308
56782
916
328
194
73290
1374
2278
1269
2599
33794
3735
1256
1217
33493
1719
59315
1278
1264
1682
733
1080
223
1280
4235
1285
6350
611
115617
3911
6796
1288
1240
4886
3471
6711
68954
7147
909
1028
116797
2194
1090
1960
1084
246
1223
911
1281
97938
1263
950
1945
4467
2064
1411
515
1148
6807
57669
1356
1952
5114
3095
2289
2916
1183
1206
4007
106696
198
951
6333
2580
5060
1242
1466
745
4034
1584
69122
1094
551
1215
5418
2076
471
920
44555
3072
1674
3421
3499
1953
1234
1296
4103
2243
4963
6188
3996
2020
8464
2529
88125
106920
501
1333
741
5225
64957
555
2791
1357
500
3868
1927
1282
1104
3435
5445
2231
235
38061
933
29
353
1393
1260
994
735
7669
945
3088
508
581
4027
3683
7438
272
1246
475
3362
1305
2788
104374
390
509
5954
8368
942
2890
1077
55247
8874
2502
4865
3006
529
2863
2303
3307
1178
56152
1079
314
2144
49272
2467
1254
106489
5377
671
28
1947
40815
3196
3468
1819
2267
565
4076
4591
3973
3892
4518
4352
4930
4796
1563
5427
2563
1450
971
2664
34405
163
3424
3510
1580
1096
2010
4965
46976
8970
63082
2761
1352
3910
1734
2105
64034
1834
1231
81562
30749
69844
309
81847
1238
3730
1276
8132
1095
290
1784
1147
1103
1233
4816
1032
1394
2971
2208
64839
76093
946
81932
3104
85
2644
1298
943
8949
4019
441
2712
49530
118997
2648
222
2125
3654
3504
1211
3386
48780
377
373
8981
5816
48738
3067
2728
102445
1635
74458
3022
21
1963
1293
3037
1611
1224
307
66934
55269
61024
69757
6440
914
7139
2917
70286
2067
4037
35836
1946
42418
7116
3033
3060
938
866
2924
628
2132
50872
1957
2357
180
2612
1249
5444
1284
70
1025
3310
1948
1086
37729
81834
45722
2739
3168
2395
1185
4014
3469
965
1131
1248
7132
3507
1046
45
40629
2501
1955
1023
4848
232
7649
280
80
728
44665
106782
54259
1251
2686
5064
89904
759
80463
930
6380
2202
5971
3548
92259
1243
1192
81
107559
3556
1066
7087
927
4489
1907
88129
1729
1127
72641
907
308
106438
121231
229
363
106441
3081
64716
6565
4361
44195
72226
1019
147
1884
5010
44199
4755
90061
262
4326
1078
4720
1921
7099
1272
42004
2946
2944
3071
2344
8958
1967
4422
3702
2115
1201
3142
6662
4896
7013
2935
2926
105504
5812
97304
3101
2871
3361
3070
3672
6552
2081
1958
2355
3252
3741
362
326
6273
2795
1950
3814
1301
3275
1594
7075
55276
106100
1959
33660
3967
59784
5956
300
86377
6852
1962
54503
915
2118
6620
4349
2387
1186
2186
534
32898
1061
65188
2572
1179
112183
2352
73017
1300
2165
838
431
27790
1099
81591
81845
3134
86882
1292
1380
4623
94959
2846
5152
7090
7419
6724
1029
52435
2976
663
5630
2654
2651
54328
3105
3983
47610
575
2726
116
921
4789
6725
4239
2925
3152
3476
1939
2304
3724
1120
213
3246
104913
3256
4085
585
165
8542
96728
2139
111921
5103
52973
4105
2745
60756
34162
3551
2117
1189
954
3729
3524
171
3788
2474
38499
4427
6385
1913
3039
5791
63853
2078
2288
41
348
55052
5475
6870
2482
69481
3793
40819
7502
117176
27721
96079
7451
6942
261
7767
1175
8589
1273
538
1500
6863
81229
1997
7386
1081
4223
1449
3260
1218
3167
6979
55118
4410
5238
3038
26797
53887
26501
96075
55063
5385
8264
2285
58649
8261
6021
86487
4969
8123
74089
4428
101850
163949
114464
112577
150856
104119
4432
8798
5017
115713
48304
230
6932
2140
54001
51540
5341
4809
1041
54997
2283
47518
1688
34338
1124
3000
1931
2792
3108
55442
7156
3872
2386
3317
4661
3467
5014
141
7373
68135
3916
45950
4616
4880
6101
58347
51935
151
3635
7162
2636
2647
2650
2652
2649
54881
6732
3879
86320
2145
26729
2232
7256
54286
5669
3396
4776
3251
56339
176
48696
36529
1191
468
58303
32525
850
2203
1057
102123
766
3203
2952
7380
55765
34072
3865
4443
4086
3035
2731
3342
4299
1184
2732
6286
1645
134130
2366
3107
1343
30812
8933
90866
2334
110102
5782
45728
4188
7943
7164
2363
3747
4179
7836
26524
6187
7766
635
7285
109487
1964
127152
7091
4343
4211
34332
2973
2978
3809
2423
1237
3498
1150
4787
2138
3018
968
281
5446
66097
477
8641
2635
2634
4945
4466
6773
207
40583
2070
26614
68838
92535
93510
2193
7320
2275
2920
1253
3007
30850
112290
5008
2690
53123
4642
30
4407
1845
3739
68073
55069
3952
102125
3044
86347
96829
104069
2273
115569
52767
7566
2730
6331
4450
8530
5028
4846
787
78039
56805
4218
4688
7160
6776
59995
103048
100714
7371
6461
205
8645
937
91077
97921
8228
4356
3077
62718
31433
62155
8827
4117
3684
6612
3871
54190
2335
2018
2328
3429
6783
6598
2810
3677
5828
10
3150
34542
3783
62849
2941
6669
