user_recommendation
318
296
2571
858
593
356
260
527
50
1198
1196
1
4993
2959
1221
608
2858
589
7153
5952
1270
1210
58559
1197
47
1136
4226
110
2028
912
1213
1193
4973
924
3578
2762
1203
2918
3114
1089
6016
923
1704
48516
541
913
4878
1291
150
750
44191
590
4306
2542
908
4011
1228
588
2716
480
1617
1208
364
2692
1214
2997
2396
2502
2019
3897
293
1252
48780
5989
1304
778
1225
899
2355
111
7502
78499
457
953
1276
1968
1201
1250
1580
904
1148
4963
1278
595
1259
1028
3996
1240
32
1207
33794
1961
16
1035
50872
8368
3147
337
898
349
1036
2599
745
497
54286
903
4995
1230
922
969
6874
1247
919
5418
2291
79132
6
59315
68157
1222
40815
1394
56367
950
59784
1200
2064
1288
2268
32587
1284
954
55820
2797
5991
44195
39
1287
36
1244
1079
106782
555
1233
2194
1732
8961
60684
1272
1212
2804
1219
4886
3462
910
265
920
1307
115713
3671
109487
1262
2300
4896
1610
1682
1206
905
2186
377
1952
1293
1199
1500
515
1234
1267
5630
4027
1527
1060
628
1172
1097
7361
471
1380
509
1674
109374
733
5299
1090
2671
1625
112552
1077
134853
1246
1263
2761
1220
116797
3504
3435
27831
48394
3035
1256
46578
142488
534
2289
68954
2366
1204
6377
5956
59369
49272
11
69
112852
2318
3088
74458
1223
3006
49530
8798
1254
104913
475
235
2081
2501
3421
1387
38061
161
1953
474
2841
2324
2580
230
2987
368
5349
81591
3198
1393
2353
2687
926
5618
110102
17
2329
1260
6711
148626
96821
1947
3471
720
5995
3468
7147
104841
4034
3683
951
1080
440
65514
942
57669
2231
82459
1227
33166
85774
1266
4308
1960
45
89745
1073
3735
2076
1641
1084
2137
223
2243
54001
64839
44199
3362
92259
1376
6502
1217
1784
3730
2944
3022
1945
232
6807
1175
357
122886
2947
122882
60069
33493
96079
529
539
5060
115617
280
6539
3703
1292
362
2917
122900
535
2208
1281
3107
21
272
68237
106920
1729
1923
2908
64620
3307
3000
928
1088
1616
1224
4085
5816
1411
3868
2739
2102
3104
3256
61132
30749
35836
8636
2020
8665
2167
97304
2359
1179
1356
1178
194
146656
5971
88129
4299
1333
933
671
1566
134130
6331
86882
1031
2973
3871
2096
1258
34405
4979
58
1358
69844
106100
3160
2467
49651
84152
73017
2303
51255
3037
2857
4007
1032
3246
2160
98961
1962
76093
87232
3095
45728
2490
5970
946
2125
915
6863
40819
99114
4010
51540
3068
3030
1192
86
81932
780
257
8970
647
914
592
4821
1030
93510
7445
4901
1299
91104
1954
5444
73321
91542
5108
1357
800
3508
2248
222
31658
1248
3743
1269
102445
2529
30812
53129
3548
728
2935
89
3967
3629
1173
5669
3952
2114
4867
1343
80463
973
3948
5151
3361
1845
3275
3429
6979
2463
1231
2352
88810
1686
30707
3793
3543
5159
3196
2017
4734
1189
2395
81834
930
1283
47610
3317
599
140
6155
837
79702
5152
2391
2321
89492
7099
741
5812
1285
1015
4014
36529
1958
64957
52
3062
54328
4037
261
4814
76251
4321
3481
2951
3152
3358
73587
2313
1449
1238
3219
1264
1466
68358
26662
3033
6350
1104
105504
2929
81845
994
134170
99813
69481
4033
7
1103
88125
3034
97921
5464
62849
508
55280
945
5878
7137
1095
3791
151
1209
56782
1573
119145
907
805
594
170
1147
88140
44665
1094
2971
2144
1834
27790
2010
5064
1487
98124
54997
1895
93838
3201
91658
3089
55721
4720
70286
2087
7132
428
1086
6669
2694
3448
2968
1997
3469
4327
3203
7143
3363
1673
2985
3134
96610
3451
1218
6380
2474
107406
4571
2736
1374
1257
106438
1249
1277
2080
5446
2005
98122
955
85342
4465
27773
3081
8542
7075
89804
2774
89904
3418
72011
1096
2115
3654
7386
56145
4427
2409
1948
3083
340
1361
2357
2043
4246
111759
122892
6104
3038
4029
6787
2718
51935
5110
353
8784
1253
112623
4787
5500
2132
81564
31878
307
1955
1747
4499
57368
3111
2078
348
111362
48783
91500
45950
2729
1280
3681
2683
7156
4263
4361
3398
4304
289
1013
7438
4623
2106
7090
1042
115569
3252
96737
4054
3825
106489
7063
5992
909
1688
44555
2871
27721
4406
927
73
4326
1396
106918
1029
8132
7091
1127
916
2068
4776
2707
3916
2336
7360
106766
105844
5957
2108
1303
98809
516
104374
2991
4022
1938
6452
5522
1916
29
8228
5915
69757
50068
112421
102123
3168
1265
55069
2184
1939
2287
2202
132333
6375
2852
3359
3341
3334
6440
3175
1912
2065
68073
1366
5490
53000
2059
6867
26326
1251
106072
2664
88744
3077
361
1085
3210
3551
1022
3181
55250
1680
2690
2612
3713
52604
84944
299
2570
6269
4799
3494
3167
94959
1927
54259
112290
91077
2949
6235
2726
3396
1663
1023
111781
56152
4660
2611
6419
494
3262
3310
97923
71535
7247
26524
3364
3102
2485
2070
2905
4088
4522
4617
5960
2932
3007
3854
2788
1934
9018
1275
2952
3742
7371
3741
3016
5445
3911
968
2011
1202
3414
2109
162
1649
53956
87306
28
27020
524
3505
66934
556
4642
309
26599
4252
7932
91673
6993
2872
597
8938
1019
1552
69122
26729
4557
32898
72641
90428
86377
7706
52973
1584
596
45186
63131
3101
1921
3983
53322
7669
26082
3019
2524
90866
3814
54281
477
97938
4978
947
3386
36708
6283
5791
5300
4765
37741
5498
431
6244
101962
3706
112556
3512
90746
3510
6436
7323
4628
7139
4002
55276
2090
3020
1261
1245
72226
45666
8366
429
92420
8641
1237
3753
2644
74795
33639
81229
3639
1951
71462
2331
60756
1966
1967
1594
5847
6662
6001
5293
300
3546
2648
7649
6708
80693
40414
5049
986
2138
3503
1931
53996
3949
1081
1963
4239
4211
2937
55247
1131
105197
5876
2165
146
3865
1537
562
921
30816
52952
1944
4616
6754
39444
543
108932
3044
5608
2288
111622
4223
306
65261
