user_recommendation
318
296
2858
527
50
608
593
1196
260
858
2571
356
912
2959
1197
1136
1221
1270
110
4973
32
2762
899
7153
1207
4306
111
47
750
1198
1089
457
953
1252
2324
4993
2997
5952
589
778
1208
919
904
4886
1
1213
150
1210
1035
1278
969
1247
1240
908
36
1304
1291
293
926
46578
17
4226
4963
1204
246
2329
3578
923
79132
1036
1968
1230
913
2396
1203
2321
1265
1259
920
1193
8961
1219
1222
515
1732
3897
994
2028
58559
1617
1961
838
2692
1704
81845
3114
48516
1411
475
3362
8368
910
2791
364
898
1952
72641
2804
6539
4308
1307
7361
1214
4027
955
78499
2019
1356
1288
2064
6377
2716
903
1271
541
480
1254
1682
3730
922
595
2289
1256
1217
1939
588
261
1244
1206
6016
1199
1580
1393
235
3152
3260
56367
34
76093
1234
1303
3462
1148
1285
555
1090
2300
3481
3361
1953
57669
1947
3088
3468
1948
3386
4034
3724
68157
4995
6773
1028
3793
3101
1183
497
1077
2302
2132
5618
1212
106920
1500
954
3060
30749
2797
5816
1299
927
41566
86882
1264
54286
3363
1084
2863
1305
1641
3504
306
4896
1172
5418
1080
2871
2908
106696
11
2076
3507
40815
1296
745
5995
56782
594
1361
2542
474
1293
1276
4878
581
866
1258
1292
7139
2109
4014
1147
2971
1945
194
3038
2144
1097
7419
40629
1189
2580
733
1235
55247
2020
1228
58
30707
2474
60069
1094
2917
88810
109374
3104
2248
1096
81847
628
2336
3684
529
671
50872
81229
2599
265
33166
3683
4979
2278
112183
1177
3167
6
307
1225
1179
62
921
7116
380
3153
8970
2467
4011
720
3536
2690
1466
916
551
928
2648
3471
3594
2291
1248
1272
2115
44555
2352
534
70286
1419
53123
1358
272
3270
2203
6662
1357
1020
7669
31658
3147
2105
2357
8665
5341
7263
1104
68269
7438
905
1997
2644
97938
6787
3310
1250
1103
88125
1956
1729
5238
3108
48791
80839
79824
32289
41573
3671
32587
3095
48780
60397
3341
5017
950
2726
81932
2728
7147
2612
105504
64839
69844
3408
2890
3469
176
1231
44199
1267
6874
68954
2018
349
4016
92259
3424
1282
1266
7836
63082
32898
357
3741
55276
44195
1200
1284
4809
5902
7132
2268
4422
69481
1262
902
4037
37741
1946
106916
7698
5475
5385
3200
1211
448
1280
5060
1300
1348
971
2925
7087
223
81834
2070
104119
8123
26501
8261
26797
8264
101850
112577
96075
86487
4410
53887
74089
55063
58649
4428
163949
114464
150856
3872
3255
1220
55269
2641
68838
1224
5444
3996
2303
3317
2919
2366
2987
2750
6021
3510
165
1429
59315
1302
3307
68358
6724
46976
4661
1885
3524
1088
2283
1131
6001
2186
1958
4361
1066
945
116
1994
1273
800
2763
8784
3359
333
3081
2232
39183
3134
2140
4432
125
16
87232
38499
40819
1719
1569
940
2150
3357
2427
1693
4801
1253
4969
1464
1029
1125
28
348
7090
1394
1161
8958
1175
2288
3969
1343
6870
3638
89804
1957
1960
2078
3989
128360
1269
1967
319
2202
2245
1237
3814
2916
5630
3916
116797
37729
1263
38038
7091
1281
6777
2443
2359
943
6380
3435
314
2664
55820
2739
134853
98961
2313
4848
741
1201
3213
514
5989
1120
26084
1059
968
1060
1376
1680
4235
1653
1834
477
29
2066
1223
6987
97921
79091
48738
1192
2391
7215
79428
6942
2349
106782
2859
54001
3196
2005
34405
82169
3347
1950
930
521
8360
951
1784
3252
5135
1635
81591
3265
115569
3019
2551
1964
4369
55052
942
2490
8580
1215
68237
8874
3735
3470
6273
3275
4903
3545
6852
6530
1663
538
6093
1935
373
26524
2562
8132
73290
893
85414
53024
6271
38304
7075
1333
6101
76293
337
907
2106
3070
2081
122904
2872
233
6333
8228
918
70293
308
4263
3007
2938
115617
4427
170
915
96079
300
2125
91658
1287
232
99145
6639
3077
6552
1959
5903
72226
100
4920
3091
3246
5218
7943
2745
111921
2501
52767
2929
94959
1965
48696
79242
3417
8711
6077
1678
1242
6796
63876
2857
106100
8542
1407
86320
80489
3082
590
3175
3475
6125
6936
1537
2208
99149
3072
2788
134130
2059
7164
4218
32598
7566
342
3966
5782
91077
8371
3074
86
162
5470
25
2949
127152
26178
4349
5772
900
5103
1475
3198
26729
5010
7478
3186
3527
58347
49530
1238
97752
1611
79702
1827
471
36517
3546
3256
3635
6538
98154
56805
78039
1913
69757
2273
7084
938
2108
8979
49824
61357
97923
95558
837
105197
2046
935
87304
32234
412
105355
2130
8492
47629
7111
101895
94931
56607
95135
5088
151307
112735
55253
4821
110752
30712
128606
7300
6133
127164
25882
25945
25996
25999
8572
27812
112399
26505
26350
26323
97673
72367
7088
7126
47092
45210
26147
75990
120821
50245
4927
8042
4776
58879
6299
5099
34338
1340
7487
54259
1931
7089
7767
59501
3467
5225
98491
3189
81562
1610
2976
72720
88129
3022
2469
3086
2102
3686
1099
7156
81564
1694
37733
45
5812
4021
44191
422
80463
4912
2761
3406
148626
102123
3699
65188
3983
31410
6350
53956
1949
50068
107559
64716
55267
914
106441
1233
30816
4009
8949
3271
3035
3879
961
3447
1455
1925
3165
2459
2290
3505
1936
2924
901
7833
984
2138
4406
4965
6385
2935
2355
423
531
2819
1963
5991
55069
27831
2398
49957
1218
3679
4345
101
6807
3581
2988
6783
64034
4085
3037
2238
112290
8981
1652
1245
56152
7160
1061
1941
61323
107141
2116
4642
6711
106489
106438
661
2594
3476
59018
87306
1374
2454
8636
7285
735
1401
7371
2732
3355
3102
6331
3018
104374
86377
1625
1594
1674
2973
47099
85
2721
2659
1754
2920
7137
73017
3105
144976
97
368
68135
1513
7008
106002
5690
117176
3624
4103
7766
1260
7235
1019
230
281
3272
100714
59995
280
7375
2746
3543
58803
77846
1395
2432
4537
5801
121231
229
7360
8464
4881
5876
97304
3168
363
91542
