user_recommendation
318
260
296
356
593
2858
527
858
1196
50
608
2571
1198
1210
4993
110
2959
589
457
4226
7153
5952
1136
1197
1704
1089
1270
1291
1
1193
150
4973
1617
1213
2762
32
2028
480
47
1259
1240
1221
541
590
912
1225
1203
1580
1304
1079
364
4306
1148
2997
1252
2918
58559
745
1265
293
6016
2542
908
4011
2396
1246
1968
899
48516
778
750
1200
2599
1222
2804
2329
1247
497
79132
1527
1258
1219
1206
953
1097
1682
2692
111
733
2064
223
3147
5618
1674
1199
68157
32587
3996
2716
923
515
969
1307
904
4963
349
588
1288
7361
595
1080
913
920
4995
86882
2115
1267
919
3578
368
1625
1060
1208
903
357
1500
3949
44555
246
2019
905
1961
910
5991
4878
235
36
1214
1172
5669
6377
40815
720
74458
44191
1036
1947
6
474
1250
922
92259
1234
1215
3114
3462
2268
1204
1302
8368
2194
1584
1223
1263
1953
2353
1673
2501
1276
1356
1233
44195
1217
4034
2890
2291
253
81845
6539
151
1278
1784
1945
2248
8961
5989
1035
1732
3504
1952
1923
76093
4235
55820
62
89745
924
3081
1237
1394
2580
4886
5418
5816
59315
308
1358
1207
11
1028
2712
7147
1230
898
1374
2917
1411
17
99114
3421
5903
3476
31658
914
161
57669
299
1256
33794
3793
27773
2819
2406
1212
37729
926
2289
3435
1834
529
440
1997
3448
2011
3471
475
954
51255
1994
3363
594
2302
4979
1262
2137
2231
2490
380
34405
628
5902
2186
46578
2076
3160
1084
2352
50872
68358
832
8636
1719
648
805
2081
54503
1201
1271
3134
53123
300
838
1243
6565
928
5995
3307
2144
1287
1224
73017
88810
1127
5673
1260
54286
3503
1300
1227
2690
1090
911
1680
2324
1357
38038
109487
500
6413
3868
29
69757
951
1254
1235
345
534
1939
1610
73344
1959
33166
2795
1957
1884
2746
7090
1663
1345
1907
1293
4427
1177
3095
2005
3000
942
319
5630
2125
3481
6333
68237
1131
3104
950
6807
116797
362
122882
6787
1354
8970
3742
3039
3035
1186
2739
337
2202
91542
232
2467
49530
54997
78499
4623
6666
52885
551
62849
6502
6620
306
2357
73290
5954
6235
3468
1185
1948
4848
69
55269
5445
56782
5878
1376
2502
3730
2971
61323
3007
34
994
1912
916
4304
44665
3545
671
1299
1958
1283
222
1921
3200
1281
229
3386
1094
968
562
1298
1192
16
538
7502
10
72641
3703
45950
44199
3044
7027
8464
3030
307
8535
2463
1339
2328
2132
69844
1272
91104
39183
35836
81229
6331
5608
3083
3006
5291
1066
3359
5446
4450
1289
4489
2278
3505
714
1387
3033
2863
4642
6380
802
800
1466
1794
783
524
109374
1032
2761
69481
64034
262
2529
2010
2058
927
39292
6993
1934
3548
4679
50068
2612
3022
26524
1393
6269
7137
7371
106471
5319
1183
54259
8938
7932
6244
91673
9018
55069
4252
26599
2118
3038
3535
3396
2336
90428
2096
4027
56251
194
7212
3735
7386
8641
3414
45
1266
106920
4262
2386
2427
34437
5971
1944
2310
6708
2871
4765
81591
106438
635
290
1372
106782
162
141
1049
58
1220
8874
1081
1280
3510
106489
933
54001
2315
1954
2551
309
2648
146
3198
1797
647
1464
2301
59369
55451
5444
81932
2318
7143
1960
41
1248
3499
553
6385
3420
27815
4321
6936
2312
678
3037
1249
3911
4019
915
662
64285
51471
31116
930
3406
2664
945
3011
6985
77658
115617
31410
3916
3256
1303
2359
4483
52458
4641
2801
3089
3897
6863
431
30812
471
43267
40148
44974
55267
67997
71033
2908
96079
56367
198
1257
88125
106100
1914
2644
348
80463
2395
3129
3223
73321
67087
3788
37741
1810
3355
1296
1285
4914
87232
30793
1073
1274
1120
72226
98809
3929
3524
6188
2232
4007
3358
30810
3811
361
2651
2654
3088
1552
6796
178
84954
494
523
2423
2650
2647
2649
2636
2099
2947
110102
112552
2843
106696
3365
2935
2634
2635
2677
30749
1175
1946
3018
1927
2652
1211
3201
973
3071
97938
2973
77455
918
2671
5064
2951
3966
2160
3475
45722
943
3479
5010
6987
7265
25805
8254
2897
2434
2707
2331
69526
501
8958
69849
4225
2148
373
574
766
2026
37733
3920
27724
36931
728
39
2936
71838
1885
3175
3952
6281
65188
2066
8208
1658
4223
6350
2009
1931
2143
314
2938
122886
88129
27611
555
2745
8644
55052
2432
1449
3683
8798
5747
2774
2925
6286
1245
866
1150
2344
175
6378
5147
8665
94864
68073
3070
1616
3100
2145
3676
4776
102125
3152
3112
74946
1711
49272
2736
1962
3470
4448
55250
60072
8784
3167
107559
3098
4017
3429
1292
6773
3364
106441
4102
2313
940
1619
1284
1693
94959
5017
40732
4105
509
2944
7116
3362
27523
850
937
104913
3736
134853
2203
265
60756
6187
99149
98491
1264
6530
2389
6662
114028
3604
535
2968
2046
30
1611
1218
2391
2
2334
7981
2791
2594
2023
27317
1933
2874
3737
2981
5866
2090
7373
3091
900
7123
3598
1942
5105
56145
4734
68954
4437
946
6971
5062
7700
88744
54372
935
663
7156
1209
31184
2273
7649
2579
7587
116897
7771
492
1792
1949
2102
2872
65216
2987
2263
268
48738
2303
4016
7063
8228
100
3512
3702
412
85
632
96821
53
108979
25850
1034
1598
2240
33660
3153
73
7766
103810
1042
322
661
1228
34153
51412
1537
8132
147
3791
4380
48774
6869
102993
2360
86377
89804
1286
105844
2752
36529
89864
2912
2020
1866
6732
93840
68347
1189
3213
56152
6201
3068
2288
2797
102445
3361
7263
52975
2371
53953
1305
1408
2474
3635
3801
6777
6450
4062
934
1661
7787
6986
680
1029
353
4128
58803
63082
3418
6643
36527
27846
2333
1161
62081
2078
2596
47382
1641
71462
156
2067
3969
2942
2726
3015
901
1077
2109
5812
4873
56587
26776
3097
8533
3527
1938
2012
1273
5055
5269
2687
7827
