user_recommendation
318
296
260
593
50
356
858
1196
2571
1198
608
527
1210
2858
2959
4993
912
1221
5952
589
7153
1197
1270
1
1136
750
457
110
58559
1089
1213
4973
4226
1291
1193
32
111
2762
47
1704
904
1240
1304
923
150
2396
6016
1252
2542
2692
293
908
4011
541
3578
1203
480
899
48516
1276
364
2997
1617
1247
778
969
919
913
2019
2028
509
590
33794
1219
50872
1207
733
497
588
924
1233
8961
2064
32587
44191
2804
1225
48780
6
7361
1968
905
1172
1732
2329
1356
1259
17
1217
1208
3462
595
1288
319
910
1228
5445
922
1214
1230
4963
4306
3996
6539
903
3147
1206
2324
920
745
79132
1500
357
2716
1097
1079
1265
4027
1945
54286
2359
1201
349
994
1953
3897
1256
953
1199
59315
6874
5418
898
3435
474
246
1961
1244
1200
5995
1080
3307
4886
1262
1036
1028
3114
78499
368
5618
8368
1307
11
3095
1258
1234
1212
36
5816
926
2917
1527
2501
1148
1250
33166
40815
3481
1674
671
377
3035
2987
1267
1254
1066
51255
68157
916
3363
161
55820
2918
59369
2289
3088
76093
838
1784
529
1625
54997
1957
2300
1387
1948
49530
951
2115
1281
46578
1094
4235
2797
1834
116797
4995
2599
3134
1237
3365
81845
31658
33493
3671
2355
2186
2973
515
45722
4896
272
1947
59784
1077
7502
2081
930
30749
2947
4878
945
81229
1580
69
954
8636
534
1246
3468
41566
3730
1204
300
1222
1610
44195
3007
5669
1035
555
21
1682
946
1374
1963
1260
1280
475
1358
1178
74458
3196
1060
1278
44665
6565
3104
2231
6377
106782
2366
1227
2791
1192
89745
3175
112852
3421
69844
5903
3949
44199
1209
49272
3200
2395
1090
232
73017
54259
3037
2951
265
162
194
2087
950
88125
5010
1302
2908
307
1954
4262
223
1147
1952
1394
2352
72641
5989
1220
1300
3044
915
7013
1238
281
109487
3000
65514
1293
8154
86882
8970
942
16
6003
1923
2871
65261
2243
2011
2288
4979
1271
88810
8981
1283
1211
933
2125
524
1939
866
1376
106696
535
2761
501
57669
1284
5956
907
306
6711
3022
2020
3359
3310
41
3198
4799
3386
1584
1224
2080
3470
7263
3091
5114
119145
5971
7116
1305
596
235
1296
3006
3448
1299
2406
2208
3739
3910
3683
115617
911
900
914
58803
581
1272
2863
38061
1934
2
4034
6273
3098
81847
1019
1023
800
1104
1175
3916
4623
2935
2938
508
4424
1131
92259
68358
3256
44555
1673
6269
7143
1729
3341
81834
3735
81591
68237
1357
40819
1614
6669
720
68269
54272
2580
1287
1298
6643
2137
56757
3089
1223
2132
4327
8132
3983
5444
2712
741
3270
1292
79824
80839
41573
48791
32289
40629
2144
110102
73290
2105
1269
1466
3362
1663
832
2150
2467
30707
54001
3469
27773
2083
3260
1273
53123
7373
27831
805
2102
314
50068
973
8665
2739
3030
3742
2968
412
1885
28
3868
34405
3507
353
1215
483
845
106438
1960
27611
2318
1827
628
2948
106489
151
3703
62
3471
8125
428
37857
4225
3152
932
1343
1641
3100
2971
79702
99114
2529
8798
2690
2750
3629
104913
348
52281
943
494
91542
1245
2344
928
3083
1264
3911
514
538
98491
47610
8199
8188
4873
3632
3420
1411
1361
2268
122882
6936
93721
102445
3246
7147
2779
1944
3361
6863
6552
4085
8957
51935
91104
1103
1699
4019
5902
492
3504
56782
6787
29
3020
936
178
5991
1680
3521
3639
1251
5225
62849
3741
106920
2099
233
3635
1073
224
51540
80463
96079
4007
2993
1248
2989
5915
921
308
5522
4903
222
122886
3508
6375
1643
7247
1354
6380
2474
3201
1616
5446
109374
3545
45728
594
106100
97921
94959
53996
81932
1396
4223
3450
123
1253
67255
3358
3263
373
168
6979
1257
39
446
4321
521
2872
4571
6001
1484
1658
3176
142488
60397
3038
1372
6708
3068
56251
3510
88129
4396
3364
5291
71033
54503
2012
7090
290
115713
45186
1938
2148
87232
73587
3681
2273
98961
3675
7
299
27478
2078
7099
3414
4427
52885
2434
61323
1927
7132
1912
71535
2490
6440
93510
2278
955
8542
132333
7137
1127
1792
1619
3072
71899
2202
4357
1408
4016
1537
30
3606
1032
105504
1049
6807
4967
3275
2232
1449
3861
97304
3684
73321
1884
5034
901
68954
3368
3476
3524
6502
4941
6664
48082
7827
2291
3688
5490
2248
3548
3255
3836
98809
3653
2949
4128
5608
3676
1120
3967
6378
2991
26776
7445
1935
1810
2018
1029
3097
1942
7371
215
3168
7256
2357
5301
4046
6187
2351
4802
2736
82169
1303
3793
5110
8645
1183
3317
112552
101
1084
2976
6796
7323
7451
2194
6612
2130
70286
146
2788
440
1243
8370
262
2108
3347
80693
835
5992
3111
1414
111759
69757
69481
8012
6662
36708
64034
2620
616
53129
4277
1275
5147
3638
454
837
1754
7833
97938
32598
68073
280
937
64839
6331
309
56152
3252
73
4865
968
134853
134130
1794
1333
91077
3284
6918
2090
4641
6993
6235
1931
4660
55269
3654
122892
1921
8917
3783
2463
156
575
1941
8711
52952
6125
6077
1057
55280
1611
88744
6986
1949
45950
106471
67997
116
104374
2932
2066
47382
3505
6450
7787
48738
61132
3736
2321
108932
1180
5146
648
2670
2912
107559
7091
471
1321
1161
2203
3070
65188
26133
2774
3456
1946
1218
5103
114028
106441
2745
255
1598
1661
85414
91653
6870
18
6350
3167
3869
261
3350
27803
1034
940
154
4014
2010
7894
3811
55267
3153
2331
72226
2857
26242
1189
635
2990
3129
58351
329
2070
2409
4642
3159
6868
2252
8910
52458
3543
51662
1365
2846
105197
114552
95311
927
2664
3071
76293
2454
27523
680
3871
6974
40583
85774
56145
62434
55069
54995
1719
3194
56367
3160
5673
4848
647
88140
87306
102123
6783
2553
6104
146656
599
780
7766
71838
4406
3306
1279
3062
57528
249
288
58295
62956
