user_recommendation
318
296
858
527
260
2571
50
593
1196
608
356
2959
1198
912
1221
1270
589
47
4226
1197
4993
1193
1210
2858
4973
32
1136
1617
110
778
541
2918
2762
293
1208
364
7153
457
1704
923
913
1252
904
908
750
5952
150
1089
2997
111
1213
1291
1259
903
1203
969
953
2028
899
6016
1
2692
1225
4878
79132
595
7361
2797
1265
1247
3481
745
1258
1968
1206
1214
46578
1732
2329
2542
2804
1230
2291
1207
58559
48516
1219
926
5989
2324
56367
6874
32587
1212
3996
1222
1240
1267
48780
2599
1580
1250
924
2396
1200
1961
1204
68157
1278
1028
1228
44191
337
1682
2064
4011
1304
920
3897
1148
910
1079
588
2502
3578
555
551
1073
2791
1276
1172
6
898
590
4306
4995
2916
3147
1387
2019
1952
919
4027
1269
5618
4034
3088
3471
3671
3362
1233
1287
922
1036
7438
480
1527
1307
3504
1084
17
55820
1080
1220
3114
905
29
1223
2716
2300
235
1333
1199
3510
1234
1393
515
349
2268
1288
5995
3462
2318
741
16
955
1272
942
70286
2076
5669
1256
246
1035
1945
911
2917
1266
6807
475
223
1394
1060
2289
471
1285
3730
4886
50872
3435
3360
1293
1215
2194
307
1411
4235
1947
1610
720
4963
3683
1997
940
2125
2467
58
1953
1097
3006
1096
232
800
56782
474
3949
6711
4007
954
3421
3672
951
938
509
49272
3363
4086
3868
1500
3019
261
3000
1292
106920
59315
3548
1466
2846
1343
1032
21
7147
1254
1260
357
81229
950
34
1175
2243
1077
68954
8368
2288
1641
2395
1086
109487
2010
1299
1246
27773
38061
2115
4361
6863
928
1688
1674
1231
2871
306
78499
4014
6787
1356
1094
11
272
106782
1374
33166
6440
3317
3677
116897
194
3499
57669
3246
1244
1263
30749
3468
99114
2908
2144
4848
6502
112852
1224
3735
1095
48394
1099
2231
2355
628
648
1242
36
994
68073
933
44665
2973
3967
2303
2160
3168
79702
33794
353
8874
76093
1449
4085
3083
8961
1217
3543
529
733
2359
7502
40815
2924
1361
2248
5630
26729
1103
2580
1029
1021
109374
8228
3210
319
2949
1625
1464
2138
1957
1960
2788
5791
59784
1201
2938
3037
1251
8958
2081
64839
3916
6461
2739
116797
162
6796
3952
265
1281
3201
3307
1090
2690
88810
161
7022
30707
1104
2321
921
3791
1218
1248
1179
3033
96079
134130
92259
3198
33493
88125
6987
3089
3359
3152
2020
39
2132
3983
115713
44195
3814
32898
175
348
838
280
1673
3788
1227
2929
4349
2186
4262
104374
262
85414
5971
5418
805
1178
3035
35836
1189
3310
2068
1956
2648
2664
4616
51540
96829
1797
2501
49530
5064
3072
2313
1921
4903
1357
2391
3039
6350
63082
1348
3910
508
1305
3451
81845
5225
2208
3167
3948
7323
69844
1282
3469
5816
1262
2137
3134
647
1944
81932
3361
1041
44199
106100
1192
2726
3068
1283
2795
1954
3911
930
2459
4326
3429
308
5991
3703
671
146
115569
3252
2109
1729
1280
52973
2067
5060
3551
8950
3034
134853
1931
3060
5956
3507
2712
3160
4914
69481
115617
4489
534
1948
60684
2594
25
2644
1023
81591
986
110102
3424
1955
1271
96821
86882
91658
390
3546
104913
2971
4037
2232
89745
8784
62
91529
3527
2357
7090
6242
1719
46976
1235
900
1950
97921
5500
5828
1249
82
1845
5876
5152
3104
3355
54286
7419
1253
2108
88129
1147
3341
927
1264
26587
47254
8798
3334
37729
1284
1912
80463
54001
2925
3342
6870
7139
6380
2366
77658
2731
8970
4033
4979
55052
26326
968
1939
1959
497
866
2336
73290
8239
914
68237
4263
39292
3275
1209
6188
1078
1962
3022
48738
2280
3095
5782
3007
7802
4019
1082
1964
1994
7099
69
2686
4873
149
2520
1653
4450
8981
3010
3038
535
3081
599
1366
2353
2463
3448
1296
3159
3741
2018
2912
2987
290
147
6077
8711
74458
5319
3476
104841
3535
2866
2810
215
5114
1884
943
4865
26662
1237
233
4465
3629
45
5812
6942
1120
2267
6125
2732
428
7371
8477
7833
76251
54503
97304
31658
101741
121231
2202
89492
431
412
7075
3020
3111
110645
3989
28
87232
140174
2612
106696
70293
3135
1537
27831
6385
945
946
735
97938
2944
314
30816
6539
111759
4427
549
1257
3108
6732
106489
1081
4103
85
122900
55276
1277
7698
3412
2728
76293
146656
1358
116
80906
59126
3102
1927
2057
54881
6436
2118
6979
65642
27022
766
5878
2746
7669
6666
88744
4017
8807
581
2474
142488
6565
72226
3213
6001
728
7116
971
347
1012
26131
309
3702
6985
105504
8949
80489
3536
7320
65514
71108
82459
6283
84152
1127
42004
222
616
2490
54997
3320
6852
6331
3516
5147
7137
5446
55250
90428
1859
96728
3272
3306
85774
86781
4322
64716
86377
7063
1177
81564
3219
3062
4292
1694
373
5071
4731
4302
6662
1784
7156
7285
188
2038
2130
5238
40414
4308
909
3503
4720
1946
2863
5445
91104
8132
3599
6452
3549
916
27423
64614
8880
2203
4432
7034
3811
6724
3915
345
8641
2165
45950
8264
58998
48165
3505
1396
5607
2301
7064
1937
7123
86320
1834
4188
79428
4081
492
47152
64278
96832
31973
98963
7043
138696
56869
71755
702
97230
57038
26094
565
25750
7132
33903
3396
55908
7263
2841
30
3871
2687
6669
1013
27846
53123
81834
4623
5489
4406
2920
47610
5017
37733
1958
3077
69122
2779
452
2070
55069
501
6993
34338
97
2729
96606
5992
148626
6419
3203
4965
213
3686
4518
3110
2442
3129
1611
1649
5341
1202
51080
1450
1563
5427
1819
2563
4796
4930
4591
4076
3196
6932
106438
55290
973
122892
112
87222
78574
40629
80
7771
31410
62849
68159
6271
112183
6286
5690
2553
54372
99813
2935
2087
1594
4144
86
5103
4304
4029
803
1799
56152
322
4422
3707
53129
7096
64034
26268
31921
54328
77455
2096
3018
55721
63876
902
2721
