user_recommendation
318
296
858
50
527
2571
593
356
260
1196
608
2858
2959
110
4993
1198
1270
1197
1210
47
1704
1221
7153
912
1089
5952
4226
1136
1213
111
2028
1
589
3578
1225
745
1291
1617
2918
2762
32
1203
150
778
969
1252
908
1193
2396
4973
58559
899
4306
2692
1265
913
457
2804
7361
1240
364
1304
6016
1580
4963
924
590
1148
2329
79132
1036
588
2115
923
8961
1258
904
3421
750
541
1682
2997
48516
4027
2324
1247
3996
2716
480
6539
1199
4011
1073
919
3147
2502
2791
1212
1259
1200
368
1961
1997
953
2064
3481
2019
246
1084
2599
81229
1267
62
1269
780
33794
1214
1234
1276
595
1923
4886
5816
293
1953
1220
5995
1228
3793
1288
54286
4878
1222
1954
1527
3471
905
32587
5989
3510
903
1307
6
5445
1060
898
1230
2542
950
1287
2501
1090
55820
5418
85
8368
1732
733
648
920
1610
3101
1968
1947
911
3462
497
59315
4235
1207
68358
954
4995
926
6787
1299
68157
349
2194
21
2278
337
6502
56782
6377
2797
2795
2268
515
1246
1080
994
555
300
2186
1449
2125
3033
35836
40815
30707
1680
1272
4896
838
1674
58
78499
3088
2739
224
5064
194
17
491
5991
74458
508
4034
3114
3006
353
1250
2580
1097
27773
1466
475
39
54503
766
1172
440
1387
2846
1219
2792
4007
232
46578
3868
36
471
25
319
1204
76093
2863
2202
1729
1094
1333
1358
1223
3435
922
4014
3360
73017
1218
942
106920
3418
1208
5669
1321
3949
1960
2467
2096
44191
3548
357
2020
1302
1393
57669
5055
1215
6732
2005
1688
151
2248
6796
454
2944
1021
1834
3081
7090
3468
551
34405
1945
50872
11
44199
2289
1927
8636
1233
1077
2490
2712
92259
1584
477
1262
3897
54259
3499
7502
4085
3044
1028
1952
3527
1285
1962
2067
79702
3307
4945
4466
235
2352
112852
1095
458
2160
7027
109374
1411
4086
2690
280
2081
5618
1374
914
1256
3362
3317
1278
938
2300
910
2132
30749
102445
41
1284
3730
2231
2406
2871
91104
3451
253
3671
1649
89745
1231
162
1217
48780
951
7320
306
272
2973
1673
33493
2890
56367
1296
1189
671
1192
1249
91542
1916
81591
1719
1357
3007
2734
2318
535
1956
2303
99114
1254
4188
2788
262
29
8880
281
8644
2971
81932
7147
6378
53123
69757
134130
3791
3104
928
54001
1959
6333
109487
1264
1594
7373
2137
51255
916
8874
5444
3701
4019
1625
1263
86882
1244
3176
6669
16
1201
49530
72998
1248
3507
370
39292
1096
1907
307
2302
3983
8641
1982
3259
44665
1957
2208
2357
54997
1103
33166
3683
1797
2423
3952
5630
720
3160
6754
431
3869
33660
971
1361
741
8208
2917
2916
106782
7099
3071
7419
74727
4641
1330
1280
1356
2946
89804
70286
69844
2612
72011
3363
581
3213
8665
80463
58295
51412
3251
3152
955
3911
5956
3083
965
67087
5903
6662
2243
227
1946
8807
51935
2203
3504
28
2087
6218
4623
38038
628
2984
110102
1099
3927
529
101
2474
6385
1086
6077
8711
30816
2924
1147
6125
1206
3038
3035
1298
907
3246
1032
2167
79428
6380
40629
116797
1663
3448
946
3175
112552
1343
2144
4979
1950
55267
7132
4848
6959
69122
3178
1183
7833
6331
412
900
2336
5902
832
927
7386
68237
99764
539
1955
218
106489
1348
1185
88129
2359
3095
1079
3967
3735
5010
3910
1209
6565
56152
1963
6807
945
106100
1292
55250
1266
1500
49272
4037
1537
1994
3000
93363
49278
4054
7256
3524
348
6552
5747
1257
96079
8958
3512
6269
44195
146
3505
73321
2761
5300
52458
1939
222
308
4343
59018
7669
968
4489
333
7075
538
6979
2746
3030
6874
1023
62081
4002
37741
2819
2371
1082
3653
534
3167
7116
127152
893
524
106696
161
6870
2073
2138
8970
1948
80
2395
98809
64839
76293
2905
3359
54881
65188
1271
96728
94018
3198
88810
3424
1078
89904
38061
3801
8981
2291
1224
2023
5772
2572
7156
428
1944
1050
930
2949
3980
2648
122892
6350
31658
2935
1101
3565
5014
2936
1353
3159
30793
7212
215
3966
91658
2925
34153
7143
7022
175
3263
233
2066
5882
102125
261
647
5060
37729
2929
5812
104374
3871
5464
2080
2118
6879
5013
8132
4239
5971
1245
117529
3019
2726
1354
4308
84954
56775
44974
3098
6776
3783
3201
56587
3100
8360
7451
2078
67255
52435
3545
69
247
5992
1592
97304
4873
1305
104913
1104
4223
1059
4427
4326
60756
3429
5608
6235
3469
26524
1081
3475
6440
2366
1937
3089
55069
6281
1131
64285
51471
31116
122900
86377
230
4262
7293
5498
45950
81845
2872
26587
6659
850
800
7767
759
2841
4903
1019
77455
5791
93510
101962
26082
5446
2644
1295
26268
31921
5319
67408
78105
130520
4506
8607
52950
79139
57504
3925
32525
5218
2038
373
55276
2245
1694
2280
3420
4304
96829
7263
26326
2344
86332
7091
131724
40819
115617
72209
267
68159
3916
146656
290
1484
441
3068
3037
54372
4299
1177
25850
87232
2779
90430
99728
86548
7137
2331
41285
90428
4642
64034
6548
6612
5017
6273
8798
4366
917
32596
35957
71033
1884
6708
861
4661
94780
3060
105504
8542
2102
5478
100556
82459
3310
943
32898
2617
8645
3477
7380
55269
40148
43267
2670
2520
1792
8264
34
86880
1020
3275
68
2454
4422
6852
3334
2083
2694
3476
81564
5152
4263
3256
1344
7932
4252
9018
26599
91673
2057
3200
1934
178
265
909
3788
36529
74510
3489
3358
3736
8938
3521
2301
7087
4410
6122
934
5876
78836
8933
3328
446
120805
102217
129514
7302
136447
136445
42163
130970
5101
118890
128846
140265
1794
2731
34332
2696
134853
5475
3396
30
6620
8638
4450
2311
27831
5103
3110
31878
112138
40583
88140
4465
6242
1124
973
6954
2707
5888
2732
4349
2434
64620
46976
3741
223
3011
72226
1938
575
108979
2284
4321
1958
3341
