user_recommendation
318
296
527
593
2571
858
608
50
260
356
2858
1196
912
1197
3578
4993
47
5952
1136
7153
4973
1221
589
1198
1270
1213
6016
111
4308
457
2959
2997
4226
2762
4886
110
778
908
899
4306
293
904
1240
1208
745
1704
2324
4963
953
6874
1204
1682
1259
1252
1148
32
3147
1222
1
1206
150
79132
36
33166
46578
1961
595
4011
2692
1210
1291
5995
7361
910
923
6377
2028
1214
8961
5989
48780
913
1203
750
1219
1617
969
364
2396
30749
2918
1207
541
58559
1732
1035
954
1199
109374
3793
1293
6539
17
1193
1230
3897
1223
1784
57669
2804
1200
62
8874
60069
1080
246
3114
1356
78499
497
1625
38038
2321
1097
1393
1225
922
1267
261
235
1285
134853
1258
5225
2791
2329
920
2076
5418
32587
919
5010
7438
1968
1287
1077
6
6502
2115
1411
1580
76093
2542
68954
926
2797
3408
4995
1172
838
555
2186
68157
3462
8873
81845
108583
1304
2081
3949
2716
68237
1500
475
27803
1278
306
903
648
4235
3310
1228
1217
5669
733
898
44191
1246
8368
588
2357
720
106920
1248
1280
4914
1103
2176
50872
3471
72641
2731
3386
223
11
86504
112556
265
5902
48516
39183
79702
34405
515
4878
105844
1036
41566
16
3270
161
48394
3067
4034
94959
474
2064
7502
40629
4027
5618
39292
152081
1394
26242
492
1307
8958
81847
1860
7136
5444
7090
104374
3916
1073
928
3083
2068
56367
36529
2908
1945
88125
1748
529
2351
8955
6918
1247
2268
1251
3594
5992
1212
3996
1276
3095
1466
2726
1357
3435
122882
1028
236
2291
3252
1183
1254
41997
3510
2761
81834
7371
994
3246
3536
1754
54286
7022
2125
319
1269
64839
2467
1265
1060
69757
508
134130
2971
34072
1921
2000
2648
115713
5782
6773
1950
115569
1305
44195
55820
128360
1224
10
916
7263
3481
1237
866
3317
72998
1954
25
1997
535
1610
8970
68269
80839
79824
32289
48791
41573
2336
1231
1084
272
3101
1244
112852
1266
1250
60397
3034
4967
2916
115122
337
3677
345
1947
950
2303
2871
1303
1374
30707
1680
6869
8665
2599
1262
1292
3746
41527
7459
1653
2132
56782
8360
2728
2394
2690
58
116797
1089
2059
2232
86
1641
2278
2019
2144
88810
2640
5971
5816
6001
5679
2968
6942
4014
1952
93838
2289
671
63082
931
46976
2917
3186
3424
1958
6565
2243
1358
40583
2501
551
6987
1673
108932
106696
1719
3108
40815
69844
1354
100383
194
51662
628
1090
6643
79428
93840
1674
86882
106782
308
1693
3089
8042
82459
663
4085
3983
2580
26729
3153
1962
307
3735
2194
2105
1220
2763
81591
116
2961
3507
70286
915
1939
2005
49272
3019
3006
2718
2976
6979
3702
735
6333
4128
2443
28
2924
4239
300
2300
6936
111759
115149
1256
5017
905
49530
1264
3070
4016
477
7072
741
454
5878
1284
81229
2202
1967
7419
25769
2106
34
1233
4467
46723
53123
971
4277
1429
380
38499
8950
4262
3911
4896
99114
7587
26152
3260
39
3730
534
82169
6881
3467
1243
2020
7844
1931
79091
7771
111921
1202
8645
5013
48774
105504
2529
911
2562
1041
30816
3498
6093
230
8798
31658
4696
1242
2739
3724
3361
7147
7386
6611
670
668
3245
5633
232
69481
348
3362
1201
6975
2780
7070
34332
3910
3684
4166
5099
3788
8633
581
37741
89904
6530
800
3198
1343
3745
5630
2066
3686
2880
4567
3627
4565
4717
876
4566
4442
3104
1948
3039
1147
7116
1834
71535
5177
955
7164
106489
31878
76293
7143
170
121231
122886
1189
1611
6863
8132
6077
8711
45950
5541
4361
4846
2078
2712
7075
2863
104879
280
8908
1946
4121
3201
8228
927
3551
44199
31410
1104
7063
6125
2857
1085
2203
631
175
68838
3175
1957
7833
4755
90061
2006
1078
85
760
2353
7123
3683
3196
2109
2041
48738
51935
4978
36535
2551
2700
3077
6591
3929
80463
6618
7802
5105
6365
7981
605
2890
2395
125
1218
1020
122904
3134
3213
91529
2985
58347
281
3703
1296
8638
3060
2594
3771
2664
1935
27846
7566
52767
6350
3275
178
4103
7669
81932
3357
1361
3671
3421
68358
3499
3989
2938
3791
3896
1179
951
2141
30
55267
139385
6787
893
2432
766
2248
42418
7456
4151
51255
5319
1087
2359
5446
84152
2118
66934
1257
3504
4437
3612
940
1729
26
68135
5146
4384
4037
3811
728
3943
70293
7375
1564
3301
26084
27660
97
2071
943
8580
3546
42004
290
6970
6662
5062
4404
7700
2579
2660
1824
509
2947
2541
110501
1175
5500
2423
3414
538
97938
96811
2140
2644
587
5949
440
909
5460
3476
6281
88129
3742
7088
3038
1178
1061
7360
3363
26662
26131
26712
50658
5341
4007
91500
7757
6971
32598
72226
1498
1050
3429
54259
1594
64716
5238
54276
8981
7285
8949
89804
41
55276
8530
7766
1188
7380
92259
1941
2084
3081
233
213
3167
50068
373
2973
921
52952
55442
2151
3359
56152
46919
91886
26133
78316
5102
2208
837
27831
86377
4023
37240
1537
6104
52328
5103
32898
95167
3624
1120
3308
26268
31921
754
55269
3200
1964
7836
1635
3210
5540
942
7649
27801
53000
5114
2732
6380
7698
5690
4776
4054
59501
4422
8622
3548
262
6724
2403
26865
3905
26554
2139
2925
229
33794
96075
8261
8123
4428
8264
7087
86487
4410
55063
53887
2283
26501
5475
74089
58649
26797
163949
150856
101850
112577
114464
104119
106100
5810
3872
2355
3105
6783
4623
59315
6021
6985
5377
107406
46062
80489
599
1131
2287
4263
2116
4809
162
1994
119145
1234
1057
117176
215
5380
50742
50740
1333
3479
3350
222
3638
861
322
72011
69122
4105
945
96079
53519
60950
59784
3417
86320
930
89470
65130
6358
1835
1885
98809
5291
3952
5367
8125
101
6777
49957
7451
3468
59995
3736
1177
33834
54997
100714
1283
83134
45183
6582
4432
4801
91653
7373
96728
89
55052
104069
92535
8477
6852
107559
