user_recommendation
318
296
527
858
260
50
593
1196
2571
356
608
1198
2858
2959
912
1270
4993
589
1210
110
47
1221
4226
1197
5952
457
7153
2028
1
1704
1136
4973
1193
58559
3578
1089
293
32
750
904
1291
1225
2762
2997
1617
111
2918
1240
1247
150
908
1208
364
1203
778
541
899
1213
923
4011
6016
1252
480
969
48516
2692
1200
79132
1259
1148
7361
919
44191
1036
1214
1732
2502
3996
2396
913
1968
1682
745
588
1073
595
2599
4878
2542
497
953
1228
3897
1219
4963
2804
2329
1250
1206
1961
920
246
3114
1304
903
2019
1207
1079
48780
2064
926
36
1097
32587
1233
2797
2716
1230
1625
1060
898
6874
4306
1307
1288
6
6539
1028
2324
1204
33794
5989
235
17
1293
1387
924
1222
4995
1267
68157
1246
1258
377
33166
223
555
8961
2791
349
1212
50872
1265
1220
2115
1276
1172
1244
2395
59315
161
1945
1199
1500
1947
3462
1953
4027
1278
5669
905
4979
5995
3147
1610
3730
1254
590
337
357
1394
4886
78499
475
733
1090
2917
922
1217
515
7502
2580
720
1234
40815
2300
3363
55820
2987
1287
3949
106920
1094
1673
954
2318
1952
1035
910
1674
3481
2194
3435
25
33493
1077
474
4034
994
1356
380
1256
232
56367
2186
3683
950
59784
2291
46578
471
1223
70286
1263
3088
49272
44195
2081
1080
5418
112852
2289
8874
1299
109487
5618
6377
1224
1266
628
2076
3362
1580
2501
3006
2761
509
2712
3035
3471
1393
30749
1179
162
6502
1912
800
106782
49530
8368
3000
54286
92259
1784
535
2359
3671
1192
319
1527
3735
1284
1292
1272
1201
1084
1269
1285
44199
3504
1939
86882
5010
194
3868
76093
300
3095
21
11
88125
1957
3083
115713
1466
31658
2243
4235
8636
940
534
1096
2144
1997
3198
529
68358
39
1357
1960
1264
3307
911
3476
2871
2125
81845
1209
1948
224
2971
3421
3246
1178
30707
68954
2947
951
116797
3039
68237
2355
6711
7090
306
2268
1175
3256
671
1280
1959
2467
1262
1374
2973
508
3791
1411
2739
2137
3386
5971
3983
54259
838
3317
2690
74458
6787
89745
2132
1131
134130
6979
3952
69844
8665
5064
60684
110102
1361
39292
57669
1237
51540
7147
741
122882
3359
265
3448
1235
51255
54997
1923
29
2231
7099
1260
538
1834
115569
1680
233
1218
1283
4308
3429
8970
2248
916
96079
4623
3469
3104
2232
3210
7451
142488
968
65514
2078
1066
3200
2108
27831
5500
1023
1215
50068
8798
914
1029
5444
35836
1396
2288
47610
3361
81834
106100
1584
88129
4085
4901
3022
86
6942
930
1927
62
946
7143
101
38061
2366
3134
1248
1641
1227
72641
1305
955
85414
34405
3468
1688
99114
5956
2160
8132
3068
3072
900
928
5991
1231
307
261
3499
549
5225
2890
175
149
1257
3916
1994
3341
1376
16
8622
69481
4033
104913
3152
230
373
2529
3037
2944
2929
945
59369
1955
3203
1302
4103
2648
52
1408
1103
1748
2313
2857
1963
1944
2208
1754
81229
56782
921
3044
3101
6796
2138
4489
54503
79702
3252
3201
2935
2080
2938
1101
4361
44665
2020
4007
492
2391
69
3196
5630
2664
2686
112552
3510
1345
26587
146656
2846
81564
412
428
2863
109374
3020
60069
368
866
973
3213
52281
6807
2357
6378
97938
280
3915
3545
63082
3505
58
2406
942
4720
3007
122886
3358
2202
96821
581
2687
2912
1934
1719
3016
1095
1238
3728
3527
2985
28
1827
89492
1189
3548
1300
1120
1127
91529
26131
3703
2245
933
322
3038
54001
102445
2459
7438
90428
1281
8784
1967
54881
4427
3153
4873
3365
1194
3089
72226
81932
6870
2795
4914
3033
65261
3676
64839
2109
1537
2303
4571
84152
123
1946
7386
4128
3814
26729
1663
104374
6669
5816
1032
3310
27660
2746
1086
40819
1449
8366
1954
1303
4322
2087
8958
440
272
514
1982
27846
1343
2070
62849
2490
2352
81591
80463
353
6380
308
5114
215
27773
85774
5992
5103
3062
2925
927
156
2102
88744
4014
3034
2005
106438
73290
6932
53123
41566
85
907
100556
140174
3524
105504
69757
86781
97304
3175
97
68073
299
1211
88810
26776
87232
2278
3160
4277
3320
115617
3260
4731
4302
1859
5071
2951
1845
766
3263
1916
943
8807
85342
2612
3360
91658
3167
2068
2203
7116
562
2920
1860
164
3811
7802
80906
97921
3355
2728
4037
2726
3672
2572
3420
8228
909
1147
98491
82459
7075
2553
2919
3364
1261
116897
3030
6565
48738
3328
6662
56757
4056
596
121231
111759
4903
98961
6974
5477
3742
3406
3606
2331
3512
6440
82
30810
106696
3414
477
893
45950
728
63131
6104
345
3788
2640
6331
1249
3060
4017
2463
3342
2961
53129
1950
241
281
431
8972
112
3111
348
3098
8950
2670
1931
915
556
2932
6188
5446
93510
55069
67997
6918
2474
122892
100714
73017
111781
805
178
8981
2968
30
5893
7212
52952
31878
64716
64285
54995
2131
76251
59126
80
3501
51935
6643
6187
1921
38038
2130
107406
3948
4357
111622
6350
3091
115122
112138
594
30816
94466
7482
3801
1616
7137
2099
5876
1019
5903
1884
3470
51080
4029
2745
222
3270
3536
759
2434
1271
54372
2729
107559
501
27022
2010
106441
3194
2924
59995
1366
42004
3724
65642
2872
735
116
91653
7013
7132
4187
6975
102993
78574
68159
7285
4210
7256
151
6273
148626
3739
1253
262
7156
2106
2696
93838
3112
2750
26662
77455
452
42718
1958
3629
87222
4190
1693
2344
803
3417
3871
7263
4406
117529
363
2721
8933
134368
39414
6235
6708
1279
8645
70293
2066
53519
128360
5377
1185
1296
94959
2788
3686
55276
1464
1904
26242
1797
4086
845
107910
5608
91104
2085
73344
4105
1689
26152
1949
2096
3706
93320
50641
5244
93855
1161
3018
935
5679
112183
1150
2819
108583
4626
4632
850
44788
1935
31116
51471
40629
52604
2330
2442
79357
