user_recommendation
318
296
260
858
593
356
608
1197
2858
1196
50
1198
527
110
1210
2571
2959
150
1270
912
1089
1221
47
4226
1704
1225
2396
589
457
1136
2762
588
7153
4027
1213
1203
2997
2692
1
1193
32
1265
923
1240
111
904
58559
2028
750
36
1291
1259
364
908
4963
1682
4973
2918
778
745
1208
969
3578
1732
913
5952
1172
899
6539
4011
3996
6016
1968
4993
2599
1617
1219
1206
1207
7361
6
349
497
2804
953
541
3114
590
4886
1148
293
1625
2797
1246
1214
1097
2542
48516
1961
3462
5989
671
910
1060
44191
1217
509
1247
4979
480
1304
2019
1356
1957
1199
733
1230
79132
926
1394
7090
4878
1280
59315
3147
1250
1204
3176
2186
46578
2324
1252
1945
920
1200
54286
1036
2064
161
1293
8368
2329
922
1387
4034
1269
8961
1079
2501
1251
300
5418
3421
62
1276
11
50872
2395
3949
3481
1267
33166
2502
223
1500
33794
5064
595
1923
3671
905
68157
3910
1228
4995
3386
34405
1258
2791
1080
5618
474
4308
2289
8970
56367
4235
68954
2739
3793
1307
5669
508
919
72641
648
1610
2580
49272
628
32587
2
1927
337
55820
555
1287
1212
116797
6377
3310
3361
8665
1201
898
232
1223
40815
2351
1663
3006
368
994
30749
5992
2716
6918
109374
928
903
2300
2761
314
49530
1224
2132
3435
68237
106696
1354
2268
1244
7502
8636
3967
3983
1748
4306
4014
3897
1262
70286
911
51255
5225
3246
3083
76093
3307
2355
3548
48780
475
1885
1283
69844
4019
73017
909
2068
30707
134853
2863
93040
41
3745
1260
3067
1947
6874
1059
3471
122882
1254
44665
5013
1094
1408
1175
2947
916
2301
1954
5971
1952
5903
2731
3072
85414
194
88125
1860
1233
26242
914
377
1303
1028
1527
27773
1049
1103
3033
2908
5995
1639
86
6565
162
1584
1959
5816
59784
5444
1034
7136
3510
1537
1248
81834
54001
31410
39
3251
535
2971
951
40629
88810
1673
235
1237
33493
3363
345
353
8955
3952
1104
2125
44555
224
2763
1950
272
1834
3275
932
4914
3198
97938
54997
673
946
1466
106920
80463
2243
3916
81847
412
5991
1674
2686
2231
1131
72226
3256
29
4085
529
3104
109487
2176
3730
57669
1300
6643
2359
44199
5902
30810
109249
2208
7371
2194
538
838
954
73290
2712
97
1939
3735
8874
1178
175
1073
6732
6333
1263
34321
924
2690
1077
2946
2917
3868
1333
7013
8228
1997
1305
6001
2976
64957
1653
4623
942
8132
1963
7256
471
2115
3160
94959
1944
1256
4188
4033
955
134130
2291
54259
3499
4896
2010
44195
1215
837
53123
950
1090
3089
3594
930
6350
255
89745
780
1953
3424
3565
1641
534
5114
1231
5673
1380
4846
8880
2434
2011
2403
7320
3007
2490
2248
35836
16
2788
2726
2144
1658
6807
6669
2846
2871
3448
454
7116
1955
3364
1222
8981
85
2687
6863
81845
68269
2321
2081
6502
1884
4187
6936
2202
3000
3022
107559
106441
3100
3359
222
915
4178
1124
6711
3811
3174
115617
4191
2078
1281
74458
1680
106100
492
54503
4205
1916
4424
1754
26729
6773
2520
6273
2076
6783
3360
7373
7147
2670
933
5010
7263
764
319
8464
99114
6380
6378
7099
3468
1278
4189
3498
56782
5630
3260
6881
1066
91542
54281
81229
1299
2278
3909
3845
1692
4177
8645
106438
3252
2366
106489
8042
4184
8958
37741
8125
4190
2648
4978
1211
3470
46970
7063
1035
668
921
4642
1127
2357
64716
309
6975
63082
27803
96079
1729
4103
32289
41573
79824
80839
48791
3095
156
69481
2344
3783
3270
66934
81591
1643
2890
3703
3686
2924
5876
17
1688
3179
1358
2929
2925
2333
112852
5152
7143
65188
3101
805
25769
1257
18
2948
142488
7773
39416
3178
141
3739
5103
3786
6281
1719
52281
1227
2020
5812
7445
2961
39292
7767
1084
1220
1907
3037
59369
73
7072
110102
98961
299
3543
1941
3451
1982
3044
3997
2949
69757
3129
2529
27846
42004
3196
3134
39414
5633
268
2423
1202
670
6611
7070
3245
2142
8933
26614
3362
7132
4007
2920
2131
3098
8528
55442
4357
64034
6787
2336
1948
44761
70293
5146
1994
61323
58303
938
98809
3263
56152
3203
2467
832
1407
5110
106072
1273
1218
207
501
3545
2137
5177
32525
3683
1552
1797
2108
3701
1792
41566
2330
8199
514
87232
63853
89759
8542
1147
3505
101
6979
1021
2109
1735
850
307
82169
3035
1183
7669
81932
40583
1608
112552
4016
2232
4422
81564
2245
373
3328
483
3702
6269
5291
845
122900
38061
2826
8827
53956
2745
3791
2820
7091
1264
3911
2573
2572
357
6235
55267
1288
4054
741
931
1238
8188
53972
2612
1357
2096
2620
146
84152
2728
8873
1020
1946
2795
543
92259
69
4086
88129
98491
3168
943
105504
68838
4225
62849
3527
3980
6724
3654
632
53
104913
1192
58295
55269
2553
1096
50068
8879
30816
1699
3418
1112
106782
4273
965
3015
1396
581
59995
100714
7386
4967
5446
102445
2046
3091
4179
431
2657
1032
229
800
3038
102993
7766
59731
2391
6786
44788
3011
67087
54881
2936
5008
5135
4873
3632
1827
67508
4326
1292
1099
1965
89
7061
53883
1393
548
99149
73321
2331
680
2624
1805
52458
8493
2026
2203
3742
4427
4380
3787
2038
4616
6412
6003
54995
5147
5391
1661
3629
6552
2736
58347
51412
122892
6662
115713
2138
1298
1249
52952
45728
2273
4018
81562
3420
3414
32029
1914
6959
468
8650
8807
6932
6440
866
945
3355
2363
76111
1845
25852
2927
7208
4612
8121
47728
80969
2282
3159
4322
3111
8917
2084
8340
6879
613
97304
5367
51935
1242
2912
2819
6385
7285
6873
446
1209
47099
7941
6107
59447
69761
107555
48682
71180
98587
97826
102753
4114
36708
3546
290
86882
87306
3476
971
4263
4720
1810
1023
91630
37729
1095
4037
2066
45950
7164
85179
348
2774
7943
7616
8641
2160
