user_recommendation
318
296
527
858
593
50
608
2571
1196
260
1197
2959
4993
356
1221
1270
47
912
293
778
2858
7153
110
589
1198
457
4226
1210
1
4973
1193
32
3578
1208
1136
5952
1089
1213
2997
2028
1704
150
904
364
1222
79132
1252
4963
111
1240
1259
541
1617
2324
1682
2918
5989
36
908
899
1278
1214
1968
1291
4306
923
2291
750
1203
2762
2329
1961
6016
1276
2692
223
903
2599
1204
4878
913
4995
1035
1207
1225
1073
1732
5995
969
919
1246
46578
4027
1247
2502
6539
58559
2300
595
56367
2396
48780
1199
1219
2716
6874
497
3671
555
1148
7361
4308
1228
2542
1060
4034
1610
1265
953
8874
3735
1653
509
1206
2797
68157
1200
235
6
924
3897
1036
1304
926
1250
1580
3481
1258
1625
246
44191
1285
1230
745
1090
920
2395
1220
898
2268
733
265
17
1084
471
1500
922
48516
29
68954
910
1299
475
64839
55820
2076
4011
3793
1394
3996
56782
25
2064
1172
1356
2019
30749
1287
7022
16
1231
7438
1267
161
2804
357
1466
349
33166
57669
63082
6863
474
8368
48394
106782
1960
11
6188
50872
1266
954
3362
950
1269
1028
2580
78499
27773
116797
1234
62
628
1235
2160
741
2871
480
955
1097
3683
1729
5418
5816
1952
3462
4361
1096
515
1784
1254
7099
1953
1333
994
4886
1947
175
348
1307
2289
109487
508
5064
40819
337
28
2194
81591
3006
109374
1293
1103
2243
3147
3424
4014
1223
377
800
3114
1079
1244
1288
134130
32587
1967
2908
1212
2144
1179
1411
6377
3421
70286
88125
49530
4239
60069
1263
1673
3418
106920
1945
928
134853
194
3499
4103
76093
1674
2005
2115
232
3072
2359
588
112852
104374
3730
6807
866
551
2917
2248
1357
46976
36529
2391
7802
272
3504
3471
5377
3868
6350
1272
2318
3363
5010
3468
1264
2232
1095
30707
81229
5954
353
1292
1956
2863
2321
7502
79702
2109
86882
5618
6565
72226
96079
914
2761
7147
5630
1281
5782
2739
1374
3408
5971
2924
2186
1175
1584
1077
951
6502
1215
671
2501
8132
1957
3198
3359
68073
1094
81834
1233
2303
440
41566
1305
3275
49272
5956
1238
4848
2467
7139
529
280
6942
2916
4037
115713
99114
5014
2474
8950
34405
314
3949
921
4007
590
4896
80463
48738
1217
1147
86
2890
6796
1248
3788
1950
735
63876
6870
1954
58
2394
5669
1218
33493
3033
916
4235
3201
8493
3317
2231
3686
971
1282
3152
5152
68358
3543
1178
5444
3019
81932
1284
4262
96821
3361
838
69844
1393
266
8638
6440
7419
1939
1224
3095
7235
930
64614
2729
581
40815
106916
477
30816
5225
2952
1962
96728
31658
441
1361
3038
1964
3089
59784
5812
3653
8958
44665
68237
54259
1946
108583
1201
2726
3000
64716
115569
44195
5060
431
3213
900
2764
59315
4326
6711
2944
2106
4085
1395
3111
1280
3814
933
69122
115617
2700
81564
54503
106100
2459
3448
112183
1845
213
3556
1019
3104
35836
1296
82459
4696
64957
5146
968
1343
2971
3034
94959
2070
3952
1249
902
1303
3307
1080
2841
7090
1366
85342
121231
2108
3507
363
8949
3068
3252
162
3203
1185
1104
1260
115122
2686
106489
1257
215
412
4450
452
2490
1387
3022
1719
4783
128360
2763
1211
373
7087
2795
88129
85
946
7844
104913
1256
538
80489
85414
2020
111921
1449
3724
1834
720
74458
2067
3879
3088
7285
3167
2065
1537
1242
281
6323
4467
1189
7116
8908
1192
2644
945
1131
93855
1641
2728
1262
70293
1277
93510
927
4263
306
2132
26662
8665
1959
6773
30810
3551
2312
44555
3310
3342
81847
8228
599
3100
26152
3081
4857
69481
805
146656
648
95510
905
67255
2125
44199
2875
422
423
6001
38038
50641
5244
93320
2105
6979
4432
534
27831
380
7451
42418
911
5103
3067
2336
319
5446
2926
3035
300
1754
428
4448
105504
3684
3071
3186
8530
2648
8360
6461
79357
97304
7064
1873
7013
122900
87232
49957
34332
663
4489
2987
84152
4846
1237
73017
79428
1202
3355
2357
233
3070
5349
7669
66097
2791
3153
1594
3741
125
32898
1209
1183
3702
102445
6385
6378
61240
2202
2780
26729
55442
8633
91658
322
1088
58803
5690
5293
3360
38499
139385
3789
4343
1948
55247
101525
4717
2880
876
4567
4442
4565
31435
108981
4478
1283
3627
92259
8970
27660
4422
58295
2041
81845
89745
93838
6281
3044
52604
4033
2352
31878
390
45728
97
6333
90061
4755
4223
69757
3272
1921
3983
1023
3467
307
102684
108727
4166
261
71135
104841
8798
89904
122892
1086
6732
5074
1649
112552
282
4465
6419
47610
5876
4623
942
55052
7132
53956
6452
86320
52973
51540
1243
3135
2912
3469
1251
108932
53318
2330
1527
909
18
1598
3330
1227
3510
8183
106696
3811
55290
2925
5902
55276
2690
2687
52668
2962
1994
3256
222
31410
3386
98809
6787
34162
71264
4019
147
3246
140174
2420
262
3435
1429
6662
309
1927
3347
6436
30
5460
37733
178
2935
5114
2353
2078
2096
91978
34338
114060
4211
62344
99145
3060
6273
662
3763
1191
5732
8589
26258
122882
6104
1261
3771
1120
56152
127152
4519
27317
1645
3783
3037
901
247
4349
2118
8981
2331
766
1041
52767
3178
86377
106766
2788
60756
51705
3219
7833
37731
2946
39
55721
4121
1916
99813
6591
111759
3298
1694
72011
2611
4443
6620
140
48696
65514
8807
7320
76293
4522
4617
5960
4088
82667
6669
3168
4844
91542
3606
4642
135887
907
2919
7263
26524
2026
66934
1734
6077
8711
2203
224
3677
3546
2288
230
72641
98491
27022
33171
8675
4459
2140
8641
3016
1827
4017
3101
4410
85401
535
6184
4787
26326
915
1301
56715
56339
4356
99
102123
1753
4292
46322
87192
74416
104944
5341
117176
5017
3429
8580
87306
55267
6659
6987
112138
2819
1661
7256
8019
86504
54881
96829
2066
164
3007
2138
1061
96588
1188
4159
