user_recommendation
318
296
2959
858
527
593
4226
608
589
2571
1221
1704
3996
293
50
2858
47
260
1196
1270
356
111
2997
7361
1193
4878
3481
1617
2502
912
1210
110
4993
1206
1198
4973
1968
2918
32
1213
1252
904
4979
2395
223
903
79132
1208
541
899
2762
924
1197
1259
1307
1247
778
923
457
1288
750
1089
5995
908
364
3210
1912
16
2329
1200
2318
590
5445
1244
1203
5952
1500
3949
2291
6787
2324
246
6539
306
5669
1625
1393
2791
2716
4903
913
4963
2232
3897
6016
1207
3039
1732
5989
2064
1997
70286
800
1
3983
1267
1961
3730
3317
4361
2572
480
51540
555
1214
2019
3083
115569
33493
549
1060
1041
5500
4873
595
33166
235
1859
1209
3266
26131
26587
86781
5893
149
82
5071
4302
4731
3320
2005
5377
3915
4235
3707
33794
5477
3911
1225
1291
3160
6711
150
2692
4056
58559
1580
6942
5010
5679
1219
720
3868
1136
2712
4034
1223
953
2890
4489
106920
175
2987
968
3033
1258
39292
4886
32587
1095
3471
8798
1466
3476
2028
69481
6796
1263
1036
3246
6502
6188
2289
3006
162
6874
2599
357
89492
1222
44199
3504
4210
508
1955
1234
5955
1387
3020
4630
3437
3696
5765
9010
68358
38061
8645
60069
103228
44191
26729
65642
8949
1266
2144
1673
215
2396
116897
46976
431
2413
2243
1407
2076
6
4246
1148
4262
111759
2194
87520
90428
308
6932
51080
1635
112556
3000
88744
134368
54881
54372
803
8957
107910
1689
5269
62511
3175
1394
307
4066
55820
7034
8914
42718
48780
1250
1186
78574
1921
121231
111622
3253
1035
112852
6870
111781
497
1945
1610
1464
2108
3788
2420
91653
70336
2973
2871
1094
3362
1228
3683
1653
76093
1249
3300
88125
5957
101
3948
1172
5618
21
919
68157
2700
4027
1230
1347
1923
17
4085
4033
4995
85774
40815
2671
475
156
322
140174
1079
109487
2686
1179
6807
1278
54503
4901
106782
2231
1293
4015
1097
1884
3854
2795
56367
2594
1952
1845
866
4017
1827
1231
85414
35836
1719
7802
1584
300
2707
80489
194
994
68159
145
4571
1573
3328
2797
1396
529
232
911
1240
4427
909
27721
2916
2160
59784
3536
926
8958
4533
6063
8937
1029
745
77455
69524
1682
110102
8132
36527
4322
6440
3104
59315
1285
91658
1956
6975
48516
34
3108
5782
140267
3505
3952
68954
2580
29
3301
1218
233
4029
441
4914
8368
2321
2905
59126
2985
164
1860
969
2455
535
8264
8961
123
2105
8665
7484
2983
1201
104879
87222
67997
26152
4584
27846
149406
3030
44788
4144
2925
45666
56563
1449
115149
2248
6271
1289
6327
97
134393
5792
6816
4079
99811
83827
100556
74649
114635
160567
159858
5662
3010
5075
1546
4271
112623
3128
1212
6377
1953
4623
25
68791
117529
3060
1297
1176
111443
86833
50872
4713
1261
7451
57640
3261
3571
3728
94677
3569
27020
7022
6641
3298
5515
4678
2912
111364
1171
353
90531
107406
4007
3265
3794
48385
2804
4128
471
5992
4728
40819
8784
5959
54001
48774
56782
7153
3633
851
7386
3943
3147
3653
2542
5135
5
70293
2993
1073
1304
3556
4306
6957
2949
515
80906
50851
3361
92259
1272
1147
920
3882
1233
474
543
1265
5103
27660
4446
6944
115713
1194
443
1084
1282
2640
8638
8636
1361
2006
538
78499
1343
53996
1093
661
1189
2944
785
3578
8874
6979
2302
49272
8873
96488
4738
2134
2761
8917
41569
81834
8228
7090
52973
2313
1284
5673
88163
72641
7502
3703
1254
44555
73344
2478
5319
5617
68237
85
55276
1175
7123
3101
1028
81229
1127
125
5008
3554
5597
3363
3089
1641
6731
4723
5971
1215
3499
2132
7265
5812
337
2421
37733
4718
805
69844
1357
93840
534
2078
596
112138
2133
38038
556
4105
6187
3468
60684
6370
380
34542
520
6650
7099
5291
64614
1834
111362
1260
1090
69757
3435
3989
60766
2371
2115
648
8641
3198
2788
8582
1227
8870
3270
1283
1904
2003
5380
7560
30707
1960
73290
6323
3129
6883
1188
2366
373
3424
2391
147
105504
1305
5339
62374
7010
97866
137337
146656
106332
158528
5000
156609
104211
158238
5346
59519
112370
60295
86898
83293
3577
4005
90249
115502
139757
97393
67665
6442
90600
63113
71211
1964
7569
39183
5069
33154
7028
2501
149354
163
62434
4945
4466
5055
898
104374
4772
3034
733
66097
107559
106441
31410
553
3189
64716
14
2387
36
4014
96728
108981
102684
108727
333
764
5064
134130
122892
99112
148626
8376
1489
96821
3551
2333
33615
106100
31408
117533
176
3869
142488
100714
428
3386
1914
2186
102993
3105
7143
303
180
2990
280
1086
33660
7698
3526
74727
1299
104841
3791
101864
7139
1619
5810
494
1248
3438
1104
4022
40629
1381
628
1042
4888
1892
2407
3429
6380
1321
1103
86882
1280
31658
562
106438
7360
4351
2167
4755
90061
3984
1256
3439
42418
1537
3334
8464
58351
500
111921
2174
2071
55118
8807
928
8622
3686
6598
955
81845
97938
5540
3152
1752
1178
63853
1173
1694
1061
2357
3077
68135
1350
4132
1954
1957
213
3638
4967
42004
1950
349
7096
8981
3896
93510
1204
88129
4103
1274
3201
3724
2575
1287
1883
4378
61240
97923
2496
1279
3676
7075
55451
4450
7285
2140
8970
2819
37741
81932
3702
4369
1639
3167
7156
2648
48738
2406
1405
2303
5165
8864
3774
1447
424
2297
3359
1889
31221
4006
7132
1680
288
7827
6350
1111
7008
2118
41
71462
281
62344
52668
51705
53322
2690
5608
53123
2106
1594
3037
2962
1245
3512
1012
933
5791
2300
94
2020
5876
1224
481
3285
86320
531
4021
1096
101525
1962
4880
3725
114060
5002
126106
665
6433
89745
6852
69134
3671
900
3635
1129
65261
78209
89904
2434
1982
1566
81562
96079
4008
1994
4326
2280
6724
2459
249
55290
4020
1354
2000
5446
4720
2863
1754
41716
6983
2872
4679
4084
5049
72998
3852
56152
6993
290
2288
5388
45950
