user_recommendation
318
296
260
527
858
593
50
356
2571
1196
2959
2858
4993
608
1198
1221
1704
4226
7153
110
589
1210
5952
1270
2762
58559
1197
1213
1
4973
457
2028
778
47
1136
111
1617
1089
1193
150
1291
2692
32
1225
2918
541
912
2396
3578
1203
6016
293
1240
908
745
2064
2997
2542
2804
590
904
4011
924
3147
750
79132
7361
3996
4306
1252
1732
1304
364
2324
1258
4027
480
4878
1288
1259
899
1036
923
5995
913
1148
953
1222
1200
48516
4963
3481
1079
56367
969
1580
1208
2599
1207
1954
919
1246
32587
48780
5618
2329
497
1682
920
1060
3897
1247
6
555
1214
1961
5418
6874
1228
8961
6539
1307
509
33794
337
2797
4995
1223
246
1212
1267
349
2318
54286
1527
903
4886
1230
1947
1953
1234
55820
720
5989
588
3949
2502
2291
357
6711
44191
319
4034
3363
1957
1219
1610
1250
1968
1172
1276
194
3007
2019
3114
1265
1199
780
994
44555
68954
905
1387
1090
7502
1201
59315
3421
21
1358
50872
1674
474
6502
2501
2289
733
36
57669
68157
3000
5445
232
40815
1263
1215
1233
68358
6377
1299
5669
1356
161
535
1997
898
1192
2186
1500
2194
2716
44665
1272
73017
3006
1293
508
162
3160
3730
31658
109487
2137
4235
3307
51255
27773
2268
1073
1094
8665
58
74458
6787
40819
4896
1584
475
471
2739
1080
3104
5816
1673
3418
3471
16
911
76093
306
926
307
3468
914
1084
34405
141
272
70286
515
1945
3504
1923
2132
3462
8368
54997
1217
2871
2917
2467
595
49530
2125
72998
68237
1994
69
92259
1361
3088
116797
69844
78499
1097
4979
3448
922
2395
2490
25
950
1729
1204
30707
2303
79702
54259
529
3435
1449
300
89745
2144
1354
41
628
1278
80463
1625
112852
1952
29
1220
551
1035
3952
2890
553
54001
2005
59784
1960
1374
2690
3510
102445
7090
7143
741
3362
8874
3683
81229
2406
1256
2115
1269
308
33166
1343
86882
44199
1393
7147
2761
2231
800
3548
3911
1333
916
8228
501
2278
3089
1175
3095
3545
3983
3735
39
265
5903
1834
1287
81591
1264
63082
6565
1641
290
1227
4016
106920
1086
1028
17
6807
6796
3201
106782
2971
942
3671
2300
1249
46976
2288
4085
3360
5010
1189
5956
11
56782
348
2248
3868
1081
3035
69757
3152
1209
5064
2712
4007
1784
2846
67087
581
1231
3527
2020
3246
5630
3100
1394
6979
47610
106489
6440
8132
5444
4262
368
954
951
3198
52885
49272
5971
4873
1302
262
109374
1244
3512
59369
6269
73321
1955
1147
930
6942
1284
3359
1023
3967
39292
81845
1127
1680
3083
1095
2580
440
5673
99114
353
968
37729
52458
8798
1245
2795
233
64614
1261
88129
3521
224
2973
1376
30749
87232
56152
4086
2359
223
1484
230
671
1254
64034
1466
4903
2863
2081
832
838
62
1912
1021
2791
7438
63876
2366
65261
91104
86377
1260
151
235
46578
299
1292
96079
222
1701
110102
1939
58295
4450
2463
3098
938
69122
1298
5991
1019
1688
6552
3200
51935
70293
3703
3742
62344
2138
377
2243
3068
3178
648
805
3044
412
8644
4641
51412
44195
915
91529
91542
52668
1262
2948
4299
1077
51705
1211
4223
5060
54503
1845
62081
60069
36931
27724
3543
3365
1411
3317
27611
5299
3451
281
261
4679
134853
7256
56251
88125
2694
1916
446
74946
85179
2987
1099
3071
1131
13
4017
2352
8641
31410
7386
946
8950
1032
2067
2102
2520
2023
106100
3355
4427
71838
1956
928
3030
94466
104913
6959
6754
1663
6283
1962
8970
50068
1927
4022
4246
2962
1321
6378
82
973
7323
2529
428
33660
2935
1959
3101
1946
3414
431
3167
101
5464
1921
81847
1281
73290
3916
539
4010
89804
2788
1251
27478
3499
2371
5902
3033
115617
3350
89904
38061
2841
178
1061
390
5055
61240
3019
3653
3791
1283
3252
1950
1537
933
909
7027
3081
1357
1096
2968
2357
134130
85
4128
2819
3358
7212
1948
1958
96821
596
28
1103
3505
8784
2202
3039
39183
2073
6380
1218
97938
1257
122892
65514
115713
3263
2671
2664
268
900
1944
1120
108979
1238
945
3022
31696
1178
8607
92535
3852
632
1248
53
7156
940
7099
4033
69481
3037
36527
67997
2938
5114
49278
2563
106471
3801
2447
1345
112552
5782
2284
6669
5747
1619
247
322
6331
3508
3038
3811
93363
1464
4483
45950
917
6286
62374
538
3168
3181
2779
72641
5446
60756
907
96829
26587
3213
175
2929
3364
1066
6662
1275
1552
2454
6870
64285
1124
1082
6732
26776
1300
8807
98809
3635
3420
104374
2936
122882
8154
1942
4848
3783
1964
3927
6879
735
27831
45
2984
2344
2096
1104
937
2474
1810
106696
1734
4518
8208
88810
850
4019
2355
6242
1352
5876
7285
3429
3062
5500
253
1937
121231
2866
62956
2423
2106
2208
6612
51471
31116
280
85414
2391
31878
4076
4930
4796
4591
1563
1450
5427
1819
565
8370
1255
4489
3706
38038
5878
373
54881
55250
1185
4029
1280
58803
3020
4187
4623
1616
3639
5791
88744
3011
1206
6385
6350
3111
97921
81564
7137
2118
26326
66097
931
6003
2078
122900
2068
48738
142488
1171
93510
458
1884
1934
97306
84152
1059
1938
99764
1885
1101
68554
5882
6986
4466
4945
3871
2203
31184
2267
146656
2150
3134
549
2245
6659
3203
79139
52950
534
3892
53123
56775
935
2434
4321
72171
4352
41566
84952
2080
1173
971
54372
52435
3475
33493
4105
3672
3334
3300
130520
3476
5146
562
6235
36517
6214
3219
2099
4888
2087
67408
2874
3629
4190
3112
156
7787
97304
52281
3129
635
1794
5147
3194
3503
59018
71156
4465
2648
81932
1282
4366
57504
65642
30810
1277
3737
2981
1933
5866
71429
40412
112138
100556
116897
321
55267
89774
2160
7569
2944
4454
58103
27846
6993
249
59814
73808
72011
4014
206
441
2745
6281
3929
5812
5300
2726
