user_recommendation
318
296
527
858
260
593
50
2571
608
356
2858
1196
4993
1198
2959
589
7153
1270
1221
1704
5952
47
457
110
912
1197
2028
4226
3578
1210
778
2762
1193
32
293
1136
111
4973
1291
1213
904
58559
2329
1
908
1240
7361
2997
6016
364
1252
2918
899
541
919
150
1208
1089
480
1258
36
750
1036
1617
1222
48516
1203
2324
1259
4963
1265
969
1682
1225
46578
1732
3147
745
1200
3897
4878
1204
923
2804
79132
6874
1247
2396
17
246
6
1968
2797
1073
588
68157
926
1148
903
953
5989
32587
55820
4306
2064
1214
1199
8874
2502
1228
913
1219
1035
497
1625
733
48780
44191
1961
2115
590
2542
595
898
194
5418
2692
1060
2716
1080
2599
1304
1220
1288
377
5995
6539
1250
475
3481
1207
555
4995
920
56782
1084
1230
4027
1206
3996
1610
2917
1947
3114
1293
349
994
1285
2019
924
474
54286
4011
27773
1580
5669
1278
4308
1079
6711
1256
57669
78499
910
56367
3462
25
1172
4034
2871
1673
1953
2712
8961
7438
106920
6502
1307
81591
2076
3730
16
62
1096
1674
5618
551
30707
33794
1028
337
116797
2303
1287
1784
2580
1224
235
3362
265
1299
1212
2186
954
4235
70286
1276
50872
64839
1264
2300
581
1254
106782
175
1466
109374
357
6377
535
515
7502
86882
1097
922
3363
1217
1945
74458
59315
1233
1246
838
99114
1267
29
2291
33166
2971
2395
671
68954
3868
161
955
1361
2243
79702
1356
2739
5816
3504
1952
471
1500
2890
1262
2194
950
306
3152
81229
529
1939
28
968
30749
1077
6796
3006
1358
1393
51255
1234
109487
1263
3468
1357
1269
1094
76093
86
2132
1957
1266
31658
508
1411
1090
44555
2268
648
1374
1948
3418
534
2501
3088
11
2791
2863
905
7147
5902
5630
2690
1527
2761
134130
1960
1296
54259
3435
307
2144
40815
8368
112852
80463
3035
34405
49530
927
1584
3793
1095
5064
2336
8949
2467
44665
73017
348
2359
2005
3386
92259
3424
4886
1215
2231
3160
54503
628
1103
1192
81845
2289
3499
866
300
68237
35836
1946
5991
232
44195
1179
1231
81932
69844
3471
5444
6787
3198
900
1719
3421
1959
1729
3101
3201
3683
5225
1244
88125
2078
1235
1023
3038
1956
4007
39292
3510
2278
3007
2938
538
54997
7090
63082
96079
1449
68358
4979
2987
1962
85
3911
6979
3317
1834
3019
53123
2248
928
115713
88129
1964
2321
112183
7099
800
1272
7419
2929
4239
3545
741
4037
3260
58
3307
1333
3034
2203
7143
1950
1693
72226
2020
2302
8132
4014
6662
7132
112552
2125
104374
720
3724
4103
223
1303
1189
4128
3000
1284
914
911
2081
3735
308
67087
97
1376
89745
54001
125
1641
3359
96728
4085
1994
94959
36529
115569
7802
41566
55269
1292
8981
916
39
1927
52767
32898
89804
50068
3949
6773
40629
2357
431
44199
105504
1223
49272
1209
1348
2474
128360
1688
921
3469
1248
81847
8950
2644
1734
1305
6350
2732
40819
8958
121231
2391
8970
441
3167
2232
2648
1921
3429
3213
4450
2924
3357
162
951
428
3104
8580
3203
5971
6807
7566
51935
1680
971
81834
2459
91542
102445
37741
5679
3095
3310
3200
1884
3252
2908
3175
72641
30816
3275
2726
115617
2406
1201
104913
2728
935
1088
58803
7091
759
106696
1177
7075
7087
110102
3181
4661
3684
7022
5103
38038
233
7116
2000
97304
3077
69757
3020
1343
322
3037
946
1025
6870
5341
7669
319
345
3060
127152
59784
5791
1147
945
1211
134853
7451
3801
106100
38499
2202
6385
80
3791
26084
7767
6440
509
3671
2961
380
2245
2925
7836
1041
2936
940
6732
2935
116
52281
8542
5385
108583
6777
98809
7265
280
272
69122
122882
7698
33493
119145
3081
69481
8264
146656
1280
5238
2318
4422
2746
5876
5812
59018
2096
5017
45728
3475
3952
36527
6724
3068
3741
46723
3811
8228
67255
281
4105
93510
64614
8645
1183
1754
108932
5475
55063
3507
3414
4896
3044
51540
3100
1185
54881
60069
26712
55276
3342
2353
3505
4410
5992
4801
5782
5146
2686
37729
48696
2745
4641
96075
101850
104119
86487
8123
8261
74089
26797
58649
4428
2283
53887
26501
163949
112577
150856
114464
7139
3872
2105
2612
2952
6001
1907
909
5380
6708
96829
6021
3176
101
1281
3071
6783
2420
9010
7212
88810
1104
4489
2138
3361
81564
99764
31410
1934
91104
3929
33171
61240
1249
4809
112515
176
2018
6187
86320
50658
4349
4263
4021
115122
5470
6378
5014
1238
82459
1283
5903
56152
2066
3916
51662
48738
3783
3703
97957
2819
222
3341
2529
492
3869
3108
4920
85414
4427
1537
213
40412
3546
3246
64716
99145
51412
2916
34338
1810
2944
2788
6323
230
55069
97938
63131
3612
347
4432
477
2857
8807
2434
7285
2160
1302
4223
140174
8873
48394
3467
5772
3074
65261
1408
66934
3742
6214
1955
1958
8665
96821
68838
6987
34162
6942
26974
3178
2151
6791
122892
4754
3216
92494
58295
7064
5445
98491
93721
2841
1257
68073
4537
21
100556
3702
61323
64957
111921
3677
2352
6331
38304
2137
261
3111
178
454
2366
56757
48698
79091
4019
3696
56339
6552
89
3364
26729
1387
1913
1635
764
2106
1271
949
2920
933
6063
27329
59387
4326
930
5955
850
106489
4912
2946
63876
139385
101525
4033
805
1251
1178
42004
3788
766
8933
2208
37857
3350
4211
54995
1242
6565
55052
64285
7256
4969
151
2750
4117
2313
5668
4821
80489
3070
2070
3360
55247
1218
3966
2067
6380
66665
6986
102123
26587
2919
6530
87232
42418
2664
66371
53024
6271
7380
3606
553
112138
2080
7235
4351
3653
27831
4179
4720
1419
78039
56805
2731
1965
3089
4846
1616
2150
31435
6959
3983
3989
53318
1029
105197
72171
32234
6254
3536
100383
87306
2331
3736
85401
6283
2575
5391
52458
50740
50742
3168
735
26524
3448
26662
51471
99813
52952
49280
26422
4277
1237
