user_recommendation
318
296
858
356
527
593
260
1196
608
50
2571
1198
2858
1221
4993
2959
4226
589
7153
1210
1270
457
58559
5952
47
912
1197
1704
1193
150
923
293
899
110
1136
904
1213
1617
1968
1
908
750
1089
2028
1240
2918
1291
1036
2997
111
2324
541
778
32
969
1288
48516
1203
44191
913
1214
1035
6016
1961
1252
364
4011
1247
480
1258
2762
7361
3578
1208
4973
1225
924
337
349
588
903
1079
2542
953
1259
79132
1207
5989
4963
1250
33794
1307
1212
5995
8961
2797
56367
1228
497
2300
1172
595
59315
1219
1230
6539
920
1256
3996
2502
68157
2599
919
1265
78499
16
2716
2791
898
2019
1200
910
905
1304
377
2329
1387
926
32587
2804
4995
3481
2396
590
2289
5445
1682
2064
2081
1267
1947
48780
1732
745
2692
1223
6
1276
1060
1222
5418
4886
515
3462
4878
1148
3671
54286
1201
1028
55820
1584
232
17
1233
922
265
3147
3504
1953
4979
246
928
1293
501
911
50872
8636
290
40815
109487
951
1097
2194
33166
3897
4306
1957
914
38061
5114
4865
471
994
73290
5956
7502
1234
2572
1263
36
3039
6377
1674
1260
81845
21
3471
88125
3672
161
4085
4235
555
29
2268
1500
950
6874
1945
1923
1641
4034
49272
390
1262
955
1729
1175
44195
6711
2563
735
1356
1103
2243
474
4027
112852
2291
733
1278
46578
4518
1094
3868
916
2267
3435
1352
565
1819
1563
4930
1450
4076
5427
4796
4591
671
475
3006
3973
4965
2987
1610
76093
4262
1246
3019
2947
3114
3730
5669
1394
5971
44199
1254
106782
194
1393
4352
1955
1209
1625
942
2359
1299
57669
272
5816
1952
2395
1096
1086
1784
81834
2186
3363
3104
4467
69844
5010
1673
3703
3468
134130
3545
1127
116797
49530
954
1204
68237
3892
2115
162
69481
353
68358
1960
1269
25
1077
1287
11
1244
8132
1227
2303
5064
1199
1179
3000
4014
106920
5902
1280
933
89745
5349
3160
69757
81
720
596
3307
1997
2366
5991
6350
7132
1104
2010
87232
509
1147
1411
1272
1959
6502
30707
628
1084
1343
1466
2951
3683
86882
3916
3949
307
8970
54259
1238
85774
39
306
1284
110102
59784
85414
3508
2761
2231
35836
74458
3735
8798
122900
3362
81932
1023
44665
1032
599
1333
97304
82
3421
54001
2929
2132
51540
2917
92259
357
1231
8542
1927
64034
1283
3952
4571
2871
2355
6787
72998
1211
5618
524
31658
80463
1357
7091
6807
106438
3246
2304
5500
7143
915
2144
68954
115713
1292
930
6708
3088
8665
1266
81562
3359
8874
1237
81229
96079
2971
4623
309
1912
60684
2125
1178
3360
52435
223
5225
7669
101
538
1192
30749
105504
8641
1296
2580
494
280
235
946
1217
4033
3152
431
1041
2788
8981
380
7147
3983
115617
175
142488
800
2890
5903
454
909
93510
102445
3198
4321
1719
1249
3396
1921
91658
4299
6993
91104
1449
8368
3022
1580
921
54503
188
2482
1374
3386
3201
741
4896
945
3548
122886
1248
3035
4327
1073
1095
52
2248
3007
2739
4799
2318
4720
6380
348
728
4308
2076
26662
1954
837
2288
1264
115569
3089
60069
261
6796
2137
4019
7090
109374
26587
2973
4427
1948
2208
1257
72641
55247
154
5060
81847
2846
3252
98961
106100
4029
7451
6375
73017
5915
3911
1080
112552
89904
2690
1090
3429
104913
2524
1081
3095
72226
48738
3469
1215
230
104841
2108
6333
107559
54997
1224
5522
106489
106441
134853
132333
1185
1950
3791
492
3681
96821
2935
97938
549
373
81591
3030
48394
3129
1476
2160
5490
106471
51255
54281
3100
64614
82459
4016
149
7827
1408
2712
968
938
2936
1218
70286
148626
3654
89492
1834
262
4873
1994
66665
508
2991
3844
6863
314
64839
1099
3083
8972
3505
7247
123
3210
1939
53996
299
1688
1189
4361
2321
1019
6979
47610
428
1049
1964
7386
1029
3068
534
1594
122892
27831
91077
39292
3038
198
88163
2993
2203
69
88744
1537
26131
64716
281
65514
2648
56152
900
3543
6440
1944
1042
1859
3910
3552
2068
3072
1066
104374
1619
3398
52281
1934
3111
5312
26729
111759
3033
111362
34542
2819
3476
1305
2000
4086
850
3358
62
73344
56782
40819
146
308
146656
635
3310
5146
1188
4322
2202
36708
2278
64620
539
6662
84152
233
2474
52287
2478
94959
4326
1177
3524
1639
41
105197
2985
31193
4489
81564
943
7063
77455
6959
838
500
2626
1916
412
80
3635
122882
33493
89864
4903
62718
2575
60756
3365
4037
3546
392
5329
1958
3741
54372
40629
3256
3448
3915
2729
50068
38038
8228
5630
6003
556
7894
178
3300
65642
31433
4128
2920
3984
59369
52885
112138
1273
5415
3498
27803
2990
3200
7256
2925
2863
4056
4263
3811
2096
6669
1242
90866
27660
3249
5893
111622
58347
37733
62155
6932
97921
52767
3494
1358
86377
3966
112623
102993
63853
441
4660
2138
86833
5291
8638
1277
176
7380
3742
6942
8933
48783
4731
3320
4302
5071
935
7438
1663
141
28
7767
54881
5477
55269
58295
34338
907
8264
3020
2070
3255
27846
3168
4188
1748
368
34162
8910
80489
2948
3101
36529
1643
1573
2467
3507
1300
55272
1845
940
2333
965
7116
86781
5791
440
88129
1963
1345
4010
3361
2726
2644
5690
121231
224
105844
26614
3536
1135
2313
6732
1946
51935
59126
6650
6331
5812
3196
1616
937
3317
7320
6187
5876
927
58303
106696
5782
85179
65188
80693
2463
52952
56775
88810
3869
4914
8958
2912
8950
45728
32525
2841
61167
91653
1951
84944
7013
3167
7566
6724
8784
69122
62434
971
49286
917
2165
2736
3920
3060
58351
5008
3328
55442
2490
3865
56757
6104
6618
5387
328
1797
2357
1021
1527
52973
4396
39414
87222
3263
47518
25750
2232
1281
39416
7773
4584
90428
1827
49651
4465
5049
51080
92535
56145
67504
83411
83318
83359
162542
7137
1282
73587
6893
3676
78574
