user_recommendation
318
296
260
527
593
356
1196
858
50
608
1198
2571
2858
1210
1193
47
110
1221
589
2959
4993
1197
7153
1270
5952
541
912
1136
2028
908
1089
1213
1291
590
150
1259
750
457
2918
2762
1
904
778
1247
899
4226
293
1704
58559
1225
364
111
1208
1148
32
969
919
4306
5989
3578
3897
913
745
17
595
1240
903
36
1228
1203
2997
1265
924
1220
1961
1035
926
4973
2396
337
1204
898
910
48516
923
1304
2797
1617
588
6
349
1207
1252
2599
1610
1036
46578
2324
1682
1968
1250
1199
2542
1219
1214
2329
1230
7361
953
2692
733
1222
3462
1172
509
2300
1097
2716
1960
2268
1233
3114
44191
59315
68157
1267
4963
377
2804
480
4034
497
1200
79132
265
1527
6016
471
920
2019
1580
515
1307
1223
1060
1246
922
1079
1732
1299
1358
1212
56367
39
6711
1073
3996
555
16
2502
950
2064
1278
21
1258
1584
1673
3147
1276
1096
4878
2115
1625
1333
1287
194
6539
3421
955
3471
1201
1262
2248
55820
2194
671
2289
4886
116797
628
32587
44195
4027
1028
3683
1272
1293
2359
109374
4995
3006
74458
4308
1242
2580
2291
474
2944
2908
1674
551
1945
8368
1263
7147
5225
1090
5618
134853
1288
1077
720
4011
5956
1296
1104
1235
1356
3481
5064
1947
508
246
1178
1269
5669
3730
48780
7502
40815
8874
49530
232
357
2355
1264
1393
2243
1376
1374
2096
3671
1953
11
1952
50872
6874
2917
1084
1103
272
2020
29
1094
800
4007
954
1254
1215
1217
78499
3160
1292
1466
7438
5991
1959
5995
4014
928
994
1500
2739
30707
1927
1357
5060
92259
5630
106782
36529
134130
1957
2395
440
6942
3435
3362
314
1281
1284
222
4037
1175
2076
1243
1641
3504
1086
2303
475
2186
115617
3916
5418
1080
2132
2971
4848
945
3468
2125
3386
54286
8636
122882
104374
3735
838
5902
1958
914
109487
2791
1283
1956
916
5445
2336
1394
48394
1127
1248
930
3101
1266
6350
1234
741
86882
4103
2728
28
3203
1280
8784
62
2686
1285
759
805
1185
1411
223
1997
1206
49272
280
1946
933
110102
81845
1955
89745
2761
1680
5971
112852
1023
3022
1179
44199
1224
3418
2929
3256
64839
31658
1784
1300
1948
4979
921
4085
3072
40819
1231
3252
68954
2690
1939
1253
3429
911
2144
3095
2353
7022
52973
1260
946
971
1719
1387
1962
850
2729
3307
3201
2010
1361
3060
115713
2841
1537
3020
5010
968
1095
73017
6796
3868
2231
3275
2467
1249
6807
7090
3198
44665
3499
34405
2987
3246
1025
373
76093
4776
2644
1693
230
4235
2863
2313
1256
6502
3361
2081
2067
3359
3551
2763
3548
4019
594
3019
2952
1734
4896
56782
8981
3879
8464
7075
88125
54503
106916
70286
82459
5444
951
3469
91542
1305
1211
3952
1944
2278
3134
51540
81932
1147
3552
6104
1923
3088
1237
2726
4211
3037
307
87232
3152
2746
907
1963
6979
3703
2951
2232
4720
33166
3038
4326
2648
2664
54259
63131
900
909
261
1192
81229
6378
3510
2202
1066
55247
1183
3741
3814
1921
534
72226
59784
1019
68237
1273
1085
57669
5876
1244
175
48738
3783
333
1834
2108
647
148626
122892
905
34162
6377
8958
412
1950
7132
1049
8641
26729
866
2474
3071
5103
3253
6773
142488
3865
8949
5668
1124
104841
7064
38061
80
2745
1188
7669
106920
4361
4406
85
1729
4223
81847
7445
54997
2871
30816
63082
942
1251
3035
106696
3196
3724
2890
3167
6001
6440
2501
6188
3111
3702
35836
162
1366
4033
2434
81834
363
42004
3747
3068
8961
3448
84152
64620
2357
1845
7451
86
431
4489
8665
33493
3983
2795
69844
1041
581
3104
2273
3967
6281
2925
4117
3033
1238
97304
64034
55276
2137
7099
8970
7360
353
3219
428
524
4161
4263
102445
55052
3801
7649
4262
2318
6333
2935
6662
6870
3089
2287
6187
6184
281
8798
89804
105504
106489
91658
32898
1277
161
85414
51662
122900
80489
2946
3044
99114
8542
309
4432
3260
2490
1663
50068
3039
2660
3831
2160
787
4688
96079
8228
58803
2612
56339
54001
59418
26422
49280
529
2553
88810
1209
3007
7116
266
42418
5791
96821
927
538
56152
7767
2938
3310
306
785
6732
308
2916
6552
7320
6003
33794
3342
1227
5349
2208
3150
8371
599
104913
2920
81591
106100
1046
98809
1099
146656
7087
6436
3016
30749
1189
1245
2109
4422
1218
1057
915
88129
171
4179
2118
1042
4465
111362
7013
6791
5816
57368
3067
41566
6452
5782
89904
4047
119145
80463
3507
47099
1081
224
97921
134170
27721
2572
7235
72011
6947
8207
53322
7091
6419
2976
2924
60756
63876
7380
6863
3365
1202
26524
5812
6331
3000
3911
3102
46723
1611
1931
936
88744
1649
93510
7256
1449
2454
8880
7285
6385
1340
6155
1056
3508
937
299
4466
4945
54281
1967
3505
4239
1954
562
4188
4821
87306
122886
207
27790
5008
902
1150
51255
64716
8933
4292
4343
2366
8807
3612
111921
53996
68135
205
26614
3062
45950
58295
5152
1694
121231
54328
72641
3546
635
4787
4537
53
632
3414
4755
90061
6783
1365
34338
1282
53123
1184
3594
2022
3036
2184
3538
268
3745
1572
2363
1916
477
3684
58998
26662
3070
4304
938
5992
147
88140
3417
105844
60753
3200
8369
2575
2529
2687
4410
6565
79702
832
159
2611
1965
3360
6787
4612
70293
91529
3168
1688
6273
2788
5380
3105
64957
146
73
5960
4617
4522
4088
2463
3176
4450
4190
91630
257
3142
89492
7419
37741
1754
233
2352
6893
56145
18
973
4642
49651
1406
58303
4349
2321
68838
1653
2732
40629
3018
101741
110645
116897
3966
99813
3451
2936
3811
73321
8589
3175
4623
116
87522
91978
2078
3317
8938
361
2058
2852
61132
6909
5475
2285
97923
112290
108932
6323
115569
2430
6786
3543
69481
1913
93040
2330
41997
735
58649
26797
8123
4428
