user_recommendation
318
296
527
858
50
260
2571
593
1196
608
2858
1197
2959
356
4993
1198
589
110
1221
912
1136
4226
1210
1
7153
457
47
1704
1270
5952
150
1089
1193
2918
778
2997
750
904
4973
293
32
1213
2762
1225
3578
111
1291
2028
908
1203
1208
1968
6539
58559
4963
969
1214
1617
541
4306
79132
2329
1240
1682
1073
919
1207
1247
923
6016
2542
1961
364
1259
2396
1230
36
899
1732
4011
48516
2692
4878
913
1035
3996
223
497
2716
2291
953
745
2502
8961
1148
6874
3897
7361
1219
1265
1200
1276
2599
3114
2324
48780
56367
1246
44191
1278
349
903
1036
68157
2804
898
235
1228
1394
4995
5618
1252
1250
1222
4308
1356
1060
11
588
595
1304
1204
1206
32587
1947
924
5995
5989
555
6
910
6377
4027
1199
2064
2797
265
33166
1172
1079
671
3793
3481
950
1028
1625
2194
55820
25
46578
3462
3671
3735
733
1287
1244
1610
926
2019
474
33794
922
1217
920
1258
1293
8874
1288
1233
161
1254
914
5418
2268
2076
3421
515
4886
1084
337
475
1945
3147
1500
2186
1673
1077
50872
7099
1220
1224
1212
57669
1674
1953
2115
1580
4034
2501
480
30749
68954
106782
1267
471
1960
2300
7147
49530
2231
1097
1307
1080
62
741
6863
2289
5060
2395
1269
1393
17
3095
905
1729
29
81591
56782
59784
54286
1357
7438
1285
3868
720
70286
377
1952
1281
44665
590
2580
5444
1959
16
109487
34405
63082
4235
3362
8368
59315
64839
6502
78499
134853
954
1234
116797
3307
3949
112852
246
1090
7090
6350
86882
4085
1223
2917
1262
2020
3000
1284
2761
628
1527
3006
1266
27773
1299
40815
1954
7022
272
2248
1201
509
1103
81845
3686
1256
1272
3256
40819
3683
5971
2795
6711
3510
1411
2202
1466
353
3910
1939
51255
3730
5812
994
3275
3435
115617
109374
6979
88125
2871
3468
2243
1178
44195
49272
4979
1227
1957
1653
5669
64957
76093
232
551
80463
134130
2791
31658
194
5991
86
5630
74458
946
1292
106920
1257
3034
175
1333
3448
357
8665
909
3504
1264
2125
1641
1374
529
2160
92259
4014
7502
911
2303
916
3363
1231
955
951
538
45728
6807
1251
535
1211
2971
8132
3471
3022
3035
5064
5103
2391
1260
1094
54997
96079
6942
97
3088
5956
66934
41566
3355
2924
88129
5816
69844
3081
1303
2467
2318
3104
4262
5349
54259
2690
72226
4103
36529
1215
48394
1096
2352
1950
2232
6796
99114
930
33493
2132
1283
928
5010
2788
5225
68073
28
1784
3134
3152
1095
1248
412
2712
81932
3317
30707
3499
1263
3788
4239
50068
81834
1192
162
1958
800
81229
1396
1927
933
106489
3198
30816
3429
112552
27831
2078
68237
1449
94959
69757
3791
838
1209
3039
3451
6380
44199
942
3359
31878
3068
87232
115713
1249
1243
2353
8970
73017
7802
6188
2490
3952
2208
2947
47610
7143
3703
2138
3365
2312
1179
431
2109
1916
900
2144
2529
1754
1238
280
104374
104913
6565
2929
3033
106100
58803
1387
3083
5791
1464
1834
72641
6385
2359
1408
440
7139
508
534
1175
52
3358
2890
65514
106696
56152
2935
314
3252
1104
6618
97304
8493
4459
33660
37733
30810
441
3741
3386
98491
3702
6440
2357
2664
1537
973
5377
3361
1147
44555
3201
4007
3196
300
81564
2973
1023
648
3310
1476
1305
945
805
735
46976
1218
2137
2739
37729
8807
2857
3089
2474
1948
1343
3505
1994
1086
262
3203
4846
2951
1131
69122
2106
1120
3469
69481
48738
3512
2908
2070
5690
64034
2366
599
1639
3213
1946
7386
3543
85414
428
3111
4642
4848
4427
4623
93040
3044
8633
106438
3983
112183
1944
61323
3070
7844
907
3967
3168
5152
6669
2331
84152
322
8645
373
971
96821
4450
109249
6218
7669
968
26152
89745
1845
45
5903
65261
79702
6378
3038
91104
2459
3916
477
7137
2819
52281
281
4223
34321
64716
2726
63876
7116
3508
3246
1194
1189
348
2313
261
4327
2005
82
3007
122900
68358
7013
2108
85
4166
1962
2041
2423
2351
4225
58
6620
8950
4019
4037
4696
866
5460
7132
1967
6662
110102
2273
1955
2780
105504
4121
8958
86377
2694
6870
3551
55267
97938
4361
575
4442
4717
2880
876
4565
4567
3032
1956
80
6787
3072
4566
8228
3175
3548
1280
70293
5013
3100
4299
7075
7419
59387
73290
91542
6331
2420
2968
2245
1124
965
2952
38061
5954
41
1066
1237
3098
4016
89904
54995
7371
96728
492
7263
6283
6273
3627
178
8981
49957
3507
104841
4406
1019
3037
142488
7285
6104
2496
3677
55250
549
3424
380
4489
53956
140174
1680
5146
45722
6281
38499
940
1366
2863
47518
1942
3681
307
915
8530
4660
27803
213
73
2463
64285
26524
2612
122882
2287
1921
98809
1302
59725
2944
4326
34332
5114
8542
4776
7064
45950
5782
2336
4787
927
122892
3342
94466
4616
93721
2846
1361
215
2454
6235
3467
91658
1277
2066
34
55247
85342
3364
3745
6708
51935
4128
55442
7445
38038
1572
108932
1296
8938
2288
2932
5446
2925
4033
2961
39292
764
452
2729
7757
8125
1797
6643
9010
3420
3062
27660
67255
41285
1907
3414
3771
562
102445
921
3739
1688
3167
52952
8154
663
4304
31410
222
1429
4799
8188
3501
6269
8199
3629
96829
26326
115122
1049
2301
52435
3503
2067
60069
3360
1300
1025
1734
7156
154
1042
128360
392
2920
108981
86320
60756
58295
3350
5878
101
1799
3811
3272
233
949
55069
5014
224
1406
102684
2757
3676
3091
1261
53519
3545
1982
58347
8784
7451
1150
4263
108727
3814
766
55290
7380
581
2704
6001
40629
88810
4187
62344
6987
2386
2670
8798
6552
3219
99813
115569
85774
2203
3536
93510
179
1282
93855
100714
59995
77658
1964
3016
80693
4321
71033
3632
2648
107559
5500
3396
7932
26599
4252
91673
8208
2686
3097
2677
1719
2763
4465
156
4349
