user_recommendation
318
296
527
858
593
608
50
260
2959
2858
356
1196
2571
1197
110
47
1270
589
912
1198
1221
4226
778
1210
4993
4973
1
1704
7153
1136
1193
457
2997
32
1089
293
150
904
1213
908
1240
750
2028
1682
1208
1291
79132
3578
2762
899
364
4306
2324
2329
2918
919
5952
1203
4963
111
1968
1259
58559
1225
969
36
1207
541
923
2396
6016
1252
6539
1206
2692
1961
1214
1073
68157
1617
953
913
7361
1732
2797
926
1247
48516
2542
595
4011
5989
4995
1230
745
1246
1148
46578
497
1204
1265
1222
56367
924
44191
6
1199
903
2599
48780
1035
2804
1625
5995
4878
1219
3481
733
588
3897
1228
1278
3147
480
4308
1258
1250
2502
3114
2716
6874
32587
6377
223
1036
1304
1028
1060
4027
2268
17
8874
910
920
1610
1200
555
3996
11
2019
898
475
235
33166
2064
1172
471
1097
1276
349
55820
1356
1500
7438
3462
68954
1394
474
1947
265
1220
5418
30707
78499
50872
6711
4034
950
671
2076
1285
1287
1244
1077
1945
1254
994
377
2580
63082
337
1080
380
922
246
1096
1673
4886
2291
1217
106920
1212
30749
194
29
57669
25
2115
64839
5225
116797
2791
56782
1299
2194
106782
2300
1952
59315
1293
8368
62
1090
955
1103
8961
1269
4979
1084
4235
232
5669
1953
70286
2395
2144
3868
2186
3362
40815
515
7147
49530
161
3471
1223
1939
1231
3730
720
134130
954
3671
2501
1267
3421
2109
76093
741
2289
28
1288
1233
581
1307
8970
1674
1224
628
5816
16
1729
175
109487
6863
1466
3735
509
4085
81845
1374
357
112852
2132
5444
81229
2303
800
5618
2971
1256
2761
88125
2739
86
1079
1960
2863
551
3386
3504
1957
590
44195
68358
838
5010
1580
2917
2005
4014
34405
6942
72641
3468
54286
2871
1393
3499
1266
74458
1411
1264
2908
914
3307
72226
1357
2243
1292
1094
529
3791
1272
33794
81932
2020
1959
81591
2712
86882
7090
54259
41566
46976
1281
109374
909
3683
3793
3418
2231
104374
39
1305
1201
538
40819
99114
3363
3317
31658
353
94959
6979
3361
946
3152
69844
59784
97
79702
1333
3256
1262
1179
162
1251
8132
3510
2690
1280
272
1361
3435
92259
905
648
916
5060
30816
2125
3949
968
3359
2248
3006
5956
4239
27773
44199
1754
1734
44665
81834
1584
5064
6807
3095
319
51255
1192
928
134853
1950
1248
1282
3104
4103
106489
5971
2202
36529
6796
3911
911
3039
55247
48738
2359
2160
508
54997
115713
3448
1303
2467
73290
38038
88129
951
2232
348
900
8981
8665
3424
64716
1211
2318
1284
3310
866
3469
106696
7022
1948
1234
5103
1120
30810
6350
3252
68073
314
2924
534
1257
40629
85
1641
3201
535
1178
2105
80463
1994
53123
106100
1946
7419
1218
3068
7139
6385
933
3072
921
91529
2929
115617
8958
97304
3788
3175
1095
4846
7502
1537
5630
3019
54503
68237
45
3198
85414
2391
307
3176
7669
58803
2795
3213
945
1719
1263
261
3067
1927
1242
2245
7116
1296
907
280
1784
930
3275
971
3088
1958
3429
7802
50068
2321
64957
927
2890
69481
112183
5791
3916
431
1209
1260
1175
2357
5377
1189
3038
6662
233
8784
69757
2203
1243
6380
1358
3507
88810
766
3083
1982
4450
1104
66934
3203
373
3035
3724
2474
3044
60069
2648
63876
1131
2686
2078
5782
7132
412
1964
96079
3983
64614
101
3167
281
7285
2935
1527
1611
3702
8228
735
7075
4361
2726
3594
306
6773
441
121231
492
2208
3741
1845
7263
2612
7386
81847
3814
70293
3952
5876
3007
2081
3270
3467
61323
89745
1283
2664
6870
33493
128360
2070
4037
1343
96728
112552
105504
73017
87232
1693
37731
4489
107559
97938
32898
7013
7099
1834
27831
110102
942
1955
2278
1967
49272
2919
106441
6669
3000
7087
3355
477
4422
106438
3134
5812
104913
2788
1046
4007
3342
3543
4223
6565
34332
125
247
2857
3196
4623
2459
91542
3101
5146
35836
440
1962
6502
80
2287
3022
69122
5013
7235
2490
54995
1237
52281
2763
18
3910
7451
7767
2841
140174
34162
7164
3100
2961
7371
1956
3260
26326
6273
7143
2138
26152
1086
64034
6724
115569
1954
8645
4427
6787
58295
1916
3111
2394
2108
363
2331
3505
8633
3844
54001
68269
1066
1963
81564
67255
55276
8622
2925
2916
2010
213
6378
8542
3612
7844
55269
1944
48394
3016
2728
6281
39414
3546
2140
3476
59995
26524
2352
5903
3801
5349
4019
8493
53956
4105
108583
1464
4696
3501
4642
3967
4896
3089
102445
3536
2846
2644
56152
3081
1020
111921
6783
8949
2920
759
115122
3178
1249
8580
6104
322
428
100714
42004
1147
531
3070
65261
59387
7256
452
6001
2106
3272
7380
68838
3684
3512
2301
49957
3548
6440
8873
4166
1049
122892
86377
79824
32289
80839
48791
41573
1688
224
33660
38499
44555
86320
2912
56339
98809
6791
99813
122882
5114
893
70565
3365
3060
1942
31878
2780
5341
2336
42418
8807
5992
59725
178
6732
3686
2066
116
8950
6003
4789
6725
76293
7091
34338
262
2067
2731
31410
3627
2313
805
91104
2819
3153
4442
876
2880
4565
4567
4717
1081
7836
422
55052
4033
1235
3246
58347
1680
5238
1419
7649
2936
5500
8264
2096
2944
102993
8125
3200
5380
79091
51935
99145
8711
6077
80489
5690
33171
30
89804
1191
51540
3451
4410
5329
96821
53519
139385
71033
3071
6283
3364
5475
5385
5772
8360
63853
2351
300
5017
1649
2423
4406
764
2041
6552
26729
55063
101525
2987
3679
3551
5668
2732
1215
55442
663
26501
53887
58649
8261
74089
4428
86487
8123
26797
96075
163949
114464
101850
104119
112577
150856
6852
3811
81562
4755
90061
40148
3396
850
1050
3475
2434
6188
1227
4432
8199
44974
8188
98491
3703
1238
66097
5391
4326
127152
2184
48696
48774
2938
3037
142488
6125
4021
4263
6187
935
1298
3168
5991
1921
