user_recommendation
318
296
356
110
527
858
260
1221
593
608
2959
1196
2858
47
457
1198
2571
50
2762
1193
4973
150
969
1304
7153
1704
4993
1270
589
1136
5952
1036
1213
4226
2918
1089
364
913
590
912
778
1259
953
1207
750
904
1291
111
1210
924
1258
1961
1240
4963
1225
1208
6539
3578
48516
58559
1197
62
1230
32
5418
1617
908
36
1200
1
1214
1265
1222
1247
4306
1244
3897
2028
2997
1228
1203
5989
6874
5995
3481
4878
588
595
5225
1682
480
1252
6016
4011
44191
1287
1206
733
2542
919
1097
2396
923
306
2797
59315
349
2329
5669
1952
1610
2268
1250
1219
4027
1387
79132
2324
1217
1393
6
3996
541
68157
1262
3147
1968
1035
54286
8665
1625
307
1060
1278
920
1199
56367
3114
2194
1242
1148
308
4995
8874
1204
1299
1073
7361
194
161
8961
49530
474
293
2692
2132
4308
926
3362
16
1090
1095
6711
51662
2791
7438
2289
1172
1080
2716
4979
1356
32587
1466
2599
3504
3006
1276
1947
910
534
903
5349
1094
2115
1179
4881
8970
529
2580
377
223
2064
300
4235
898
475
6377
1254
380
49272
33794
5060
3468
4034
30707
1212
1945
162
968
4021
1584
3462
34405
899
33166
28
5013
54503
3724
2739
1394
1178
515
3307
2359
1029
357
3683
6565
1104
2248
57669
3671
3499
1293
55820
7147
1307
4886
17
1220
1267
3095
1953
5064
1939
1673
1732
1233
3101
1674
3252
1946
4085
2427
3471
1954
1077
40819
7139
29
1260
1231
30749
1041
56782
1263
55247
26614
88125
3916
928
1411
3967
1960
25
497
101
7022
922
8368
1049
1028
2300
2019
46578
39414
8949
1354
3104
37731
1103
535
951
3783
3686
2687
581
39292
81591
3527
1246
3363
44195
1635
8636
106920
6787
80463
1348
4181
2983
78499
2501
37741
1500
69757
916
51255
44761
3317
5903
3196
74458
1333
2728
4037
4223
1358
5902
1957
538
1361
3911
907
5646
1684
1248
4641
3435
272
70286
2971
3730
3741
265
109374
1211
2973
6773
1266
1948
2278
994
5152
3167
1234
106489
3983
1282
2944
2908
2243
2712
1693
116797
1272
2321
1994
1201
1256
44665
109487
4903
1719
3424
53956
2005
5679
1912
3152
6440
1302
1997
4537
1950
1096
4014
1321
5103
2966
2076
2863
5329
3510
3039
7116
2395
6552
1408
1303
3007
2245
8784
2333
1147
7445
3868
4103
5816
6333
3275
2186
1810
48780
905
35836
2
2020
1729
326
4019
7143
5218
3989
8228
3507
2142
3260
5238
97938
81932
1923
1958
2881
3088
3033
2890
3361
3310
40815
4211
2403
909
3980
1955
3543
62849
8132
2804
1189
3359
54997
3176
8622
2231
14
3386
3246
8981
3034
1376
955
971
154
4776
3036
2203
3536
3022
2353
230
6101
950
1251
2357
2745
353
5387
2081
3068
1281
3255
27773
73290
2871
6385
1296
2336
235
7669
2078
176
2761
81834
5630
2067
1224
53123
850
6979
36529
1292
1884
3844
2732
8645
2648
85
2144
232
5391
5991
6273
1274
2303
7013
838
1162
2318
68358
86
69481
3735
3100
1025
1956
81562
112852
3342
3108
7360
3071
704
5341
3791
4661
1084
48738
46976
5812
1754
3546
531
930
3178
6724
7386
866
4361
6777
163
98961
1127
58998
97
555
2985
1680
2664
76093
4809
1019
3469
8207
7090
65188
539
1982
134130
1257
4406
38499
33437
3448
2474
2952
2946
4688
3467
4616
2925
2795
783
2726
3203
787
3501
4855
7698
45728
8957
759
8340
2130
7439
7215
2612
2947
1280
3418
1927
1264
1237
1663
3062
106441
107559
3421
7099
4422
7160
1185
116
4326
2071
1081
6852
26729
112183
3150
88140
2398
105504
3111
6863
2529
766
6662
2125
115713
69844
2150
2949
72
3684
914
5015
61323
53550
7096
1374
7836
348
7132
3535
3044
8360
2391
6299
4965
1079
55276
2644
3451
4017
3038
3194
7419
7285
64839
3037
43396
5114
902
508
3699
1734
2731
4263
5876
112552
2066
3135
36708
2394
262
3077
800
2430
37729
5819
7894
6808
32898
72998
3105
1305
915
3102
2313
1284
594
1641
53972
4033
32019
6893
60753
34338
233
72226
125
2730
5017
7164
8123
5475
96075
4428
86487
4410
53887
55063
101850
58649
26797
26501
8261
7087
74089
8264
163949
114464
104119
150856
112577
106782
6807
4432
1344
4969
8873
7007
1078
6021
1057
1438
3060
501
440
1694
8530
8493
8908
4369
2285
68954
1357
764
3545
41566
3417
1086
7293
1124
3505
215
745
85414
1283
96079
55442
921
2360
3168
6001
51540
2287
229
3872
2502
2108
47044
1223
2202
2283
44555
1963
954
5954
106100
8958
89804
5801
6502
6591
911
4427
6380
5385
69122
2788
27721
8337
106438
628
661
1023
3249
55269
671
2208
6378
64034
6639
5110
2288
7235
2355
4489
3526
60756
30816
49957
40148
2819
26587
141
1033
104841
3801
446
48696
3809
47200
110102
7256
3476
46530
2291
128360
41285
66665
1643
3200
40583
2022
3160
88810
79091
7137
2273
7091
1959
1088
63853
3414
2080
741
4218
1295
4062
5014
64716
1678
946
7156
54001
1964
5316
1616
94959
2349
3814
3739
165
6669
280
52
34162
5415
6947
3948
2919
7943
6986
3186
3083
942
1701
2917
3079
89745
8125
1340
6296
6242
7493
4844
8188
5379
465
3747
4623
8641
3355
3134
2046
5772
1784
4880
27831
159
5254
3654
27660
33162
5008
4239
148626
2594
178
84772
6612
255
89864
55052
7320
59784
8464
4465
100714
59995
927
6708
45722
76251
7162
1611
3365
1238
2352
1171
88129
2671
5670
8542
1834
142488
3181
893
4187
122882
68237
2682
3296
4846
54995
3142
3871
2118
68073
40
8191
207
8010
1046
80489
77455
7025
2930
66934
4217
1261
4188
832
3638
156
4642
1938
6538
2302
2105
4047
115569
4262
3639
454
2721
102993
26178
68848
2096
7075
3609
59018
7478
44199
7084
5312
31035
1423
1407
3089
373
3952
7089
1150
