user_recommendation
318
296
527
260
858
593
50
356
2858
1196
110
2571
608
2959
1198
1221
1270
4993
4226
1210
589
2028
7153
1197
457
1193
47
5952
1704
58559
778
590
912
3578
1
1089
111
1213
32
293
1136
4973
150
2762
541
1291
1203
2329
2324
750
908
1252
480
904
1304
923
364
6016
4963
1265
899
2692
2064
1247
1208
2918
6
1225
4995
17
497
919
1259
1214
48516
7361
3996
2396
924
246
349
36
1961
1204
1617
1968
1240
2997
588
745
969
59315
898
1732
2542
1148
3114
733
2804
1219
2917
2019
5989
4306
1625
2797
1036
2599
4027
1246
1682
1356
1090
3147
33794
475
1084
1228
3897
509
1250
1200
4011
2716
508
2194
4878
1288
6539
1222
337
44191
1035
79132
920
913
1206
515
194
3481
1079
68157
1299
1267
2268
1923
1207
671
1199
1258
926
1580
1060
1952
1307
2502
3468
5669
474
307
1172
1233
595
5995
1953
1674
2291
1276
161
32587
33166
1293
1610
265
48780
1500
3363
235
7502
1097
3362
471
6874
994
720
306
1220
555
46578
1254
905
1278
357
1263
2115
954
50872
1094
1393
54286
112852
3421
5418
55820
2580
3462
11
2289
1945
1234
903
25
953
922
232
6502
2186
4235
628
3730
1387
535
223
1073
1028
377
300
3020
62
1212
950
109487
1960
4886
2863
8961
308
5064
21
5816
1096
2278
2243
2501
1262
78499
3683
805
29
1784
7143
3386
16
534
1957
2987
2871
3735
1264
30707
319
3504
4034
3471
2395
538
40815
2938
838
56782
1394
581
2739
3545
99114
1217
1357
1211
76093
1256
2132
73017
3246
116797
968
3038
1673
1939
2971
1834
1272
3435
3088
89745
1231
106782
1230
1192
91529
3198
910
2890
1466
8874
1946
59784
3317
1292
2467
44199
6796
91542
49530
5445
5991
7438
2005
2474
51662
1080
35836
6377
8132
1269
5444
3035
2300
1948
3152
8368
1354
56367
2336
68954
3307
1285
6787
1408
1066
3911
106920
1095
1266
2761
866
68358
1361
54503
1224
3868
7022
3007
800
1103
5225
4085
1287
3527
3200
1131
2352
44665
70286
92259
1298
3000
3006
74458
81229
27773
2248
5630
1584
88129
134130
34405
54259
3095
1947
88810
3104
1223
5903
1374
299
529
5010
104913
2231
57669
928
2712
39
501
175
2078
6979
178
69844
3201
1179
2791
1023
3068
3418
945
5956
2076
44555
1954
1305
2357
280
3361
4037
4007
106696
2318
3983
1296
2359
2000
345
222
1693
98809
2232
86
1958
49272
322
412
6870
1827
86882
5618
2020
6565
1959
261
1273
2303
272
951
30749
85
7147
2973
55247
3469
81847
2355
6711
8784
102445
3037
3089
88125
72641
97
1300
44195
51935
110102
4223
2150
40629
1245
1927
6440
3949
64839
36529
2109
8798
3448
2203
911
3429
3952
1227
3359
8645
1729
8958
3742
151
1411
314
106489
281
80463
428
1358
915
1019
3256
230
3671
2935
1077
54997
3275
2690
31658
162
916
68237
4896
930
927
431
33493
2745
1734
3176
2010
81932
1248
54001
955
353
2366
104374
2302
9010
6807
907
3167
87232
477
8981
1189
348
3160
7099
921
156
741
81845
69757
39292
3101
1284
3406
1120
4979
1185
1680
1280
233
28
1303
4427
1237
3100
115713
6385
6003
3724
1934
147
1104
914
2144
47610
40819
2944
2070
1201
1194
942
1257
3072
933
3263
1537
2857
122892
3801
1178
2648
53123
2936
109374
1209
81591
3499
946
69
1218
7212
7090
6662
766
5876
3071
4033
3342
69481
1260
7156
4326
290
5103
2102
3696
6942
551
94959
6552
32898
64285
64716
8970
3044
1527
5902
7132
1215
4103
73290
2391
3252
79702
2872
1244
115617
1641
164
2728
6380
3910
1238
3022
6331
71535
58
8807
51471
3310
58295
224
1161
3437
5765
553
2321
2919
3134
51255
3929
97304
1419
937
2202
72226
1484
2788
3543
81564
3521
901
2529
2288
1921
3328
50068
1916
4641
2331
3475
3111
4630
935
31116
77658
7802
596
3347
8228
3844
3203
3788
1635
3871
7263
2313
2312
1942
5955
88140
4263
2686
4019
111362
2612
3033
3703
1949
1935
1962
1449
1127
55276
514
2106
3364
1147
37733
1965
66934
1088
1081
7087
4465
2138
902
6350
69122
7256
373
105504
5971
4014
3341
1271
6323
1895
112552
112183
2952
1845
64957
8950
3178
2924
3916
106100
850
368
3763
2208
2137
6187
759
38061
940
1020
6269
1302
539
89804
2687
41
89774
6063
1333
8264
37741
1688
5812
7419
3747
3653
347
1041
6959
98491
4239
2859
3070
900
6001
38038
36527
973
34162
33660
5446
51540
8937
764
2726
2406
54995
3098
41566
55052
3083
71899
4848
52767
7566
3783
51412
3505
2664
115569
2096
452
943
1938
3736
1249
7445
55069
7091
2245
1956
2677
7075
5747
80906
8542
30
3417
4021
108979
3213
48738
5791
5475
106438
1283
6987
4017
4010
635
3633
5218
4191
2344
131724
3097
2353
4616
3967
3090
3684
61024
6724
3604
100
3420
7137
2819
4537
3741
1243
3039
4571
1925
7669
3789
918
3811
6777
4623
6452
7139
4422
1967
68269
26524
2750
633
6612
27831
5017
45728
6986
728
7116
96588
1964
63082
3181
77561
5238
3153
2925
1931
255
5341
80
4349
108932
52435
7373
1025
3629
446
2874
59369
3260
443
26729
5772
3507
2459
96821
6773
5146
2929
53129
3060
4661
70293
938
7285
2099
128360
1343
55063
7767
537
1235
91104
4533
3019
3405
116
68838
66665
7265
241
4406
1719
2125
3737
5866
1933
2981
5878
82459
3077
45950
4262
7698
93363
4187
6669
4410
1401
57504
48774
96079
26614
3873
107559
1455
961
3165
3447
2659
3414
22
5668
1649
171
1046
984
79824
106441
26712
159
4821
1277
4809
81834
80839
48791
32289
41573
3350
4873
4903
215
2252
3524
42004
1955
1963
1175
266
7836
6201
6419
49278
4432
5385
123
58047
5337
2066
2046
2238
38304
4921
