user_recommendation
318
296
260
858
608
527
50
2959
2571
1196
912
593
356
1270
111
1193
589
293
1210
2858
2918
1206
1198
750
2997
1221
1213
1136
1208
924
1197
908
4226
110
6016
3578
904
1704
1214
1089
47
1097
923
903
1219
1259
2762
4993
457
1265
1240
1968
7361
1225
32
1247
2692
1203
1617
4973
1252
5952
919
1028
1258
5995
1200
1732
595
778
150
1222
541
1291
1682
2502
1172
55820
1230
2716
2019
745
3996
6539
2076
1204
2797
2396
56782
913
899
590
2028
1278
1307
1673
1287
4011
4878
44191
3481
4027
3897
175
4979
926
2395
910
1288
79132
3788
27773
953
720
3949
5989
7153
4963
1952
2291
1036
2599
3462
364
1060
223
1233
2542
1961
33166
1079
1267
2329
969
2712
1246
1228
48516
48780
1035
555
4235
1250
1148
6
2160
1244
1
32587
16
1293
8961
1387
1653
2115
2804
58559
4262
2289
1276
1263
1223
8949
3424
1610
4886
3006
3471
594
2064
272
380
4007
3083
3039
2318
8874
2916
1500
1103
3730
5225
46578
246
68157
3000
3307
50872
3435
29
81591
4306
4016
1394
1217
3499
3868
106782
1927
2947
1073
1305
1945
1207
1212
1953
3916
3983
36
2231
6863
3168
70286
33493
1580
56367
596
1077
1175
33794
3476
88125
1256
2871
306
307
106920
1380
1625
73344
2973
2132
4995
1280
920
1466
954
1095
4914
3095
3147
1215
3421
3089
1262
4034
8873
1954
733
922
1674
431
35836
1343
5010
5782
3703
471
1719
1921
4308
905
314
3468
1260
265
1284
1912
64839
2501
898
2194
2791
1299
3246
61240
92259
3310
3114
232
8368
1199
800
6440
2186
902
2144
2529
4361
3362
946
5618
2011
26587
909
2648
2078
915
6874
5669
85414
6796
57669
2068
3176
2700
5679
1104
4489
1356
2580
1269
7802
3504
1957
8970
162
68073
1224
3556
1345
5992
4641
911
3793
1884
1120
3683
6188
76093
3735
1285
1748
3022
5971
1860
115569
280
308
785
1178
112852
1257
2010
88129
6975
4903
69481
2572
31410
1754
1584
26729
69844
112556
82
497
102684
96728
235
6787
5500
4873
108727
108981
8665
1527
1272
671
147
8360
1266
4967
11
1464
1835
4450
319
8958
63082
59784
551
349
3363
4085
216
3386
2664
968
69757
535
1057
111759
30793
30707
1249
7256
8798
54286
5114
1254
2795
1237
2087
81845
53996
6918
1201
140174
30749
1959
3210
98491
2005
2788
1131
121231
87222
7090
3301
2686
1997
3635
86882
480
6711
2278
1041
5269
3702
72226
951
1784
994
1859
1393
3814
1963
2731
5816
1449
233
2300
26131
3671
2081
31658
3272
1084
149
300
2949
73290
2359
412
805
50851
1950
2654
3510
3527
3018
115617
5903
1361
553
549
2726
6643
2118
4277
4033
194
26242
8955
68954
1234
66665
1248
3060
2243
51540
7136
1253
81834
1086
1396
2366
914
562
3037
3629
3320
41285
3328
44199
64716
97
5477
3067
86320
81562
37386
5071
3915
4302
4731
930
2993
6932
3317
88744
27803
1209
538
3035
2690
68237
67788
342
2459
91658
2651
2649
2647
2634
2635
2636
2650
2150
6807
7502
1374
116897
509
3396
2739
1289
3676
4210
109487
74727
2141
3196
39292
2644
1947
2652
17
44555
2987
475
5893
7063
6669
950
492
55274
8807
28
3355
1722
8950
2626
2352
933
7386
7013
77455
106100
1955
1357
3072
1186
6350
1094
1023
86781
3608
41
501
8493
3633
2176
1251
1283
3498
4499
7147
3448
3252
7767
8933
68848
928
4103
2351
3677
3469
2232
3134
2920
4056
3505
2009
8371
1300
446
68554
176
110102
2976
112183
78499
916
1019
2917
59315
68159
114060
89745
5002
126106
5446
2125
866
2961
5135
3408
3952
1227
6870
88810
69134
96821
154
5008
27846
39183
101525
2324
1729
1179
101
54001
161
1476
2932
5377
965
32525
3791
51255
2280
80489
3034
2990
6565
2971
60684
6783
2303
3007
1281
3175
390
8981
2728
1185
31193
6269
1273
96488
7132
6502
107559
1231
524
1238
106441
1218
97938
2140
4322
1243
1944
2406
7116
337
1264
1411
1689
1080
54881
54372
6791
52767
973
61323
140267
3052
2908
1042
5617
2944
8132
2694
1941
4271
4888
3551
58
3739
6273
4623
2301
7123
7099
62511
3088
2357
668
38061
37733
1845
3186
7022
78574
41566
215
80549
122900
8125
3159
134368
945
3062
4899
1799
5147
1066
3107
90428
803
51080
65642
107910
2288
59725
8542
4128
1304
111622
42718
67997
1078
1261
163
1275
3030
1022
1081
8199
104879
2640
531
3545
2905
2413
8645
3725
106766
3104
4705
40629
1192
6620
3266
1834
61236
139385
7826
7075
146
3096
521
59126
4179
85774
69122
55118
3178
5152
4612
63992
106438
149406
1964
3070
1245
77658
2935
84152
1590
2594
3160
5291
277
168
741
2936
1948
1049
2434
1934
81229
3010
2333
2927
8650
7208
8121
47728
25852
26472
52973
7034
4066
2423
2991
58303
49272
64957
88179
2139
1029
3910
3223
932
7371
1147
2313
33171
1350
3654
3470
2463
765
111781
6104
112552
4848
4846
1594
40819
134853
529
93040
5060
1171
77846
2801
281
68791
5415
80463
2328
2925
52435
111362
2112
3451
87232
2108
678
86
2391
63853
1931
71264
3203
3091
96829
49530
45
1951
1611
523
8239
454
8042
96588
5312
97957
45666
907
2137
44788
3262
91653
613
55269
1302
2208
100556
1292
3265
947
27831
1255
6987
1274
97923
1967
299
2386
1923
1090
3548
109249
1301
134130
80551
72294
68269
2312
5633
8638
4728
670
25769
6611
3245
5177
279
832
663
112623
1939
2857
64620
2718
5505
218
8827
4105
4978
7072
7070
27022
102993
942
7028
2968
88163
8188
2046
3632
8
650
6957
8228
3508
3101
40412
270
290
6380
2387
1298
8914
4144
2467
26258
2670
2596
26326
2443
6774
2117
3341
1235
82169
70336
1483
6979
3216
92494
178
64614
7569
6378
6001
5329
26
4321
901
6214
7087
3701
