user_recommendation
318
296
527
858
260
50
608
593
2571
1196
2959
1198
47
1221
589
1197
4993
2858
356
912
1193
110
1210
1270
4226
778
1617
1704
1208
541
1136
1089
293
1213
908
1
111
7153
904
2918
457
32
2997
1252
899
1225
2028
4973
750
1240
150
1259
595
924
923
1203
58559
1214
2762
1291
913
5952
364
1968
2599
969
1247
79132
1228
903
3578
1148
745
919
1250
2324
2502
1073
1682
6016
2716
2692
2291
1961
2396
5989
1036
337
2797
1199
1732
555
590
1207
1200
1258
1220
7361
898
910
1222
5995
1610
3897
1267
2542
48780
17
48516
1219
926
4963
44191
4878
1060
1204
2329
1307
2019
2064
56367
4308
4034
551
1276
1172
1035
223
2268
1304
1265
6
36
2300
1230
1079
1246
32587
1580
953
2804
3481
55820
1223
1090
235
1206
1278
588
21
1028
246
3006
1625
3996
4027
1287
349
1233
4995
16
515
474
46578
1299
1288
920
4011
68157
1084
2194
1212
497
3471
3683
471
4306
1234
950
509
3421
1394
1263
1293
11
265
1960
1953
2289
1272
1097
1947
3730
2395
2243
1952
1945
955
161
4014
922
1215
50872
109487
3462
1673
3362
2076
29
1466
6539
2248
1269
1095
1254
954
232
733
1387
3671
1997
5064
1266
6874
475
70286
3114
800
68954
4007
928
57669
7502
2115
1500
3735
1641
1729
2359
671
5618
2944
1103
7022
1292
1178
480
6711
78499
1262
2580
1356
1674
33493
3504
2917
1175
2871
3468
3499
2318
59315
741
1077
2739
1296
116797
4886
272
1231
56782
1784
1527
2186
2890
106782
1333
8874
508
3793
3147
4235
3246
48394
1094
1358
33794
33166
6863
1179
905
1080
1096
2125
3868
628
5010
1284
1957
6796
2160
951
3949
106920
5956
1927
1217
7147
35836
3095
6502
4037
1285
380
2096
4361
1224
5060
2231
1393
49272
194
1086
2303
1260
3307
1343
3317
6350
30749
5669
914
2971
112852
911
357
377
4103
1357
64839
3022
1954
25
2795
3201
44665
6440
2924
4262
8368
6979
5971
994
40815
2467
2144
2729
3359
5991
314
1374
3198
134130
175
27773
3037
2916
4085
1962
92259
1411
30707
1249
1280
8981
1584
6942
3435
348
1244
930
1248
3952
2391
1653
3448
1185
946
1104
4326
2336
1264
1719
2232
39
1242
7099
805
74458
40819
49530
6732
2321
353
1201
3035
44195
86882
921
162
3203
76093
1923
440
933
4489
1946
104374
96079
945
2108
1283
6807
2081
1366
26729
7320
58
68358
1281
942
3983
534
1238
3160
1959
1956
30816
3072
28
1256
54503
5630
3038
51540
3543
2952
3000
8641
2987
3788
2908
1202
1147
3948
2985
44199
2020
1305
2929
3101
115713
916
1361
5816
3360
5225
1845
2761
3019
2686
1955
69481
1277
68237
88125
4033
2644
4848
104841
3814
2728
63082
2067
2690
2366
2474
3510
6787
7802
3088
2648
3068
134853
80463
3039
38061
477
7090
735
115617
280
52
6565
2726
2791
69844
535
59784
909
3469
3424
1237
5812
3167
7451
431
5152
1537
2501
1023
2202
8961
81932
1834
529
866
1019
3060
88129
3386
2712
8807
1921
6001
3358
1967
6870
428
1948
2863
3451
907
8880
2005
1449
8950
68073
31658
3363
2935
1189
599
8228
104913
261
3034
4211
8638
1209
3879
4263
1218
2973
1261
441
4188
102445
319
6378
968
3111
2278
2529
2355
109374
759
3275
1192
97
81845
2313
115569
8949
3551
3033
6003
81591
3071
1916
3083
3210
1235
2132
222
2926
48738
3548
3508
2490
5014
4019
3252
7669
4465
26662
54259
1251
4239
215
6662
91658
3418
3429
69122
3298
300
4816
72226
8958
3089
110102
4787
96821
5103
1243
6932
2105
3310
26152
6452
2746
2841
3104
121231
900
65642
70293
3361
106100
850
3152
306
80489
82459
1939
7132
96728
1964
390
1066
2687
2357
6419
2208
363
1120
81834
62
122892
412
27831
89492
116897
6188
971
1227
549
106489
3342
81229
2070
3256
2951
2553
8132
1088
538
2352
3102
60756
93510
64034
2788
1025
1931
86377
4304
4776
3196
34332
1963
42418
3686
2611
1950
6436
146656
2288
4432
4088
4522
4617
5960
7013
56152
87232
2852
3070
4017
3175
3527
1395
8798
728
4945
4466
1041
38038
82
3546
5876
60684
1131
3213
105504
6104
84152
1301
1754
52973
69
1688
720
45950
4190
67255
2745
4846
3081
4467
3783
2763
3653
4406
4628
4292
6669
4450
233
322
7285
4696
3219
2925
74727
927
3741
3536
2946
89904
36529
54881
54997
2846
5418
373
647
3007
1188
41566
140174
838
34162
3811
1649
5782
6461
7380
2109
1912
85
97304
91529
6385
111759
55276
7116
1257
58998
64614
1611
8970
6331
3396
63876
5146
5500
3505
7075
8633
8542
6620
7235
37741
89745
68159
85414
3703
26587
785
5114
3030
7767
81564
3016
41285
3513
147
3168
91104
99114
73017
4783
46976
2118
149
1958
3044
524
3134
79702
65514
1150
3724
2664
3594
345
2612
3612
973
2463
64620
5690
80
33639
892
5902
3713
1639
1186
3498
4688
73290
8908
1944
1934
42004
309
1300
54328
787
1994
3150
452
3135
55052
85342
7844
3414
4755
90061
6791
2023
2780
85774
307
5893
61240
88744
31878
4128
2394
3512
163
80906
108981
112138
47518
3036
90428
40629
4623
66097
3747
1013
262
3791
2949
2330
1797
108727
102684
51935
112552
4978
7087
7139
34
4349
64716
34405
142488
5540
2041
4567
876
2880
4442
4565
4717
35
915
4979
32898
2961
3801
52435
2938
4327
54281
55250
2572
2138
965
27790
4121
938
6725
4789
3967
3915
86320
7064
1892
96829
6993
53318
42718
2459
72641
4166
7771
2912
3507
3320
4422
55290
8264
111921
112183
5008
2203
6273
176
3911
2936
54372
146
7419
4873
4086
1594
106696
7438
4731
1859
4302
86781
5071
27803
178
3020
85179
8207
3627
139385
26131
8580
3943
3272
3947
4711
2627
2261
1029
148626
581
4322
101525
