user_recommendation
318
296
527
1196
260
50
593
858
356
608
1198
2858
1210
47
1221
2571
589
4993
2959
58559
2762
1270
2028
5952
1
1089
1193
7153
4226
110
457
1036
3578
541
2918
1136
1213
1704
480
32
1197
1291
1228
7361
750
150
2502
912
745
293
1968
48516
1225
364
1148
1240
1035
899
2542
1079
6016
1208
5989
1617
904
3114
923
246
908
337
78499
919
349
223
7502
79132
1259
1199
2329
2804
1961
474
4011
1214
1732
1200
628
1252
588
1203
44191
2395
1230
913
111
1096
2599
8961
1090
48780
1250
590
2396
4963
1201
300
1265
509
3996
1266
6
778
1304
1288
1206
3147
2300
46578
1500
3897
1393
1233
1204
733
720
1258
36
161
21
1293
59315
52
4878
903
2005
55820
1060
49272
924
920
953
2324
555
32587
1784
33493
2115
1234
1374
1219
3949
4027
1356
122882
112852
4979
2692
2973
898
2987
2797
1028
3730
6711
39
969
2194
54503
595
106782
2019
1912
68157
5064
2917
2064
4995
96079
3462
2687
2997
922
1610
1945
3362
1680
307
2318
2929
109487
1584
3006
1267
1299
8368
1272
2712
4973
2716
1220
497
106920
89745
6874
2132
377
1179
70286
44195
2243
51540
27773
1097
373
1262
2572
3435
104913
16
1084
1263
109374
1682
926
41566
921
6787
3545
2739
1527
1663
3471
2291
1212
1246
1641
68954
994
1247
4034
3198
68237
1222
1276
3683
1580
115713
86882
2355
30749
1094
232
1224
1466
1449
68358
1271
1343
1172
79702
2871
501
2985
1960
3160
4571
3363
3201
2268
1307
35836
2144
543
41
116797
3039
1031
2231
50872
910
2467
56367
1192
5669
81564
1223
1283
5673
2951
2081
3101
3200
1954
2137
1207
3072
134130
428
76093
110102
5630
7438
671
3952
104841
3421
800
8636
1261
1673
4007
76251
84152
2890
215
89492
2791
82459
72226
115569
3068
2289
3468
1254
96821
40815
1292
146656
3552
33794
2232
348
93510
64839
2321
2288
1394
112552
3358
30707
2078
2138
1077
49530
5956
1923
99114
27022
306
59784
955
3213
4085
319
85342
69757
34
8641
2108
33166
492
2580
230
968
2359
5444
233
515
3246
2971
1215
1953
2186
3481
88125
122886
1209
6979
1956
7022
1674
86
1242
54286
142488
1244
2700
1217
1387
3152
149
4901
529
71535
2463
3735
3983
73017
4896
1962
4235
3102
80463
3728
741
3016
2490
1948
2916
1361
1274
1959
475
538
4033
102445
3448
81591
866
1086
594
1177
5152
106100
4029
805
2391
1088
111759
56782
27831
1278
4361
1227
1059
51662
65514
3263
3546
838
44199
911
928
69481
2947
1285
2459
57669
1688
1944
1277
3153
81932
1095
1073
1256
2912
4886
3671
539
1237
2336
6539
1333
7090
5159
596
60684
91658
4720
98961
102123
3706
4623
5103
4239
69844
8970
48774
2501
5782
412
3360
1354
1186
3418
2303
54997
1625
1302
140
1353
3317
308
1952
3638
1376
1104
8638
3868
535
54881
2594
93838
1249
5902
2671
4873
8874
3529
31878
69
905
3210
2065
62
1994
3033
3060
5108
3476
105504
2406
3044
900
85414
50641
3034
951
3685
125
61132
82
5244
115122
93855
7802
93320
2524
108583
534
63131
53123
322
39292
1147
89774
2926
79357
4857
81834
4467
81845
8807
280
2366
3030
8529
3359
2000
3504
3499
8366
1927
89804
74458
88129
80489
2683
581
55721
29
471
115617
1218
26587
4519
5995
3252
2729
27660
281
72011
156
41997
7451
272
116897
6323
27846
2732
4465
38061
1885
148626
2485
1616
6502
104879
3104
8665
2539
2924
176
2989
97304
97921
62849
1957
2750
1127
549
299
3420
4557
1023
4014
3298
3038
4821
3743
8798
3681
3396
6104
53129
1711
151
3999
326
2017
5957
2745
1639
3328
47610
7132
1464
194
1231
477
112138
1366
44788
3825
7156
265
1955
2096
1701
5135
3274
422
2841
521
37731
4326
71156
2203
936
11
85774
2165
6796
340
1080
1081
2746
111781
8542
3167
97306
2087
3135
3469
4263
6440
3408
2867
229
3724
8949
64614
44665
3712
122904
2648
2278
3703
1463
1022
1629
3713
87192
107406
362
2872
71264
5377
4867
64620
1411
5500
92259
53318
1904
51255
2093
3089
599
60293
3429
2474
1175
5014
2166
131724
56145
206
26131
441
4037
3007
935
48322
2721
3798
97938
1678
1895
103
3679
4322
3112
4103
40819
4679
3020
6932
88744
516
4327
100556
2267
87222
27790
54328
3813
5477
3543
4787
363
87232
2313
1034
8622
2083
1260
2944
2852
1892
2130
5991
735
6452
80
2529
2080
112556
8340
52604
6436
1686
3814
2664
2131
2707
3508
71135
122900
40732
89
2105
81229
101
4814
122892
88810
184
2245
1191
5812
2693
2085
3036
1694
84944
54001
7143
6791
3000
1964
508
52973
3557
3320
5071
3915
4731
5893
1859
4302
86781
59126
1653
170
3970
4056
96610
51935
3035
128360
4978
3801
1030
4223
915
7481
5785
1041
42004
1300
1921
1483
30
4617
5960
6419
4088
4522
4628
2901
1754
893
44974
108932
2495
2327
2606
51080
2140
80693
121231
514
3973
1128
8580
104374
3083
1476
1348
3505
79008
3635
3203
2271
1392
7091
1554
49651
2290
1991
2545
7099
26258
2736
4641
8228
2696
7285
1341
785
36708
1480
74416
104944
3024
116
48394
3342
4855
94677
241
2337
45
96829
72733
127152
2788
1125
2612
141
988
100714
3018
1279
71429
4039
82527
353
3115
2114
1543
2945
3490
341
3281
1312
2755
3757
2550
2553
2177
1655
3021
2725
1236
3851
3840
1326
2365
1531
183
2902
2982
2465
3837
1771
91653
10
4008
49
3074
261
879
909
946
1963
2419
1947
2248
1012
1257
1357
1967
3994
8981
3457
26152
4713
3494
2988
6708
31435
48304
2936
5151
5903
621
139757
2774
80906
567
1305
3498
4009
64957
3265
357
8910
68159
271
1130
64285
98809
91542
4002
54259
4846
2475
6327
3341
36529
91094
134853
111362
6187
2442
1332
82667
