user_recommendation
318
296
593
260
527
858
50
356
1196
608
2571
2858
1198
2959
110
1221
912
1270
589
1210
1197
4993
457
4226
47
1193
7153
5952
1089
778
1213
1291
1704
3578
1136
908
150
750
32
541
1225
1
111
4973
1247
904
899
2762
293
2396
1617
1203
1240
1252
923
6016
969
58559
2028
2692
1208
1265
2997
588
745
1682
2918
364
913
1207
7361
2599
1259
4963
1148
953
2797
1172
48516
79132
3996
1036
2542
1304
1968
919
1219
1073
1230
1097
1961
4306
2324
2064
17
2804
1246
2329
1204
1267
1288
4011
903
6539
497
926
349
1214
246
910
1732
595
1079
1250
920
1258
2019
515
1228
1222
590
1307
898
36
44191
1293
922
357
3462
1060
337
1200
1276
3897
924
5989
1947
1199
1206
1625
1212
1233
1035
4886
32587
46578
232
3147
1356
733
6
1673
2186
78499
68157
8961
4995
2716
2300
509
1090
1945
55820
3114
1280
480
1953
4308
555
1080
3435
1263
2791
1674
1952
1223
954
905
994
5995
1234
194
3386
1299
2289
2580
1084
5669
50872
1834
54286
2115
950
1217
2359
1094
1387
4235
1394
1269
5618
4878
2863
475
4034
48780
4027
33794
3421
1957
1256
928
3481
33166
671
116797
2917
2268
5418
1580
1254
1278
2908
720
2739
1287
1131
29
1296
11
916
235
2076
3730
59315
1220
265
2712
1357
3307
955
2125
30749
7147
1358
1248
1960
40815
3160
508
5991
2467
1997
3260
1262
76093
1201
56367
81845
6377
3471
3006
1183
1411
6874
49272
2971
5225
4979
57669
1500
5816
74458
8368
1466
1192
3362
1527
3468
2194
106920
290
628
7502
162
1923
1244
529
2501
1264
3949
474
911
1237
5902
2291
3683
914
39
3363
1584
1103
1939
109374
471
56782
2020
1028
92259
1077
1963
1305
299
49530
1948
2248
3246
58
2010
3104
1175
800
30707
1610
1784
951
1272
945
377
3868
300
2081
1300
3504
1260
3088
3134
3359
3361
3545
5010
2357
2648
224
161
1096
81229
2726
838
2243
2973
5445
2132
1537
27773
1178
2395
69844
73017
3310
8874
2761
16
1393
380
3035
1354
1292
930
5064
51255
3499
272
4262
3735
1302
106782
8981
1189
8958
7090
2890
44199
88125
3095
1946
21
431
44665
3083
1066
44195
538
3671
81847
921
850
5114
440
1641
6787
109487
2202
8970
1104
1884
91104
2871
33493
7116
3510
68954
2137
86882
946
1959
2144
8228
3038
4007
72641
40629
3072
6502
319
1283
1361
5971
501
942
81932
41
3916
3317
44555
1023
2318
581
72226
31658
1927
3198
4848
1950
4037
927
2231
7371
2490
1224
1147
39183
3983
5956
368
534
4085
3101
3176
1127
1029
8636
54259
6796
3167
492
1231
314
68237
268
3007
115617
2612
261
105504
5017
3022
1238
88810
306
632
53
110102
3524
741
1916
5992
845
62
104374
2935
2690
933
4014
1719
2366
1251
53123
35836
3152
535
2644
1019
2203
1921
94959
3469
122882
6979
2947
1281
3256
1284
4914
134130
6662
3196
5630
4424
134853
73290
968
3527
866
3814
6807
97304
5444
2336
54997
2944
373
6987
2303
4019
907
551
2066
7132
91542
34405
2068
6565
68358
54503
3019
1249
5903
64839
2245
2502
3175
1215
3089
483
390
2938
3037
3791
2138
1449
80463
2987
1120
3100
412
2846
915
39292
1699
2925
99114
4103
26729
2232
2208
1994
3039
3703
112852
6669
2406
8132
3000
106100
106696
1955
2795
102445
6643
54001
1211
2351
1374
6773
2391
4623
307
3952
735
85
1303
6281
3910
7771
87232
6001
3788
2288
2353
7451
3200
96079
26242
7767
40819
86377
6530
2745
88129
8950
178
6380
3201
2070
7091
938
115713
3507
3448
805
4422
6918
1285
3505
6732
5013
3429
2302
3252
1729
1086
2321
69481
1754
7075
7143
37741
2929
1954
2664
4427
1179
1273
2788
3724
6003
8542
2267
1810
2352
30
428
4661
64034
7669
54881
6331
97921
3793
1218
1333
6273
3068
2594
142488
454
262
7981
766
55250
56152
7700
38038
89745
1688
2553
7373
7136
1049
6783
55069
3060
2102
7587
4304
2563
2474
222
50068
81834
1734
3414
345
1944
31410
1242
60756
2936
55276
59784
104913
7263
69
3081
5446
30810
353
308
1209
565
28
3418
86
27803
5103
81591
3973
1860
48738
3676
36529
4865
7123
63082
4489
971
45950
2920
80
5876
6711
6235
1934
52
2067
3672
42004
3355
6777
101
7386
146656
943
2731
1931
4796
4076
1450
1563
5427
4518
4930
4591
1819
5608
973
85414
116
89904
8784
2108
26524
3263
2728
51935
38061
106489
233
4432
2096
3044
1343
3892
2750
1271
2434
1408
32898
1982
45728
917
175
2694
514
1352
112552
1257
106438
3911
4437
5475
230
937
3811
65188
918
8933
7419
4225
4349
63131
8042
58803
68838
37729
6552
5062
2176
4263
6269
1663
2924
902
8955
2118
3476
759
1611
1649
84152
4776
4277
2130
668
477
5812
2160
3360
3091
45
635
115569
3966
3475
4086
81
728
6350
4188
55269
3194
1964
93510
2686
3396
7566
52767
96728
3203
40583
7320
3365
1680
3702
6724
3364
2529
5791
3270
70286
106471
3742
8125
1020
3741
3548
5673
2819
1202
3417
5341
213
91658
6971
89492
146
1150
64716
3536
4352
4410
1941
3129
58295
60069
1616
2344
6993
931
5878
8264
2273
7022
2423
7836
51540
7256
3684
7099
6333
5772
4642
935
90866
6440
127152
2729
2912
71579
8665
52435
4466
4945
30816
5385
363
3341
2579
98809
1827
3470
26501
26797
8261
96075
8123
74089
7087
6021
53887
5238
86487
58649
4428
55063
163949
114464
104119
112577
150856
101850
6863
2951
7137
171
6786
97
7943
3686
7285
4450
2078
1253
2551
68269
3071
32525
5008
38499
3551
3739
1161
2312
6218
3342
41566
4537
2284
207
8645
5105
3213
87306
280
2331
8880
2677
61323
2278
8199
91630
3424
48791
41573
79824
80839
32289
1748
7649
