user_recommendation
318
296
527
593
858
1196
2858
356
608
260
50
1198
1136
1197
1193
750
1617
2959
912
4226
589
1210
2571
4993
4973
969
47
1240
1259
2918
1213
778
1704
1225
2762
2692
908
1221
1208
904
32
1270
1278
150
1252
1203
1304
953
1148
110
1219
111
2329
1732
913
745
293
923
1258
1206
2324
1291
1
1089
903
2502
457
480
1230
1214
2599
1207
899
3471
1968
1394
1682
364
541
1080
924
1387
551
6874
1961
4995
2997
1079
1204
720
1097
1247
2396
3147
1073
6016
3481
380
4034
1234
36
2064
5060
2291
1200
898
926
1199
1250
4878
1233
595
1223
1220
1060
3671
2028
1625
910
1172
1222
235
2795
223
3499
2716
2318
2542
1288
7153
1228
4011
1077
32587
1276
1036
1500
741
162
1947
2288
337
56782
4027
515
3421
1411
3504
2804
68157
509
79132
1287
1952
1580
3363
920
2268
1527
919
29
1641
1333
25
48780
5418
1994
1272
3448
3000
2908
44191
555
4963
1028
1215
1953
1945
914
2791
628
2109
3730
6539
5989
3362
48516
2076
2289
1269
16
3359
3114
1212
1263
319
2971
1246
2115
8874
1292
1299
2300
1035
1103
353
1094
2194
3735
968
3683
922
3897
2664
1217
1254
3510
2132
800
56367
6807
529
3868
1029
141
2467
5995
2580
3967
1321
1265
3167
357
954
588
2712
1285
1267
1464
2144
474
2313
1293
1179
70286
1095
57669
5618
52
905
3911
109487
1256
5952
34
7361
1982
1086
928
955
30749
3435
2303
1175
1361
55820
2108
951
39
1266
1673
2186
6
508
2067
581
349
2459
1244
1260
3358
1120
3033
1084
6711
3088
1224
590
194
4886
2739
3039
3451
11
1242
3524
58559
3724
3152
3814
2788
2797
69757
942
116797
69481
1956
106782
950
2973
230
3420
3016
3198
1012
916
3703
2138
2160
27773
534
31658
96079
1090
33166
2020
3037
3543
2871
86882
728
2987
3546
247
106920
49272
1284
2944
3068
3246
2947
3361
3462
1081
59315
5991
306
2442
99114
501
299
3081
3201
2916
272
2245
3213
307
33794
2463
5876
63082
1096
6787
1201
911
500
3272
3476
68954
246
2391
3210
1356
3791
8228
7022
88140
3200
2248
88129
2321
471
44665
1189
3108
1178
1466
3527
1958
88125
2355
3022
1303
2203
233
3548
39292
73290
2403
3034
1243
3019
1912
475
3135
3101
81591
111759
1948
1674
308
671
3468
1635
2137
2361
1305
497
3175
1348
6796
1955
8798
1261
8784
30707
1130
2648
47610
64839
81834
1171
1135
3429
766
1374
1192
1663
4361
1283
930
58
1610
1248
2942
2746
3194
2231
2302
3168
1296
1747
326
6863
3917
1274
909
3095
1041
3702
4466
4945
538
17
1343
2912
2130
40815
3760
3307
156
88744
1959
60040
4881
373
1059
1186
535
2005
2612
2594
1729
2495
915
30
3788
3035
229
6188
2336
8368
2395
5055
3355
2682
37741
59387
3104
45
3686
1649
1282
1405
3738
2901
1611
3007
3015
78499
2935
1211
4326
106100
785
4262
363
1218
1264
3342
2919
3989
973
3102
6440
8665
1997
2553
104374
1249
2696
2657
1302
7099
921
2846
7090
1341
74458
1082
1262
1345
2018
27022
2841
1307
2985
3418
5152
3725
4450
14
261
2734
2337
72226
3741
1231
3196
1257
5782
2202
68073
41
4086
3036
2560
4029
907
7802
1678
2490
2081
940
116
945
7096
1251
1939
3072
1104
1032
3638
1357
1127
46578
5630
81845
2208
965
1366
7139
103
6461
3578
30793
46976
3734
2232
3467
946
2125
262
2349
97938
2949
4306
2725
44555
647
2019
1927
4022
322
328
2721
8807
2093
1916
514
3728
1187
2267
2469
3414
2857
3317
115713
26776
125
8493
3529
4009
341
33004
3751
265
40819
1280
3908
5064
2327
2988
232
4427
3083
3833
2271
213
994
2929
6870
1516
3679
54001
949
1965
134130
240
3021
2982
183
2483
2945
3281
184
49
3757
1463
1531
1543
3770
3837
3851
1771
567
1904
1312
2131
149
893
3112
2177
416
1344
3547
224
2890
2726
2917
1128
621
122900
933
69844
3635
2693
1332
1111
3011
3469
1954
55247
4380
5225
988
2550
2545
1236
1960
1885
1245
2009
6003
7502
2366
6947
2752
3811
6852
345
421
104913
2915
1392
3115
1629
30812
3125
8970
3712
3672
3929
7137
2419
3244
80463
1974
3844
5238
1991
5444
2166
1125
1281
3038
104841
96821
5669
1279
1639
111362
3557
50641
68237
1799
1923
4085
6323
4903
1393
3526
3062
1066
1441
3508
1797
4007
550
97304
4880
2924
4128
4235
4239
2755
5291
312
384
1480
3060
81932
1034
1946
4979
1191
1701
4537
37733
1615
1845
8961
83134
2423
1950
54997
6755
31410
556
5812
2346
4008
112183
3498
4292
2243
2165
2926
64716
4014
7698
7215
1177
10
3044
6773
2070
5971
2686
348
8873
932
599
1449
1255
3804
1173
523
6299
2434
3551
4105
6380
2792
7235
97752
3655
4223
3067
428
85
52435
46
2867
107559
2644
3134
30816
422
81562
4263
1085
3457
1931
2119
3105
3676
3608
4349
1944
115122
3943
1564
1824
2660
95088
1963
115569
1967
80906
5801
8641
64957
2517
215
1326
100714
59995
4322
1476
8958
5747
2613
1286
6502
1875
2118
5379
2866
2398
27831
248
3024
3840
2465
86377
97921
40732
492
3536
2535
3701
80549
1209
4720
3360
2728
3274
92
918
733
3181
2932
54286
6001
6724
2010
52885
3677
2348
8191
4217
106441
3576
2524
3609
85414
3030
3219
26084
48394
31035
1423
8128
1227
2925
1934
531
8132
59
661
65261
6385
93840
3153
4641
93855
5244
85342
108583
93320
50068
81564
79357
7419
60756
562
76093
4308
2662
4465
31435
43
4321
4017
7386
290
102993
4384
3983
2690
3077
309
366
6101
34072
4623
3334
56152
51255
7438
2107
1810
3251
1238
7285
1614
3018
13
2357
5690
5299
3341
5956
96829
1078
3713
55118
1162
