user_recommendation
318
296
527
608
858
50
260
2858
2571
1196
356
593
2959
110
1198
589
1221
1704
1210
4993
457
1213
2028
1208
7153
1197
47
2997
32
5952
750
1225
1270
1193
2762
2918
3578
4226
1136
1259
293
111
1291
2804
1222
2329
541
778
58559
1732
1089
590
150
904
2324
908
912
1610
4011
1204
4973
6
223
920
6016
3897
2194
1036
1203
1961
1
1304
1233
588
1035
1968
1617
1242
7361
1079
1252
25
1090
1025
733
48516
2115
5225
1240
923
2502
3114
1258
1199
1148
2396
1246
2542
3996
5418
480
745
926
3481
903
4963
235
4878
1250
969
79132
1219
1214
4027
1287
246
1228
1200
1207
1243
2692
1393
2761
2580
1220
1625
54286
968
2797
1262
5669
1299
349
924
2019
3462
1060
1584
3476
5995
3418
913
1247
1288
176
59315
161
1500
8961
3499
364
1387
2716
56367
1674
1278
3448
919
3386
3020
1097
474
595
194
1356
720
1265
5989
1185
2599
3147
2064
1293
30707
2278
1266
4979
33166
1073
4007
1960
1267
4034
46578
898
68157
1223
6539
1028
1172
1224
497
36
1096
265
6711
1358
51662
953
1272
1095
2395
899
3421
1217
337
1408
529
2301
2268
1921
551
2231
1680
16
55820
471
3000
1080
307
4995
1927
1734
52
2005
5349
2890
1212
33794
555
6874
380
2318
1682
5902
1953
1673
3095
2501
8874
922
3911
6979
1466
6440
48780
1924
1302
661
1945
3683
1711
2248
905
7502
3471
44191
163
3916
4103
1254
1077
805
2353
3203
3006
2186
3949
3071
8665
78499
994
3548
1206
1946
2917
89745
306
1178
4235
1084
232
515
36529
6333
1357
3168
1952
3201
1263
5630
1693
2529
272
49530
671
6502
3783
2132
44665
33493
2460
1230
5668
1957
35836
3468
581
2985
5010
2336
2328
68954
44195
1211
34405
10
81591
3730
8132
50872
508
32587
2728
850
2745
2359
5618
81229
5060
910
3317
44555
5015
26614
62
5679
741
3176
1805
69757
308
4571
1962
1947
3868
17
31658
1884
68237
2871
832
4886
2302
76093
2144
3181
79702
1411
88125
1784
73017
1257
70286
2690
49272
535
55442
7147
2010
230
56782
109487
54503
1201
3435
955
3342
51935
55247
475
5312
2303
911
2434
3033
728
86
2944
2686
648
1276
69844
1023
319
106782
3007
73344
1264
177
4641
3363
4848
1256
3081
2334
4085
2966
4016
5816
4308
759
1032
3735
3504
4037
628
5903
51255
106920
2971
69122
3424
5791
3019
2660
1245
1081
7090
2371
38038
2712
5013
72
2700
1231
8636
7212
2300
1754
431
3510
262
1103
21
3788
3414
1449
3077
1948
64285
1958
1719
2020
5444
59784
44199
110102
534
928
2467
40629
787
3036
281
29
51471
1307
31116
3037
2730
8368
2952
4128
4688
34162
3034
3035
1085
1260
31410
8949
154
3090
1611
91542
3088
261
86882
946
1361
6620
72998
5812
57669
3252
2575
54259
38499
3150
2125
1374
2863
1476
3747
6377
8207
8784
7566
52767
5956
1283
2973
178
92259
3030
4489
26712
1944
50658
7099
6796
951
1907
1292
3362
71535
71899
27846
50740
50742
64839
2076
3983
64614
4239
87232
2291
909
69
5329
73290
8644
11
2058
1104
4262
916
81834
7256
2706
96079
109374
3178
30749
1580
68358
37741
6807
3044
538
112852
3396
6365
46976
72226
3429
838
314
954
28
1251
2490
280
2774
65130
6565
52952
6787
73
3451
348
2739
1238
6773
54001
8970
4537
64716
4017
3200
3527
1965
102445
353
3213
3275
524
1484
1282
198
5876
8950
1982
3521
4033
159
2202
2352
3871
59684
31435
65037
72641
915
2243
2938
3039
46723
3134
84152
3070
1150
50068
2687
7156
6870
175
115617
39183
3101
1285
1333
76173
4211
3160
3801
2463
4450
942
6101
362
57368
95167
1209
2795
6957
5415
1179
40815
39292
97938
1237
54997
357
27773
53972
47610
3273
33660
1956
5064
3406
1269
6385
5971
377
1298
2664
914
5218
3703
81845
253
3307
2313
1429
1939
477
106441
107559
2067
950
4855
2386
2459
3358
48394
188
85414
1407
505
1447
115713
3089
1244
6552
5377
106100
3350
81847
222
3967
48082
3929
52281
552
2841
1931
122882
122892
1049
2732
3910
509
3022
2596
780
930
41997
58295
3671
3724
2289
3108
3702
1192
55269
3219
44761
866
8981
2791
93040
3467
36527
6863
6350
63082
80463
934
1061
77658
48738
2335
558
98809
6201
53883
99114
5103
2936
3477
26729
3198
6378
60756
2935
1564
45950
2333
428
5673
3943
3677
5670
3360
91630
116797
112552
1616
5810
4223
5782
8533
38061
44788
74458
900
6669
1234
2406
973
71156
69849
3742
3545
1281
5747
945
2987
5690
3852
61240
1912
5095
4722
1810
6003
122900
3848
1041
2984
27721
2857
4187
2908
2071
412
65188
2478
97304
289
2142
4190
52885
2403
106438
1378
4903
2315
1261
94466
58303
4326
1066
2930
7025
45186
1227
61024
4047
3152
3364
64034
4616
3011
446
3100
88129
102993
3902
233
2949
40819
4459
2469
5414
392
3952
2282
2430
1587
3167
6708
64620
26
8861
131724
106696
1934
7767
521
3060
2694
162
4427
3308
2718
56339
2905
40
4225
6104
2022
6947
2249
2279
2788
1305
63853
322
3791
3112
7451
1188
4191
8933
3251
85
5254
60069
2357
1078
3417
7386
366
7371
1537
2648
3653
7285
2143
1645
1248
8228
146656
4021
38886
59731
632
53
1273
4857
42418
67508
1834
3262
59118
138036
4351
373
49278
940
971
4306
1966
3104
3359
100556
94959
3246
5954
5291
1057
2670
268
4474
2287
4179
84187
3793
54881
81564
1635
2746
2273
3365
69481
3068
142488
2920
66934
5300
5294
52435
7027
494
85736
2344
8360
7143
1063
4846
3654
2167
7160
1094
2867
3598
290
27831
2924
3420
54995
7123
2155
96821
7132
6959
1303
77837
62203
96728
4014
3844
363
171
57504
103810
4642
2208
3328
4776
4220
8208
36708
2846
1938
51412
