user_recommendation
318
296
527
593
858
260
50
356
608
2858
1196
2571
1198
2959
1197
589
110
4993
1221
912
1270
1210
47
4226
1
7153
1704
1089
457
1136
5952
778
2028
4973
1213
2762
1291
1193
1617
293
32
908
150
750
904
899
541
58559
1240
1203
2918
1225
111
3578
6016
2396
2997
923
969
1252
2692
1247
1208
913
1682
919
1207
1214
364
2324
2542
48516
924
1304
2599
4963
1036
745
1073
898
480
953
588
1219
497
903
2329
2064
4306
1200
4011
1968
1259
1079
3996
1732
2797
1265
1961
1148
920
7361
79132
3147
2804
1288
1060
1276
4878
2716
1230
36
246
1250
1267
44191
1228
337
1172
3897
1947
922
1035
349
1625
595
6539
1212
5989
555
590
515
926
68157
4027
6
1204
1258
1307
1246
4995
1028
733
3114
1293
2502
33794
2194
2019
1234
55820
1222
17
32587
1233
1199
56367
474
1610
6874
1080
8961
1953
78499
5618
3462
1394
2300
471
4034
2186
950
1278
5995
48780
2291
994
5991
1674
1206
235
1500
3421
4886
1960
905
2115
2289
2917
1094
5418
50872
1945
40815
6377
1254
1220
1356
475
33166
2580
161
1263
59315
357
1952
3481
910
954
1673
29
628
1097
2268
928
232
720
1299
194
1084
1090
1201
5669
508
11
265
3683
3362
57669
1217
3730
1223
1192
3671
7502
509
2467
2076
3504
3435
3307
116797
3735
68954
74458
8874
4235
1387
1957
1284
2739
1292
2243
1272
4979
1580
1923
1244
1175
21
5816
76093
58
1096
3468
1834
6502
4308
3152
1287
2501
54286
1077
2971
916
8368
914
2231
2871
671
1296
5630
46578
2761
1729
1641
2791
49530
1269
3006
25
5064
1262
30749
1280
56782
1939
2132
529
2020
3363
1256
109374
377
3104
951
1264
1466
2973
3418
81845
1248
2081
109487
44665
86882
106920
6711
1333
800
49272
2712
3868
1357
1411
1954
2125
2248
3088
3198
1285
34405
2359
2137
3471
51255
955
2202
1179
3035
2318
1361
1784
68358
3949
3160
1215
69844
1537
3007
63082
3359
1103
2929
538
1959
2987
73017
5444
3386
106782
3545
1994
54259
2391
31658
7090
4085
44195
2303
1997
2863
911
4262
1527
2890
162
92259
7147
1231
27773
6807
88125
3952
3361
272
551
1086
1358
30707
39
44199
440
1104
54997
1224
1948
112852
99114
2144
1950
5971
1178
1227
942
54001
4014
2160
535
2690
3095
930
6787
1260
134130
2664
6979
1249
68237
5956
64839
96079
319
581
1393
3038
2357
921
1211
2908
3448
2490
16
81591
534
3246
3499
2474
7099
945
1283
8970
1449
3083
933
1189
3039
4037
1023
6942
3068
73290
81229
968
2726
104374
1584
1266
134853
59784
1029
3510
94959
353
927
70286
3000
2944
40819
805
3201
4848
1209
2395
741
88129
6796
3911
2612
5812
1305
1663
81932
3022
1927
2648
1946
7438
3134
373
1303
1237
3429
3703
72226
477
3167
299
3200
1131
2795
223
648
2138
106100
2005
224
1257
1281
3527
3089
1916
1374
8132
44555
110102
431
3791
4427
36529
1238
6331
106489
54503
5903
2232
946
1147
3983
52
2208
1845
2366
2355
115617
3317
115713
3256
1066
1680
41
3916
89745
3505
88810
290
97304
53123
1218
3260
1955
2070
2729
428
3101
2935
1095
728
56152
87232
6380
2245
3037
86377
6565
3175
306
85
80463
86
1956
7371
2788
7143
105504
492
6662
2203
2010
261
900
38038
2067
3100
104913
2644
3543
4642
62
1688
1408
26524
280
5010
850
72641
142488
91542
8981
7116
3072
69757
3524
2925
81834
4304
8228
81847
2078
230
3358
1300
3111
1963
122900
6350
3355
348
89904
69481
50068
412
2336
1366
866
106696
69
8784
1958
4007
838
40629
2819
8950
175
1120
98809
102445
307
2846
4450
2352
68073
1944
4223
33493
106438
7022
8958
4263
6863
97
1354
3469
7386
6269
300
2331
907
112552
55069
4103
368
314
2947
1273
3360
7132
5103
1962
4787
64034
2951
3686
1302
2920
151
2841
122882
971
973
178
6235
5225
48738
915
51935
3203
2938
2924
3724
6001
3365
6552
30816
1251
2434
268
8938
2313
6669
233
6870
2102
4326
7373
7451
3742
2687
1754
45950
3310
6003
1964
156
3551
8645
2288
7137
5114
1464
3213
3814
7669
5992
2068
4465
766
60756
3548
8665
35836
3016
67087
3081
5500
2463
1376
1277
3741
5446
222
8807
27831
6732
5017
281
3062
3546
8798
632
47610
2096
3653
53
3811
3071
2109
37741
31410
938
58295
322
146656
3801
65188
28
3168
3342
3521
55276
6440
6987
45
54328
1343
3910
2278
4623
26326
6281
5878
1982
1921
4239
6773
7802
6452
3702
58803
80
97938
82
1049
1827
262
3451
309
116
64716
101
735
7075
2746
3044
2080
32898
26729
1088
8641
6385
3019
8636
4661
96821
1177
3102
2353
30810
97921
390
81564
3252
7263
1019
45728
3263
1934
909
2351
54881
931
26599
7932
91673
4252
5475
7256
917
123
3414
4422
3788
39292
3967
5608
64285
107559
87306
7064
4349
65514
7091
1619
1734
5772
9010
93510
2130
96728
99764
6620
112183
1942
2553
2919
106441
9018
7827
1245
3507
1081
7767
2936
27790
2344
8542
85414
6419
4019
2066
63131
61323
3966
3210
7212
1345
1484
4821
3684
3783
1649
6378
73321
128360
5876
2745
3508
90428
501
84152
13
3350
3475
37733
4432
6724
4016
6273
7419
51412
8933
1202
2857
1719
154
3512
3364
213
345
4299
5060
2321
4105
6187
6777
3112
6104
1616
902
514
2312
6959
63876
3536
1396
122892
6244
3501
3476
4406
69122
4660
1020
4033
70293
599
65261
6283
4086
363
30
91658
6993
68347
2284
55247
5146
2099
2872
56251
37729
1884
1012
115569
6188
26662
7123
2952
6612
4616
52281
71579
4321
5108
52458
7771
68838
55269
4410
86320
127152
3793
31116
51471
7087
940
7285
3196
7320
3871
62956
55267
2852
901
90061
4755
55052
935
3406
