user_recommendation
318
858
296
527
1221
608
1193
260
593
356
1196
1704
2858
50
1198
2762
4226
2918
47
1617
2804
4973
32
1394
750
2571
1259
912
969
457
589
150
480
1203
3897
111
2028
590
588
1240
1197
1393
1270
110
4993
1234
3996
913
5669
3578
2959
595
1358
3967
1097
1242
1210
2329
1291
58559
293
1136
2692
1208
1213
2268
2324
2396
1090
5060
3481
1961
1252
1225
6
953
508
3911
1035
1580
6539
3363
39292
1968
5989
3317
529
904
1304
475
3471
1278
2973
3504
1233
2797
1204
1263
1958
1094
778
1952
1293
34
923
2318
1095
2289
2132
7153
1947
306
1207
3994
6787
2194
3543
17
6016
1500
1148
4995
307
908
2997
364
3246
515
2599
3147
2071
1299
308
745
337
1222
3362
1171
4903
1
1243
3989
903
1162
7096
4967
6299
8228
6874
1077
3104
2020
1387
2313
2144
1682
1307
1747
1635
1111
32587
1333
11
14
1282
4011
1953
728
3526
5445
1566
30749
4881
2321
6796
2716
1527
800
2671
4963
1674
1036
3724
805
1228
36
1223
33166
2739
920
1957
1269
1343
1206
1230
3548
1103
628
3088
3201
4086
1084
2064
3174
39183
1380
4886
3255
733
2542
8784
1997
3006
1078
48780
2078
7361
1224
1247
3360
5299
1356
4641
2000
6870
1272
5995
223
7137
1219
69
165
2231
62
2529
80463
222
940
37741
4537
2278
3037
1611
1258
3034
1199
73290
55820
1945
6711
474
230
541
932
1246
1250
2871
3469
1276
349
1994
1912
910
2355
2987
5876
780
1212
3467
106782
30707
1172
2463
2336
2174
4034
8128
2081
3735
3671
3167
357
4002
7698
5801
1641
5238
8191
7215
5379
3668
3609
5544
1423
31035
1200
175
5747
3361
4008
3414
1127
949
1060
3108
109487
2947
2243
3256
4022
2125
919
4217
1339
64034
905
3421
3435
215
1022
926
1719
3114
534
4878
1025
265
27773
33794
4306
1688
2746
339
1810
7802
1948
2420
2580
3451
147
1964
1960
1266
1029
3987
235
2664
2728
911
1275
1271
2866
85342
3095
93855
539
1215
1032
2791
2076
802
3943
2352
3499
54259
7139
6377
1231
3334
81564
1396
1292
272
1411
3510
2687
4361
3412
2971
8665
2520
3019
938
1079
3844
5954
1376
1283
2232
45722
2248
112852
3983
1261
4062
2875
551
500
79091
68157
440
37731
40819
4880
1061
4223
1344
3152
3949
3468
104841
27478
88744
4033
4187
362
2846
3112
968
322
1907
79132
1104
783
6440
7285
1955
8950
3683
2357
4017
4029
2757
3789
4326
48516
1287
1954
5955
1408
93320
79357
4519
5244
50641
108583
60293
115122
65514
4577
2359
96079
1918
16
2908
1608
1256
2431
76093
581
942
1967
64839
78499
4191
4174
3696
122882
1082
3350
3871
3788
116797
40815
3980
3105
2966
2096
3011
1784
6852
98809
2019
3672
89774
1274
1302
6777
2335
2501
8958
345
2067
4280
86882
4427
4292
2312
1081
4359
1345
2978
1965
3929
2694
300
1956
4322
18
1949
368
97938
898
380
7022
79702
2139
6565
246
44191
88125
1564
26
1824
2660
1610
2395
1673
5418
2193
3429
8622
2090
1931
3984
497
909
3359
3730
575
3741
3071
2023
3308
2303
3498
3733
39
8371
2916
2245
2070
2005
1080
2291
288
7099
57669
555
4263
7493
4465
1214
5782
104374
1245
3062
709
943
94
106489
1643
5292
2915
64614
2699
13
3198
663
9010
556
1374
69122
3516
8645
2594
5446
647
3634
4369
2788
1189
3347
5812
44665
6502
1296
4007
2273
2310
6323
586
6708
27317
915
27660
273
104913
6461
2863
4723
1361
1099
5799
1753
3386
3077
5008
93838
3135
53318
1889
5120
82667
2857
56782
8981
111921
2145
3196
76251
115569
3068
37386
371
4851
6639
8147
26084
6337
8753
3289
4334
3713
4273
3655
4810
5642
4279
1169
2725
4809
2682
3738
1545
5023
5021
2314
4965
8987
3502
2434
5341
6449
2442
6963
4077
5073
6170
4769
279
6890
4218
1399
6790
4171
3200
6101
3069
5398
4216
1012
4061
6724
6413
6561
4464
229
3699
4378
70286
4979
3194
1633
4085
3111
2288
102445
68237
3783
4450
3182
562
2439
1260
1085
3168
7669
1466
6832
96821
5765
3437
3186
64957
4027
7090
1262
2018
6942
3272
6993
31658
56367
8957
122886
121231
3252
899
4443
2752
2432
8641
5225
361
1267
96610
48394
2686
4630
69481
6755
2469
7502
97752
2690
2968
3551
1888
587
5878
3178
1614
134130
2263
27022
3000
1218
106920
3791
2115
5630
134853
55247
253
106100
1592
8638
319
4713
1220
52952
112183
3916
2006
4467
68954
2948
71135
3681
87232
5103
2944
60069
2581
55721
2433
597
73
55765
900
26547
81591
6662
3424
5013
1962
100714
1124
1937
85414
7143
3379
87192
72733
7572
1835
2305
162376
71429
3970
110501
51277
95965
31435
89085
104944
4553
102252
74416
8340
27646
2924
1255
3213
79008
95475
27109
59995
7235
95499
5746
26258
89904
2080
128360
1179
2087
1397
5952
115713
52604
2917
1616
4755
90061
51540
2467
1185
1944
42418
2097
85401
8368
86377
106916
195
1722
46723
5377
2160
2779
5959
81834
1096
56152
524
80489
59315
3035
8337
29
45969
6731
3581
3328
65642
44761
111759
105844
3033
1357
2208
6979
37733
8874
93840
538
2938
1946
5300
2539
46976
7064
388
1537
34338
2398
2890
8961
4896
88812
47610
53953
47518
41569
36529
5146
92535
1088
1303
4159
1735
2541
742
4489
141
97921
4239
4454
2143
5266
4014
2300
84152
1552
93422
104337
92751
1249
6063
58347
1923
1028
428
3061
2718
4039
1748
4103
4211
376
2406
735
2387
162542
54997
97306
27801
1405
6986
74458
89745
3296
1186
62155
52287
62718
31433
2712
88163
2134
151
93510
3978
61240
1187
3479
59814
73808
85179
52885
84952
47491
1680
765
2648
1286
8937
41
1201
3963
122904
43
3729
2677
3654
2137
955
3101
4235
5945
88129
27831
3107
916
4190
678
1041
2502
