user_recommendation
318
296
858
527
593
2571
260
2959
50
2858
356
1221
608
1196
110
912
1197
778
1198
1270
4993
4306
1089
3578
4226
2028
1
1704
4973
47
589
111
750
25
1193
6539
1210
1213
904
2395
293
541
150
1961
58559
2918
223
923
1225
1219
457
2329
1206
36
919
1214
79132
1208
1207
1035
4878
969
6016
4011
1203
1136
364
7153
2692
2396
1682
2542
2762
908
3897
913
3996
5952
32
1220
6377
1247
2997
924
1233
5618
4995
953
6
4963
509
1240
16
1278
1259
7361
588
3671
235
2324
910
1304
56367
2291
44191
1968
175
1222
1610
1625
1265
1291
68157
3147
1617
3481
62
920
2019
5989
265
1299
55820
2502
48516
5995
28
595
1356
1103
162
72226
3114
1732
1276
1073
2186
922
1394
1947
1060
2501
134853
1200
50872
116797
1250
46578
6863
33794
7438
926
2289
1254
4027
2064
5060
6502
3462
914
56782
48780
2917
1673
2231
1267
529
2908
307
899
8961
8132
1230
1228
60069
720
1287
1945
903
3035
1282
1288
6350
41566
475
3435
2132
497
1653
68954
3089
2599
33166
70286
40819
69481
5971
1084
2318
551
48394
4979
7147
32587
1246
745
1217
3949
1028
46976
40815
1104
308
1719
1204
272
3100
6874
4886
106782
2804
1284
2797
1784
44195
1674
3791
8874
597
1953
905
161
1077
29
2863
1272
733
3504
115617
6942
1252
88125
45
363
109487
581
5218
30816
2144
1387
3362
1293
86882
121231
2366
3363
30749
109374
480
31658
474
125
4814
92259
65261
1264
3788
3735
49530
1244
1884
2871
3088
663
11
79702
900
5444
5991
1212
1192
5103
2716
2303
3871
866
3019
1956
64839
3256
1269
3471
1234
122900
441
1262
3468
800
306
4427
2115
4235
780
213
508
3702
357
534
3095
2300
1500
3201
1380
3317
1729
1263
104374
380
8464
348
5064
76093
44665
95510
106489
3911
289
1678
54503
206
1283
8368
2359
27664
1952
535
86
1376
994
57669
805
1393
5010
7139
1046
2268
40629
63082
1172
2336
2912
3418
2690
81845
1224
6807
2467
7099
8360
3067
2248
1191
1357
48738
1199
3967
7451
898
954
2043
3615
3683
3653
3196
2294
377
17
4246
99
2081
6565
36529
3037
81834
2687
337
3512
59784
64957
2938
1019
1148
3654
247
373
8638
1231
4755
90061
42418
6218
911
6787
97
66934
1095
933
39
2321
3543
96079
1047
1958
26084
54259
1307
89904
6440
3275
1734
71264
1086
96728
968
8949
5299
111921
8970
85
412
2973
50068
8972
2076
1090
955
2194
1361
8530
3421
52281
1179
51255
2020
190
93040
3022
80463
109249
4474
8665
1302
58803
112515
1960
8958
5690
7802
5500
1249
34321
6796
4896
194
741
7502
7445
3793
2352
232
88129
5418
2005
3868
431
156
555
347
3062
2761
2987
3020
3000
2160
49272
6954
55269
233
81932
1845
69844
4361
3068
838
8529
2102
106920
94959
3983
72171
2066
1088
30810
1281
3612
47610
55267
34405
1303
97304
1266
942
930
8754
8751
6870
3448
1258
1209
5791
5225
6711
3005
4848
3252
56757
3952
1057
56152
2496
2391
3135
3730
54997
115713
8645
3355
2232
2463
1049
27803
7075
7090
8981
2490
106696
2096
5414
3006
81591
112138
2243
1948
4014
1223
6378
61323
39292
2961
45728
2664
2819
1466
2073
3034
7380
98491
4787
3814
33493
5955
1042
53519
2312
3844
2694
1248
3703
1827
31903
96829
4103
68073
5812
538
74458
1333
4903
34
4263
3167
8228
909
4190
2644
2208
54286
951
2058
5377
91500
4034
764
3179
122892
38061
1688
1111
7386
1580
93721
8493
59315
1944
590
6283
361
4304
3606
91529
6662
6732
3033
4262
3910
100556
229
7143
149
99813
1147
4450
86377
4019
2739
3334
2420
2795
70565
3551
349
5074
1227
1939
3676
93510
1260
112183
2553
4187
64614
736
92535
59725
6591
1096
4017
2105
34162
1175
2648
5630
2594
1235
104069
1912
6323
2580
3081
4489
4327
33660
1298
3186
1079
3783
40148
3424
4846
6331
140174
1938
1959
4033
1120
7285
4873
1954
3364
54881
5380
49957
215
2459
6269
6063
66097
1300
2357
3556
3262
37857
1344
6461
38038
3696
230
345
8208
7254
54190
146656
4921
8784
108932
671
9010
5765
3437
3359
73344
3789
4630
108981
1449
2331
108727
102684
6296
3189
339
93443
766
82459
69122
78499
139757
1218
1305
134130
1810
4584
1683
281
41285
41
48698
127152
2726
99764
26974
390
89745
44199
3360
3873
4783
133771
171
1289
2488
61024
85438
2070
107978
127108
54256
96467
128620
148881
74754
160590
250
86000
139116
79677
7649
1635
973
34332
5349
3083
1189
1464
65514
5505
280
3629
106100
80
4292
1178
27773
556
3272
1243
97957
3963
2872
662
928
3216
40412
92494
562
5446
3498
3104
279
3414
2124
3508
96821
1951
2288
104913
45950
55247
55290
906
3077
916
14
2297
4223
115569
3469
3330
4037
118997
2151
3341
950
1271
26776
59387
2788
3307
4191
7156
6620
5168
27721
27831
37741
1946
322
53956
2935
139385
2168
31026
4169
6536
2048
6493
8580
8712
65642
51540
6355
3720
907
940
611
2846
4641
68237
26729
6214
54995
67255
52604
2746
3111
27838
553
3200
30707
1124
1537
55442
6188
6552
3483
58295
4865
53123
8873
2394
4537
84954
722
3989
4967
84152
4499
46322
73268
1428
1575
301
647
55908
68135
1584
1029
7137
1354
2671
47999
1856
2182
8916
33639
7771
1897
971
2071
69524
2125
56587
7096
4432
6993
55276
1237
111759
3854
37729
4369
5608
4338
3044
678
6773
4174
61240
1799
2330
262
8337
1056
5669
6380
1366
2140
27020
4533
117176
1094
1392
42732
44974
96588
51080
1964
4562
1202
2824
2627
3384
3133
3718
3947
4711
2686
2875
1399
3198
946
27904
1343
67087
4273
31427
2718
8937
7164
3007
1772
123
5445
64034
1292
4465
6183
81156
2499
60756
2067
8341
5747
26152
203
2971
328
41571
3675
2142
