user_recommendation
318
296
527
858
593
260
356
608
2571
2959
50
2858
1196
1198
1193
912
47
589
1221
110
4993
1197
4226
1210
1270
1136
2762
1704
111
1
778
2918
908
750
3578
32
7153
293
1208
904
541
1089
1213
2329
1214
1240
2028
5952
899
457
1968
150
923
2692
1259
1252
2997
1225
1617
2324
6016
79132
4973
1961
969
1247
1073
924
1035
1682
7361
1258
1204
58559
1291
56367
913
926
1203
1222
919
2542
2599
337
1732
2797
595
953
903
1207
4011
36
1228
1036
6539
2291
745
5989
1219
2396
48516
1278
3114
1200
46578
1206
2804
1148
1220
4963
898
4995
1250
1060
364
4878
56782
2716
2268
29
1673
1265
44191
1028
223
6
2502
6711
509
1079
3897
1288
17
1299
1293
1199
1246
555
910
497
3996
5995
48780
1610
590
4306
265
1276
1230
68157
588
2019
1625
1233
1097
3481
1272
55820
1304
57669
2064
1952
1090
27773
3147
2076
32587
246
1212
1172
1653
2289
16
2194
955
4027
1084
1223
720
6874
471
1267
8961
922
1103
2300
2303
3462
1947
78499
235
3362
116797
1945
1096
2186
4034
1263
3471
2908
2580
920
349
800
5225
2739
2712
508
4848
1307
25
2395
1264
8874
68954
474
4979
63082
1287
1960
741
64839
377
1394
1244
551
1077
475
194
950
928
4014
3683
3499
1254
1242
671
628
1224
480
3730
33166
1953
1292
1411
1784
4308
50872
1234
1466
272
81591
109487
7147
175
1674
1500
1269
1179
48394
733
2160
1231
3671
30812
2144
1356
1333
1217
7438
1262
59315
3006
8970
7502
1192
106782
5444
2231
33794
1584
3421
1104
3468
515
968
1957
1094
49530
232
5064
3504
2871
994
1095
7022
2971
951
1120
1285
1959
1393
5060
2359
88125
109374
916
1256
3019
6807
3735
28
2243
2248
2132
5956
1956
21
1215
74458
2318
106920
72226
30749
2115
7139
5418
2467
162
3386
1387
1260
5630
1357
6796
86882
4886
44195
76093
954
4085
6377
3033
3435
1175
538
44665
70286
92259
3039
3788
161
1305
3246
581
6863
3201
3424
3275
1086
866
1343
81847
1249
2917
1361
33493
1734
3868
3418
380
3072
1537
905
5816
4007
3702
4235
81834
1023
3793
1284
1719
34162
34405
2391
39
1211
3363
7669
1527
134853
40819
11
8368
363
4239
933
3916
134130
104374
1201
3814
176
441
1296
2490
1178
8132
1238
1088
534
1080
1266
911
8981
3359
1041
8949
81845
3451
1280
2125
69844
41566
115617
3252
2321
946
3088
3256
59784
307
4103
3067
1248
3429
3022
1729
6440
3035
3000
2929
4326
3152
1948
38061
51662
40815
3952
54286
2020
805
3198
30816
1374
163
4361
2987
2336
6979
45728
3307
945
3469
2788
36529
5103
921
1927
69122
3879
88129
3037
1189
3448
49272
3317
4262
909
8873
1283
68073
431
357
54259
2648
2459
6870
69757
3196
7090
1243
3361
52
7802
2501
4037
5377
1962
62
1641
3034
2644
2728
529
306
7451
5991
8530
81932
4029
914
115713
5669
2664
233
3095
971
930
96079
3203
3167
3168
2726
2916
5791
3068
30707
1916
2138
54503
97304
66934
247
314
1257
1946
1921
1449
3081
2108
3510
942
3967
1845
3176
2924
4450
42004
1191
5812
1964
2232
1046
112183
3089
2841
27831
2690
91529
2313
4019
1282
6787
31658
64034
48738
8228
73290
1635
2010
3038
104913
79702
121231
5971
7132
759
348
1147
373
1954
45
96728
60756
80
2278
1950
1939
97
7285
2935
42418
2686
6104
7099
6662
47610
4033
1958
3358
3272
599
2729
112852
82459
54328
2572
2687
27721
27790
1366
52435
3175
1955
8910
1277
3060
111921
280
2067
87232
2474
7386
907
8958
3135
56152
3556
3801
4223
6003
2109
6350
73017
3551
52973
2863
80463
7087
1464
5152
3724
125
2366
7263
89745
58347
89904
7767
900
4846
3546
68358
2952
3703
5782
3219
2202
3134
37729
915
1754
64957
4755
90061
206
4263
2947
3686
319
3545
535
41
2208
8542
99114
1185
51255
8645
308
3911
6773
3548
94959
735
309
8950
7380
3111
1025
2944
64614
85
3213
61240
2973
3355
55247
1281
6776
2137
6852
110102
44199
86377
1218
6502
6218
3160
7156
1066
56339
2288
106100
96821
3342
3016
6791
82
3949
108981
927
102684
428
26729
562
1019
108727
3983
3210
2203
54997
556
2890
5010
663
8638
6184
299
7445
3476
70293
68135
190
68237
1982
1967
2287
40629
34338
140174
8493
1688
850
322
4432
3543
7256
2066
1963
4465
37741
7075
6783
1209
3865
2694
32898
2355
5074
2070
54281
7235
3310
2919
4117
4489
4880
1029
2463
390
3104
8464
154
2434
55765
6188
101525
4616
3505
81229
2078
3007
5876
34072
72641
178
38499
965
105504
51540
51935
6954
6001
262
2951
7419
1965
2357
2920
1227
34332
106696
3186
96829
64716
66097
69481
8580
2745
3467
222
6461
6378
3791
2925
917
2096
6732
8754
52767
81562
2068
91658
7323
2612
86320
53956
63876
3360
3062
7064
973
230
2936
3741
67255
2795
2985
55442
3102
1059
58303
4776
4349
108932
18
88810
1994
6436
139385
5008
47518
2245
6932
1188
71264
122892
54001
2301
49957
8933
1944
2553
55276
4422
5414
54190
116
766
213
4179
6452
86
3414
3100
63131
96588
4427
171
1237
7091
6187
104841
2912
156
1202
40583
7116
1271
81564
2460
4292
785
33171
58295
2145
61024
8529
99813
3831
1047
55052
46976
26326
5810
93510
84152
62718
1594
50068
55908
2660
492
5690
6724
7566
6669
215
98491
131724
44555
1345
31433
2284
2575
3200
48696
97921
46322
3507
6419
4327
8360
55250
4190
3498
30850
27022
837
3071
102445
3783
4612
353
55290
1081
7013
162542
2961
31410
88140
1251
3679
147
1131
2102
2693
3030
521
935
4658
53129
59418
26422
49280
5668
326
6380
1273
3341
3474
37733
106916
2846
31878
53519
781
62155
4105
61323
5341
2819
8366
114060
8650
3612
3654
