user_recommendation
318
296
260
50
858
527
356
2858
593
1198
2571
608
2959
1196
4993
1221
1210
1270
7153
589
1213
2762
1704
5952
111
1291
4226
110
1089
1
1617
778
3578
58559
1193
457
1197
1136
4973
2692
6016
32
912
745
2028
1732
1304
480
47
1036
364
908
2396
541
1258
4011
1240
1225
2329
293
150
2324
2997
750
2918
3147
2064
923
904
2542
1214
1203
1219
1200
1265
1580
1079
4963
1148
7361
4306
920
1206
48516
1252
1288
3481
33794
246
2804
8961
4878
1222
903
32587
919
899
4995
2502
1923
6874
16
924
349
590
319
1230
4027
194
588
780
913
6
720
6539
1259
733
1228
1250
2716
25
2318
79132
1172
555
1267
3996
497
2019
1954
3363
1247
2599
1212
1208
1674
5418
969
474
1060
4886
2115
1201
1246
1610
55820
1307
1207
3949
1953
4034
1387
1276
161
953
1234
54286
1080
1204
2005
39
44555
1293
905
1500
59315
1682
3007
1625
337
2406
1994
2501
33166
1233
40819
1393
235
3897
4235
922
21
1299
1968
2278
5618
1084
1945
1244
3307
1094
1356
1215
3114
6377
5995
232
3730
8132
1321
628
58
926
2137
34405
5445
5669
1997
535
1263
1097
1223
27773
1374
44191
3468
1272
224
1358
112852
2132
109487
1527
529
3435
3462
5989
2289
36
1028
2467
2739
1947
3421
2580
898
2194
2291
3683
2081
1729
2395
3911
2490
46578
1090
253
1680
68157
994
2690
68358
357
1376
30749
2917
2797
3793
57669
1199
1227
7502
832
3083
156
3448
78499
56782
2572
141
2712
299
6711
3198
3104
3418
70286
223
54503
17
2871
968
553
49530
2186
1354
5673
4979
306
368
1262
1192
1957
1287
40815
1982
1209
4262
2463
3504
1673
3471
1584
1961
2706
1302
805
2795
80463
3101
11
1211
581
1217
89745
44199
3735
914
2973
928
1256
508
4085
838
233
6787
1466
3176
3983
99114
5816
1952
471
3081
3545
911
440
1220
800
8784
509
151
2707
1912
3035
2231
3510
1261
69
2020
2243
539
1641
3499
215
1784
71899
307
1663
1245
7256
348
910
4007
3476
5064
8981
7212
3300
3359
2268
3952
954
648
2078
2971
7090
8636
64285
3033
5903
515
1086
2058
1361
5902
81591
3671
162
6502
68237
31410
56367
4351
3868
1077
3152
3653
6187
5444
48780
5218
76093
1939
4641
4321
3702
4450
4679
1834
73017
3424
8874
3095
4128
54259
5225
91104
3742
1701
116797
2359
1096
428
1950
31116
51471
72998
3512
950
1449
3917
3100
4499
1103
38038
3020
3362
3125
49272
2300
5630
1959
3358
5971
308
1884
1127
1147
1269
2841
3200
1254
4105
3089
2011
1266
30810
51255
475
102445
27611
454
2371
1081
2125
2288
2248
3000
6870
1073
30707
2434
3548
2863
7438
3638
41
3160
3203
1333
3527
431
3967
1130
3201
98809
8873
7147
3811
6565
1278
31658
8798
940
6708
2366
51935
56251
112552
2648
909
1175
1260
1946
3801
1619
1023
5464
6796
8368
1224
2303
6269
116
4873
50872
2203
1688
1962
62956
134130
4483
1280
1616
91542
261
7099
2344
7143
3328
2470
4246
1944
2948
69844
1264
1885
178
916
1963
2423
2357
104913
4140
4520
946
3098
3006
2080
1927
1279
2575
1345
2144
81229
8641
62
380
678
1104
1231
3181
80748
1396
2119
3194
6378
1956
3178
2761
4016
1298
1934
59784
230
951
3852
241
7323
3927
81845
106489
1251
1131
492
73
7373
2819
4681
1960
3524
6003
96079
671
36527
1019
6985
3728
902
1573
3071
3167
443
2987
69122
501
88810
3088
446
2474
2936
8638
741
290
2984
110102
39292
594
1059
1942
8644
281
2087
222
2846
3068
538
3361
1411
37729
6552
6333
54001
412
1958
1948
850
2138
1249
2245
1035
31435
3414
6753
4896
524
5679
6440
56152
3039
4187
7132
6979
1810
29
2612
2459
4357
7386
5013
85
3044
89804
3635
441
109374
4225
921
3406
3505
3112
3365
3213
27846
61323
8807
5299
900
766
866
632
6385
3871
2843
942
3521
268
53
1088
2130
1281
55250
5956
2099
4427
1343
40414
1120
53123
108979
4489
4017
500
6201
1348
1537
88129
2336
59018
3030
7137
3360
6986
1283
55442
2920
2664
1248
5010
8665
1189
7265
1034
36529
22
58351
3639
68073
2929
3168
1292
4903
1218
122892
8542
4191
56949
596
6807
1484
3350
3783
96821
64839
1257
125
1938
38499
3706
57353
1414
59684
76173
65037
6242
2083
6669
144
280
5991
2352
2694
5055
40629
272
5992
4914
1178
5878
1305
2018
6959
2454
60756
51412
60161
2313
3543
3364
122882
6450
2912
4190
47610
72641
4223
930
931
262
95167
3508
6331
3546
2736
4062
8254
2897
81564
79008
933
1185
1268
106920
7063
1271
932
6662
6350
92
1614
7787
3038
88125
973
2935
56145
122900
45186
2541
1255
1186
101
106782
39715
3844
1284
247
5300
88163
69481
2202
2942
2524
2331
81932
86882
1012
3451
4466
4945
58295
81847
59429
5690
2361
87232
2779
3788
54372
4921
6235
2529
122890
7767
1463
837
2968
94959
2066
5747
54881
2068
1649
74458
27156
2925
2774
71033
2330
3252
55069
51540
452
8228
6612
3317
57504
28
2938
52
105504
3011
2067
2919
1904
3916
3015
1330
6942
477
1380
2271
661
69757
4623
5108
1413
85414
82
8910
64034
893
458
92259
32525
73344
6286
3246
321
72011
3429
2409
8950
1300
3275
3507
6283
25805
106100
86377
521
58303
50189
4086
3469
1082
3310
8933
6516
3679
938
96829
61240
3072
33004
8970
2731
2520
839
40583
3701
5008
3420
49278
6664
3604
73290
4661
2160
4901
2038
2905
1124
89774
1937
159
26403
1032
26326
1029
3016
6754
3134
2150
44665
1955
84152
57528
3355
6375
106696
3634
93363
142488
6786
26007
66246
8973
2433
353
66297
1611
57368
45950
5876
3736
3274
7649
65216
3475
4179
3629
2355
927
6993
2745
71462
2232
373
