user_recommendation
318
296
50
527
858
2571
608
260
1196
2959
593
356
1197
2858
912
589
1270
1198
47
1221
1210
4993
110
4226
1136
1193
32
4973
150
1089
750
293
457
1208
2918
111
904
1704
1225
5952
2692
2997
3578
908
2028
1291
923
1
595
1240
899
58559
1213
79132
1259
969
541
778
2762
4306
1203
1732
1252
2324
2502
1617
6016
1073
4963
1214
7153
4011
1968
1682
1247
1219
1265
223
2542
6539
2797
1278
1207
913
903
953
48516
364
555
380
2396
497
480
1394
4878
44191
1097
1961
17
2329
2291
48780
1228
1079
1148
2019
5995
745
1060
474
4027
32587
919
1246
924
2599
36
1500
1610
6
2716
33166
7361
926
5989
235
2712
2064
1580
50872
1625
68157
2804
4886
357
56367
3897
55820
1206
1356
671
1267
1258
1204
3421
161
1230
3671
2395
1222
1233
1217
1172
3996
1276
1244
3481
910
551
8874
1288
1090
349
1250
4995
1036
1094
955
920
1304
2318
1199
3949
4979
1263
49530
1200
509
3362
741
898
3147
46578
922
2289
905
4034
232
11
3471
3868
1035
733
1293
1673
954
3448
1028
1305
2791
162
3462
2115
16
1234
1223
1374
3114
106920
8961
8368
720
3793
928
1269
588
6942
515
1945
1095
2231
3386
33794
1280
319
6863
29
3039
1953
3510
1077
3683
1527
7502
70286
2076
1224
7147
40815
3083
911
2795
2580
314
3735
3000
1343
1266
1466
1120
1254
88125
2125
534
8970
1212
508
1307
3363
951
1387
1084
109487
4014
76093
5444
1641
6874
59315
3006
1272
1237
628
800
3730
3361
2160
1260
5816
69844
1464
2020
1285
4007
1179
2300
2144
33493
1292
4235
1639
2232
2917
1947
475
1952
4361
2947
57669
3310
538
68073
492
3246
1748
3307
2908
1103
1201
3499
5956
41566
1287
838
112852
1096
1411
56782
1041
2916
81834
2321
5225
2973
1257
2248
4896
1192
942
2572
194
1256
3210
1674
149
88810
52
2194
2871
930
4085
247
1080
59784
300
921
38061
1175
5064
261
2987
2490
2186
1729
1754
233
3791
68954
4262
81845
3175
3635
1186
2109
994
1264
1178
1231
377
6807
3470
2243
3022
5010
1393
1299
3788
1220
943
2202
6669
30749
1029
8807
471
6711
3420
3983
2686
141
2108
3916
272
265
2648
3088
299
1209
1396
2985
5630
348
3355
950
5152
1284
2140
54997
3468
92259
1249
44199
6979
5114
4489
1912
2912
7013
3153
44195
2788
6380
8665
2501
1663
106782
2739
3952
28
3435
535
106696
5418
968
1939
109374
3476
2976
69481
49272
6643
7116
86882
3091
68237
1271
134130
1827
866
3317
8493
1476
1227
262
8132
590
1357
306
1967
1248
2132
5812
916
308
3068
3524
115617
3198
2268
529
1300
48394
521
1251
5971
3101
3033
82
2359
7263
6377
3038
1131
785
596
3070
51255
175
2288
1086
1020
7099
6188
34405
6273
6378
2355
3739
2846
2313
7022
30816
6001
2971
1688
6870
27831
501
412
6502
1361
2105
581
40819
337
4308
51540
1653
3200
7090
8154
6787
2459
1218
3102
5992
1211
1860
3814
1242
2863
72641
514
3067
3359
30
26152
63082
345
2890
68269
3134
477
2690
8125
5903
2070
69757
1994
8981
81591
373
88129
96079
431
5135
4846
40629
6918
4623
89745
549
914
2467
31658
54286
3213
307
54259
4033
6975
26729
2968
1066
3548
224
1957
1959
3272
2137
4103
1283
1590
936
3341
1215
2664
1125
2924
594
1719
8199
3044
8958
8188
78499
3270
6796
116797
48738
6932
4903
2750
140174
1321
58803
5377
3915
73290
106100
68358
3252
3417
26131
156
8798
2203
3632
4914
2391
21
2366
3256
4322
5782
54503
115569
31878
4128
4848
53123
115713
1034
3072
353
326
946
3203
1298
735
1262
3505
3095
41
3020
6104
1997
2469
1289
70293
2612
3910
246
26587
61323
616
1303
1253
531
368
54372
3360
6350
3728
6565
3030
4406
3469
2434
1931
3725
2553
2687
728
3016
1584
123
3594
837
3527
116897
1594
2495
1885
5893
4450
2138
1948
2046
48791
79824
80839
32289
41573
1302
2131
4978
26242
4873
7139
54001
4056
4696
3275
98491
3167
86781
2761
3358
2529
106438
363
2111
4302
1859
4731
3320
5071
7136
3536
65261
39292
1777
82169
1799
3251
1935
1955
3627
1366
2106
8955
91653
2594
3081
3104
1587
1845
6436
7075
110102
42718
766
164
1238
805
90428
3729
2165
97
54881
64716
1301
51080
3676
1734
8633
4326
4086
1333
2726
3018
2041
60684
3265
89492
97921
176
1243
280
1982
1189
1277
53956
1147
938
7451
215
5414
3396
1904
65642
2693
2721
2117
2130
37733
933
2780
97938
41285
51935
3037
2901
2728
1177
2696
3507
1678
116
81229
7164
1921
3274
121231
6662
1554
290
1104
77455
428
4037
154
1429
87222
2353
309
2066
5446
2167
5500
80906
5669
2096
229
96728
2919
27803
2352
4442
4717
4565
876
2880
4567
85414
2949
7844
2857
5477
55267
2872
67255
7156
2905
3347
37729
1419
893
2545
3457
2267
44665
3724
2951
27773
55276
6725
4789
8636
3406
1191
4166
2474
3034
104374
2463
3007
3741
2208
100
60397
3543
31410
50068
44555
107559
106489
6618
47610
1537
2442
184
1797
2357
178
3686
2938
59725
146
1161
1944
55290
6385
927
2102
106441
46976
2118
1463
3712
27846
8371
965
3196
4566
2278
8530
65514
1649
2068
648
8914
550
85774
1341
491
27022
7802
38499
3557
105504
422
108727
108981
3498
1279
1392
99114
102684
2729
312
2644
3089
5460
2659
5103
6440
78574
2301
3342
122900
803
56715
6732
4465
3679
3429
1236
2166
8950
2988
5291
1345
3707
80489
8873
1941
73017
1963
4263
2925
2280
4467
6936
4017
4734
4009
3973
7766
80
103
5820
556
93040
222
2337
3424
2641
31903
2336
1281
3024
341
3504
59126
2271
7285
134368
3701
86320
60756
55274
2110
86377
3112
107910
3365
2176
7028
