user_recommendation
318
296
527
858
260
593
50
356
1198
608
2858
4993
1221
1196
2959
110
2571
457
1704
2762
1210
7153
912
1213
4226
5952
1270
47
1089
1291
111
2028
1193
58559
1197
589
1225
1136
778
3578
750
2918
1
919
6016
1203
1258
969
246
293
1208
480
541
32
2115
908
2396
1259
924
1200
904
2997
1228
6
2324
2329
745
7361
1617
1204
1214
3897
25
1036
150
1247
3147
1172
4306
1732
588
595
2692
3481
364
36
590
1233
1148
1219
1288
1252
5995
1060
1222
2599
923
1240
1304
1262
4973
1287
17
2064
3996
1961
1387
308
33794
913
2804
1299
1097
1079
903
899
4011
497
920
349
1073
306
48516
194
4878
2542
1276
1090
1673
1035
2987
953
5989
1674
508
994
720
1307
3114
2395
2005
1272
733
515
1625
16
1207
2502
2716
1254
3462
1265
1250
162
2019
2791
2572
898
2318
509
1212
1094
4963
4995
1610
44555
3421
1246
1201
2973
1220
307
79132
2580
70286
1263
4027
55820
2359
3949
4886
2248
1217
30707
6377
223
2712
1784
69757
474
6539
926
1199
838
1267
1095
54286
73017
1293
1960
39
1682
535
1393
4641
28
1223
1500
109487
1968
1923
551
4235
5418
68157
1230
1245
555
3911
1206
2081
3095
1080
1927
300
1261
2289
1215
1085
5445
1394
265
8961
72998
27773
534
76093
3683
2202
2890
2291
5669
1185
1244
56782
3730
2917
3471
1358
57669
581
1997
74458
235
48780
5060
68358
928
7502
3006
21
1466
1278
78499
3499
4896
2529
2132
6440
40815
4047
3468
54503
4979
232
2871
1084
2300
319
916
1946
596
50872
281
1994
911
905
3007
628
2278
5902
1356
475
1178
1234
1256
1257
6787
6711
6502
1269
99114
272
3504
3868
3418
3362
1953
1834
51255
357
1096
1957
1945
2863
968
2243
2430
3983
2944
2268
1300
106782
49272
30749
4103
1231
3088
3417
3203
1186
1680
5679
8949
5618
109374
1179
81591
1183
1131
4034
1952
33166
5329
922
5387
2078
8957
1354
1449
3967
67087
1238
3201
866
2186
1374
233
3363
805
54997
35836
64614
2690
68954
3783
68237
3000
44665
44191
3035
954
116797
2194
945
1041
6796
5673
538
3160
3152
2739
80463
1266
759
8874
1264
2406
1019
1357
5064
1150
32587
5444
1411
59315
8132
2728
230
262
98809
8368
4007
5312
29
5816
112852
2080
34405
6874
1948
2745
671
1211
2303
377
96079
2971
3476
1147
337
441
3735
106920
3448
2966
3328
1029
3260
2687
2467
1954
6552
3071
1104
73290
161
4037
89745
3089
46578
3108
1061
741
1361
88125
3307
2109
33493
1719
3200
175
3702
112552
3386
3246
85
1086
1023
951
3252
373
3671
104913
3176
34
5415
97938
8665
1271
914
1242
6870
1103
1963
64839
3181
27724
36931
2434
7090
1959
3424
1274
7099
3342
1333
1584
79702
74946
2761
1127
471
1077
1057
3435
3030
3527
1280
314
3747
2952
62374
2575
3724
780
1282
1224
156
1192
8641
3168
4873
850
2352
71535
1066
1345
1260
5630
1209
4369
1956
2076
5218
3706
2
3359
2231
69
3300
7256
4085
1517
971
2707
3952
86882
2985
900
5414
1580
106100
2287
1283
56367
4903
3037
102445
52458
1344
787
8636
1284
44195
832
176
38038
3317
5013
1958
1537
446
1982
2648
69122
4688
1947
6565
2144
69844
3469
1292
6269
1348
3545
930
31658
108932
97
2797
440
69481
72641
5782
529
4874
1243
3360
2336
73321
3198
53123
215
31435
3072
431
3871
2137
2020
1237
122882
661
8784
72
64034
112183
326
8207
106489
61024
1688
3033
30810
6942
5903
4321
3406
2357
63082
3150
2083
71429
36527
71899
3104
428
6669
501
88129
1059
7802
51662
62956
1249
1025
8950
51540
3036
71838
539
3910
902
3852
2474
81932
4105
2730
154
2795
1611
8798
4424
40819
910
6708
1965
3081
1912
2344
412
1028
2391
5300
4814
5500
81564
159
4799
3984
728
2677
7132
299
845
6333
2801
1255
3684
40
3350
3111
4017
64285
1305
115569
4848
88810
2841
65188
51471
31116
6187
1884
3090
37741
89774
6807
91542
5010
102123
3213
1921
4262
1693
7212
108583
3548
3788
3606
483
3365
3019
2905
81229
3653
91630
907
1895
6979
915
31903
3801
80
51935
3844
105504
6101
54001
2788
40629
8529
6773
3429
906
1189
5971
363
1302
3728
901
5225
3703
89804
128360
3507
764
1248
62081
72226
2664
213
4351
1962
3101
4128
3916
3811
3167
60756
26729
39292
34162
921
3060
86
149
2138
96821
348
4537
5670
3256
909
5291
1484
93510
3521
5055
524
2067
531
2968
4450
5690
3100
2924
648
80748
49530
678
178
64716
1635
4187
2929
322
115122
2203
4888
79008
940
6612
3044
800
1653
2087
50641
80489
54259
3062
100714
5747
5008
41997
59995
950
280
3873
36529
6732
110102
2423
85342
1175
5244
93855
93320
3467
2058
1273
4021
1678
48774
938
79091
7156
47610
2949
54881
92259
1944
1734
79357
2750
55269
2125
134130
57528
8638
2066
8542
1296
116
146656
5301
96728
942
1321
4191
4046
1934
4489
127152
106438
55247
931
53996
31410
2447
1913
59684
65037
76173
8807
106441
107559
1939
56251
6323
3742
5014
1614
8228
1964
3368
3408
1701
1643
1376
8970
1120
3083
101
69526
3929
4802
6932
2150
4519
6662
3112
4117
97304
5034
27721
48696
2732
553
2594
3178
27660
1285
59018
65514
1031
7419
76251
946
3068
2936
1931
7087
26
112556
3284
4466
4945
4211
102993
3038
2160
3125
1022
491
1527
1253
60161
6724
1950
141
7438
27822
2686
8981
100556
88744
3789
48322
2930
7025
55442
27846
7022
26082
52885
4846
1729
6620
5498
7091
190
8208
2018
4821
55276
22
3129
1251
53318
3020
55721
3902
42418
1130
4014
2366
2908
101962
2096
1845
3263
1955
61240
4095
5159
84152
458
56339
101525
99145
4179
3275
86377
2459
6883
94959
6350
2694
7075
