user_recommendation
318
296
527
260
593
858
356
1196
608
50
2571
2858
1198
1210
589
1193
1270
110
2959
1221
47
912
1704
4993
1213
2762
1089
2028
4226
111
150
457
7153
541
908
1197
3578
1247
778
904
1240
2918
750
1291
364
293
1259
7361
1225
5952
1036
1
1208
1258
899
1136
4973
1203
1252
590
969
1617
32
36
6016
1265
1732
1682
923
919
588
745
2997
1204
48516
1961
595
2599
46578
79132
1097
1219
4963
2324
3897
349
2329
1968
5989
2797
2396
337
6
910
1625
1228
58559
2692
1060
913
1035
1206
1222
3114
924
1214
1304
1073
953
1172
1148
4995
44191
898
1293
926
1267
2804
1230
1276
733
903
1028
3462
1199
1307
3147
920
377
1250
2791
2268
480
1200
78499
2064
1207
922
555
5995
2580
2186
246
1084
3996
4034
2019
1945
55820
68157
1673
2542
1299
4308
3176
2132
6539
1288
3481
3386
5669
2076
671
2716
4878
1246
4306
56782
497
1358
1584
32587
1952
1953
5225
56367
4027
1393
17
6711
2248
3362
1212
1262
50872
30707
4235
2300
3421
1957
5902
3006
2502
380
1264
2739
1217
1610
1923
1784
1466
4979
2712
21
2289
194
1220
109374
474
1251
471
27773
1090
1223
1079
8981
2395
475
3424
64839
175
59315
1080
116797
300
8949
1946
2303
30749
3504
1950
11
3683
994
6874
1674
232
5618
509
16
106920
1103
35836
8961
3868
2115
68954
1280
2359
2971
2194
3418
5418
1287
1248
48780
954
1254
33166
2917
1387
4011
3160
1104
3916
2863
62
928
3471
92259
74458
3499
2871
3095
1361
1094
8874
76093
1269
4007
628
4037
3730
759
1948
5444
4085
81845
29
950
529
1263
4886
3307
2005
1224
1960
2726
508
3101
3545
1939
81591
3168
106782
1231
2648
3435
2291
3246
1242
581
1234
1729
1278
1719
54286
909
72641
1305
916
3468
2728
648
3949
57669
6796
2501
1947
1244
2731
4103
34162
1077
3310
86882
3361
235
81932
2243
3104
265
162
1147
720
1296
1233
3363
955
44665
1283
63082
2357
971
70286
2144
2890
72226
866
3469
1834
3039
5064
1025
1333
1411
1179
4848
2160
1693
2529
3252
3724
7502
4262
2761
44555
1019
33493
1178
26729
8958
2078
2125
3019
1095
1955
51255
2944
1088
112183
2467
1754
905
44199
2644
42004
3167
8970
80
2908
6662
33794
1096
7669
1023
2068
2203
3152
6001
86
1189
2745
3546
3552
8636
7022
32898
2081
551
441
3788
7147
2067
3038
3060
4450
37741
3201
538
968
4422
3198
515
2946
357
3089
1256
2925
88810
1049
7451
1527
3007
3203
6979
2929
4014
6773
3429
4117
927
105504
7087
5992
7090
6787
44195
6440
7116
1215
3067
3408
5782
49530
431
85414
3983
2245
25
3671
223
850
7419
112852
2916
280
81847
3359
3275
1994
1175
110102
41566
5017
3735
54503
1237
1663
40629
2150
3260
4661
1927
4432
7132
68358
28
2612
97
7438
106696
104374
2020
534
1029
3814
3083
3100
800
6187
115617
306
2137
41285
6377
1962
3783
51540
88125
3911
26422
59418
49280
87232
2732
7285
373
56339
5475
1273
3317
5956
1680
930
3952
2951
5341
945
535
94959
5103
55276
88129
6552
7075
3022
53123
106916
8264
5238
4816
1997
2285
4410
85
1500
1284
3256
1285
7836
73017
1611
52973
2351
3037
3684
1916
81229
4720
96075
101850
104119
58649
86487
55063
8123
8261
26501
74089
26797
53887
4428
163949
112577
150856
114464
3342
6942
1580
8368
1963
2283
921
1201
4809
668
125
96728
1965
26242
91542
4019
2018
1292
1266
2278
6021
1356
39
3196
1810
40819
5385
2686
55052
7802
1192
89804
2985
3088
3035
52767
3872
55247
4969
2010
5630
68237
3702
115569
69844
5991
6378
116
8132
1407
134130
115713
3071
4537
5010
3703
2176
6101
1964
3510
2108
31658
2664
66665
2690
86320
6918
6385
45728
942
805
6104
128360
3507
363
8042
2231
5971
736
63131
1958
1357
1641
2434
80463
3809
55269
1635
4821
6003
832
741
7136
2687
4623
34338
121231
3200
1249
4641
594
587
26587
7386
39183
1959
2788
1537
97938
3414
4211
6777
2087
4658
8638
2952
1185
106100
2474
59784
1120
1127
41997
1616
7139
539
2066
68135
787
2336
8207
3741
5028
4688
109487
914
4361
42418
3594
1238
2391
4776
353
70293
7265
123
4349
3747
40583
5903
4263
1419
4326
63876
69481
951
2841
5876
96079
1944
2105
49272
7263
48738
6530
50068
27803
7371
6852
4021
2420
3150
176
68838
1408
938
1086
3448
1209
26326
91658
54259
3966
4105
89904
1884
1124
39414
147
48696
3000
4277
111921
5772
314
7013
97304
4188
1921
1748
3270
1272
1260
67087
911
233
440
1340
3034
3077
3475
134853
6732
3134
81834
1845
99114
477
1211
3989
53318
2976
80489
2403
78039
56805
68269
127152
73344
4271
81564
8542
105197
3263
6807
230
6724
931
3505
8784
48322
454
2490
1860
3686
6502
61323
4912
902
61240
2935
6188
91077
112290
2924
4225
7235
2085
64614
6987
7564
26150
872
52617
26578
7574
33171
7698
3111
8528
8950
6273
140174
2795
7099
2553
99145
7089
6708
7649
6565
3072
4489
348
1302
112552
34405
8239
428
7088
2961
56152
8645
3536
2321
5816
101525
96488
3929
38499
26524
4801
7767
3467
71033
64716
2398
4191
599
2232
97923
933
7566
2730
89745
3364
1183
6870
6620
6271
2202
97921
27831
3681
102123
8955
7616
2938
2096
40815
41573
79824
32289
48791
80839
3948
1243
845
3498
2118
7320
4965
106489
3068
1066
2575
6932
483
53024
38304
4033
93510
108981
7215
37733
3036
3476
38038
101895
4327
79242
102684
44709
108727
105355
104913
307
6639
4218
97673
7943
2459
222
5500
7084
3763
55253
663
2141
3736
7478
26178
8979
61357
8337
79702
7327
8492
7091
6331
8366
1343
1449
56607
59018
26323
112399
72367
5088
4927
128606
50245
110752
94931
8491
95135
26350
75990
25882
7126
25999
151307
25945
