user_recommendation
318
296
527
2571
608
858
260
110
50
356
1196
1221
2959
2858
589
5952
593
1210
3578
7153
4993
1270
912
1136
1198
4973
1247
1704
32
457
969
79132
47
1291
2028
3897
1197
2918
48516
1089
595
750
2762
778
1240
1193
4308
293
223
1230
908
919
1259
5418
1610
541
1228
4963
1233
36
904
5225
953
150
1961
1207
6711
2329
1204
58559
194
590
926
364
17
1265
1682
1225
1219
308
5995
898
6539
68157
497
1208
4306
306
4011
1214
1084
235
1097
1625
28
899
4979
2115
2542
1079
2797
1307
56367
2194
4226
2324
1968
1148
910
1278
1213
111
1393
923
1252
1206
913
1096
1041
16
6
1073
349
49530
515
33166
307
380
588
1036
8665
46578
1288
54286
7147
8874
1258
3462
1287
1254
162
265
1262
21
357
671
1222
1242
4034
32587
1028
7361
59315
1217
1584
745
8970
2502
246
1200
1203
25
3252
903
48780
2804
88125
1952
534
759
44191
1674
733
2997
2359
1172
1250
6016
2019
3147
8961
2302
480
272
471
922
3469
5989
377
1179
230
6874
2300
76093
968
74458
474
3996
4103
535
1060
44555
1212
1
213
348
1732
3481
916
955
62
1246
950
4489
6378
3683
1641
2125
175
4995
1035
1257
920
1220
951
11
1374
1178
1945
81834
6377
5015
1960
1090
5060
475
109374
1266
280
2599
1722
3671
5679
4117
3114
3435
1357
1095
3362
80
3510
2268
1299
2881
1077
233
2000
2064
50872
1356
149
2761
1025
5668
68954
3916
8949
92259
1292
1358
907
5669
81845
7438
720
2353
104
2141
911
30707
3034
347
1304
81847
1260
1673
8622
3006
1285
5902
55820
1958
3730
40815
4886
1927
1224
64716
1256
69757
88810
2580
5329
4021
2690
8528
116797
34
232
319
69844
4014
7293
3201
1748
33794
805
5415
1185
1954
1884
281
1394
2132
3068
44665
106489
1590
5377
1721
1211
8972
6942
1948
1466
5400
5312
1293
4225
3735
3020
3844
44195
1231
78499
72641
2791
85
994
3060
551
1276
88140
39414
1396
107559
106441
538
1376
3134
2333
91529
106920
5791
73290
3256
44199
3196
928
1283
154
3186
309
89745
1321
832
73017
1023
508
3111
2929
3955
8010
101
106696
6893
2248
3386
1192
1955
1234
900
2087
3270
46976
3000
161
2917
4181
2983
1066
109487
1719
5956
5646
3095
4235
104374
2020
661
2202
7139
3911
2278
3363
2
1201
3082
91542
7263
1272
31658
2985
866
1284
261
1273
2273
945
1267
2010
81562
60397
326
6936
5013
3301
55247
529
1946
3035
2303
7346
61323
1235
1754
5630
6365
3175
1078
40629
3594
1085
110102
79091
4881
8132
915
3341
3783
1617
2971
5903
51255
1921
94959
373
5254
122882
838
905
86882
8636
2318
2501
3249
6807
1056
1573
7090
80839
41573
68269
48791
79824
32289
49272
106438
7439
8784
3081
7
102993
1953
2739
2291
4277
63853
3417
48738
531
4369
3814
3088
53123
8530
509
3545
1103
3468
51662
909
946
1620
1300
2944
2109
1223
29
1264
3203
89759
1237
2908
5444
2289
1177
1101
57669
2081
1387
3527
581
7099
1912
1081
4855
3152
97
4344
59387
30816
4037
1244
1947
1127
68358
1962
54001
2287
68073
6188
2692
1029
81591
7371
1944
34319
616
582
965
55442
3342
50068
6440
2117
7164
1939
3067
1344
736
3036
97938
134130
1734
8645
1027
58347
2961
2232
2553
2745
98491
84772
2430
2144
936
36529
5387
1238
954
555
924
1959
1086
1777
3071
168
850
787
4688
68237
55269
34405
156
2105
999
3037
3090
2436
2348
1957
7360
8580
3429
3150
3476
2728
2186
68135
973
3200
5991
1964
3357
1411
2496
599
764
95167
8873
933
76251
2058
5391
3471
106100
3499
30
2935
8207
4047
3724
3581
1296
6502
7767
4701
3747
1537
4722
6870
63082
5414
31410
1080
1693
5810
2395
98961
3793
30810
4273
921
70286
4970
74727
77658
8371
65188
264
2335
1042
1281
3451
3809
2890
1934
5095
935
2208
1348
135
3848
5255
2660
1199
73
1963
41566
3022
222
8981
85414
98809
48082
2951
100714
59995
3791
2078
6548
6724
2871
3173
40
314
8368
1183
81229
3538
940
6003
663
1907
741
1684
82169
927
4246
971
3823
7669
37741
5971
2006
2952
1909
103048
2059
3418
7373
58803
80969
115617
54190
2920
69481
3983
514
42418
151
3039
6954
6104
3686
55267
4878
116
1518
262
2139
4616
3355
3102
7285
46723
26326
5954
30749
2788
4361
6773
4928
290
159
6783
53956
6725
4789
3505
102903
3753
524
1354
64957
49957
2390
2686
4017
4223
229
123
4571
2750
7570
6350
37729
4920
5470
4211
3629
1269
477
8754
3074
1094
64614
6708
2423
45499
48394
3679
8957
947
7502
1180
4033
3536
2427
2066
1249
1827
34162
140267
144976
368
7375
59501
4085
112175
3307
363
47610
72
3408
2551
4327
2403
3096
27721
38499
6791
1361
26258
2529
2863
465
680
3452
3089
2664
2932
3703
91630
87232
66934
26614
1112
26524
3504
1639
4229
64034
6662
56782
152081
68838
2005
1941
5876
4450
4326
2363
8751
2620
2712
628
3501
6764
1057
1263
70293
1104
7156
4499
1611
6932
6591
3360
66665
1419
4901
2460
1049
5816
54259
86377
2106
1209
40819
2976
8983
7091
122892
458
6598
97921
3612
4660
93040
26729
3359
64620
2279
47518
1635
5283
2459
117192
6101
2443
58047
4427
68848
361
2420
270
7235
54997
2454
134853
6979
2721
1124
3701
1500
106782
4537
73344
5324
3702
2336
8228
48043
3275
45950
6184
6552
140
7380
930
4406
7123
40870
85612
3406
4642
1020
7386
79702
5872
942
2732
27523
2962
3079
70183
58303
45431
2930
5670
3902
7025
146
3801
97304
3967
96079
3871
446
4247
55069
2490
1046
54276
4802
88129
7451
4612
4128
1191
33171
333
62912
46062
6993
33615
6254
556
3097
218
2440
26472
6537
8360
54503
2432
56715
3831
