user_recommendation
318
296
527
50
593
260
356
858
608
2571
110
1196
2858
2959
589
1197
1210
1198
4993
457
912
1136
1270
778
47
1704
1221
7153
1089
1
293
150
4226
32
750
899
1193
1213
541
1617
5952
2028
111
2997
2762
904
1291
745
908
923
1225
3578
1240
6
1148
2918
4973
913
969
2329
2396
6016
1682
2324
1247
4963
1252
6539
1961
79132
555
1208
4306
58559
733
595
919
2692
924
1230
1265
590
1207
2804
497
349
1203
2797
1276
1732
223
1035
1278
903
1036
2716
1259
55820
2599
4011
48516
480
2502
1060
1968
8961
36
2542
7361
953
1258
1288
1246
4878
898
3462
364
235
1028
1206
3114
926
515
1214
5989
1222
3897
1233
1356
3996
2019
1220
720
474
2115
1394
2291
1212
920
1084
1204
377
2064
1580
32587
1947
4995
1673
68157
2501
1228
56782
475
4027
8874
648
21
3147
1254
994
922
2186
17
471
2231
1307
1199
1953
1172
2712
1217
44191
2300
671
3671
246
1223
1200
161
5418
11
2076
1250
48780
1945
1304
910
5995
1079
3481
162
4034
4979
5444
6377
4235
25
950
1234
916
5618
380
588
62
27773
1267
232
46578
3793
3362
2268
56367
1293
1219
4886
50872
2580
1097
300
59315
3471
3435
3421
1073
7147
1077
1500
1096
2739
1960
1674
2289
3006
1466
1263
2160
106920
49530
3868
5991
6874
337
1256
3949
1610
1287
16
74458
54286
1625
78499
6942
3735
44199
914
1244
2303
2871
905
1784
1952
76093
1299
29
1948
2929
2917
265
109374
33166
1090
6863
2971
40815
954
81229
1094
3791
553
838
5816
1284
1080
2359
1192
3468
1411
951
272
3175
175
7502
5064
3088
928
112852
741
2391
3201
2248
6979
4014
1527
1269
81591
1957
1103
2395
2761
431
8636
54259
440
70286
33794
6378
3499
509
7099
3152
7090
1729
3307
1095
3363
1272
4369
1680
109487
64839
3730
2916
2690
73017
34405
1292
2194
911
3683
1231
3504
194
3095
3035
106782
1257
2353
4085
280
1175
30749
1201
1211
529
88129
1218
8970
68237
8665
368
2125
3916
900
1357
348
68073
3072
1224
2973
6502
373
163
58
5630
54503
5225
319
800
106696
28
357
5812
1215
281
628
6796
86882
534
412
1273
1266
3952
3910
2890
262
31658
8368
1086
2232
4262
353
477
1283
3134
41
5669
3788
1296
508
551
1343
1264
1834
3044
3000
3386
99114
6350
44665
91542
1088
3039
30816
1243
491
1464
63082
2005
2490
1305
3104
921
57669
1333
1104
1242
1179
35836
3448
1237
4007
1959
2863
1719
81845
116797
7022
933
85
6787
2318
92259
3317
2924
968
3361
1950
2132
3429
134130
81847
1537
8807
2020
1285
1734
51255
68954
4450
3022
1962
1994
945
5903
3256
930
37733
51935
3081
2732
3246
31878
927
5060
1178
3033
6807
1248
69844
89745
1066
4308
1260
80463
2144
955
946
1939
1954
6662
2795
2243
971
1238
4239
2908
1916
86
3007
44195
68358
1641
1281
3451
88810
38038
2467
2987
735
1921
3911
4427
3745
45
5782
58295
73
1754
30810
6385
2572
492
909
1964
1303
41566
2208
3037
3070
39292
5152
3213
5971
81932
1023
97
40819
1251
1449
2302
115617
3038
6620
907
7263
2746
2352
1429
3275
3359
581
53123
2067
1209
110102
2951
8798
2301
7669
106100
122900
1147
38061
3545
8360
3469
1944
1262
8958
96728
2081
2357
428
3019
4037
34
1120
314
69757
7373
1361
1302
2841
2474
8633
1249
2935
112552
2944
7075
942
2333
247
6669
7139
7116
1963
49272
30707
7802
6218
91104
3365
2245
538
6870
1982
307
69481
549
26152
1189
2278
3200
82
33660
458
96079
27831
8132
4223
599
1049
4623
2726
8981
122892
805
4848
3414
2423
2138
1280
59725
34332
973
178
2336
4846
5103
98809
3358
2137
1594
3814
55267
3505
3424
5791
64716
106489
97304
1955
72226
7064
2949
1616
3068
6565
2096
524
3355
52435
3357
531
2763
3510
88125
54997
3168
3100
3341
6959
7419
2648
8580
1956
6188
2366
345
4696
52
3198
1025
6732
4128
2202
140174
3741
7844
7438
64285
2780
1946
2331
1374
1019
64034
7027
40629
6001
8645
866
3702
7386
36529
51412
112183
2612
54001
2463
3703
233
56152
4103
1611
1663
1566
1050
876
4567
2880
4565
4442
4717
102445
2644
94959
5146
3507
1958
2925
101
935
37729
108981
2108
8493
93040
1797
4263
1277
7212
108727
102684
2070
3983
69
59784
1227
6281
4361
4017
2819
8208
3111
171
2203
1330
3270
4489
3310
2140
5114
3546
441
1885
147
81564
2102
64957
3627
2961
4166
26524
224
104374
5414
87232
4304
3153
79091
3272
2664
6440
66934
7156
104913
1300
89804
55069
5500
72641
4465
4467
2078
780
1810
7132
6708
915
361
2321
6618
3512
8228
123
26326
6754
70293
65188
105504
89904
49278
4343
6711
452
1688
79702
80
86320
3016
556
3252
5772
38499
3203
917
101525
99764
3686
7380
1845
6380
7649
3536
861
4873
86377
5460
1927
54881
8607
3871
5391
33493
88140
4466
4945
6773
8638
6987
3030
5218
6777
140267
5400
2105
59387
4033
290
39414
4459
3594
93363
3219
55269
3167
6273
3598
3467
4642
6331
48738
3176
62081
5017
7013
74727
4422
3181
2071
52885
3654
3612
35957
50068
850
58347
1476
2857
68269
3364
7320
2729
7767
1393
6452
7123
4121
4225
1253
67408
5882
8950
27846
2328
6879
3771
309
3020
50851
3062
55250
936
1941
4326
2058
7164
7091
77455
47610
3077
52281
1649
3196
176
79824
56775
32289
41573
48791
80839
144976
87306
2334
41285
5380
2420
3074
51471
4920
5475
36527
73321
47518
111362
32898
766
3260
37741
51540
26587
31116
268
1934
3543
128360
7757
5014
5608
937
3548
111659
52950
79139
2386
1620
57504
115569
845
4787
94018
3724
2273
7698
58803
2066
2434
52767
7566
222
6254
1907
134853
130520
127152
91978
2721
1029
