user_recommendation
318
2858
527
2959
50
858
2571
296
260
593
608
356
1196
1198
7153
4993
1704
2762
589
1148
1221
4226
1197
5952
541
745
1968
32
58559
1136
1291
246
2918
4973
1225
1210
1270
2396
1222
778
2692
1035
364
2329
7361
457
2502
1208
912
595
6016
3578
750
2231
474
1293
720
2712
1213
590
2716
2542
1258
62
16
1246
293
4011
1203
1617
2278
8961
54286
1252
910
265
588
3386
2997
1036
2318
1193
2791
2115
3095
6502
6
11
497
1680
3897
1206
534
1961
2334
2194
1625
111
3481
1610
2501
1012
969
597
2804
3114
551
475
904
2291
1
4886
908
6787
1288
25
1259
4995
1784
4878
1947
1299
1732
2064
1673
349
3868
2324
4963
150
919
733
1224
5618
5991
1674
2336
216
899
1244
1271
110
36
1172
2020
300
1079
3181
17
1223
47
1200
538
39
1207
920
1090
78499
903
915
953
357
914
1240
4235
8784
7147
1204
2386
5669
3996
4007
1094
1953
3421
1580
2005
2387
36529
2328
1185
38038
1394
48516
329
1307
1682
2395
2302
2389
2279
1302
1285
39183
2352
56367
1220
2917
6377
913
2718
555
8360
79132
4085
337
33166
1230
2315
1262
1217
1805
151
116797
88125
3039
1194
2076
272
5791
5445
8533
5995
1357
1219
4027
3203
56782
38499
581
308
235
2580
223
2106
926
2248
2353
994
377
2335
412
5103
6711
1247
29
3044
81834
6773
1234
109374
805
51662
3545
1719
50872
5060
515
161
4308
6350
41
6979
34
1060
1964
104374
2871
2739
3476
923
800
68954
134853
524
4489
28
1957
86882
51935
1321
535
1214
1084
2338
4299
1921
1131
52767
46723
299
7566
8665
1537
40629
55820
5989
6188
52952
5418
247
5630
1077
3949
26712
50658
26614
3077
5444
33493
4128
4239
60069
1059
1962
1641
2706
44195
306
728
3363
65130
50742
50740
1233
4641
1303
1254
2973
30749
262
1103
1263
1300
2019
1358
2677
8981
4974
2406
45
1267
1281
1449
508
3081
3362
1192
3869
1287
2303
2467
553
5812
509
1028
2863
7386
1183
3706
76093
22
80463
1500
2890
2081
3006
8638
3418
27803
97
5690
480
529
57669
8861
3262
10
1289
2478
2908
64839
85
4848
2423
2792
7027
4014
232
1956
450
3751
81591
1199
1958
3253
68157
1611
1250
194
52
500
1096
3219
2690
2312
3201
3357
2313
6242
1343
3160
1393
3317
1361
39292
1269
2788
955
1212
7212
4102
1150
52975
2694
48780
661
3683
531
7458
3260
3256
3910
3152
3462
2801
178
41566
64285
31116
51471
2137
3788
55247
1584
156
3598
319
2167
1527
785
64614
492
2186
165
1211
6807
3424
6888
1097
63082
2541
4025
2240
764
4388
121231
26662
1264
1177
1305
74458
8949
4623
838
348
1959
1589
954
1952
1266
111921
7502
635
951
1948
53123
89904
4979
1282
4021
1717
441
4270
452
1892
91500
1734
109487
90061
4755
42418
1411
922
1960
2011
927
1304
106782
5225
81229
34153
98809
195
381
2686
2114
1945
921
1405
741
51255
3468
2857
307
3163
73
1965
2144
1683
3175
3414
1095
2078
2268
1339
2750
3396
650
3671
1914
431
2496
92259
261
81845
6296
2096
7040
3471
3071
2357
4450
1292
1120
3760
46976
671
549
106489
73017
1810
1907
3406
2728
3341
4017
6385
36527
2938
72641
6539
4873
2819
3098
4459
2971
1296
493
3168
916
2761
2407
6620
37741
37729
8580
905
2333
2125
108932
1286
5872
1387
2202
2160
314
86
3882
162
918
3730
2289
3510
1464
171
6378
2243
2490
2929
1273
72226
1272
1466
31658
8958
81847
61323
4367
3007
163
866
168
125
1215
950
1278
2087
2976
3104
3033
2721
92
1931
3251
44199
3358
4357
5971
4920
935
5470
1927
1284
115617
59315
1484
79702
3074
81932
97921
3016
280
2732
86377
79428
521
3703
6818
3429
7451
34162
3952
7116
3089
7419
1419
326
58998
6287
96728
1982
1280
1063
2746
40819
3761
5500
6201
2463
36517
3507
2919
3088
1729
91630
2412
31433
4304
58803
3527
56152
5013
3070
106920
1257
3783
1243
333
1175
835
6440
7387
5902
3795
6970
154
2071
53519
3505
2664
2563
2006
33615
3521
3272
2300
1873
1345
5391
4642
2984
2413
5300
3020
2145
26524
91104
3927
2151
69844
6669
60756
2010
1730
2029
5325
2837
1860
1504
47099
6874
5294
4333
3035
965
279
3156
36519
1678
1178
5299
7802
147
2648
38061
100
1179
1073
58
253
1022
2947
1080
92535
1994
104069
277
6942
4223
3785
2795
1201
1242
108981
3701
3108
108727
63876
102684
599
3448
2140
3420
82
1797
3310
3361
1046
3677
1350
665
1298
27831
3079
5608
663
6936
2745
6777
5679
6218
1189
54997
34405
190
924
175
3552
946
3178
60950
1939
3702
7698
4801
1086
2245
1946
392
3801
2132
91529
2208
5380
106696
1876
3916
89864
4776
4349
112556
99
1249
7087
2617
5319
7649
1608
1127
6783
363
3142
95088
3365
86320
3091
1693
2459
73321
1227
3134
2359
32587
1248
8191
361
3273
61024
76293
6774
2641
6184
4262
7926
1061
3929
3479
3275
1126
68237
928
44665
3038
8711
6077
6125
3342
7123
6944
72395
3798
3252
53972
5747
2841
3763
3524
54259
3478
106916
44974
40148
3983
77846
3720
2391
55069
3270
59784
97673
6413
6863
95558
56941
96655
105
1845
345
71033
3739
32234
6273
407
3735
64034
7833
26
31685
4427
62376
43267
900
6986
6331
27822
6380
105504
1237
102125
88129
1256
26693
5992
3844
3112
2440
7139
2311
1260
5074
4616
4921
8798
3863
2070
6254
6516
1161
8957
55276
3967
6753
55814
60397
748
7263
230
934
3980
68135
5341
3435
49530
2660
1564
3943
2726
839
6565
1238
3467
5049
77455
2184
8938
1949
281
898
2859
1049
4661
80839
79824
32289
41573
68269
48791
6333
6327
7072
8535
6286
3925
1088
139385
1824
79293
2924
72998
