user_recommendation
318
296
527
858
608
1196
593
50
2571
1221
2858
260
1197
912
1198
47
1136
2959
7153
4993
356
1208
1
1270
4226
3578
2997
4973
1193
1213
457
750
110
589
1252
32
5952
2762
293
58559
1210
913
1214
2028
150
969
111
36
778
1240
1617
1148
953
1278
2396
4306
4963
1204
908
1222
1704
904
1207
2918
1968
2502
1682
1089
2329
923
1259
1230
541
1206
1073
1291
919
1961
2324
1732
79132
1203
6016
4011
1225
1287
48780
2692
899
3897
1304
364
1250
7361
235
2542
745
4878
497
1219
1285
1394
1199
2716
4886
6377
68157
1200
48516
223
6539
1035
480
4308
5618
4027
1276
5989
4995
1228
17
3671
1500
1220
595
6874
2599
922
1246
2064
3996
1610
3114
903
1090
924
1077
926
1254
2804
3481
33166
1258
1244
30749
44191
515
40815
1234
8368
2019
78499
1293
56367
1247
910
57669
8874
5995
1060
46578
1299
1028
898
2076
1411
88125
68954
3147
2797
920
555
2268
8961
1266
2791
1080
11
1233
954
1284
349
64839
5418
116797
1952
60069
63082
2115
1272
109374
1262
720
588
1172
1217
1288
950
1036
1947
2144
1224
31658
1223
1282
1269
1625
474
2289
471
3471
5060
81834
5816
246
62
2291
16
50872
1356
2194
1292
905
81591
32587
6711
4896
86882
265
337
1103
1201
7099
161
1580
6
1084
2300
1387
1307
1393
1212
3362
2712
628
994
475
2318
3088
1653
1175
3683
106782
2690
838
2186
551
955
3735
7438
2005
134853
1094
59784
2395
4034
1953
942
2467
76093
3504
2761
1674
2580
2987
3198
6502
914
1079
2971
5971
80463
6863
69844
3468
3317
106920
1466
30707
1179
3035
3361
2231
3095
134130
54286
2020
56782
3730
41566
4014
3462
741
33794
1257
1303
800
4246
8665
70286
81845
2109
2108
1357
2359
6807
7502
671
590
1945
6942
68358
34405
1267
2917
2366
3435
115713
3386
92259
104374
46976
79702
3359
49530
1256
261
3210
7090
5010
1958
3068
6350
59315
928
2871
1095
3791
3363
3000
3016
1243
2795
3543
91529
2132
529
1097
3104
5956
2648
1265
3686
1939
1120
1673
1967
3536
69757
162
44195
1960
319
58
2352
357
7139
29
68073
2501
1231
37731
1361
49272
48394
55820
4239
6870
50068
88129
30816
111921
2248
1729
3203
3037
69122
272
112852
81932
2321
94959
2664
3167
1305
1085
1374
28
81229
40819
1189
109487
2243
3083
3448
89904
3724
1248
1784
2976
380
194
8132
3476
933
3499
3252
733
54997
1264
2459
7802
1020
2728
3871
27831
3967
3421
940
3034
86
3814
58803
353
72641
96821
1086
5444
4361
72226
2857
4085
2288
1104
3469
1281
2102
54259
1096
3006
3152
4103
2138
106100
48738
1948
3213
534
3019
5225
108583
68237
233
2160
69481
2644
1641
2313
1263
3219
3507
2043
3703
4450
7147
27773
4037
38038
2529
61323
1994
900
2949
7419
2841
6796
99114
64957
5377
508
39
1449
104913
66934
26662
115122
90061
4755
1333
3135
2863
42418
4235
1527
36529
64614
951
581
4720
2208
1280
1227
348
115617
535
422
1260
5103
893
3201
538
44665
85414
3868
7022
3342
2890
1218
122882
1611
477
2474
64285
2070
3467
930
1211
112183
53519
2726
2245
85342
44199
306
5876
6979
281
2919
3018
3153
5669
1271
2081
112556
728
539
96079
2924
3246
8228
7212
97938
3111
280
121231
3272
1464
1537
7235
128360
2232
115569
6773
5630
87232
81564
3275
1178
2303
968
5152
125
98491
3527
307
63876
2278
1680
1997
3510
65261
39292
1029
1649
3679
7669
2202
3396
300
232
97304
230
1283
3022
55247
2391
440
5380
6380
4033
916
766
2944
5500
3512
65514
101
3200
49957
51471
31116
53956
3788
54001
86377
93855
53123
93838
10
8970
4406
1343
5690
866
6662
93320
5244
50641
79357
37741
105504
26776
6787
945
79428
7386
1946
6669
106489
8530
1131
3684
909
64716
1719
1663
2203
1396
2067
3036
91500
8493
3406
3983
2553
3418
3067
2935
6440
5812
5064
3077
26326
52281
31410
59995
100714
2394
2985
3062
52975
3417
81847
1959
2336
1088
3105
7285
3429
116
3310
8958
60684
1419
25
3551
175
3038
1845
84152
3341
56152
907
3635
2357
971
5782
3256
363
30
3702
3638
3594
7371
2165
3175
2696
915
373
96610
1962
2361
55267
142488
26729
1354
3629
2355
1754
3355
33493
4519
8711
6077
1957
4128
2916
1956
2490
1147
47518
735
27721
1124
213
3101
76293
3102
322
164
8873
3089
52
47610
1249
911
4553
3334
262
7451
7380
3007
4642
661
2105
4432
556
3728
55442
33171
93721
89804
5992
148626
2948
97752
2430
2968
26084
69
2929
2287
7833
3260
3916
27022
107559
1235
1931
3612
106441
1912
4007
73290
4848
149
973
32898
3989
2788
2912
6987
26258
97
117176
229
2125
509
6791
8950
6125
96655
3270
77846
247
38499
1380
3330
3060
55052
5238
1274
1209
2137
48043
2068
5074
1366
4263
6974
3501
2140
51662
2440
5791
3181
921
2612
3112
3307
2745
6461
3546
521
2018
92535
5902
3548
8798
96588
146656
6724
4292
6188
1066
104069
1348
8827
3134
52952
1078
46322
151
514
946
2078
1061
104841
3071
2495
6774
66097
62849
7075
7123
2693
76251
3194
1594
2442
3672
7143
2988
7132
26524
3970
87192
2273
93510
3811
53318
4979
6725
4789
2594
80489
74458
6591
1202
1041
7482
58347
4009
27660
2279
3408
60756
37857
7844
3741
6001
166
4349
1277
3186
2725
110102
6003
110501
3654
1237
55721
4326
2130
102993
99813
8908
4776
40148
140174
52604
3044
45728
3081
6436
1954
2925
902
3108
48696
79008
71135
2731
215
45
5341
7160
99145
7263
31435
71429
106438
2872
68269
64034
4105
122900
8910
2819
3639
4661
72733
5747
1554
51255
6852
107406
2901
34326
1081
5540
2106
4697
37729
3738
89774
51540
37830
3653
8191
3505
2069
82667
8784
2718
67255
8360
2759
390
1950
