user_recommendation
318
296
527
356
260
593
858
50
2571
608
1193
912
1196
1198
1270
2858
110
1197
1136
541
1704
47
1221
1210
908
4226
778
457
589
2762
2959
750
4993
904
923
1213
969
150
2692
7153
1089
2918
745
4973
3578
2028
1259
111
1206
293
1225
1240
1207
1252
595
1204
36
32
919
1203
1097
6016
899
1219
3114
1682
5952
1291
1732
913
1148
1208
2324
1617
2804
1961
953
922
1035
7361
6
1265
1968
903
1073
2997
17
920
1267
733
1358
720
1
1356
898
1288
2329
4995
1230
590
497
1307
337
1246
48516
1393
2797
1199
1394
910
1214
2396
4011
1172
2542
4963
1228
1293
2599
1060
2019
58559
1304
926
5989
3462
349
79132
3362
11
1233
3435
5225
3996
1287
1028
32587
44191
1247
515
2289
2076
1387
2064
78499
1212
1269
475
1673
508
1276
4886
1258
25
1223
1625
6539
27773
1220
314
1175
3421
1610
994
4306
2132
3147
21
2791
1305
1250
5669
1104
33166
1217
928
911
555
2268
3246
46578
1262
2467
3471
1248
1272
29
4308
1952
588
246
1945
916
2010
4034
4979
1957
68157
2739
1748
235
1280
955
3361
4235
628
1224
76093
1079
74458
3386
1023
2186
1273
54286
3897
1237
1411
2144
1884
1674
1183
4914
48780
8970
1500
3252
2300
905
2291
8228
3671
3160
4007
1215
3134
5618
272
56782
671
8958
1222
3510
40629
1299
3788
1066
357
3006
1260
3949
50872
116797
2068
56367
1283
471
529
509
1292
2973
1263
930
1090
1211
1243
72641
2726
161
7371
364
1584
3481
31410
2501
4014
2202
1084
2916
8961
55820
1254
954
3545
59315
1200
2355
3176
2908
68237
4262
3814
68954
88810
1235
81845
1300
5418
3034
2125
30707
300
2087
2580
30749
1663
915
230
175
7090
1124
8665
70286
805
2359
1253
2395
1036
1537
1466
933
3916
162
1955
5902
3363
373
8981
7771
1357
2160
800
2318
914
106782
1953
1719
3310
3676
474
1296
562
1923
534
2081
2194
1264
2391
7147
1921
35836
8784
3072
6377
1298
3429
3683
3068
2976
16
2020
2351
8950
3083
92259
3101
668
2788
2917
1680
1103
5444
1086
57669
106920
1947
4878
63082
6993
1954
6874
951
222
280
33493
945
2137
921
1120
1958
5995
51255
3730
3551
6807
2366
5971
1238
1278
3703
3089
72226
1948
2712
3307
6918
2115
1927
3527
61323
838
1285
6987
7502
1099
49530
8874
6787
1077
2078
5017
261
3022
2066
924
492
938
7587
7263
2232
2248
2176
4277
109374
2490
866
319
968
1303
1178
1232
3037
232
86
3983
3111
106696
116
902
81834
3420
596
6530
3499
101
1242
7123
41
1251
3469
4085
1361
1050
5782
88125
1527
3270
3594
2971
5387
7700
3468
1189
4967
2871
2301
2141
68269
3000
26242
1284
2434
6643
7981
4437
1101
2648
3417
79824
5673
1939
48791
32289
41573
80839
3210
5992
5903
66665
3745
1754
44665
1256
1464
1032
3735
5013
907
1281
5329
3039
171
3359
587
2686
6863
8873
1343
4404
5062
6971
1860
7136
3910
965
34162
8368
2579
68848
2333
194
4658
85
4271
41566
224
2594
1641
2278
3167
53123
22
7564
26578
52617
26150
7574
872
5028
1094
99114
306
68554
1041
3067
1997
26729
8955
3200
3476
3168
1365
480
2728
3424
60397
937
2761
931
950
265
3007
8239
81847
680
59784
8636
704
2288
1234
69844
8645
42004
205
3504
4027
2321
7116
971
1282
233
1020
901
40815
1147
37741
345
39
39414
943
64839
8132
96079
3844
3543
2551
1266
2108
2690
538
1184
1231
2313
1354
104374
3198
4450
6565
64034
85414
5608
44199
2863
97
2102
1096
1202
6936
26258
7451
2117
5064
54503
27317
50068
31658
5312
3088
514
2243
1916
64957
5010
3809
741
1029
5630
412
73017
2208
6773
1931
3967
100
440
3868
2403
613
73290
95167
140267
5414
1374
3548
2846
91542
4019
5991
6440
88129
144976
3301
110102
1080
1192
281
122900
4037
2099
79091
7063
2085
3060
342
3701
97938
8798
4380
4720
2664
2096
6003
8042
2640
3989
4903
134853
2231
81932
2352
1218
1950
4327
3251
4047
3406
44555
368
7438
2454
98491
3498
308
2071
25769
3702
3911
106100
832
2731
82169
3038
69481
3724
2553
3793
1944
3629
7256
7285
2745
1019
6796
3062
1257
766
2140
2330
942
8371
1380
1827
71899
6001
2109
3260
1111
5177
5415
3272
5876
6385
1150
1271
141
30
223
3095
6732
2357
2287
2138
1580
2046
307
68135
1959
309
2459
95088
2944
635
3555
1845
4641
5949
5074
84152
27803
4422
1186
3275
3035
1201
112552
7767
2118
1834
49272
539
79702
2912
1188
111759
4546
7132
96728
31685
1131
37729
55269
94959
52973
3470
56339
918
3317
44195
2644
54997
3654
4292
431
8528
30810
87232
3341
107559
6187
77455
2303
2070
68838
3508
556
64716
3249
3653
63131
52952
106441
2203
49280
26422
3952
2925
2920
64614
4008
7802
2455
1967
946
4103
89745
4881
1935
3104
3201
1419
1835
52767
4334
4623
81564
7616
8827
1227
8477
106002
168
47099
2361
1012
4432
71535
1885
115617
2857
549
112175
6776
86882
2442
61240
2363
446
32898
70293
1963
3879
59418
5105
39183
106438
6380
7566
3263
45728
115569
95858
2938
96488
1125
594
6724
1994
1161
3077
2204
7069
7649
1209
6881
3070
176
108932
2575
7156
178
3105
893
363
7091
58347
6783
4188
3347
2932
5812
2131
7154
5008
8880
2430
1611
59126
3524
8199
6979
390
26326
6461
34437
81229
5633
3196
7386
2872
3245
6611
87222
27846
1046
3135
2612
122892
934
2795
7115
5238
6436
7979
48738
5137
7164
4427
7135
3865
27834
4645
4725
581
4086
5500
3507
26712
3091
8542
932
91104
1049
4179
2005
68791
3086
4465
2620
65188
1805
77800
3255
1982
7669
67087
55442
986
3948
4190
146
1127
7096
4326
80549
5446
6669
5114
229
2792
4846
