user_recommendation
318
296
527
50
260
858
356
593
1196
608
2571
2858
110
1198
457
1221
1197
4993
1270
7153
1210
912
2959
1136
5952
589
58559
1
47
1089
1240
1704
3578
111
150
1291
1193
32
1213
2762
2028
4973
364
4226
541
1617
778
904
4306
293
1225
1252
1208
2692
4963
1682
6016
899
1148
1203
588
3147
750
4886
923
480
48516
36
6
745
1036
2396
913
1304
590
969
6539
349
1265
2324
79132
908
246
1732
2599
919
1247
8961
1214
1968
62
2064
2997
1200
595
3897
1259
1580
1199
1079
2329
1246
1204
1250
3996
7361
5989
733
2019
1288
1276
1207
6377
1222
5995
300
2804
1233
4011
2797
5418
1228
4995
497
1961
1073
2918
2542
474
3114
475
2115
8874
1220
628
4027
920
1080
1090
337
44191
994
1219
926
46578
59315
2716
50872
33794
1230
54286
17
2289
4034
1625
78499
3793
1267
555
903
76093
1356
671
1307
48780
368
1584
1097
2917
161
1258
515
2300
3462
1060
1028
1287
953
30707
109374
11
194
838
4878
922
1094
68157
1358
1953
3363
1217
1376
235
535
57669
1610
1393
1674
1201
2395
44555
7502
116797
1172
55820
1263
32587
4896
1234
357
2502
1035
1262
2739
5816
377
3421
2186
954
6874
5064
5444
1947
898
6502
232
1957
5669
1096
832
1254
86
2761
2268
1299
1673
2580
40815
54259
68358
1952
1466
2501
2194
3730
3949
49530
2321
1266
2871
73017
1256
112852
1939
1212
1394
1500
3481
1192
162
508
1527
81229
1077
30749
1293
27773
1945
1084
3468
1285
950
58
3735
3362
89745
1357
1231
2712
44199
648
2863
1272
74458
3006
3317
33166
905
88125
81845
1729
68237
1834
3246
25
1264
1960
56367
8665
4014
41
2467
8368
49272
1280
4308
440
85
471
1693
910
319
6711
741
3471
3198
2359
281
106920
2243
5630
3683
805
2490
529
81847
72641
3007
1278
3256
1224
5902
8644
509
5618
2971
2202
2005
91542
44195
1927
2125
1303
1411
69844
6378
928
2366
39
1292
3448
307
2144
70286
106782
88810
534
3307
1719
2924
54503
2791
5010
348
6565
4235
412
2353
1374
92259
1948
53123
8132
2406
5218
3510
3671
345
112552
134130
8636
3176
2391
2231
99114
581
80463
2763
1095
56782
314
3504
3020
2908
223
1211
1227
51255
1805
1131
1209
34405
538
1954
1784
60069
3952
380
1019
921
3038
3160
106696
3089
265
31658
6979
2987
2278
54997
72998
927
3868
272
1147
428
52
3435
2137
1244
1408
1296
1215
2890
916
7090
224
8981
1354
3361
3745
262
94959
4103
7022
2132
2232
539
306
108583
3070
5971
6787
2973
2474
3983
1997
261
64839
3200
6708
101
6001
524
104913
21
28
914
3095
1237
1223
2318
3386
1754
1959
3702
3310
1361
4846
2938
1206
280
3153
41566
3911
247
79702
5956
3101
1218
6187
6796
7263
8798
1183
2357
1396
16
3545
55267
951
39292
2948
151
2248
58803
3000
1103
1179
102445
2109
86882
97
2947
1101
492
4007
2355
2788
800
72011
98809
946
81932
1663
2273
1178
69481
3213
3328
7451
3104
6732
2076
2078
5903
2108
1283
6773
1537
3044
5991
59784
2352
81591
6281
1023
7132
1305
79091
551
431
6807
6669
4037
2641
3134
3252
48394
89804
2150
58295
175
3201
3916
3408
2096
1248
594
1965
122886
8638
128360
6783
3703
69757
40629
110102
2291
1946
152081
85414
866
1366
122882
6662
1734
2336
3341
1641
89
2020
4406
3260
8633
2105
1189
1269
1916
40819
6350
3030
3083
735
2303
2944
766
2070
39183
3152
105844
1238
3175
5812
4085
87232
134853
2968
63131
2068
55069
106489
81564
68269
3035
7844
106100
98491
8807
41573
48791
80839
79824
32289
1931
893
125
2750
1261
7256
1298
720
2252
4427
8542
2694
3724
1429
7091
1935
1281
2648
91104
96079
1066
7143
2728
3251
67087
115122
1104
115569
3742
3507
3357
1967
29
5146
3196
36529
1025
1449
3088
4239
1284
290
1300
5460
2841
4019
1963
109487
7116
5992
7235
6333
918
105504
4369
3068
59018
3429
2331
115617
6269
1827
4696
7767
3536
4223
549
115713
4225
6552
8970
82459
67255
233
3263
3479
47610
3100
26524
122900
108932
104374
8208
1792
3037
230
7099
5446
51412
943
51540
8228
2288
4166
69
7027
1994
3359
2780
1302
6959
8958
1680
51935
3639
3275
1260
26152
6754
911
5782
3811
850
7147
2920
1020
4327
2138
2880
4442
4565
4567
876
4717
178
3270
4133
1249
3653
2935
3771
116
2916
7320
3521
7373
3417
44665
81834
222
2872
4188
3627
2160
86504
3347
59369
50068
4642
2952
31878
3469
6870
3406
4263
93510
3499
5108
553
1273
2026
1964
7013
2985
268
477
1484
2929
3203
1598
931
65188
50641
2102
3684
86377
3178
93838
3365
1257
935
1245
95510
7669
1419
215
3801
4121
65514
7137
1277
6104
1661
1161
4914
45722
3505
3071
2690
3111
1649
68838
2745
86332
3638
38038
1552
6918
1343
65261
84152
3543
8607
146656
2351
26242
64716
26662
56587
6331
1616
3091
3527
5225
4450
458
7285
1895
56152
7164
764
42004
56339
2936
6942
52435
3701
87306
3470
68954
3418
3633
52885
97938
3420
7419
2011
8933
4422
1944
64034
99764
4465
1855
2023
80748
3783
3074
54881
491
562
6452
1845
2046
4033
6440
308
106072
3910
4179
2099
53
632
122904
30
678
930
968
2409
63876
70293
63082
8880
4873
2726
5349
4623
3686
6643
2687
1923
1907
100383
6618
5291
7072
35836
3551
861
119145
1271
67997
8938
3524
4128
2434
3501
4920
6598
89492
6323
4978
95167
2612
8580
6380
4821
1049
127152
93363
53318
218
2203
3414
72226
62081
5747
7136
1177
945
66371
85342
1941
59418
26422
49280
2066
7156
92535
6975
93721
2529
2081
2819
3512
82169
45728
531
7802
47518
3098
68135
900
97304
56251
26326
6419
483
6273
74727
58303
5878
5244
93320
93855
1949
