user_recommendation
318
296
527
260
593
858
356
608
2571
2858
50
1198
1196
2959
1704
589
912
1270
1210
4993
4226
457
2762
150
1221
1197
2997
4973
2028
1193
1136
110
2918
1089
1
1291
1213
7153
750
2692
5952
111
904
908
480
4027
293
778
1203
953
32
1240
920
1208
969
3996
1961
1617
2396
590
1225
541
6016
4963
47
3578
58559
923
1247
1258
4878
1097
1036
899
2324
1259
1200
364
1304
4306
2329
1206
1387
588
2797
1207
1947
7361
745
1252
2791
3147
4995
913
1219
5989
1293
48516
1356
6539
1625
1148
3481
1968
595
1265
903
2712
4011
2542
3114
2064
919
55820
4034
1732
5418
1307
2599
1222
1172
79132
1230
6874
357
555
1214
1256
1080
1244
4235
926
1527
1674
8961
898
2804
349
1682
1035
529
1079
1217
509
1204
1957
916
1228
1212
2580
11
994
2318
1073
1276
36
33166
17
2501
2076
497
1060
1199
2716
1945
5225
3462
1234
2132
3088
44191
1500
2019
3176
720
2739
905
1269
3104
800
1948
3671
1278
5669
3386
1223
2908
33794
5618
235
3897
1267
1299
4886
3949
1305
30707
1220
32587
68157
1953
2502
3868
6
3160
56782
3476
3510
2125
1288
1376
6377
2300
3363
2917
922
6711
910
3468
671
3435
1029
1784
1954
3307
5995
2289
1673
3471
2081
1250
838
4085
581
2186
1302
39
41
1393
1952
2976
46578
78499
733
272
194
319
7147
59315
1263
3730
2078
1233
4979
300
954
1466
39292
3916
3545
44555
3007
2987
1094
29
6502
2761
246
6796
780
2194
1175
2144
1885
3362
1361
5991
2245
2137
377
914
54286
3910
475
3035
1211
7438
1287
2871
1192
2231
7075
2971
7386
2087
81591
1028
1120
1950
2890
373
1254
1333
968
1090
48780
1264
2648
2268
4262
6565
3414
1994
911
1280
3083
2291
306
51255
6787
1096
2467
162
2359
5816
1394
1580
2018
924
1077
3359
50872
1754
8368
1023
3108
307
508
2863
1248
3100
3499
3683
515
3152
81845
902
3039
3791
1810
1215
44665
3175
3260
1104
2203
1912
2243
3194
1411
86882
57669
6333
1066
56367
1103
3200
1408
1237
3006
76093
5013
5444
2690
1616
2020
30749
1298
3361
2795
474
5992
1729
5064
1927
5903
3418
233
3310
54259
1242
2138
1271
34405
3196
63082
8970
232
3181
5218
2288
2232
1663
2846
492
4896
1127
3317
930
3524
832
2788
921
3365
1374
7090
16
501
7502
940
3168
2395
938
2612
299
1224
27773
3608
3421
3505
2664
3983
53123
538
1641
628
6807
597
7143
3167
1253
2080
3256
3967
106782
2160
1300
3101
6662
261
8874
106920
2973
1354
49530
116
928
2819
44199
88810
1260
1086
4873
1701
74458
2208
3788
3448
2938
1131
64839
3424
2115
1997
3198
68358
945
1189
81229
2202
1380
514
1939
1688
4225
2398
1834
4277
596
6440
3022
1963
4661
454
2357
72641
1303
1019
2726
4427
3504
7256
85414
21
6986
3342
1960
4308
2912
3548
7116
594
3015
337
3272
112852
109374
2108
7787
3724
6380
1262
54997
1095
3203
81932
106696
37741
2067
3735
3252
2303
6870
4450
1982
915
2947
1537
4848
1049
3952
1296
33493
1292
6450
1884
1147
60069
40815
534
1281
6552
3134
6777
8132
6979
6331
5791
88129
1610
1955
1178
224
89804
3801
942
946
3016
2099
69844
116797
6281
951
2434
1238
3246
1584
3038
412
1272
955
2248
4014
171
927
5876
1464
5971
971
69
1946
3072
2721
1944
59784
1734
1343
446
3037
37733
88125
8958
64034
1032
247
2313
4062
7826
2366
91542
7132
1449
1249
950
4086
141
3546
6743
2929
2919
8665
1209
3034
3018
1614
1923
6218
1251
1282
348
26242
44195
4357
6001
2333
3060
3783
3706
112552
68954
7013
2696
1231
2644
3703
1805
6942
96728
3702
3275
1084
66665
3745
3213
728
31658
48394
5782
539
5630
7649
3654
168
5446
2442
1907
932
3741
3044
4349
96079
241
6269
91104
1934
2857
1284
1921
5812
230
3000
6273
32898
1860
2728
2935
368
1088
2463
2553
933
68554
2872
4537
25
2130
7669
68237
1959
2949
6235
1283
3469
1274
805
2731
4016
3341
4846
1619
80463
2925
9010
3507
6987
5679
3679
900
3814
1611
92
1101
2732
7419
4187
2686
27478
72226
7802
5475
58295
1649
3869
3095
31410
4641
178
5312
2109
1345
2779
3129
3429
4623
1243
2010
73344
73017
3062
51412
3068
866
59018
99114
97938
2353
6620
64957
766
2495
3684
38061
60756
4903
73290
3725
52767
3112
893
112183
5114
161
3019
8337
2459
1937
4380
5415
1419
6773
1797
2496
2271
2349
54001
1483
69481
102445
1949
146
4019
3098
2427
5445
1719
3089
1904
741
7091
2988
3355
4304
37729
30
1034
4422
1246
1183
4616
7614
3635
101
4263
3696
6754
52435
5146
3251
8042
2355
2346
5500
87306
8264
4642
105504
86320
5010
1061
71535
342
2066
2924
2361
55269
97
353
8645
1463
4128
89745
2406
1273
222
6612
110102
5349
35836
92259
6959
4037
7357
2474
3125
3529
5103
1161
3296
8981
26524
6636
2068
3527
5017
280
2901
56251
1643
1365
6003
345
103
5329
27523
55118
56587
106100
4535
40629
5414
918
3364
341
5291
2682
6423
8929
8190
6829
32139
6630
5836
3833
81834
229
448
55063
2337
308
3728
2131
49272
61323
8228
2105
7136
2752
943
26729
363
32598
3653
45
6350
1341
93363
77455
184
2102
1554
96488
5341
7566
156
7767
5238
2670
2745
1255
55280
6378
2150
1629
2024
1312
1655
3021
3024
3281
3391
183
3490
1543
1531
3757
3804
3837
3840
3851
2982
2945
1771
2465
3102
2419
3262
81847
1748
1484
3629
8542
94018
3159
937
3153
535
27821
965
621
2736
49
1184
7371
3360
2038
4009
2327
3437
5765
4630
109487
4105
4410
4428
7087
26501
8261
86487
58649
8123
74089
26797
53887
163949
150856
112577
96075
101850
114464
104119
