user_recommendation
318
296
527
858
260
593
356
50
2571
608
1196
1198
2858
2959
1221
589
1210
110
4993
912
1197
1270
4226
1193
47
1213
2028
7153
1704
5952
150
457
541
2762
4973
1089
1
1136
1617
1225
1240
778
2918
750
111
899
908
923
904
1291
745
1203
293
3578
969
924
32
2997
953
58559
1252
2692
1259
595
1208
1036
48516
1214
913
6016
1148
1247
2396
588
903
364
1207
1258
2599
1200
79132
2324
1961
590
1265
1682
1073
2804
2797
3996
1228
2542
7361
1732
1060
349
1304
1079
898
1267
1219
4011
1288
919
5989
1212
32587
6
337
920
1172
36
926
44191
1968
3147
55820
1276
480
2064
1204
2019
1250
1307
2329
1199
2300
246
4878
1222
2716
3897
4034
2791
922
4995
1035
497
5995
4963
1246
17
1223
555
1206
48780
1230
1287
1293
68157
5618
1947
46578
3462
1387
2580
1234
4306
733
2291
7502
232
56367
3114
2186
1080
1269
1263
1997
6874
910
57669
515
1953
2268
2712
509
1220
3421
1945
720
78499
6539
29
6711
2289
59315
1957
2194
1201
928
1952
905
4027
1673
1299
56782
1090
950
1527
916
3481
3435
1097
377
3160
2081
40815
21
1254
8961
2115
1674
2502
27773
300
508
1175
994
628
39
1610
1233
357
11
1500
1272
116797
1580
194
5991
3730
2739
1960
471
8368
3504
3499
1923
1217
1280
671
50872
551
1278
106920
74458
911
1954
2467
4979
8874
2076
1356
474
4886
2908
1394
1094
49272
3671
265
3088
3362
3471
954
33166
4308
3006
2359
1625
1256
2917
1248
3683
4235
2248
2761
1028
475
5418
1333
7147
1215
538
76093
3101
3256
3949
2987
1084
1086
54286
2501
81845
3703
106782
92259
3868
440
914
1262
1955
6787
1260
162
3039
3307
1411
4007
2125
1466
16
1357
3019
109374
3510
3468
109487
2144
1264
3735
2318
596
2243
68954
2137
942
3359
2067
1192
2160
1834
30749
6502
2973
1284
33794
235
951
68237
1249
1927
1994
51255
54001
1584
1104
6796
501
3104
4014
1103
141
1178
2020
69844
3007
134853
1358
1296
91104
5816
49530
1950
2202
1096
5956
1283
3175
2690
2726
1077
1361
1292
115713
3035
3000
1251
3952
581
529
3083
2395
7090
1029
3451
134130
800
933
1231
3916
968
5064
930
2890
2132
44199
2846
1266
44665
8228
5225
1179
82
2010
390
2929
1784
2303
3072
110102
5669
2871
4085
3524
1244
3793
2490
3022
48394
5010
290
3363
5903
35836
955
1959
63082
30707
8970
2231
5114
1537
1939
1982
1948
88129
2087
838
319
99114
112852
2648
2005
3198
3527
945
946
3358
41
6807
31658
2068
2357
2366
96079
142488
59784
34
1302
40629
2729
3246
2208
2788
3983
2925
106100
88810
1131
1238
1921
73017
3418
5630
741
1019
2947
4037
3791
2795
72641
3167
1237
1095
1305
81932
1218
3152
2612
69481
7075
1946
112552
2971
64839
1147
8132
8981
88125
58
5992
1224
3360
104913
62
648
1343
5500
45
3361
6979
161
1321
68358
3095
1963
3037
178
3015
34405
524
26729
2863
222
54997
4262
5444
3548
3702
1209
154
4848
56152
85
81229
2644
1120
2245
735
37729
3038
261
84152
8798
54259
7132
148626
1719
2267
3176
146656
60756
115617
1393
33493
766
3551
3967
40819
106489
64034
37741
2935
86882
7669
1211
2563
4518
6565
431
565
81591
2944
44195
363
1352
1845
3310
28
3429
73290
104374
3448
3210
2232
7143
1450
4076
1819
4591
4796
4930
5427
1563
1729
5902
3089
146
938
392
3201
81834
1944
348
87232
1754
4450
1049
1688
850
4086
2920
921
1285
80463
1227
30812
3814
55250
3546
2694
2288
3068
6732
280
272
1135
1189
1884
6662
2096
3263
1916
4019
8665
1300
6331
299
5971
477
2664
122882
7386
2203
971
2078
70293
2687
1066
3111
5812
97304
6669
64620
2946
86377
3260
105504
3892
314
91542
1185
3355
38061
3424
2118
7022
4304
32898
805
927
2951
3788
3134
594
7767
307
91658
907
3469
3016
1663
88744
25
7371
4299
909
373
2731
3508
1081
1286
1242
175
97938
973
3168
94959
8542
1032
2353
1354
96821
3606
6440
915
106471
1273
7091
106696
6001
7099
233
4352
5446
4432
60684
80
3062
3653
4865
3505
6942
45950
81847
69
4661
3672
3317
1253
51540
1956
2936
54281
1202
4263
4787
49651
3129
3071
1021
7360
8950
1641
7116
3252
1023
4896
230
8958
7263
4914
93510
3196
2553
2391
1619
3044
1962
44555
4349
268
2779
492
5445
2070
534
6987
3386
26326
6380
4326
2351
3741
931
39292
1124
70286
89804
4465
56145
3498
7320
27831
2841
4965
3200
8641
3365
306
89492
632
73321
8807
53
1366
4427
42004
62849
3966
4467
115569
2745
1281
54881
47518
5017
2108
5103
6235
2434
7438
116897
8933
965
4489
5008
54372
3871
3973
247
26524
53123
1277
3536
4103
102445
2167
6461
3060
4017
4188
89745
759
5772
96728
63876
1303
6003
2924
89904
30816
380
55276
1374
3801
99764
106438
56251
7771
6870
82459
54503
101
3275
57368
2529
97921
7285
224
2073
52435
55069
7649
8880
2938
32525
3067
1912
1088
68073
4422
52
345
4642
3270
9010
2361
900
6863
1913
85774
31410
7256
1012
1643
3081
55052
3414
80748
7013
4105
68838
2331
4277
4190
2575
80489
65188
2423
309
26242
2792
1282
3635
1082
441
4033
39416
7773
6452
50068
3677
2474
67997
8264
4022
112290
3105
2304
5876
1974
7802
8636
4679
3543
5475
119145
428
5791
2949
6218
67087
4179
69757
1127
4029
190
1721
81564
73344
135887
34153
36517
4327
8938
3507
1964
26587
7156
5074
72226
30825
5152
412
54328
2130
51935
8910
40583
127152
3213
6724
647
55267
7419
458
90428
3364
8645
4873
6773
52767
3033
2746
2442
1860
3811
3135
3334
6783
62956
1653
6932
102123
4410
96829
123
5055
2686
33639
86320
6791
4623
1649
3798
91630
6786
