user_recommendation
318
296
527
858
260
593
2571
356
1196
50
608
1198
2959
2858
1197
589
1270
4993
47
110
912
1210
1221
4226
7153
778
2028
1704
1136
5952
1213
3578
1193
4973
1089
150
2762
1
293
58559
1291
2997
1203
2918
457
1240
904
750
111
1225
32
1208
364
1247
908
1682
899
924
6016
541
1617
969
4306
953
79132
1968
48516
2692
923
1259
1732
1036
913
919
5989
4963
2396
1200
4878
2542
1961
7361
2329
1214
1148
2324
1206
2797
1230
745
3897
2804
1073
1228
44191
1252
36
2716
2599
1258
588
4011
3996
595
6
1222
1304
1246
497
1207
1204
1276
1250
1035
3114
3147
4995
2019
6539
32587
46578
1288
6874
926
903
480
349
2502
68157
2064
17
590
1219
898
337
920
1060
2291
78499
910
1265
1307
1278
55820
56367
1172
48780
555
8961
4027
2791
1097
1080
3481
1947
1220
515
116797
1625
265
1610
4034
2268
954
235
59315
2300
11
1199
1356
109374
377
475
994
1254
6377
1234
7147
1527
1287
3504
1293
1256
16
8874
3462
1784
1212
1201
551
106782
134853
733
7438
1223
50872
5618
1267
2580
1028
40815
4886
74458
1079
39
7502
1084
1285
5995
2186
1673
471
33794
3671
223
246
1387
905
8368
3471
950
3421
49272
2289
1393
1077
671
109487
5418
922
1953
232
1262
1945
2076
33166
1233
916
6502
1217
1090
68954
1394
106920
29
1244
628
48394
194
1952
5669
474
1500
57669
2917
4308
2194
2303
1674
2971
720
509
3868
1224
1103
64839
2501
56782
1299
112852
1280
162
3730
2395
1269
1729
49530
1957
104374
3095
44195
54286
134130
1215
81845
115617
2115
4235
86882
1272
76093
5991
63082
2243
4085
3435
838
115713
3088
3035
5444
2712
272
2761
1580
529
1266
2908
508
1411
59784
5816
30707
1960
1466
60069
1263
3006
30749
88125
5010
1179
21
7090
5630
3307
914
1175
1292
81932
800
58
3683
3363
82459
3104
34405
534
1231
1096
1923
1939
6711
3256
1357
81229
175
25
3362
1959
2248
3359
1094
911
535
2125
261
2871
1374
70286
92259
4979
6863
2231
1192
3152
35836
44665
928
2739
581
6942
3735
2144
68358
40819
3198
3468
1131
3793
96079
44199
3275
1333
1641
1264
68237
3201
942
79702
357
380
5225
440
1086
1537
1284
99114
741
3386
54259
122882
538
7099
8970
73017
1958
1950
3317
2232
933
110102
3361
5956
3510
1962
4014
8132
72226
6796
5064
104913
31658
36529
81834
8636
2132
96821
72641
87232
89745
955
3499
80463
28
69844
968
5349
3429
85414
2890
930
2318
54997
3949
161
1948
1994
112552
2359
3703
1281
2690
2160
91529
81591
2078
3044
3072
1946
7022
88129
280
3448
41566
1361
1611
6979
1120
4007
62
2944
1104
2929
33493
8784
4896
44555
1029
3160
951
106489
1303
1449
1260
1189
3007
3791
89904
97304
2202
2366
1955
5971
3686
2973
348
1343
3911
1023
3019
5445
477
1997
45728
4103
69481
2137
1209
2109
142488
3101
1305
2245
1358
1147
1834
7075
105504
84152
106696
106100
971
1719
230
927
122892
86
2357
3196
2288
2096
2648
5103
2841
93510
1218
8665
7669
5060
322
1066
1296
2857
2863
3524
1251
81847
54503
85
69122
9010
146656
3081
51255
94959
6662
3310
122900
1249
115569
7132
1927
224
3000
1283
3260
91542
48738
40629
102445
2788
4037
3916
27773
6807
1734
1916
3507
946
8958
88810
900
6350
373
921
3246
314
262
1185
3952
2391
1095
51540
2686
3068
2924
3414
3039
1211
98809
86377
2203
1248
4720
3476
97
1238
3168
599
85774
3034
1178
7143
3038
3418
38061
2726
7386
52435
3983
64620
4848
3037
247
3252
53123
8981
2420
3089
37733
945
5500
7451
45
91500
47610
431
56152
5876
850
441
91104
3365
7802
1688
2746
319
2612
1300
2138
50068
353
33660
2846
3167
80489
6870
8542
2728
3467
8645
2005
7419
233
27831
1354
6331
1376
6669
38038
735
2467
1302
148626
3469
7116
81564
1963
31878
55276
1237
492
8798
6380
8807
104841
1964
2987
3702
89492
2321
3022
4128
54281
412
54001
111921
5992
4755
90061
1931
3724
6787
4623
300
89804
1088
309
1944
87306
3741
2795
4427
30816
2331
52
3967
2336
64034
3203
71535
2020
3342
3083
3016
93838
3505
99813
3548
91658
299
2947
973
1754
6218
2474
5146
4450
7091
2108
2938
42418
805
222
4299
64957
6281
6773
1921
2925
7373
70293
3111
2352
8228
3451
3108
6440
4361
3358
97921
4019
60756
6188
3929
2644
7323
5955
2070
8950
64614
39292
2067
7263
5782
909
1653
128360
1584
6385
2355
3696
5903
2459
3213
4799
3543
58295
96728
2731
1150
3105
1942
2919
2102
6732
2935
1982
58803
1227
85342
3943
5812
108932
4223
6104
51935
5446
4846
73321
3033
3546
3910
4105
111759
99764
728
766
2529
7380
1286
41
55247
1797
915
4422
5772
66934
32898
307
3871
3270
3100
3364
7013
7445
55250
6552
73
2351
1956
268
2106
55069
3134
95088
2066
105844
3788
428
6783
2081
45950
940
1810
8638
4262
935
2936
215
3811
5114
7139
2312
3175
1235
4661
3551
4821
2920
42004
1934
2952
7767
4239
63876
63131
7087
2080
108583
7773
39416
3684
4225
3437
5765
290
5791
98124
40583
3060
123
648
1277
71033
8641
3783
30812
68269
7285
26326
1243
5475
1257
4263
3396
112138
3210
345
759
3545
3814
26524
3219
102123
26729
3475
112183
2819
52604
8580
3536
6273
49957
632
7137
1938
53
7649
3181
6001
55052
58347
68073
48783
6333
3071
2105
127152
53956
3786
4642
2208
3062
98491
1202
2068
69757
67255
2301
3745
8633
2660
2732
69
1019
2951
8933
6187
38499
89
7156
1649
2018
56145
3606
3801
178
91077
55290
2434
4327
3098
6777
7827
156
907
117176
68838
5902
7256
917
363
80
3357
44974
837
4349
5341
2087
105197
4179
86320
1564
92535
5540
4660
949
1616
