user_recommendation
318
858
296
1196
593
50
260
527
2571
4993
1221
608
47
356
1197
2858
2959
1198
110
912
2997
589
4226
1210
1136
111
7153
1208
1193
1035
2762
457
1270
913
969
1968
595
1203
750
904
1259
1240
953
1225
1304
4973
5952
2918
908
778
1278
1199
2028
3578
4306
2324
590
919
480
920
910
1704
223
32
1617
1077
926
150
1207
1732
1291
1148
1089
1527
3897
551
364
1206
588
903
3481
6
1394
4963
79132
1411
899
46578
923
1213
293
2599
1287
6539
48780
2804
745
1230
58559
541
4995
1204
36
1214
1247
2329
1961
1258
1036
1222
1356
1610
5989
1224
3793
4011
2716
1580
48516
1103
1682
4886
1252
1
3911
2692
1292
1080
1235
1266
1172
3548
4878
25
3504
3147
1244
2019
2396
56367
5060
1293
2791
5902
1212
922
17
2971
3108
33166
8961
497
1376
68157
2076
3467
2728
1952
2064
1374
3471
2300
48394
733
3967
2303
1267
1358
5971
1276
2502
33493
1228
1219
3996
272
1243
1282
2000
7361
475
3462
3095
3510
3429
60069
1200
246
44191
1784
728
3671
3168
41566
1611
1233
3735
1958
2321
2336
1272
76093
5995
954
3317
2890
62
2109
37386
57669
905
898
2746
4308
2289
3019
8371
741
1962
2194
357
5010
88125
2973
1931
3308
1262
3000
3929
1965
3943
2160
26
1824
2660
1564
1246
3414
8368
2313
2395
5349
2857
3201
1500
1393
2542
3037
1281
1947
1584
1079
838
1256
1653
1217
1271
1250
49530
65261
4896
474
69481
6016
6377
1254
266
1094
46976
78499
2243
99114
265
1234
3083
3361
1085
5816
3088
2908
81834
70286
1333
2291
81845
59784
7139
30749
63082
7147
942
1090
3252
1288
34
1269
116797
4034
345
50872
5418
3949
1953
2144
1223
109487
2916
1945
1097
1303
2947
2648
3499
3507
955
1299
2066
40815
1201
232
1215
306
5618
1307
32587
1084
1674
2020
69757
3114
6711
800
106782
539
1387
2739
471
950
2186
1466
1285
529
1939
1296
3751
1218
48738
1220
247
56782
940
628
55442
72226
68954
3448
54503
971
914
68358
938
581
69844
3363
6380
8132
3310
2501
3435
994
34405
122882
3730
1625
8665
30810
40819
2871
162
1944
2359
2917
11
68237
8874
2132
4103
59315
3672
47610
109374
1099
911
2664
1950
7438
4086
1948
3081
909
3916
3362
81229
5377
69122
671
54997
1994
1060
4361
235
2580
1280
7090
55247
281
555
2352
1357
115713
535
44555
104374
115569
8754
8751
3468
2108
307
3635
1688
31658
4235
91529
943
98491
380
116
924
337
2125
29
39183
1957
3198
1641
28
59369
6565
6773
1265
4019
66097
89745
2846
2248
1339
72998
4014
4085
2797
33794
6350
52281
152081
4846
3418
2357
3052
106920
6954
4239
2731
194
215
67255
79702
80549
1061
6502
1078
58803
112552
1301
441
3948
5954
2690
1959
928
3359
8360
1883
112852
495
37857
2232
2901
1449
45722
3683
44195
30707
4027
735
54259
108583
38499
1189
3307
4979
1441
5782
64839
134130
93721
79091
5679
6807
353
55269
3006
2231
538
4857
3153
49272
1289
7419
1248
368
7669
55820
81932
38038
2948
7156
319
8784
1274
82459
161
3741
3729
648
308
8958
55276
1912
1251
3456
8970
1232
39292
3868
4443
1131
6218
66934
6870
7502
2273
1081
4967
8530
86
56587
2278
3328
1885
900
128360
3451
1748
3543
2067
50068
71899
1305
2115
2018
154
6003
3476
97
3152
2788
6787
3983
2268
3396
921
37729
66665
165
105844
2612
262
349
3536
534
7099
105504
6591
2203
61323
5903
6818
3167
1371
1361
2467
2009
55052
73344
3210
2924
1719
1918
54272
916
198
229
1096
2208
1147
373
6333
95510
3035
53956
3194
79428
423
1963
2976
2726
49957
1982
5690
65514
587
559
820
2130
2078
8012
36529
6979
45728
8910
2361
893
92259
2644
3060
112556
88810
7116
5225
1946
3104
115122
2148
3686
1104
3424
927
7022
3135
6662
94959
2732
57243
2529
134853
446
1021
86504
3814
87232
6001
2912
1176
1860
1029
5218
3213
951
3724
3546
1283
3524
16
2843
27178
73587
55555
2750
56757
89864
3196
1797
7164
6863
5992
93840
1729
72641
4422
44199
1277
1092
1408
3469
1348
3421
26242
2070
95088
26662
2919
4312
907
5064
1073
1082
46322
300
866
3412
2065
26729
8622
32898
7285
5446
2366
31878
7136
108932
3360
2926
52885
27831
2463
48082
4280
40629
7375
10
1231
1429
2761
3219
1598
1661
1063
54190
8711
6077
3179
3910
68135
2938
428
3505
115617
80489
3791
80463
2687
51540
2925
8264
8972
3034
96079
76293
1111
7013
2043
952
5291
492
85
30816
83613
3952
5238
4292
4661
112183
6125
74458
2639
4642
1023
2944
4448
7132
7833
39
339
3702
2176
93838
51080
26152
4179
6618
5341
3699
1120
261
2520
2081
1257
106916
114552
2394
2202
100383
7137
61024
532
3011
8042
4410
2686
662
224
2363
1649
89804
1639
2337
1264
86487
6021
96075
2285
58649
4428
5475
7087
3038
8123
8261
55063
53887
26501
26797
74089
163949
101850
150856
114464
104119
112577
4696
48774
5017
1260
1175
3102
599
104913
902
233
3872
7836
95311
122886
7844
3275
6598
1086
8981
58347
6266
2068
2096
4037
8589
4406
7386
1300
3684
2795
1211
8493
2349
4432
494
6273
8633
2780
6918
8955
5385
3989
3551
3341
68073
280
3959
2423
7827
3461
2026
2721
52767
6874
448
3627
97304
3350
2041
53123
524
7075
77364
6332
61250
86817
2594
3077
1179
2283
2949
94466
3386
2440
5876
946
3204
1754
99145
968
4809
5481
6708
4128
2117
3072
2333
4969
2069
90576
4166
4567
2880
4442
4565
4566
4717
876
5820
1354
3771
930
2712
3980
1020
5445
5013
383
6643
347
56715
1419
4195
27803
832
70293
422
122900
1960
3330
2784
1907
3054
27773
2946
1645
5630
7566
97938
26084
2029
3599
31193
2183
1934
26524
89492
2841
2565
3598
