user_recommendation
318
296
527
2571
593
858
50
2959
608
260
2858
356
110
1196
47
589
4226
1270
1221
2028
1210
912
457
1198
1197
293
4306
1704
111
541
1193
1214
3578
1240
32
4993
2762
1136
1089
4963
1
2997
1213
2329
1208
778
1203
1682
1265
6539
4973
3996
904
969
595
919
79132
150
2797
58559
6
2692
1073
2918
908
923
903
1207
6016
1291
1200
1961
2542
2716
4878
223
1035
924
1225
1252
953
2324
1219
2712
1148
2599
1625
1247
265
4848
1617
3897
55820
555
1276
8874
750
5995
7361
515
926
2804
3147
349
2396
2232
899
913
56367
48516
1673
497
4027
1288
235
364
28
1356
1222
509
48780
1968
4995
6377
1610
1246
5816
63082
49530
161
1393
6874
1250
1172
4011
33166
3256
2291
5989
337
17
68157
1299
70286
1254
1206
3481
2502
475
922
5952
1230
56782
29
3735
1580
44191
671
232
1199
3462
1090
7022
4886
3095
1217
1278
914
1244
2019
2318
898
50872
7153
5669
3421
54286
6942
805
5418
1233
2105
910
2231
7090
2580
1094
6979
1220
1060
905
1228
1674
357
46578
733
1394
8132
3793
1234
2076
81591
508
6188
1259
1945
720
1953
745
2268
741
25
74458
51255
8665
3363
32587
4034
60069
16
538
2115
247
3175
1287
1269
69757
866
838
1263
68073
1653
3081
76093
2160
57669
34
1084
147
3671
68954
3468
1223
3499
1732
2395
306
1215
1281
3035
1261
380
7438
246
735
1267
471
5903
377
920
151
36
5444
307
2289
163
412
7147
2186
3418
6502
2303
3788
1754
954
64839
2005
2924
1466
8360
1952
3683
6796
280
319
4085
7254
2871
928
1947
1921
1734
2064
3006
968
3070
8961
1028
3952
4235
1784
1243
1374
1304
930
299
175
1292
1194
3196
3949
178
950
27773
1584
3730
2908
31658
1224
3435
3868
8633
1293
3702
1103
6863
1212
112852
916
2359
92259
1357
2739
1376
1175
26152
31878
44665
2780
551
1500
308
2078
4696
4166
7844
3000
1046
4717
4567
4566
2880
876
4565
4442
36529
4103
54997
2194
5377
5460
3408
3504
1095
8807
353
3627
1179
3019
4308
8368
2300
6350
493
6333
1204
4121
3032
7502
431
8798
4846
1097
106782
3911
1305
1192
946
44555
6618
5956
1464
1960
5630
3510
1077
3033
1284
474
33794
3068
4262
272
9010
2391
1282
2890
3307
2353
3022
2761
588
1173
4467
1231
3203
1096
1333
40815
911
3362
88129
6711
2841
8957
2916
1729
4128
5782
1264
3910
7802
68358
942
3317
4133
3545
3020
3791
3072
1343
3067
3088
73017
5954
1946
3201
109487
2917
1285
7099
1927
1303
59725
581
441
1302
2788
45
31410
109374
8645
6870
1242
348
3275
4979
97
62
1307
452
30816
4232
951
115617
5955
3771
322
81834
216
1081
88125
3039
2501
766
994
64716
3100
30
2912
3156
2763
3420
5971
68237
58803
2134
1086
1939
3213
3038
3696
35836
116797
3424
4630
5765
3437
11
1088
1178
59315
477
134853
3219
1272
2971
7139
2863
2202
96728
37386
8950
194
106489
4450
1260
49272
8949
2420
2023
37729
4007
30810
2144
154
973
363
4489
80463
3114
3089
501
2321
112552
4299
2041
1191
4037
3654
3448
99
4896
428
458
69844
8970
8981
3916
1527
34405
4223
4014
5218
33615
5812
491
529
5791
40629
290
3134
596
1358
965
2357
4720
2677
955
861
2459
3365
40819
7235
3181
67087
7143
3310
1957
909
1354
55442
7116
3153
61323
91104
3358
47610
8019
4980
7013
5668
1049
261
1249
3272
7757
5679
2331
3471
7064
3512
3359
648
1120
5349
6440
55290
112183
94466
108981
108727
102684
3505
633
2467
3355
8371
99114
1258
1066
64957
3741
1942
5146
3905
26865
26554
1079
73321
2987
5010
2935
915
33834
6582
45183
1537
48738
1938
1266
6807
2819
2132
54503
907
1183
34332
3364
1934
3745
2243
3556
7386
91542
6273
50068
61240
86
1277
6565
1967
3967
1237
1273
1959
1834
2872
2648
1042
1982
2746
106916
4246
3160
46976
4361
7087
3167
8937
86882
5690
1958
81845
1211
1251
5618
943
2125
69122
1257
3871
54259
6063
1238
67255
392
2690
49957
5114
8125
8188
140174
3879
1124
933
314
6378
2952
253
190
6281
2528
6662
1948
66934
1449
125
79091
53956
3342
3152
2795
2203
5103
1411
3104
115713
2133
1256
1104
279
81229
69481
4533
106100
45728
3097
55267
8530
937
54995
3739
2070
78499
3252
2942
2474
728
5064
1962
41285
3632
8958
3091
8199
6669
6643
3706
229
971
89745
8154
3262
71899
48043
901
1719
1913
921
949
3083
95167
3111
647
2066
6001
44195
74727
104374
94959
36931
27724
56339
3475
3168
106920
6184
3507
6598
1298
86320
18
635
52281
5291
59784
1227
5502
3983
71838
57353
81
37733
139385
2792
30707
6286
945
5219
3037
3011
45950
171
3469
2336
2352
3016
2529
31435
4326
935
81847
3476
3361
3736
2043
4033
8369
2874
1262
7285
282
3429
59684
65037
101525
65261
4641
300
4225
850
36527
616
906
91978
521
5500
1013
76173
39292
1082
206
73290
3677
1280
6620
52952
4263
553
56152
3747
2412
2102
79702
3451
3071
3686
3452
1029
8464
4187
72
85736
4857
1209
2302
1950
82
1131
927
2664
2067
97304
4465
3737
1933
5866
2981
87232
27831
4616
58
6269
30749
2245
7156
4239
52458
89804
2644
72226
2020
3703
7451
3604
7445
91658
1366
38499
8873
1964
3701
84152
2936
64614
94015
114060
55250
62374
2434
6986
39
440
6104
4787
8208
106766
7027
2478
126106
5002
50851
628
4105
58295
7419
2138
54190
33660
2726
6452
678
1248
1361
361
3789
650
7616
900
62956
2929
43921
1345
3676
2764
5074
81932
2046
64620
3543
2612
27803
3251
31184
4017
3629
3062
6548
5121
146
26524
4369
7263
2966
8827
106696
122900
4422
3198
3098
7669
64285
1201
3414
535
4406
85
80489
3246
