user_recommendation
318
296
527
593
50
858
608
260
2858
1196
356
457
2571
110
2959
4226
1198
47
1221
1193
1089
1210
1617
2762
1270
4993
111
908
899
1213
904
912
1704
541
5952
1136
150
589
32
2918
3996
778
1
1197
1225
2804
923
1291
1259
1252
4973
2028
293
2997
919
58559
2396
1258
79132
590
3578
1203
750
1036
924
7361
903
2692
1207
969
1208
1240
953
1079
1073
246
1247
7153
1288
48516
1214
4878
2324
1265
2019
1219
1200
32587
1267
2791
2797
1304
349
2064
1222
4027
1961
1968
25
1234
733
1307
913
337
3147
1947
2599
1060
2194
1097
2716
628
920
4011
48780
3006
1250
745
1094
68157
1293
1035
1682
364
2329
2542
3481
2115
5995
1090
1997
1580
926
1732
1263
1212
4995
5989
4235
4979
2137
1028
1080
501
2186
2318
2890
2289
3730
1199
1172
34
6016
5445
1356
1527
2268
3039
2712
5618
1228
1220
1945
300
508
2502
56367
59315
2580
1276
162
898
1393
4034
2248
176
1148
44191
106920
3104
223
232
3897
4085
3160
3683
33166
994
2572
1333
905
515
3471
555
1299
3101
109487
1192
1466
3019
910
3504
1223
68358
1242
290
21
1923
588
306
1955
6
3033
6787
5114
3499
2267
3083
3114
6711
1674
1387
1953
2300
1081
480
1394
1189
800
3672
3246
3949
272
1201
188
497
2971
1271
52
58
2303
380
1960
141
55820
1610
2081
3973
1204
69757
368
2243
440
1246
2947
4467
1584
1956
6502
73290
299
390
2871
2739
7502
1264
475
1407
2005
4963
1287
11
2138
4886
1994
1296
1272
565
735
99114
33794
1449
57669
1179
500
2020
3152
3952
3000
3545
3362
4518
1357
4076
2563
1563
5427
1819
1450
4930
4796
4591
17
1805
8970
2671
3317
911
3210
728
950
3448
1352
40815
1411
2406
39
3363
3983
3088
1230
194
529
33493
2761
4352
968
76093
82
2973
39292
1262
3868
48774
1278
222
1912
1954
3510
3948
70286
928
2987
4965
1957
1029
595
2125
5669
3476
3462
2925
1374
5010
2202
3916
1635
3307
377
151
5816
348
3175
68237
29
1302
3524
1215
922
13
648
8368
1086
1218
1939
41
471
2795
6874
1361
1254
1269
3527
1834
4903
123
2746
2391
474
3505
4489
954
538
1952
1095
1233
51540
4007
1084
2000
942
2144
1500
3358
6796
1916
26587
3435
38061
44199
2648
3361
49272
2908
54503
3359
1859
1244
2501
81845
7090
2863
1256
3095
307
2232
235
535
54372
3735
69844
115569
1023
5903
2132
1025
2321
4865
2463
5893
1663
54881
1747
3015
1209
116897
2067
1175
2357
69481
1274
1673
1280
2912
319
149
27773
7087
1231
1982
3060
308
1217
2788
2490
4014
2203
6932
2291
916
91104
5630
46578
88810
4873
5902
2245
4641
951
2304
2160
524
3071
26729
7143
2612
68954
5152
8641
6870
8874
3536
233
86882
2846
3915
4302
4731
3320
5071
30749
805
3112
1354
81
37729
955
51255
2529
3167
938
85
3129
5477
3198
3451
4022
1188
1950
458
2929
3671
1096
1032
27611
253
78499
36
97938
1206
1946
90428
2946
3213
3967
2288
6957
549
3892
1249
3724
80906
86781
103228
107559
262
1248
106441
54997
4361
556
2231
4029
4037
345
4623
8961
30707
3635
2694
921
27846
6242
5064
106438
5055
3300
98961
1353
92259
3421
1104
1227
4056
1041
1135
6331
2011
917
16
37741
1358
1077
3038
55276
1292
31658
26131
477
1251
927
766
8264
3546
3081
1177
1260
1958
1297
8784
1927
51080
3007
3638
60756
2948
1959
2310
3044
4033
1147
5418
3200
373
2302
7156
1948
92
2917
2944
2482
1282
50872
2594
3984
2752
7669
4086
106100
44788
1348
78574
803
671
1962
69
7139
2102
2118
2284
88125
850
3355
102445
5812
4661
80489
2467
3068
1754
3360
2686
266
3256
3102
2371
64716
112852
5500
2474
30793
1321
2819
2949
156
4188
6732
3016
7034
65188
3507
72641
54001
6708
49530
3386
2644
431
8798
101
5971
3861
67997
2078
2729
6350
2707
4017
134130
1103
2745
1283
105504
6271
91658
56782
1286
7360
4128
2359
6380
8208
1688
27660
509
4019
107910
2090
87520
7116
1649
6662
8914
741
1569
594
3261
1305
63853
2143
581
280
1476
134368
8917
6539
6979
54286
2696
3194
3598
1019
2539
1171
42718
86833
6001
2313
7320
8880
940
2664
53996
3468
2352
3203
111622
6974
353
4848
32898
2208
65642
89804
3966
55052
6807
2919
1921
3035
47518
1238
131724
7482
6565
111781
3548
362
2301
3569
229
900
1012
4210
3712
930
971
27790
333
759
3020
100556
55250
161
6650
2924
4262
4427
551
5956
4466
4945
1464
26614
81229
1967
1904
4263
3011
80
27721
2096
2920
1924
121231
59126
4626
4632
1629
86
115713
2779
116
68159
1885
4880
45950
3477
3030
3125
3994
110102
104913
102993
89492
616
2010
44195
1131
60684
6852
8665
53123
1127
96079
454
140174
4066
88129
6333
2726
2130
35836
3633
88744
2447
1484
2442
4465
6187
62511
3469
1255
103
2553
2728
3424
4306
7027
4728
6440
491
5673
2622
3053
5135
90531
4144
100714
866
3266
8981
34405
4410
3274
112556
8132
40583
6724
134393
3420
1061
6669
6327
1237
125
111759
3201
6776
2423
56152
1689
91529
3801
2935
1020
6986
1185
2524
3265
2993
1680
81932
2432
44555
54259
4349
7075
4223
943
4322
2682
4326
56251
6286
3036
1913
1266
934
97304
70293
3135
3728
40629
3357
76251
54328
1625
3414
2968
178
154
1860
3022
2478
122886
4406
55267
3105
2734
901
6942
7649
1616
1914
1176
42004
3844
7132
1694
91653
31184
2278
3684
2070
2978
26524
7569
1936
3925
1013
2349
6777
44665
7008
6273
5679
7099
3702
77455
5662
1082
2706
1224
4720
5991
80969
3018
3814
59784
4422
3475
1277
1059
3168
2097
933
102125
909
30
6641
1964
2872
5772
2721
1734
3521
268
3742
72998
