user_recommendation
318
296
527
593
50
260
858
2959
2858
2571
1196
4993
1210
2762
589
356
608
1
1198
1197
4226
595
1240
588
223
293
36
150
1193
4306
720
5952
1035
2716
364
111
912
4973
32
2918
541
1225
1270
58559
1136
3578
1961
1247
1221
750
5989
1214
7361
47
6016
3462
246
1704
778
7153
1610
919
1079
2692
79132
6711
6539
25
1208
745
1968
908
1213
3114
1230
48516
1291
5995
3996
457
2804
590
1036
16
1148
1207
2700
1089
2324
110
953
1682
6377
497
3897
1073
1394
2268
474
1580
1265
1393
2329
232
1288
46578
1060
899
2289
926
904
924
2542
2599
4995
1732
2395
337
1233
1527
4886
29
2791
914
2194
5669
2997
1304
471
4878
8961
969
4011
508
32587
44195
708
1097
48780
289
3147
6
1250
68157
5618
3793
2797
5218
1219
2064
1203
30812
33166
27773
3910
551
57669
903
1246
1259
1204
3615
910
1584
1206
2501
2028
1653
1721
1678
1287
832
5349
475
1228
56782
1028
17
1617
2019
34
3421
4027
1500
56367
109487
1625
4963
1356
7502
1175
6323
349
1282
515
86882
2294
161
480
162
1222
2248
3361
2359
7147
357
1276
1172
2502
3671
3471
1784
265
4308
4034
1884
1252
648
8636
58
28
5010
1267
1299
308
2580
4085
74458
8371
923
3481
1192
3362
2321
1673
4814
1307
6333
1358
48394
1357
1674
5991
3160
3000
1090
21
1234
2231
33794
2291
2300
1201
69122
3030
4474
4427
306
599
1200
951
52885
1104
1251
2081
8874
4623
91529
1954
509
1186
122900
2302
3317
1374
2115
2746
6870
994
955
7139
342
78499
2096
280
2078
968
3039
2140
2355
529
2890
2010
1947
1376
59315
1227
1960
3252
3504
2871
1284
2693
1293
2303
106782
307
4720
1953
5816
4262
4896
3916
6708
1266
6874
4103
3911
1387
3033
3702
671
3448
2626
3552
2908
1959
534
1057
1517
44665
6003
1147
1641
733
34405
3201
2683
104374
82459
741
1179
1237
230
1209
2467
1199
8970
2020
2553
89904
2087
2973
7156
5291
913
922
1719
8798
363
44191
1285
1845
1215
3189
54286
5812
2109
175
1278
5782
49530
5444
1249
3219
6666
927
66665
6380
1080
1380
46723
3022
1232
68358
1343
81845
1262
1231
3952
1951
1211
61323
5502
1223
5418
1952
4848
1416
194
116797
4102
96079
1077
8132
6188
7143
97304
2863
1272
866
1185
805
68954
4584
2690
921
2951
916
1194
3089
4304
1189
2318
2366
5956
3683
80463
49272
2917
1300
156
348
1131
2423
928
300
4734
1150
69757
95510
68848
524
5299
3363
68237
121231
45728
3814
42418
3359
1408
4235
89745
911
79702
1244
8910
40815
2132
3730
6957
59387
6331
1178
1269
900
4016
3135
5445
1964
45950
3255
800
92259
56152
63082
1289
2357
4033
1275
2788
1945
3020
51255
55442
45
213
1103
55069
1096
441
377
66097
3095
538
76093
2857
90061
4755
2243
6662
73017
2066
2312
6954
5630
2150
1283
1747
412
1258
1537
115617
8622
2232
109374
76251
950
3978
233
596
3868
8751
1084
1177
7254
6796
8754
94466
1212
2947
5103
2991
697
2856
930
3499
39
915
131724
1962
4459
71156
2841
2353
1923
1264
8580
9010
1023
3654
2331
1111
2112
1274
69
2750
106489
1260
4007
70286
2144
2801
6993
1921
4019
3275
22
4273
1856
3468
3676
6269
8957
36529
63131
7386
361
1046
7451
1361
2664
222
3054
88125
1019
5955
1663
7766
1298
97921
2018
31878
4128
3469
6440
38061
149
3081
1191
2496
905
67997
1333
7137
54997
5060
8972
106920
1271
6787
5225
347
8958
3152
1217
920
1292
3948
4616
115713
206
81932
33615
6461
321
2929
261
2065
1958
26524
86377
3256
3543
4928
1956
1061
4327
581
562
100
2138
55276
353
2240
3398
1094
69844
1183
1257
728
3083
613
3508
1081
3696
5765
3437
4299
99
935
909
95088
97
33639
1248
945
3196
3788
7669
6807
850
898
8917
3429
8937
5147
2872
86
3210
26729
5377
3037
759
3260
3357
5470
3074
4920
764
3703
8530
207
91658
85
3341
2989
1994
3545
5055
62
5446
36708
6104
1835
80489
2529
3494
2948
229
108932
3307
93510
628
151
27831
494
106438
4223
7063
46976
1939
5069
4765
3253
87232
2721
3681
907
2694
5522
8641
53996
2000
2912
2736
5971
1171
2524
132333
7247
5915
4799
6375
40819
64957
4010
55908
6565
4970
8542
2644
91094
4252
4642
7932
6244
8938
2612
91673
90428
26599
5878
2545
30749
2202
5064
5490
2125
1927
3396
3342
2463
4783
59784
30816
1253
1834
4396
3704
2330
6062
2488
3330
4369
5617
44199
1031
6059
54503
3925
49957
1125
3920
3966
2371
46322
2336
111921
1639
1946
55451
1966
1120
7827
5382
56251
2391
266
837
3034
1957
60756
4499
8645
81834
3435
1220
4489
80549
3203
2987
268
2627
2073
4432
3384
3133
4562
390
3718
2824
1202
7771
3947
4292
4711
2726
3505
80
58347
971
7091
7706
9018
339
8983
152081
2707
373
60069
443
72998
57243
6063
51540
135861
4190
53129
73344
7802
4117
7090
44555
3653
71033
8533
215
61024
6296
1256
8012
1411
99813
69481
64839
8368
92535
104069
5074
954
5679
54272
6187
104913
48082
4722
37741
3844
55031
87660
75440
7941
48774
492
1281
54190
3179
1354
4557
51080
66934
59810
89492
4903
2729
2420
39183
90405
3251
2843
27178
73587
55555
52435
7380
5500
4533
500
54001
3198
4874
7132
85414
65261
8493
61240
1047
933
3456
48304
2080
2572
58351
6620
2454
4660
1123
7075
140745
127728
140763
6033
107083
2029
140747
82608
140761
6342
59549
84414
103731
140759
142240
6369
4342
6769
27826
6770
5229
3575
1903
4724
147037
140743
140741
5264
8699
141124
130522
70762
140755
26843
54251
98933
140739
142068
26791
140751
140749
27700
7260
56339
49278
6235
86833
89470
102123
431
52328
262
1748
74727
27846
91500
96588
1238
946
1997
