user_recommendation
318
296
527
858
50
593
2858
608
260
356
1196
2571
2959
1198
1270
1221
1197
912
110
4993
457
589
47
4226
7153
1210
3578
2762
1
1291
1089
5952
2028
1193
32
1240
778
1704
150
4306
4973
1136
58559
1682
904
7361
1247
1213
919
750
2329
6016
908
899
1225
36
293
1207
541
4963
1208
1252
1204
79132
1036
1617
1214
1265
1259
3897
48516
1230
969
2396
1203
6
1968
2324
1732
2997
2599
46578
913
111
2797
923
2716
1219
926
364
953
17
2692
4011
480
1233
1246
1250
6874
2804
44191
5989
1200
1228
1206
1610
246
4995
588
2115
1961
6377
5995
4034
68157
2542
2791
595
6539
1304
733
3114
235
1148
8874
497
910
2064
1084
920
994
3481
2918
1258
745
922
4878
1393
3147
1278
4308
475
2300
1625
5669
1073
1199
1285
349
56367
2395
357
1287
1096
1673
1212
1276
2019
337
2502
1293
903
1256
8961
3996
628
3363
48780
32587
265
1060
4886
1254
109374
1307
2917
1299
1222
1262
1179
1172
2268
2194
3462
3362
2580
1945
50872
1266
555
78499
838
1267
1028
1077
1288
1097
1079
1090
5618
30749
4979
223
1939
5418
671
44195
194
1466
3730
8368
515
3386
898
6711
1500
40815
1094
471
1674
33166
54286
116797
3683
62
55820
551
4027
2501
106920
1394
57669
2871
474
1960
955
5991
2291
1411
1952
1192
1784
2321
74458
5225
2302
86
348
2289
2144
76093
1947
1356
2005
39
3504
1953
30707
4235
3671
59315
3735
590
86882
1641
2132
49530
25
1217
2359
68954
8970
950
11
1584
88125
2467
1357
2081
1035
905
161
16
3152
1272
951
1693
3435
53123
3317
1080
1374
1224
56782
921
70286
954
28
1220
232
2202
2020
81845
3421
2243
927
122882
581
7438
1231
1361
3468
5444
2231
2303
33794
106782
7090
8665
1292
2971
492
4103
3911
3361
928
34
261
2186
109487
5902
1271
300
1177
3095
72226
529
2076
1948
2391
1280
1358
1959
4085
2890
27773
3088
866
101
1131
1244
1946
63082
4014
79702
5816
1580
741
3686
1719
1234
81229
508
2248
69844
3724
1264
2761
3260
3341
3357
1927
99114
2739
5630
8784
3201
720
7147
64839
3469
2355
4037
3868
2863
3198
2750
2690
81932
2000
1923
3952
5971
916
1957
7099
51255
54997
3006
2357
5679
2728
3252
8228
1303
1248
97938
377
8981
41566
45728
2078
8580
3417
6773
1103
2105
58
3408
3527
1201
509
49272
38038
2929
1209
92259
2985
3359
5064
58803
1376
968
3471
1284
6942
1834
1964
69481
353
454
918
63131
900
134130
4427
44665
2648
3038
106696
31658
115713
81834
1994
54259
45722
68237
125
7451
7502
4720
96079
52
935
8132
54503
3160
106100
3983
535
2232
380
534
1269
6796
5103
233
4920
911
8958
280
1283
94959
3153
7371
35836
1020
3074
34405
30810
89745
6783
1296
61323
104374
7091
2138
6350
7022
4369
59784
3203
8949
3072
2973
759
2529
39292
5470
924
1189
29
1967
3035
1237
945
805
112183
88810
3967
2664
66934
319
115617
55269
2924
3256
1305
7419
37741
3000
1944
914
3246
2641
3134
175
6380
97921
7139
1178
3684
112852
112552
1235
1537
50068
230
55069
65261
2987
3213
1211
7132
1348
428
81564
3545
3499
1263
3101
1175
134853
3089
6187
52281
3039
2287
39183
1242
2726
2938
128360
2459
42004
2109
3342
940
1343
97752
7116
2712
44555
4047
3200
37731
5017
7767
3949
105504
7698
5377
44199
1950
3196
80463
3507
2920
115569
5956
893
3307
6787
5010
1845
477
63876
3007
3793
6724
281
2018
3310
7285
2474
8798
5135
3703
307
2203
6662
1281
5992
51540
85414
56339
4801
1147
73290
1921
3702
5782
2916
2763
3505
800
26524
2721
55247
1941
1257
3536
2278
5608
8542
4642
40819
98491
2351
1019
6979
946
1419
1029
2273
34162
3034
3270
1754
115122
4424
5812
7235
64716
88129
1185
322
2125
7072
2208
6385
2430
3068
3814
49280
26422
59418
32898
1729
2948
3910
98961
1227
5341
3448
48774
87232
915
2108
53318
599
2745
73017
3783
6918
8950
6530
3801
108583
39414
106438
3424
6502
27831
308
5500
1734
3406
55276
64957
2788
110102
648
3347
2919
3501
72641
1194
44974
2070
2406
2066
3524
1688
1884
4033
81847
4361
93040
3429
91529
3871
2331
27317
59387
1095
3328
7802
4263
3606
4128
59995
1261
2841
6987
3060
3791
4021
127152
56152
6777
735
95558
7836
121231
93721
48738
80
850
3104
1215
3036
108932
1408
1962
146656
91104
3916
4896
32234
54001
30816
79091
2612
2353
66371
1963
89804
3167
100714
6807
2551
4422
2010
7263
4326
907
3811
97304
1238
2352
1935
4914
2288
94466
5903
50641
2925
5244
93855
79357
93320
2131
5385
3102
6732
3071
2644
8933
766
112515
215
2336
91542
3543
68838
2366
441
1223
6552
1354
6254
2423
88140
48696
26729
59018
37857
1066
36517
54881
106441
107559
7669
1396
2935
4017
213
3037
81591
85342
1120
5013
8645
1050
6870
67087
95088
56757
2096
27803
3044
40629
363
48698
65514
2403
6001
943
412
93510
933
1104
1049
3275
6331
8366
1956
224
931
54995
116
5876
4437
6786
3747
5475
8636
27660
2344
68073
2245
36529
1449
3360
7265
6791
2908
4450
55814
2594
3016
2936
6565
5238
5398
6327
55451
1300
68269
1025
3175
2029
26326
4105
7844
2313
48791
80839
79824
41573
32289
26084
162
52973
7137
1748
3728
40148
3679
4616
1298
3844
38499
142488
2952
7123
55052
3111
1611
7926
2318
64614
4410
1997
31878
70293
1161
1680
4179
4553
4117
3763
2130
3594
60069
6436
6440
60397
7087
5146
5446
7700
4903
3020
52604
99764
104913
4821
368
1982
58649
86487
4428
74089
8123
8261
8264
26501
26797
53887
55063
96075
163949
101850
150856
104119
114464
112577
2137
3355
347
1191
42418
64034
7075
2085
2687
149
72
33171
40583
27329
7981
7386
3070
4846
556
96728
431
