user_recommendation
318
296
858
593
260
608
50
527
2858
1196
356
2571
1198
1197
2959
1221
4226
110
4993
1704
1193
2762
1210
4973
47
1089
1617
750
111
778
457
1213
2692
912
32
1225
589
1
150
1136
908
7153
1291
1270
2396
2918
541
2997
1252
899
5952
923
3578
1240
904
1304
1259
2324
4011
2028
1203
1219
1230
2329
6016
1265
58559
4963
1732
1208
1247
1073
1682
3481
79132
2804
7361
1258
1079
2599
924
1172
1097
745
590
48516
969
1968
1961
953
4027
2064
919
2542
1200
1207
1060
1234
1278
1288
913
3147
4878
1527
1214
480
898
1148
2291
1293
1947
36
293
1228
5418
1199
46578
1945
3996
1222
1267
1080
3462
903
337
5618
551
1276
8961
6874
5989
922
6539
5995
1217
44191
246
3897
515
4979
1090
1299
2186
4886
926
4034
1307
54286
300
588
364
1204
1212
3949
58
68157
33166
4306
349
555
30707
2132
1036
1953
1206
4995
2019
2020
4235
194
1246
2716
1673
1952
1250
1356
48780
2194
56367
162
2115
1094
910
1674
535
2289
1251
6377
628
2739
6502
1028
30749
2797
954
55820
1387
1223
57669
319
17
529
1244
2248
3362
32587
1296
2300
6711
1625
16
497
5816
2908
3307
2971
59315
2137
6
5060
2278
905
2890
3671
3000
1287
1954
34405
5669
1254
2501
74458
1284
3006
2395
1280
1260
950
39292
3435
1641
1994
33794
2352
141
3735
3083
29
2791
2076
1394
928
1084
40815
6796
471
3730
1077
909
2502
27773
368
595
733
8368
41
4014
44555
2318
1263
2467
1104
509
25
3471
1201
2863
3104
1249
50872
3868
1500
3793
1233
1215
1333
916
3499
1285
1095
3310
474
671
2795
6787
1950
2268
3363
56782
1192
7090
3683
69
2580
1955
3504
3007
223
76093
1959
2144
1272
5991
8665
80463
2731
1958
3246
5064
1224
1248
914
1189
6807
1884
2068
994
1281
2303
7147
69844
3317
508
307
1292
1939
4967
3033
3081
3910
232
2351
1982
800
1302
1374
81229
3967
2313
48394
109374
3421
44199
2973
1357
1449
2005
951
1411
3361
3256
3176
64034
5971
6870
109487
491
3359
39183
88810
2138
3152
3134
1264
4007
1321
1147
1580
933
3022
2125
68237
37729
89745
2067
549
1729
2202
5903
7669
8874
1262
968
1218
3089
5992
1103
1466
112852
1960
299
11
2243
7502
955
3468
1635
38061
3168
3451
37741
2871
106920
235
1256
2010
1178
3101
3088
2109
3527
63082
44665
1361
1257
2726
920
3424
1948
85
1805
8970
1283
73017
1231
81845
102445
6863
2357
3114
7438
1175
3035
99114
3983
2917
4641
1997
49530
1927
1269
3546
4262
458
2359
1303
68954
3355
52
1343
538
106696
3418
3448
3039
161
534
1120
3703
96079
728
247
2490
53123
4188
3167
2648
72641
51255
1963
930
3524
1029
2096
2732
52435
5225
97938
7022
2208
26729
766
3213
1227
3814
2612
1127
92259
134853
2924
70286
581
8880
6331
54001
222
6918
3629
5444
501
3037
1305
229
2935
6732
5114
5013
2231
8132
741
2664
272
7139
1078
106782
290
7320
946
475
3095
2245
44195
5630
1086
81932
7371
2312
805
2757
3724
973
3019
3916
942
3507
5812
4914
73290
3044
2176
3260
945
1653
6565
1860
306
87232
1035
116797
440
3476
68358
1834
1734
2203
2946
6662
2929
1957
54997
1211
3196
3198
2459
32898
3072
1916
91542
2160
6283
380
40732
2925
3543
1946
1358
8228
224
373
1649
106489
26242
1345
73
54259
4896
1245
2070
5319
52975
1354
115617
70293
3952
1348
1066
2391
89804
1944
49272
907
6380
4427
2366
88125
156
1023
21
40819
1393
333
40629
5878
60069
1298
8641
2932
1131
77658
7263
1719
3469
39
6987
7063
4450
1406
2130
56152
902
3677
7136
5876
308
1034
3067
2434
106100
2704
59018
915
2761
26326
1923
2145
2696
62
178
42004
3200
52885
253
79702
6852
971
4299
3015
1186
1663
6669
3358
36517
58347
7116
261
917
5147
7099
3535
73344
2712
2361
2273
60756
3100
55267
6235
4128
1619
2102
7013
3791
1572
1081
5782
1537
1209
8644
1934
927
3498
2288
4903
80748
8955
7156
3071
4017
6440
65261
8464
785
53953
81847
47099
7419
2080
3062
7143
1274
97921
1639
931
1124
2232
54281
556
13
47518
78499
1799
3702
2788
4489
4679
88129
1237
233
8239
6001
3201
6620
4304
6776
33660
1012
30793
3989
91104
6323
55269
2267
2284
86
3038
8208
134130
69757
1340
6552
3594
911
8784
1220
5475
30816
1019
390
86377
6003
56251
2131
4848
6269
6281
6218
1096
215
3503
932
4105
4326
3783
2344
3175
5291
1290
4787
7827
3068
3125
2563
8042
1611
31658
92
105504
98809
3105
3016
176
3178
6286
4623
6985
2099
110102
6350
4880
54503
8154
1964
8493
3386
3966
94466
3917
5446
230
3741
357
1396
531
3275
7137
5238
6273
1845
116
4642
54372
838
7327
5055
4483
3060
30
3252
6773
71108
4103
2947
31184
52287
62849
69481
6979
594
93840
5300
422
921
8477
5152
4661
62718
31433
96829
68269
735
6754
3030
51412
3505
1135
40583
7323
4422
268
1179
2693
2553
116897
93040
4016
6666
89864
2694
56145
2920
1956
86882
102125
3135
3112
8807
2167
2984
668
4349
7027
55250
60684
2360
6881
4322
2529
3508
8958
68073
2073
477
104374
5747
30850
5791
3210
67087
2944
61323
3194
3684
6975
632
53
850
28
26614
2087
64614
1584
207
1130
565
109249
45728
3306
66097
2442
33004
2078
5269
59387
1255
55442
34321
348
2118
115713
58295
55276
7285
1238
7256
59784
5010
2644
44974
1300
6101
2721
7373
5341
3655
51935
5608
106471
73321
8957
88744
500
94959
4054
2968
7482
1271
1941
3512
63876
7132
40148
112552
613
122882
1797
89904
27478
3788
1171
7386
25750
3477
72226
65216
27831
27423
3545
25771
6125
45950
3467
5772
48165
3653
281
4095
4518
1819
4591
4076
