user_recommendation
318
260
296
858
593
356
527
1196
50
2571
2959
2858
608
1198
4993
589
1270
1210
110
1221
1
1197
5952
7153
1704
58559
2762
4226
2028
1213
111
912
457
3578
1089
1193
778
1208
1203
1136
1291
1617
4973
364
1240
150
32
480
745
541
47
2918
1682
48516
2396
2997
1225
6016
908
750
2692
4963
899
1304
904
7361
969
588
1252
733
4011
1265
293
1148
913
1200
1258
2324
1732
1219
923
2599
79132
2804
6539
1247
1199
4306
1214
590
3996
780
953
2064
1097
1259
6
48780
919
920
1036
3147
595
5418
1228
44191
1387
4886
4878
1172
1230
2542
2329
1079
33794
5995
1393
2716
2019
1961
1207
8961
59315
924
1276
1060
1222
4995
2797
1288
349
54286
497
3897
32587
1968
903
1674
1250
68157
1212
1307
1580
6874
1947
1246
3114
905
1625
58
1234
68358
1080
898
4027
319
1267
50872
246
1073
55820
1090
2580
33166
1233
1953
2186
3949
5618
2502
1356
3481
3462
51255
508
357
1206
1201
474
44555
40815
2011
141
194
36
232
1293
2712
1223
5669
671
1084
76093
3421
910
5989
1945
78499
3510
922
6377
44665
2115
2125
1035
377
440
74458
73017
2194
1997
1610
2739
4308
628
950
1217
954
1584
46578
11
2467
926
1204
1954
720
1280
30749
49530
1957
3730
3435
3735
1729
4979
2005
7502
2501
475
1215
555
62
49272
1287
1094
1376
805
515
30707
3307
223
838
21
16
911
25
5010
509
6502
44199
337
1952
1923
4235
1834
2690
2268
54997
3471
3363
235
1784
161
345
4034
1269
112852
1028
3952
3198
2890
994
3083
2917
1263
2761
8636
471
116797
916
2300
8874
109487
1641
57669
2318
5903
1262
69844
1218
3793
928
914
70286
529
353
1244
2795
8368
80463
89745
109374
162
3948
2406
81845
3176
7147
1278
1500
1299
3104
5991
34405
99114
1192
56367
2289
88125
2291
5064
54503
1254
3548
1220
2908
2357
1394
3255
4262
1272
8665
106782
2871
68237
1088
3468
8132
535
3007
1257
1059
2137
27773
2248
81591
306
832
5816
3035
1916
1885
3095
3527
3101
3916
2359
2395
69757
261
2243
5971
88810
27611
1284
8981
91542
2132
4085
110102
1248
4016
1537
7143
1552
1238
1374
368
1994
2971
1086
104913
5956
106920
1066
1407
3160
2490
2020
946
69122
3499
3246
2202
6003
222
412
6711
1982
54001
39
17
73321
1358
1927
2987
3081
31658
2068
54259
968
3196
39292
3408
72641
6565
7438
1209
3683
1260
1950
1939
52458
122886
1302
307
3359
951
1264
98809
91104
1227
8970
3000
1237
1211
3512
4105
123
266
6669
6787
3983
1333
4007
930
1827
5630
6380
4427
40819
102445
272
1527
6796
1251
3310
59369
942
67087
122882
4351
3742
2841
96079
224
3006
1019
2144
1224
648
92259
94959
88129
85414
1321
2344
1959
2863
1178
2434
1948
3671
134853
56782
741
3868
2791
106100
6235
1380
86882
81229
5992
3358
3418
29
3811
2648
5902
800
63082
2846
3088
30810
262
3022
6979
175
4225
6708
8957
2529
81847
3033
6378
3362
87232
3100
142488
348
112552
1256
85
2087
1131
3414
4896
1231
45950
4103
53123
3200
122900
36931
27724
115713
431
53996
3203
2232
38038
2331
8641
69
134130
6333
74946
106696
3044
2109
3134
1619
581
2351
3317
106489
5446
3617
1466
2612
4489
562
5878
2819
1175
428
1620
3791
2078
3451
6281
1810
1663
3653
1876
56251
1077
5444
72998
3178
7371
156
71838
69481
4304
3703
1946
7099
1960
41
3252
915
2948
2944
3071
1189
4914
2935
1366
37729
299
4642
2520
933
4187
3038
5673
524
55069
309
56145
116
51935
866
1103
3152
3386
927
1283
1673
3364
3355
1963
2961
7137
1616
6269
4450
3504
1962
3424
1944
3068
62081
1127
4019
81834
931
26242
1095
3505
2066
2278
7373
2303
60069
6662
2245
73
106072
4321
2203
940
3098
3360
534
2726
6187
97304
6773
4679
850
55250
84152
81932
2352
62956
3551
3967
3365
501
3089
26524
3429
3911
7386
1271
4128
1021
2288
1794
4483
51412
81564
90428
973
4033
86377
3448
1860
3201
2391
33493
314
2208
4086
1305
41566
6218
55267
9018
91673
7932
4252
26599
1023
6918
1029
3545
146656
5055
6331
8938
31410
3676
1300
4140
4520
35836
2366
4190
5013
2929
87306
40629
4054
1357
1292
146
4299
4191
3361
2058
909
1049
290
3350
6643
1688
6732
3469
1032
96821
4816
2076
7767
900
1955
7263
2119
2096
680
647
3125
1112
443
62374
2463
3543
5103
2936
2443
1130
8972
106438
5876
4623
89804
4277
6001
230
6870
6450
308
1096
73290
60756
2620
6986
3917
4466
4945
7787
106471
945
1281
7090
27803
3654
4765
1884
1120
1754
7136
3706
2336
2920
64620
8228
148626
6440
1408
3256
44195
7451
68954
6244
2984
2624
1449
59018
3194
907
268
8955
7063
2138
1942
921
105504
1268
56152
7027
1361
3062
6664
65188
4017
265
36527
3801
2670
94466
632
88140
115617
53
6959
943
6869
80748
4681
938
1303
4357
837
2081
8208
3300
8933
2070
68269
1937
492
26587
58295
89904
37741
40583
64839
2176
3702
27846
98961
4014
2080
4369
49278
71429
4661
2788
73344
3167
2731
7293
41285
5812
7320
1330
54372
2664
3565
1649
932
59784
6993
477
1912
613
67997
3328
2067
1958
31878
6620
52435
766
2010
1081
93838
8950
178
4010
6350
6286
2924
538
1747
122892
3159
1934
7116
57368
26662
26326
8880
668
4062
54881
26729
3181
1797
2
1298
51540
6783
1255
26776
3508
5791
1124
2553
79824
41573
48791
32289
80839
3030
99764
4188
1719
30816
4616
3478
44633
2118
52281
60161
3263
66934
2454
36529
3175
85342
7022
514
7256
4873
2363
5291
2729
1354
7285
3020
8958
80
111362
2102
2572
3034
3260
5114
7013
72011
99813
321
104374
68073
3736
55721
280
6283
3507
3524
6807
3910
4978
65216
4822
