user_recommendation
318
296
527
260
593
858
50
2571
608
2959
1196
356
4993
2858
1197
1198
1
110
1270
589
150
47
4226
457
1210
912
1136
293
32
1704
7153
1089
1221
364
1617
2997
2918
5952
1193
778
1208
223
923
1240
1225
1213
908
904
4963
3578
4306
595
6016
1214
6539
1968
1247
4973
1682
541
913
969
1291
1252
1203
750
111
1961
58559
2502
2291
919
2396
1265
79132
2716
2762
1207
2028
1222
2797
2542
1035
16
1278
555
235
1394
2329
1200
1073
899
1732
1219
44191
4878
745
36
1230
1028
924
2692
2599
497
4011
4027
903
590
1276
1220
1148
3421
265
1625
2115
910
480
161
6377
2324
898
56367
741
3897
1259
509
1228
3996
246
1199
1246
474
68954
3481
2395
48780
515
1729
3671
55820
6
1060
3793
1234
4995
5995
11
1263
1233
8874
1250
29
5618
1500
8961
5989
1267
337
588
1172
1258
1288
475
1304
48516
68157
2064
353
471
1580
950
1215
33166
63082
1079
1204
1036
3735
953
551
7022
1947
1307
2804
1090
1206
349
926
4034
2917
7361
4886
1084
1674
2076
1610
50872
1527
508
1103
951
1953
1097
2268
1269
1673
4235
32587
3471
3114
56782
2231
3462
735
2501
6863
2194
17
64839
1077
1641
8360
280
348
671
4262
1080
1212
6807
3868
7147
1094
3468
928
3362
232
3147
5444
1254
922
2795
272
2300
5812
33794
954
1293
1194
4239
1952
6942
1960
2019
2160
1959
1260
34
1217
1653
1095
720
1466
49530
955
920
534
1266
81591
70286
553
1256
78499
28
116797
7099
3683
106782
6874
1257
40815
2871
3363
5971
86882
27773
905
3006
1292
44665
1356
2973
4361
2289
1945
2924
48394
40819
1784
68073
2243
1464
4467
4014
1299
3039
3448
2739
109487
2788
1244
2232
357
1282
74458
2580
1284
2318
1411
4085
31658
58
3499
2321
3256
72226
4848
3788
2352
3949
194
60069
5114
88125
1238
1343
115617
307
5152
3022
2144
916
2467
1096
247
1223
4007
175
2202
1175
2712
3000
46976
25
6380
109374
1594
648
933
3317
3175
8132
914
7802
6979
1272
8368
7090
6188
805
3355
800
2359
58803
2763
1967
1120
1357
3275
308
3408
92259
1927
6502
5816
1333
57669
1261
2248
134130
2312
1281
3070
1231
2005
3435
8807
477
30816
314
965
946
8493
46578
1287
3358
6440
1305
431
76093
733
81834
54997
5103
41566
81845
3020
65261
2490
2391
452
5064
30749
2916
2908
2140
1178
106920
62
54286
390
4696
64957
3510
106489
1243
5010
2078
5299
3104
1179
4865
6620
1921
97
3095
942
80463
3420
1754
5418
44555
3213
7844
262
5991
290
6218
3201
3307
134853
994
2791
6350
1285
3035
26152
162
531
535
5630
2474
49272
1280
4326
5446
3424
44195
5791
1131
1211
3359
33493
54259
5903
98491
306
1086
6618
69481
3068
52
501
59784
6796
529
2968
31878
412
7502
493
4846
8633
2186
3033
69844
3081
930
3791
2780
1954
2020
3469
3730
50068
1249
1218
2563
911
4450
8949
6565
88129
2880
876
4565
4567
4717
4442
3198
95510
6870
68237
73017
3543
1277
36529
3627
1227
104374
3100
261
163
1088
112852
45728
3038
4103
309
2336
319
3089
2041
1185
106100
64716
31410
81932
2687
7438
38038
3504
1476
339
4121
5460
428
1956
69757
6385
3032
628
2952
3037
85
6331
766
2890
2944
3251
3771
34405
1352
2267
2690
8950
1366
59725
2070
921
7013
69122
1957
945
37733
5782
2987
4223
1147
6269
4304
565
2935
4489
3272
61323
7235
3019
66934
4518
3088
1237
1387
1563
4076
1819
5427
4930
4591
4796
3892
1450
2303
3111
5500
3044
47610
93721
6378
3952
8970
4459
1042
1994
2761
96728
3152
48738
4979
2985
907
52281
1262
1192
1834
7116
8751
2971
900
538
3814
5669
2863
3429
104913
3361
96079
4166
2357
3702
4623
41
1289
97304
56152
2125
7451
380
915
1201
1680
3686
6954
968
3703
230
1302
3745
4037
6461
8754
106916
108981
2065
112552
7139
6436
80
3653
34332
27831
7137
8958
2612
927
33660
7386
4787
4406
6947
2288
1649
108727
81
4263
102684
6273
37857
2331
147
1997
2066
3556
524
4642
81564
2366
1248
4465
1449
213
3418
4321
229
7757
2729
5060
178
1273
647
7064
1300
94959
81229
3739
3310
55069
6001
1912
3298
4427
3701
6787
6452
6669
3134
1395
2764
3879
5074
440
281
2801
328
86
4033
4466
4945
861
2208
2011
3034
45950
3167
1374
37729
3910
3973
81847
7075
5540
3741
1948
2819
1964
1845
4299
581
1797
82459
89904
26776
7285
2463
1393
82
52767
6419
3451
1321
96821
2459
662
4148
3102
2138
4308
373
156
3983
99114
1330
5377
4873
30
139385
1283
4352
2792
48043
4783
26554
2852
233
55290
1873
8641
2611
140174
3916
4522
4617
5960
4088
2132
115122
3252
5225
7156
7027
63876
86377
34542
2118
5218
54995
53953
55267
2106
4133
3681
2165
2302
2951
3153
55765
7132
2108
2875
26524
76251
322
87232
3789
3713
114060
54328
3396
50641
122900
8645
6003
866
71264
215
2938
1962
423
101525
2686
93855
93320
5244
108583
2644
1939
6235
441
74727
5992
105504
8530
115713
2012
1955
52973
2648
4628
61240
728
53956
27660
26865
3905
6281
86320
64969
1224
1799
3365
1963
26662
4448
616
650
89745
54503
5014
2926
3360
64285
6367
3612
947
30810
1950
3007
1235
85342
218
5732
4128
6283
1029
73344
8183
8938
112183
1245
79357
1264
2726
47099
80489
39292
5049
128360
59315
7419
7254
6254
4978
21
1013
108932
4017
5146
1209
2301
1619
599
3347
91673
26599
7932
4252
492
1150
9018
1678
7445
2936
3219
4478
4349
2423
3629
3203
2203
3016
33834
7566
3725
8019
8638
90428
4117
60756
3513
98809
4889
3512
5820
973
27022
3083
49957
32525
2184
125
2096
72011
8784
1186
300
4616
73290
45183
971
3342
5414
