user_recommendation
296
318
50
608
260
858
527
1196
593
4226
2571
1221
899
457
2858
47
1210
2959
5952
1198
1270
541
4993
589
1617
293
904
32
111
2997
79132
1193
912
356
1291
1136
908
1252
903
1704
1225
246
1
923
778
1213
4973
1208
1089
58559
364
1240
3996
150
1267
2300
7361
1214
5445
2324
2918
7153
1265
953
1288
1035
1247
4886
1259
745
750
913
337
1094
6787
1997
3578
3006
3481
2572
1947
1197
2289
1148
82
5902
6539
1580
2599
648
1200
1961
1307
1079
2081
2396
110
1968
1955
1073
1212
2064
2692
2194
2395
38061
2797
1234
1263
17
1258
1203
2502
306
44191
232
2019
1207
1394
926
48780
3671
2243
1041
121231
994
1673
4034
8961
1250
2318
549
969
1172
3083
3735
6
4979
515
924
3210
48516
2115
3983
33794
106920
595
800
300
149
6188
223
555
1228
1732
21
4361
32587
349
1036
1244
4903
26587
5995
26131
1912
1449
4873
3266
3320
1859
4731
3915
5071
5893
4302
5477
86781
2987
3317
162
1278
4056
596
1081
54372
3730
115569
29
4963
1682
3300
103228
59315
51540
2890
3246
1060
69481
33493
60069
3707
497
89492
590
34
1186
3504
1201
3039
1175
3104
1179
905
6942
76093
1222
1209
33166
176
2232
49272
910
44199
2028
911
3949
1304
2804
1223
3000
4235
2291
357
1573
54881
4878
1230
4015
90428
3683
2529
68358
1287
11
307
588
1293
480
3952
1280
3101
720
2947
2973
1276
39292
1219
2716
73290
919
914
1192
471
2871
40815
1945
4489
1960
6502
1103
951
111759
2010
733
36
1380
2303
1674
2391
26729
728
1954
111622
1080
109487
6932
7034
134368
4011
62511
107910
116897
65642
51080
803
70336
4210
3435
42718
2005
67997
3476
950
81845
8914
2096
111781
161
431
1206
78574
1231
272
91653
141
7502
3703
3868
73344
87520
373
1957
3471
68237
265
1387
8874
2746
1218
538
1921
1095
2140
1189
123
3030
49530
1272
1127
6711
2248
2137
500
1689
1284
1282
898
5618
2925
922
3362
215
909
1845
1104
1097
68157
556
2329
4027
3505
13
2321
440
377
1249
3261
535
1466
1260
2020
2078
69844
2138
89904
8798
5500
2971
3129
233
8641
1254
2762
475
2118
2929
2949
48774
928
106471
3984
1584
1135
1256
2626
3524
1357
30793
942
88744
7451
1625
1333
8638
1956
2413
6440
56152
1286
1951
8361
5662
110102
4033
27846
1361
1953
6650
1834
4029
5669
2542
54286
933
4623
6327
920
805
88125
5135
2186
27660
3948
3033
2993
4755
42418
90061
112852
55820
1958
5617
100556
4322
1264
3633
6807
3882
955
5956
68159
16
6271
6975
3175
134393
1086
474
2108
86833
3536
101
4017
6944
4678
1566
8132
5269
4914
140174
2594
114635
1032
3794
107406
87222
26152
112623
1546
2905
1827
4271
2983
1860
3128
3728
83827
4079
3010
3571
99811
7484
74649
140267
59126
56563
5515
8264
44788
80906
160567
5075
6816
6641
149406
159858
94677
90531
3152
4066
4144
3569
2313
2144
111443
117529
111364
3298
1396
2231
6333
8917
1227
104374
45666
4728
31658
69524
4776
1022
2011
1302
52
1023
3060
115149
308
48385
3015
1096
5010
57640
2478
1927
1171
1013
4014
91529
77455
1411
6796
1285
60684
4446
1297
2208
47518
80
85774
4713
551
4718
80489
50872
1464
1719
222
741
154
86882
1952
56251
1266
5954
54503
91658
178
112138
54001
7669
70293
1950
175
3160
3108
54259
4571
112556
2288
3088
3499
194
6350
3635
1233
1416
7090
362
68791
2729
2694
1029
8957
3409
3307
115713
3265
851
2846
5291
5792
237
2406
2357
4848
1734
8533
1147
5418
5060
2284
1916
2968
319
1251
85414
6242
2978
412
27611
917
164
86377
91104
1688
1057
54281
1653
10
3545
60756
31696
1188
671
163
7569
1914
81229
1084
2912
3994
299
6380
2090
2580
1283
1275
6957
134130
508
1178
1883
88163
2707
92535
64034
41
37729
65216
104879
1173
524
58
4007
97866
2125
1261
56145
575
7013
2924
616
53322
2690
5991
3527
105504
1428
1575
301
66097
1913
25
5064
2102
5903
53519
309
1185
6254
1944
1176
4816
213
2795
111921
3359
6867
3198
3070
3897
2951
7827
3107
1748
368
4738
5339
3360
34153
3706
55276
492
2788
235
5989
2944
2687
53996
52287
3363
968
5816
2133
93840
1296
6331
1964
4005
1242
139757
146656
2160
3739
7116
2310
111362
1292
2432
1237
2612
262
34542
1635
6870
3089
102445
39446
562
45950
104069
3095
4723
33154
2355
7560
3396
5673
6378
76251
2302
5152
3854
1974
1269
156609
106332
90600
599
7008
137337
69757
6016
62434
2143
1605
742
3112
2263
6979
1754
83293
5000
60295
97393
7028
60766
158238
7010
86898
59519
8582
115502
6442
158528
5346
96488
50851
67665
2202
7235
3361
6273
25947
32525
5114
149354
1077
1027
2917
148626
353
2023
7123
5319
104211
90249
3274
2167
142488
7380
3451
1238
58347
31433
62718
52885
81834
5812
1939
51255
930
1729
3071
392
3019
7265
57669
1248
2387
1694
1376
921
99112
112370
1246
2752
3020
1300
1959
3546
4262
107081
1290
2810
3617
5008
3638
5293
4037
45
531
52435
4701
3420
93510
3448
7143
2312
8910
7040
927
1245
3365
147
2268
1835
1262
1343
2463
2165
3301
3196
2648
2112
3510
101864
4086
1476
5957
954
81847
2335
2739
4616
2359
54997
948
25850
4349
47254
6461
5828
3677
55290
2070
3429
68954
2097
6286
5971
84152
6586
43921
3702
632
268
53
850
1752
1177
1131
1180
3355
458
49286
3503
454
7773
39416
55577
48877
2501
973
1015
290
2433
2080
2664
7360
3556
3062
2671
1904
97304
3791
2819
370
708
4499
92259
31184
1271
106438
1299
1683
1923
4016
33639
900
247
98961
1202
3111
3022
915
4720
80748
168
1014
27721
66297
3255
1277
4369
71211
3201
55250
1797
1643
3007
3342
2524
8157
7027
8958
261
1408
1132
