user_recommendation
318
296
527
858
593
608
260
2858
2571
2959
50
356
1196
1198
589
912
1221
1704
111
750
1193
2762
2918
47
1617
4993
908
904
919
4226
1210
293
1270
1259
1968
1213
3578
32
1208
1089
457
778
1136
1240
110
1036
541
3897
2997
36
2028
1288
1207
1197
1206
2804
1673
58559
480
3996
903
1225
7361
1097
6016
1247
1214
2692
1732
3147
2502
1258
2329
924
1035
1200
223
1219
590
3481
2797
953
899
1291
2144
926
1
1228
969
1252
48516
1250
2291
1073
150
4878
2599
1393
920
4995
1220
55820
1233
595
5952
1215
1060
2395
17
2064
1961
79132
7153
1230
5989
1079
16
3471
4306
720
2076
337
2324
1203
1307
2268
1263
1222
246
6377
551
3039
1682
46578
745
4007
3788
109487
3362
5995
175
364
2318
34
1235
913
2501
1272
162
2716
8961
1952
2231
6874
1293
1094
6
4963
910
3196
1028
2289
56782
555
6539
3114
21
922
515
1912
48780
2791
2359
4027
265
3160
48394
32587
1262
29
509
5669
2542
44191
1584
35836
1246
2303
1299
1234
3363
1610
2145
68157
1267
2141
1223
6711
3421
2987
597
3006
5618
3499
4011
3504
7147
2132
1265
596
1947
106782
3317
508
1192
1249
1095
6942
2019
176
1090
7502
911
531
2871
4085
2467
2115
1023
3730
6787
1148
2160
2194
3468
1345
33166
2396
5782
1884
44195
1500
1287
1120
916
6796
1361
1264
307
4979
3916
3034
1204
1285
968
529
2985
1449
3654
1997
262
3911
1343
1077
3671
4002
2137
235
232
2971
475
3469
78499
8949
4034
5617
1189
8228
1464
5377
86882
3246
1212
3424
2391
306
1953
2186
1394
82
1172
233
5010
538
4262
33794
6440
1527
4973
2087
206
3683
1175
230
72226
2138
56367
5445
1945
80549
2973
1466
2761
1960
79702
474
2005
3462
89745
2463
1199
3545
92259
28
8368
1096
3201
2944
349
1625
8874
3435
2788
3198
121231
1641
64839
1784
27773
3361
1244
149
2300
1271
3429
3476
3095
556
69481
2174
25
76093
2947
1179
905
1921
1305
1959
3952
866
38038
1261
3510
308
3108
39183
3814
3948
4450
5502
272
3272
88125
8981
4427
40815
5500
1260
4103
3418
928
2739
33493
81845
2459
39
1357
1103
178
2020
1224
1387
4903
2243
4277
154
1927
785
4641
5103
1719
3210
1635
521
3037
7802
342
1188
68135
68954
8958
1674
3868
5505
4246
69844
3152
30812
3949
3526
994
2010
4235
4848
2125
2108
1939
106920
363
11
3035
1964
6993
3879
955
898
6870
4361
2313
1266
4406
1256
81847
1358
671
1231
4033
3252
1086
914
1845
1994
60756
40819
3359
588
81834
1029
8665
2580
8798
2302
213
1171
2572
3724
3983
3501
3168
69122
3167
1283
1517
6979
87232
6502
2078
7451
1101
1374
3135
1957
61323
392
59315
194
7438
2664
1754
917
222
4720
31193
5971
3062
2553
1185
943
4128
1982
3386
3255
2284
1956
2102
3262
62
1347
104374
6807
2301
3067
80
2081
1923
115569
3030
3414
102684
5418
6565
108727
108981
2232
471
1748
759
5060
1191
3676
61240
5679
380
1537
5225
2245
1810
2321
3543
161
8970
39292
2949
6266
7375
3083
7386
2594
77364
1747
3088
1333
3703
2912
59784
55280
61250
86817
6332
2917
4886
26974
3253
90576
52973
229
73344
96728
1580
4117
1321
1948
1302
535
6188
3396
3527
3989
88129
1721
52885
55765
97957
1025
8910
534
3175
7090
562
13
3101
33171
2721
7285
92494
3216
40412
3016
82459
492
2366
3019
7096
1280
6299
4029
44665
3081
1354
280
361
954
348
8638
5444
2890
1129
1084
3194
1217
4537
2545
54286
2916
3735
6954
921
33660
46723
37733
163
156
3104
1047
3702
8873
1237
2690
3219
34405
6104
8950
8784
5008
628
7156
4489
94466
6957
3498
441
44199
3546
1178
5876
2460
7698
2312
8636
3000
4017
4754
549
357
909
3044
101525
326
2626
51540
1955
116
2420
6214
2648
3551
431
140174
6003
97
347
4271
2908
3342
2423
4967
2857
147
1292
1344
3298
4658
55118
26587
1104
1227
7022
4008
7254
2712
1111
68358
2671
8754
3725
733
647
80489
7767
64614
4776
6461
1356
3089
3203
1611
428
1916
116797
6063
4734
2018
2866
50851
3063
71156
1797
581
4273
2968
131724
5349
184
2746
3529
8191
26729
2442
30707
3728
2745
6187
38061
1232
115713
5074
1081
4914
345
1958
1734
1954
5299
2398
4616
1276
1131
42004
5379
1616
6184
4016
1209
4465
407
3200
51662
2725
2495
4327
49280
59418
26422
3871
1257
30
56339
2066
54001
31658
3457
501
390
3068
741
4292
3072
8239
2071
59387
3556
95510
55269
7256
69
3963
3505
2846
14
4322
3022
3334
800
5269
66665
5630
8376
2140
53996
95088
2901
4338
50872
5028
8366
1177
70286
146
1304
6783
7649
2728
5747
1962
45
550
3360
68848
126106
114060
6620
1483
4351
60069
7265
3987
8807
1150
5955
26150
26578
52617
3415
7574
7564
872
2280
86
5002
121
8645
26258
2726
6777
7091
1019
6666
1254
3994
8751
2357
3448
2202
66203
2336
34162
69134
2757
5954
52767
4584
3341
8933
3943
2287
497
1348
3831
74458
1949
3112
3696
6708
3213
4217
4881
3451
2109
946
300
3020
1950
8957
8580
4086
805
46976
2929
3011
279
8533
26472
4270
1423
3609
5544
5801
5238
6770
93510
1057
3679
65261
3107
5791
1085
106766
2926
1274
4179
86320
7075
47099
2936
3738
832
2406
3098
2488
2029
7215
1392
7380
3474
3036
3077
66097
42418
139385
6724
7063
190
2490
373
1046
1042
4359
4090
2131
261
4571
2682
85414
4334
663
52
6986
1680
219
2819
5398
112556
3186
7137
67734
1211
2023
4066
5765
4630
9010
3437
3789
1396
1904
1248
988
1965
27329
1241
3358
4308
1941
2693
7787
27478
4105
4321
2686
3967
4437
900
1411
26131
5147
8937
2337
5107
4190
2165
