user_recommendation
318
296
858
608
527
593
50
260
2858
356
2959
2571
1197
1196
293
589
1221
47
111
1198
1270
4993
912
1193
110
1704
1136
2028
1213
778
1210
1
4226
2762
1240
2502
32
2997
1089
6016
541
1208
3578
223
1206
2918
2692
923
904
2542
750
5952
364
1968
1247
1073
2329
1617
908
1252
1259
1036
595
1258
1291
4973
1278
1682
899
913
2291
58559
4878
79132
1203
555
55820
457
150
2324
745
1214
903
4011
1148
1219
7153
8874
7361
1200
265
3481
2599
1222
2797
6539
926
6
48516
1207
1225
8961
969
1233
46578
1961
1673
898
2396
2804
1732
4306
1276
25
1256
32587
2076
56367
1610
1199
2716
4963
1080
924
953
2395
1215
5989
7502
1060
1230
5995
3671
919
27773
509
2712
733
5816
1097
1288
29
1265
1394
272
1228
1172
56782
1625
16
1250
910
1953
1090
4027
1079
161
57669
235
3471
81591
1084
3000
232
1234
3897
480
1299
1729
3996
2318
2160
1500
1204
920
6711
1242
17
36
1580
1220
3735
412
247
6796
307
1945
3499
1285
306
3147
44191
1244
2194
78499
63082
175
1653
508
8807
2268
2917
2580
905
48780
246
1077
922
54503
3788
3363
1947
2064
2115
4262
2908
3448
1212
2739
1952
955
58
2303
951
3421
2019
4016
3504
5444
3201
3468
3868
2336
2232
1254
475
2144
1272
1096
1269
337
5060
3035
28
728
3019
2288
2300
49530
5669
109487
106782
1267
968
1235
1266
2243
4235
68954
6807
4571
3702
3683
3362
106489
6863
2231
1292
471
497
6377
3793
1954
1035
1466
1249
1246
1333
994
1674
2186
7022
1307
3418
3358
1287
5377
3435
1223
1356
3469
2105
1224
741
5956
950
54001
1357
64839
308
3114
68157
79702
3033
348
373
69844
1293
3462
3034
31878
88125
3543
671
319
33794
69122
3451
1094
431
349
1103
1411
1304
2761
3424
954
3556
44665
2109
1095
4128
800
1263
2463
3359
474
900
3262
933
1305
3730
720
1231
3081
928
1298
1784
1243
3095
2924
4467
8970
3088
1960
2289
2871
1361
3037
1958
1260
3510
50872
8360
2359
30825
3949
1927
735
6874
581
2947
121231
3317
2973
3546
2313
3307
96728
1238
6440
281
1201
280
2987
3068
5225
86882
1120
501
1921
1262
3198
81834
7254
805
2971
46976
106920
5418
1217
115617
8368
1343
68237
3498
6502
4848
8950
7099
7802
1734
3072
441
6979
551
1209
1934
48738
4239
40412
1449
213
194
230
2391
911
1302
866
92259
1047
529
5903
1257
3020
11
909
89745
31658
21
3256
122900
4995
4034
33171
553
916
96079
163
6350
3030
2467
2005
3200
1374
1147
1192
946
1939
81845
68073
2857
4896
515
940
40815
2132
1211
81229
1275
945
4361
45
1748
3152
1688
1956
3219
2501
3196
116797
2529
2041
1227
54286
3067
6870
5505
363
3213
1594
914
27790
26974
97957
92494
3216
4754
1464
3476
3016
1264
40629
6214
3272
30810
1982
109374
70286
26152
3467
112515
3168
4846
4696
3342
1641
1029
47610
33166
3153
1282
3203
206
1964
907
88129
8633
2935
1261
2690
1086
4450
1527
5064
3108
428
492
105
8132
2070
322
3022
3039
1476
38061
8493
122892
321
6063
7451
34542
3360
314
36529
74458
921
4979
2841
108727
108981
102684
68358
134130
1948
353
2780
4717
4567
4442
4565
876
2880
4566
2352
1957
3429
3686
1584
3104
1942
2125
1962
27904
2968
521
52
48394
3627
71264
54997
39292
309
3814
2919
1066
4007
7844
82459
67997
538
55269
51540
2020
2912
7147
1284
1191
34405
61240
3006
1283
72226
3175
3791
965
3508
6787
452
2459
5971
2065
3275
1845
590
5812
45728
5617
3529
99764
2788
61323
4166
30816
233
1081
2664
4103
40819
535
3696
1944
2728
8370
7235
94959
80463
26084
2023
2594
2746
52885
54881
4223
82
134853
2474
785
279
3654
1178
2938
3943
8873
1754
69757
3181
8641
6773
942
34332
5460
5630
125
947
3420
3548
98491
3070
3653
1663
1950
8228
6669
3725
2795
3437
5765
9010
73017
5955
64957
1344
1175
4121
3386
6001
4326
7256
27592
2700
1483
34162
96829
1046
7064
7143
139385
3565
3494
80
63131
3134
86377
48304
1429
108932
2203
380
5791
1963
973
7445
7063
6713
162
30745
616
4489
1281
97304
2138
3167
6618
3629
3672
74727
3089
3910
1277
80489
1082
3111
5152
8645
2208
2096
2495
26865
56251
4886
1959
2929
7757
5388
85
4105
3811
55290
3071
112552
3526
4921
4616
37733
156
390
1395
3252
1912
377
8949
93510
2117
7139
2280
54259
1271
5146
1387
44199
112138
3507
3929
97
2118
1023
95510
51935
835
1931
8827
89904
3505
1428
1575
301
861
44195
2248
1649
3685
3967
140174
1104
5103
7156
4029
2721
2926
30
949
3606
54328
1345
262
2660
26776
4873
1611
101525
190
3706
92535
41566
93721
4630
8937
3038
1179
91542
6323
112852
104374
357
27721
64614
6732
915
3365
6662
507
1274
1289
6565
5782
935
2366
66934
3844
2331
4459
81156
2763
69134
27831
86320
2009
4407
3341
178
55274
67788
4085
6188
2648
5010
1916
114060
1366
18
106100
3512
164
127152
60756
299
1085
930
6598
50851
126106
6620
58803
3501
534
72171
7569
1635
7132
48698
67255
1173
5074
38886
7013
6461
39
3062
901
5618
2951
3097
2687
1983
5121
2901
2686
423
1218
7827
531
4133
6405
8958
2165
8580
8607
3911
5876
71
1226
3612
902
27329
3861
3952
41
3355
2802
3007
1251
3069
2131
2545
2764
3044
3032
52328
3135
33834
45183
3905
26554
2936
2570
1994
26712
52767
7566
49278
2810
2846
73268
1938
838
4533
549
1321
8798
89864
1177
1564
2872
160590
139116
139757
85438
127108
86000
74754
107978
100556
54256
128620
79677
148881
133771
93443
96467
7323
84844
116
6743
77455
61024
146656
7355
30749
71033
3763
3771
2267
99
86
81932
2130
379
5540
2693
