user_recommendation
318
296
527
858
593
260
50
2571
356
1196
608
110
2858
2959
1197
589
4993
1198
1
7153
1221
47
1270
912
4226
1136
293
1193
1210
150
457
778
1213
5952
908
899
111
2028
1704
904
3578
1089
4973
2762
4306
1240
1225
364
1203
923
1291
32
969
2324
541
913
745
6539
1617
2997
4963
1682
58559
79132
750
1148
1208
6016
2918
1252
1265
919
2396
2329
1247
1222
36
1214
924
903
1961
1258
953
2797
1204
1732
5995
1230
3147
1228
32587
7361
4027
4886
5989
1200
555
1207
1199
8961
2692
1276
1278
4011
2804
48780
11
497
1212
1304
3462
8874
4995
1259
588
2599
1968
2019
1035
1084
2716
48516
6377
1073
595
223
2542
898
17
3481
910
4878
68157
2064
1219
1028
950
1625
3114
2502
5418
1269
926
6874
55820
349
1060
44191
1356
2291
3996
6
1952
1250
2076
1206
471
480
1947
1293
337
1036
56367
46578
78499
246
3362
1244
1080
733
1254
3793
62
720
671
106920
30707
1945
954
474
60069
50872
1580
3949
34405
56782
3730
33166
1263
2186
4034
3307
161
920
109374
2303
1953
57669
1172
3421
377
232
68954
235
5816
4308
2761
194
1267
3152
70286
1223
134130
1333
3471
648
2132
994
475
3468
1234
1674
1411
2300
3022
1307
1527
25
2194
64839
1299
1729
1248
1217
2971
33794
1960
112852
922
1957
7147
1284
106782
1285
1090
1260
1079
1288
68358
4235
134853
6333
2501
30749
1256
1394
5618
3897
2289
1220
5349
1954
515
7438
3868
1927
2863
3683
2202
59315
1292
1103
1231
628
3435
1096
1950
58
2243
1077
1500
965
2739
1272
54286
68237
7502
1466
3741
2917
353
51255
76093
2268
2871
955
357
5010
3735
2160
946
1281
54259
1959
916
951
8665
81845
3104
16
1218
3504
1287
1233
3088
162
3310
81591
1224
741
1653
3006
914
5444
5060
6502
6863
1374
928
590
1178
2791
49272
2231
905
7099
1610
1264
2580
81229
7132
7022
6942
32898
1266
6796
3510
81932
82459
3101
2248
2203
1939
74458
280
1246
909
104374
2788
838
3275
2115
3007
8970
2908
29
41566
52767
1189
36529
1296
6979
109487
968
2712
1303
3551
1680
69757
2690
44199
116797
44665
2648
581
348
40819
3095
2726
1754
63082
2005
99114
7566
930
1361
3359
1175
800
911
1955
7669
27773
72641
1449
440
431
2105
529
6787
1095
88129
8132
306
265
5991
4014
3671
1357
2208
1192
1179
971
3801
7419
1948
1201
1211
6350
8368
1464
272
1305
1348
49530
900
2924
86
3363
86882
175
3952
3081
3070
4085
2067
2321
5782
1094
3089
5669
83411
83359
83318
67504
2664
2357
5630
59784
40815
3317
477
68073
6385
2929
380
3701
1215
1649
72226
26712
115713
28
8264
3788
30816
1784
2020
7091
3499
31658
5064
2644
247
535
1209
927
1086
1537
2232
112552
6218
2935
1088
106696
1147
2144
128360
319
551
66934
7075
3424
2366
91104
2925
6662
6807
2474
5146
1280
7139
3252
933
1834
3251
2795
1104
51935
3072
2355
7063
80463
3686
307
7013
8958
3791
85
108583
3386
2467
4846
40629
3365
35836
7090
3309
48774
290
38038
2490
1262
1946
2857
125
97304
31878
56152
81847
3044
6380
3000
2936
3038
2973
7116
3034
1251
105504
115569
454
534
6773
44195
6987
3035
5903
2125
8807
3911
7156
5121
3361
3916
69481
3246
79702
2359
4223
8981
3507
8542
3629
3429
25769
69844
3702
96079
39292
3546
3469
1242
102445
21
3033
94959
3536
1237
140174
26152
92259
1282
2096
907
3983
4262
4239
2612
4037
86504
2920
96728
54997
1641
8633
122900
97
106489
3213
3167
37741
735
441
1958
122892
5956
2078
91542
34332
1283
110102
7802
2245
3724
66665
58295
1994
3201
3256
2391
7263
3068
945
1257
5218
2946
5475
3077
112183
2395
2792
1962
38304
7087
1916
52435
2944
1302
4450
4432
1964
55063
89904
89745
7143
5812
2763
50658
54503
2318
73017
58803
8360
3019
1340
1131
77455
1845
26587
3198
8511
4896
6791
3676
2819
850
3083
233
1673
46976
64957
70293
8042
921
6870
1956
72998
88810
3929
261
48738
6440
4696
1611
4103
4427
37733
27831
7767
2729
3684
55276
5914
7064
5103
7844
2780
45
780
2841
26171
25764
5059
8797
4405
80599
7074
8609
72647
26400
31547
3203
25750
4019
44555
4422
3742
1029
538
6565
67087
8950
1635
79091
8645
6669
4166
4969
64614
47518
1963
87232
1343
115122
599
122882
18
866
2133
3505
373
106100
88125
2138
37729
224
876
4565
4567
4717
4442
2880
8228
6650
2731
5772
3100
1387
2336
7256
6331
104913
3556
7649
3451
3627
2961
45728
4343
3134
4007
5177
215
63876
4661
947
6852
4410
3545
5341
89804
95510
1719
4326
38499
7380
68838
6986
1078
111759
1907
6001
54001
50742
50740
4349
2846
2070
8491
7089
2728
3111
86320
98809
4179
5017
2066
766
5791
6273
1249
61240
2285
5385
51412
7836
942
8838
1967
99813
2732
4263
60766
108932
6959
105844
26797
26501
86487
5238
4428
8261
58649
8123
96075
74089
53887
163949
150856
114464
104119
112577
101850
6433
54995
44587
2283
142488
7386
6021
4361
53519
59725
64716
139385
58347
33493
62081
51540
3060
86377
973
64034
5971
1019
1295
3355
55250
38061
53123
2912
6618
1273
6777
5288
26524
127152
1792
178
3612
3075
805
80
3871
1277
1049
4021
1358
82
100383
2108
99764
3771
8933
3703
1982
6783
3872
4809
6003
1921
861
222
1594
8638
3745
2938
41
2890
4970
55069
93838
3524
48394
99145
6786
4945
4466
42163
7164
70565
4191
1734
3306
2151
1693
3467
115617
73321
116
30
93840
6754
89
5380
152081
101525
1934
84152
2353
6818
4029
8580
3097
6378
3260
6724
2140
5460
3448
7484
34338
49957
412
3396
54881
26729
26084
5690
101
4912
27904
4033
4128
108981
3420
3844
7285
73
3475
2184
632
96821
102684
108727
39
3543
27660
111921
