user_recommendation
318
296
593
527
260
858
50
2571
356
1196
2858
608
2959
1197
1198
589
1221
4993
110
1210
47
7153
4226
1
1270
1193
4973
1617
1136
2762
5952
912
1089
150
457
1213
1704
1291
908
1240
58559
3578
32
899
1214
778
923
541
1208
904
2918
2028
750
1225
1252
293
2324
1203
1968
6016
969
48516
2599
364
595
4963
79132
4306
44191
2396
913
2692
1961
56367
2997
953
1682
36
1259
1035
919
1288
337
745
1148
4011
898
2542
1207
2300
1247
1250
2064
1304
111
2019
497
5989
588
926
1200
2716
1172
903
1028
1204
1258
1947
1228
2797
4308
1230
1199
1265
1732
2502
910
924
2291
1079
922
1219
1610
1036
2329
1625
4995
48780
1276
46578
55820
68157
349
6539
480
1073
8961
1278
5995
1293
1206
1222
1394
590
7361
6
1952
3462
4886
4034
1060
1267
733
920
4878
474
1097
2289
1307
2804
628
33166
3147
2268
33794
17
32587
57669
555
1246
2791
2186
1673
1500
1223
475
1641
1945
3421
1284
1234
1233
3671
1953
40815
3730
3897
5991
1580
2081
1387
1080
508
377
29
3996
11
1287
59315
1212
2194
1090
1729
6711
68954
4027
78499
509
3471
1094
5618
1674
1356
161
116797
246
50872
3735
5971
3504
81845
223
928
3683
1299
3362
1957
1217
3114
471
2580
671
2076
1269
2248
6377
357
106920
3481
3435
2917
33493
1272
16
529
5418
1248
1077
3307
109487
265
2395
232
3868
235
1192
6350
1178
380
44555
950
1103
2160
1179
1238
3949
2115
800
2137
5630
7502
2359
1244
74458
1292
1254
954
5669
3022
1175
720
2467
30749
1104
194
905
3359
73290
76093
955
69844
8368
8874
1084
88125
648
2231
52
3361
63082
1263
3198
56782
2871
1358
49530
741
914
951
1333
1260
109374
3246
3006
4014
1959
1527
21
3499
1960
2243
1096
968
1721
2070
1201
162
1923
6863
1264
2303
5064
4262
1283
515
535
92259
44195
2971
1189
390
2125
1361
5816
91104
2908
2726
2132
440
2318
930
1280
1281
3468
5060
2353
72641
2366
27773
2391
1954
4235
94959
1939
946
1719
501
5956
3089
3814
2202
6874
3104
3167
99114
8970
4085
44199
2144
916
1285
6502
54286
3510
1343
1220
2501
106100
3007
1357
2739
3037
1147
3088
2490
1262
73017
1231
3363
1393
805
2761
1266
477
290
261
8981
2929
1464
3160
735
1845
44665
8665
994
1994
5114
3035
538
60756
2690
7022
909
1948
1537
1249
6787
112852
96079
2644
942
5225
3175
2729
2108
106489
1251
3791
8132
1215
1374
3448
3083
1466
106438
54997
2987
37741
40819
69757
81834
3310
2648
4304
5812
134853
280
3201
1955
2208
134130
3703
2355
1120
81932
2612
125
1296
1095
3019
2935
64839
2947
4896
3000
6003
3210
1086
299
31658
353
3038
911
26729
6331
1927
7099
6942
106696
6796
26662
2563
7143
49272
1305
54259
72226
3952
39
2232
7669
2357
81591
1088
7371
1029
48394
104913
927
1256
6380
1950
348
175
34405
599
2841
534
1209
107559
6188
88810
3134
4467
272
97938
6662
1227
2267
1224
224
2068
2951
2010
3543
319
48738
3256
945
106441
3068
81562
3386
4326
8228
1688
1411
2788
3508
7090
3355
2109
86882
5903
81847
2330
41
3551
2529
54503
5876
551
1019
2712
8636
3152
1834
3702
2351
106782
4432
5992
2890
1944
363
4037
3451
86
68358
68237
69481
3039
8910
5152
1916
3275
64716
40629
565
3916
4518
1211
91529
2553
907
7132
1059
7263
4427
2664
2067
97304
300
7451
104374
6979
1352
53123
1366
1819
4796
3892
4930
4076
4591
1450
5427
1563
3966
55250
4450
88129
2846
921
54328
4821
3653
5074
8641
56152
115617
4033
59784
30816
973
68073
6669
4007
2795
3469
5902
2313
45950
230
3095
3101
5103
307
5108
7013
581
55269
1303
1997
3686
3546
112552
3536
6281
6001
5878
2138
1202
7147
2731
3360
1218
4263
1639
47518
2020
2203
122882
86377
8542
1946
2925
5446
54281
2920
1237
81
105504
3672
30707
115713
51255
2474
441
26524
2245
89904
6732
4292
7137
27790
314
1963
3135
2073
5444
6378
4642
2102
4333
91542
65188
1956
428
50068
3811
69
3741
3983
2096
1066
6565
4190
97
102993
933
26326
2687
156
7827
33639
4776
3060
55069
70293
37729
3067
1964
6773
3072
4239
38038
7320
4465
42004
3973
6724
3524
45728
1257
3034
6235
4352
27831
135887
7802
3724
1277
1663
2287
55247
1131
7091
32898
3635
3200
6918
4867
362
222
2949
80463
27803
3743
110102
3102
3358
3213
7771
26242
63853
81229
6461
3252
87232
3270
3111
7767
98809
1023
1827
4623
2352
2288
1376
1619
3033
6452
866
1396
7116
2463
8645
122900
2973
89
8938
52973
1616
247
7064
6776
5772
340
38061
5970
7256
8807
96821
3062
5299
58347
59995
100714
4327
1584
6807
3081
6104
56251
3016
102445
3384
54001
53996
8958
2261
52435
6269
178
64034
3260
4422
3317
58998
68269
900
2459
6993
4787
368
6062
4679
7235
4783
7075
3505
6852
2944
3629
3418
3507
4720
2627
3947
4711
3498
3364
940
55276
45
257
97921
7386
4814
5159
2184
2857
1860
6783
7380
4188
1123
3545
2919
4086
7136
4406
2434
89804
90866
99764
262
82
6419
7285
233
3920
6155
345
2924
2936
81564
3745
451
5690
2932
79824
3594
32289
80839
48791
41573
2118
4979
58803
917
98961
8042
51935
647
39416
7773
3548
9018
3470
1321
63131
68838
3330
40583
322
7932
26599
91673
4252
1931
4661
3869
4369
3429
9010
55052
96829
84152
2331
7087
30
80
93510
2336
8880
70286
5791
2304
229
4349
2312
4019
3786
4965
268
2948
3196
7139
373
1032
3871
56145
4914
58295
69122
2852
58303
67255
7373
36529
850
3414
5500
90428
3989
1302
5238
1041
5008
3424
3521
2952
8955
965
4846
8784
6870
1934
106471
3783
62956
1049
4322
2961
3168
61323
6283
1797
