user_recommendation
318
296
527
593
858
260
608
50
2571
356
4993
2858
1196
1197
7153
912
5952
899
4973
457
110
1270
1198
4306
2959
47
1221
111
17
1
2997
32
36
904
1230
3578
2324
2762
1240
4963
919
4886
589
1208
7361
778
58559
1148
4226
364
1193
1136
246
1682
150
1291
913
1304
1252
1961
1203
908
8961
969
1207
1247
1210
2396
923
910
6539
3793
1084
750
79132
46578
745
293
48516
1732
994
1704
1199
3147
926
6016
1035
6377
1968
2028
2716
2329
497
1219
475
480
1259
4027
3897
1278
1204
515
2804
62
3730
1206
5816
1213
48780
2599
2019
903
838
1356
1580
953
78499
5418
1265
1222
2692
60069
54286
4034
3114
1212
541
1256
6874
5995
1939
3357
2064
1228
3152
955
265
1214
3724
1307
11
3362
3536
900
1285
1073
3683
4995
1090
1096
8368
1617
2303
2918
2797
2300
7147
3481
2871
1641
44199
357
920
927
377
3095
6773
40815
3684
4896
1246
950
3742
1357
1103
68157
30749
733
81845
161
1244
954
1784
1276
2291
2908
2243
1254
223
39183
3504
4878
1952
1077
32587
5989
1088
2791
3153
3101
81229
349
1411
1258
594
1250
2971
1036
595
922
8665
72641
2321
3317
56367
4011
5618
551
1089
261
307
1080
951
59315
3735
3363
2863
306
44555
1945
1223
1374
109374
555
1177
3361
1269
474
3949
319
116
41566
2076
68358
34
5060
76093
81847
1189
7438
940
3468
2357
194
7419
1266
348
1097
1192
1183
921
1179
5902
1200
3260
235
232
1394
86882
2202
34405
3201
1233
58
1947
1094
337
50872
88125
8580
2929
3310
64839
2115
1271
1303
106696
2542
33166
2580
3507
1964
38038
2395
63082
49530
57669
1225
49272
2987
1729
88810
80463
25
3088
1172
1218
1217
7139
648
1376
1935
943
1936
96655
69757
5669
6333
3089
70286
30707
106920
901
53123
968
77846
3598
1293
2078
1361
134130
1296
4308
581
56941
151
82459
1262
1231
1653
79428
2920
2336
599
1201
56782
1500
2761
7116
1466
588
3456
1343
2648
1941
2690
6
61323
2917
1948
628
37729
3702
3580
3656
3657
2201
3341
3081
4920
5470
2186
32898
16
2203
1060
6985
2641
1610
72998
8360
3074
1248
7022
87232
1267
28
3741
3462
8873
2890
79702
3556
2248
6662
8636
1281
7566
52767
368
39
6711
5444
69844
1584
477
8970
2502
935
112183
55247
3566
7263
2355
1211
3007
3060
112852
7265
1299
8874
105504
1220
7698
1393
720
1292
2232
81932
471
2565
508
3471
97921
31658
1946
2467
4801
6380
3104
492
1280
1940
1131
5225
1282
94959
2005
8264
5135
1260
529
39292
2109
44195
1527
938
2732
1967
1288
928
3307
247
5341
2020
971
40819
1284
7075
106916
79091
46976
308
99114
1956
8711
539
6502
40629
7156
2501
2000
2750
6077
3706
3551
3270
6787
5385
7091
930
2664
122904
5349
3196
4235
353
5903
3952
1693
7836
2208
916
38304
79824
5010
3996
1234
2289
3022
1305
69122
6125
80839
32289
41573
48791
68269
55069
2132
7669
534
3594
3252
4014
1348
2924
2843
26712
2644
4103
918
898
6254
2353
86
89745
116797
1649
8254
2897
7013
25805
38499
945
3359
8132
3546
7132
2726
535
905
2394
1950
55276
1020
76293
3038
102445
538
178
7833
69481
1958
2065
55063
5475
4361
2739
4422
7087
2194
1215
3077
37741
230
1960
8533
4085
134853
95558
2302
81564
1028
3424
933
3213
32234
495
63876
4432
5146
6783
5991
3435
3199
85414
176
36517
946
741
333
1147
575
1674
893
55814
3309
97752
3676
1078
1235
272
128360
671
1264
6331
2268
1178
54503
6942
8638
68838
5238
2454
766
800
6970
67504
83318
83359
83411
45722
2474
2925
345
86487
4410
26797
26501
4428
74089
96075
8123
58649
8261
101850
53887
104119
163949
150856
112577
114464
6001
54259
6021
4037
122900
5017
66934
448
5630
866
6378
1680
55052
104374
1885
66371
1913
7926
68954
60397
281
2731
3175
44191
81834
6987
5064
2144
2283
1953
4021
4661
942
6273
26524
735
41
1834
8838
5121
106782
2406
50658
2728
6724
4809
37733
34332
1061
1041
98491
2935
97304
6777
3167
1333
280
48738
4406
52435
631
47099
6870
59018
1719
7844
3034
4239
8042
233
30816
3929
5782
70293
26152
25769
1419
3612
7089
3872
6327
2125
1959
6271
53024
907
125
58803
48696
6385
1464
54001
101
72226
1358
18
2066
115617
1994
3801
115569
1251
5398
2948
6754
1086
3035
2926
10
87306
91658
1449
8981
3112
3745
47610
45728
2081
6350
4696
909
2746
2352
6796
934
89804
7072
5690
8972
1754
46723
7164
6299
5014
73321
8633
3686
4166
1237
64957
1104
27803
99145
44197
6218
4969
4223
74458
2134
2334
68237
3070
25750
4427
2359
2780
4903
3198
2946
26268
31921
2070
8542
3467
222
6618
1955
2231
111921
7766
2018
3916
3627
82169
4369
2432
115122
1962
422
3108
106489
96588
55253
5103
91529
97938
3814
6818
266
300
41226
95510
3020
6358
876
4717
4565
2880
4442
4567
8784
2490
56587
290
5812
4128
3983
98961
2150
72011
663
6791
3739
5772
98809
8371
2105
5878
94466
4357
8958
115713
80489
2366
52967
1635
7802
2138
7
5380
2285
292
3868
26084
8950
79242
1050
2763
8228
373
1340
215
1161
5218
4912
93855
5244
50641
93320
108583
1801
1354
8910
89904
7063
3386
3543
89492
7767
50740
50742
633
2059
31878
85342
92259
3535
49957
1209
165
102194
86377
3911
30
58295
8511
454
53956
58347
3671
7943
2245
26662
906
81591
3873
34072
1224
3396
3629
79357
3068
36529
34437
3475
1918
5114
8125
5914
6552
2857
8188
5679
7074
5059
26171
26400
25764
4405
8797
8609
31547
80599
72647
34338
81562
4846
661
127152
6650
6869
1429
81
2096
56152
3989
59387
1257
549
106100
7380
5288
60766
4017
7285
122892
51935
2721
2961
4566
7137
3134
44587
97673
936
1289
44665
