user_recommendation
318
260
296
858
356
593
1196
527
2858
1198
2959
608
2571
50
1270
1210
4993
589
1221
110
2762
7153
1291
1
457
4226
150
5952
1704
1213
1089
2028
1617
912
778
1193
1136
58559
541
111
908
1247
1203
969
4973
364
32
47
750
745
1197
7361
1240
1225
899
293
1036
3578
1682
6016
4995
2918
904
2997
48516
1304
4963
1265
924
920
2396
2804
1200
480
913
2324
1208
2329
903
2716
1258
1222
1148
32587
4027
3996
923
2692
1732
1207
79132
1961
588
4011
1252
1206
4306
349
919
3114
590
1097
8961
3147
1293
1230
910
926
1172
1259
2542
3481
2064
6
55820
1204
953
5418
5989
3897
1276
33794
1219
36
1957
1060
1080
2019
68157
733
1201
1610
1228
3462
898
1079
1214
1250
720
1952
2599
6539
1674
4878
377
54286
1356
1199
497
357
6874
5995
3363
1215
56367
1953
1263
994
1945
1784
232
1256
2502
1968
194
337
1212
1094
474
1288
1947
3730
3307
1625
648
78499
2501
1923
2797
1267
3949
48780
2186
3104
1035
44191
46578
2580
1223
5669
1387
21
914
1246
6377
3916
1269
4235
3095
223
1580
1584
4034
1376
2300
2359
1233
246
529
6787
1073
4886
5618
3006
3435
8665
1960
25
3362
59315
2132
16
40819
2739
555
3088
2971
475
3504
70286
80463
307
300
161
1234
3545
1959
1307
2490
2005
1939
106782
1220
3152
2690
1358
109487
1217
1948
1333
2406
950
30749
27773
1299
916
1028
3098
56782
3471
1950
515
109374
1084
17
68358
44665
3468
1927
1411
2973
471
431
922
51255
905
39183
3952
3510
3007
2268
5445
68954
1287
3160
3365
106920
2871
5902
7502
30707
44555
1834
1254
2712
412
81932
76093
2947
1302
3035
595
2078
3868
1272
1361
306
1090
7147
2303
299
1244
930
4979
968
2150
3359
1374
74458
2289
1262
2076
3735
2761
3801
900
1260
8636
440
1029
628
8981
3499
81591
33166
2463
1663
5010
57669
50872
81845
671
911
2137
1500
454
1954
1049
49530
68237
3424
946
1449
1982
3911
5903
353
2395
1096
5991
54997
1248
319
3414
800
2245
2917
2791
1527
3683
1810
112852
2243
8957
4128
3448
509
1673
1393
1088
1280
928
69122
2318
3741
850
1466
6565
3201
1994
272
54503
945
581
1104
39292
308
26587
73017
28
53123
175
1281
2011
115713
380
69757
116797
3421
92259
1175
40815
224
3983
1251
3044
1192
1264
1211
2459
3022
64839
4085
8368
6003
1282
3358
1946
110102
2920
2231
1183
2925
4033
1235
2890
1956
87232
8228
3252
1394
2857
115617
3168
1641
85414
3451
7075
1103
1178
3469
4361
1916
2357
4661
3100
632
268
53
3260
1912
4641
7143
2067
3671
661
290
2819
1616
1218
3081
2863
58
6708
4187
3364
1066
7116
8132
2454
345
86377
104913
5218
2291
971
60069
1238
3310
1131
66665
44199
1231
8970
3175
7090
954
805
2670
2194
112183
1693
162
1271
3724
7132
3111
5630
933
3167
2203
1729
553
72641
3198
3684
3791
909
68848
73321
1300
3134
2726
8874
2288
51540
3246
4103
1754
3701
1283
838
89804
7767
4450
64957
86
5060
3196
1354
6669
2202
1209
6974
1284
86882
6711
1963
1884
4223
1295
3505
1189
2936
6979
5446
942
951
3203
3361
2474
2935
3083
97304
91104
142488
2795
1611
2788
1747
3418
647
69481
6986
4632
4626
2987
61323
31658
1124
3038
99114
1237
3753
41
3386
6385
6796
76251
5008
44195
4427
1305
927
508
34405
141
441
7099
321
2144
3101
6777
973
7022
907
1086
91542
5673
3527
1253
2371
105504
77455
84152
1278
121231
1955
7482
265
88125
3871
3548
3068
4017
112556
6273
2018
55276
2355
1296
1964
2066
3037
3194
49272
7787
4062
134853
34338
96079
88129
4351
4007
62
2732
1944
4679
91658
7826
1179
115569
79702
373
1965
2572
7087
4537
2664
89904
8641
67087
3512
1537
7256
2467
2687
2083
6942
235
4873
8542
2080
4623
80489
2248
4903
8958
2420
2336
6187
5103
2948
6662
1023
1255
4816
3108
3251
2108
2068
32898
938
2694
96610
5791
27846
2648
148626
5992
29
82459
3062
64614
81229
4189
26729
71033
106100
4021
26326
80
1227
2951
4483
1147
1958
68554
3475
3565
7212
1997
1942
5319
1340
4262
4105
1385
3703
2529
85
89745
97938
37741
6783
94466
18
5816
2944
44974
8933
7386
52458
2366
534
7013
4422
96821
921
4190
3328
1257
7091
2434
5114
6786
7285
1249
30810
1224
4225
5772
5055
932
4263
4896
32525
937
4037
6807
36931
27724
134130
3178
2313
5956
3200
1357
2707
81564
31410
2099
4273
5876
949
3503
6724
6753
5238
3176
7323
10
99813
2961
3551
1032
3967
2352
5064
4022
2333
11
759
918
1273
7156
3033
2764
59018
37729
2115
3606
33493
8264
2929
3476
3676
2138
55247
47518
280
58303
4191
1692
3909
3845
69844
5329
2010
1171
4406
329
55250
2081
36529
3000
3155
2331
4179
3257
845
27611
71838
5608
52767
322
5812
7419
5341
2841
6954
4681
69
4535
62374
80748
233
3546
64285
3598
6552
97921
348
3355
2553
3429
2071
2779
3739
1913
901
62956
832
74946
7614
1689
6286
55069
146656
59784
3736
1719
5017
6235
3501
3989
54372
3543
1614
7943
5444
1962
128360
766
1021
54001
6659
3060
1077
2644
4016
3929
51471
31116
8650
4612
3869
4184
255
8337
5475
3478
902
1885
8183
71429
3129
8125
3966
2731
6987
1396
3350
47099
56152
3655
2009
4178
3467
7836
2946
6380
7698
5414
33660
562
4410
3072
2087
5013
59126
8188
1345
25852
8121
7208
47728
1680
1127
3296
4570
4019
37733
63876
948
2344
44788
4928
62849
7669
6440
4970
26524
4705
3368
2927
3702
7827
4799
5782
82
2423
101
4177
3317
6873
6636
3089
7137
8123
8261
55063
26501
53887
4428
74089
26797
86487
2285
58649
163949
112577
96075
114464
104119
101850
150856
4117
3507
171
