user_recommendation
318
296
527
858
260
50
1196
2571
593
4993
608
1221
1198
356
2858
1617
2959
4226
1270
1
1197
47
1210
7153
457
912
110
1193
1208
1252
1213
5952
1136
364
595
1250
1240
899
1580
589
4973
1704
913
150
6539
58559
1207
36
1089
778
1291
588
2918
32
2716
1225
515
1230
111
2028
904
541
5989
3996
1228
1203
6016
2997
349
4963
4306
2599
924
1267
2762
4886
293
3578
923
1259
4995
908
4878
1036
910
1276
5618
16
1214
48516
1287
5995
1968
950
3114
4011
4308
551
750
1079
2324
337
1247
48780
3793
1394
1222
1199
1682
2542
2353
1610
25
1148
223
1356
161
903
1219
79132
2194
1172
926
1266
745
3897
898
32587
44191
555
1954
2692
68157
1947
2268
1961
969
2502
3671
2289
116797
474
1411
2797
6
2291
2019
265
497
741
58
1080
1304
4027
920
928
1028
2300
6711
1090
4034
953
4014
109487
1729
1641
7502
1262
5991
1212
1073
509
1234
1215
3683
2329
475
1201
1997
1307
3481
8874
1527
1263
3362
1227
6874
2064
1175
955
1674
232
11
1625
2804
922
357
7361
1035
1960
33166
1272
5064
1220
1060
480
3198
1260
1918
40815
78499
2243
3160
954
1200
6377
235
628
3256
951
56367
2396
106782
1953
994
62
54997
1246
49272
1278
5418
1218
590
914
17
1293
1233
3471
3462
4406
1206
599
1333
3735
52
55820
21
246
671
1466
2355
2729
5669
1254
368
1288
54259
1500
2231
33493
2321
1256
1231
5816
5956
3000
4085
5060
348
59315
49530
5010
50872
377
2951
3543
96079
471
30749
115713
68954
57669
4896
733
2929
2917
1096
4239
380
7143
8641
1179
33794
1284
81845
6502
1343
2490
7022
3317
535
91529
58803
4262
2916
2115
2395
29
2948
1952
1094
88125
1077
2394
534
6565
1202
106489
3006
31658
1301
1357
104913
70286
2318
272
1183
59784
115617
41566
919
1945
353
1296
74458
5014
2968
2474
1292
5349
3147
50068
2248
64839
5630
1147
1594
2359
1967
86882
2501
805
68358
5152
1366
2580
1095
2908
1283
1358
4571
6807
2687
3730
3210
1277
905
134853
2871
2987
2336
81834
942
65261
80463
6269
87232
5299
921
4326
3508
5464
3952
2160
1285
3201
1103
48394
933
3359
3468
2924
1299
44665
2467
4033
2366
1265
2011
4304
76251
5812
2944
800
2739
52281
1464
1784
1178
3448
1237
3111
3504
8961
2167
428
1280
1374
6380
122882
2081
1939
2952
2288
37857
2391
3421
112852
122886
67255
7320
3068
8368
3104
76093
45728
36529
6331
98491
1649
1258
8908
4787
109374
1962
68237
7099
1192
3948
93721
4148
65514
162
4623
1209
69844
1732
1238
3022
1956
69122
1393
2165
2096
7137
4263
4465
4427
2202
2070
7438
3361
122900
134130
309
89745
1281
1084
56757
2852
80489
5971
34
6452
99114
92259
1957
3196
2611
1959
647
2529
3246
7147
3038
5293
2076
3033
85342
1248
56152
8622
930
2065
6001
3868
4037
4617
4522
6419
5960
4088
4628
3713
4361
1217
3360
1639
728
93510
1132
529
45722
4327
28
3681
81591
2761
81932
3358
2875
2020
3102
6436
2023
96821
6323
1834
142488
45950
1694
2763
3499
4557
3501
97304
84152
2108
104841
1086
1966
3298
2118
8665
3513
97921
1719
148626
927
6732
85774
6979
8784
1873
1845
2985
2125
968
30816
30707
106100
86
3252
81564
3512
35
892
5878
1395
2109
91104
82459
3037
72011
91500
112552
27773
3363
79702
3152
59369
69757
1361
261
3089
3489
1289
1104
2352
3020
4299
105504
38061
3635
2273
46578
3307
51540
5291
1204
40819
6440
55765
4799
3536
2357
1275
106438
5218
73017
6003
2841
93838
88129
4978
2144
3275
7802
5847
3949
111759
91658
2726
4642
98961
1185
5522
55069
454
5446
3551
8950
6188
97
102445
6281
1912
4188
3034
69481
96610
33639
281
53953
4190
7247
146656
2459
3994
280
1271
222
3030
194
2463
2067
2313
6461
2890
1224
3219
47610
6375
5490
132333
5915
6662
2524
8542
2788
106920
54503
44195
37741
10
7139
41571
5876
26524
2232
230
101
54001
2140
2303
2644
6618
3686
46322
2018
7386
4443
900
71135
8970
549
90428
6378
3330
106916
1964
1269
27022
4292
110102
2080
3213
6993
89904
7669
104374
8880
4321
3639
4128
93855
5444
3811
2991
55721
81229
4252
7932
26599
6244
91673
9018
8938
3135
2331
7132
2690
56145
2041
64620
6235
2409
2947
4765
89492
441
61132
6104
1131
2677
64957
1387
3167
3814
1303
219
115569
6796
1955
1951
27831
6620
215
95311
54281
39
94959
440
5540
3703
114552
1244
1249
224
1189
8132
6708
1396
8228
63082
2312
60756
2612
1125
89804
3134
2791
837
3083
3983
134170
3035
4211
1257
2330
48738
86377
735
3016
5049
48783
2694
3095
4235
1892
34405
4019
2700
477
2795
3435
56587
5074
2012
63876
4696
6942
524
3729
522
8638
3098
4467
108583
50641
93320
5244
6350
79357
1950
7771
4562
2261
3947
2627
390
3718
2824
4711
1123
3384
2553
4783
99813
4432
363
82527
6062
893
108932
2973
60293
3396
6787
85414
946
26729
84944
2693
115122
91077
7706
7091
1476
49651
54995
412
1441
7844
3745
2989
2184
4121
1120
2935
7757
31878
1619
5690
8972
1537
3203
4008
70293
34338
6870
2819
1948
87192
2488
38038
54286
60069
60684
69
3070
107406
102123
88812
1856
82
508
6893
3702
7013
66934
3365
36708
1223
7380
1081
80693
3133
90061
4755
26152
3741
916
300
30822
345
5500
49957
3791
47518
106918
7894
105197
6986
3398
2073
4478
4855
151
4660
4010
121231
3429
3178
98124
2186
2106
85
2648
8580
8633
72226
2078
55052
3451
52604
58347
3606
8910
3535
80219
2971
52287
98809
4519
3920
3966
3505
112138
4776
73321
247
64034
71033
539
3414
37830
4223
37731
1794
7360
97752
5146
2970
53956
832
1572
55290
5954
37729
1253
940
26662
33615
213
95441
4349
233
1050
53318
