user_recommendation
318
296
260
858
608
593
527
50
1196
2571
2858
356
2959
1197
1198
7153
4993
1221
4226
589
1
110
1270
1136
47
912
1210
4973
5952
1213
58559
1291
1193
778
1704
899
2028
1089
457
32
293
908
904
150
1240
750
1617
111
3578
541
2762
4306
1203
2997
1247
923
2918
969
913
79132
2396
1682
1252
1214
1208
745
7361
2692
953
2324
6016
4963
48516
2064
2599
2019
1968
1225
1304
924
903
1250
919
1148
2329
364
1207
1732
3147
497
2804
1204
36
4878
588
1219
1230
1265
1947
1200
2716
1288
898
4995
1276
6377
1961
1259
3114
926
6
3996
68157
5618
4011
4027
1222
349
55820
1080
1199
6874
480
1036
1258
1580
44191
3897
733
48780
1278
32587
8961
56367
1073
5989
2542
2797
6539
1394
1172
4886
1267
246
595
3481
910
1212
950
1035
1228
337
1028
1084
920
40815
1307
50872
1625
922
5418
78499
5995
3504
555
2300
33794
2186
1246
17
46578
59315
1953
1060
68954
2289
1952
515
1945
5991
1201
8874
5669
3462
8368
11
194
1206
1674
1356
1223
475
1500
671
5816
994
357
1234
1077
54286
2502
1285
471
3730
954
1293
1527
474
905
2291
1244
1284
235
33166
1233
1254
3471
1256
2917
1079
7502
116797
57669
2303
1094
1090
3362
3671
2971
2580
5060
951
1299
7147
628
106920
6502
1217
232
4034
76093
3363
1729
44555
508
56782
928
2115
914
1610
70286
3949
81845
1097
1269
4979
590
161
1939
58
29
1292
3735
1192
62
3307
109487
1264
60069
2268
2132
112852
3435
1248
955
3683
73017
109374
800
377
720
2761
49530
4308
1411
68358
1333
1189
74458
2395
223
265
3095
1103
86882
1220
34405
4896
122882
1361
1393
1358
92259
4235
1272
51255
2076
69844
7099
31658
3104
6711
648
1231
134130
2871
2501
5444
3088
49272
529
581
1262
3152
3868
30749
44665
16
3793
1215
1280
3000
88125
3006
162
134853
3421
2359
2791
81591
3201
99114
1957
2248
2357
909
5630
440
81229
68237
741
5971
2739
1260
2987
59784
1179
6787
1178
54997
1641
1834
1960
2467
2144
319
3359
2125
1287
54259
916
1950
927
942
34
40819
63082
2070
3317
272
3198
3468
535
3035
3361
2391
1357
946
930
94959
2908
30707
27773
7090
2690
106782
3256
44199
1175
2890
6350
1948
3545
2243
8665
968
81847
945
44195
1784
2935
1537
96079
1673
1104
115713
5010
104374
1923
8970
25
1376
306
2081
40629
1303
72226
2726
88129
6863
79702
1281
81834
2353
3167
1958
1946
1147
50068
3022
7669
2194
3007
2355
7143
2366
1238
1263
81932
1209
307
4014
1283
115617
6979
477
2929
3418
805
2137
261
2648
3246
933
1218
368
106489
3791
72641
6380
551
3386
2202
6942
599
6662
80463
89745
112552
36529
3310
3089
2318
911
39
1096
2664
907
3038
2208
1257
2020
69757
106696
8132
2231
88810
1845
5956
1374
224
5064
105504
1224
56152
3703
3543
6796
3952
3081
1959
3702
4085
53123
4427
91542
838
1251
2612
175
1266
2712
900
1466
1916
1131
3033
2321
41566
2203
45728
2490
2644
1249
69481
3037
3019
3741
7132
6331
64839
3911
4262
2925
1029
4223
110102
3175
1997
7075
1954
2863
1994
7116
2160
6807
3967
3983
3429
3724
538
1343
1449
7137
3068
1211
2067
3134
6669
2938
2474
8228
280
69
8784
1719
3083
8807
3507
2746
5446
7419
45950
104913
106100
262
6773
54503
2232
87232
28
52435
5876
1227
3196
353
31878
38061
55276
3260
30816
971
1086
973
866
86
348
3469
2924
6003
1964
2973
4037
2857
2096
1387
1095
37741
3686
6001
48394
67087
97304
48738
91104
8636
2968
230
55069
106438
39292
85
735
7263
89804
7438
2352
54001
3505
1296
125
2788
5812
8958
2138
4304
26524
98809
290
7087
1955
921
3546
41
7373
91529
2336
47610
1305
5903
122892
7451
6218
8542
2278
1023
96821
2731
4432
93510
308
70293
58803
5238
3270
4263
8981
26729
58295
4422
3275
47518
2694
35836
3200
5341
5878
86377
428
1078
575
128360
3213
3252
6281
5114
142488
55250
1584
85414
2102
3916
51935
31410
102445
2245
64034
32898
68269
151
7139
1944
26662
38038
5992
89904
146656
949
13
115569
7013
509
3364
1302
850
1611
122900
2068
3030
3871
1956
6732
6385
6724
7022
2920
97
7698
1927
8645
6333
98961
4661
3989
7091
3111
3475
2351
98491
1688
5103
1066
127152
233
82459
2331
3414
917
3448
4642
2677
935
7380
3653
6235
55269
1020
112183
73290
3499
64716
7836
2434
178
3814
3034
73321
63131
441
37729
3684
5017
4809
108932
6777
59387
2184
268
4349
431
6552
2819
37733
2078
322
6273
1942
7156
1088
66934
3548
1464
6283
2005
2841
8580
3811
3508
97921
1019
3355
4410
3844
2454
299
2846
2273
5385
5772
1962
3062
68838
3801
54881
1340
1013
1237
5475
6708
1354
81564
1330
3467
52281
454
8264
55063
96075
26797
58649
8261
8123
4428
26501
74089
86487
53887
163949
112577
104119
101850
114464
150856
58347
3510
6021
4128
309
1963
38499
2283
2287
632
6987
5782
105197
99764
53
3521
4846
33639
915
3350
65188
8938
91658
1931
71264
2463
52287
1934
7371
1810
87306
9018
902
2961
247
4252
26599
7932
91673
1177
3451
8950
213
71535
4292
390
56251
8641
91077
6959
3070
766
97938
3168
1827
2936
7767
4660
534
1261
51540
2919
93838
4326
3551
222
4010
2948
2330
1938
84152
1120
80839
79824
48791
41573
32289
4190
6104
5902
27831
52458
8633
68073
2732
3929
6461
96728
4465
2313
2288
6870
3011
60756
4801
3872
82
3160
3060
116
6852
2066
80489
2284
2937
6269
2951
5380
5690
1082
61323
6783
80
7802
3100
65261
55247
3536
54995
940
7215
3112
3612
6244
4086
2344
4105
59018
2946
49278
5500
8972
373
26152
3105
48783
6754
90428
363
1484
3745
1885
112138
108979
3966
63876
1734
