user_recommendation
318
2571
50
260
356
4993
1196
58559
858
1210
1
296
1198
5952
2959
589
1197
593
2858
1136
527
110
4226
364
2542
1221
47
2918
32
2762
1704
4011
44191
1270
588
1291
150
1968
595
6016
912
3114
32587
2395
1193
1089
778
337
1214
6874
293
1036
750
3578
48516
457
1246
7153
1580
59315
608
44195
59369
1617
1265
837
908
1208
48394
4306
111
745
246
1200
541
48780
2692
899
1732
50872
590
1247
54286
33794
6
59784
27831
2599
1500
913
1527
45722
919
904
54281
1225
1213
65514
8798
1259
39416
7773
36
2329
3147
3786
1240
1961
2997
2355
8366
1148
898
741
923
2064
1080
4878
969
2804
2396
349
69
1035
8957
7022
4896
924
1203
497
25
38061
5444
5618
86882
2194
3897
1278
78499
903
2300
4973
534
64957
29
1228
2019
1060
2797
509
1252
2716
2502
1288
92259
1272
21
3910
3996
4886
1204
1172
474
1304
1610
1250
1307
2268
47610
5816
1199
7445
910
1573
2467
81591
5418
7361
3462
1287
39
1233
1079
1394
2291
1230
1207
4308
5812
1393
1028
480
232
377
7502
27022
1261
3275
2324
53129
1212
2011
262
2916
1206
6807
33493
543
3421
44199
3735
6711
16
60684
89745
4459
1356
1211
2671
79132
1674
3671
62849
280
920
5064
2572
1293
926
3006
1219
2115
44665
73587
555
1625
5995
289
2288
104913
49530
922
2917
2788
1276
55280
720
671
950
1127
368
235
1680
2028
112852
96079
1299
1215
3730
1096
2687
357
4814
8368
628
915
529
68954
2289
1262
2096
109487
1267
1374
109374
1266
7451
2529
2924
2023
52604
1784
5422
161
3435
1222
51086
6323
2409
1084
4443
70286
8641
52
1285
17
70
266
5669
4019
733
1952
115617
45
3398
5630
27773
2020
6377
1590
4720
3000
7438
2081
4361
1073
223
1663
53996
3548
55908
141
3729
3355
68157
3198
508
1263
1238
1552
1217
1357
3362
2243
4995
4010
2736
4235
36529
3865
39446
905
31878
1945
1223
8961
1918
73
1258
800
2700
951
1220
1254
74458
1284
2000
85414
5218
2774
2278
2580
1234
3793
1641
3429
1257
82459
5989
1192
5971
37386
272
55247
1921
866
1953
6979
648
953
4369
73017
2186
3418
1912
2138
2318
71535
122892
4034
1301
76251
44555
2359
954
1688
1947
93040
2718
5299
2144
2336
1077
7064
994
1895
1466
2664
3683
914
1201
1249
1834
6440
109249
34321
3635
6104
57669
6188
76093
52952
6461
51540
1090
909
2539
1960
2108
928
946
3825
5103
140
2485
1959
4616
4901
1380
71135
2707
53125
4029
2871
5108
80463
3952
6155
54328
4027
2690
215
2617
2739
3504
441
1260
1967
6539
832
40815
429
2987
27790
1927
3201
1283
4865
59126
281
4821
28
5159
96829
122882
55290
475
428
2501
3743
3072
68135
33166
4867
1088
55820
68237
5060
1923
3317
97938
340
88125
86
3019
955
2841
471
2140
4349
3363
911
5991
3677
1686
2527
27728
1673
5970
8225
54997
145
4873
1464
2248
7802
60069
2706
515
900
516
65133
103235
6350
81564
106100
2017
12
2174
2106
1015
3342
3916
3448
40732
380
110102
581
98809
8464
339
2137
2231
1948
230
1030
82
41997
3469
3200
2125
1264
3359
3706
3744
7090
5608
89492
2010
6565
80
58
2935
5014
3020
1566
3039
1094
87232
1178
194
8950
69481
1845
2232
58998
805
1185
2810
5828
69757
2321
116797
8972
4519
373
89
4499
1361
3811
945
86377
5791
47254
907
6708
300
3022
2303
6867
2080
1289
3037
3521
2202
3034
4054
3252
3468
2078
1269
104841
106696
2391
3350
1678
2208
7323
95510
8807
933
2394
106782
56367
3246
4014
48738
175
524
735
3798
6796
134853
2353
1237
30749
122900
916
63131
30707
1682
1411
2490
2287
3256
3152
1097
1031
50641
322
66934
2118
6331
3213
93855
5244
85342
115122
93320
108583
1245
8638
55276
79357
1227
52973
1095
134130
3983
3210
237
4016
3358
1719
1343
1256
96821
81845
5782
108932
5146
147
3505
1175
2791
1944
72011
7235
111362
84152
968
7147
921
65642
106489
257
1179
56782
5446
2132
1186
2114
1218
60293
63062
3178
81834
1997
3104
122886
53318
115569
314
2951
2594
69844
2406
229
69524
2729
8493
2331
587
261
9010
2070
3035
5500
1292
906
1373
1884
83134
6187
56145
8371
4979
4103
4033
91658
3030
6787
3068
2686
7075
1354
88140
708
5876
781
118997
3361
5152
4816
3089
3745
81562
1913
2971
4489
1805
1517
3307
4304
86347
927
8981
2184
90531
86345
8132
3033
2344
1537
55069
440
363
3038
224
1231
3129
11
3450
4239
2926
8340
1484
3696
1777
7137
90428
3814
51935
2890
1277
4321
89774
1300
4117
6954
5460
35836
1042
838
3134
8754
2058
30816
3949
5502
1248
1022
213
4787
60753
1333
2459
79008
3007
412
128360
1597
5955
26152
2463
71429
5300
451
2312
940
54995
2134
1584
2273
759
7844
3512
86142
2357
4846
1224
1041
7212
5956
72226
5151
6269
7827
942
7320
2109
26554
4823
2352
2761
8529
3591
42738
2405
785
27660
2066
6502
64839
56339
42004
431
6732
54503
31658
64620
1963
4980
2474
4223
1587
112552
4914
115713
4427
67255
2888
6791
3167
68159
7063
8645
233
8937
2936
6436
7001
7669
2366
4642
49280
59418
26422
3471
34332
45950
102445
7156
91542
268
1635
1281
106471
7285
33639
4783
100714
2929
3698
7087
3054
4085
158314
3264
81932
1194
93443
6942
4696
4465
51277
27317
7380
104944
74416
1955
2746
4326
64197
111759
4037
5008
4660
1934
8751
3970
3653
93840
4263
2612
1956
206
307
97921
162376
95499
95475
110501
95965
27646
93838
82667
26547
31435
5746
102252
85401
2305
89085
87192
72733
59995
1964
973
27109
1104
55721
5293
3451
632
53
850
4066
299
27904
2240
3507
64285
64716
3111
74727
4713
1103
26614
3551
31116
51471
26524
3861
6452
2925
2875
5690
58303
1280
