user_recommendation
318
296
527
356
2571
260
858
608
4993
593
1196
50
1198
2858
1221
7153
2959
5952
589
2028
58559
4226
4973
1210
912
1
1270
110
457
1193
1704
1197
3578
1213
1136
150
541
750
913
1291
2762
969
1304
47
1617
908
1252
1203
923
1089
953
590
32
48516
2396
924
2692
1208
1200
480
4011
4878
6016
1225
1207
2502
1214
1206
1240
1961
1230
1036
4306
111
2997
2918
778
904
899
1259
2542
4963
903
3996
6
1090
44191
2599
1250
364
349
588
1247
2329
7502
6539
1219
595
3147
2064
497
2804
5418
5989
3006
1276
2318
33794
59315
1234
1674
2019
1233
3897
1228
1293
4995
1968
1387
2716
1947
910
36
7361
8961
32587
1222
2580
1278
4027
1258
1097
55820
1148
1204
59784
293
377
1394
905
898
1244
1625
40815
78499
68157
6377
1682
50872
529
1284
1077
48780
3435
3114
2324
745
8368
106920
337
4979
56367
3471
1527
1212
3088
5995
246
54286
5991
920
515
919
954
4641
1287
2797
112852
3481
800
33166
1201
3035
2973
475
2501
2186
922
1028
780
1732
628
79132
1246
1500
11
1288
1610
534
4034
555
1256
4896
4886
1199
1580
1173
89745
357
3462
1393
509
49530
3504
122882
1307
2712
950
6874
16
8665
3671
1035
474
54259
2081
39292
2395
2167
1220
3476
35836
1953
49272
3363
2194
31658
6502
5816
1095
5060
1172
1272
1269
1673
1356
1945
1060
76093
1299
1084
2289
69844
30707
951
30749
62
106782
3868
5618
88125
2366
733
3421
1079
5444
68358
1262
102445
116797
1217
1358
942
1997
81229
223
54001
3871
306
92259
99114
3181
6711
5299
6787
2917
926
1254
68954
109487
1263
3262
59369
8636
1952
33493
57669
112552
805
110102
508
3160
2300
5630
3730
1267
47610
2080
3706
1080
58
2761
2791
368
2268
8970
2391
3104
69757
2208
3468
911
106100
440
946
1912
5064
44199
2144
104913
1094
161
134130
2321
3068
151
3683
232
3095
69
265
54997
319
1449
299
1224
2005
1178
194
272
2841
2102
3543
1223
235
4235
3362
2125
3246
81591
3317
307
27773
2291
44195
1171
5669
2359
4967
6979
39
34405
2976
72998
109374
142488
51255
8874
40819
122900
3000
146656
68237
945
8228
1179
1948
994
2935
914
2115
1376
3307
720
1127
2908
2355
3256
1248
96079
2108
2570
73017
1466
2137
4085
5225
79702
115713
7147
81834
1264
21
86882
907
741
3703
916
280
88129
2944
2664
3081
535
3967
1192
2690
5349
27831
3252
3044
1960
3510
348
308
2020
2067
3949
4014
1616
2467
1957
8132
74458
41566
2076
909
3735
104841
1103
3198
1257
3791
1104
7099
56782
1086
70286
2739
2987
1845
2132
51935
1955
122886
3360
8798
671
3111
1059
1333
1260
2245
3469
1175
1958
2231
65514
1266
71535
1209
2043
1584
51662
6754
29
539
1227
3196
930
52
932
93510
37741
4427
2352
1302
230
7090
73290
115617
72641
5903
300
58295
1029
2288
91542
1265
3386
3451
3359
832
6350
98961
1361
1954
3983
44665
1281
17
106438
2971
2707
38061
3334
3062
5971
973
3037
54503
6440
471
3358
940
2243
3448
64839
50068
1688
7137
2779
2248
2150
3022
2795
3724
1537
581
4901
122892
968
3499
94959
107559
2096
224
3783
1231
106441
7143
98809
1249
51412
106489
162
6331
5010
2078
6959
26614
106072
7451
3952
86
3910
1189
3030
2071
3203
87232
1088
928
65188
6863
3167
6732
81845
1411
89
1124
4037
49651
96821
64716
56757
4537
1939
5812
99764
97304
69481
1147
1810
97938
119145
451
2687
52281
2871
6380
3077
6669
61132
850
72226
3219
3606
37729
3989
1566
64957
933
1298
3365
1938
88744
58803
51540
5152
81564
1408
2947
3034
2872
64620
4016
7256
108979
3761
2819
1950
3200
3916
91104
115569
4903
4378
1927
918
60069
1729
2303
4881
7096
2846
28
1280
1747
492
4223
1078
102993
1245
71899
3213
1162
3152
2734
34
8784
1321
6659
84152
3328
900
1261
4086
1283
1946
8972
1344
54881
98491
2313
55721
3414
4054
100556
3654
3201
838
2010
81932
3364
8607
93838
88140
3341
949
69122
4380
353
2278
117529
5446
1619
4867
85414
3505
2202
134853
1111
112138
1066
101
3629
4017
60756
1096
3194
2937
2357
915
4489
1218
233
2938
3083
3100
5387
261
3420
441
45728
1797
538
549
105504
2160
3007
5146
1131
6565
73
4326
4821
81156
62849
67087
60684
57504
86377
3260
2863
63082
5159
45950
1834
65261
3743
80463
93721
52885
6993
85342
45186
5673
1827
5008
91658
53129
2788
7386
63853
3798
3527
5445
116
4357
64034
3105
175
45722
2890
1211
4263
7132
1251
7293
56152
63131
362
40414
5500
2463
31878
1357
37857
1962
2745
4211
6724
3545
1944
2721
48738
111759
79139
4095
1271
27478
647
446
373
3429
64614
58103
96829
4465
5329
1614
7075
2936
2138
6620
3098
2371
5103
5876
257
87306
130520
52950
4571
73321
1285
56775
7371
7438
156
55269
562
2203
556
106696
4873
2442
597
4128
85774
33660
100714
1073
2920
2312
2949
6269
6796
7139
72171
3508
5379
139757
59995
1994
5785
3350
127152
1277
766
93443
1023
56145
2671
4322
1015
62081
8950
1923
178
85438
4187
458
107406
96728
6777
40629
290
4366
111781
112421
4506
48698
4299
3512
2454
7091
5782
67997
30816
148626
133771
7156
2866
8191
3653
971
7285
111362
1082
1934
86000
112623
8337
128620
160590
148881
107978
96467
74754
139116
79677
127108
5882
7064
1734
501
4304
3741
3836
6986
8641
1255
1292
71264
6104
553
2857
89904
5400
27156
3016
54256
2029
3071
2070
4799
7787
52435
3911
5544
54995
7698
6974
3521
3498
98124
322
722
3548
759
2083
141
67408
5309
1343
5747
1942
1641
97306
1303
7215
4007
99813
52287
2929
7482
4008
3609
268
3135
31035
1423
5801
5238
6235
1253
2746
1719
41997
3980
1686
94780
8542
1694
5878
82
85179
4217
