user_recommendation
318
296
593
858
527
260
50
47
1196
2571
608
2959
2858
1221
1193
32
457
356
1252
110
4226
923
364
4993
589
1208
912
1210
111
1136
1617
5952
1089
1259
1197
1206
2918
293
1213
1198
150
1207
541
1265
1704
750
223
1270
908
1961
899
1172
904
501
924
4973
17
306
2329
290
2791
33166
161
81
3996
1230
1225
1073
7361
7153
1244
1
1035
2081
903
357
48516
4886
778
73290
2318
58559
2396
1968
32587
595
2028
5445
1041
2324
79132
5114
307
68157
1307
953
1247
1234
1214
480
1219
1394
1291
1090
3578
1228
1263
162
3019
1250
1203
48780
6787
515
2973
308
1288
3072
913
246
4467
4965
735
2019
2542
5427
1352
4076
1819
565
4518
2267
4796
4591
2563
390
1450
4930
4352
1563
4865
2692
6
3730
1240
1079
1276
2194
3481
3672
349
1233
56367
2502
1201
1945
1258
2997
2804
106920
40815
1580
1304
6796
2289
39292
1997
337
994
2599
1200
1673
1095
44191
4011
1148
59315
4979
1380
107559
106441
33794
4903
1260
2572
535
926
800
3006
30707
4878
1682
188
76093
316
2395
538
838
1097
232
4235
69844
1212
69757
33493
2300
3983
8961
1923
3683
4027
2064
555
2115
1299
549
69481
919
62
1209
3246
5618
1387
1354
1217
1094
88125
910
5995
8874
178
81845
2232
969
3892
2391
1278
1147
3307
3994
1953
968
3083
149
54372
3000
5477
1186
319
106438
26131
3320
4731
5071
26587
1859
4302
86781
5010
1256
141
3915
1178
97938
3471
147
1245
766
3707
299
51540
5679
329
3104
151
497
1218
2005
2248
2716
2067
1242
115569
109487
3973
1267
1960
6016
54001
63853
3476
102993
3210
1639
1954
1449
4056
1411
1912
82
70286
4873
5893
4361
30749
3735
3504
1955
6870
1080
2304
2916
103228
64716
805
3300
633
1261
2797
5903
6932
2243
5816
909
1500
1262
88744
38061
1356
3095
30
2482
1179
3022
1625
1641
920
8798
7502
1466
898
4489
44199
176
8368
54881
5269
116897
5989
300
475
2231
1096
1028
1254
3088
1227
29
7034
3462
68358
951
1204
2694
1251
112852
49272
590
57669
8914
68237
98961
222
2871
3435
3033
49530
8665
1183
1464
3671
6188
2925
1689
73344
733
8970
134368
1060
2278
6502
950
1293
2313
1272
1246
100714
4641
90428
3949
26729
1284
1223
2890
594
1175
111759
42718
233
91529
342
2762
1396
6539
81834
62511
78574
70336
51080
107910
65642
803
121231
4210
1952
3175
2268
106100
1104
905
471
1292
431
1393
3317
1357
2580
3536
2501
933
911
111622
529
65188
1300
72641
2020
1956
2303
111781
1333
59995
80969
1947
54503
1176
1287
509
720
5956
3741
5103
3868
123
4963
3020
2594
8645
2788
368
4571
101
5060
4776
1199
10
175
2
1171
81562
377
87520
4322
1222
2359
1046
3451
671
4914
103048
104879
16
930
50872
4995
3703
1248
973
2932
55820
866
543
3396
1127
5291
6807
4623
7143
5500
1663
5955
1283
59126
4034
2125
955
5418
3987
8917
90531
524
6975
1732
345
2947
67997
3039
562
7360
1845
2118
6565
922
77455
1077
77658
1347
54997
3527
1012
46976
6440
54286
3060
3365
928
2186
1719
474
41
946
6944
1674
1189
6350
80489
3152
599
2920
4017
1238
85774
165
3266
4066
26152
1192
8972
4262
237
31658
2076
3499
36
6957
48774
5135
235
5765
9010
3696
3437
3505
7139
117529
1280
91658
3952
134393
2664
80906
27611
86833
556
272
100556
3010
5902
1747
8361
1022
27846
28
1927
115149
1078
7090
5792
18
44788
94677
4015
91653
277
6662
53123
164
110102
2529
1266
1957
1211
3265
1950
1827
134130
508
13
87222
112623
34542
140174
6724
99114
107406
4713
5662
5515
83827
6327
160567
6641
1860
99811
4079
2983
8264
6271
7484
56563
5075
3128
69524
74649
114635
140267
159858
149406
6816
1546
56251
4678
45666
68159
2739
1485
1285
85414
111364
8958
14
145
2132
111443
1939
1635
2690
1907
3052
1834
27660
3794
4144
7099
2108
194
4630
8641
4728
3261
588
8937
68954
1801
2105
1237
88810
3129
64034
3007
2137
361
965
5673
2288
3676
22
4033
1269
8154
112556
3503
1958
1103
3508
3037
3569
2010
900
3134
3256
4738
229
3328
55267
851
40870
85612
3450
3512
25
2912
4533
2993
3070
3549
3044
2352
3543
4446
1374
247
2022
1086
3062
68791
2208
1948
56145
7116
7123
1967
57640
6669
3655
96079
3916
6942
1734
534
4326
3948
4029
4896
1944
596
2951
1963
628
2082
26614
4967
30816
135887
3469
280
3147
2432
8533
5377
8208
7027
4772
942
3633
3638
2130
2006
954
60684
1173
2686
65216
2333
105504
1281
1350
575
2068
3362
104913
7827
3310
3551
3255
2097
2746
6273
3739
2138
2310
3112
53996
106782
115713
1345
2275
4880
5617
8228
5747
2726
1835
60756
2987
2696
2321
3571
907
106489
6063
34153
1653
6852
5782
88163
2752
2929
945
1407
6643
1966
2090
2961
353
70293
322
2687
3035
1588
1420
1924
89745
2454
1619
373
3612
6650
81229
3270
2361
4723
106471
2263
5319
1111
3093
1275
2427
1014
5577
3629
111362
45722
2924
37741
1298
71899
62434
7451
2143
728
3814
947
7075
2133
3606
745
5008
3989
1693
1226
1340
3091
8873
3943
68073
2978
36708
89492
3594
3546
154
112138
2478
948
30850
3159
2795
2335
1231
3861
76251
2971
2622
2387
2935
6323
4848
7560
8582
42004
8125
8199
8188
3632
3470
1904
2970
45950
4005
7263
3617
6776
40819
1754
3550
2729
55276
1180
4128
1515
741
3910
7013
1057
7028
804
2291
8530
3363
40629
1013
1253
97304
33154
7156
41285
69849
59519
96488
6442
60766
60295
156609
3577
115502
139757
50851
5346
137337
106332
158238
158528
86898
83293
97393
5000
90600
7010
146656
97866
149354
86377
468
27773
93840
117533
2403
270
7569
31410
1271
3702
7371
6755
104211
90249
85
2985
