user_recommendation
318
296
527
858
593
260
608
1221
1198
1196
2858
1193
1213
50
356
912
1208
1259
111
1270
908
750
903
904
4993
47
589
1035
2571
7153
1197
2918
2028
919
1204
923
541
2959
1258
1288
1210
1219
1225
110
1617
4226
1704
7361
1228
1079
1089
1732
899
1200
1247
1240
3897
6016
3481
1252
2997
2132
2762
1214
1206
590
1952
1263
898
150
1968
1136
4973
1203
2329
1036
2019
1073
969
926
1097
2502
1222
3996
1028
913
1304
3578
1230
1233
5952
246
46578
1250
36
1293
953
2396
1
3114
4027
2599
778
2692
4034
5995
595
1084
1060
337
1923
3468
3462
3147
2076
58559
2804
1148
2797
1172
1961
920
1307
910
5989
1220
1291
48516
2289
1212
457
21
2300
508
3730
293
194
1960
3362
588
922
3424
1287
1299
1682
3176
2324
529
3545
16
1267
1264
480
6711
3435
4641
1224
1256
2064
5669
1276
924
1361
4878
1953
56782
2580
2716
55820
1265
1262
175
1207
342
6
2791
1358
5013
68954
3471
306
64839
1945
1023
3504
8874
1927
4979
1266
1625
551
1025
364
3386
1215
349
2268
8228
3949
17
1090
1957
1946
7502
307
32
5225
78499
3006
8949
745
1959
1095
1673
2144
1217
909
3499
7132
928
35836
68157
4963
8961
5418
555
1104
2395
1096
2291
2973
81591
3160
1387
66665
759
720
1254
2366
3469
1244
3418
1272
1235
5060
1610
1500
2078
2160
4007
1466
25
6440
1179
3724
106782
1246
2971
3167
30707
2917
2194
474
63082
911
3095
3683
27773
230
1234
3868
4235
68848
1333
2871
1835
3168
2359
3983
56367
70286
1185
8542
3246
272
109374
4995
308
300
2005
6796
6787
1356
5008
1537
2739
3317
1094
44191
471
57669
50872
7091
3101
1077
4037
1280
3196
2115
68554
280
994
2648
33493
106920
3363
2243
1248
7256
2542
2728
3788
1242
1285
1245
3060
2936
2186
3429
3421
1584
955
3703
6773
2745
1147
3527
475
1948
2303
2726
4103
3307
72226
2467
7767
8933
1103
3916
6791
112183
37741
946
62
2357
1231
3201
1269
4117
2761
3871
1411
5618
1674
3035
1223
54286
348
6874
2248
1994
4085
69122
2863
594
1955
1080
1635
1199
33171
32525
2203
81932
3735
2686
88125
2644
59315
1965
2920
26729
2985
5902
2944
33794
2018
5238
581
4612
30749
954
4903
3152
1305
3108
6552
8650
968
4179
914
6783
2890
1183
79132
58303
4016
1939
64957
1296
265
3088
1283
125
2067
3989
47728
8121
25852
2927
7208
628
916
80
8958
3783
1393
362
2501
6539
2908
1641
971
2664
2529
905
1178
106916
48780
3310
2150
535
1129
1729
3260
3007
3039
7087
596
902
1282
3359
3038
1284
6724
1693
8981
3019
2087
3654
1175
115569
116
33166
48696
1963
1950
2081
26587
4450
6786
41566
1956
7419
7669
81845
1041
6101
3037
32898
1345
4432
97957
1527
92494
40412
3216
1019
64614
7802
85414
232
4809
5341
121231
112552
4537
8665
52767
7566
3507
6807
1834
4105
96079
6870
1124
4327
1408
1348
3252
8784
785
88129
4306
1292
1260
3203
55269
2398
945
3879
6214
40819
3342
2987
7116
1719
55118
4967
105504
3104
26974
3747
134130
34162
4422
115713
850
441
3801
8368
4754
79702
2925
3741
68838
4191
26472
76093
99114
116797
39183
6662
80463
86882
3253
2145
1958
2952
4128
68237
1029
2318
7836
3546
631
2434
7698
1273
3077
1189
1964
3671
2285
3071
7943
3062
7215
34338
3068
4361
1249
3543
2071
7265
2946
8873
4661
8264
1278
4410
927
55063
8261
4428
58649
104119
101850
26797
5475
96075
2283
74089
8123
53887
86487
5017
26501
163949
112577
150856
114464
68358
94959
1954
7022
930
4969
55276
3022
86320
96728
6021
942
2612
2731
3361
3551
4211
3089
4965
1449
787
3467
4688
2420
72641
2313
3200
4881
3111
69844
2474
1611
4187
6184
1997
2995
6979
213
80489
805
4776
3872
3684
88810
147
1653
314
3814
3100
4886
2020
88140
4958
2321
4033
39292
63876
319
5500
5385
5377
26712
50658
5992
8638
2788
5444
3967
1784
1251
949
11
76251
98491
3150
4705
4011
128360
2391
30
4292
54001
3475
353
448
3011
6530
1120
7090
82459
3364
4349
2245
2488
2010
34405
7096
6299
2575
1237
1921
1081
4263
26084
6639
6852
91658
3036
1082
5782
4326
97938
5876
73017
29
6777
2732
32587
27329
97923
8622
4017
3911
4190
144976
2096
61240
6104
1188
233
6377
55247
5367
2941
97304
97
446
55052
69481
1343
40629
1131
89745
3083
59784
110102
5801
7013
78039
56805
7386
4552
85
140267
950
1357
101525
8042
148626
87232
1419
108981
2690
176
108727
102684
92259
38499
5329
140174
4846
112290
8970
70293
2857
3272
4378
6461
1748
6987
99145
4424
50068
1934
6273
6063
7285
8798
3679
509
2929
8507
3328
85401
1374
2730
2068
733
3105
3966
54503
4338
109487
1354
1845
534
1340
44555
38886
1257
2231
66934
943
26178
7075
81564
2046
6612
3702
7084
89804
5010
4848
552
497
50742
50740
5505
3789
3396
8950
6538
44199
2085
6218
60069
281
112852
3925
3736
1209
4658
26
2916
1884
290
3809
2022
4029
5812
74458
7478
7088
51540
3135
3508
26242
4822
2966
67087
97673
5120
79242
4465
3948
1243
2935
3653
832
264
2278
215
41997
3831
7445
8645
51255
4888
91077
5379
363
2712
1580
55253
98154
2626
309
105355
105197
515
4021
1201
6271
106100
5670
1255
8492
56607
47099
26350
25945
127164
94931
25996
72720
26505
128606
72367
75990
112399
6133
8979
95135
26147
25999
26323
2066
61357
127152
7126
58879
50245
4801
8572
4927
8491
38304
5088
47092
7073
151307
112735
27812
25882
120821
110752
7111
53024
4821
1475
1022
87222
3873
2108
73321
96821
6001
4002
27838
101895
1012
3075
8477
2795
106696
91542
4437
3034
30712
6350
87304
7300
37733
2930
7025
80549
866
69
45210
390
501
1938
3604
1078
122892
112515
2459
8191
