user_recommendation
318
296
527
608
2571
858
260
50
2959
593
1196
356
2858
589
47
1197
1198
778
110
4993
1221
293
1270
4973
912
1
7153
4226
1210
457
2762
111
1213
1136
1704
1193
2918
32
1148
2028
1089
3578
2997
745
2329
750
150
2324
2542
5952
541
1291
1240
223
4878
908
1617
2692
1968
364
899
1073
904
4011
1259
1247
1200
969
6016
953
1961
4306
1682
1225
595
1208
4963
2804
913
903
58559
79132
1220
2502
919
1203
1222
2396
3481
1214
1207
2797
3996
898
924
1246
1252
6539
2291
2716
17
923
5989
7361
46578
1732
4034
8961
1278
1204
497
4027
36
6874
235
6
1219
56367
11
1610
2599
1230
2908
1206
1625
910
48516
1276
1356
1090
3147
16
3114
48780
555
32587
1028
319
55820
68157
2268
265
337
1199
3897
1036
1265
7147
4995
1947
1307
44191
471
1228
926
588
33166
1060
733
1097
50872
1357
1244
272
1288
8874
5995
4308
720
7438
1641
1223
2064
475
161
1580
474
515
2076
4886
68954
1035
6377
1077
1304
349
1250
5618
1393
1674
2580
1500
232
1394
3671
49530
1527
950
2019
246
5418
2690
112852
2318
6502
70286
194
1258
954
1269
68358
34405
1084
1411
59315
29
7022
56782
64839
2194
1263
7502
914
3252
2761
63082
1673
357
1224
1254
76093
106782
6863
3362
3462
1079
3006
1653
1285
2501
8368
5669
800
280
5816
33794
1201
5991
5444
2144
3020
81229
6942
2160
109374
1466
116797
30749
4235
6796
377
3793
40815
62
3275
1234
741
2125
3949
28
1215
78499
48394
81591
1172
5010
2232
1952
3788
3683
922
1374
3044
1292
4848
59784
838
54259
4014
1233
89745
2395
68073
1217
36529
1293
1192
1266
134853
1212
1945
44665
1287
1103
1281
1080
551
109487
1960
4262
134130
3471
8132
3735
3499
1729
175
25
628
1299
2739
106920
916
81847
92259
34
115713
58
353
1958
122900
1953
3081
54286
529
2289
1300
1272
7099
2871
86882
671
1242
480
115617
3791
1096
1639
1256
2300
3510
6350
49272
2020
7090
5225
88129
1957
1264
3448
900
1120
110102
1086
40819
44199
1095
5349
994
348
3088
1333
162
87232
1231
106489
30707
88125
3359
1267
86
3033
3035
69844
307
8970
6807
1175
2248
6870
30816
968
247
1954
3256
3730
2391
3386
951
106696
3358
3363
44195
122892
261
3104
104374
3868
920
2841
3556
1056
431
3039
4085
74458
535
41566
79702
2303
69122
2096
3000
1302
1284
2924
4128
911
2243
2202
102445
8784
4450
1173
1227
955
2115
85
5971
81834
2763
2359
4223
1939
1921
38061
2987
1094
2746
2795
3152
3581
4720
805
3060
2231
1235
3424
3219
440
38038
3095
1179
508
58295
31878
6979
905
3016
3538
72641
1754
3916
7802
48738
2971
37733
2186
97
3435
6773
2973
6440
66934
1907
5064
290
64957
4239
8645
81845
2467
1305
1218
2463
1260
538
3307
1178
3201
5630
477
47610
4016
52
5782
1249
8360
509
57669
3203
3504
60069
6188
308
933
1537
2390
6754
31658
4007
51255
3262
46976
5956
5060
3451
1013
4979
3468
3823
940
1303
45728
94959
3213
1950
4427
1464
946
8981
91542
3068
73017
6711
68237
1023
735
3070
1959
7139
51935
1956
3111
104841
27831
9010
5791
2132
1719
4357
3476
1734
2138
2912
1688
2929
1784
590
928
4246
6218
85414
2353
4166
121231
1361
492
3019
2406
1211
3272
1248
8530
1962
1542
80463
142488
72226
3512
1343
3098
6003
104913
1189
5103
1792
3361
54001
2712
930
6659
89904
1243
531
35836
8633
306
7386
2070
412
616
64620
8950
1964
6974
3210
1982
422
3255
3365
55267
1188
88810
4846
31410
6283
5812
106100
6380
3196
84152
2917
3022
7669
3551
866
8228
5146
41
3034
49957
64716
766
2935
3246
2288
26152
3469
40629
7373
2819
3134
6959
1209
3543
2105
34332
2686
8493
1680
380
102684
581
58803
3429
4361
6620
108981
3176
8807
5955
108727
54997
59725
1594
96728
8958
4019
91104
69481
3677
1948
140174
7263
64034
1131
3967
224
111362
7380
3342
1046
7075
30
534
4406
51412
850
112183
1283
945
60684
4696
6281
4489
309
97304
58347
33493
363
147
2788
2336
2357
1994
5074
921
5690
82459
1449
3969
98809
942
148626
3153
4623
2273
4228
7844
3745
222
87306
4642
90061
4755
82
111759
4304
3627
4161
45950
68269
106766
53519
6618
3270
3814
55250
4103
2780
230
86377
4442
4567
2880
4717
4565
876
599
4616
3910
26524
6461
56152
3696
47518
2846
3594
1649
281
5878
213
93363
7285
5903
2078
1029
1257
4632
4626
70293
605
3198
5446
6331
632
3676
53
115569
2459
1797
1354
6787
7156
2067
1237
1280
907
927
268
2490
8938
2890
7649
266
81564
3702
6669
18
63876
95510
54190
40583
1387
5765
3437
4630
96079
96821
3783
3355
53956
55442
2420
121
2436
2331
3952
1104
1262
54995
3686
3612
1955
4017
3703
206
663
2919
3420
88140
106916
2726
2208
1916
3007
99114
1934
55069
373
5500
73321
203
1611
34072
6385
108932
6970
117529
3408
3741
1845
97921
38499
55290
49651
262
3421
1834
3186
893
27773
971
4467
3507
139385
8638
81932
7137
3983
134170
27803
1050
178
4566
1177
6993
56775
39
80906
65261
1598
6879
79824
41573
80839
32289
48791
1049
42418
3135
1286
1277
52281
4033
74727
1944
57504
2857
91658
1081
55118
2677
69757
279
1147
861
613
33639
2920
6269
2454
146656
33660
4349
3071
49278
80489
1441
2687
69
2664
322
1966
6323
111659
2041
2280
39292
4263
3879
6333
314
2961
4121
521
112552
1408
86320
2355
549
87522
91978
52950
130520
79139
8607
6662
5377
3067
991
26326
361
3505
3831
66097
2962
1587
1066
3089
8580
2330
6063
62081
27478
99813
111921
45
2474
2394
5460
2443
7482
85179
50068
390
3963
7323
3606
3724
1693
8798
114060
32596
2312
728
101525
7451
7235
