user_recommendation
318
858
260
593
608
527
296
50
2571
1196
356
4993
589
1198
150
2959
2858
5952
1270
541
7153
1210
2028
1221
3578
457
1704
2762
47
58559
778
1197
111
1213
110
1136
364
1617
32
25
293
1
16
1225
2692
1203
300
4226
1089
745
912
2997
2502
480
1214
2115
590
1193
924
1200
4973
1259
1580
235
2918
1036
4011
1212
2324
3147
2791
953
6016
2804
969
1527
6
7361
34
1356
246
48516
529
79132
3671
229
1291
2467
17
1073
1265
3510
1258
908
1961
4027
1240
919
2329
904
1682
1304
1954
1252
6502
5902
3897
2797
899
733
4306
1148
3996
4878
923
58
2542
3706
3421
1079
54286
4995
903
2064
913
508
349
2278
1222
1278
2599
1086
2081
3481
1090
4979
750
720
8961
3793
2396
1208
7502
2005
1732
1269
306
2318
2300
1997
5418
905
3735
5995
162
595
1199
1393
8874
1307
59315
3952
553
497
911
1215
5618
307
5989
1927
1035
2716
1288
5954
4963
2712
1321
55820
1084
319
920
1267
524
1223
1673
32587
74458
2846
54503
3000
2395
2792
1953
27773
1021
73017
3360
931
161
194
440
69
588
922
6787
3967
1262
1276
109374
134130
1080
141
471
1913
3088
35836
2011
308
1220
1584
1234
3006
56782
3527
1060
2268
4235
3949
1028
3963
2202
4886
3081
2580
4007
1272
3548
76093
1299
1032
34405
1271
1923
281
222
4641
6333
2019
39
628
106920
48780
942
3408
5971
1219
515
2137
2248
29
8665
8208
926
555
69757
109487
2186
906
4086
7027
3114
1343
1947
1233
780
3994
40815
1688
3033
2406
3363
535
247
1674
728
116797
5445
3181
6377
2788
30707
2841
151
55267
40629
648
938
3462
3256
1263
1249
5673
49272
1207
1387
92259
1185
1261
230
339
3101
5903
954
1302
1982
452
671
1376
57669
2020
62
2863
2987
4034
5816
2144
49530
1250
3701
1287
1201
4246
838
1081
4967
1172
79702
56152
262
2890
3911
2572
4958
509
4896
68157
3499
8807
1188
3007
594
56367
1358
373
2194
1247
3868
71899
21
44191
916
112552
3916
51255
1357
92
50872
6188
3071
2501
1228
965
7293
1175
1192
54997
2746
54001
8957
5299
1449
6539
249
4571
1298
616
67087
3435
74727
13
3039
44665
1204
500
4874
40819
741
47099
1680
2371
3178
8132
215
735
2289
1257
5747
3213
3420
46578
994
2872
4095
1078
2094
1653
22
2690
766
1957
232
2058
55269
1097
475
2096
2984
1244
1173
68237
5300
102445
99114
1189
4014
1916
3160
33794
4467
1962
2073
534
261
3451
2761
368
61323
4128
337
968
3524
3044
1256
85
4321
31658
914
8970
5679
6669
3019
3089
2138
1921
106100
8533
2924
1094
8368
266
33660
1022
69844
3219
2871
167
375
202
113
940
1994
69481
3418
3545
3476
56949
36
280
951
1077
3910
4105
47610
104374
97938
98491
412
454
1958
6732
115617
77658
7147
3328
5500
2739
3070
345
88810
86882
30749
80463
74946
1129
99764
1333
5060
81229
39292
1801
3035
88125
1177
96588
6796
1280
610
2303
58047
65188
2917
1592
30810
89745
802
1023
223
6979
2078
60756
3262
950
3504
477
6708
3176
2971
72998
2423
37729
4085
2779
140110
3307
4378
1344
2291
6378
898
2352
2520
8641
31410
28
3861
36527
4921
3617
4023
94
1099
2490
1020
551
1944
5114
299
4728
2302
98809
1246
51935
7143
27611
1292
1330
1103
73344
1082
1015
575
1264
1372
4679
26614
64614
348
8798
102123
3275
2707
5945
3334
4489
3730
4450
1945
4223
73321
3246
3471
1466
7090
2563
1370
2866
72171
80748
861
3677
97304
5669
65261
4351
380
1537
2087
1819
4076
390
4796
5427
1563
4591
565
4518
2267
1450
4930
1352
4352
3892
4965
2359
5782
934
1734
71264
1061
4090
1286
1960
2948
4520
4140
58299
178
6413
2208
2102
3683
1218
88163
5152
64716
68358
3061
41
146
71535
2132
3917
55442
4081
78499
900
2284
1955
1353
3015
1095
2232
272
5064
2057
1209
1797
6870
27724
36931
127152
1892
54881
1130
26082
5630
1135
152081
2694
106471
917
58803
986
91630
943
3516
2119
1937
2273
2167
1834
176
100556
5498
101962
3203
91542
2090
4438
73881
1293
5991
3973
3362
7263
38886
3110
2038
68159
596
2870
11
2118
2973
34153
321
2539
104
2336
290
2819
3925
90430
99728
4846
54736
1217
4696
3844
2231
93510
31435
5010
86548
6711
203
3095
2043
4681
1019
53972
63859
8131
54259
6350
2335
3251
31420
2357
2155
3751
2280
3653
91104
134853
2944
76251
1268
1059
1274
146656
64620
1484
1014
6286
3521
3016
3654
74510
5888
8360
3745
64034
96829
122890
48698
68135
6122
104913
71838
1956
835
1649
1231
8644
27478
31184
62956
96821
3341
4848
3129
3062
112421
3450
7844
1282
133771
93443
31225
48082
48322
8636
85438
474
5460
2795
2626
96467
79677
74754
86000
148881
160590
128620
107978
127108
139757
139116
1835
112138
3112
1111
4029
8910
50703
6776
141668
52885
5956
38061
3927
6993
47518
26649
67255
6331
3201
3424
65037
76173
59684
6818
556
62374
2938
1120
4103
1754
7099
2353
4338
72641
2880
4442
4133
4565
2780
4567
4941
26152
876
4717
3627
122892
131724
71156
2905
250
6586
7040
2459
3565
5025
122882
1967
55451
4121
3983
54256
2912
4994
2310
3430
4017
7156
3599
8633
8969
34162
1374
1211
3429
101
3263
81591
95167
4188
8880
1131
4814
7320
3156
159
241
96728
832
81847
800
3412
4945
4466
63131
3355
6187
1147
3489
81156
84152
5444
1946
1912
7254
111529
1194
57368
85736
6156
3259
45950
102125
3030
928
86
8950
55721
7075
26326
4448
6874
5337
5876
78836
136445
118890
7302
89904
86377
129514
130970
128846
102217
5101
120805
136447
42163
140265
5772
1092
2404
1339
1934
5219
5785
2263
6883
1243
4019
2946
218
3798
1951
3761
1254
27846
2734
5690
133419
1884
8012
