user_recommendation
318
296
527
858
593
260
50
1196
2571
608
356
2858
1270
4993
47
912
1221
1197
1210
2959
110
7153
1198
5952
589
4226
457
293
1193
904
778
1704
1089
899
908
750
111
1259
4973
1240
1208
150
2997
923
1247
1968
79132
1203
32
1136
2028
541
1252
364
919
924
2918
36
3578
1213
1258
903
1291
1
17
1617
926
913
1073
1206
953
58559
969
1265
1207
1222
1230
1682
1225
1304
44191
2762
1200
745
377
48516
1036
2019
1148
246
68157
2324
1214
1199
3996
2599
4878
2692
1307
1219
497
7361
1035
480
5989
1228
595
1250
2542
3897
2064
4011
5995
1060
1732
6016
2396
2716
6
55820
6539
2797
588
46578
3481
59315
32587
1288
733
48780
551
1204
910
56367
1961
2329
898
3730
25
50872
1625
1356
950
1267
1220
475
3471
1212
994
2580
1079
920
1244
3504
1610
471
1028
2300
954
671
1374
4963
1276
1172
1233
2186
2291
92259
3006
2115
106920
3147
2804
2076
265
1256
1278
232
1080
2502
8874
2395
2194
2791
175
2243
1952
30707
3462
1084
2303
112852
1945
337
33794
106782
33493
7438
1287
1231
223
194
3000
3317
1997
76093
1097
4308
515
1263
1235
1223
1673
1077
1096
5618
590
3114
88125
3868
2712
380
6711
1254
3362
49272
68358
2289
31658
81845
109487
555
4995
1466
1095
2871
116797
1960
2761
86882
78499
2268
59784
4034
1500
70286
4027
5902
11
1947
21
1103
800
1090
1299
4235
306
85414
1285
235
922
74458
5445
2109
2739
741
1264
81229
1584
1127
54259
3499
1719
1955
3683
6874
1580
911
905
1953
1293
134130
1094
1266
5971
3983
1394
56782
62
1358
16
7147
549
3468
1217
6502
3307
162
1179
1674
3095
2971
4361
946
5669
1041
44199
40815
54997
866
3175
349
1784
1262
3429
2105
104374
1280
1260
1959
2318
4886
2248
2144
3152
1939
3039
951
3435
955
2917
1234
300
1178
1218
2863
1269
3201
3160
1189
6787
5010
44555
1209
431
508
930
1537
1224
3671
1246
529
39
1361
4489
1023
3022
2108
1956
1192
3949
44195
1249
1272
6807
2947
6440
1921
38061
49530
314
29
5500
3363
1296
1257
2359
121231
1357
51540
50068
8961
7099
81932
928
28
98491
3359
7090
1834
1407
968
8949
5679
3072
4085
1449
1946
115569
3033
33166
2648
1734
1411
838
2987
3089
581
441
1284
39292
57669
945
1086
348
272
110102
52435
628
2020
1305
2010
1215
1248
3246
307
26587
3088
6796
6979
116897
4873
3019
1916
3196
1292
44665
91658
115617
3788
115713
89745
3703
1957
3911
35836
2501
916
280
921
3198
64839
2232
56757
4979
7132
26729
233
222
3421
8958
534
4903
3260
3310
2944
357
106489
1982
54881
69481
5060
909
1066
1393
5225
7669
72641
2664
3741
149
88810
82459
81834
5418
3035
46976
32898
2925
1635
4014
2686
4029
927
1964
4007
7502
48738
69844
5893
1131
5064
85
122892
6350
72226
353
2321
281
1238
106696
7116
971
7386
3735
8264
1927
6378
7022
3801
40629
1201
4271
26131
4017
2132
3037
1251
3210
1845
1183
64716
86377
101
7091
1188
4306
1923
7767
52281
2908
7013
2929
67255
215
261
933
91529
97304
3952
41566
2936
2795
58803
3083
4105
2357
104841
2313
5876
2231
5269
2278
1859
4731
5071
3320
4302
3702
88129
7075
3915
86781
3300
1104
7143
2366
30749
77658
88744
5991
319
5013
1333
74727
3101
2208
8638
1962
77455
8368
80463
2924
100556
89492
53123
3451
86
1958
6942
102445
5008
6932
1050
3556
308
1147
477
474
37857
3686
8132
68159
64034
4037
373
8798
81847
907
1948
56152
4103
6669
3252
37729
2949
8542
1029
2644
6870
111759
7649
5477
1464
78574
112183
6732
2728
96728
3505
3814
27660
99114
1950
3357
3476
3871
55052
73
4623
2203
70293
1175
3811
4021
64614
2890
3007
51080
6783
2726
2935
3060
6863
1211
105504
116
140174
4422
3469
3724
8228
52767
7566
51662
4056
4945
4466
27831
65642
79702
109374
599
3365
1967
1912
5630
2746
8970
935
7263
6271
1827
65514
26662
65261
54372
55276
803
54503
1283
3068
42718
80906
759
26152
6662
3030
91653
6273
3551
6993
5014
2068
2920
106100
6791
3203
8908
4179
2459
68237
6380
1177
3342
6104
171
34405
96588
53996
97
1253
6327
146656
123
90428
2529
1185
3270
3501
111921
1963
7139
8933
345
2857
42418
3038
3044
58347
3104
7802
3536
8981
7256
3168
3728
1934
104913
3167
89804
37741
8580
2985
7419
1186
58047
36529
3844
87232
2078
3633
492
1286
1754
82
31193
5028
1527
1150
850
3108
2946
2912
3594
32525
1860
7320
93721
2434
26712
4066
3275
4210
6724
224
107910
720
3929
2572
117529
73290
3213
1242
3361
6641
6650
3565
3355
2066
7698
60069
5992
1303
4432
52973
99764
93510
2732
1176
309
1298
112138
97921
68838
4846
7034
1099
6867
69757
7484
70565
556
918
58303
1237
8239
8199
3266
3739
25750
5114
3415
7574
26578
7564
872
52617
26150
6725
4789
1025
412
2938
1641
68954
1649
63082
5782
30816
3545
363
81564
7164
4033
2125
101741
110645
7451
55069
69524
2138
937
79091
7087
134368
6565
2005
3358
99813
900
539
4144
2690
26326
5135
6331
915
2745
79824
594
127152
68269
4920
58
8650
32289
80839
48791
41573
1954
3256
2612
90531
68135
1748
4019
5475
27846
38038
4349
51412
112515
5470
70183
2594
6254
3111
3341
73344
3396
139757
3077
7943
861
4612
96821
1729
85774
47728
25852
8121
7208
178
2927
1081
80489
2948
3074
5385
4658
72998
38304
45950
5341
893
80
5816
901
7373
44788
7063
5772
2474
7836
7380
1653
4801
4755
90061
3783
2729
47518
60756
902
60766
1281
86320
4410
41
3507
2273
134393
50658
326
422
4188
54995
2067
1061
55063
3071
54286
26472
48696
3967
4406
2106
84152
83318
83359
67504
83411
87222
60397
96829
68791
3546
322
50851
