user_recommendation
318
296
527
260
593
608
858
50
1196
912
356
2858
1210
1193
2571
1198
589
1270
2959
47
1221
750
1704
4993
541
110
293
908
1136
1197
2918
904
1089
1247
899
2028
919
1213
969
7153
111
5952
778
1073
923
1208
903
926
32
1259
1097
924
2762
150
17
1204
590
1206
46578
1035
920
4973
898
745
595
913
1219
1265
3578
1240
1172
4226
1732
2997
2797
1252
2329
36
7361
471
1617
1235
1307
3462
2804
1199
1207
1203
953
1
1220
2019
2324
6016
922
6
246
1358
1291
1584
1276
1228
2300
1968
1104
2791
1233
48516
1148
3897
2599
1225
1961
1084
21
457
1060
1230
2692
194
4995
55820
1267
955
1223
1079
555
1212
1952
1036
1610
1096
720
2396
175
1258
480
3176
3147
1269
1288
56782
910
1304
364
1953
1625
509
671
1028
968
163
1945
4034
2359
3114
2502
3996
5989
2064
497
2132
314
4308
5225
1250
588
6711
1222
1299
2144
1175
2580
2542
16
8874
1215
3362
2186
56367
1296
4878
1214
3730
1023
25
1254
994
1217
3435
1682
27773
508
78499
4027
515
29
3418
2076
3916
3421
1080
3201
32587
1305
930
1957
1500
1283
1361
2908
1293
3545
928
44191
79132
1278
1948
373
1333
1285
2395
3160
971
357
2067
2917
68157
4963
3471
3504
1537
2268
2289
265
3671
223
1264
1960
1272
916
6874
1287
1754
945
58559
2871
3481
1273
8949
3468
2863
902
3429
3868
5669
475
2248
1243
4235
64839
1147
551
911
2971
5995
1103
2087
337
733
2726
30707
2303
1066
2644
3814
1183
1719
3167
5679
1248
2291
2125
281
921
7502
50872
68954
2951
109374
3168
235
954
1253
81845
342
3037
3510
106920
1394
3424
35836
1923
6796
1527
40629
2010
800
4085
162
1086
914
8981
272
261
3361
2467
2739
4007
4432
1200
33166
2648
1224
938
1256
88810
1950
950
1292
3949
5991
1251
92259
2929
1263
5956
1956
7438
106782
8961
1090
57669
2243
2732
1234
1019
1238
7132
1884
4014
81591
2686
3683
1641
70286
1249
1101
72641
59315
48780
2078
1099
7147
1262
3022
41566
5618
866
1237
3039
86882
2761
4306
3317
377
6942
933
3200
1927
2366
1300
233
63082
1127
1231
5060
3033
26729
1356
915
529
1959
1946
3788
222
1939
4277
1029
2194
3108
2160
3703
2141
106696
937
1041
3879
1944
635
901
5782
1188
3000
3359
1284
6662
3386
1674
3551
306
3134
4641
936
3089
3499
951
907
6003
3101
1673
3152
2916
2716
8228
115617
74458
4422
171
5791
41
232
2460
213
474
112183
7087
7075
927
3060
7802
349
3865
4262
3006
76093
2357
7767
3019
1834
1963
32898
28
6502
2018
52767
2434
594
1365
7116
205
8542
62
1189
3310
581
1374
81847
1964
5074
2553
8958
81932
307
5902
1124
1178
1260
363
3270
280
7022
1246
266
2946
2203
1211
7013
628
2788
946
5418
3038
308
6807
1387
3653
4886
2081
55276
7669
7419
1343
2105
176
8784
2278
2712
2115
6104
3476
2330
1955
3253
4292
4979
3363
2612
54286
4424
3702
2925
3034
3088
4011
7091
72226
44665
8368
900
942
96728
3546
4658
596
2020
1916
8970
6787
68838
1845
134130
1025
94959
4037
55247
3408
2285
3307
68237
48394
3552
61240
390
7256
1466
2575
3275
2731
3469
6870
4349
50068
7263
81229
3594
5475
2232
1280
1784
105504
4103
79702
3035
2398
1081
3741
5341
44199
7836
8933
1077
5385
8645
3724
1184
39
5444
116797
3104
3072
2936
1965
69122
121231
4428
26501
104119
101850
96075
26797
74089
4410
86487
8261
53887
55063
58649
8123
5238
8264
163949
114464
112577
150856
5017
4450
2318
34162
2283
3198
31410
106916
6021
31658
54001
4809
64957
2488
6461
1095
3684
86320
3246
5008
30749
599
2976
2459
55269
3872
5992
1962
7566
4380
4304
2987
4661
2005
4190
5876
4361
40819
4969
33171
1202
1680
68269
1729
2729
1393
1921
4002
73344
81834
6791
70293
441
2117
51255
3801
6331
6783
3067
8638
86
6062
1257
2474
6724
4179
3135
79824
48791
41573
32289
80839
1266
6377
6188
4105
5028
2363
61323
347
2137
905
66665
80
7771
7564
26578
52617
7574
872
4271
26150
2664
4783
97957
52973
3983
88129
99114
2073
38499
8239
2846
3007
104374
1218
759
6184
80489
4711
2627
3947
2261
2824
3718
4562
2728
5010
55052
2068
55118
230
1061
48738
115569
6001
4117
32525
149
2150
2333
64614
3301
7143
7943
7451
2202
85414
5816
3216
92494
40412
11
3133
3507
477
5971
91658
448
1123
177
805
1120
4489
54503
6273
5903
89804
48696
5500
8950
2973
5312
7285
3548
116
97938
110102
1303
6773
33493
1611
2490
109487
58303
2353
309
97
69844
3477
8650
348
3252
3555
44195
4612
53123
4128
42004
2231
37741
6187
3952
2920
2554
112290
3475
3330
147
78039
56805
26974
128360
73
2935
918
161
36529
87232
8042
60397
127152
2690
46723
6063
428
1699
1185
3809
49530
56339
1464
6530
2420
91542
845
483
102684
108981
108727
247
3196
8121
25852
47728
7208
2927
96488
668
1419
85
34338
69
3077
6552
3966
101525
1941
8807
115713
59418
49280
26422
7090
64034
6786
5103
63876
7099
6440
6993
4188
7265
4801
7698
51540
1050
7386
39414
88125
514
3384
99145
134853
5630
97304
2058
3831
40
3415
1958
345
2961
1049
1411
27329
3210
140174
50658
26712
2660
6732
1620
6378
4010
1242
2139
2912
26326
5505
6101
3272
3735
2944
6987
82459
322
1286
6565
7084
102123
54328
1885
56607
8464
4019
300
3142
2745
1594
5955
5772
431
34405
76251
6979
38304
6271
53024
909
2066
97923
3474
2313
3213
27790
1994
6852
1192
61024
3989
3925
2071
4912
1340
9010
224
91077
1635
3793
7088
97673
55069
1619
105197
87304
98154
6214
7979
3696
5765
4630
3437
2208
82169
8132
26587
1407
26524
2620
69481
61357
8979
2949
8492
