user_recommendation
318
296
260
527
858
356
593
1196
50
608
2858
2571
4993
110
1198
1270
1210
1221
2959
912
589
7153
5952
541
457
47
1197
4226
1089
1193
111
1213
1136
778
908
1704
1
1240
1291
150
1617
924
4973
32
1225
969
2762
2028
2918
1265
904
293
750
899
2692
1258
364
745
1252
1203
913
1304
3578
595
1259
2324
590
1036
2396
923
903
1247
2329
1961
2804
1148
2599
480
1230
919
588
1214
1682
2115
7361
1200
953
2997
48516
6016
1199
1732
3147
6
1204
1206
1228
1212
4011
32587
79132
1079
1084
3421
17
4963
1276
5989
36
555
551
1207
4306
1222
349
246
4995
1219
8961
1267
898
1028
1220
926
733
5995
1580
58559
4878
1997
1080
55820
2716
1060
58
6539
2064
3462
1208
1923
4034
62
2268
2542
2019
1287
1097
1968
68157
1269
44191
471
1250
3471
56782
1172
59315
162
1246
1090
2797
4235
5991
1263
74458
3481
1953
21
910
2067
1952
440
3160
3435
1356
1466
1307
1233
4027
194
46578
1673
5418
2580
1610
922
720
1947
920
29
475
30707
1035
1223
1674
994
1954
515
1960
474
232
3996
1278
905
1945
1680
1299
27773
78499
3114
950
2194
1288
4886
1625
1411
1234
11
2501
497
337
2186
2300
2791
3949
300
2863
6796
1834
8874
911
2278
1183
3527
5064
3006
1272
838
7147
2467
954
3897
2908
54286
5669
39
3468
3868
2712
2005
1073
1077
3307
2795
4007
81229
106920
3910
1086
1094
4014
106782
76093
2289
671
2739
1358
2125
1262
3101
3510
1927
3044
6502
2076
1387
50872
1884
92259
2502
116797
928
8368
2917
109374
4641
1957
1096
56367
1264
3362
1584
2916
3499
2096
35836
73017
1959
1333
6874
1217
2248
1248
40815
54503
3088
6787
916
1719
7022
1215
1104
2971
49530
7502
5816
44199
1254
5618
2871
8958
2890
2231
3176
2359
1103
1280
2132
2020
628
968
2973
30749
175
2202
2944
272
3671
951
509
3967
5055
1293
3259
6807
6732
5902
3793
2357
1218
3072
1231
914
3730
2144
1201
81932
57669
64839
280
2243
1946
1175
2010
971
1950
70286
101
4945
4466
281
3039
1374
222
1298
3081
91542
2303
1296
2160
357
955
1357
1729
1955
800
1023
25
3683
7320
3152
1527
41
68358
1249
33166
3983
44665
5445
4188
7116
68954
1956
1994
54259
1361
106489
3007
2318
1256
48780
431
8981
2946
1243
49272
319
3317
2391
1916
8880
81845
4262
2291
7090
1095
4380
104374
1619
1284
477
1305
89745
8228
1921
2846
938
81591
3548
1353
1189
3788
1192
6378
1963
7132
2208
1244
1302
3735
508
4037
106696
1649
96079
3104
4343
40629
5444
69481
68237
88129
110102
3424
1663
6565
2788
2612
648
942
33794
1185
1211
3703
918
454
3504
348
2726
4979
3801
524
1321
4085
534
91104
1948
1537
112852
759
109487
4019
946
5225
2066
134130
5017
86882
529
3246
945
1224
377
1939
1188
8132
306
1131
1962
2648
5782
5013
3911
2427
1050
3952
81847
53123
5010
235
907
3451
32525
2690
1688
1099
2792
1147
2081
69
581
7669
2203
3083
3524
80
2137
2734
1285
88810
8970
491
2352
115617
4103
1049
8950
927
8636
54001
930
1273
31658
69844
1120
7438
1982
3033
233
3469
3701
7767
7075
1292
106100
4308
1253
16
262
307
5956
1449
741
207
2925
99114
4223
4450
458
28
74727
4848
353
80463
54997
492
412
146
4086
2490
2924
3038
6662
314
594
51255
6552
2423
1127
8542
87232
7099
2474
3071
3594
850
7027
6987
34405
3916
2118
7087
64716
8798
4489
893
122900
56152
3359
5630
33493
2371
32898
30816
1348
8645
4816
1343
6380
3167
6440
89904
373
89804
6530
261
4623
6273
3178
2936
6385
3360
3676
5014
7263
3871
58295
2644
44195
6870
2938
2434
7256
5992
97304
1393
6331
52
2920
41566
965
5103
64034
2403
10
1178
3546
3213
3361
72226
1641
141
96728
921
909
1041
3476
3168
3869
3251
215
7091
85414
55276
51935
116
1021
3386
37741
368
3418
88140
866
4422
3260
6242
3363
68838
4179
5772
1124
3089
105504
2078
39292
8933
55267
38061
6979
7386
40819
7419
5903
3980
72011
33660
5008
3429
3198
2594
345
3328
3134
8208
933
1209
91658
49278
98809
8949
1237
121231
40732
6235
85
7123
4427
5971
25850
7700
6852
4054
3545
6269
538
5608
3966
6650
2664
2232
3000
97
42004
67087
51412
1944
88125
1784
26524
8
26326
931
55069
6791
6942
3741
8264
40583
70293
1907
176
122892
6350
37729
446
3507
7649
6669
5114
2245
3201
3060
7981
6786
111362
3095
3019
2935
36527
8641
2929
1354
31410
647
3310
134853
86377
1300
55250
1797
3015
45950
55052
4410
6959
3556
4437
441
93510
73321
52767
5791
2321
26587
7371
151
7143
1283
82459
845
55269
4017
535
6620
8650
99764
4642
5475
8123
58649
53887
2285
96075
55063
26797
74089
86487
26501
8261
4428
5238
163949
101850
114464
104119
150856
112577
104913
5446
2366
1286
2575
1078
3022
127152
4612
58303
3505
3475
5876
8807
6021
917
26729
1594
5341
2283
38038
937
6377
2949
4969
67255
79702
3275
351
27721
2138
1238
3142
2984
86320
4117
1888
6783
6254
5385
4326
1257
47728
8121
25852
7208
2344
2927
7156
4349
52435
7836
6776
986
77455
2875
4903
55247
39414
2553
6724
3396
1081
3791
3927
1734
5812
63082
71033
1251
4809
2068
47518
1281
36529
86
2406
4661
32289
48791
68269
79824
80839
41573
224
1693
69122
2732
3200
2087
4273
1260
5146
6003
5747
52458
7943
3263
3252
3070
6932
6612
6711
4432
93363
51540
257
483
3129
7566
3270
42418
112552
59018
3035
44974
27317
3736
6954
6777
5500
6218
2130
1330
2731
4002
1184
2745
3037
88744
428
223
54881
1670
4095
112183
613
3551
3872
3925
3739
1611
131724
4304
140267
3653
34072
6773
3365
25947
71535
34153
1232
