user_recommendation
318
296
527
858
50
593
260
608
1196
2571
356
2858
4993
2959
1197
110
1221
47
1198
457
1270
7153
912
1210
1
5952
4226
589
778
1193
111
1704
150
1089
4973
908
1213
1136
1617
2918
364
904
293
541
2762
1240
899
32
1225
3578
1208
1247
58559
1291
1203
750
1252
2997
1682
2028
36
2324
588
969
1259
2396
4963
924
480
745
1207
1961
1304
79132
6016
2599
48516
1258
919
2329
2692
1148
1222
1228
1265
913
17
1968
6539
1580
5989
7361
4027
926
4306
923
1276
595
48780
2502
1036
4878
2716
3996
1250
1073
898
1214
4308
953
349
1060
590
1732
555
1080
1527
1220
44191
5995
32587
903
4011
68157
4995
246
1200
910
497
3147
2804
4886
2064
920
5618
2300
1212
2542
25
46578
551
515
2797
1230
56367
3897
1219
1199
1267
6
1307
3462
1090
337
1035
1079
1287
1356
1278
733
58
1947
2019
1246
4034
2268
3481
1234
3421
6874
2291
57669
1172
8874
1204
8961
3362
78499
471
475
1625
11
55820
474
59315
2791
3471
1960
2580
50872
1269
1953
1028
1945
232
30707
5064
1293
950
922
1997
1263
109374
1952
628
33794
194
4014
1729
3114
1296
3793
3730
7502
994
30749
1206
16
5418
1466
40815
1500
2739
377
62
2248
2194
1333
5816
1299
2908
2289
955
1254
1084
2186
3006
2115
5991
223
1394
68358
1096
3671
235
6502
33166
112852
56782
671
1674
1231
7147
106920
3683
116797
1411
1097
29
5010
6711
3468
2076
2125
1244
1077
76093
2243
1094
2863
106782
60069
1610
3317
39
838
1233
265
1217
81229
3735
33493
2971
34405
2871
440
7438
2096
3868
3307
1285
64839
1939
1095
4235
68954
99114
49272
1272
1201
134130
1784
70286
109487
357
2944
74458
3088
8368
2890
1357
1673
905
5971
2917
928
49530
2501
5060
916
2202
3504
1223
2303
741
1256
3152
1641
911
6796
914
134853
1264
1248
1284
2359
27773
2795
2081
5669
2067
6787
3510
3101
2353
54259
44199
1292
6377
81932
3435
1251
353
68237
2020
1288
3104
21
85
348
7099
6350
1834
7022
115713
63082
2005
534
800
954
2144
1957
1280
1374
3499
1537
1183
971
44195
2132
1103
2231
6732
6807
1189
272
2712
2761
1215
2321
529
81845
1361
92259
508
3949
1387
86882
3359
2357
951
80463
2160
4239
54997
509
7320
1086
3033
477
1946
4037
1959
1175
1950
3952
280
3095
82459
368
927
3038
1179
3196
5630
2467
1719
1584
3361
2929
930
2474
106489
3000
648
2109
5014
6565
1178
104374
48394
88125
3198
1192
79702
96079
3275
946
222
300
3256
44665
1104
36529
2648
1954
4085
945
921
1948
69844
54286
30816
1449
5349
581
54503
2167
31658
81591
6662
2924
2644
3072
4007
1262
1956
2946
41566
942
40819
1281
102445
7116
1923
1955
3167
161
261
1147
345
4188
1266
1393
4019
8981
7669
7143
89745
1358
2726
2612
7075
8880
3686
1927
6773
3741
968
2916
3022
26662
3246
37741
5956
2203
2336
4103
2394
766
5225
1305
7419
122882
3260
28
5812
1967
3536
4945
4466
2490
2278
7132
2318
900
4896
59784
105504
3252
73017
3201
3068
5152
907
1916
3310
115569
2925
1257
1260
115617
909
3007
128360
88129
1994
2395
106100
7139
1680
3507
2208
175
6669
86
91529
55276
3724
112552
3983
87232
431
7373
535
6001
6870
97304
2788
2690
1366
8228
69757
6979
3363
72011
1081
306
6378
39292
104913
4406
3044
5055
94959
2138
108583
89804
4326
110102
3360
69122
3451
1653
8958
3546
4422
6863
938
1131
6380
4263
70293
67255
34338
3469
1242
80489
2846
2935
3081
8908
72641
1958
58803
2245
1224
4361
1127
3814
1237
1963
2729
2948
88810
8132
538
3386
1962
3801
106696
32898
46976
281
6273
3527
3791
3019
53123
122900
91542
2664
215
2118
5902
1023
3548
2391
146656
69481
4432
5103
91658
3505
63876
3424
56152
3035
3594
7156
2952
7013
850
3111
3418
1282
6331
37729
7091
4427
72226
1283
373
65261
5876
6942
3684
4304
97
51255
3551
35836
7767
7649
84152
1643
1019
759
4410
3213
8264
7285
4661
112183
5475
91104
4465
1845
26729
48738
2732
80
5341
1964
5772
8641
58295
233
4223
1185
2352
4349
4086
3543
3967
7802
27831
3060
6003
98809
5385
7451
81564
1238
319
2285
599
96821
1688
51540
52281
428
142488
307
127152
5238
55052
93838
1303
8970
1597
1209
8542
1271
933
1635
51935
2010
7090
96075
26501
7087
8261
8123
86487
26797
74089
53887
4428
55063
58649
101850
163949
150856
112577
114464
104119
1982
6021
7836
224
5017
7386
4017
104841
7263
2283
2920
3545
45728
115122
41
55069
26524
902
51412
3083
122892
3203
93510
1099
116
3071
1286
6440
3966
52
27022
89904
4809
6452
6552
4776
3355
6852
3365
38499
68838
2232
8638
1274
86377
5445
86504
2728
3429
8665
3872
1211
8950
3475
3102
99813
2070
1792
866
81847
45950
148626
247
1202
60756
131724
4623
412
1277
2731
1066
4642
85342
30
40629
4033
3175
5114
1321
2553
3524
1797
3342
5992
1611
6281
98491
4969
491
6419
3134
99764
96728
1913
50068
37857
89492
3980
2949
38038
7943
99145
3089
5446
1218
1907
4343
2734
2936
1059
5464
52767
7566
6777
8933
1120
7137
3448
1734
54001
55247
66934
3357
5791
893
2686
108932
1249
2819
2746
52435
2140
2841
64620
2066
6724
54881
965
1050
262
100383
48696
6783
7380
74727
3811
1021
3612
7698
3160
290
1348
1302
422
178
4262
314
8580
1694
6708
55721
4912
4179
8807
101
6385
4801
6959
2366
85414
1395
3037
906
55267
3016
973
1088
1598
2687
1253
1029
93721
105844
2696
27660
140174
2026
1235
6323
6333
6271
69
40583
6754
448
101525
6791
93840
139385
266
64716
47518
59018
8125
97938
1661
5903
58998
3396
4021
55250
5690
86320
3910
6786
4489
8188
64034
3739
37731
3070
8208
3467
