user_recommendation
318
296
593
527
356
858
260
50
608
1196
2858
1198
457
2959
1210
2571
4993
1221
110
589
2028
1704
5952
2762
58559
1270
7153
912
1
1193
150
4226
4973
480
1291
1036
32
1089
541
1136
1213
2329
47
733
1197
2997
750
3578
1252
904
357
778
2692
111
1208
590
899
1356
7361
6016
48516
2324
908
1222
1240
923
1079
1732
3147
364
1200
293
1617
349
1203
1304
1258
246
4963
2542
2987
920
745
1228
474
969
2502
1090
2712
1968
5989
919
1387
1625
509
1500
3363
4011
1094
953
588
2396
1393
1247
1259
1199
555
497
1204
1219
4027
2019
1234
1214
903
628
539
2064
913
1293
32587
1148
1299
1225
3468
1307
2716
3114
36
8961
223
6
300
1206
4886
898
1527
377
2804
720
2599
78499
1217
1207
1244
1953
6874
55820
1097
3730
6539
926
2917
319
4034
1035
2318
44191
46578
4995
1682
2467
3362
3481
1263
2580
39
1266
4878
1256
6711
805
2739
3897
1212
3088
594
2115
922
2081
1080
1096
1952
368
1230
33794
3462
515
1250
595
30707
1948
1784
4235
2231
1961
2020
5418
940
5630
17
1233
1947
41
1029
3683
2078
2288
2132
3996
3476
59315
1084
1292
62
1060
1305
1945
30749
2791
2871
1302
2406
2289
79132
4306
2797
3200
235
1288
1254
54286
161
3160
7502
288
7438
11
2300
3101
3949
1673
994
529
905
299
109374
1269
538
1272
475
33166
1271
581
1120
76093
2018
955
534
194
954
307
2918
48780
3153
2971
535
3361
1224
2501
5444
1688
1278
1466
3448
5064
5995
56782
5669
3307
2080
5618
3435
2395
3104
3038
1077
1610
27773
1408
3545
5903
3039
671
2313
68157
1663
1957
64839
2641
2137
2474
2336
3706
1939
1641
501
2648
1028
2687
1237
514
4262
1361
2194
2919
3868
838
3524
2232
1267
52
3167
1674
2203
3035
3386
3724
50872
1265
2243
921
508
1242
3499
3181
16
106920
1729
86
116797
1264
306
6377
85
800
57669
233
151
337
910
125
3134
1805
1994
70286
156
3037
6979
1411
54503
99114
3421
3198
3108
2490
2144
350
494
8636
261
968
1376
3016
5902
2278
116
106782
2366
74458
3359
122882
2973
109487
521
2908
3068
3420
1220
3735
1348
3020
2746
1276
44665
3152
2248
477
866
44555
2291
2245
4641
112852
2459
81591
1192
68954
6787
2761
1066
30
3213
3469
373
230
2890
916
2138
1464
1179
265
1262
1885
3095
34405
22
500
1354
2186
86882
3203
428
2664
88810
492
45
348
8368
2096
3341
2938
5673
3471
380
2841
1616
100
1223
1245
49272
1982
1934
5445
72641
928
4085
40819
3527
134130
3728
1960
1147
6333
88125
6796
5991
2976
8874
1967
2872
1584
596
96079
281
2612
1912
2085
766
3952
44195
112552
950
1343
3102
1012
81932
2721
73017
51255
2863
1031
3194
6502
72226
81845
162
3814
1374
1956
2750
8665
49530
3983
1927
1211
247
5816
412
64614
1281
63082
40815
3072
4979
2696
2111
3007
1711
1946
3793
1194
6001
943
4007
81834
115569
3112
1419
345
2093
3246
3638
1161
3260
35836
2099
2594
6662
3272
104913
54997
914
741
103
53123
21
2912
3091
232
3036
33493
1701
1023
2125
112183
81564
2985
1059
6773
7802
7116
2076
4223
1300
1463
1303
3044
951
215
4239
1449
2271
3365
2353
1175
2315
3201
229
1095
1949
1125
1333
2469
2355
1965
39292
893
3798
1394
2070
4009
616
97938
68358
3801
1298
2988
2087
8132
1904
2349
2495
2745
80463
2302
8981
1827
363
2150
3679
5464
1201
4873
353
2130
3060
8949
3406
1935
4821
7022
1931
51662
4661
6565
69844
2728
106100
2693
272
3418
105504
1103
3018
3725
1680
2442
1629
50641
2357
3310
2901
1483
4014
312
241
3100
25
1246
31658
37729
1177
1649
3684
2929
4037
3417
2165
68237
5812
1034
1172
44199
96821
3504
37731
2267
927
2327
7143
149
1235
1260
3414
41566
3833
1341
128360
1248
550
2279
3252
7090
108583
707
1554
1923
1614
1279
3083
537
85342
5103
341
184
3357
3712
3022
69757
2935
454
2337
3490
49
3021
1531
1543
3851
1655
1771
3281
3757
3840
2945
183
2982
2465
3837
3024
1312
621
2419
2553
3342
2131
3557
930
91542
1480
3168
3529
1086
2659
3347
3317
2108
1991
240
1032
326
2859
3196
322
115122
543
4848
2352
2268
2644
1209
178
458
3505
2857
2795
728
3917
3576
2105
38038
97
1104
1983
2346
5992
1959
2867
1130
2290
51540
61323
5159
7419
3429
308
2391
1236
942
106696
69
3067
879
3671
1513
567
3265
88129
2725
2550
2545
3274
4623
5244
93855
93320
2398
2682
2160
71899
27022
4263
79357
2752
102123
67087
946
3547
1875
4128
1392
2202
2166
7132
416
1274
51935
85414
271
3741
3006
3470
7013
10
3358
3510
8622
2177
26614
29
1227
1366
3015
2924
8784
1678
3391
1396
2463
5108
1131
110102
1353
8340
106916
1754
3219
3973
1218
280
2303
6552
7099
6777
7235
115713
1516
3328
146656
52767
278
69481
3546
2046
81229
3244
1285
3457
2788
94959
58
97921
2102
4901
4519
900
446
3081
1088
2613
2453
1455
1925
984
3447
961
3165
6708
80
6378
935
89745
988
5475
8529
2560
1635
1128
54001
3405
89774
7767
89804
71429
918
1261
6273
2238
8228
7566
1719
1907
2109
248
4422
938
62849
3967
1101
2083
52952
93838
1345
7263
1215
56367
2989
32898
1401
3734
4021
46
1686
115617
68269
7091
1191
735
92259
1178
3475
3271
4867
902
2726
2333
37733
5017
4467
3743
4225
2951
3761
8950
945
8638
1019
5341
3911
5385
1047
3507
6807
3970
1280
1997
80489
27660
5971
1127
2173
1282
2208
4465
2925
1639
4846
1231
54259
3604
6870
3251
96728
26084
79008
3089
53318
55052
47610
448
38499
6003
7386
6452
3086
3770
4410
71535
1963
102445
