user_recommendation
318
260
296
527
50
589
593
608
2959
858
2571
1196
1198
2858
1210
47
1136
1197
110
4226
1240
778
541
4993
750
7153
1214
913
1225
1291
1270
293
2028
2918
1221
5952
356
2396
1208
1213
1968
232
32
919
1217
474
912
1200
923
924
111
21
1
1089
58559
2997
457
349
1193
1287
337
1284
4973
3578
1617
953
1228
1288
1732
1264
34
161
3897
1356
6539
2064
1704
1207
2804
969
1148
3481
588
4878
555
497
904
745
223
1304
903
2692
2716
2289
2502
6
2395
595
1036
319
4027
1220
596
1079
1224
2329
553
1259
1172
2087
2872
1219
1035
899
163
1247
265
1961
471
1263
441
79132
2501
357
1278
1282
1073
4306
247
7361
2797
5464
2542
1947
11
194
1222
2137
116797
1252
1784
1081
1674
1354
2324
246
1028
56367
1150
2066
5337
1254
4011
908
3996
380
1464
4010
2940
1059
1230
1201
82
515
7502
2291
2467
1954
6016
5669
6502
1203
926
4995
1090
5103
8961
1653
1299
5791
1394
1673
154
1077
538
178
898
8784
1610
2303
62
1206
1883
45
2231
2076
41566
91500
1702
521
392
235
648
2987
1245
1250
5618
29
2019
33794
1233
28
16
36
2102
1957
994
1234
922
4979
281
950
2318
4886
2105
8132
5989
2140
1009
1249
2144
377
3307
32587
2297
3638
2115
1303
1204
1959
1580
3256
1953
109487
4235
1293
1244
104374
3504
106920
1212
3147
551
800
54001
68954
1276
134130
3108
307
3468
2186
3019
1584
6942
1257
1033
290
3448
1265
1449
162
2096
3067
3095
3910
2788
134853
3104
262
46578
2109
3671
2917
920
954
31658
1173
272
1682
1500
905
268
1258
2132
53
632
2791
1271
3983
42418
111921
3152
38061
2871
4755
90061
1175
3020
48780
1060
3034
2011
2078
616
33493
3198
3160
3035
7438
3089
125
914
1199
3527
1994
2268
40629
1542
3100
1358
6979
4571
89904
4903
1194
850
2572
581
6440
233
109374
1243
3007
1027
299
6552
1845
306
70286
5013
31433
1960
3088
1246
1952
8874
68157
1396
3435
446
1376
6269
2454
1104
80748
5444
3201
1086
3730
141
17
1192
3911
1103
2366
1281
1032
1266
2005
86882
3429
1734
30825
2080
3040
2086
2091
8368
2877
8638
40815
1211
1701
4873
2991
1223
1227
3363
2919
363
190
2908
535
1962
56152
2529
1231
663
1269
3421
96821
2496
1945
2761
866
5991
7256
86377
6711
1357
26587
216
1046
2010
4014
3471
1858
69481
361
1680
2745
1262
1344
7451
2321
41
1084
31410
1012
80463
805
2570
7293
8807
47518
2929
156
910
97938
88125
5690
6350
5299
121231
930
2208
1191
348
8645
54259
3467
2046
8376
492
2973
3060
7669
3037
671
1834
55269
2664
3868
106100
48516
934
105
2018
2628
59784
2407
1022
2857
1047
33004
4022
4299
529
7064
968
164
3006
1958
2094
60069
1446
907
3871
1374
7075
55247
1242
51662
6218
49530
507
7143
3000
1729
3317
5060
9010
224
1292
5971
3683
342
1131
3251
1267
475
4881
3476
53956
61323
6787
1031
81834
85414
1124
2114
116
1719
951
54286
46976
2043
56949
428
6944
104069
92535
1178
78499
39715
73106
59429
5812
1147
7380
2474
112421
1238
4630
5765
3437
3696
1248
3068
2336
50189
53519
4034
38886
3783
56715
2232
3793
6385
40819
3275
2563
3543
6586
585
2463
2935
6612
111529
6377
2331
4459
946
1125
237
4888
1411
1939
8341
1272
2481
6339
59315
909
6296
2391
2106
31435
59684
65037
76173
7386
494
3510
5500
60950
605
733
2598
8981
54503
206
3072
3350
4857
7099
4896
2420
2355
72641
7360
44191
81847
27156
47610
115713
5782
3512
106489
2861
2492
3358
3629
900
97921
27611
95167
2070
5955
55820
1023
5401
1964
1277
50068
451
1096
33660
52435
1298
1527
7649
215
1085
2184
4262
1897
1082
85736
6104
3735
2937
2287
973
96079
150
5015
3114
6796
1295
7147
101
1183
24
1283
1300
2890
901
62718
64034
62155
27803
68237
524
58347
85774
204
34405
3265
5225
1951
1537
594
2677
5470
91529
1307
3943
2150
1333
57669
4533
65261
2108
2068
69844
108979
3505
4427
92210
110873
906
5377
4016
1942
6380
1251
3189
1321
79702
48394
3720
49286
5010
84152
3022
8970
51255
8937
6063
7323
97752
3462
720
4584
945
766
4499
64957
149
1093
3365
2083
8656
4660
2739
112
2971
3200
56782
839
34332
61240
3742
2139
3062
3364
1938
176
58
4232
6791
3044
3168
59387
761
146
275
421
184
2313
4041
112138
1218
308
66934
971
6283
846
4308
3396
1080
3005
3362
5959
631
84187
2863
53125
52287
85
26776
8798
66097
1950
3545
3341
4223
1955
97306
4489
68135
741
44199
933
8972
44709
2359
1592
56176
2152
7541
5650
5294
287
5382
728
2245
3702
364
1334
2300
911
4037
2723
55280
45950
3929
3069
2757
3359
2764
918
1393
5820
5995
678
1678
4386
88129
1921
2731
117176
59118
151
3081
27846
3501
3111
73017
104913
2694
3469
106782
1788
422
26662
2273
5146
837
2243
6331
2951
1209
1185
62203
77837
7162
568
195
70293
1515
86347
33639
213
3654
2728
3266
1387
5876
6936
2272
99764
55442
6538
2346
1025
6003
3077
1302
2819
8580
1285
1625
2802
955
72171
70183
44195
2594
96588
30850
2511
3142
2905
2875
5670
6768
5147
599
1643
1904
3952
1013
8154
1794
373
1226
3852
6663
8169
6782
1176
2165
103539
3342
1688
3963
100034
65193
4703
889
5868
4782
3880
4898
6279
1910
1365
388
6306
4733
2128
5258
2620
864
893
2073
3302
57368
4679
6993
931
6337
55999
69606
54281
48783
3812
3618
8958
722
214
2938
3328
452
556
3330
1095
1413
1649
2499
1821
72
3606
1931
4889
1963
261
7139
501
171
2288
5009
1392
2271
3334
71264
69406
3129
80906
1385
2182
781
225
2978
7444
3554
7802
