user_recommendation
318
296
527
858
608
50
2858
593
2571
260
2959
1196
356
1221
912
1197
4993
1198
47
7153
589
1270
4226
111
32
110
293
58559
750
1193
1136
904
5952
4973
2762
1252
908
1208
2028
457
1247
3578
1617
541
1
1230
1704
778
899
1240
2804
1233
36
745
2997
926
1203
1148
1291
1204
6016
595
1219
913
2329
923
1210
969
1089
480
1213
1259
953
4878
903
1222
2692
364
1214
1206
6377
2324
919
910
1961
924
17
2918
7361
48516
1207
3897
150
1278
4306
1250
1225
1394
2542
246
223
1228
4011
497
6
79132
1968
3504
1200
1266
4034
4027
475
3481
2076
265
994
48780
3996
1682
1077
6874
3362
920
58
1199
515
86882
1732
955
25
16
1276
6711
551
2019
5618
3201
3363
1258
8961
1952
1036
1035
1304
68157
1073
2716
6539
4963
5995
2599
3152
2871
5989
2395
1288
2303
1244
348
1060
78499
588
2396
8874
5669
951
922
1265
1272
4995
2300
1299
337
34
2502
1673
46578
1256
1084
1285
1246
1307
1411
1212
2064
2291
1500
109374
534
1610
1784
1292
1945
2797
471
1201
1271
1254
3147
529
1179
3317
1641
1231
44195
1267
3095
720
1090
7502
60069
1580
1958
3683
968
1220
50872
3114
1357
1719
1094
2231
1028
55820
1079
44191
2132
599
76093
3730
1096
56367
898
81845
1224
5060
474
3671
3471
1358
1177
954
272
161
733
800
4886
1172
32587
3911
555
1964
357
950
2501
1293
3462
2302
1284
56782
109487
106782
1361
1217
2144
68954
2359
3361
921
74458
1223
1956
728
1235
1962
2467
79702
2987
2929
3357
6787
1960
64839
1234
8970
1215
27773
2318
6942
57669
5010
1263
590
307
2664
927
2336
2971
116797
1287
8784
1374
5444
1103
3037
88125
232
7147
1466
838
36529
306
581
2268
59315
28
1953
1192
4235
1296
2115
8368
1260
3341
1674
3260
1393
8580
230
162
2791
1178
3735
5418
6502
3435
2917
3089
81834
2020
106920
3359
5816
40815
194
3196
2750
1080
115713
3035
1262
3967
1939
62
2690
81591
3198
134130
308
1175
49530
492
928
48394
81847
1189
3019
628
54286
44199
2908
1211
3814
6773
1097
6796
4262
2313
261
1343
3000
2194
4103
134853
916
2648
3088
70286
31658
68237
3468
33166
2949
2721
1947
2248
1625
39183
1095
92259
89745
11
2321
935
7090
69844
1238
2232
5470
1584
104374
4920
4308
1104
549
2289
2109
1921
1653
7139
3074
1611
3429
82459
1948
1248
4021
2243
1283
3175
63082
3104
64957
2728
2746
1269
5782
945
7438
866
4979
175
671
905
7802
900
6870
2761
4361
3916
3421
3108
3022
37741
1950
911
3307
4128
930
112852
4014
4848
2857
2973
29
2288
3952
349
2580
97921
52
30749
99114
893
1959
1845
8228
122882
3252
2353
6662
345
1345
4017
1147
3724
594
1281
3213
5812
1086
2726
5225
41
1303
1931
1131
30707
1282
3943
7698
3163
5971
3006
2739
86
1946
85
1954
2065
3788
3044
8798
1305
6380
115569
971
6331
2459
1120
8950
1333
3386
4427
805
373
2357
34405
1218
2029
9010
115617
1085
50068
2463
7143
8958
2108
322
1957
37733
81229
281
1356
87232
44665
39292
428
6350
4304
6218
106696
53123
1537
54259
3134
30816
3499
233
280
1257
918
98809
2208
3469
1449
363
5991
907
80463
3949
3467
3167
2366
3210
106916
1997
6993
3112
1280
88129
3546
319
914
2644
300
4801
8638
1261
55069
104913
81932
27831
41566
3696
2202
3703
89804
1564
121231
6440
1348
3783
2732
3424
3135
6254
538
6003
1264
51540
477
3543
6783
4223
946
2935
44555
97304
2334
3983
2010
8645
108583
2186
535
5955
3728
933
95558
2660
85414
5876
213
73
2125
1274
6323
1041
5398
69
1824
1050
32234
81564
6979
55814
7116
2686
6299
1729
215
4007
111921
3016
1019
171
1185
7669
5103
7926
1464
97
3476
741
3510
837
66934
1029
1020
3396
69757
3101
1023
106100
110102
1081
1693
66371
2919
85342
1242
1994
7451
942
2352
3929
3039
2070
1944
3598
3081
3414
5377
6327
3871
26
1966
3536
2553
1063
3328
1253
2087
55280
64614
3551
7156
8132
104841
342
122900
7419
2901
115122
1209
2924
2912
2938
58803
4292
3594
80489
2788
55451
5765
3437
128360
51662
54503
2203
94959
38038
3034
3270
116
48738
4630
4873
2138
1249
3062
55269
7099
247
59784
5341
2355
326
33794
3686
112183
88810
4903
30812
39
1376
1088
31878
46723
68135
1251
6807
4406
2951
96821
4190
3606
3007
2096
3702
3310
93838
36517
2130
1527
5992
8665
50641
3060
30
678
47610
2330
93040
7263
69481
54997
915
105504
2947
3330
108932
3181
2545
353
27523
333
122892
3801
90061
4755
1635
68073
60684
7075
8622
68358
6063
3219
3654
1289
3789
96079
1056
5630
4085
3451
1066
91658
3524
46322
5391
55276
56152
7380
65514
72641
940
1078
3072
84152
3684
2391
52767
3068
1797
55247
3507
508
2612
93510
8949
3612
1965
142488
1340
4432
2925
412
1649
73017
229
7072
26084
26729
1237
52604
6724
72226
146656
8366
40819
3418
7836
148626
26662
1730
973
1504
4037
1680
8937
2529
6777
3813
2131
2071
3168
7771
6104
735
38499
91104
45950
347
6001
149
4616
3505
5013
4220
178
6461
3203
3795
42418
5074
3791
1934
93855
3873
3741
1202
5385
3200
6708
105844
93320
5244
27317
7087
6598
63876
58295
79357
3038
96588
3272
1612
1354
79824
68269
48791
32289
80839
41573
390
1927
3102
7482
131724
7285
4874
3545
91542
1860
27329
2926
3030
52435
97752
89904
71135
125
58347
77846
766
2837
4174
3033
64716
661
8807
1344
4263
2488
2160
3811
2315
38304
2106
101525
7767
91500
96655
51935
5017
1753
5238
3020
37729
8191
7091
32898
7566
4201
7022
3342
86377
139385
5014
61240
91529
550
2594
99813
8464
3069
7235
6974
1191
100383
37731
3989
27660
3792
3527
1734
