user_recommendation
318
527
110
1196
296
260
593
356
2858
608
858
50
2571
1198
1240
58559
1221
589
47
1197
1210
1035
778
541
1569
1997
7153
1089
2396
1225
111
4993
1270
2959
1079
1259
2028
1356
457
2329
1213
1233
2762
2804
3578
969
1214
5952
1036
4226
3147
1206
912
899
4886
750
1193
59315
1222
1203
590
2194
246
595
480
1961
2321
1
1704
8665
4011
1136
1374
1208
5418
3114
1219
919
1073
1376
4306
34
4034
1200
8961
56782
339
48780
1304
1968
17
2403
3510
923
2918
6016
76093
4973
1258
1028
4878
1641
293
838
1097
1207
2355
4027
1394
904
122900
898
11
2268
1220
3527
111759
1610
1247
953
4308
2542
70286
1252
3189
349
1204
534
69481
837
36
2599
88140
1262
1217
46578
529
48516
3101
8798
2879
2690
54286
1060
81847
1059
6377
3515
6874
474
1199
78499
2288
555
1954
1291
1958
2501
60069
1254
6539
1201
1148
1513
39
1296
3897
88744
4963
3409
32
3462
50872
60040
1476
3160
3683
134130
2324
1500
2395
21
79702
908
900
551
515
1288
1228
223
535
1612
913
230
1957
3730
81845
1682
2248
5010
920
3703
1283
1246
7502
1732
5995
951
1266
316
300
2300
261
1945
88125
1090
1104
1527
1084
3095
1224
1285
916
587
7263
265
357
3201
1257
2081
1960
134853
3969
161
720
1625
2019
8874
104374
3421
40629
49272
3702
307
306
6
1265
68157
708
922
337
56367
98809
89745
2202
1096
508
106920
2117
3685
69757
1278
2917
319
2125
475
380
4103
361
994
2359
3633
106782
671
152081
222
1948
1234
2105
2871
79091
2929
1178
3357
4014
1212
1962
7139
106696
88129
81834
2064
1237
235
49530
3270
109374
5064
57669
194
175
3134
68269
32289
48791
80839
79824
41573
2020
162
2580
1066
955
150
1387
968
314
44199
2336
2947
8970
98491
2109
1537
54503
2529
373
3317
1242
80463
1293
44191
60397
3471
1025
3536
2231
497
3435
5349
943
1023
2985
1827
3911
1429
1231
5902
3724
6502
2951
30749
2502
85
3456
1580
3200
7147
1080
27773
1617
51255
86882
3153
1884
41566
6863
2384
46976
926
1357
1653
1940
1287
104913
5225
2363
1264
1095
2132
1177
1408
2186
96655
2278
1939
1935
7
2302
96588
3671
928
112852
5816
68954
509
1964
3196
1748
73
44761
1218
2620
5013
866
109487
543
1211
514
77846
1260
79132
68237
2427
1179
8530
2565
1873
3186
105844
122882
911
2750
72998
2232
936
3594
680
2624
309
1112
2890
1639
2761
2467
82459
2944
69844
58347
1267
3000
58047
1192
1273
1952
31658
111362
7164
3684
115713
5377
48394
3363
68135
1916
3499
3417
77658
108583
4235
140110
3246
56941
62
88810
329
97
3735
2195
3545
3686
938
122892
903
3676
7090
1719
36529
4995
2490
308
5444
3089
3504
1941
1944
2920
2201
3657
3580
3199
3656
123
745
1936
1292
2692
1921
106489
3341
901
5630
362
95167
94959
4016
73017
82169
1466
2115
108932
1354
1914
3967
3035
27611
2863
281
1299
1777
1307
5679
1185
1272
3668
501
3615
1250
4223
54259
364
2728
3037
262
3699
289
1300
116797
2745
1094
2797
538
6440
1953
3783
99114
2144
1245
1361
1834
1674
3598
3566
40815
8132
3742
7156
5618
86504
2872
232
4720
326
53123
1393
2289
1238
1947
940
1085
2282
47610
4903
5060
921
8368
54001
1663
2348
53956
112175
1348
5673
342
41
6936
7361
117192
2106
5135
37729
51662
2732
44195
48738
72226
3007
26614
115149
91542
628
28
3020
1284
1587
115569
2
3252
4007
905
87232
48774
915
84152
2949
3386
494
6807
1088
4474
110102
3060
1963
3081
2287
1658
54276
45186
1101
599
1343
2138
4019
4085
4855
1019
845
483
4424
1693
2702
55267
55442
8873
81591
154
35836
3763
18
4641
2551
2318
37741
70293
151
539
1253
2006
34435
3342
61323
3448
1255
115122
3090
3814
108979
42418
3639
2454
71156
86377
661
1244
6773
1280
2443
8580
3071
106100
128360
8464
4623
34162
741
2952
1230
5470
7386
2114
3074
6979
33004
4920
66934
3408
50068
348
207
4246
121231
3033
531
1041
1946
49957
3135
1020
6591
38061
446
3179
93510
111921
26729
764
156
6932
3102
5903
91104
100383
1678
465
805
1845
52
100556
327
4979
1281
85414
787
4688
3150
759
8207
1303
3362
4037
1885
3606
5812
1589
4326
3361
48698
3203
99007
945
29
6787
1784
7669
3418
81564
89492
77800
104879
215
3831
36525
1344
850
4047
67087
65188
635
133419
4239
127152
4128
7616
2059
1286
935
2294
1680
552
322
62849
3088
6093
27721
7375
6552
2366
5103
71264
44197
135567
104863
115664
7154
1248
39307
46919
68838
2084
91653
78316
91886
26133
5102
3983
2432
3006
1209
59501
93838
112138
3521
927
6947
3747
8636
930
1081
1009
5099
2562
73321
5146
1484
2322
3468
581
146656
112515
4444
61024
58295
53129
64034
2908
2989
3505
2513
1927
48304
1125
92259
2938
2916
1966
2208
1396
6218
51935
3916
1147
8228
2739
1699
26084
1498
60950
3062
72
52952
3406
4616
8493
96829
112556
3022
27831
2078
6303
2140
102123
1643
32587
61071
133771
93443
72171
1982
30816
54190
728
6732
53972
1702
8340
1959
8645
86
119145
1176
7285
4783
54881
250
139116
48322
81156
107978
99764
79677
96467
160590
139757
86000
85438
148881
127108
128620
74754
5954
86332
3693
5265
272
4478
3359
760
77561
363
81229
379
7649
3751
59784
6993
4508
36708
1912
104841
46322
54997
954
37731
122920
30810
3733
38886
3079
6565
5237
5971
2021
112552
142488
1635
6331
46062
7160
36517
3347
4021
79139
78105
6461
733
2073
51080
1188
63131
2488
1223
135
56152
1249
159
139385
934
97913
832
51412
52287
2430
106072
6708
27660
6959
3178
68319
106642
4036
96728
2273
2046
79008
44665
4023
7802
1276
4304
97306
7445
3044
5989
3
3152
131724
54272
6385
4214
4848
