user_recommendation
318
296
858
50
527
593
2571
4993
260
1197
1196
7153
47
2959
2858
608
110
5952
356
912
1221
1
1270
4226
1198
4973
778
457
1136
293
1089
589
4306
904
1210
6539
1208
364
899
1291
1213
3578
2329
58559
32
1203
1968
2997
150
1240
4963
1035
79132
17
1682
111
25
1704
913
908
969
1230
48780
5618
919
46578
1259
1207
750
6874
68157
497
2716
1247
1252
2918
2028
6016
541
953
1199
7361
4011
480
36
3147
8874
1617
2542
8961
32587
588
733
1250
1193
48516
2762
4995
1222
4886
1220
4878
1304
5989
7438
2396
44191
903
50872
4308
1285
2324
3897
1580
923
1206
926
2692
551
595
1219
1732
1278
1276
1961
223
57669
6377
246
1077
910
3793
1214
5995
475
1148
1073
950
265
6
1204
474
994
60069
1246
78499
1200
1610
2797
745
2019
838
235
2064
924
56367
3481
1225
40815
1212
1411
1254
1394
1287
1090
3949
3317
515
555
1084
70286
41566
4027
3996
1235
741
1947
116797
1258
11
5816
34405
2599
1060
81845
31658
1080
1265
1356
68954
3095
76093
134130
3114
2291
6863
2971
106920
2115
1939
54259
1500
81932
58
1625
194
1036
920
5971
49530
68358
2300
59315
5418
34
954
30749
922
48394
471
109374
44195
1228
106782
2804
5060
1374
1231
6350
7099
1527
1266
3671
4034
58803
81229
1357
6502
99114
2394
349
2194
8368
1103
671
2076
2109
45722
59784
1653
33794
134853
3683
898
1299
54997
7022
56782
1267
36529
1307
63082
1217
33166
2105
64839
1945
7147
161
1028
53123
1244
88125
2502
1466
3504
115713
3201
353
2353
2761
1958
2144
6711
98491
1256
52281
955
1729
7139
1784
62
40629
7143
3735
5010
5630
2268
535
2303
4085
3462
94959
68237
1262
2871
4235
508
2890
380
86882
79702
3911
1292
7116
72226
2020
2580
648
2863
46976
16
1233
65261
1303
198
49272
3081
3152
628
909
1952
1960
112852
3686
72641
3275
2648
1946
2357
2917
8132
3362
93721
3868
29
66934
281
2248
222
30707
1096
37857
1269
1358
44199
6773
581
232
80463
971
50068
1293
5444
7502
927
91529
3468
261
1281
1234
55820
3363
3000
104374
1248
162
1282
2664
6565
5349
1674
51255
151
37729
1967
54286
2243
662
6870
3104
1215
69844
109487
2924
56757
2321
122882
2690
3256
2132
2005
8908
1179
3471
26662
1693
27773
2273
1284
4896
85
2467
1271
5218
45728
97
2948
6979
538
337
106696
8958
7419
1201
4014
3361
1224
900
81834
3536
916
2791
266
2289
5991
2078
128360
306
108583
3724
2916
1189
1953
6807
3252
3421
3684
1950
88810
1061
69481
348
55247
3196
3952
28
1172
951
73017
33493
72998
3507
67255
40819
6380
38499
1361
3467
4239
5014
3310
1094
6385
3213
97304
6273
2231
4427
65514
2746
534
357
928
575
5669
3070
2232
1834
4037
112552
3019
2059
3435
54995
3543
79428
3359
529
477
30816
1393
800
1376
89745
5902
1641
422
4406
38038
2929
893
30810
914
1957
2474
5146
5017
3088
1948
2857
1218
82459
2644
6662
3112
2186
2202
112183
333
88129
1964
68269
40148
735
3260
64614
2987
3730
1296
1081
661
1078
3702
115122
3089
7669
7263
105504
1264
81847
6987
272
7013
5782
4696
3153
7164
3594
2302
1962
5608
599
7087
1131
946
39
3983
69757
2208
115569
1719
1598
2067
2501
2026
4021
2739
3357
1020
3741
5679
4103
492
3071
1050
7844
5114
368
921
2106
48774
4844
68073
2066
106489
314
2728
1272
115617
3270
31410
8633
1845
41571
5690
1251
1298
44974
79824
48791
41573
32289
80839
3038
3034
2151
37731
1333
26152
56152
26084
51412
1907
3873
1408
307
2334
2726
3307
2336
2732
930
3429
2278
2427
1918
3739
3108
3910
905
4422
55276
866
95311
2780
1211
1257
99813
3033
1611
1178
101
89804
81591
1661
3134
8972
71033
1566
2070
44665
56587
2148
3198
2133
119145
55052
2203
491
2125
764
5812
280
94466
6281
1147
6796
104913
2352
2788
96079
945
3967
4166
70565
8665
74458
2968
4567
876
4442
4565
2880
4717
1286
1209
27022
3627
5341
440
1237
3342
58295
8580
2081
114552
5385
2096
152081
4017
7075
1348
4566
49957
7836
4789
6725
5064
2938
2395
86504
6283
423
2386
102445
32898
48738
63876
1649
27831
2935
3801
8711
2405
6077
262
6001
2925
79091
1584
1792
1754
1275
2432
8360
104841
51662
55267
76293
53519
99145
60397
3167
44555
4223
233
5475
43267
6530
213
4980
91500
5876
2763
4846
1994
1537
728
5103
3844
140174
6669
68838
4349
175
87232
121231
8798
100383
6254
4432
907
3598
27660
215
3747
82169
4410
5460
2000
8264
3929
3499
55063
2285
5319
96075
5238
8261
26797
53887
86487
58649
8123
26501
74089
4428
163949
104119
150856
101850
114464
112577
92259
2423
105844
308
2283
3035
3771
70293
7156
7386
6021
2908
108932
2731
53956
2490
1088
97752
3791
27317
2041
3546
6942
127152
7698
4801
55442
7833
125
2117
26524
6125
7649
64957
678
3916
37741
142488
4121
1449
106100
8228
6618
1464
111921
3163
1305
5903
2612
2118
2946
72395
3448
4019
3703
5772
93838
8125
3871
8188
7371
7132
2328
1280
3728
4809
7137
18
1931
935
91542
30
178
3007
6643
54503
46322
4616
4220
31435
663
59018
431
2912
1552
26776
373
8638
2420
3105
3101
6552
4553
3545
1013
3789
4201
6184
3505
31878
4623
1956
39292
7802
230
5470
1194
2245
55269
58347
64034
5956
37830
933
4478
4920
3068
3792
152077
55069
42418
2919
2764
6787
2138
112556
300
3083
4148
1289
1056
1175
106916
98809
2668
93840
6724
7451
524
146656
247
377
5105
428
6331
2315
3365
6659
7285
5380
942
901
6777
2463
81564
7981
8589
4584
1095
2160
2140
2712
4642
37733
2355
2496
1097
943
5225
412
3475
940
328
86377
2677
3074
1177
3469
902
6708
64285
6650
7212
51935
52767
7566
