user_recommendation
318
296
260
2858
2571
858
356
527
593
608
110
1221
4993
7153
50
589
1198
5952
1196
1210
1270
457
2959
1136
1197
750
969
111
778
1704
3578
912
1193
4973
2762
1240
1259
1213
904
3897
1208
293
923
1225
32
1089
480
2028
1219
1288
47
4226
913
265
1222
5418
1097
1732
2542
1204
48516
541
2918
953
16
1036
306
898
1207
2324
1278
515
307
1203
1228
1217
79132
1035
3147
59315
68157
1304
474
590
1291
903
364
1206
1952
44199
1233
2396
1258
78499
89745
1262
1090
3510
1211
1287
1252
1254
1224
1242
497
2692
308
6016
1263
6539
150
261
1172
2336
2804
2997
1247
1148
6
72998
2329
1387
1580
17
1
112852
2064
780
88140
1234
2395
1220
8874
1264
745
1199
76093
162
595
919
246
1265
1617
1060
3671
36
88125
58559
2076
1041
1200
44191
1276
40815
1997
1299
5989
1095
2019
534
509
194
4878
2300
1292
5995
223
8636
1260
920
475
69844
91542
122900
3735
109374
3160
805
1272
1293
3967
1212
1641
1244
1231
49530
48780
1500
262
31658
1307
1094
1245
926
4896
2599
1968
2359
1961
908
3471
1356
1625
5816
2288
1266
832
272
3037
8798
671
2268
161
6711
8665
529
5618
1411
73017
2761
1103
4881
50872
922
116797
56782
4011
1653
1394
1084
3317
2863
5444
968
899
1243
954
1178
4034
3703
3527
3362
3911
2321
1079
86882
951
54259
3101
911
96079
3088
1957
1023
1610
733
2081
44555
508
1077
477
3481
11
1256
47610
21
111362
2289
4308
928
1250
106489
88810
319
1223
3504
110102
916
6188
1958
81229
4306
3000
54001
2728
3468
2318
98809
1344
1284
377
3363
2908
69481
3108
106072
3408
2194
3421
5954
91529
1948
57669
1303
838
6502
3462
2132
81847
1358
1214
1096
230
1931
551
4016
41
1269
955
1947
357
5630
280
235
62
54286
2115
3386
1954
4021
8961
3246
1729
4979
79091
7139
81845
531
1104
111759
88129
2857
4886
1283
1029
1300
6754
5902
837
7143
4235
1953
1257
72226
501
94959
1408
58295
122892
2071
74458
40819
2987
14
70286
99114
1348
7502
10
81834
232
326
1611
3469
3114
3020
1429
28
1201
6787
288
6870
86332
2353
965
51412
1673
73290
3536
1945
3095
2427
1025
910
3683
581
68954
314
46976
5669
905
345
2971
5876
33166
5225
8132
1238
3949
1419
535
2403
5060
3200
56367
48738
88744
465
8368
68073
2797
3699
3417
2690
800
2917
6959
106696
1354
1693
32898
93363
2105
3260
8784
2066
5812
2020
102903
5146
2501
80463
60040
97921
3022
1019
1066
932
97304
123
3134
2474
6863
2108
58
1965
720
68358
105504
2467
51935
81591
1261
1131
2291
3035
454
8970
3044
1682
3198
86377
26776
1674
2664
1246
3916
94018
704
471
2366
1179
994
1081
6807
7361
1466
3089
6565
1376
3189
3467
4181
2983
2791
1612
2879
8371
96655
3060
5971
56941
1635
77846
39292
85414
2352
1907
3741
5646
2058
68237
1237
55052
1086
2202
1357
30749
943
1683
4343
73
8972
3724
1267
222
134130
5064
7147
2118
59784
1527
6281
2117
2949
2313
1722
6725
4789
1305
1183
49278
1719
50068
6101
5782
7164
5903
349
27721
53123
348
1827
3730
2745
1296
907
1093
2070
108979
106782
1209
2125
940
1960
3524
45722
8607
55267
81564
3307
92259
3341
3783
55269
7373
1255
3420
3361
950
106642
2502
373
3347
8228
2580
3470
1227
3034
58803
3429
8530
3556
54190
1684
3989
3515
3929
1927
3639
85179
6440
2940
1939
213
5945
3196
2562
6093
54881
3038
1147
68319
1085
1422
1912
83613
5013
3201
1464
116897
2551
915
4963
3435
4848
3548
3019
118696
1150
362
5099
5475
69757
3943
4903
3629
4366
2938
3181
101741
110645
2871
6773
49272
2248
1680
40148
87306
8645
1248
32596
4326
62849
154
2660
2792
2087
1273
4277
87232
2186
51255
52885
7371
1162
3406
2106
56775
84954
1935
67408
7096
86345
79139
62081
52950
78105
5478
6385
2116
2141
2648
86347
3310
1111
6299
1921
7156
122882
2968
4014
3479
81932
3359
4489
164
106100
2355
1925
5747
27773
3742
7099
57504
1597
5608
2469
7235
108932
514
34150
3081
104374
2973
2080
1949
1235
72209
2750
1934
25771
109487
106441
107559
3090
2453
2099
3499
3983
64034
1537
947
4223
930
3152
2859
67504
83411
83359
83318
2252
2677
1564
1330
5574
663
3018
1962
3414
156
2208
3105
26
748
77561
64497
175
3167
6796
4450
3996
6350
80906
2919
3654
3252
5238
6874
2078
3686
3070
428
1401
7163
109578
1963
1824
68791
145
2890
1289
6659
1249
33660
56715
2659
984
3091
3265
3086
1455
3165
961
3447
40629
7063
1125
71033
74152
3077
106438
3308
300
281
8154
1545
1663
65261
3301
152081
3186
218
56251
168
2788
3062
2010
1073
594
970
4327
6552
106920
4537
86504
2333
1120
2109
1161
3007
3811
3702
6283
106487
1569
1078
2398
98491
1566
82202
1734
71579
44195
1280
2102
94780
3213
73266
88163
84152
1688
95088
2238
96911
97057
59273
93324
102194
6954
3594
55442
5991
27022
6879
2232
5319
1189
945
39446
6852
2173
104283
7215
7698
1608
7027
524
3100
95167
3063
1940
7089
104913
1281
5400
103444
8933
38499
36529
3854
94777
52767
7566
2151
6724
77455
4017
5791
8208
6003
37741
2440
1028
43267
27815
111659
440
6591
40
2046
7323
4459
3079
2935
162542
34437
27020
5379
1884
6184
114180
136016
149406
63082
77435
95858
152017
59392
4795
60674
145935
117192
135436
87222
95313
95377
6163
161944
6380
44974
277
5108
85
61024
6987
7013
1792
5801
64716
1620
4211
40732
4642
3624
54372
7285
2137
2644
2872
78903
98126
4873
134853
31410
3615
1476
5121
229
157296
431
1946
7137
3066
1361
8622
5391
26712
25769
98961
26326
2357
26524
3543
112175
59
4384
7160
97306
32840
4970
94
3271
56145
49957
5878
3006
6774
37729
5266
