user_recommendation
318
296
527
858
593
50
608
2959
356
2571
2858
260
1197
1198
110
1196
4226
47
1221
4993
2028
912
589
3578
1225
1270
1193
778
750
1240
2762
293
1210
2918
1704
4973
111
924
541
32
58559
4306
7153
1136
1247
3897
223
6016
1
1214
1233
2502
36
5952
1089
2329
7361
904
1617
48516
1968
1219
2804
1208
1252
4011
1230
923
551
2542
17
1732
246
919
1288
1213
1259
1228
1060
908
480
457
1200
1291
475
1961
1036
150
8961
913
899
1207
595
6
5995
1204
1682
2396
1610
6874
79132
4878
1079
3362
44191
2599
3996
2997
265
6539
25
364
1220
2716
1148
4027
2395
1394
3421
1307
1250
953
745
2291
903
4995
497
16
926
1266
910
1246
1673
5989
588
2300
7502
48780
1258
32587
2501
1035
1215
5669
3481
3504
55820
969
1090
2359
1265
56367
44195
515
2064
920
5010
922
590
2791
56782
1203
2268
3114
1206
2231
994
6711
1179
2692
1500
46578
1077
2019
1272
50872
3039
4963
1222
2194
3471
3462
1960
534
733
109487
1096
68954
79702
78499
3147
2797
1172
4034
720
1263
162
3671
1212
1028
1256
2132
2144
6377
2917
68157
474
337
1285
951
2248
471
1304
1945
1278
1084
2580
308
2115
1299
1192
1097
74458
1287
33794
34405
2318
8784
5618
2683
2890
306
33166
968
1244
4002
82459
35836
1387
307
2973
58
3201
7147
1224
916
106782
40815
89745
1262
3435
232
4007
1276
3703
94466
1293
1952
2871
2303
4979
1357
175
1073
898
1267
2712
300
2929
3033
1283
7156
955
1254
39
1923
2076
1178
1719
230
1959
1199
4085
59315
8636
1784
71156
1095
80549
1284
59784
86882
28
599
3160
194
1343
535
131724
1641
29
1185
109374
1674
3152
3363
555
1217
27773
68237
8970
3683
8368
62
92259
3916
1466
508
6957
5060
3088
348
4427
1249
5782
1374
2324
6787
2020
4874
115713
44199
71535
3006
1260
357
8874
3814
1625
1361
48394
1517
1223
1944
2490
3911
3095
161
661
97
2321
44665
6993
1584
1393
1261
1958
85
1257
33493
68358
1104
950
3552
1120
3730
1748
6807
529
2005
64839
2160
3317
4033
2186
6979
2145
5630
3361
63082
4103
581
349
538
1234
54503
361
106920
5679
30812
5500
1693
6502
91529
57669
76093
281
3702
6440
8798
1953
2289
911
116797
3341
8638
1947
3000
59369
2010
5225
21
53129
1231
69122
3868
1964
927
1884
1177
1358
6870
1292
88810
921
99114
104374
81229
954
2750
3037
87232
838
928
1939
353
84152
1537
81847
50068
1957
39183
49530
34162
1235
2467
3035
5991
72226
8807
1927
8228
54997
764
8580
628
60684
1201
4571
1251
1086
1209
5971
213
122904
97921
2947
95088
3429
81834
3469
492
900
6003
73017
741
4235
1948
1103
1955
69844
88125
1271
1023
97304
26258
7481
30749
549
5470
1356
531
8132
70286
3357
5444
27831
3788
3256
91094
4658
156
3545
2570
2728
64957
3074
1449
671
1175
4920
8981
1954
1411
431
66934
48304
905
122882
935
428
87660
75440
55031
59810
1921
3418
5064
30707
7099
6708
3499
322
6380
5028
33660
6218
101
3134
3022
78209
2243
4102
4014
2366
5055
914
3527
441
373
1238
49272
4016
64614
1994
4223
1281
81564
946
2312
63131
96079
2459
1912
69757
2351
1345
71264
26578
52617
26150
4271
8239
7574
7564
3415
872
3468
112552
48783
1211
54286
2081
122892
2761
4584
1094
8949
54259
233
3072
3081
5903
1653
47610
933
3949
115617
55069
377
1253
3386
45728
2138
2788
69
6783
1269
800
1941
2985
102445
31658
2700
122900
3198
380
51662
3359
40819
915
347
272
112852
6796
2987
5816
108932
1046
81845
6104
89804
4901
2739
88129
2745
668
3089
3062
832
1264
2944
5103
1227
3451
1131
58295
2951
945
115569
6331
3101
930
8950
44761
4262
2208
6323
1982
36529
5956
110102
37733
2529
2952
2707
7802
3135
7698
7438
1189
3676
3307
893
2539
3724
4903
1721
363
7090
2938
34
3844
81591
3524
46976
1050
3196
2664
7254
2391
7451
759
3735
3034
4465
1248
4128
4424
104913
2801
7139
5505
5349
3275
139385
6187
3252
101525
2065
7285
3871
44974
222
6942
3793
1333
3246
55276
91658
4557
3263
5294
2971
65514
3396
52435
2352
5876
7143
1963
3551
55908
76251
3654
96821
2131
3952
1344
6953
41566
53123
4322
97938
7767
556
2278
96588
2455
1376
4886
2820
49278
7386
6918
2573
1950
149
5398
1289
46322
8983
8208
3063
5747
8360
2857
2137
3424
902
3686
4896
5445
27846
1354
41997
1147
1300
41716
3783
51540
850
2071
3007
1237
326
1845
5617
3219
1527
247
7137
6791
1348
61323
2087
3030
7091
4037
8937
31878
86
68848
728
8645
54001
2109
98809
2331
97306
41569
5812
3606
8958
1150
215
5502
973
2302
6299
6254
2726
2920
2073
66371
106100
6669
2202
55814
333
2334
6350
2336
51935
26776
116
1946
3967
7926
134130
65261
8910
7075
38061
74727
1019
2935
1078
42725
4720
98491
2108
907
965
89492
562
111759
2371
95558
144976
4855
52604
2872
4280
127152
3334
2130
3210
3213
3791
1966
1962
81932
7263
135861
4801
6327
32234
909
26974
67087
1081
4450
2866
59126
91542
936
138036
26082
100383
60069
2313
37741
26472
6662
8366
44788
229
3260
140267
5446
6436
2949
68135
36708
2686
8665
63876
46723
1057
54999
3098
97957
4406
3270
4334
2779
3543
80489
2732
1611
5069
84392
34338
49396
5673
5388
140
4327
2746
58998
40412
92494
3216
4220
477
74275
3994
26326
1275
5300
51080
61240
69481
159
4734
67255
90439
6620
2883
63072
440
89039
55280
321
7072
4326
90405
60756
4304
280
56921
27912
74324
51088
51091
94799
26812
84154
85213
96655
33826
55116
34536
40946
93498
76210
72308
81516
1085
3448
59387
8542
38886
224
4537
5878
8464
26524
121
89470
2463
8191
2068
45950
3505
3020
6710
5008
2496
