user_recommendation
318
296
260
858
356
1196
527
593
608
50
2959
2571
1198
2858
1210
110
1270
1221
1704
7153
912
1197
589
1193
4993
1136
150
1089
2028
5952
1291
1213
2762
750
1240
2918
47
364
457
4973
908
904
3578
4963
4226
2997
899
1
1097
111
58559
2692
1225
923
32
1259
6016
778
2396
48516
920
1682
7361
1617
1203
1732
6539
1219
541
1208
1247
745
1968
79132
1625
1206
2797
349
3996
4011
1961
4306
293
1258
3462
910
953
44191
3114
1199
2542
1148
2804
497
1172
4979
4995
2019
2599
3147
36
671
6874
1304
8961
1207
903
969
913
1246
2132
1204
5989
1945
6
588
1252
1060
3897
32587
2329
1250
1079
5418
3481
3176
5225
922
1217
919
590
1293
1230
2739
4878
926
480
733
46578
5669
5995
595
4308
1267
1228
898
1947
1036
1265
2186
68157
1387
924
6377
2502
2064
1923
1307
1080
8665
3949
2501
3916
2324
3793
1957
1073
4886
54286
337
1222
1212
1674
1952
1214
33166
3307
2580
8970
3435
223
33794
1276
1233
4027
380
1251
4235
1200
1028
50872
68954
509
49530
11
56367
1280
194
59315
1610
1084
72641
51255
1356
78499
1394
30707
6711
2712
161
2300
3545
2125
1287
1244
3730
994
2908
1584
1953
1223
33493
55820
48780
377
1262
232
1748
34405
1224
1094
4034
1939
1358
7147
81845
3083
529
1256
1201
1950
2194
3386
30749
3160
1500
3095
1260
471
1019
74458
474
3310
905
3671
1237
1754
5064
70286
2351
76093
62
1248
1183
3006
2289
928
5618
1283
1103
1408
1393
1527
357
162
535
1254
3256
116797
1263
3104
1994
3510
555
946
3735
1101
8981
16
88810
1407
8874
950
44665
2268
1354
3362
3471
3424
5903
3983
2947
30810
41566
2359
2716
66665
5013
1035
1104
2068
1029
3246
7090
1641
2078
8636
49272
68554
1663
501
1396
2434
3007
1178
3468
3252
6918
916
1281
319
61323
3134
368
2076
68848
5991
40815
40629
6936
3100
2761
224
911
968
80463
1639
475
954
2917
1231
1944
35836
5010
307
3022
955
3034
5992
2976
628
27773
1096
1948
2863
3683
2929
106920
3196
3198
53123
930
2490
1124
5329
2333
5444
4014
3067
1302
6378
5902
1269
21
106696
3363
86
1090
909
5415
7256
39414
1834
1673
2087
41
69844
272
314
1333
914
3910
4225
2572
44195
88125
3361
101
1955
85414
235
7438
6333
26242
2726
2731
3035
6807
5971
1466
8645
7502
4277
299
3868
2920
306
8368
2010
6643
4846
6565
8132
1376
94959
1916
1997
2137
7371
81591
81847
7116
56782
175
5387
72226
2081
7263
1305
1361
1278
1192
805
8528
1963
1537
1729
2243
7451
57669
68269
7013
64957
4019
44199
109487
3072
783
1959
1954
3089
6669
538
2648
17
951
2871
3365
5956
4085
7136
8784
1218
1215
68237
1288
4914
1175
3421
142488
32289
80839
41573
79824
48791
3476
2357
5114
59784
3270
3098
2301
1227
1860
1127
3068
3359
3504
73017
8955
3418
40819
8873
3168
39183
1299
8228
2245
44555
3275
2231
2971
3594
2686
3791
6787
3201
6273
3414
2
2202
2011
2303
1077
1049
6783
5673
26587
6001
2846
60397
6979
1025
5312
54503
7767
2395
1023
3111
2925
8125
1034
1131
6003
54001
1211
2366
3499
3512
3702
1257
2203
648
581
942
2115
2176
2664
42004
73290
45728
2160
122882
933
52
8957
3505
3451
5349
109374
54997
3088
81834
3742
290
492
2795
3686
2819
8199
1066
850
70293
2141
3174
134853
76251
3739
3546
7132
7143
1946
123
6235
1264
141
373
81932
8958
7099
5103
4357
26729
1298
5630
99114
29
2951
943
27803
1597
1296
1209
1885
2318
1810
3741
2946
309
34338
68358
1941
1958
97
514
3062
6732
2467
73344
4822
1611
1927
115713
3000
3448
5446
106100
112552
4427
1960
3037
2973
1147
1835
6269
1303
668
110102
508
1982
8933
8188
2331
1284
68838
4422
4103
2291
1273
973
92259
8542
3469
4262
44633
134130
7265
1965
2936
6552
2144
5876
268
308
6873
2208
7075
1658
1033
107559
7285
8042
5400
106438
4188
3152
431
7386
3200
5391
3952
2553
2612
6863
106441
4623
32525
2232
3429
2130
4007
300
1620
736
2330
5791
3543
3703
632
53
3091
2361
927
2788
2109
1688
3159
2687
2932
1964
77455
7091
66934
3038
3328
106782
68135
1374
4424
647
8880
2745
1827
88129
353
55069
3548
84152
1086
7320
1220
82169
5414
446
3814
4450
4896
63131
8010
54995
348
2360
3470
8827
5782
27611
3456
6993
39292
3654
97938
6786
800
3632
3551
2131
3911
2099
838
38061
6986
5008
1300
3178
2117
94466
31410
1243
6281
69481
3317
2935
3498
2288
96079
3167
6975
1238
1907
3101
6893
64839
2454
6881
6662
1411
2313
54259
7360
6187
3788
2944
3809
4661
51540
32598
1619
2403
2046
63082
7669
921
6450
3396
7787
6380
4179
54281
67087
25769
112183
2529
125
3263
680
2620
68347
154
37741
1845
26524
4612
3358
594
4642
4273
46970
3783
3629
31658
3194
104913
3477
106489
936
105504
6724
73321
2344
8650
3844
58303
10
89745
7943
59126
3536
52767
71033
1272
7208
47728
25852
8121
3249
26422
49280
59418
866
30
77800
4978
1242
96488
3724
255
7072
7773
39416
56339
6440
59369
58347
2066
7063
53956
62849
2248
3033
6777
2927
112852
1357
168
5147
4641
64034
48738
4062
2728
5812
832
1962
2005
91542
1292
845
7766
6385
3786
2348
5633
6611
7070
3245
63876
3501
915
2820
483
59018
3955
4489
33004
73
2573
64716
1942
4658
6796
1232
6942
1120
4903
3811
4901
60069
3129
440
938
2363
667
27790
3011
1340
1934
1719
26614
52458
222
1202
55247
47099
2624
8938
1349
1266
52952
1112
6985
7459
41527
3676
2732
2085
87232
98961
4616
1008
3736
4855
2083
55276
65188
2912
3156
6612
7164
4406
3967
97304
5177
6188
1345
1012
2729
4037
3508
7445
4263
