user_recommendation
318
296
858
260
527
50
593
608
1196
356
2858
2571
2959
1221
110
589
1270
4993
912
1198
1210
7153
1136
47
457
1197
1
1193
1704
5952
32
778
1089
4226
58559
4973
7361
750
541
1291
2762
2028
908
1213
111
3578
36
293
904
899
1230
2997
1247
48516
919
6016
2329
1148
745
4306
1252
1732
595
364
1225
913
32587
969
588
1265
1208
1203
1617
150
2324
1199
79132
926
2918
1204
1246
6539
246
6
4963
923
349
1240
1250
733
8961
1304
1036
1961
46578
1968
953
1207
2599
3897
1259
1214
2542
3147
480
1228
1258
4011
1682
3462
497
4308
1233
1200
17
903
6377
1084
3114
68157
44191
2804
671
898
1219
1206
62
475
1073
2692
2797
2396
161
48780
1212
2716
515
4886
474
1079
922
1222
1625
3996
2064
920
2019
5989
924
1060
6874
337
4878
471
4034
2194
1307
5225
5995
78499
55820
1278
1096
8874
5618
1952
5669
1939
59315
1097
994
1285
1945
1266
1610
1090
235
56367
1356
1299
357
109374
2115
2268
7147
223
2791
1254
4995
720
1267
1080
2359
3362
5418
1287
2917
33166
44195
3481
1035
2502
3435
6711
1028
1224
2132
33794
2300
86
910
1953
1288
25
50872
1584
68954
30749
555
4235
2580
1272
1276
4979
194
1217
30707
1357
40815
1674
2467
49530
1411
1673
1957
54286
954
1293
1393
1641
1234
5991
838
1262
81845
1237
1220
1500
57669
1183
1693
950
628
1466
3468
1960
3134
29
3363
2076
7502
1947
3683
86882
590
49272
8981
1948
3386
106920
900
51255
1256
68237
8368
2186
377
265
5816
3671
5956
2291
116797
3730
76093
61323
534
1077
27773
92259
1580
1192
7438
2761
307
34405
81229
5444
54503
5010
74458
134853
3006
58
914
538
1223
31658
535
35836
1283
2081
2289
68358
380
1179
529
44665
1248
8970
7451
2144
281
2871
6942
81591
8228
3201
968
1231
905
70286
1172
1361
2125
72641
1719
3504
2971
5630
1754
53123
88125
800
2690
1292
162
122882
951
28
5902
1201
56782
1281
3317
1927
101
1104
44199
1263
1094
3916
175
3793
1376
1884
911
3101
1944
2248
955
3545
2427
300
1101
3361
3095
3307
79702
832
1923
928
2863
3469
1959
115617
54259
2202
97
2105
3421
3088
1284
1264
99114
85
3275
64839
1946
69844
89745
4085
741
232
4103
1358
6796
5679
41566
72226
4027
3735
306
3499
3152
11
2005
866
2938
1242
581
1680
3471
16
3200
54997
112852
2929
7090
1374
3175
3035
106782
1211
1103
3000
3160
88129
6773
1023
373
3196
3359
1178
2745
1175
3868
2490
2739
308
2020
2501
110102
2728
1244
4262
109487
3252
4037
3007
3034
6502
6787
7371
2278
2395
1298
63082
7099
2551
142488
1537
3510
1305
38038
1296
3801
6350
106696
921
1147
5903
3256
648
927
1041
1734
5064
2243
3527
1303
5103
1394
3070
3476
3038
5971
3246
81932
94959
36529
8784
2474
1273
2726
940
766
1302
45728
440
87232
345
7116
112552
6807
59784
3039
3341
63131
5017
6662
96079
3418
3686
492
1235
1269
7767
91104
2096
60069
50068
1834
2109
2357
3044
348
1227
3424
3952
2944
2916
8958
2750
3742
80463
353
3203
116
333
2920
2973
3417
2231
6979
2987
2303
3089
916
42004
31410
3911
88810
431
3724
280
64957
2318
2066
759
7143
2010
2908
7265
3512
1049
3153
7285
3983
1921
5668
5791
6187
551
1066
930
945
115713
2890
2648
8665
850
104913
2366
3949
1964
69757
59387
106100
8950
314
46976
3104
56339
6870
2857
91542
85414
1209
1784
7123
8580
3788
5608
1354
73017
89804
1387
6530
1958
3406
3068
7771
4489
26422
49280
59418
3551
428
4427
2644
2712
412
1185
509
946
368
3270
907
6783
2391
7700
3536
2924
52973
2070
3871
2232
3072
7132
27317
1177
6791
1941
51540
5782
104374
7091
2288
3702
34437
6385
8949
943
3198
6987
37741
7022
3357
115569
134130
1120
1419
1189
4014
2078
4437
4450
3791
2961
39414
66934
81834
255
4406
224
5146
2687
1095
7981
46723
48738
97938
128360
3342
1161
66665
37729
5876
7587
6003
3521
1020
62849
3507
1218
1950
3703
51935
2951
2936
30
55069
105504
30810
893
4277
56757
7419
2881
1845
1257
2664
2117
4914
7256
1408
8933
3456
30816
3081
1282
2203
2108
1935
34162
144976
935
48774
764
936
6440
4380
7075
1663
3167
146656
3684
1916
3213
2351
1215
98491
5329
37731
7263
140267
5062
3091
98809
8542
178
3263
4571
5105
3090
26524
1253
6993
3747
8807
1994
1260
1243
3022
3355
45722
3111
1348
1300
77455
6724
151
4179
112183
933
26729
2843
8645
108583
65261
93040
147
3814
93838
63876
7386
918
3612
1931
27815
562
6380
3783
96821
3062
3347
80
52952
319
96488
1949
119145
8972
3505
6985
1962
44974
1729
4223
72
69481
52281
40819
68135
805
8132
6786
5013
3063
1261
1967
4642
7212
67255
1934
1963
3071
2131
58803
3365
71535
2000
2434
55269
3844
6331
27831
233
2985
2925
213
68347
5470
4021
347
3448
69122
1907
26587
1940
55250
71033
51412
4920
4017
2140
6552
290
64620
2820
2138
4616
521
32525
6918
2573
54272
2151
73290
6669
6971
6732
3396
2331
59018
1131
3074
97304
56587
59126
4047
2459
5135
4117
77800
68838
6565
106438
8464
4612
3501
4844
5014
363
508
53318
901
7698
8366
3479
58303
5380
2302
1942
26152
2579
2846
44555
55267
1484
2046
81564
2935
215
3037
2102
6777
2252
3429
109249
272
4422
7649
7802
3741
2841
1688
8633
1401
2694
2919
48696
3310
105844
3524
102445
68269
41573
79824
32289
80839
48791
3745
4105
8650
6101
4190
1827
8528
1965
4641
539
96728
3606
2352
2137
4357
2336
6104
107559
34338
2819
40148
6643
122900
36517
3271
106441
735
25852
47728
8121
7208
5008
3967
54995
4722
64285
55276
38499
6218
40629
26472
7459
41527
115122
218
4424
2208
