user_recommendation
356
593
318
296
527
110
608
457
1270
858
1196
260
4993
1221
50
1198
2762
1213
2571
7153
1225
111
3671
5952
590
2028
2858
368
1210
913
1208
904
541
1
16
953
2918
1214
1136
47
1617
595
750
923
2300
3735
1580
1219
1193
4226
1288
458
1278
500
539
1222
3578
5902
5954
1704
1265
1089
1035
1387
2396
1207
1220
912
1079
150
969
1961
1394
1252
515
1258
1228
1259
1097
306
1240
1197
1287
307
898
1250
951
1304
2997
1095
928
4027
4878
308
5418
911
1356
5989
58559
161
1203
922
223
4963
4886
587
534
1060
920
497
2395
1260
1276
1217
1231
1036
586
357
491
968
1968
4306
5995
919
1267
910
59315
2329
1238
1344
6874
1997
3114
6016
1179
1254
1028
1357
1257
6188
4011
1211
1354
1148
8665
7361
2599
916
6565
1261
924
230
5618
2804
1682
2542
2797
1178
1262
4995
246
4034
262
1041
326
465
32
14
3147
2502
3793
2353
903
2324
745
6377
1090
778
1029
2716
508
2081
3897
2692
5060
728
588
1348
8360
1212
1732
4973
2194
5971
3256
5152
720
319
1610
134130
509
48780
40819
474
3996
300
2115
1032
1242
915
17
69481
1204
1223
1953
3967
1923
79132
908
2268
2289
3360
6539
1172
1256
596
77658
954
3481
1266
8874
2700
905
1584
1954
98491
1206
48516
96588
524
162
106920
594
4246
1094
58047
8132
7143
8533
1343
104374
1333
1199
29
140110
940
1653
348
551
4014
6
1307
1230
5945
3548
3421
3949
2336
899
1269
531
2243
3000
76093
6807
89745
1233
47099
33166
1200
7022
1263
8622
1673
501
4310
955
1073
8908
2118
349
2687
1291
2011
1466
2973
1185
647
3317
3408
1674
942
2917
3033
3471
3510
70286
2791
802
4239
1272
3362
4007
1227
3994
3006
2926
2959
1104
5500
1967
3088
2718
3020
926
58299
3543
1784
3683
5064
34405
5991
1299
55269
55442
4085
27611
2394
65261
261
2231
599
46578
3095
671
2064
2019
1597
2671
938
39292
4086
3916
1719
2520
1873
4478
1801
44191
26776
56782
1729
535
49530
62
69757
58803
1099
57669
2302
38061
3435
1086
1247
4023
88125
1274
553
34162
866
3672
5812
4361
1103
60069
8798
58
81847
364
4623
733
2846
52
2908
2291
1080
1688
2335
1283
2686
493
247
79702
53956
1147
1023
30749
61323
8636
8910
6502
6331
5014
950
6870
1683
6350
2359
3948
68135
71899
56152
81834
2947
6378
1411
3591
1234
2318
73344
49272
2501
2944
4327
232
475
2490
1096
2125
122904
1022
31658
54286
81845
41
2355
7147
3198
44195
1944
6333
4571
48394
53121
80463
1292
1111
4033
2020
2352
2384
4019
5010
1960
5816
1641
5349
122900
1301
152081
6242
2529
334
345
3252
1280
97
3952
176
97938
68358
2580
741
8019
7438
1289
8961
4967
3468
1947
2474
111759
13
2321
7235
555
2496
2968
5630
87232
1084
1249
1194
2739
133419
54259
272
1366
112175
99007
5669
56715
4235
50872
1962
2729
122892
74946
117192
108979
135567
115664
104863
648
2948
616
5218
4465
3068
1277
2949
46976
5876
952
2467
2078
1927
54736
4148
431
280
3861
3551
5299
2952
72226
31225
51935
8131
38886
3102
2023
1959
1218
1527
56367
97921
1201
69844
47610
4326
2160
1797
222
1694
2065
106100
1395
6296
63859
6283
4018
2843
529
27773
73017
4557
663
4263
3111
3713
468
3298
6436
6452
2852
53972
3044
37729
8530
6419
5960
4617
4522
4628
5847
4088
3038
4406
4037
4787
3513
2611
3499
4002
930
1956
54503
82459
8981
2208
68157
1464
194
3418
3508
132046
88140
3456
112421
1293
6323
1476
3089
3363
2269
1246
2690
111529
5293
5690
229
36
921
3186
2683
1237
4211
4978
1020
109374
4010
3361
115617
1892
59784
6773
1500
3037
965
68237
471
2989
1176
2795
52885
54997
71264
68073
7320
665
178
832
1081
7156
3178
3160
674
3079
6708
6620
55765
2366
30707
2096
3751
154
3071
3424
7139
5445
265
67923
1449
3527
2524
2694
48082
27178
8012
4312
55555
73587
57243
2232
1209
55820
106782
2951
4321
6711
116797
60756
8784
72171
1619
1077
2433
3462
1645
7263
900
5679
3267
1297
1034
3083
7502
2240
3030
66665
93510
8970
1271
1248
2312
33615
45499
1120
2861
3246
292
146
4308
1966
4304
456
5049
1131
2391
3639
3101
4970
5490
5522
7247
6375
5915
132333
159
3635
141
3729
4896
8542
5879
2990
3334
2248
3504
3135
3598
4103
3107
32587
547
966
982
5225
893
3677
929
2866
342
994
2890
2929
36708
58347
766
4799
6157
917
3274
27803
2288
2000
79091
1224
7458
37741
943
4262
2029
362
1202
4022
2801
97913
8610
2693
373
4448
8207
3175
8493
3681
44555
380
3357
2080
4443
4696
7340
6718
5291
8368
89759
76111
2863
5391
2788
1019
6104
45728
64034
328
6591
34542
3507
735
2779
7089
3783
3275
3219
1050
1918
1130
1128
2792
52975
105197
3451
6281
98587
97826
59447
48682
71180
102753
6107
4114
107555
7941
69761
49957
54190
30810
2463
96655
6058
2076
1951
112552
5103
1264
4017
2071
66097
1282
8157
7163
3526
1031
73290
6790
4857
3129
88744
102123
464
1856
1957
1592
171
239
2409
2984
6787
6732
1186
55280
7034
4475
45950
2871
3549
429
3516
2038
94466
3868
91077
3412
3159
2010
5992
909
131724
71156
27838
3430
1300
971
28
549
506
3110
1937
2057
4081
3599
4223
1021
7132
97304
51540
1150
2746
38038
3179
3061
95510
2991
2837
1860
1730
3181
5325
3795
1504
2721
1063
2870
44022
3035
105504
538
2357
108932
2087
76251
175
2109
8371
2090
1945
44665
2280
106438
2565
2406
90746
55290
80693
1517
2393
91542
6617
51255
289
3653
1025
1049
69406
44004
40581
237
2273
33794
314
66934
233
4994
708
4128
2539
7091
64614
4407
5577
6986
33437
7439
1284
1215
1952
7894
7706
