user_recommendation
318
296
527
593
858
356
50
608
260
1196
589
1198
1193
2858
47
1221
2571
912
1210
110
1270
2959
541
293
4993
1213
2762
1089
457
908
2918
1291
750
111
2028
1197
1704
1208
4226
3578
1247
1
1204
1073
778
919
904
1240
1259
6016
4973
1035
1136
150
903
2329
926
2599
1228
923
7361
7153
1206
1258
924
899
5952
32
1252
1968
1225
1250
1214
1220
5989
1036
48516
3897
17
2692
1148
595
590
364
1961
745
1199
913
1219
1732
1060
36
337
2804
46578
1617
1079
1610
920
2324
4963
1265
969
2797
2019
3114
2716
1673
2997
2396
1230
910
480
6
246
79132
349
1200
1222
2502
1203
2268
1267
56782
1172
1097
1584
588
1233
3462
1682
2542
1276
1207
1288
555
1952
1293
1287
1084
58559
1299
55820
922
898
1262
3147
2300
509
2791
377
2580
27773
497
1307
4306
3362
68157
5995
720
4878
6874
44191
1625
1960
1028
4995
4011
2076
4027
1263
953
1212
5225
1096
1953
21
8949
6711
2291
32587
2115
16
1246
5669
1090
1272
2395
3421
3996
2144
508
2064
733
1393
471
4034
35836
2359
175
29
1278
3730
357
3435
265
3468
955
8874
4007
3499
78499
2194
1923
3006
3176
671
106782
4308
64839
3481
2289
1235
25
3471
1285
3039
380
3788
3868
1223
928
5679
1674
474
194
223
59315
3683
1296
74458
2005
3424
1927
968
2467
1957
2871
4085
2132
1945
1466
1215
475
1358
5444
2739
1387
1080
1095
1178
1264
2248
161
1719
759
1305
1304
515
1280
1217
50872
34162
109374
2186
3469
1094
8981
56367
1254
994
2303
2917
4262
916
6796
3504
1175
3418
1231
1361
92259
48780
39
4235
628
232
4103
2944
5782
1179
1946
5418
4720
2243
7438
230
6440
911
68954
7502
63082
3033
2987
1537
86882
5630
30707
1256
1500
5956
1248
106920
3429
7022
1260
1266
930
7132
4848
3168
4014
89745
3814
4037
1269
551
57669
235
3072
80
5064
954
2318
1249
946
33166
2726
3386
3949
2916
1104
1357
62
8228
914
7451
7256
3408
1023
3703
3916
3201
1292
2700
2330
2010
1088
109487
116797
81591
8542
1025
2160
1343
81845
2971
1959
866
4117
1251
441
1580
581
44195
921
1224
1948
945
2973
3552
3783
44555
3702
7802
3022
1127
538
1237
1283
5991
8958
48394
2863
44665
3246
70286
1234
3735
314
1147
1394
7767
363
3019
280
76093
88129
951
28
147
52973
800
2761
2366
950
431
8950
3307
6979
44199
26729
2728
81932
2712
2687
3317
1120
3037
7091
99114
3167
1964
1939
96728
2985
3252
2648
1244
88810
2644
115617
2231
1192
1086
140
2020
7147
1041
6783
2078
4901
54503
307
2096
3359
6870
3879
69122
971
8798
306
1963
1962
534
112183
3476
3101
1950
6993
8961
741
112852
72226
529
45728
300
6807
1238
8366
3310
3060
2936
3361
6187
3671
4450
96079
2745
3363
42004
3000
3067
2952
3203
6188
54286
6942
224
3724
1834
1242
3545
4002
373
4623
2068
56339
6662
5618
902
2920
8784
2490
1997
2690
97
2459
5008
3134
594
8368
1411
1284
2572
3952
3035
163
1955
49280
26422
59418
1956
1281
3255
3038
905
8933
3260
3551
1784
1103
1408
440
7116
4489
2929
4432
1333
71535
3546
3801
4179
2067
850
2501
61240
1663
1884
8638
3983
4422
3095
1066
108981
5028
30749
4658
64614
933
6791
102684
108727
3342
1243
1077
2278
1994
3865
2137
1921
1895
5103
2553
6539
1680
3089
51662
1527
1845
8650
52767
3798
81229
3747
112552
58303
5971
2908
86
110102
1616
85
1356
51540
47728
7208
32525
8121
25852
4612
6003
2150
88125
2951
2927
4821
79702
5992
7285
6787
6786
91542
1273
2434
3270
5902
927
2529
40629
3030
915
3272
6773
87232
1729
805
7087
1693
1300
61024
86320
1257
4271
7574
52617
26578
7564
872
26150
4424
2729
33493
1019
41566
342
104374
4979
5500
1131
97304
7419
938
1189
599
3071
8132
50068
8239
1185
4357
1085
6375
106696
59784
134130
5017
32898
3152
1081
2357
2203
7771
5074
2085
308
3256
101525
1191
68237
48696
428
3911
26472
3556
105504
787
1688
4688
48322
40732
39183
2846
6669
1029
1944
942
390
233
7669
2841
2474
1641
4047
68838
5876
7090
326
178
69844
3825
4105
901
162
31658
7099
55269
4128
171
53123
635
8970
909
27022
3275
3150
213
2890
6620
2232
2391
49530
94959
4211
3871
37741
51255
5505
2202
6724
63131
2081
7566
937
1150
139385
2018
81847
4292
2287
1734
1209
27831
1211
7943
55276
7013
2664
116
2403
82459
222
8622
1261
281
4846
4537
668
6378
140174
3417
6377
106916
1302
141
1057
7075
348
3068
4326
104913
1188
2925
4263
115569
3062
1982
907
3741
2066
60756
30
55052
2114
1253
4322
106100
55118
7263
3508
4661
93510
6552
6530
2463
2935
4327
6001
48738
69
8636
4349
3198
2924
53318
4361
1345
3213
6461
1754
3948
3081
2336
2460
8807
1202
1031
3111
69481
37733
5791
3684
121231
3007
1049
4783
4914
1916
102123
34405
80489
114060
8199
7212
5341
1958
3088
7836
2145
176
22
6273
3498
1931
54259
483
1046
2488
115713
2750
7649
7265
5238
3653
91658
3676
36529
5385
2108
2430
319
2946
5159
2125
936
64285
931
6732
50851
4705
89804
7616
41997
7386
3186
4410
3594
5108
3507
33171
4033
2105
3200
78039
56805
6643
4722
81834
7700
2938
126106
5002
596
492
3036
3104
6184
2313
845
4465
3135
4190
6021
96075
8261
8264
26501
26797
74089
5475
4428
53887
86487
55063
58649
8123
163949
150856
112577
104119
114464
101850
5668
7371
2283
1099
6708
4019
112290
261
69134
26712
50658
4867
543
1366
5414
55069
85414
2660
122900
68269
2141
27790
54328
2731
2563
97957
159
2788
1635
1810
3915
1686
3654
4809
31116
51471
44709
67255
2443
2046
51935
3077
1449
81564
5903
935
31410
7698
