user_recommendation
318
296
527
858
593
260
2571
50
356
608
1196
2858
2959
1197
1221
1198
110
4226
589
47
912
4993
1270
1136
778
1210
1
1193
150
7153
457
4973
1704
32
5952
1089
1213
1240
1617
293
2918
899
3578
1291
908
364
904
750
1225
2762
1208
58559
2997
541
1252
6016
2692
1259
79132
913
2542
36
1682
1203
2324
923
1207
111
1214
4011
953
969
595
1148
2028
1968
48516
745
44191
2396
1206
2599
4878
4995
1250
4963
1732
1219
1073
1230
2329
1200
1304
1961
5989
1246
1247
4306
7361
1265
1036
1199
1222
1258
1228
590
68157
56367
337
588
924
1035
5995
6539
48780
2797
6874
919
2064
497
903
1204
32587
3996
926
2300
1276
1079
898
2268
2804
2716
349
1060
1947
1212
1172
2019
4034
3114
1028
1278
29
1288
480
1625
6
1267
910
11
78499
3897
1287
2291
922
33166
46578
4308
1293
551
1394
509
950
1233
3147
17
733
1223
1527
246
920
4886
555
475
1411
57669
2186
1945
1580
474
3481
55820
8961
5618
994
471
50872
1356
671
5991
1220
2289
1080
8874
720
2194
3462
223
81845
3671
928
116797
8368
1610
1952
1500
1097
1254
3421
40815
1217
3362
59315
1957
1953
4027
2115
2076
162
628
232
16
1077
1673
2502
1674
1084
49530
68954
1201
954
5418
2580
7147
1280
1234
515
1357
74458
76093
106782
30749
62
235
1262
3735
1641
951
161
3730
1103
5669
955
3471
2791
265
905
2501
741
3683
33794
109487
92259
1260
1285
1094
4014
1272
56782
1244
1256
1307
2908
3435
1263
5971
3504
535
3160
1960
1192
88125
8970
1090
1175
2739
7099
1248
1466
5956
3949
8784
109374
916
1224
1096
30707
86882
44195
63082
800
357
3868
1231
508
6377
2303
1997
7090
106920
7502
64839
1292
1269
3000
1393
3307
69844
2971
2871
2318
7022
44665
1283
3198
914
70286
31658
2467
3006
2917
51255
4235
1939
3359
2125
2712
2231
194
2243
4085
2248
2359
3072
5630
1729
7438
2144
1266
2391
353
34405
1954
3468
5225
5816
911
1189
1950
440
1178
3363
2132
1916
81834
1299
1959
648
3246
1218
49272
1284
6807
1227
942
529
599
1343
81847
8132
2726
59784
25
534
1361
1834
45728
27773
3916
1296
2202
968
33493
1358
1387
261
1333
1374
6502
81932
104374
48394
3201
1249
10
54259
6350
54997
6863
1104
2010
1179
1251
94959
6711
99114
1209
1537
838
222
54286
175
7669
3499
91104
134130
2761
3007
81591
2353
2109
1303
3152
3088
6942
8228
933
5064
272
38061
2160
68237
2357
3022
3083
2020
3448
1264
3256
3210
1215
3451
3104
946
3095
44199
8958
48738
97
2929
300
8981
4239
1086
930
5902
2068
1955
2648
69481
3703
106100
41566
2321
58
134853
88810
1923
115713
1281
2395
927
2366
2729
6380
538
1663
2947
97304
2137
1147
8645
1211
2067
2490
3089
3275
3983
2951
3510
53123
36529
44555
2108
39
5010
2355
3361
4262
3791
88129
2690
80463
56152
1131
7371
3952
377
3252
72641
3967
41
3037
86
7451
2232
7143
4623
73017
110102
96079
2664
492
3543
106438
1948
3044
3686
72226
2788
4427
85
6796
21
27831
58803
4896
1784
1238
3551
3034
1845
7132
50068
6787
3196
2351
106696
3081
2920
909
1020
3814
7139
3386
766
921
1994
2644
3035
2138
3039
6188
6331
70293
5876
4019
1120
5446
1237
3811
3134
40819
380
7386
73290
1944
8542
4007
87232
58347
3429
64034
1719
2925
1095
3508
5103
89904
37741
55247
1049
7263
37729
42004
2890
1202
2070
101
104913
3317
26662
64716
1964
3310
348
7091
2935
1927
8950
3548
5444
5060
4103
3546
309
4304
8636
54503
26524
30816
4326
55069
1921
40629
112852
1305
4642
115617
7137
4450
2612
68073
6669
66934
1967
3270
3360
7802
3167
3068
1023
7235
61323
2208
2846
3788
81229
91529
1946
6979
86377
7285
2118
2944
2081
1884
5812
3033
4848
4299
6003
6565
54001
45950
2795
3355
68269
47518
60756
2694
262
3038
69757
105504
53956
280
1611
3168
4979
319
1257
2313
3111
41573
48791
80839
79824
32289
6281
562
112183
4037
6662
63876
4327
2924
7767
4361
3512
52281
973
971
4914
26729
64957
3396
945
3030
431
7075
27803
6783
81564
106489
5992
6440
54281
69122
8938
8528
1958
35836
524
51540
6732
1680
112552
6461
49957
3101
2686
2331
1754
40583
8371
2434
3536
5878
477
47610
55250
866
3594
8798
3062
33639
6235
52973
2459
142488
89804
7116
233
7064
53519
2273
26326
3358
121231
52
2066
30812
2731
7771
7380
918
67255
428
3702
55267
3213
3100
146
1963
55276
224
907
1366
8530
3505
34
55052
368
5791
107559
6378
4190
2553
322
915
373
2912
97921
106441
2863
28
900
4406
7649
5903
5074
34072
99813
90061
4755
56587
4720
4787
52435
6001
26242
4263
9010
54328
6870
45
2463
93510
3527
2423
3741
56339
4432
6918
4086
6852
917
2936
647
4734
1029
7320
6993
3469
2916
940
207
65261
65188
68838
6724
5500
2841
6269
1748
60397
1619
84152
3424
91658
4349
5349
1649
6987
1464
1041
1242
3414
6776
31433
3676
42418
2948
2474
3135
140174
54995
69
62718
80
1277
32898
2065
2946
281
85414
3365
39414
8580
2203
3501
4799
4465
5690
63131
108932
79091
52952
938
27660
2245
1584
5608
1918
4252
7932
91673
26599
8933
3129
2857
2932
3677
6385
2087
9018
2284
3801
5017
7256
58303
97938
3175
3911
3681
90428
3507
128360
7136
5522
441
2728
935
4223
117176
65514
89745
1066
4179
7293
4660
5152
7156
146656
4616
215
38038
556
3653
96728
549
213
7123
7827
31410
99764
5008
26258
59018
27022
3524
100714
91542
38499
96821
122900
59995
6932
4422
6643
7013
8638
2949
98809
3606
4292
4783
581
70183
345
6791
80489
5772
8493
5915
4225
2961
1860
3948
2819
6104
4033
2403
7419
58998
79702
4489
668
3655
