user_recommendation
318
296
527
260
858
593
1196
356
608
589
50
2571
1198
1210
2858
1193
1221
110
912
2959
1270
47
2028
908
2762
750
1197
7153
3578
1704
111
7361
904
4226
1208
4993
293
150
899
1213
745
923
1259
1240
1247
6016
2918
1219
2396
541
919
1206
3897
2997
1136
1089
1682
1204
1203
1225
1172
1291
1097
32
4973
969
1968
58559
36
910
898
1200
2324
4963
926
2804
778
3996
953
5989
1214
3114
1293
457
46578
1732
5225
48516
4995
3462
4308
1625
4011
1230
1617
5952
671
922
913
1073
1148
44191
3176
337
6
1233
1228
2542
33166
497
3147
1252
2329
1288
1207
1223
2502
733
903
1036
2692
2186
2019
1084
1961
920
1250
1267
3435
3949
1307
21
4979
2132
48780
1079
5669
79132
1246
1265
68157
5995
56367
1035
1945
17
2076
4878
2797
1212
2599
1258
6874
1220
175
588
954
1
1199
595
1500
1952
1358
1262
161
1269
6539
509
3386
2300
246
1280
32587
59315
4235
1748
1217
1215
471
911
3160
2064
1224
349
1183
480
2580
1287
1610
1060
4914
2068
551
720
1393
2359
2351
1673
364
1251
16
380
2712
3408
1222
1276
508
928
6918
5618
8981
56782
55820
35836
6711
8961
8970
194
68954
314
5992
4306
4007
3481
1256
1957
3083
1584
3310
2176
590
3471
3039
1254
3252
7090
2501
955
1283
5902
994
1237
968
1059
3067
555
2541
3035
30707
1305
26242
2761
78499
7136
5418
2731
1096
8874
7502
8955
1860
30749
2739
1285
2144
3730
8873
2115
3545
2395
2467
6942
2917
2971
3201
3788
44199
475
2686
3089
54286
3246
33493
2194
1248
916
5971
1950
2791
4034
3527
1023
2976
5010
905
7147
86
223
1028
7371
2648
1104
2321
3825
3983
1407
1641
235
2726
492
50872
1537
27803
6377
34405
1284
3916
1235
3362
8958
42004
1343
3196
4103
5617
3793
265
373
72641
1077
805
4027
909
81591
3424
3469
1953
39
39183
92259
8645
3429
1387
162
1103
4085
1835
832
1361
27773
945
7451
2716
3363
86882
1674
4967
2929
62
1304
8368
950
81845
51255
44665
353
3257
116797
5444
8665
345
52973
1944
80
2443
1201
7143
2947
2303
2357
3735
535
34162
2010
1948
1175
3418
8228
2232
946
3703
5956
3134
222
2243
3879
106920
59784
49530
74458
5505
3095
3468
1264
7767
736
3307
50068
3421
3168
6796
1292
3868
30810
26729
41566
2291
1927
3654
377
668
1296
1955
2961
6783
6187
56339
121231
49280
26422
59418
930
3000
4720
79702
1921
2690
915
1041
1299
2434
3186
1066
1374
2085
2278
64839
4016
5013
670
759
3499
280
348
1273
28
3072
2951
7285
81847
31658
4054
3671
5500
57669
1260
232
2763
4117
1884
163
7063
8042
63082
6791
3062
951
7072
562
2871
31410
6881
1249
2916
94959
1202
6975
8636
1939
1963
3006
61323
6643
1272
8784
2920
1639
428
3200
7265
40629
4105
25769
2987
3683
1178
41285
1231
44195
3498
3551
69844
1784
1394
1094
931
2366
474
2268
2117
38038
2944
2202
971
109487
230
106782
3198
1188
785
5633
45728
6611
3245
1376
2420
5103
68237
29
64716
6001
3270
4128
3552
5177
1916
1527
4450
2863
1354
1946
11
322
1120
921
68554
4179
281
2664
2318
55269
1238
88129
7438
104374
7070
213
7802
1941
866
233
134853
66665
63131
6773
1147
5955
33171
2289
1834
1931
41997
4978
6063
2936
9010
529
2160
109374
76093
308
70286
1266
1962
412
1278
3548
2078
4641
1693
88125
1253
933
3696
5765
3437
300
4630
41527
261
936
8542
5673
6003
81834
306
7459
72226
32525
8933
7075
4338
106696
88810
68135
4424
7091
3896
5791
64957
2728
3952
942
6188
7256
907
7132
3275
2460
3546
36529
1611
1192
97957
5903
3101
7386
6184
3677
628
1466
3068
1958
3910
40412
39292
1876
3814
4612
6786
40815
319
594
92494
3216
25
2203
357
2081
5008
54259
1129
1263
41
73290
1078
5107
5782
140
4886
4658
1257
97
2670
3359
8798
613
147
1234
4190
8650
4754
3831
2935
5446
36535
1124
1959
7208
25852
47728
8121
3210
2927
1620
3476
2788
116
54001
107559
180
58303
4489
8366
26472
1934
2333
3865
110102
52767
2137
106441
5876
5415
2553
4191
1281
85414
5414
3060
4262
3809
3396
4033
3504
68848
5630
26974
3328
3943
3629
61240
272
81229
5878
53123
149
2459
2423
1411
6807
1095
55118
924
73017
106100
3364
5312
76251
40583
4846
2529
347
5400
1964
1721
1366
8950
6869
4225
2208
2087
7771
1211
927
96728
8132
2732
3104
6993
33004
8937
6787
6724
46723
1177
1080
48738
77846
5367
3022
2660
2973
8622
106438
4327
1754
6979
3317
2932
3111
515
1086
70293
3763
3007
53318
66934
8807
96079
1300
2890
7566
54997
3736
6669
44709
4705
34072
2273
1085
3203
63876
1688
4533
900
8949
8371
1179
52952
553
224
6436
4029
91542
3633
6873
112183
27478
2118
7263
51540
838
973
4552
2718
2857
51935
5810
33669
134130
95167
4437
2575
1218
4273
599
6281
30816
91104
1025
483
6350
6333
1209
1729
55069
6104
2301
538
8528
2287
845
7587
96488
663
34326
1663
7649
1719
108727
108981
50658
26712
4187
3594
102684
3967
37741
3474
3811
1345
8580
26131
48322
69122
6530
4958
96655
122892
39414
937
68838
58803
86320
1081
2065
26326
3063
144976
140267
754
26258
1090
2644
477
3361
6548
3676
4014
63853
97938
88140
309
56941
26150
5028
4271
7564
7574
26578
872
52617
26587
3702
3701
77800
56152
7116
1483
2363
5329
2745
543
5668
3746
5114
1845
32898
901
73
216
7616
7064
1242
4002
1244
935
1356
2353
81564
3167
4177
97921
50742
50740
95858
680
99114
2348
1699
6970
122900
6776
8827
89804
5074
3038
5872
2700
1049
68269
6214
7022
1029
7013
7766
154
943
4010
5064
2083
27329
3679
7669
3467
3989
79824
80839
32289
