user_recommendation
318
296
260
858
527
1196
593
356
608
50
2959
2858
1198
2571
1089
1221
912
1270
1197
4993
1210
7153
111
1193
589
150
1136
1704
1213
110
4226
2028
457
5952
3578
47
4973
1208
2762
2692
1240
58559
899
32
1203
1291
908
2918
750
904
364
1617
778
541
1
588
1252
1097
1036
6016
953
1732
923
293
2997
48516
1225
2396
1265
1304
1258
920
480
913
1968
969
1259
595
2329
2019
1219
4027
4963
1682
7361
1214
3996
590
2324
2064
1204
8961
3147
3114
1200
2502
4011
903
2804
79132
1207
349
1244
6539
2599
44191
1206
2542
1387
3462
32587
1307
926
1293
6874
2797
922
1228
1961
357
497
1947
1060
1957
1222
555
5989
4034
1079
1094
1148
1288
1217
1952
1199
745
17
1953
898
1230
36
1090
4995
1527
2716
1625
1247
2712
46578
2132
68157
919
1267
1945
1356
4878
1250
1212
3481
5995
2739
55820
3160
3897
1500
2289
733
48780
3468
30749
954
3307
11
1172
30707
78499
1073
1246
4886
3386
1263
3949
337
3176
1302
3730
905
2300
4235
1035
3363
2580
509
1234
2971
1224
6
1280
50872
1276
33166
1028
1305
7502
1299
4308
1084
2268
671
300
33794
628
2186
35836
1674
1278
319
3435
1269
2144
1923
3471
59315
76093
529
2501
106920
3362
1939
162
2917
5225
1029
1663
299
2761
194
3545
2194
2076
474
910
3361
2318
3101
3083
2863
994
594
4979
1394
8970
1120
1948
2467
1254
16
4306
1262
5064
1237
1361
475
538
1256
62
2976
2791
8874
51255
3868
2020
535
1233
116797
3088
56782
7147
3683
2125
1264
2081
5418
1994
109374
3310
1408
8368
7438
2908
1248
916
41566
1080
1673
3104
928
1292
72641
232
5816
581
88810
3246
1131
3007
56367
246
5669
2648
3260
2160
950
1466
3476
68954
2288
3006
377
1411
2871
34405
1192
3448
4085
1223
3038
2490
2890
1784
68358
2203
3421
454
955
1077
81845
5902
2109
3793
3200
6787
1303
106782
3134
1201
2366
54286
33493
1183
5618
1260
412
74458
1805
1354
1641
49272
2406
7116
3524
6796
1610
2612
2248
57669
1927
112852
3916
1287
514
1019
8981
2137
49530
115713
3424
2245
3167
109487
1376
3095
40629
1096
134130
53123
223
2745
3037
3198
6711
3671
4014
1343
1215
2313
1220
3359
1584
40815
2087
3724
52
3039
6377
3196
235
3952
5444
64839
3735
1103
2973
5992
29
940
3499
69844
1271
106696
1754
142488
2357
2243
2728
1729
968
125
3275
81591
2919
3983
3527
1298
3469
1959
6502
2096
766
3022
2726
2231
5991
2321
69
2078
1175
2795
3060
1101
5903
1982
515
6669
44195
1885
39292
2359
3153
5010
596
1189
110102
3035
30
1963
5013
943
44665
921
6565
81834
89804
7013
6662
492
3814
2115
946
81847
930
2138
1358
44199
7090
1178
6001
1281
1960
1946
534
1272
116
27773
1023
1580
3252
88125
6273
3194
81932
7263
1066
1104
1179
2872
345
88129
2664
3068
7132
1300
1242
2070
3791
99114
2987
3203
1419
720
1965
61323
86
911
353
306
122882
951
368
2474
5971
54503
4007
5114
3000
1954
501
104913
3044
134853
440
1374
4016
3181
2985
3470
5956
2696
54259
927
1393
3168
112552
4450
2108
261
2352
942
7099
1034
26242
6732
2291
1834
3505
380
3256
1161
2925
3091
8665
2099
4422
66665
1348
233
924
2351
106100
3548
1333
6918
2395
97
3910
68237
2
85414
85
4661
1147
1095
2167
3703
6643
471
7256
3015
2912
3638
8958
1283
1827
80463
68269
55267
70286
7767
3788
2068
2208
3213
3152
521
1211
3341
2046
1935
148626
80839
41573
79824
48791
32289
2102
914
4188
4037
54001
27478
838
3510
1266
44555
3741
224
2938
91542
4896
800
3067
3112
2131
3364
92259
3414
1231
3034
1949
5673
2920
1284
40819
21
1537
1649
2232
89745
7136
3529
86882
1127
7091
1407
5475
3498
105504
6380
146656
1950
3270
3546
68838
6979
1931
3102
8125
1020
156
8542
1357
422
2553
2690
97938
3272
6783
96079
1012
1955
8933
3594
2391
2150
6807
59018
2018
8132
2349
2202
4191
3635
2427
32898
373
3016
3679
1218
161
4019
2644
3342
3739
2005
73017
3317
229
7320
112183
1688
3100
3684
68554
832
3396
3417
26729
84152
3072
2085
7669
2788
2935
4262
5017
3543
1810
4187
2442
81229
4846
8880
3504
6552
7386
1282
4225
247
741
8228
176
2066
3702
39414
2176
2686
6870
3507
101
1353
31658
1907
63082
1135
30810
537
55269
3869
2165
3365
7371
3420
4679
4033
2988
6378
2434
2010
508
8042
866
2361
69481
3801
94959
8208
6777
1251
1934
1944
2659
5630
290
938
8188
8955
1860
2846
7419
96728
1629
115569
103
7943
64620
32525
2130
8645
2670
2859
2752
4263
3089
230
59784
102445
2929
6003
2469
72226
4410
1483
60397
8199
2495
3966
3125
6218
7027
87232
178
6936
5341
1227
7087
3728
3686
1049
2271
8528
1904
893
96075
8261
86487
5238
74089
4428
58649
8264
53887
26797
26501
8123
55063
163949
104119
112577
150856
114464
101850
55276
3535
2736
1279
6863
7836
2936
4009
2750
6021
70293
1238
6724
1693
3406
933
543
184
6281
6786
51540
119145
348
8636
2459
3742
5385
1554
1086
86320
1249
3263
96488
3018
57368
3725
1941
80489
48738
4427
915
3251
1614
52767
3833
4432
3347
5008
34338
92
2693
112290
1209
27803
68848
2901
1616
3872
33004
1341
2551
961
1455
3165
1925
3447
984
4969
97921
477
37729
2301
2333
341
3712
7075
5103
3033
1463
3456
363
2337
115617
3086
1326
1771
1312
241
2419
3281
1130
183
3490
3024
3837
1543
3021
1655
3840
2945
2982
2465
3757
1531
3851
6987
1345
2290
37741
2721
1128
2083
31410
39
104374
127152
49
326
6235
97304
3745
2238
49651
6986
56587
1967
2819
87306
3576
7265
2687
4190
67087
2303
307
5291
2327
2560
1255
