user_recommendation
318
296
527
858
2571
593
50
2959
260
2858
608
356
1196
1197
1270
912
4993
1198
47
589
1221
293
7153
4226
1193
110
1210
1704
1136
4973
2028
778
2762
457
32
5952
904
1
1291
750
111
908
1240
1208
3578
364
919
2997
541
2329
1213
899
1682
953
1089
2918
2324
36
1617
79132
58559
1073
1968
1961
1206
1214
4306
6016
1207
4963
150
1259
1252
1247
1203
1035
969
2716
1148
2692
1204
1278
6539
4878
7361
595
924
1225
923
48516
1258
926
1732
46578
913
2542
745
1230
5989
903
17
497
2797
1222
1036
68157
1219
1220
4027
3897
6
1250
4995
1265
1625
4011
223
1199
1200
480
56367
2599
55820
1228
588
1307
48780
2502
2396
1610
265
3481
910
8874
3147
25
475
44191
1246
2019
2300
1060
1276
720
29
33166
32587
3996
1172
246
898
2268
56782
1090
2291
6874
2804
1084
671
555
2064
3462
377
6377
2115
733
5618
7438
1254
1097
3671
2076
8961
994
1580
106782
590
922
1285
64839
1287
2580
1233
16
1293
515
1299
551
1077
2712
3114
1244
3362
1217
5995
57669
950
1212
78499
5418
1028
1304
6711
955
471
920
2791
1500
1947
337
741
175
7147
30707
1953
50872
4308
1952
954
194
109374
1356
4886
1096
1103
3735
2871
1262
1945
800
2144
63082
76093
4034
7502
11
6502
235
1224
1269
3868
1215
162
1256
1960
4235
2359
2231
49530
232
3730
474
1234
6942
5669
1673
3471
88125
2194
106920
116797
70286
1466
3683
3504
353
2917
86882
6796
1272
4085
59315
2318
916
1394
2501
74458
1223
28
41566
272
36529
1393
1267
112852
914
1288
34405
2761
1235
1263
2186
3793
30749
109487
8368
2303
2690
1939
1284
8949
2248
3152
1201
1729
3386
7022
5444
81845
134130
2078
2467
1411
4848
508
2243
4014
8970
6188
1179
280
86
349
1175
1231
5010
81591
1305
68954
348
3499
3039
3088
40815
5225
44195
1292
27773
2105
44665
81932
104374
1357
7090
48394
3256
6870
81834
4239
3275
2863
1674
1754
2971
3916
2395
54286
2289
5816
3035
951
261
3435
5902
81229
3095
3363
3361
3468
7099
1266
3000
3421
3201
1281
1957
62
581
3317
69844
1264
99114
928
2924
2232
905
5991
971
1959
2739
31658
5060
97
2020
1641
54997
1095
33794
85
54259
1333
115713
3788
7139
7802
1374
1343
68358
1282
1303
3469
3203
6979
2109
927
628
1361
49272
866
85414
1784
1280
933
968
314
5782
1948
1120
1537
538
2278
1584
5630
1358
4103
115617
477
233
2841
921
1178
3160
2929
72641
1964
5971
4896
3424
46976
94959
1211
3104
79702
307
1104
5956
2005
945
3019
3034
1086
2132
106696
4007
64614
3686
97304
3307
3408
2987
30816
930
911
6662
8132
2202
92259
1956
1950
3252
3359
7075
2125
357
2648
53123
306
900
64716
946
80463
509
5103
8958
88129
2644
68237
69757
1958
59784
8784
3072
3418
529
1192
6807
37733
8981
838
134853
3022
7669
1257
1189
909
44199
81847
1946
1248
6378
6773
3198
4262
3814
1147
88810
2908
1218
6863
3016
96079
373
431
40819
7419
2726
1260
82459
7116
1023
534
3060
112183
58803
308
96728
2357
68073
60069
319
3594
735
7087
3910
3270
3724
2420
4450
4979
2208
8580
91542
34162
1719
72226
58
44555
1967
6350
6440
1238
89745
1249
35836
3006
4361
3703
3219
87232
3213
1845
907
213
3911
38499
55247
3310
55276
161
7263
39
7451
48738
3510
3342
2391
2321
115569
5064
45728
4037
1251
4223
3702
2788
2081
1680
2686
1094
5791
6787
1271
599
2664
51255
40629
1066
69122
128360
1834
1927
3429
4427
5903
3341
3033
106100
3167
8950
5377
105504
3536
5679
1955
1131
2160
3879
51662
1209
4846
281
80
1283
1982
66934
108583
1923
67255
222
26152
2474
6385
2728
108932
3089
1527
38038
1079
3068
7285
54503
79091
7132
1194
80489
4422
2746
2935
3952
4349
2096
3546
759
2612
5954
3791
7844
89804
18
101
2352
3983
8633
7386
151
4696
1296
441
8228
1078
32898
1298
2890
73017
3501
5475
55052
106916
6333
50068
104913
3272
121231
5876
942
70293
215
7212
2067
140174
2459
3507
4720
4489
1177
363
1962
1289
2138
3741
1916
69481
65261
3038
3101
4432
3260
64285
7164
51540
101525
2245
3612
5341
2925
2366
3467
2780
86320
3081
99813
139385
322
2203
5500
81564
3357
108981
4166
7767
48774
3684
1921
7013
3070
5135
2287
1300
63876
1693
2070
7235
1963
5146
21
27831
8645
5380
1464
108727
102684
7698
1994
110102
122892
2961
6725
4789
7836
64957
6783
452
147
5385
64034
41573
48791
32289
68269
80839
79824
42004
4717
4567
4565
4442
2880
876
3476
26084
6724
115122
1050
104841
3967
1061
2018
52281
3037
2938
230
2490
309
6791
3071
3134
3801
6273
30
68838
91658
935
61323
7380
2857
4616
54995
102445
4117
31878
4801
1080
26729
766
3153
8807
1185
7156
3551
55290
3067
3627
56339
5238
116
6323
99145
4920
1046
111921
3077
8264
3210
51471
31116
1611
1594
3007
34332
56152
58295
3505
106489
412
52767
7566
2916
8873
40583
6669
58347
52435
4410
6461
68135
3074
1245
2312
6187
127152
2919
8542
8933
3196
2496
4406
1678
96075
58649
55063
86487
53887
26501
4428
8261
26797
74089
8123
163949
114464
101850
112577
104119
150856
112552
3175
91529
5017
5470
428
6852
70565
3108
6101
2819
73290
6021
2731
2283
74727
764
2108
2285
51935
4809
4369
55069
6104
33615
6380
5074
59387
91978
46723
2151
1049
4128
60756
6777
26524
5772
34338
3451
48696
1734
55442
4553
3111
60397
3872
3871
3615
492
5014
2117
893
2944
86504
6331
3062
42418
2434
1261
3135
61240
114060
31410
3677
3020
26662
973
6254
3543
1649
380
56805
78039
5540
2745
47518
37857
1085
1653
59018
2553
98491
55267
47099
5114
2331
33493
2106
8798
2732
37741
4121
861
7375
52604
2041
