user_recommendation
318
296
527
858
593
50
608
2858
1196
2571
1197
356
260
1221
1198
1270
47
912
457
4226
4993
110
4973
589
778
904
1136
1193
1
7153
1213
750
1089
1291
908
1240
293
2762
1252
1704
1208
2028
1210
2959
36
899
541
150
32
111
364
2997
1203
919
4963
5952
4027
923
913
17
1682
2918
969
497
1219
7361
1247
1617
1265
926
1732
4306
1230
25
2692
6016
1073
1968
745
6874
3578
2324
2599
5989
79132
46578
903
1259
48516
1204
1148
1207
2329
246
953
1258
1225
1206
58559
1278
1035
1036
1199
1228
2716
924
1214
994
1222
1304
1200
910
2396
2797
1060
68157
1961
6
1276
480
595
733
2804
3897
475
2791
2064
1080
357
588
3481
5418
898
1220
515
4995
1580
920
2300
922
194
4878
5995
6539
1299
48780
1084
1256
1250
1212
57669
2019
8874
3147
3996
1090
1285
1610
3462
3114
2580
4034
1267
1172
471
3362
44191
6711
5618
11
5669
955
1254
1411
56782
2502
1077
1269
555
2542
3730
55820
1217
2186
2115
2871
7438
56367
78499
2268
1246
1394
265
32587
1625
1231
1287
6377
1096
337
474
1028
950
3504
1357
1500
349
954
1103
3868
81229
106920
1952
29
1358
2076
838
27773
2303
928
50872
1466
377
59315
671
64839
648
1953
1307
1945
3421
2132
300
109374
2291
3152
232
1179
1960
1288
30749
1293
30707
1584
1266
1248
1923
2917
1719
1079
3671
6502
81932
5225
62
508
1939
1393
3471
2971
63082
2289
1264
2248
968
2863
74458
951
8368
223
1280
112852
116797
4235
1946
4308
3317
1097
134130
70286
4886
8961
3361
1178
6773
927
106782
86
16
971
54286
1950
1834
33166
4011
3683
1947
162
581
3260
1729
628
3310
1201
3386
7116
1215
2144
1189
2243
930
2648
916
1374
54259
96079
5816
235
1333
1361
68954
99114
115713
866
551
3307
1235
3735
5782
1244
2726
534
49530
529
1356
7419
6796
1251
34405
49272
2005
48774
1147
353
2916
3435
112183
1211
2359
2020
1673
2890
2690
39
1674
2357
3104
2109
1957
1296
1305
3468
3793
2644
76093
7143
1284
60069
1537
3724
1948
2467
3363
4037
5444
31658
44199
40815
1262
6662
921
3546
3095
306
58
741
44555
3201
800
7013
1303
44195
1964
4014
86882
81845
8958
720
1994
6001
68237
1260
89745
5010
905
3033
914
6323
48394
945
4422
5991
1292
3949
2302
72226
3359
3167
2395
3019
1693
7132
1680
161
1233
79702
946
911
97
6807
348
3198
281
7087
3741
3088
538
36529
2203
3089
1449
85
4432
3684
3507
80463
2501
3038
134853
3006
1095
1238
1653
53123
2231
599
105504
3000
2929
8228
59784
319
477
3545
5971
6979
5060
2925
1175
109487
88125
2232
2924
128360
7099
1927
2105
68358
55247
1185
41566
1131
58803
1223
82459
4103
5630
32898
5064
106916
2067
81591
7669
2739
280
2664
175
1094
1281
1263
1192
5341
7836
2731
5017
3686
101
1209
7022
3536
2728
3703
1104
6273
115569
5385
55276
902
3408
3424
28
106696
7802
3429
2612
26729
1041
8784
3022
1956
5475
8132
1019
893
5902
91542
224
7451
1272
2474
3213
38038
8264
7147
3499
1050
69844
5992
39183
3060
3007
3252
918
55063
54997
1257
6942
7502
96075
26501
104119
101850
8261
58649
4428
26797
5238
8123
53887
74089
86487
4410
163949
114464
150856
112577
127152
6787
2283
3983
3168
2202
54503
2194
104374
5679
63876
115617
6021
3916
7139
69481
1218
1282
8949
7091
51255
4809
4896
2330
108583
8542
4349
2732
3418
307
7090
46976
7235
93510
5013
37741
3872
1224
308
2948
6783
3783
3469
6385
431
73017
8981
85414
4801
7698
81564
3072
3108
1023
1376
3814
2285
122882
112552
2208
3476
1029
909
261
2078
52767
230
89804
2066
48696
2946
2427
322
3357
93840
4661
5146
4239
1967
81847
272
8638
97304
759
1663
6552
7212
44665
94959
64285
5114
1958
1237
233
2068
3342
87232
4427
40732
3702
68838
7767
6350
40819
99145
6104
6987
942
115122
935
1234
7256
8580
6724
2686
4969
6669
51471
1754
373
96728
314
26084
31116
1845
146656
2148
67255
5103
4846
1955
92259
38499
5876
3256
1641
51540
6101
7943
7075
50641
2935
3037
65261
91658
441
64614
8950
2273
3911
2788
26524
88129
2108
54881
104841
1419
663
52281
33794
7566
3203
55052
35836
2420
5956
907
1348
8042
215
1784
53953
3200
1959
80489
67087
8125
938
3134
3475
6777
8665
55069
81834
2138
6870
125
38304
3176
1962
2366
4920
58295
1408
2745
1283
8807
6708
1066
5772
63131
1271
106100
163
70293
1088
1274
50068
735
454
3811
2245
53024
6271
3467
1635
3510
4223
106489
422
850
1078
3071
102123
2529
535
1611
8188
3739
8933
39292
2987
3365
1340
3653
2394
51412
56152
111921
65188
2096
4085
34338
368
31878
3074
363
6188
93721
86320
2391
4021
5349
1997
8464
8711
79242
6077
1734
262
2150
97938
110102
105197
6565
2761
7285
915
95558
1963
85342
3035
4642
5380
1177
45728
93320
5244
93855
3952
6786
4361
7844
100383
64957
2936
87304
6643
7156
7766
2405
3077
60756
37731
6440
4912
2125
3989
65514
3801
2321
6331
79357
6530
56805
78039
48738
8199
6281
159
4263
7088
448
32234
3505
6732
5470
933
2712
98491
37733
222
2278
3966
1916
9010
45722
2920
71535
901
3178
2952
116
87306
6125
1598
1249
6187
101525
80
4343
37857
3067
4821
27660
8633
56607
8360
6380
34162
72641
6852
3606
2846
79428
98809
55253
131724
2010
91077
6254
8979
61357
1261
40629
76293
105355
117176
2938
4623
6538
8798
1099
97673
764
8492
98154
101895
58879
26178
75990
6639
26147
128606
25882
95135
25945
72367
127164
112735
25996
5088
7111
151307
7126
27812
110752
26505
26323
8572
4927
25999
6133
94931
47092
120821
50245
26350
112399
2026
4696
3341
7084
178
108932
53318
26242
30712
3551
3263
171
7487
7478
4304
