user_recommendation
318
2858
296
527
608
356
593
4973
50
858
2959
2571
4993
260
5952
912
7153
110
2324
111
1196
1136
4226
589
6016
903
908
457
1304
1198
1252
2692
2997
1193
1221
1197
904
1732
541
1230
7361
899
2028
1208
922
58559
1089
913
2599
32587
1291
47
1213
750
3147
953
357
1204
1617
1625
1270
778
926
246
969
32
720
1207
150
2076
1210
4034
919
293
2329
2762
1084
1247
235
1214
5995
1240
1219
1961
4306
3578
1267
1206
1411
4995
1212
36
1080
1265
6377
1235
4963
1222
1278
2396
1682
3462
46578
4886
590
595
1103
44555
1233
6874
8961
2908
17
1246
1248
1028
3435
3362
745
48516
78499
5669
1259
3386
34437
2467
1293
8873
2973
5017
1348
57669
594
349
1244
1307
86882
1939
1968
1237
60069
8958
3476
1036
1220
2066
7147
475
3742
555
955
1884
380
923
49272
918
30749
5010
109374
3134
1177
62
2551
6987
1952
1256
1
2357
2716
928
39183
1704
2019
68157
1203
3361
6530
7502
3724
8228
910
61323
161
920
994
2580
3730
1610
492
4235
1223
1090
368
6
1653
1258
39
1641
44195
1148
7116
31410
1035
497
1299
1276
515
4037
3114
5105
7981
122882
8950
2797
924
6502
3152
2064
5991
3683
2804
7123
2890
79132
4027
1673
1250
927
3307
3504
224
4878
4262
1296
2010
68954
866
7265
2067
1356
1945
508
1179
7700
2289
2427
106920
2391
7371
64839
1094
898
3260
4011
1199
1172
99114
6985
38038
5225
68237
4437
27317
5062
333
7771
2291
29
81845
3363
3101
1948
1464
1393
2871
1234
2726
3684
1947
5418
1466
2579
2843
2330
921
3088
954
11
1200
44191
1408
8254
2897
4357
2300
1175
3468
25805
1271
59315
1834
1225
7587
581
6971
3095
474
1288
3357
39292
56782
116
63082
1060
70286
1217
3996
628
3255
54286
2302
6773
3793
194
6787
1263
8874
2971
1361
55820
2303
3481
1305
1096
2248
1232
3676
1500
82459
1097
3060
30707
4641
4380
40629
1953
1073
1183
5989
2750
69481
4901
1997
3153
261
50872
1254
265
4404
1303
3527
951
27803
4014
105504
3536
88810
33794
3033
509
2863
905
968
1946
1192
115713
6869
1029
69757
41527
1280
7459
4914
2203
112556
5377
134130
1189
3949
115569
58
1077
714
3038
8798
108583
86504
838
152081
41997
3421
8949
1228
33166
2232
1147
1264
134853
34072
71535
1674
2791
37741
81847
2020
5816
1956
76093
3507
3746
3910
943
3310
2648
105844
3702
128360
1941
2018
3167
230
931
5782
901
1960
3471
938
3545
1292
46723
680
1994
2455
1358
8368
1663
1921
534
2728
2641
40815
5878
198
3341
945
56367
53123
94959
2474
7256
36529
3022
6942
72226
2366
81932
100383
940
106782
104374
4546
7132
1298
4308
6666
6643
2819
3317
2917
5341
8477
7069
3359
3783
49530
1950
3671
1419
1242
2204
232
1302
7438
69844
88125
1127
2202
55276
1935
8981
6777
6539
1584
32898
151
348
1936
5013
2600
299
1281
1748
1959
3735
2920
6662
1131
1284
7698
3424
3006
1266
2336
7419
448
2644
588
3270
3638
5902
3677
1343
112852
141
3668
900
300
4422
45950
8966
1964
36517
7091
3546
176
7451
4223
2038
3741
5238
2929
5475
2739
2989
902
4801
2186
8264
3035
2690
5608
96079
7669
3456
1934
3203
2117
3984
7836
1940
3598
3019
55063
5385
2925
40583
3524
1088
79702
2243
7087
34405
3108
4920
2846
4677
2563
6375
54503
935
6936
930
3635
3915
104119
101850
53887
8261
96075
8123
4428
74089
4410
58649
26501
26797
86487
163949
112577
150856
114464
6001
3872
1253
7263
2353
81591
125
8366
8638
1272
1285
2949
2359
1231
27846
6807
8376
6021
6413
2919
116797
3074
1211
2423
6299
55274
8580
5470
7115
5949
4725
27834
4645
5137
1020
1429
1619
88129
48696
108932
74458
6954
31952
4809
3104
1958
7075
55247
46976
51255
68838
52767
7566
3200
2501
233
4661
48774
3077
3469
1965
529
3020
2283
2194
26524
45722
106696
2542
1224
704
2099
3656
3580
2490
3657
2201
4361
2109
3897
1527
2349
2150
2288
3814
55052
8914
55451
1262
2612
916
3505
1012
272
3007
60397
7728
93838
6380
55253
106916
6724
68269
97304
1178
1797
4322
55069
1245
8645
79824
48791
80839
41573
32289
91542
38499
1300
337
6273
3246
3082
364
6552
2976
7090
1927
3087
30812
6783
73017
3000
1161
6101
471
4969
3342
1066
3510
38304
2105
440
1357
122904
2664
1688
2130
26729
6796
2745
97921
538
3503
2442
942
3475
34
7360
2144
102123
48780
3196
5445
127152
26614
21
6331
4369
32234
1963
53024
6271
115122
7135
1913
2912
37729
3882
7156
1125
2926
3566
521
7943
2746
2070
3201
7215
514
4903
800
1087
81834
5444
4427
119145
3018
26084
115149
1238
31658
596
2352
4623
54997
6197
3879
1273
4848
55269
3989
112552
27611
4326
4103
1394
63876
7767
342
2454
59387
55814
3952
5319
6218
914
72011
1680
6480
6993
314
92259
837
363
89492
8542
48738
2985
3470
95558
2987
5630
70293
2395
8970
971
7456
4151
1104
3091
1513
89804
915
832
3801
4432
8910
2403
3916
3347
2763
2732
6852
8665
99145
3499
67087
3068
34338
3176
16
280
2677
2859
80463
26712
3966
1120
1475
805
2138
1209
1260
5055
93840
3039
4349
4406
2406
8491
3868
99149
52435
80489
8042
3679
3396
56152
112183
54881
5992
1449
56607
4263
7926
2988
477
2916
6639
1693
47610
1191
2443
1635
95088
97673
89470
7766
122900
501
1967
8132
50658
5618
3594
105197
87304
7022
53000
5679
4009
2245
131724
8979
61357
2331
6254
91077
1611
5135
3102
6669
26178
3036
7068
2115
950
2078
98961
4821
7478
1279
373
2721
95167
58879
2857
8492
1023
79242
127164
75990
128606
78039
94931
26350
25882
25996
56805
105355
4927
5088
151307
8572
7300
30712
101895
27812
50245
112399
7126
25945
110752
26147
120821
26323
112735
7088
45210
