user_recommendation
318
296
260
858
1198
527
2571
1196
589
1221
2959
4993
356
593
50
1270
608
1210
2028
912
58559
1200
1704
5952
4226
7153
457
1197
1203
1213
47
1036
48516
111
110
969
1387
2762
953
7361
1214
6016
750
6874
1136
4973
3578
4011
1
293
904
480
50872
2858
1304
2804
1201
923
1089
541
924
1220
1240
1222
3147
1732
49272
778
1193
7502
903
1225
54286
1356
919
913
1961
1230
3897
1207
1276
2542
1617
48780
2716
55820
106782
150
2692
5989
44191
1252
899
905
7438
588
2997
33794
32587
1208
3088
1288
1307
3114
6502
4878
1682
2987
1247
40815
2791
8961
16
1968
2761
1234
5418
2019
2396
1269
17
1291
1258
2918
916
8368
2324
1079
115713
1223
1060
349
68157
5995
5618
78499
1625
908
3462
109374
1259
34
142488
70286
59369
2502
35836
4306
4963
1500
377
2329
69
1212
60684
32
76093
4886
1256
2712
5816
515
59315
148626
4979
116797
39
1244
920
30707
4016
7147
595
1674
82459
2300
115617
3035
59784
2318
109487
1228
1148
2064
940
954
3996
68358
2291
497
1527
6539
3363
81834
3703
73017
112852
910
838
30749
46578
1265
88125
364
4995
8798
5010
2395
73321
112552
8636
300
942
551
104913
911
1127
6711
64620
4027
4128
122882
96821
2797
104841
110102
27773
1219
194
745
922
122886
8665
84152
81845
119145
1997
2973
4896
1077
61132
3535
3365
49651
146656
64839
3671
44555
87232
1233
1957
6
235
134853
994
898
5445
1254
1090
74458
79132
2640
1172
1215
3471
2288
49530
68237
99114
51255
2779
56367
246
27478
1343
3868
3095
2194
720
44665
1175
4299
1784
72998
2359
1339
3435
40819
4720
945
5500
2080
88810
1282
3949
319
69844
89745
2115
1284
44195
535
1032
1263
1953
85774
1173
2366
8874
2690
88744
105844
1393
1278
6377
380
2083
671
3098
4632
4626
6974
64614
5782
471
5956
3104
1376
7143
900
926
333
2580
69122
134130
1246
265
36
1610
1261
2985
329
1237
930
86882
57368
946
71535
1206
89492
87306
3181
52
1287
106100
33166
28
1374
56145
555
2186
3307
1188
96079
224
93838
81932
1178
162
52435
54001
97304
3359
1688
3871
1264
85414
134170
115569
1411
25
1217
2846
2406
65514
98124
2501
3022
79702
48394
51662
98961
104879
98122
85342
99813
45666
107406
111781
112623
106918
93510
440
8132
31193
951
21
3836
122900
91658
1281
3606
51540
1029
1912
3044
96737
1747
55721
902
839
1066
3476
52458
2167
1266
106766
1954
1023
36529
92259
2968
81591
47610
1097
3360
2076
3504
3481
88129
80463
2795
1253
64034
1653
2355
2599
1459
1120
1022
337
141
2208
1094
71838
3198
91542
1948
3175
4799
3284
3111
5301
4046
4802
3675
3368
2137
5034
1224
89864
1614
1199
7482
36931
27724
7386
4105
67087
3706
3260
3334
73344
34405
1597
96610
80549
1262
72226
1357
53996
1286
1086
1179
3262
103228
53000
122892
4246
60069
299
69757
27831
928
7323
3358
4321
932
1358
1251
1260
3524
1407
3702
1211
596
4086
81562
89804
31658
529
232
1945
272
6669
2069
62374
2144
2102
1095
2935
1394
3510
5971
112556
97921
98491
2520
590
29
69481
1673
6659
2841
6796
1333
63082
7090
1272
44199
1248
7075
2043
1021
1537
3730
33004
230
3341
2067
1257
3000
1019
4570
2976
1345
3819
1950
5060
1408
26776
7373
58
1250
3741
2617
81847
1271
2058
3468
3134
84944
509
943
91630
41569
71899
7360
1192
539
3108
55274
1982
8807
3548
73
111362
38061
475
1061
3101
102445
37729
1955
61323
4865
3672
2289
106072
106920
2944
3196
74946
5114
2398
1185
7022
4085
492
105504
156
1994
77561
1209
907
8970
71264
3499
6870
81564
3896
3007
62849
112421
39292
1015
1242
2490
54997
909
81229
3210
3039
2010
1293
1580
4848
45969
5388
2872
1361
1147
109578
3470
7116
3739
6273
7013
27611
111759
104374
4235
1960
3451
2917
1884
8199
8125
3632
3310
88140
7826
950
1947
90866
6863
62081
938
3091
8188
6643
92420
1249
73023
3016
4132
8969
280
4945
4466
5055
97923
87222
4681
728
3148
3037
3418
68954
4571
3984
39444
48783
74795
111443
474
112290
1934
7445
3653
90746
95309
8228
7154
3684
3061
156025
7081
25801
8522
67788
3275
62
4210
4705
112175
41997
3015
2948
47382
1302
53129
73587
538
2243
2707
5444
8154
7073
25750
60487
553
54259
936
4361
3469
3599
2231
261
490
56782
549
84374
1099
61236
52767
3355
72641
616
594
50068
5630
5291
1131
934
41
3681
368
111622
115210
2683
3203
40583
4873
2078
5669
1643
1227
3654
2155
1611
892
71033
1180
62956
1801
4095
3219
1927
1476
1301
56251
1449
4814
3270
4351
1484
3521
2096
915
2081
704
2529
53322
933
468
973
3549
968
1296
741
3735
1885
6954
1273
2150
6242
3156
48872
1938
3256
4406
3761
2970
71429
52281
1035
592
102123
11
55267
4262
8208
1963
3959
2420
5008
72011
68269
1132
1280
30810
1592
581
91500
1299
60333
5679
2459
534
4034
1921
3062
96588
72294
88179
80551
99149
93721
73290
100
1892
6378
122890
45186
3967
33660
8933
47099
3246
3861
4014
4378
3916
524
4728
2670
6783
6947
61240
80489
1268
522
1944
1466
451
2169
1797
2788
77846
33679
5620
628
4623
8493
996
288
80748
54503
6286
1277
901
5463
3551
1350
88163
1799
2066
1104
2929
5540
35
3081
40629
1078
290
1380
1827
3527
5110
914
1202
106916
342
2087
2937
7107
8689
4444
1564
5095
8910
4627
4723
4706
4661
95088
4223
4641
6753
7324
4787
6754
2890
76251
4874
7063
2920
146
1939
848
4002
2671
56152
3300
1049
51935
805
3105
3507
1321
60161
30825
1020
4967
56775
2724
45720
4387
661
38038
262
86377
3152
443
599
3910
8623
3809
5903
1080
5064
68073
5608
2746
37830
3020
3543
3498
2694
2130
5464
1887
2664
31184
3019
51412
1057
82
4081
