user_recommendation
318
296
527
858
593
260
2571
608
50
356
1196
2858
2959
1198
1197
589
4993
1270
4226
110
1221
1210
7153
47
912
5952
1136
4973
1
1704
457
293
1089
150
1193
778
1213
899
1291
2028
908
3578
32
1617
750
904
541
1203
2918
2762
1240
58559
923
2997
111
6016
1208
364
913
969
1247
79132
2599
1252
1225
2324
1682
1288
953
2396
1207
48516
2542
1968
1214
4306
1250
745
2692
2329
1036
919
4963
1230
1148
7361
1073
2064
6539
2716
924
3996
1304
903
4878
898
1259
4011
1732
1265
1200
1961
1035
1276
36
6
2804
1219
480
1228
926
2797
595
2019
4995
5989
1212
910
1947
44191
1204
1267
68157
349
588
1172
497
246
1199
1060
337
32587
2502
1079
2300
3897
920
733
1222
1278
48780
3147
33166
950
1625
8961
3114
1293
1356
922
1258
1206
2291
3462
515
590
5995
2186
1028
1945
11
78499
5618
46578
377
1246
6874
2580
33794
994
56367
4034
1080
1953
555
3481
17
57669
471
59315
29
905
1952
2268
1307
4027
1394
4886
475
1084
1223
928
474
1234
1254
954
4308
1580
671
2289
40815
1233
265
1256
2791
5991
1610
5418
1674
955
5669
55820
3435
357
116797
3730
1217
951
8874
232
3421
1263
1192
2501
1262
1090
74458
2194
3735
16
1673
50872
1097
2076
2115
2917
3362
6377
1500
3504
1077
509
2712
914
1220
3671
76093
2231
1957
81845
508
720
109487
1287
628
194
3006
2303
7147
1960
1527
3683
1411
1201
1094
5816
1939
4235
8368
1393
3307
68954
161
1729
3868
56782
1269
1299
1244
800
2359
1260
916
4979
3468
1272
49530
7502
2248
7090
2871
2890
2971
1096
27773
1280
1284
223
1285
1248
5630
1292
5903
21
1175
942
31658
1834
106782
3949
2908
3471
68358
8784
109374
34405
1103
1954
2132
2739
6502
1784
69844
2243
58
69122
5444
2467
1641
2125
3359
4085
49272
73017
1466
1264
1950
2395
30749
3703
2391
106920
1224
6711
911
54286
1333
88125
162
44555
933
235
3104
1104
2357
3363
1178
44665
3152
1357
99114
440
86882
2202
112852
529
62
3000
1238
741
272
5971
1189
946
1283
3198
2137
2929
3201
89745
7099
927
3256
4014
1147
1179
54259
63082
3095
930
3088
64839
3035
968
92259
1948
1387
8132
68237
551
2318
5064
1916
805
1361
5956
8970
1281
1959
44195
3007
945
6796
1231
3022
3510
48394
6807
96079
3545
1249
380
1215
51255
6331
44199
6942
2144
2690
1537
1251
2726
81591
91104
88810
3499
1266
81229
81847
5060
1449
81932
3361
40819
88129
1584
2935
7143
1343
6979
41566
3081
5010
648
134130
538
8636
2353
2951
45728
1209
6863
25
2761
2020
3386
4427
3072
59784
35836
72226
1946
2232
2612
535
7022
72641
1086
3317
54997
921
2987
1296
1218
112552
909
80463
3134
70286
1944
1023
45950
3039
69481
477
175
3952
6380
30707
6662
3793
2366
261
3451
97304
54503
115617
3038
7669
3160
2070
7132
599
105504
907
2160
54001
7438
4304
3246
3429
3916
348
1374
1029
73290
104913
224
900
6350
1227
1211
581
353
2947
106100
2067
4262
81834
55069
106438
37729
2973
50068
1845
1303
56152
5812
1994
110102
2648
6787
3167
4103
3791
2005
7137
3469
28
2208
1237
290
3196
5225
2331
280
1305
2138
1131
86
4037
735
2644
3448
26524
971
2729
91542
309
262
1066
94959
3175
1927
973
2490
5446
428
48738
4642
106696
6235
8228
8542
2010
104374
2925
53123
87232
1095
5878
3083
3507
2474
1376
8958
6773
2841
534
3310
9010
6870
2924
2788
69
3702
431
3983
8645
230
7802
115713
134853
98809
2944
1257
3358
68073
33493
2664
4299
6188
30816
5114
441
3019
2203
5103
85
2081
319
390
3355
322
3686
4896
1963
1120
3068
3741
4623
2078
6269
1955
2846
40629
69757
2920
3037
3546
3814
3203
55250
3252
838
60756
6281
7091
373
1964
64716
3418
55276
106489
7116
58803
8938
3508
3089
3551
7932
4252
26599
91673
3505
306
3543
178
1942
6669
3034
96821
36529
1958
492
86377
2245
2351
27831
2863
2795
8981
8798
3424
3365
112183
8950
4019
34
7371
4007
38038
866
64034
6218
9018
7075
7386
81564
71535
3536
1688
2694
31878
1923
90428
39
37741
3213
102445
6003
6104
850
412
7139
97
3524
39292
307
6440
5876
93510
37733
51935
6333
3200
49957
1934
3811
6001
2321
41
2936
1049
122882
3044
47610
3360
51540
7419
3788
3168
4848
89904
6244
1300
8665
80
4450
4489
2068
6620
52435
2434
97921
4432
917
5791
2857
38061
3100
91658
501
70293
935
2819
26729
1088
233
4263
1719
142488
2108
33639
7156
6552
2459
53956
3275
2563
1938
55267
3801
122892
915
1962
7263
47518
7451
58347
7767
2463
4422
6732
3396
32898
1366
1810
1081
4128
7827
3062
1734
1754
65188
3111
97938
4326
4661
4225
5017
6385
1956
3475
116
3033
5992
3270
2916
2102
1967
1277
146656
55052
3364
1794
26662
1302
90866
5772
96728
82
6708
4327
2109
58295
38499
128360
4349
4776
85414
68269
6783
1921
3414
3016
3030
4239
2686
4799
8641
2745
7087
938
7013
6724
4660
5500
98491
52973
213
3653
56251
4361
2284
3521
7285
52
65261
54881
2288
268
107559
3911
2420
7256
68838
71033
1594
99764
1202
1185
937
26776
4765
1884
59387
2066
2352
2731
5782
52281
106441
122900
8580
105197
3548
4465
6987
6286
2312
1358
27846
3724
31410
87306
91077
106471
3476
54281
3260
80489
4616
281
5475
5955
299
2946
2096
4223
4086
5690
3681
2130
4518
6777
71462
3501
79702
4796
3892
4930
5427
565
4076
4591
1819
1563
1450
632
314
53
6565
146
5074
2732
2336
115569
8933
85774
7380
3966
7649
3219
67997
4787
2677
89804
1611
4821
52767
54995
2423
1616
1619
3696
5341
7064
56145
1340
6452
2952
308
71579
6461
3527
3098
949
3070
26326
