user_recommendation
318
296
527
858
593
50
1196
260
2858
608
2571
356
1198
47
1221
4993
2959
912
110
4226
2762
1136
1197
7153
1210
1270
1
589
1704
1193
4973
457
1617
58559
3578
750
5952
2918
1089
364
293
1259
1291
778
1208
1213
2028
150
908
1225
4963
111
1304
2329
1732
246
1247
1252
32
904
899
7361
48516
36
1230
2997
1968
79132
1036
1250
1240
919
1203
480
1682
1148
1035
969
3147
4878
5989
3897
2396
953
1258
2064
1219
337
2502
497
745
1246
913
48780
2599
6874
2692
1276
541
1204
1228
920
1214
6016
1278
1961
4995
474
4011
2716
926
2791
588
1222
1079
924
235
25
4306
2804
44191
1172
595
1207
923
903
2268
2542
1234
475
515
2300
1625
4034
2324
3481
1285
68157
1265
733
1199
1200
223
4027
6539
78499
46578
1060
4308
1206
1500
1028
1580
898
8874
922
3996
3114
551
2917
555
6711
1952
17
1288
4886
1212
994
6
1096
5618
1393
3730
1090
349
3317
5995
1674
910
5669
5418
3671
2797
2019
2248
1233
1217
1307
1641
628
2115
1299
2289
2132
50872
8368
1394
2395
1610
70286
3504
57669
1953
1179
671
3152
1254
68954
529
1945
1411
3683
838
161
16
3462
1077
1256
7438
1947
3362
30749
194
1266
11
1272
1080
54286
1356
3735
1959
1220
353
2194
6502
5991
59315
56367
3363
8961
6377
1244
3198
3949
52
116797
1084
1960
1073
2291
32587
1097
2973
3468
1333
1293
1094
950
2243
357
1267
955
1374
5816
1287
348
4896
2467
1956
1095
30707
3724
3868
581
1361
40815
3471
29
534
1466
8784
1939
1584
106920
2890
741
2871
1357
954
33794
58
1269
2186
5060
300
49530
4235
33166
2352
800
2081
308
2690
68358
3359
86
5444
1289
232
1231
41566
3167
34405
1147
3361
109487
1224
3421
3101
39292
36529
5630
265
5064
3418
2664
2971
720
535
73017
51255
866
106782
928
1263
477
33493
914
471
48394
1292
1131
109374
2648
40819
380
1303
2501
905
1185
3007
31658
1729
377
45728
1527
1994
1946
2761
2474
3088
2303
81229
81845
7502
81932
4085
91529
1719
2580
3104
921
3408
2929
86882
538
2202
3201
97
2357
2108
81591
1302
5812
1201
3536
1262
927
3952
7147
3686
6773
1264
38038
3435
68237
454
56782
69844
7132
1103
3448
1948
44555
6870
125
1192
76093
2391
7139
3543
3200
59784
28
2336
2231
8132
6350
2739
37741
900
2160
58803
1635
6662
88125
3507
2987
49272
2203
2312
1248
1189
1950
1300
3038
104374
115713
280
40629
230
99114
4037
648
5971
6807
508
64839
55820
5225
1281
162
3089
8228
60069
1104
2355
92259
1227
1175
134130
2644
1209
3068
6787
491
233
1283
54259
2612
2366
80463
44195
3260
4239
101
2096
2712
54997
2245
79702
1834
441
1086
74458
7022
3246
39183
8542
105504
5876
3095
7419
1223
7143
373
261
224
971
55247
3983
2321
1271
26084
281
3034
8972
893
3684
599
3275
3911
1354
3307
1284
3499
3546
2788
2109
85
661
165
1964
1954
2925
3342
1150
5782
4979
7099
3000
44665
2726
3213
2529
1688
2076
1680
1449
2763
7091
916
6385
96079
3967
2318
951
72226
3203
97304
319
2067
306
968
5238
6796
2801
3072
2359
63082
4223
1784
30816
2732
1029
3016
5902
47610
229
94959
440
2232
104913
3811
54503
3175
4427
3916
1020
6979
1298
5299
2857
2924
1305
4017
2020
6863
1754
3081
3102
911
5103
6552
422
5341
4263
3510
8981
3783
1958
7212
7698
6331
2745
3469
8665
6380
3989
7087
7137
2912
1537
6378
2721
55276
81834
3039
266
3814
3741
5152
3135
1649
82459
35836
3006
53123
3044
3153
1238
7669
2863
112
1260
32898
8970
942
156
2696
539
3357
64285
4432
2150
48738
7116
3252
2841
428
2490
2795
38499
8580
3355
4821
764
116
6565
4014
2919
339
44199
79428
7451
7075
3060
3310
7836
930
1693
128360
8958
2315
1120
3424
1845
2070
307
2394
66934
115617
1366
8949
1178
3035
3871
3083
6791
50068
1957
728
4903
27831
2594
98491
2908
1913
2138
8798
26662
6724
62
4021
7090
1211
55442
5380
27773
5475
6440
2130
1343
3801
4406
51540
51471
31116
4422
2080
5690
1049
4326
8711
6077
1125
76293
850
69481
4809
3036
3612
6188
4103
945
5385
105197
1282
4450
6618
4799
4410
106489
3030
3112
2288
3396
52281
590
1927
86377
26524
946
4349
247
112183
2463
1177
3476
1330
906
63131
31878
1554
63876
26729
6125
5377
2920
3679
2935
3702
678
4304
1277
26501
26797
74089
4428
86487
101850
8264
53887
8261
96075
55063
8123
58649
163949
150856
114464
104119
112577
5017
88810
8807
72641
6001
5772
55052
2273
91077
3467
4465
87232
6021
4537
6155
1280
3037
7215
1023
7285
1012
6852
2687
55069
89
3350
4623
4361
6296
2728
3844
1463
7833
1296
52767
6777
805
3948
61323
2137
1081
3111
45722
178
1678
1257
3598
363
3524
7256
3793
26152
218
8493
122882
5146
1923
56339
4661
8191
3429
1249
3272
766
97921
106438
4128
2693
65261
268
34332
4801
91542
86504
2553
3638
2041
3077
3872
2278
88129
38061
3406
2165
3728
3475
2901
2208
452
931
2746
68838
4033
7156
5956
7767
1653
42418
7160
1464
935
6104
93510
6187
2353
492
7566
3606
2948
127152
4009
1419
134853
1673
3712
2302
8933
54995
108932
1694
54881
93721
1429
31410
3627
7013
4696
6893
2988
159
6452
2405
6461
907
2731
176
2442
2946
42004
89804
8633
2283
7757
1955
6783
2066
1092
101895
51935
2936
71033
67087
6786
58295
80906
6299
735
3791
1701
4969
5878
45950
142488
64716
8638
2952
152081
34338
106696
1962
4642
6639
2287
115569
56152
514
2780
2285
70293
5992
4616
48696
2029
4166
1663
933
2144
6281
99145
5391
909
1340
3551
4327
1082
222
3071
5446
213
3505
77658
5747
759
8528
37731
2524
3219
