user_recommendation
356
260
318
1196
2571
4993
7153
296
527
1704
589
2959
5952
1210
1957
150
50
1036
1198
858
2028
1035
953
590
1197
1136
457
41566
1291
246
1224
1293
4027
5418
2542
4226
2324
1270
1240
2918
3996
1288
6539
2858
4963
58559
593
2762
1213
1968
597
588
1221
480
899
1
2502
357
1208
1265
79132
3578
1947
1617
1923
1449
908
529
1204
595
1225
47
3703
5349
40819
1307
4085
8665
1732
1088
1250
109487
110
2745
11
1784
1500
1616
3414
2947
1912
1580
1721
6
1376
4857
1810
377
25
8961
2406
4995
4306
920
1214
608
541
6333
4011
2797
2501
733
4308
2948
2278
2890
1148
2671
832
2359
916
5218
1961
1304
914
6016
293
2081
8636
6565
3793
3527
4896
59315
3100
45186
7361
497
6979
1222
1954
1028
1262
1374
3006
337
2064
1674
2231
2005
3478
745
1948
474
778
800
4973
89745
5816
3098
1527
2819
1408
904
1200
32587
33794
48780
1299
8169
6986
6450
4225
7787
3194
3196
6378
5618
4016
1411
1302
39292
1223
4034
8970
2539
1023
8368
1259
2728
4062
111
2245
99114
2105
1584
39
34
3114
2968
581
21
112852
1682
3702
1608
2396
788
1282
36
54286
1249
1101
3396
509
44191
924
3104
2083
6296
55820
2985
1207
68358
5673
805
2353
56367
2739
1466
2917
4499
6218
994
33166
475
1277
1945
262
1022
3791
912
2194
3034
91542
6874
4886
2087
27773
7147
5650
6768
6782
4679
59784
3521
155
2329
2716
2991
54259
81229
1090
539
720
3060
1484
1552
1361
2467
1097
8644
5989
3007
2997
2407
41285
1950
1641
4571
2804
300
2018
3035
5010
2938
50872
3386
2724
46578
2881
78499
34405
1962
1193
3408
122882
3462
2470
750
112552
2395
1271
339
3949
1192
60069
76093
2759
2420
1287
7386
57669
3147
71535
4878
2125
51255
51935
2139
2144
3448
3512
5812
3608
49530
48516
3247
3365
2463
106489
3910
913
1089
8337
3481
2108
3252
1266
68954
4041
2951
73017
1172
27821
108979
3675
110102
553
2
7502
3654
3363
2243
4700
116797
2268
1211
1234
4357
2248
32
5299
3505
3952
6423
6686
4359
7357
8190
6636
4661
6630
4535
8535
4537
8929
32139
5836
6777
6829
3296
380
6787
4427
8533
3801
1937
5903
1385
5943
4232
97306
10
1949
104913
6350
6377
8981
2433
3435
3893
2000
8132
6873
27156
5444
5103
6743
4459
1876
5995
2078
45
98809
44199
2434
3125
92210
110873
1258
3360
44665
8360
1246
6281
7614
2575
7255
96079
105
6732
4223
5064
253
1748
3160
969
46976
2746
500
4979
1086
69844
1252
1203
2987
2949
2300
2273
2423
4019
2001
1358
31658
85414
5049
2692
103810
441
647
1944
68157
905
161
106782
102445
3257
4014
65
1693
1079
30749
8622
2993
1370
70286
3735
3418
736
8529
4333
1235
2871
7143
40815
7099
1892
71899
2058
88129
5507
72641
40629
2990
52
33493
3255
2788
4343
910
903
116
7451
2989
115617
68237
5146
44195
272
1267
1356
3980
5014
1941
109374
2736
138036
106920
3635
51412
3745
62
4816
353
594
41
2321
3039
1060
2291
1459
5971
3543
3638
2398
1077
7285
35836
12
32598
87232
58295
2565
1953
3510
2322
2490
72226
3699
5445
2496
1387
106100
54001
307
347
93363
6959
7649
555
69122
1131
7163
7212
1673
3504
1676
2376
70293
3148
2599
2099
2019
54997
306
4132
2973
2289
2117
8972
2137
104374
3471
3088
4351
4344
8633
1960
3555
4327
2541
838
2067
3275
8094
58803
8874
222
5782
1281
1272
44555
54881
1256
3479
2919
94018
62344
91104
1212
59387
33660
3253
4329
7320
6516
3176
6791
100556
8880
3468
65261
4188
3606
6754
4787
4033
63876
52668
8228
4187
3061
4263
4704
3503
2836
2178
348
902
5882
55442
96610
4465
345
2151
51705
86332
4489
65188
49272
54736
8131
31225
48082
58299
106072
7059
7702
6484
6446
6432
7944
6429
6473
4757
3978
4111
7822
6480
6390
6735
6386
7916
6245
6357
4972
6356
8009
7493
6237
6235
4585
4277
8657
8672
8745
8772
6718
6527
7584
5644
6533
6562
4339
9004
7560
8920
2852
2866
2870
8617
8616
8614
8263
6231
1936
7178
8183
8187
6785
3634
5267
2079
6658
4203
6797
8451
8460
8502
7085
8524
26242
6452
4545
8623
3753
1230
6477
3524
1537
6879
32031
8661
79702
948
4912
4247
250
79091
3639
64034
30810
105844
6818
56775
2312
1672
3424
5690
96821
95088
3062
741
96829
88744
3624
1057
89492
6662
79677
96728
72171
128620
96467
48322
133771
127108
127152
93443
146656
139116
3653
54256
99764
81156
107978
48698
67087
148881
139757
74754
86000
85438
160590
198
69481
45499
30707
8879
6440
63859
3359
56782
1588
1238
56152
8641
5992
34162
3181
3494
53972
1414
2686
31410
3358
2140
3185
1209
3350
53956
1175
57504
6663
1059
32596
63131
1586
3742
52722
38061
8580
2393
27611
514
5902
6367
8984
7156
73290
105504
109742
62331
100383
919
40414
4017
178
71264
5954
61024
7827
1049
4447
1047
3079
134853
49957
74851
66097
81564
224
900
3683
1366
112138
748
1907
6942
26662
122892
94780
85179
52950
62081
122900
8607
5478
117529
86880
64497
79139
130520
58103
78105
1963
106696
81847
2750
8361
6659
8860
3019
3317
7323
4506
6331
64620
3260
3469
93510
52885
1227
89774
39183
2912
151
3507
49278
81591
1189
112515
6870
628
93838
2145
3198
3082
5876
6807
3037
1939
1934
2130
1940
3307
1942
1938
5463
524
257
255
64614
30816
1394
766
5300
3649
134130
5945
5785
61013
714
86320
92535
86345
86377
64197
8937
4914
31413
108709
64499
126430
60333
5269
6975
69134
64501
77800
2155
37382
6868
6835
5414
54787
7767
86347
6003
1244
4366
2946
104925
921
5400
50794
48304
215
1104
67408
72209
2829
2094
4848
7980
104069
55721
3308
58
6548
48738
3548
2944
61236
72998
2133
5791
2394
7090
55250
452
57353
73
562
52973
94864
89470
119141
46723
