user_recommendation
318
296
527
858
1198
50
260
2858
1196
593
356
2571
2959
608
4993
589
1
1197
1210
1270
5952
4226
47
7153
1136
1221
912
110
1291
293
2918
1259
1225
1089
1193
457
2028
1704
778
497
4973
32
1213
1968
541
1240
750
6016
150
1617
1203
58559
2762
4878
223
904
364
4011
480
2542
1172
36
919
969
1204
1208
2997
2599
2716
1207
1073
1276
923
1214
4306
2329
1228
1250
1682
1278
2396
111
1036
68157
908
2692
6
4995
3578
3114
1200
48516
1262
1247
1304
595
1219
1246
44191
6874
1394
474
1287
745
1230
1148
1206
953
7361
1079
924
3147
588
4963
5618
1961
913
1610
2019
2115
3671
903
2064
733
33166
33794
515
1035
265
1199
246
1060
25
899
2268
48780
8961
1258
5991
79132
1356
1220
6539
590
1201
59315
3996
32587
3421
920
1288
475
1080
56367
1097
161
898
720
1265
1500
29
17
1267
3897
50872
1732
2194
8368
2791
471
78499
2248
1272
2502
5989
1252
2797
1293
6377
337
1233
5010
3033
1028
5669
2580
2291
5060
2300
2231
34405
2202
235
671
40815
1625
3735
11
7438
1235
4027
1674
1960
1222
44195
1307
1217
59784
5995
2501
57669
2395
232
2324
1090
534
926
4979
1357
1954
194
555
5816
2243
55820
7099
31658
3471
1266
2289
1254
272
5418
1227
54286
1923
1224
2804
1580
1223
628
349
4886
910
106782
509
4085
70286
106438
1959
1834
1185
1285
1947
91104
308
1393
2973
80463
2352
51255
922
3868
86882
1150
838
2917
92259
5971
44665
109487
69757
1358
162
4623
54997
1244
1256
1077
1953
49530
1263
88125
1084
741
950
2987
1186
1673
116797
1387
1215
86
3949
7137
1374
1300
45728
1292
74458
994
3000
1584
2947
353
134130
2312
1641
4896
44555
508
94959
2005
1997
106920
6502
54259
4427
73290
1958
81845
6350
2353
440
1639
2186
800
2020
65514
5954
8636
112552
1411
5956
1131
6188
5630
914
85
50068
281
56782
954
8874
224
49272
44199
1303
35836
59369
16
87232
81591
6620
27831
3198
3462
7090
175
1466
1680
45950
2076
1249
6269
1212
30707
6331
1209
222
538
69844
64716
76093
89745
96079
357
8798
69481
5446
107559
3081
911
106441
99114
6380
1175
3504
72226
2890
551
3083
64839
2690
3006
314
1289
1257
905
106100
4642
2109
8132
1238
2278
2125
7502
58803
2357
1280
73017
1283
6235
728
5349
36529
477
122900
1274
30749
599
3683
2801
3448
6375
3429
1537
2359
55069
3916
7147
30810
3317
928
1794
2318
562
68237
81834
1103
5878
213
9018
2612
26524
7932
90428
4765
26599
4252
91673
529
3508
8938
4304
1243
3030
916
112852
3510
38061
300
927
1299
3072
47610
55247
1927
6244
97304
1192
1719
69122
431
2971
2490
1269
102993
8970
1281
3362
6385
38038
2331
97938
1095
69
2795
3548
7371
88129
106489
7451
4223
280
94466
4321
2677
104841
2287
55280
3435
122882
2968
368
1945
5064
1693
3039
2951
3681
198
2355
55269
2463
63082
4235
56152
290
5225
2788
1245
52975
66934
3730
348
3386
307
68954
2430
3910
7143
81932
866
2137
2467
45722
8542
3543
1354
1023
2908
2273
64285
7132
1527
3034
28
6807
1296
63853
3481
3417
2386
3686
1380
6942
2328
1476
3967
27773
8784
1729
2144
1234
60684
3089
55250
4010
1096
4103
5690
6711
3499
2739
805
1884
6440
1147
52281
2857
3095
233
1178
151
4047
7256
4262
115713
104374
33493
7064
97
81229
1797
2078
2991
2334
915
1952
2145
5522
2944
3793
3639
5915
3361
5444
100714
59995
1086
1066
850
1284
3703
2871
3275
7247
132333
4239
2648
1907
54001
54995
7212
921
81564
1784
163
4357
3104
54503
3044
4799
6552
67255
2687
62849
4007
971
4855
2366
5876
3396
31116
51471
89904
36708
1218
648
8950
3552
1962
31878
1127
1194
4499
373
4327
1050
764
3168
1955
2916
3494
3551
7373
37733
65188
2315
5490
1333
955
109374
309
933
108932
7156
261
48394
79702
2303
930
80693
3783
105504
2644
112183
62
2728
2654
7894
8493
37729
3811
1916
8958
46578
2330
85774
2279
115617
3152
5103
4901
72641
27846
289
64957
85414
1211
8949
3252
6867
3398
104913
73
907
2132
2647
2635
2634
2649
2650
2651
2636
2949
3476
4322
134853
2652
4396
60756
1572
3256
6378
951
98491
2058
53129
98961
306
3307
3406
3178
31435
932
268
1260
39
6104
3363
1931
1611
549
6283
6979
2301
26662
492
531
2993
81562
3203
103048
3007
3983
88810
1944
4660
106696
535
1290
7445
2409
44761
110102
6565
1305
3201
1085
2952
48783
7075
2423
1598
1957
2313
3018
71462
428
4865
4019
918
93510
2067
1573
2761
6612
30812
1104
1406
1189
6936
59387
1081
2011
53123
7139
7022
7386
91077
40
27660
1343
766
178
96821
5110
2704
80969
65261
893
58295
945
6863
5812
26614
1179
2841
2474
632
53
5500
230
2529
524
33639
1020
2026
3676
2344
105197
3100
67997
3467
156
2746
68358
6003
3355
93721
3545
2387
1663
1658
40629
3633
946
8207
1956
3020
6773
1661
58
1566
56757
34153
7802
2010
1734
37731
84944
64034
27664
6787
58351
2989
422
4369
4450
3022
3468
46976
89864
968
848
55276
2660
86377
123
6870
3358
1099
2846
8641
37857
6708
581
1120
1994
1620
8645
4037
71535
122892
3397
3350
5152
1967
52604
79091
4308
33660
901
1449
1464
1061
1950
95167
1366
30822
55442
3763
7649
115122
3035
140174
2563
2664
101
2863
4211
5608
2920
6993
3788
71579
3270
3360
491
76251
6796
1273
71899
3062
3702
53956
7164
6286
4616
5329
5540
1653
48738
3071
4014
112138
8981
322
2736
53519
73587
3134
662
937
4380
7263
7091
3359
3213
1939
8528
3037
452
1248
2336
1057
34164
37741
82
6201
2774
3451
2478
2405
91658
3219
58191
59684
76173
65037
152077
3068
69458
31689
68347
6869
102445
1963
