user_recommendation
318
296
858
608
260
2571
50
356
527
2858
2959
593
1198
589
1196
1270
912
111
1213
904
47
1221
1193
150
4993
908
1210
293
4226
1197
4973
924
899
1136
1704
541
1617
903
778
110
1206
2918
2762
2997
913
1225
457
2396
1252
1258
32
1968
969
1240
750
1682
1208
1073
923
6016
1259
380
1247
1961
1089
5989
1203
1732
1
2712
2692
4878
745
4963
555
595
55820
48516
2324
2599
32587
1207
1148
6874
2329
953
5952
910
1222
1036
1291
2797
79132
17
11
58559
1219
4034
1356
3578
2076
48780
1097
364
1028
1673
1230
3481
2502
7361
1228
1214
1060
1199
5995
3996
21
33166
1246
3499
6
2716
926
36
4011
1945
4995
349
2804
106782
1250
1304
1223
44191
1212
2028
922
16
223
2300
1267
1265
1276
6711
175
1466
6539
1220
1200
588
4886
2318
3788
1244
46578
2160
4308
70286
3039
4027
1233
56782
3949
3006
2186
7502
3175
5618
2947
2019
1035
3072
3683
4306
898
235
497
68157
377
3462
2291
2289
3916
1079
3435
1947
106920
480
2572
1952
3793
300
2908
2064
50872
905
1997
7022
916
1307
919
162
76093
1263
3897
720
2542
56367
112556
8665
1982
7147
1217
1256
950
1394
3358
1172
3735
1234
3471
49530
2580
5114
1293
3095
1260
1411
1639
3451
64839
1955
1625
4262
134853
2795
2194
951
161
2871
1278
3101
7153
1201
1077
30749
5418
1957
1254
1343
63082
49272
2391
68954
6863
337
1285
2973
4014
1080
3307
4235
838
3246
2916
3671
5669
2268
8874
2359
3868
2243
1610
1953
1464
928
109374
1305
2144
1284
1912
115569
30707
1287
1393
954
1916
121231
933
115713
1178
3362
7438
2739
3196
474
6787
6942
134130
4085
6565
3083
6502
88129
3210
1120
25
1175
1231
1674
1204
1179
968
109487
86377
116797
1095
3088
68237
5225
6188
3035
307
1927
3317
3730
1527
78499
1218
3476
800
29
81591
51540
2231
60684
60069
48394
8622
2791
306
2108
69481
8970
1374
3424
68073
8949
431
1242
68358
2202
103228
74458
994
3983
2208
1280
1237
3408
735
3022
232
69757
54286
1272
59784
89492
1088
5010
148626
59315
1954
741
4489
3676
112852
2232
111759
3556
7116
82
515
1094
911
88125
2501
1103
35836
3524
81229
1041
88744
930
955
110102
3739
6273
7013
8961
247
86882
1396
3510
3015
39
142488
946
80489
81834
272
3420
2971
91658
69122
501
1209
3186
3952
3044
2105
965
1269
4641
4873
1921
390
2395
2321
79702
6932
3468
549
27022
3359
26587
1333
115617
3504
4361
3507
2096
4979
57669
4571
1580
51662
1754
149
2788
3147
84152
3967
909
2944
176
7802
1948
30816
1939
440
2115
104374
140174
2686
3089
26131
280
290
108981
108727
1302
96728
102684
3365
97921
8132
3565
492
81845
1248
7075
1227
1357
3421
4450
8873
233
4903
3272
147
1299
6440
41566
215
1594
2125
6669
1086
111781
3019
733
39292
54997
3910
2459
4406
5060
6796
1950
6350
1859
104879
5991
265
45
73321
508
357
4623
146656
3104
72641
2761
89904
1281
3320
5071
4302
4731
86781
8981
1719
3915
3134
5477
85774
1361
37733
3310
4128
3067
3060
8950
1286
31410
2985
26152
64620
104841
671
2267
2926
116897
319
106100
1192
45666
4914
8530
107406
6650
104913
2929
8958
106766
68135
6975
6979
1253
3594
535
31658
50851
6620
3114
2925
62
2671
524
41
266
1292
299
945
55118
562
4846
38061
26729
112623
2924
2288
3551
33493
1189
373
3448
766
97
1748
1407
4029
1784
69844
1059
1500
262
44199
3129
91653
3814
4056
1104
2726
2694
2303
1860
2137
5812
92259
8914
80463
6870
5064
565
2690
628
101
6643
3725
51080
1096
1283
111362
5893
1135
4848
40819
3168
3505
2138
4965
4518
112183
3252
3635
1994
942
42718
1264
65642
61240
2563
4076
1563
4591
1819
1450
5427
4930
4796
111622
1959
973
2248
2067
216
2594
2302
3000
2932
3363
1449
7826
3798
8807
556
1352
1649
1345
64614
81
1845
1963
86320
3361
8154
538
224
3111
3469
40732
3266
1251
6807
77455
106696
3261
3068
534
2912
2118
5152
7034
6254
3969
3879
4326
52952
49651
2009
54881
3255
90061
4755
4467
2245
529
96079
33794
1689
81932
134368
54259
475
3536
2890
900
111921
7139
36529
4017
7090
5679
69134
222
5971
119145
5956
8638
88810
943
85
96821
1029
1066
28
7123
51255
4352
25850
78574
62511
27846
51935
2935
728
1224
3512
93510
3062
3791
139385
56152
3262
107910
90428
803
54372
5617
5291
4239
7320
1958
3034
907
2819
3274
1023
105844
55765
1012
314
3973
25947
32525
27803
60756
8125
1131
551
1680
3701
3741
64034
111443
5782
5103
114060
101525
126106
38499
44788
594
3016
2846
1805
97304
55267
3091
8493
1034
2729
82459
3629
4696
4466
4945
3703
53519
68159
59725
8533
97923
93838
8784
1180
96488
3686
2664
1721
141
596
3632
8188
8199
915
3265
30
42004
1211
5002
6732
4865
5387
2442
3654
37729
861
2280
3152
7451
1884
345
70293
7386
2361
3355
5329
2313
3037
46976
3032
1974
7263
46723
58347
5135
1653
112552
194
55721
2005
7419
2068
92535
2102
1243
1226
2357
1186
1619
105504
64957
47099
99813
68269
117529
7669
8368
940
91630
8633
73344
7027
5500
1934
3861
52973
2495
4007
2917
79824
3077
6776
80839
48791
32289
41573
7380
3081
54503
3470
52281
4210
920
40583
3501
412
2423
112290
55290
6852
3098
8880
7154
85342
26662
1616
1273
2687
59126
54001
3498
104069
98124
3728
41285
3270
30850
3251
1964
81847
2006
13
2278
5415
87222
3707
34072
99114
599
2920
4478
5446
134170
1277
2949
1797
1332
3794
2165
90531
2970
10
37741
3105
2352
308
1827
3724
86
2304
2467
85414
7833
2736
4103
8711
3070
917
6077
3007
54190
53996
47518
27478
4880
3102
2463
5690
57640
4121
80906
27721
112138
2942
2333
3543
