user_recommendation
318
296
527
608
858
2571
593
356
2959
50
2858
4993
260
1196
912
1198
1704
110
457
1136
293
589
1221
1197
4226
2997
1193
111
3578
150
2918
1270
1206
1291
2762
2028
750
1210
47
4973
1208
1036
778
908
4306
364
904
1213
5952
7153
1258
919
1089
924
2502
1222
2324
32
6016
1252
1682
2329
969
1225
1073
79132
2076
1097
1617
1035
1240
745
4878
246
1247
46578
7361
2692
3897
541
899
6539
1968
25
2712
6
48516
1961
5989
1148
903
337
595
1
1214
1230
4963
920
1259
3147
265
36
48780
68157
480
1200
1204
1203
3481
2804
2716
953
926
2542
1299
1219
11
5995
913
4995
4027
1244
17
56782
1265
44191
4034
2115
6711
2291
1952
1094
1028
1673
8874
1527
2194
58559
4308
1307
4235
1293
1278
555
2797
1079
1953
1250
1224
1263
1947
1060
1207
923
109374
1732
5225
1246
910
223
64839
1784
1228
1220
6874
3362
2871
55820
588
3788
1233
2064
2396
475
922
1217
1957
914
733
1719
3468
1357
1199
898
116797
2580
3317
357
1254
81591
1394
175
1288
32587
7502
2160
1674
1287
2231
1212
551
4085
2599
377
56367
4011
1945
48394
497
1234
2318
106782
3996
8949
5618
2019
1090
2020
4886
1084
3683
2501
39292
1077
955
235
3735
581
3730
2268
529
3039
720
3499
1641
16
800
57669
1103
5418
1625
3095
1095
33166
994
1466
3868
2303
1304
3421
1276
1411
1964
3196
30749
2395
3504
50872
534
106920
3424
3363
3006
1088
3462
1267
1172
2357
515
1500
2186
474
60069
1223
76093
7147
590
1285
1231
78499
1266
1096
1256
1269
348
36529
70286
1305
2917
6188
1449
3201
3114
349
3152
1361
28
6796
104374
2132
161
86882
1358
5812
68954
508
21
2359
3471
954
29
5444
2791
2908
194
3088
380
1262
2739
62
1235
54286
728
1948
8961
1356
4450
216
63082
4262
950
2313
1464
1211
7802
109487
741
49272
1272
3510
88129
81229
1921
99114
2125
1282
2467
3181
8873
1080
3035
1292
134130
2300
2648
4021
6440
538
1960
3037
916
3275
1610
1939
671
968
6807
2202
1962
1393
6502
1243
2788
3386
3034
272
1281
2243
6620
112556
1120
3260
1729
1387
280
3357
2664
1260
805
2987
81834
4017
2289
44199
38038
3272
3168
6870
8360
2248
3469
88810
3019
2391
1950
3916
1264
2726
3108
3476
2459
3702
6863
928
1185
3911
5782
3429
4007
471
1956
68073
2971
3022
1580
2144
59315
509
2353
30707
3089
1946
96728
1302
232
34405
7419
52
3435
4016
41566
79702
47099
785
905
307
3104
3677
1189
3793
6377
3671
3163
3967
27803
92259
162
1303
2841
1131
1345
1248
3556
6979
6773
2761
8950
89745
1179
31658
37741
35836
3814
306
3307
5630
49530
1321
8638
4489
5060
108981
72226
266
112183
108727
102684
4361
88125
1611
1343
45
3724
3203
1284
8958
3359
115569
64614
3361
58
1175
2732
2071
4848
3310
1029
3175
5679
3598
147
30816
6565
7386
2857
900
3414
7022
3791
2006
1271
5013
5669
2924
1296
3448
2728
3703
431
951
5991
2644
300
68237
1958
3252
2336
6296
3167
7099
32898
971
91630
4304
51255
3952
927
3741
2232
6350
8132
3101
7075
1178
115713
6184
3081
74458
6787
5074
34072
2949
86320
3176
2863
3983
2929
59784
866
115617
8981
61240
5791
6662
140174
3213
6942
2721
1242
2973
105504
1927
1192
549
1249
2352
96079
86
64957
73
3949
3801
3219
946
2686
3044
4103
3070
171
2328
121231
3783
69844
262
50068
1012
2387
930
6218
106916
44665
97
2245
4873
90430
99728
27831
44195
7669
48738
8368
213
965
5391
4277
4459
86548
7116
3079
1063
81845
2018
82459
4029
101525
594
1810
2279
2078
6869
1251
69122
33171
1982
1104
2890
178
8645
58803
125
41527
3746
7459
66934
4349
1419
1860
108932
3871
7132
94959
40819
4432
1023
3016
635
3198
1283
2423
77846
5992
139385
3467
838
81932
3536
54259
73017
5103
2029
1147
3684
111921
3062
4014
933
2795
3007
5064
2203
128360
363
1797
1257
7013
2109
233
80489
1730
1504
5971
7091
89904
921
1994
3134
5010
36519
1280
7649
1537
3000
1350
3795
108583
63876
61323
3083
80
2837
319
1238
3546
4422
5816
55118
1589
2208
53972
3341
37729
1965
6461
3507
599
96821
8580
1215
6774
4623
2386
1873
2819
26326
2474
97921
3342
31410
2925
4642
88163
2366
3038
2139
114060
7285
911
940
2463
4661
4641
79428
96655
5325
2690
52767
5341
441
8970
2919
2302
34162
2067
7123
1333
1209
46976
5238
6548
55052
4190
2280
2070
72641
3112
26524
7027
6777
1959
428
3873
345
7698
95510
5878
3654
55276
308
3100
8228
122900
3135
39183
6987
56339
7836
4037
3505
8264
50851
126106
80549
86504
46723
3060
942
42418
943
98491
55267
26084
122892
2912
2935
2920
4187
3789
2138
1754
6323
3551
2312
2334
116
5002
6331
6003
81847
97304
64716
3451
2745
45950
41
3679
1085
5475
2000
4755
90061
33660
3262
106766
735
759
2938
2976
37386
7090
3396
18
1734
3728
7235
8633
97923
78039
56805
7139
8542
4616
8493
1078
55063
6986
69481
1845
26729
2389
4809
390
2420
6380
2846
55290
38499
7767
7566
4776
1218
4552
34332
4846
27773
2944
1688
2434
55442
2140
4239
7156
5385
6783
31878
2961
4384
452
4223
3098
3512
4537
322
3989
938
3251
531
106100
115122
4410
3200
6724
4844
74089
8123
4428
86487
8261
26501
96075
7087
58649
53887
26797
163949
104119
150856
114464
101850
112577
5017
1680
3194
26152
1191
7445
4117
4658
100383
4263
1340
2440
4801
6273
30
2660
1966
76293
4201
5876
4292
134853
56152
2283
3943
1914
5146
7293
1907
3792
2700
42004
87232
86377
40583
55269
195
3365
67255
112290
3612
3725
2
8530
6791
49957
51540
222
2746
6001
4102
8711
8784
6954
3210
4696
85
6077
7844
38304
2108
