user_recommendation
318
296
527
356
858
260
593
2858
50
2571
1196
608
589
2959
1198
912
47
110
1221
1197
1193
4993
1210
1270
1089
150
4226
908
1704
4973
778
2762
1617
457
2918
1213
1136
7153
1
2028
5952
904
750
293
1259
364
969
32
899
913
111
541
1252
1291
1225
1247
595
1203
1240
2396
6016
3578
1258
2692
2997
1208
923
903
2599
1228
1036
588
1206
953
745
1265
4011
2329
1968
2542
1200
480
1304
2804
1230
924
919
590
1214
926
58559
44191
36
48516
32587
1682
1732
1035
1207
1204
2324
1172
1028
1199
898
79132
7361
5989
1961
1212
1073
1060
4878
349
4963
1148
910
223
1246
3114
337
1079
1233
733
246
2064
920
1219
1222
3147
1625
4995
6
2291
1952
922
3462
1276
555
1278
1084
8961
1250
2076
2268
3471
3421
1234
2716
2019
11
68157
1953
2712
55820
1272
2300
1293
2797
1673
1263
4034
3435
17
39
497
3897
1356
74458
3996
1077
5995
6874
3481
950
471
509
1287
2502
1269
2186
628
3730
1527
1267
1945
21
1097
56367
5991
3362
2973
1610
78499
551
48780
59315
2580
1411
1307
56782
235
2115
63082
50872
1096
1960
2318
1947
1288
1394
1959
2194
3499
1299
6539
2303
1220
380
1244
3671
1103
2971
4886
1292
1094
474
2739
2289
1997
3468
1266
1674
1086
162
116797
1080
2132
1090
1175
68954
33166
7438
40815
2467
106782
1333
5418
46578
2791
2160
3683
106920
4306
3504
911
1387
1466
7147
515
1223
905
7502
954
1254
5444
92259
2917
64839
2248
1217
955
2137
2908
109487
3006
1284
377
3307
33794
4235
76093
671
1580
16
3072
1923
30707
2501
1248
1264
3868
928
3735
3039
8368
232
44665
916
1500
529
1256
2231
30749
27773
8970
2081
109374
720
49530
194
62
2020
6711
4027
29
6796
4007
3088
54286
1224
2795
3359
475
357
3152
3363
968
946
2067
5064
1192
1927
3095
951
5669
1104
1120
2144
1361
1029
1179
5618
4979
2395
3101
2664
300
1994
3788
994
4085
3451
2871
1260
1305
8874
8228
45
2490
3358
81591
1641
2359
3510
914
112852
2313
1178
1095
3160
741
2944
3246
3198
44199
4014
942
86882
3201
5630
1201
373
49272
7022
34405
3068
3429
3167
2125
57669
161
800
88129
2929
1283
81845
3275
930
5816
1218
1982
73017
1285
104374
3168
1954
4308
3418
3967
1729
581
2243
3033
1537
81847
1956
1343
1374
945
3791
70286
3949
280
1249
2366
59784
838
69844
1393
3546
1680
2391
2203
1280
99114
2459
1939
88125
3814
2005
2761
1948
2890
492
2138
2726
3022
3134
3044
110102
6942
1958
2648
1950
33493
2336
3081
5225
7099
272
1955
1944
2108
3548
2920
54001
921
134130
907
1358
6807
7090
52
8784
81229
58
1185
3104
1464
54259
2010
44195
3035
51255
3469
3037
2746
3448
3524
3175
3916
1688
5060
1262
106100
440
7132
2788
35836
2278
81932
1963
89745
539
1012
106696
2612
4450
41566
28
2935
2202
1281
80
1251
3272
27831
2130
1611
3213
8981
3007
2245
363
7386
8798
2355
1921
8958
54997
6979
1719
1946
1957
2096
80463
40629
973
6787
538
3741
6440
98809
72226
2936
5956
175
104913
1023
7075
3424
7802
115617
647
3871
1348
431
766
1784
3200
2208
112183
1357
3083
3420
3724
6188
534
1237
31658
2361
7767
319
933
88810
4037
85
2288
909
1296
8542
230
3000
3038
3019
1649
3361
7091
6502
94959
348
3594
3476
2594
106489
2690
2987
2553
233
72641
3551
47610
2729
8950
759
1912
96079
3252
87232
1300
5103
2078
3983
6863
3016
299
428
69122
535
122892
37741
86377
2863
1081
4776
3508
1962
4326
1916
4239
3952
2232
25
4179
2463
3801
3386
3679
69757
7263
2841
38061
8933
1189
36529
54503
2925
6791
4223
2846
41
134853
1147
5008
4029
6377
27022
91542
5152
599
2644
8645
3844
3676
2109
116
7669
3527
1302
1209
207
1186
850
3545
96728
89904
68358
477
30812
6565
6378
7371
3256
1321
2442
1131
3270
1215
68237
6669
1227
6786
115713
97921
2728
281
6385
1177
97304
146
51935
915
7649
6783
64716
3725
34162
88140
42004
7256
3102
73290
971
8528
1049
5903
866
3342
3396
30816
1191
70293
1345
81564
3181
3414
2912
6662
3911
900
5791
68269
4623
5782
3365
1845
1135
1231
5500
3135
2357
2165
2696
326
5876
58303
2686
4489
805
4612
7373
3552
353
2924
6732
2333
3686
97
53123
47518
2495
8650
362
616
8949
2949
97938
32525
4103
4262
5055
37733
39414
2687
3018
2066
111362
2087
7208
8121
47728
2927
25852
40819
508
1066
965
3062
3067
6870
2150
2951
2403
2118
5812
38038
6852
2352
149
4086
3034
30
6003
1088
62849
8665
4369
50068
2721
6724
3194
48738
6993
2068
5992
85414
2287
3505
3703
322
5971
41573
79824
32289
80839
48791
261
68838
1663
1734
69481
66934
26326
1931
108981
1127
7285
2693
140174
556
1834
4019
1797
106438
54328
102684
141
108727
2857
2916
55052
213
1211
1261
4821
3728
45728
68135
3543
441
64034
7320
4117
215
84152
938
111921
42418
7116
56152
91529
3112
34072
1243
893
2901
1965
3467
3015
1082
64614
1257
3196
60756
4945
4466
32898
73321
33660
26472
2474
5017
63876
927
27790
37729
8807
4263
1366
102445
2932
103
3203
2919
1934
5608
5074
40583
81834
1340
4755
90061
7380
8132
7419
105504
58295
4009
1964
1463
3036
3111
4720
4465
3360
2660
104841
4349
7123
3011
101525
6104
1057
7451
1253
1277
86
52767
3507
6331
107559
121231
1629
6754
67087
112552
2140
1032
524
3310
1938
6773
1408
86320
4380
2337
3702
96821
1884
3655
71033
27721
3475
69
306
6350
106441
2988
3210
122900
1353
451
5391
5772
4705
4616
115569
1754
3364
2398
6461
55247
4422
52435
6954
1341
1643
8880
4299
4105
2131
68073
87306
514
4017
6776
1202
1085
51662
