user_recommendation
318
296
593
858
608
527
2858
260
50
356
1196
1198
2571
912
4973
1221
1089
2959
589
1270
1213
1252
32
2692
908
1136
4993
1193
4226
111
750
778
1203
1
1219
904
1204
1304
2762
110
2324
1617
899
903
1291
2028
5952
48516
7153
953
969
923
6016
1197
1210
457
58559
541
47
1265
1704
1036
357
150
2997
1240
246
898
1207
293
17
913
922
2329
1278
2064
1732
7361
36
6874
2542
926
235
919
1228
1028
1247
1212
1411
1206
2599
1288
1952
515
78499
46578
1217
1094
1208
920
2427
79132
1035
733
1258
50872
32587
1267
1945
595
1293
497
1947
4034
1259
1953
1225
720
3435
2804
1200
954
68157
5418
1097
1230
2076
194
2791
1356
1939
3362
3386
2467
1276
3114
1222
1254
3462
2908
1248
3088
3134
1948
44191
2186
1237
4995
4963
1271
4306
918
475
905
2396
4011
2289
2321
3363
6
76093
590
928
1292
994
162
1348
3160
588
594
2917
555
1302
2300
2288
1387
3260
2391
5991
2501
2971
3949
1199
3730
1682
11
1084
1244
1256
261
1673
30707
345
3361
1625
1361
2115
300
2019
2863
535
1234
1307
1305
1079
59315
1264
509
54286
8961
1923
3147
4235
5017
3038
3307
1884
81845
1172
2302
1299
1214
955
1303
581
88810
1233
6539
1060
30749
8636
5989
27773
3578
109374
3468
3897
349
866
3101
1263
2726
538
57669
1968
534
3152
1748
29
3524
1663
55820
2020
56782
8958
41
72226
4886
306
3200
81932
2648
2987
7147
7116
1103
44195
49272
480
3527
529
838
40629
1250
3037
7438
3910
1269
33166
474
1029
1500
2132
1280
2551
6987
1211
4262
551
1179
106920
3683
74458
2203
2066
2973
2716
1192
1285
1131
596
3724
53123
6530
48780
916
2150
1020
968
3545
3481
1080
5902
2594
2313
2580
58
106696
2109
1961
2099
1175
4878
492
3167
1077
1834
3310
927
2474
5995
68954
4380
1189
3104
40815
2202
1147
7371
1419
745
6001
951
122882
501
62
1090
3504
1619
4848
105504
4641
1296
319
4979
265
3341
2336
1994
2919
2871
5618
628
2612
1272
4037
8228
3072
1466
8368
44199
41566
2366
96079
364
2018
1946
1246
2925
373
3246
1527
5105
2352
7981
7502
308
2890
2144
3168
100
5608
299
514
1921
1224
70286
3007
106782
51255
3469
3471
2357
1957
1161
8970
116
1357
1066
1950
176
3153
86
232
7263
69481
8981
2739
368
2070
34
921
1148
1232
3060
307
2797
2728
2750
198
943
2938
99114
3044
2248
1104
3868
1096
1464
531
337
902
1183
2490
5475
1125
80839
68269
48791
32289
79824
41573
5992
7771
3421
7123
110102
6662
3359
1935
3684
8950
940
72641
2137
81847
4014
1235
4437
1120
69844
2644
125
3735
2641
4308
134130
5782
1827
2105
156
81229
1408
7700
1300
5062
88125
2579
16
3424
2176
6863
2745
1354
494
56367
2664
142488
32898
40819
2355
3022
2010
3476
55247
5225
7587
671
1253
350
60397
2232
2102
7669
49530
4914
115713
272
1201
2469
5669
2245
85
5341
1209
39
2231
3703
2303
30
115617
2130
3270
766
6773
1245
1965
3095
64839
3108
134853
116797
148626
4422
55276
3507
1012
931
6971
7836
59784
5385
521
3741
1805
7360
910
33794
3091
7419
3198
3546
1931
27317
89492
930
1260
4661
89745
1997
233
938
3347
2459
2278
3406
106916
5238
1674
1220
104119
101850
4410
4428
96075
74089
58649
8123
8261
86487
8264
26501
26797
53887
55063
7087
163949
150856
112577
114464
68838
2081
1073
1215
6021
4809
8874
3638
54001
112852
82459
2359
92259
924
3083
2859
2659
942
5010
3872
1885
2291
4432
146656
2117
97921
1186
2857
112183
6787
91542
3470
31658
8798
2349
1266
6643
7132
2788
97304
98961
3035
39183
1231
8665
88744
91104
5445
2398
3417
230
94959
87232
5444
178
85414
6003
80463
2442
102123
661
6777
2872
1177
224
1242
37741
3996
5630
3000
1641
3671
1680
7139
3100
3357
2194
3814
984
3447
961
1925
3165
1455
1393
62849
2046
2173
2690
3594
2283
54881
448
68237
97
3448
1262
613
6273
728
2238
122900
4969
6101
151
115569
2600
1401
2989
914
107
2454
2138
37729
3265
950
1298
2118
54259
51540
2208
6380
1370
7698
8477
1041
3475
1963
8528
3271
3068
6936
4801
663
247
3018
1178
26729
2912
2243
5903
57368
3635
91658
34437
26084
537
54272
2403
1784
127152
229
6377
2080
3081
164
81834
477
8042
60069
213
1274
88129
4427
4546
7069
3175
1967
911
93510
3086
5816
1934
6666
945
3089
99149
1959
26242
2078
3070
3263
412
2792
1688
1345
35836
70293
86882
106100
2068
8464
935
3105
2140
1449
1340
80
1734
973
4404
2204
5013
3966
2929
241
7136
8949
3983
71033
3252
3039
8132
2976
71535
5291
3256
3742
3420
806
2935
6724
6538
7075
112290
2696
2949
3809
2096
3213
2423
44974
27831
2721
73017
1958
707
3067
72395
1949
665
915
3405
7767
7091
6552
6218
2351
3967
1960
47099
5319
53000
1023
40148
43267
2746
2125
1941
3989
37731
1537
1059
44665
31410
3129
38304
6271
53024
1238
6796
3812
1283
1614
6852
1088
1475
2988
1913
4009
500
90866
7088
55269
82169
64034
3604
3736
26524
7089
91077
5114
3015
2712
680
3702
764
7943
86320
2622
105197
422
290
79242
5949
1860
7090
97938
6807
3916
2108
128360
103
88140
6385
87304
2067
7373
4263
917
417
3676
3536
2920
1394
3556
3763
748
4912
471
84152
1279
3503
1927
5772
3869
60684
3112
2252
2087
77455
3679
2951
105355
495
161
52767
61357
8979
49824
38499
112552
326
7566
5673
7215
8542
4016
119145
6639
1480
65188
1273
26178
7478
1513
3016
47629
128606
110752
7111
4927
112399
112735
94931
7300
27812
55253
101895
7126
127164
99145
151307
26350
26323
6133
120821
4349
26147
25999
25996
25945
25882
56805
45210
56607
5088
78039
26505
8492
