user_recommendation
318
260
296
593
858
50
527
356
608
2762
2858
1210
1196
58559
150
1221
79132
1732
1136
1198
1089
48516
1213
904
457
4226
1193
111
4993
2959
2571
7361
1219
541
1222
7153
1080
3578
27773
1258
480
1617
32
5995
953
57669
1207
3147
1729
1201
55820
1
5618
745
70286
1240
589
1673
5952
919
7235
1197
6016
2529
1250
4306
903
364
4406
926
1304
31658
67997
1580
47
1584
1079
1256
1625
54286
2288
501
247
3000
6001
1214
1259
349
6773
51255
920
3030
1270
1206
3196
1252
1682
912
1721
223
6713
27592
52885
30745
1265
1291
8370
778
908
68237
1272
3501
1939
1148
2987
590
5418
3481
8961
1321
2028
1261
1376
3510
5956
913
1208
6
1923
4973
1035
628
8874
1200
2109
8368
1203
73017
1215
1704
48780
110
1266
16
832
1610
4995
922
2502
81591
6711
1209
3897
253
720
2712
6539
4896
32587
5816
54997
1552
2395
2148
2664
1285
40815
1036
5378
34
2396
2580
1199
1288
474
968
33794
3499
1573
2692
1276
26776
8665
1527
750
3949
3200
1393
3546
1374
109487
3386
99114
1357
2353
6874
2841
46578
81845
4499
1344
4027
46976
454
5291
8228
31878
27611
48385
34405
5662
2003
51540
72998
1307
97866
69844
648
6787
2058
7013
92535
79136
94939
50641
94024
72781
99795
8607
7924
97744
77907
1211
8157
4351
235
49530
2968
2329
1645
2921
497
2406
56251
1227
8641
3365
1961
1333
1884
44555
54001
508
3917
1130
2268
6796
2951
6774
300
2
8798
500
6377
2005
89745
3081
69757
54372
1097
68157
5060
1954
2115
1339
56145
3083
357
3702
2459
7502
969
2023
4321
1271
1234
6708
6187
899
2324
2804
65216
76093
2137
44195
1225
555
2119
2907
733
1246
52328
4246
914
5445
4140
2599
33493
3033
1244
1674
766
3916
44199
1268
3793
3617
5989
2716
91542
60069
5971
423
4681
1092
3679
1641
4034
168
2318
5025
4022
3996
156
4128
54881
44665
68358
1127
1223
1947
78499
1345
2791
4105
2628
7360
4448
838
4848
1653
422
2081
8784
377
1997
88125
1500
161
2985
30810
8132
928
1228
1282
1287
50872
3300
4520
5630
40819
491
166
2440
2699
80463
7123
26614
4450
26326
1611
2348
2232
2144
6184
1230
307
194
3653
63876
122882
368
8938
95113
77291
34326
26749
63836
26524
40226
8240
32840
60384
27792
32515
7024
33138
71390
80553
5473
26231
3858
33171
42900
81229
34323
26258
81834
7143
2018
306
5266
1347
3471
10
237
3168
73321
1247
36931
27724
74946
52458
54503
2746
25771
1073
3476
67087
1358
458
1965
4016
4223
7254
71838
57368
2467
4642
3638
1086
1885
59369
34437
2976
1921
2947
3408
4262
5010
1243
71899
3683
1701
2890
1292
3363
3020
60756
266
2648
1173
1370
2707
2761
1273
337
1088
2108
319
3735
581
2572
288
1658
2690
4427
1419
441
2793
2797
162
7022
77455
647
31420
3156
2160
1598
6156
924
1032
102445
198
122890
1408
3809
1661
2551
3925
1093
116797
2064
4552
3633
59315
1892
3095
2186
3421
2133
1274
3219
1663
2490
96821
1212
36
2916
1927
661
1962
1255
8464
911
1099
905
8957
102125
594
678
1464
3362
1299
1968
610
3527
2291
3672
1466
443
7482
151
538
56782
909
1262
1952
1096
2313
98491
1747
2670
3037
34542
39
7569
2739
2118
34153
521
91529
134130
431
3467
1489
1361
8154
2434
6870
53996
2126
4007
8636
3671
6942
2810
3545
71464
1029
2020
3639
428
5902
52666
26403
57528
26007
6664
65261
3088
79428
60161
62956
2474
86345
5826
86377
74152
2557
8142
26840
27397
86347
3706
1172
66246
3181
2401
2279
1956
2686
2575
6333
41
3052
534
2289
1077
69526
62336
4855
6975
1279
3868
2248
3068
529
5679
3125
1953
4033
3272
29
170
7833
5464
1175
6378
6323
2942
36708
6754
61323
58
2076
1407
2361
112
8711
6125
6077
49278
30825
1305
82
2155
2082
2000
2315
63131
3543
63082
3198
61352
3361
2966
596
1711
2836
1449
3730
5608
4086
1797
5833
51412
40412
8751
2066
6954
8754
30749
149
88810
2231
51084
2398
109374
950
176
67788
55274
916
3018
69481
653
3102
515
3218
921
5673
3256
1233
2132
232
92259
2520
1396
2677
942
1022
1293
74458
3548
2011
122886
2080
4720
805
509
1027
97306
1483
81847
58803
662
951
1095
2948
3148
3504
1286
492
2087
1179
3952
108979
6286
2178
62081
71429
6281
2019
222
1231
62
2287
2352
31696
412
2973
58351
1912
2455
1994
6957
2301
59421
802
1278
6565
2846
5108
3507
524
3167
938
8970
233
3203
43936
6385
3948
3105
27156
110873
92210
3359
3927
3435
6003
64839
8589
1717
1845
55272
61167
1090
3984
68954
7040
112556
943
262
69644
3298
2594
848
45720
3071
2433
1061
714
1676
261
1082
62511
5991
986
112552
30812
1619
81932
33660
154
7099
33166
2908
3355
85774
3526
2463
3152
2795
2984
2150
4467
3135
87222
8917
1537
3159
1147
96610
4903
5903
3503
8369
86882
3987
3358
1876
2300
184
3468
3713
115210
741
3569
1931
1529
952
2327
2901
1185
3728
4465
1394
2687
866
1688
249
7419
3724
531
6350
451
96588
4697
2596
898
31921
26268
2138
2779
111759
68269
2243
1161
2682
1187
2442
229
3738
2359
2867
89864
1012
8493
3213
1918
3067
312
3698
7387
1264
1391
104913
4148
2166
2912
80549
94466
348
4641
40732
6242
73290
2208
3635
89492
3529
3734
6987
3246
2423
5876
6863
32898
1904
1289
2866
1248
96079
1236
341
308
3502
4880
2917
4881
1081
3089
3044
366
353
1615
3761
3317
4263
3271
57640
2267
1332
3557
4009
3626
125
3034
2169
50068
2872
1366
72294
80551
88179
3814
115617
53519
3194
3249
475
1297
599
2203
3983
80219
27721
901
5137
230
2560
3112
3556
3712
21
1178
3685
3342
3016
1192
77307
26809
25744
79203
7976
4500
79686
95115
