user_recommendation
318
296
527
593
260
858
356
1196
608
2858
50
589
1193
1198
2571
1210
1197
1270
110
912
2959
1704
1221
47
1240
293
541
778
3578
1089
7153
4226
1213
750
4993
908
904
2762
899
150
111
457
32
1247
4973
1136
1208
2028
7361
2918
1259
5952
1682
1219
1732
1291
1265
1
2329
926
46578
745
2396
36
1206
1225
595
2692
923
6016
1968
1097
1214
2804
79132
920
1204
1203
919
969
1617
2324
337
1207
2797
1079
1036
590
913
2019
17
903
1035
1073
4027
364
3462
471
4963
1060
5989
953
44191
1172
1252
3897
480
6
1250
1148
48516
1258
588
2599
2997
1228
4308
898
1293
910
1961
1610
2542
3114
1230
1267
4878
497
3996
1199
2791
1288
1625
1673
1307
21
2300
4995
32587
1200
4011
58559
5669
6539
733
5995
2064
4306
1358
551
78499
1945
508
2502
3481
1222
1028
2716
5225
3176
349
1084
55820
1304
1220
4034
924
1233
6711
25
1280
175
2132
6874
3421
922
1952
68157
671
1246
56367
509
4235
2186
3730
2580
1957
994
1212
56782
2291
1223
1500
2501
955
246
223
1104
232
76093
1285
1269
59315
8981
2359
1276
2268
2076
1584
1299
2395
8961
194
1096
2144
3362
555
11
1527
3435
1953
50872
2289
33166
30707
928
475
7147
1537
116797
8874
109374
3386
4886
1394
74458
2248
1264
29
27773
1251
1217
314
3471
7438
16
950
1287
2871
2917
35836
8784
3147
4979
911
1080
916
474
162
3868
92259
1224
3429
1283
2303
4007
1254
1305
5902
2243
106782
1923
2194
1387
3504
2125
64839
4014
720
2761
968
1356
1103
1960
2231
1674
62
2739
377
628
2712
8970
3160
1262
81845
1884
39
930
3418
1393
3072
88810
529
1248
1019
1215
1939
72641
1361
5618
2726
2971
3307
1333
1278
1023
1296
265
34162
106920
954
81591
48780
40629
1374
3361
33493
1959
3949
39183
1256
3468
5444
380
2863
1784
1066
81847
44665
30749
4103
3310
1090
68954
106696
866
2467
3671
1948
3359
1260
1950
1273
2020
3006
945
905
581
2648
1175
42004
1272
8228
946
6796
1249
7767
3545
5992
3067
1235
7132
28
8368
1927
5956
81229
4085
2351
2686
357
5064
1178
3101
7451
1641
5679
3201
41566
2947
1719
6003
8132
971
3317
230
3424
57669
5013
261
91542
63082
52973
2644
6187
86882
909
3683
3252
6918
26729
1077
1357
1947
1946
441
85414
3168
104374
110102
81932
3022
4019
3594
921
1231
51255
7090
3499
1094
3167
2908
1944
6377
8958
300
2087
3702
3260
1748
3552
3039
3037
222
4720
1192
3703
1147
1127
951
1663
2078
56339
1025
3911
49280
59418
26422
8542
1238
7502
2690
3275
1284
6783
3270
97
1941
6662
7285
7263
3089
89745
3983
3952
2232
2731
1086
3035
235
3551
2105
2321
7091
1189
4432
1466
3198
2366
4450
6942
72226
914
45728
1955
1845
7669
3469
3246
63131
1257
68269
112852
115617
1218
2916
363
44199
79824
80839
32289
48791
41573
1263
6979
1211
5668
2145
8645
927
44195
4424
2553
3967
1343
39414
1729
87232
1916
938
2929
933
8636
116
2946
1963
2085
2357
7022
5008
68838
2115
2529
2936
68135
1964
70293
32898
8933
2403
805
7116
1300
942
112183
2976
1237
648
3019
1292
3916
7013
2318
2278
1921
7256
7802
3104
1281
902
6787
4179
6786
1201
1734
1244
69844
7143
2423
373
2042
2203
6732
3363
26242
3510
5791
54259
2925
1183
60397
5010
8949
759
1120
2434
6104
1099
3788
2109
45
1209
68237
96728
54286
5903
6773
7265
2920
4037
5630
741
7099
54503
7087
2160
2949
2005
5103
53123
5816
3007
31658
3083
3653
3038
80
4612
3210
88129
1834
5418
37741
309
3735
7136
3256
68358
8650
3253
70286
5971
2890
52767
2363
58303
66665
4188
2333
2728
5074
51540
85
6791
4349
34405
800
3505
25852
32525
7208
2927
8121
47728
5876
7419
6669
50068
4422
88125
534
915
1095
1124
6001
101
2612
48738
3686
3546
3000
69
73017
233
171
3152
8042
3060
1131
7566
99114
4361
538
106916
7320
347
2664
1179
105504
3724
1997
5991
55276
138036
1860
55052
55247
121231
3196
3869
4262
86
348
1611
1994
103810
2285
7943
94959
73
7649
3507
61323
5341
4816
7075
48322
2067
7386
1029
7836
2944
514
2117
6724
1202
4105
431
8880
41
3684
2729
5475
2420
2330
937
4263
6461
1982
3088
907
4661
2490
8955
59784
6870
6565
3108
86320
64034
53318
5385
1827
97304
63876
2459
4410
26797
96075
26501
5238
74089
55063
58649
86487
8123
8261
4428
53887
8264
101850
163949
150856
112577
114464
104119
4117
5017
4846
82169
3034
2137
82459
40819
18
115569
91104
1185
477
2938
2283
6021
190
2138
80463
2745
3872
3134
4292
48696
4304
390
3814
81564
2732
96488
2131
428
2624
680
2620
1962
26472
1635
4427
1046
68554
79091
1810
2010
36529
6273
91658
599
134130
3095
3871
58347
3200
4914
2820
2573
345
95167
2935
81834
515
2924
96079
1234
1680
2273
2195
2951
1958
1059
46723
8533
7373
3654
6333
44709
1112
7616
2208
56152
1049
2108
3203
2993
1253
5500
7771
8873
2176
97921
213
89804
1191
4277
3527
4190
4722
6218
127152
115713
3741
79702
55069
3342
1754
3948
74727
4969
33669
6643
40583
1078
49272
6548
353
1365
1005
850
2245
322
224
2973
901
128360
1965
106100
50658
26712
64614
412
5367
2488
1895
635
1303
8950
3966
2018
931
4801
7698
80489
1419
2398
2846
4273
6852
4928
27803
6502
3548
26524
38499
5114
8125
5505
4809
838
67087
6777
3111
108981
7235
3801
33615
8371
102684
108727
3476
7164
4616
3213
89904
3498
342
5772
319
5391
1913
78039
56805
64716
109487
52435
4783
3077
3809
3135
6881
52952
4489
3062
147
1408
146
5349
326
6331
4623
3033
3475
3364
101525
140174
3396
2118
2788
3989
3811
1266
205
2066
280
25769
