user_recommendation
318
296
527
356
593
858
260
1221
608
2858
1196
2571
47
2959
50
1198
457
4973
589
110
912
1197
1270
1193
1704
1210
32
1089
3578
4226
4993
7153
2918
150
1240
3897
908
904
2762
1291
778
969
1259
1213
1208
1247
7361
79132
1682
111
1961
1206
953
541
1732
1258
5952
2028
364
2997
4963
2692
48516
2329
899
1225
1136
1214
6016
926
36
1203
920
1265
5989
919
1252
5225
1230
2324
293
1207
1617
750
1036
1204
1228
58559
1148
1968
44191
4308
6874
923
1250
551
1625
1219
1304
2396
913
1222
1200
1393
3996
3481
6539
5995
1673
590
1952
1
5669
1293
1035
2797
1307
349
46578
1097
1287
4011
68157
4995
56367
7147
194
2599
6711
1246
1073
588
5418
246
2064
745
4878
2268
32587
235
2132
6
733
33166
2115
898
910
4979
1172
3147
497
5902
1610
1263
2804
4034
55820
903
8784
2019
1299
4306
474
922
1278
3362
3462
1267
306
2542
2289
1358
2502
1947
7438
3386
1262
1212
1028
17
1256
78499
1244
8970
1096
475
337
3114
2291
480
2580
59315
2076
116797
1084
1945
595
56782
3468
1254
508
671
1060
4235
74458
109374
1217
30707
1584
1199
44555
471
29
3730
8874
28
223
64839
535
30749
2300
1923
300
1466
924
3471
16
308
1080
1674
1041
2186
2739
1946
2791
8228
101
3724
555
1233
1264
6377
57669
1939
954
1223
2005
3101
2144
377
104374
54286
1094
1179
106920
3683
307
1090
581
909
81591
3252
2359
955
1280
7090
515
39414
1361
3317
2971
68954
5956
49530
1095
48780
8949
1077
3160
1269
928
1220
8981
628
175
88125
2357
1955
134130
2863
1234
50872
3504
2303
86882
509
3983
5876
1231
3435
529
3246
6378
2248
2648
1884
3176
3083
1411
3196
2712
1224
5013
1103
4014
1251
1248
2020
4037
3868
1719
1357
2716
3911
1285
3310
4886
994
62
3424
2333
106782
7132
125
2068
6942
8958
1927
8665
34162
950
759
81932
1734
4027
63082
1953
2194
2321
866
40819
3167
4021
1957
3469
4450
6787
911
2890
1748
1693
3256
81845
3006
2728
1242
1960
380
41566
5064
7502
70286
2917
4881
2243
44199
8961
1305
37741
3067
1104
80463
7075
1958
357
2726
1950
2395
85414
3175
3421
63876
232
3989
3499
44665
1641
7235
2160
92259
538
7285
7091
134853
4103
5238
31658
8645
1272
7669
72641
3088
44195
3363
805
1729
2010
2664
534
1387
2731
1124
3418
48394
1189
3328
3809
971
3068
1500
39292
76093
8542
1611
5008
39183
31410
30816
3034
1282
907
7451
3104
2871
4007
3671
280
4489
89759
3967
5668
32898
3111
7767
3735
81834
2529
7022
3260
1127
76251
2946
42004
64614
1948
3359
968
3361
5103
2278
6796
26729
1029
2096
35836
3000
1303
2908
2318
2644
2203
96079
49272
112183
5444
1959
3788
5791
3307
42418
265
4422
1354
3186
72226
1663
3007
2108
4903
1374
6791
3916
5341
3783
11
4537
6101
3871
2745
85
838
111921
6724
3275
2081
1147
87232
3677
8132
8873
1288
4809
648
106916
5015
6440
2245
1302
1276
741
3060
68237
6552
1178
3546
56339
7419
3033
105504
88129
1162
7099
6870
3686
69844
7698
3108
2983
4181
1527
5679
5971
2944
2920
2761
6807
8933
1078
3095
766
2690
3071
1321
2467
2105
2925
55247
1537
48738
40629
5630
5992
946
70293
26242
7089
3038
3507
7256
48696
115713
81847
115569
3255
3342
6732
1419
89804
162
7836
7215
3543
5017
905
2351
53123
6662
1921
6184
115617
272
89904
121231
4612
33171
927
3747
7116
2125
3036
3679
2117
6783
3203
4361
942
3152
3594
6852
1025
55276
3089
1209
2176
1079
4017
441
33493
2961
5618
8368
1266
6773
58303
1175
1283
3467
6786
68838
1292
5646
1260
6187
1049
1192
1684
4211
1046
7320
79702
3684
8123
96075
8261
26501
101850
26797
104119
58649
86487
7087
4410
4428
2285
74089
53887
8264
5475
55063
163949
112577
150856
114464
5991
2202
97
2427
6918
4117
4965
3844
49280
26422
59418
663
3408
2936
916
594
2612
80
7136
2283
4179
6001
39
69481
7371
2313
3077
128360
97938
5391
1284
4432
4969
261
4326
50068
5010
4085
914
26524
8042
97304
5329
1376
2118
1171
2287
109487
51540
46976
8650
6502
6021
2730
26326
1333
27803
8880
40815
40583
7096
4688
787
55052
7566
52767
2420
3814
3272
2976
3872
4188
4755
90061
6881
233
52973
850
1183
1296
99114
80489
247
3536
6777
56152
25852
8121
47728
32525
7208
106696
1396
222
2927
4019
7802
47099
7139
46723
91542
41997
7360
3741
68135
3501
4661
73017
4263
3037
51255
7293
213
7943
38499
1185
106100
5385
2391
1211
6639
1023
63131
36529
1131
3498
8528
3249
53318
1994
1964
54997
4844
3105
2071
3018
3150
945
1835
7265
3355
64957
3270
4642
7123
7941
86320
60069
4187
4552
3198
5801
3100
61323
4033
96728
34326
1201
45728
2962
6774
3703
319
34405
2018
2916
3062
5446
556
110102
1120
8638
76111
4789
6725
3417
3548
2078
2732
97921
99145
88810
3551
54503
32840
2430
6188
66665
8955
1860
107555
59447
48682
97826
4114
69761
102753
71180
6107
98587
3039
64716
91658
4086
3022
832
1965
4029
1271
6979
53519
1997
949
2952
2434
3980
3791
3201
6385
2795
1237
81564
1085
68358
105197
81229
3168
363
2501
1963
2443
30
116
26587
84152
2924
2302
127152
3612
2067
2138
4047
2985
55442
4406
105355
122882
7024
26231
2966
6530
5379
6333
8622
933
25771
4054
1343
117176
230
7088
54001
86377
1810
1635
59018
1082
6987
86
5367
104841
71390
26749
80553
77291
42900
63836
40226
5473
95113
32515
27792
33138
8240
60384
7380
78039
56805
4776
2440
1834
44709
147
3019
4658
34338
1253
2763
26178
2150
3545
6299
67255
8207
3218
94959
102123
34072
7164
8019
2066
8938
7137
2288
8010
2398
4697
3476
1784
6708
4349
8950
96821
3801
5400
7013
6331
