user_recommendation
318
296
593
858
527
2858
260
50
1196
608
356
1221
2571
2959
4973
912
589
1089
110
1252
457
1197
5952
2692
1270
1136
1198
899
2324
7153
4993
1208
32
1304
2762
4226
47
1193
1036
1265
1732
1207
2028
778
750
1291
150
923
1968
1213
1214
6016
953
17
2791
2329
1278
2997
4963
904
2019
58559
926
1
1219
1704
1204
357
46578
48516
349
908
969
36
1203
4886
8961
913
111
1206
1035
919
1210
922
1953
4027
1356
1617
7361
246
1217
1411
1500
1293
2064
293
920
2599
1258
1084
11
497
594
1028
3088
1259
57669
480
3578
78499
3362
3730
903
2716
1939
368
1090
1094
1240
3147
3462
2020
541
79132
2289
588
1222
1271
1682
1288
3361
364
380
1948
955
898
1212
2467
81845
1299
1302
1947
1952
1305
2917
1228
3386
954
2987
2863
1200
1254
40629
4034
2797
106920
6539
235
2300
1225
3114
3260
68157
1096
44191
1256
3363
3996
475
3134
1199
905
1303
6377
1103
590
1237
41566
1244
515
261
1234
1945
720
1625
3307
1292
2396
3038
30749
2971
3724
994
2076
3153
1263
1079
1663
3101
3200
1264
555
2186
5418
2474
595
8368
1361
62
733
1097
454
49272
56367
3683
33166
745
2109
53123
2542
1267
44555
866
940
1248
56782
4235
910
2804
3037
2313
1077
581
50872
4995
3468
1211
1276
32587
7116
76093
928
3524
1348
1266
1419
1408
2908
1029
1961
2132
2728
1247
1224
2919
838
3868
81932
30707
2427
2336
2081
2144
2871
307
8874
1387
72641
2648
60069
3527
3310
109374
514
943
72226
3481
122882
1269
529
2918
1280
5225
55820
194
1060
5995
1272
232
2406
2352
2105
44195
2288
1307
1131
51255
1580
3341
1957
306
927
2469
2203
4306
2248
1179
40815
968
125
1020
628
2745
5445
5816
1285
4011
7263
500
6874
3091
3684
2641
5902
319
1161
3167
3470
3741
2746
1080
3435
3476
106696
1935
2750
501
3270
33794
2018
3152
7438
534
1250
2726
3469
2580
100
88810
5017
1183
2925
2357
350
2070
3060
1282
39183
1125
1923
1073
1466
2551
2150
6936
921
1245
1253
2366
2938
2739
1230
3793
2890
3424
61323
6662
2243
2612
950
3095
3175
1233
3022
4308
105504
1189
2622
521
2099
3086
7147
596
3949
1298
68269
41573
32289
48791
79824
80839
26084
48780
1148
6001
2490
60397
1235
3072
1260
1527
5989
4422
5679
4037
3507
1120
102123
3108
1965
2644
1994
2859
1147
3545
448
543
1066
3742
5669
3347
1885
3246
537
3594
134853
2857
1931
916
127152
2066
1464
3735
3198
116
2232
7132
707
1449
7419
1946
337
96079
3271
5341
5475
2985
1967
5385
2659
1834
3504
2872
495
2321
55276
64839
7836
6273
4661
97938
2108
1940
8958
1300
4014
7087
1246
2349
5991
3448
2
1281
161
938
112183
1956
2664
3421
951
1949
300
68838
2245
99114
2115
68954
104119
86487
96075
101850
6021
8123
74089
4410
4428
32898
58649
8264
5238
55063
53887
26501
26797
8261
163949
114464
112577
150856
4809
7669
1192
134130
4432
2080
8981
86
918
984
961
1925
1455
3447
3406
3165
3417
671
3809
3872
1175
94959
353
2046
1262
1343
1827
39
474
2130
7502
65188
6987
2238
5956
3359
63082
128360
6530
1104
1218
2102
115569
3471
2696
54881
3536
1674
1401
2160
224
3104
930
6
74458
1209
1777
54272
1321
69844
4969
81847
1959
538
6502
2173
265
412
3265
3007
5377
176
3814
417
2085
6565
54286
92259
1242
162
5618
1673
88125
40819
1178
3067
106782
3168
96728
99149
233
7451
3405
3357
2283
377
7013
7265
5992
1635
6863
2291
8970
67087
3256
112552
8873
2143
146656
492
6796
69481
446
531
2391
2912
3203
1177
970
2988
477
2096
68237
70293
1393
4801
7698
35836
27773
2973
1032
1688
6777
1805
5114
8125
89804
6724
2501
2140
2290
1186
49530
4009
1734
7943
5608
1982
3033
7091
115713
82169
3638
539
52
1584
8188
93510
2761
5876
229
1296
6643
105844
2302
3812
1693
2453
1012
6773
2459
5444
29
122904
3016
4848
1963
2920
54503
299
6787
3606
41
3499
48696
6985
1936
86882
7075
79702
3263
2010
902
8542
272
2330
5668
3556
3365
1475
2116
1034
3672
2111
105197
2137
1641
31658
87304
86320
164
38499
55253
38304
6271
53024
5319
103
616
3791
82459
48698
2843
3068
3019
6552
54001
2442
5135
6101
37741
6380
81591
1340
3671
2384
71535
893
34405
63131
5105
7981
3479
5791
6852
8132
2359
1088
3194
8042
3070
2208
46976
2165
3966
4912
96829
2926
26729
2721
3066
5010
38038
7767
7566
52767
3213
2278
942
1463
1279
3897
6669
3044
2078
3456
1754
100556
8228
7139
6942
80489
2553
2271
7371
5630
3112
2138
96467
3083
7360
312
4263
10
91077
39292
99145
8957
2976
3989
820
559
1554
98961
3272
2562
3833
3035
2455
7088
4821
6732
1701
3739
6093
71033
48322
72395
2355
2948
5772
1287
1729
422
3018
2693
3679
3102
44974
99764
54259
1960
8254
2897
56805
78039
93443
79242
1429
4349
8580
373
3396
116797
7766
49824
8979
61357
2202
97673
105355
3317
3077
72171
154
112290
152081
43267
40148
8492
47629
50245
26147
27812
25999
72367
4927
25996
6639
26178
120821
25945
112735
25882
75990
7300
128606
56607
6133
151307
26323
127164
8572
112399
47092
58879
7111
110752
26505
5088
7126
94931
26350
101895
1652
30712
2231
3475
36517
85438
3983
108583
1376
7478
7487
8464
86000
2495
133771
900
3100
2690
945
70286
471
79677
127108
128620
139116
139757
107978
148881
74754
160590
2901
3006
7215
1629
341
106100
2337
34338
112515
1904
3505
98154
2700
6783
2846
1354
1128
184
1326
241
1312
1771
183
3757
3804
2982
3281
3840
1543
1531
1655
49
2945
2024
3391
2419
3851
3021
3490
3837
2465
3024
31410
2327
1913
1130
278
2131
3712
64034
832
3105
1341
7089
314
363
62849
