user_recommendation
318
296
527
858
50
593
356
260
2571
2858
1198
608
2959
589
1196
1221
457
4226
110
4993
912
1193
1270
1
1210
1704
5952
1197
47
1136
778
750
2762
1213
2918
7153
293
541
904
32
1291
58559
2028
111
1089
3578
1036
969
1225
150
908
6016
1073
2692
1961
1203
1208
2542
1968
1207
17
899
1259
2997
919
48516
246
1252
7361
1265
2329
1247
1240
1617
3114
2804
923
2599
1219
953
4973
1060
1035
25
924
1732
913
2396
1288
1304
1228
497
4011
2324
480
79132
1214
4878
1258
21
1204
903
337
1172
349
745
1230
1200
590
2064
1682
588
3897
2019
1222
1276
1278
898
1079
8961
1250
377
2716
2115
1097
1220
265
920
36
515
48780
1307
54286
1267
720
2791
2797
2580
1234
1148
1293
2300
78499
1206
68157
926
1090
1947
595
1262
1233
6874
56367
2268
3996
4995
4306
910
32587
6
994
223
3462
11
5418
1394
474
1673
33794
916
1299
6711
44191
1674
55820
1356
922
1246
1625
232
4979
4034
2194
3147
3006
1254
2502
2186
555
508
4027
5618
2289
1957
3481
235
2395
733
46578
1953
1212
364
6539
50872
1500
2359
5445
161
4886
3671
905
1387
1201
1272
7502
16
106920
529
57669
1393
2987
4963
2248
1945
5995
2202
1080
2712
1217
29
648
70286
3730
1287
3421
1256
194
1094
51255
3683
39
33166
3362
471
6502
2318
2871
308
300
2243
1610
2020
5060
49272
3363
4235
671
6787
509
534
306
1641
914
307
76093
357
475
5010
1192
968
3504
1285
838
3435
1244
162
928
68237
2302
800
3088
911
1784
5989
2917
27773
5669
73290
59315
538
2291
1834
1923
2947
1960
5816
951
1199
5225
8874
1280
954
955
1449
2973
1077
1238
1095
49530
1948
1466
3471
2908
2890
106782
1096
230
2132
915
2529
109487
69844
56782
1223
81845
1066
2144
3359
1358
1103
40815
88125
3035
38061
1209
2739
3499
3095
950
3317
7147
6796
1104
6807
8368
3735
373
96079
92259
44195
930
3089
1178
945
3545
1269
3260
1263
1260
1663
1179
6440
1719
1411
1283
2137
1175
2971
2125
68954
3510
1954
1264
1884
28
1333
1147
1300
368
31658
59784
2231
3072
69
1019
1185
1189
7139
1235
54001
1361
81834
2648
86882
1292
5991
272
80463
1249
3152
1537
73017
1284
3037
2232
1680
1023
1955
1946
380
6377
581
2788
69481
2690
1296
27831
2353
134130
3949
3104
1084
81591
3868
8784
3386
3307
3000
6979
1997
1224
112552
2303
89745
74458
4865
596
37729
1131
2501
1927
54881
3201
8798
116797
4019
4103
5064
2138
1527
106438
3198
971
3200
628
1186
3417
72226
805
3524
551
3252
2357
3083
8132
3983
44199
1086
2644
2467
2430
1958
3246
82
1805
933
314
8636
109374
902
440
1305
51540
106100
3044
1029
105504
3527
8970
1286
4007
280
91104
3033
1380
64034
44665
2336
3361
97304
178
54997
3175
7445
431
3022
233
122882
501
115617
3196
97938
2949
3019
832
4799
3468
54503
93510
927
1273
3551
1266
3365
35836
5630
4623
299
1939
3476
65188
3007
110102
3167
30749
921
3448
1150
3703
146656
81932
45
1211
26729
2761
4848
850
2993
2273
1354
40629
3606
115569
1952
65514
1357
2278
319
2745
1950
6662
4047
599
99114
1912
290
1734
1580
8622
229
2664
3081
1964
5114
2005
64716
2925
7143
7669
866
1227
6331
3429
1248
1085
1302
1237
4037
7451
2427
2916
115713
1231
154
2288
175
2076
3724
69757
4427
1956
1408
5902
281
48394
2736
151
1916
390
63131
3342
4304
3108
54259
2463
2366
2929
262
39292
222
213
2989
1274
289
2208
2434
81229
907
7156
1678
2863
1963
3160
88129
837
5903
224
4361
107559
4014
7802
3653
67997
106441
142488
112138
2694
45728
176
3111
1271
3068
3360
104913
1959
37741
96728
112183
62
2951
3783
7132
8981
2779
3635
7013
3910
30707
3814
64839
2726
91658
635
44555
122900
942
2686
6269
7137
3030
741
45950
322
3015
1025
3952
7075
412
2612
127152
94959
3358
3060
2391
5673
1251
549
6461
4903
6773
7386
1994
80
100556
6101
3948
326
53123
3508
4349
2108
163
85414
55442
6380
3505
900
1183
55276
363
60684
3548
7116
477
2935
8665
54372
1127
5785
3071
7099
2010
3469
64957
3062
2774
123
3507
4641
72641
3038
1810
3418
1245
149
2352
90428
1028
3742
1941
1827
96829
55267
5956
3684
3135
38499
3129
8645
901
2924
940
1081
5103
106696
99764
3521
6870
52975
6620
3696
4017
5971
735
5475
2
2423
2267
2654
4327
2067
5812
1345
134853
26084
2203
2102
2245
1281
2078
3451
3844
81564
139757
2344
3681
4814
53129
4616
9010
8154
2321
36529
48698
1215
3398
3168
71535
67087
5446
3788
946
81156
3355
1584
3341
3984
98961
55069
2944
2991
2553
4128
4873
2846
973
1934
3911
1303
2746
55250
79091
3350
6732
1845
55269
3018
4489
171
2073
26524
89492
6565
2651
938
4299
33660
8542
56152
8207
759
62849
48322
5444
102123
5955
2312
3134
3310
1330
4432
27660
7285
100714
5500
112515
41
81562
141
5034
1921
514
2420
56251
93443
7090
3420
5291
6378
48738
4537
85438
72171
3213
66665
88744
73587
937
268
2728
60756
3112
140174
84152
6708
96467
3437
5765
5312
133771
22
7087
3811
51935
3077
4262
51080
3406
4029
1032
86000
52435
5301
87232
88810
63853
59995
105197
6552
2070
53
632
53956
74754
79677
139116
127108
148881
107978
160590
128620
54256
3100
128360
3791
4046
65261
2081
79702
8958
58347
8937
1374
2563
4802
1484
4223
1046
34405
91077
73
1218
7649
3249
5329
6235
85774
6932
122892
54328
2636
2649
2647
2650
2575
2490
565
2652
36708
1022
6001
918
6273
91630
428
8228
7482
140267
3263
917
3368
50068
34153
41997
6724
1041
704
3414
2801
86377
1611
80906
6954
2409
2087
6350
3036
6187
6323
40
