user_recommendation
318
296
527
593
608
50
858
260
1196
2959
356
1197
2571
912
1198
2858
47
1221
1270
1193
1210
778
589
899
1
1089
908
4226
293
4993
904
1136
1617
7153
1208
923
32
150
750
1213
58559
111
1252
110
4973
2997
541
1240
3578
1704
1247
2918
5952
2692
1203
1732
919
913
1682
969
7361
79132
1968
2762
926
4963
364
2028
1214
1291
953
1073
457
1204
2324
4306
1207
1259
1230
1219
1228
1961
1265
595
1276
6016
2797
903
1225
1028
2396
1278
2599
2329
745
922
2300
898
4995
920
1304
48516
1148
2291
924
5989
4027
1084
1035
590
1097
2019
1172
4878
1267
46578
44191
6874
1222
3671
246
910
36
337
4034
2804
235
3462
1206
555
1212
1394
5995
497
1250
1945
471
48780
3114
955
1200
2542
3996
1307
2502
32587
3730
2064
17
3735
1625
950
1079
223
1952
3362
2186
1288
1060
1199
3897
2289
1333
68157
1293
1299
29
1285
3006
3481
1233
2716
8961
1269
1234
4011
1947
1220
1953
588
4886
480
2268
3683
33794
628
5618
1223
78499
55820
2395
8368
1610
70286
4014
2076
1104
6539
6
1258
2303
3504
1175
56367
1254
8874
954
2160
16
928
1103
1231
57669
1179
1292
1096
2132
1960
2917
3088
1387
1284
1201
1217
3471
475
508
733
4308
1272
474
3435
2248
2243
1673
1080
68954
349
1246
6942
800
30749
1674
7502
116797
56782
905
106920
4235
6377
1287
1248
968
2125
3868
1264
994
2971
64839
515
3421
194
1653
6863
930
2871
3363
33166
1500
1036
1939
1094
2791
509
1729
2580
1218
161
1361
1029
942
50872
1266
6188
5064
109374
2739
3307
34405
1950
265
49272
5956
3361
2726
1641
44195
162
2973
1251
2355
68237
1527
951
2359
5225
1296
911
1374
3814
2115
3152
39
2467
3000
1466
3468
3022
1283
1178
3147
551
40815
1260
2391
86882
720
2501
2908
529
1256
1192
2194
1244
921
1305
1343
1784
1090
60069
59315
134130
63082
1280
27773
1580
3246
1189
945
3359
6502
7451
866
1086
79702
11
2144
134853
3949
1238
44665
1077
115713
48394
6796
2109
3386
232
933
104374
1393
7090
3167
2761
92259
1959
1262
2318
1411
3035
106782
4361
7147
109487
69481
4037
2987
3104
1147
741
5816
3201
3952
671
534
3510
1537
1263
1282
64614
909
916
3686
62
1957
805
3072
3038
1449
373
4007
3546
1948
2729
319
7099
3424
4979
2010
1357
5991
971
35836
175
8981
97
2005
914
8970
58
5971
2232
61323
3198
54503
1944
1845
3034
900
72226
2648
1023
76093
88125
3551
81932
6787
3317
2231
940
2925
2644
2020
907
96079
2138
2863
112852
4720
2137
599
3101
946
1281
4103
8638
2081
3310
3536
25
6001
26729
7022
5630
7669
1127
2690
272
3068
2096
1095
68358
7802
938
3033
1215
5669
89904
2288
1273
3275
1066
80463
3095
41566
1224
5992
81845
3256
52973
5103
1584
5010
54286
5418
5812
363
1956
1719
1946
8958
2474
7419
663
111921
222
81229
300
3060
2846
3507
261
3451
2929
1955
1088
1366
49530
51540
3019
87232
72641
4326
3594
6807
3724
7087
42004
4432
3067
28
115569
927
88129
1916
44199
2366
2067
581
6773
4848
59784
21
1271
7132
2944
30707
3037
3469
3360
80489
31658
121231
3543
2951
1209
80748
915
1754
3653
30816
2203
1964
3741
8950
106489
81847
247
82459
902
2731
6436
85414
54259
60684
314
3418
4263
3983
3176
105504
1994
1395
2068
2357
2935
6732
8645
112183
3545
3499
5444
1202
1688
2890
2321
4422
1927
46723
2313
1211
6461
3007
7116
128360
91529
3134
348
2330
3916
1997
3791
2352
2553
1257
68073
40629
5782
81834
1237
41
6662
1464
142488
973
2920
106696
3111
3355
2924
4033
2664
4783
8360
477
55276
86377
4896
4755
90061
2078
1177
53318
1019
1734
7263
3702
116
441
2208
65642
2351
6711
6350
1249
42418
32898
69844
56339
4349
538
3429
2070
8493
1963
5060
94959
56152
4465
322
2490
4239
8873
230
2949
45728
215
262
61240
3089
3684
7438
306
3793
3135
6187
357
2612
104841
7265
1649
7139
1303
63131
2066
3168
110102
69
440
30812
4085
34162
8264
1827
3083
4086
93840
1120
37731
2454
85
49280
59418
26422
1081
4410
5791
3948
3102
7235
102445
106100
5341
48738
2946
8807
901
3213
146656
2065
38038
266
68135
3210
6452
3252
2102
44709
6419
1300
3341
4292
5238
2285
233
6385
85342
7320
176
108583
93838
115617
594
54001
26662
7013
428
53519
67255
47518
34338
3270
122900
3200
96728
2728
1277
36529
1059
3196
92535
122882
3763
4188
96821
104913
66934
106916
2764
4450
63876
7836
68269
52952
93855
5017
2916
2732
5475
2118
5152
309
390
53887
55063
4428
86487
74089
26797
8261
26501
96075
58649
8123
163949
150856
104119
114464
112577
101850
2788
4809
140174
8542
68838
81564
7285
71135
2686
5385
5955
9010
127152
52
85179
1356
48696
6918
2459
2687
6380
3872
64957
917
86
27803
4661
8880
6021
93510
7767
3696
52767
280
1253
1967
52885
2283
115122
2572
1797
6852
3548
59429
7698
1958
2912
6791
38061
5293
2875
2202
422
3330
18
8042
3505
4787
4190
70293
26326
97304
74458
84152
6669
39715
6783
3871
27022
3062
934
5446
7075
8132
121
163
27660
412
1748
8641
48322
1962
7380
6323
122892
4489
54881
6724
2312
535
2795
6870
89492
6440
171
7256
1834
3679
1594
50189
1131
4271
3342
86320
76251
97938
96588
7091
4019
213
3633
26524
4277
3364
1227
5135
8580
1046
73017
96488
27831
1340
2961
37741
53123
6331
668
4522
4617
4088
5960
5074
6273
4801
91658
4969
2087
6271
4454
37733
3989
224
72171
937
8183
7771
1191
1242
3077
556
1013
99145
1934
55269
26242
80
112552
514
48774
5690
7360
84952
59814
73808
79824
41573
32289
80839
48791
838
2176
4658
2130
3789
7943
89804
2932
40819
1799
8933
