user_recommendation
318
296
527
593
858
608
260
356
2858
50
1196
1198
2959
912
1221
2762
589
1193
4993
1089
2571
1270
1210
1
457
58559
1704
750
110
4226
1617
47
111
2028
480
150
1036
4973
1291
1136
1197
293
6016
1213
1208
1252
2599
904
5952
908
1968
919
32
1259
1203
1247
7153
778
2997
1079
899
588
48516
1206
1225
923
969
913
357
246
364
2692
2918
1148
3147
595
2329
1265
36
1732
920
1233
509
2396
1258
745
7361
1228
2716
1240
2804
541
1500
1028
2064
1219
2542
1204
1090
1953
898
1293
1207
1304
590
1278
3114
5989
1387
3363
2987
1097
4878
2712
17
2797
1356
555
1214
3362
1234
2502
4963
4995
515
44191
2289
4011
349
1199
1200
720
1682
55820
1250
497
46578
78499
1393
1222
4306
926
3578
223
1094
1288
474
2324
4034
337
32587
1947
2395
79132
1299
377
1060
1948
56782
628
3897
235
161
953
903
3671
1952
2791
1217
1945
2019
1230
922
2300
1080
6711
4886
2917
1035
529
2467
3683
594
8961
27773
1096
1244
2739
3481
4027
2144
1084
2318
955
3448
1271
2268
1266
2871
3462
1212
6
1305
6539
1527
475
3088
1307
1077
3421
307
2580
48780
3200
1254
1292
905
3361
1263
1256
1276
2020
3730
2291
319
81591
1302
1961
106920
2078
30749
5669
671
2132
954
3101
910
3499
1220
2231
1246
3468
2288
3386
39
1466
1272
1120
1673
733
57669
2355
64839
345
1361
534
8874
300
921
1641
68954
800
86882
2109
11
1095
3134
2018
299
5991
3868
1663
1625
109374
106782
68157
3198
596
1912
1237
2336
5418
3435
52
1394
1192
1343
2366
1674
3469
3949
56367
50872
3735
514
4979
2321
3471
1411
6796
6874
1029
2096
3341
581
1464
6377
2137
3037
916
7502
2490
2459
2501
1784
4235
3524
45
2076
1223
1224
265
4085
3039
2186
968
940
306
96079
994
51255
2474
2973
1994
1580
3246
2746
373
63082
1179
1960
1262
538
33794
2248
3153
1264
72226
3359
2750
3038
1610
501
3035
2908
2971
951
3814
508
2115
1073
2160
16
5630
3724
1032
116
1267
232
30
1194
3996
2359
112552
3952
2463
1688
39292
3167
3545
5444
54286
3068
2648
2641
2863
308
40819
194
1300
2243
2087
44195
521
3213
2108
261
1283
7438
3788
2081
3016
1103
3317
29
2841
2687
1959
2245
950
3272
33166
539
3072
3044
109487
1031
2352
741
1227
2929
3420
2664
1147
1242
2080
785
1125
49272
6787
3504
30707
4262
3006
1584
1209
2194
838
3152
1939
7802
70286
2138
1374
233
1177
54503
104913
1358
492
2612
2111
4848
230
1066
1260
86
2070
3307
76093
99114
2721
2125
1104
3020
1269
2857
2919
3102
112852
3791
2203
3476
8368
1175
1088
35836
1949
3260
88129
88125
96728
866
914
112183
1957
80463
3201
1982
766
3728
3022
1281
3104
1131
3252
805
41
3967
1172
2728
4623
928
1354
162
1287
74458
116797
924
5064
2872
1285
2085
6662
8949
2912
1963
1161
2130
2278
1357
412
1419
1934
5225
2099
8665
380
229
2947
3725
3091
59315
2795
1616
2788
27831
4450
3095
900
3424
81845
1178
2696
27022
1303
247
535
6378
1711
41566
428
363
3112
728
92259
59784
79702
53123
2140
156
5995
2495
3194
280
1348
4007
2693
2985
943
1396
927
2442
2406
3638
454
47610
106100
5103
3510
81932
3406
2594
3347
3417
69844
550
6979
4641
115569
353
1967
2313
81564
1463
215
3414
3086
1649
3203
2938
2545
6502
3271
1449
2560
2232
2890
97938
1284
8970
1931
3007
100
1245
272
3505
8981
1944
1211
537
93510
1255
2901
2682
49530
1956
3196
21
2926
2553
44665
3355
2988
1827
3342
1012
1333
105504
281
1059
1965
1983
4427
134130
1023
2761
5152
2165
96829
1019
2357
103
2819
1810
2391
2951
1191
1997
85414
3470
4361
2093
3060
4022
1885
146656
945
72641
3911
4009
326
2208
6870
2859
1554
51540
3429
5464
2659
2302
54259
1729
6104
62
61323
2267
1991
2102
102123
2469
4263
5812
3457
8950
2745
89745
3275
33493
1274
178
4014
3018
893
1678
2046
1366
6863
1086
68237
1341
350
1235
54997
2690
2398
312
3033
348
3265
3024
26084
2271
1127
6565
3983
2327
128360
341
141
184
543
1635
2131
48322
1904
94959
1946
81834
3160
3547
3679
3281
3851
3840
3757
3837
2465
1312
1543
2337
1771
1326
183
3490
1655
1531
2982
3021
2945
71264
69
1754
1248
7116
149
1128
1034
4029
49
3408
707
621
930
567
3543
97
4821
2550
110102
1296
2419
6777
1408
3557
7132
122882
1345
3527
22
1201
69757
115713
1629
3706
1392
37741
8132
3681
4037
3447
1925
1455
3165
961
98809
115617
2202
115122
5618
2166
108583
1130
1480
2700
6001
3672
1279
7451
2143
96821
3770
4661
1923
2644
88810
2290
240
1401
3274
1935
984
2150
3036
2935
3210
3801
2110
80
3256
125
3529
224
85342
106696
4465
1483
416
2005
902
6620
68358
7137
988
1253
1236
1516
127152
44199
37731
3358
3734
1701
34405
3357
1215
71535
7139
1257
108932
2238
633
3310
2177
1845
6440
112138
3526
48774
30812
62849
3507
2453
2949
1231
3405
7698
7419
112515
1218
3576
50641
93855
5244
93320
3712
3917
4223
6986
99764
2752
67087
2524
69481
4239
7263
79357
104374
2725
4327
6708
3391
4537
4017
97921
4225
1940
73017
933
5159
2173
6452
2989
65514
4326
241
82459
1101
58
54881
1694
290
8580
2455
1907
1189
2726
48698
3365
7787
139385
2613
3168
6807
935
2107
970
1927
45728
52604
1282
1380
3606
4062
8641
1238
108981
93443
3115
8228
4321
549
5377
5299
3741
7285
101525
89774
31658
68269
4867
271
531
936
6732
4901
3360
2755
832
1298
6331
51935
5876
68073
6380
4105
3135
6385
102445
1834
44555
3743
3074
494
140174
108727
102684
483
8154
1614
