user_recommendation
318
296
527
858
260
593
2858
356
50
1196
608
1198
2959
912
1197
589
4973
904
899
1221
4993
32
2571
4226
1089
2762
457
47
1270
1291
1247
1732
778
2396
1240
357
750
1252
110
1210
7153
1136
919
1704
923
1208
150
1193
293
2329
1682
1213
1258
2028
2324
5952
480
1
1079
6016
4027
1968
111
926
48516
497
364
908
1219
1217
2692
1203
58559
1207
1617
1204
246
3114
1097
3088
953
1256
1259
1278
2064
969
1265
17
1500
1214
2918
1036
2019
1225
3730
2997
1304
2599
3363
8961
1947
920
595
1200
903
1228
1293
1263
1230
594
1222
4995
3362
46578
475
3095
541
898
1094
1952
1276
2804
55820
3683
515
1148
733
4963
1080
1028
1939
2791
913
2542
1307
1029
2712
940
910
235
223
581
3307
1953
7361
4011
745
1945
2716
994
3481
3578
2739
377
1206
588
3462
162
2871
36
2018
1035
955
2186
1073
2132
1784
3152
2300
56782
2081
78499
380
68157
319
922
2076
2580
2797
4235
954
2987
1212
1233
44191
50872
1234
4034
79132
1192
1361
1244
555
1994
30749
1961
1172
5989
1271
2761
232
2641
1235
2289
3386
1356
1199
76093
1948
529
1299
4878
1305
3147
3724
3504
1254
596
1269
4306
194
1250
3153
3260
2020
6874
3134
1288
1179
106782
1387
41566
1411
1224
1264
3897
1060
3468
2971
5418
247
368
1096
2501
5445
5995
968
921
349
3035
3361
1267
1090
905
2160
3022
3735
1997
2746
1281
1957
2078
1266
1641
106920
3357
134130
501
1077
2085
1253
56367
1303
1982
3037
104374
109374
6
2313
538
3911
1673
2863
53123
2467
1260
4886
1131
628
534
943
3341
1084
3793
2917
57669
930
1688
3435
2109
1237
535
3104
2080
32587
1345
4016
81845
1302
7116
1292
299
307
3741
2908
2664
2750
2243
951
44195
800
2248
927
72226
1248
2929
1178
33794
950
916
3007
81932
8874
300
720
1211
2648
1408
3499
1394
1663
509
1354
1262
543
2318
2919
1245
514
914
3200
900
39292
348
3310
88810
3365
64839
1934
161
345
1284
3545
2288
6539
41
5991
52
3684
1827
3038
106696
766
112852
306
2502
2203
2303
1280
2474
1201
1935
1959
1175
1177
122882
1527
30
2099
3091
1907
1104
866
99114
1960
1183
1464
3471
109487
2925
1120
3524
86882
1374
7263
6787
2357
81847
2137
1625
125
492
6502
1449
1023
5902
590
938
2857
1466
59315
3175
7075
1272
2726
3160
3167
8368
2130
48780
290
68269
2920
1348
5225
233
3359
1393
68954
6662
6796
1220
2427
1885
1103
89745
1333
3469
2622
5114
3424
2973
6273
3198
7502
88125
308
1407
661
7013
1300
1419
2070
5673
471
1218
1209
1161
3213
3470
116
3101
116797
40819
1956
55267
1189
5618
521
79824
474
41573
48791
32289
80839
1343
838
2302
2108
1296
3201
3868
3814
2529
62
40815
1066
2291
928
918
2366
3255
6003
2066
1940
915
3256
2490
1946
74458
3196
1376
3019
8981
1283
115569
1215
3270
3089
265
69481
3168
2728
1936
3108
69844
6380
2721
44555
2359
3952
28
39183
8580
33166
7147
49272
5444
2406
3100
3016
4021
1674
3983
2245
2138
3739
44199
1964
213
3456
2232
1513
40629
3546
2912
3527
3671
105504
8638
1949
5103
935
1963
81229
1580
373
494
3476
2268
30707
1834
4014
6001
5816
29
4920
3801
3060
4422
1965
229
1357
2208
3536
272
2745
3194
2890
2687
8125
2447
3606
8154
3072
3448
3074
100
3798
3203
616
4384
3068
80463
2696
353
8188
5013
54259
224
337
4661
412
91542
1701
81834
7698
893
5341
97
7419
60397
3112
1680
6552
6777
1231
2115
3347
6711
2349
2644
178
363
7087
4801
3996
1242
128360
85
671
3728
4308
2231
8208
85414
1923
728
3271
82169
901
97938
2336
2202
96588
5470
8970
1340
3505
902
5385
99149
2690
2443
60069
110102
1298
1931
707
2926
35836
97921
1227
3672
2125
1941
1983
7836
3702
37731
69
3272
1012
115617
4085
58
2988
633
973
537
82459
27803
45
86
98809
70286
2659
26084
342
2290
6669
3086
61323
72641
1019
46976
3791
1034
98491
4979
5475
2267
77658
5992
7027
448
2271
1125
156
3020
68237
1967
51255
32898
3598
6643
108583
2736
2693
8665
2612
924
5669
3712
59
1678
3125
37733
5903
68838
3421
112552
70293
3580
3656
54286
3414
95088
1944
3044
2551
89804
3657
2201
3594
1904
6783
106100
91500
49530
3916
1649
151
106916
946
5064
2961
5876
3812
8199
54997
8949
3949
1194
7926
2560
54001
39
4009
6377
2947
2901
1191
3679
5238
3632
2454
1950
3668
6936
3406
164
134853
7826
2495
1223
215
8264
945
115713
1249
6807
63876
2346
312
2682
55063
2442
4809
2131
33660
1925
36517
7669
8958
1483
127152
1554
103
86487
53887
4410
4428
26797
26501
96075
58649
74089
8123
8261
163949
114464
104119
101850
150856
112577
2938
3742
3165
1455
961
3447
984
102123
3833
1974
3417
5017
79702
6021
1446
94959
4037
1396
3067
3246
7766
1463
55276
44974
112183
3062
2459
2513
81564
1285
2763
7802
3676
2144
4427
2165
341
5319
2935
32234
4848
37741
96728
2327
1128
72395
69757
2024
1629
2465
2945
2982
1312
2553
3024
1771
1326
1655
1130
1543
3021
1531
184
3851
241
3757
3576
3804
3490
183
3391
3840
49
3837
3281
2102
2093
416
4432
4873
2469
3725
3364
7099
2337
3557
6708
71535
2867
6254
95558
115122
422
55247
3102
5630
2774
508
7943
4424
73017
2948
446
27523
3783
4641
2073
3543
3396
3018
7373
3872
3807
87232
4191
1147
3547
3083
64614
845
1255
3181
2238
3252
38304
1341
3186
1401
567
1037
6724
5060
146656
3317
1991
3328
2111
1238
2105
104913
2419
7139
88129
3809
149
41527
7459
3973
278
1616
2
240
1729
3507
5391
7072
5747
11
71264
7132
7767
6271
53024
1810
