user_recommendation
318
296
527
858
593
50
2571
608
2959
356
1196
2858
260
1197
47
4993
1221
1198
912
4226
1270
1193
7153
1
1136
589
110
778
293
32
2997
1704
1208
1210
541
2028
2762
5952
457
1213
3578
908
2918
750
904
1089
4973
1291
1240
111
1617
58559
1214
79132
2329
899
4306
2324
150
1682
1252
919
364
1230
36
4963
4878
1073
923
969
913
1204
1961
6016
1247
1278
1732
2692
1222
6539
595
1225
926
1250
1203
953
1968
5989
1035
2542
2502
1259
2716
1228
1148
7361
1207
2599
903
3897
46578
2291
745
4995
497
4011
6
48780
1610
56367
48516
1206
1199
1246
1219
68157
588
924
223
1200
1258
1276
1036
246
44191
1060
25
2797
4027
555
337
55820
1090
898
2300
1625
2019
1220
1299
4308
2268
3996
2396
515
2804
2064
1288
910
551
8874
1304
3481
17
3147
6874
1267
1028
1265
955
1084
6377
474
4034
265
475
1293
78499
1077
1285
3114
741
1307
32587
1952
3671
920
1172
3735
33166
922
16
1212
1272
56782
3362
116797
1953
1244
5995
471
2395
2580
194
1234
2115
1287
1254
1233
1292
950
64839
57669
1784
29
1266
480
5618
1394
7438
1096
3462
6711
1947
7022
1673
4886
994
2076
106782
1079
235
1231
3730
3683
1411
7147
48394
5816
2289
28
1945
1262
50872
68954
954
1960
2144
2303
33794
3471
1103
2194
70286
59315
2359
733
86882
63082
2871
628
1263
3468
349
41566
508
232
5418
5064
2917
81591
671
106920
1466
509
134130
1356
1393
357
109487
3504
7502
348
1729
928
4014
1653
49530
3868
8368
1256
175
1500
3317
8961
720
1580
914
5630
1223
3418
2467
3201
161
5669
6942
1357
1674
4085
272
2971
2231
88125
377
76093
3793
1269
951
2243
109374
3421
1201
3499
2318
1333
44195
4848
1217
5444
866
1224
1527
5956
11
4239
1264
5060
1094
34405
4235
2712
581
6863
2739
3949
45728
74458
104374
54259
1537
30749
40815
1179
280
1175
1957
31658
7090
3359
1361
2109
68358
1343
6502
441
3275
5971
909
30816
62
4262
5991
92259
112852
1939
1095
3386
2186
6188
58
27773
1147
1284
1080
1956
81845
40819
3361
81229
1719
59784
2248
2490
44665
3363
1235
81932
3039
1641
2644
7099
3152
8132
3424
2916
3203
353
3019
2841
2648
971
2690
81834
54997
5225
1305
3198
916
7802
6807
2132
3034
2908
3435
1192
7139
2321
1959
1946
319
2501
46976
8784
68073
3167
800
36529
905
3033
911
2160
5010
2020
6870
945
1120
1086
3095
3814
6796
590
115713
69844
3006
1215
1248
3702
946
2391
921
80463
2924
2232
96079
4361
2863
2890
2125
3307
7669
72226
3000
529
3252
33493
3448
6979
1249
1948
2987
8949
2791
99114
88129
2474
48738
97
1962
1260
1189
1104
599
4103
6662
1178
2357
933
3038
79702
1281
930
363
927
86
3081
3788
3952
134853
4037
900
2761
58803
2105
3791
2929
66934
7132
306
428
3213
431
1964
1374
477
1283
85
2726
233
1282
1296
112183
3686
3219
7451
3068
3072
50068
3035
942
94959
162
2096
87232
3022
907
2202
968
1845
54286
6773
115617
30707
5103
68237
82459
67255
106916
538
1280
2067
1950
247
2935
3510
266
1584
38038
1257
2664
8970
3469
8958
3104
735
4896
73017
7419
81847
97304
27831
314
3429
1097
534
1303
105504
766
3037
44199
3256
49272
125
1211
3536
3408
7235
6350
261
2108
2366
4007
104913
838
3916
3724
2459
6440
3089
213
1958
3016
648
5812
85414
7285
6378
8360
1967
7087
4450
8542
8228
89745
1218
104841
322
2336
44555
2203
3507
2952
4432
2070
2788
49957
1238
52281
8493
8950
1954
3088
2795
281
3135
53956
5782
1209
81564
2612
2005
373
6787
106100
3355
5014
3060
1277
1366
2278
64957
98491
89904
69481
2951
63876
128360
56152
8981
55247
96728
1680
106489
850
3175
47610
5152
60069
2728
54503
3342
8638
4223
56339
69757
112552
4489
4623
121231
65261
6104
38499
96821
805
1921
1834
42418
1088
4326
3196
3703
111921
8580
6331
3983
3467
4033
4720
7380
6791
2729
115569
307
7116
26729
80
3612
108583
3111
34162
108932
55052
1066
3007
5146
37729
26662
51255
2463
31878
55276
4263
1191
535
64614
2944
7075
5074
1023
3310
1754
4406
224
3801
2912
309
6380
32898
91529
115122
5954
1464
2208
4427
3551
140174
5876
6001
4349
64034
26152
759
1046
7156
3911
4019
93721
2041
102445
4696
4304
58295
64716
6461
7844
3546
2352
6003
70293
37733
80489
8633
1243
3272
69122
7091
110102
60756
4422
3684
55442
7164
90061
4755
8530
230
2938
2138
215
4292
2686
2919
3741
79091
122892
2353
3210
1387
3543
91658
26524
1927
1594
440
2287
6708
2553
65514
45950
93510
1041
5380
72641
139385
101525
7064
37857
86377
54995
34332
122882
7013
6385
663
46723
2763
2313
4465
64285
2857
452
52
3653
3067
58347
42004
5341
5377
86320
45
91542
2925
6323
89804
2780
390
6732
46322
1202
2819
7767
55069
66097
106696
7137
21
2936
68135
95510
3153
935
290
52767
7212
1449
1734
51540
1185
98809
3512
108981
1955
4789
6725
6187
2245
2946
2151
2078
53318
30
4190
4642
3134
1395
8019
6783
2331
5238
97921
5540
3879
34338
117176
69
3475
2288
53123
4410
268
108727
102684
1085
4166
122900
2285
7836
93855
99145
31410
5385
6436
2961
3451
5475
6452
116
5690
4565
4717
4567
4442
2880
876
7566
7757
1251
55290
893
1271
4616
85342
7263
51935
105197
2677
632
1649
4846
53
99813
6618
50641
5244
93320
2745
4734
3505
35836
9010
7698
6281
3627
53519
6552
1994
6591
7320
6419
52604
74089
8123
8261
8264
4428
58649
26501
26797
86487
53887
55063
96075
163949
104119
150856
114464
101850
112577
3246
5017
1963
2330
1081
4128
190
7386
48696
4553
412
973
3811
79357
4809
1227
33639
84152
2687
27022
37731
91077
5791
71135
