user_recommendation
318
296
593
527
858
260
2858
608
356
50
1196
912
2959
2571
1193
110
589
1221
1198
1197
47
1089
1270
1210
457
908
2762
32
750
778
1213
7153
4973
4226
1704
1247
293
1291
4993
1204
899
1136
2324
150
1265
2028
919
541
904
5952
111
48516
1259
1225
1252
2692
1219
2997
923
1207
1208
969
953
7361
1304
1682
1617
1732
1240
1961
2329
36
1230
926
2396
1206
1
4963
480
913
1258
6016
1203
1073
364
2599
2918
3578
246
1228
745
58559
17
903
46578
1036
898
1035
3897
68157
1172
1250
5989
924
6
349
2064
3462
588
1968
922
2019
920
1148
1079
590
733
1214
3996
595
910
1307
1028
1278
1293
2797
1625
79132
2716
1952
1097
2791
44191
1199
1276
2804
2300
1288
671
337
4306
2542
1212
497
1280
1200
1267
1222
551
4995
1060
3386
3730
1673
515
474
55820
3362
4027
2289
471
1094
1953
5669
235
1945
194
1084
1299
1960
1287
2268
2186
2359
2863
1254
1263
2076
2580
720
32587
3160
555
56367
1217
3260
1262
1923
50872
3147
3481
29
59315
4034
4878
1233
4235
4886
1080
78499
5902
475
1296
1090
2115
1610
8961
1234
1220
5995
1256
3868
994
81845
30707
56782
357
3421
2908
2248
1244
928
1272
3471
3435
1264
1246
106920
5225
4011
6539
1387
3468
7438
1248
1356
955
33166
62
2132
1957
4979
1285
6377
5991
1834
1361
2971
3114
1939
6874
1096
232
81932
581
1411
628
2020
2739
2010
57669
1500
1357
3307
74458
950
3683
3504
72641
162
44195
1946
3101
7132
1641
68954
1948
2194
866
954
2726
1994
1103
1131
2917
8949
1358
1305
116797
1269
7090
8874
300
3361
1584
1719
2648
3088
3152
4308
1927
35836
905
1537
109374
76093
8368
3167
916
538
1947
1466
3176
106696
64839
5444
3006
1674
529
2467
88810
8981
1104
1077
3724
1963
40629
4037
21
5418
3814
1884
30749
7147
1959
1189
1292
6942
2871
5618
8228
2144
1223
6807
1393
44555
1183
44665
1784
1201
49530
5013
3310
968
2357
1147
1997
3007
2501
8958
2712
3038
509
2203
2502
1179
2644
2291
2303
106782
2243
34405
534
11
1175
508
53123
3359
2109
3072
55247
261
1663
8542
2925
54503
3499
2005
72226
7091
6662
1950
81847
4085
4422
945
3060
3022
175
8970
2278
3104
1300
88125
49272
1333
1303
2068
2202
3983
3418
32898
1224
1251
86882
2366
1178
2612
5017
377
7116
7669
4014
927
2973
2890
3671
5992
7767
921
86
1260
3469
930
7263
3252
6773
112183
3037
3168
4432
16
40815
2728
26729
37741
1273
41566
8636
1192
2391
3527
1394
1029
223
2067
911
1066
68838
85
6502
4848
44199
1955
125
6796
54286
3275
2474
902
105504
25
914
1302
1211
3000
319
7087
3424
55276
3741
946
3363
2690
97938
3684
5475
39183
353
7419
8264
27773
3270
971
5238
3039
79824
6787
80839
48791
32289
41573
68269
3246
918
3507
2245
1237
1049
5341
1235
161
4103
5103
2745
1283
3429
265
6724
6936
2321
3546
2920
594
5008
51255
3019
8933
3545
6711
55063
7836
1419
2066
233
4424
4410
60397
1956
3735
8123
58649
86487
26797
96075
74089
101850
104119
8261
4428
53887
26501
163949
150856
112577
114464
951
4661
838
5385
1284
759
2403
1231
58
6021
2105
4450
3594
69844
3872
1215
6786
314
2936
845
2761
3256
1209
3203
5064
7075
2108
4809
4969
34162
99114
42004
69481
97304
92259
942
2283
1348
483
3417
3809
4658
3801
73290
5028
2664
2081
28
1127
7566
52767
33794
2232
938
2302
1249
4720
6987
1693
2395
4623
2125
151
5971
2336
6783
3200
51540
2208
3083
4349
7502
3916
4271
116
2944
5630
6101
2987
1408
3524
48780
766
6001
48696
1965
55269
3198
7371
61323
70293
52617
26150
26578
872
7564
7574
81834
134130
8239
6530
1635
68237
1023
3175
3342
800
345
5903
1916
6552
805
307
3067
7943
80463
89804
1120
741
2946
3134
4179
163
363
115713
3703
8042
1095
91104
106100
2731
2313
1253
1680
380
4263
2398
1611
850
6187
7099
2231
5010
4007
8784
55052
4361
31658
2553
1699
5956
6777
6385
668
3035
63082
1748
4047
6852
7143
7256
5673
48774
230
7698
2130
1298
4612
3989
2137
8650
1964
3475
1982
127152
3068
306
128360
32525
5679
94959
54259
80
88129
63131
6791
104374
5876
7285
58303
2138
3077
8132
2490
49280
26422
7022
3476
1271
477
54997
56339
1086
431
70286
3966
2078
4380
3871
47728
8121
25852
7208
8528
514
1099
6979
86320
38499
3911
59418
2927
97
3505
5772
106916
48738
1734
102123
26326
7451
4019
2160
4801
65188
82169
2935
3196
1729
5608
648
115569
99145
448
535
2349
1340
26524
80489
1161
105197
3089
52973
64034
6273
106438
1257
38038
1238
1827
2795
91077
38304
7013
1845
2929
91658
4821
56152
50068
6331
2287
3952
3095
39414
62849
4537
4776
832
26242
96728
3100
3783
22
45728
6271
96079
6003
6440
1354
93510
3910
6565
3653
3702
6380
7215
7088
112290
78039
56805
176
280
30
36529
46723
3679
4427
4223
8491
41
2912
53024
3201
64716
3551
90866
373
40583
6639
931
101
5500
2176
1475
907
4642
26712
3030
272
3869
3788
4912
7164
8464
89904
5791
1059
7360
2150
4117
38061
7979
107559
106441
26178
2551
3105
1810
8979
61357
121231
105355
64614
86377
7771
2430
4017
3253
4641
79242
97673
7136
1085
8492
58879
2788
4927
75990
26323
112735
25996
25945
72367
26350
151307
120821
7126
26505
55253
7111
56607
25882
27812
94931
6133
112399
50245
127164
45210
128606
47092
8572
7300
26147
5088
25999
110752
95135
2732
50658
30712
101895
4616
2018
3686
48322
7478
2434
3967
63876
6104
933
4105
26587
7084
45
134853
2750
7235
1218
5367
2363
7981
58347
42418
171
97921
3406
299
3016
1643
87304
909
635
34338
40819
1754
4345
7123
3111
2333
1958
3949
