user_recommendation
318
296
527
858
593
260
356
1196
50
608
2571
2858
2959
1198
589
1193
1221
1210
110
1270
4993
4226
47
1089
1197
1704
912
2762
1
1136
2918
1213
778
3578
293
2028
908
541
750
32
1240
7153
5952
1291
150
1225
1617
58559
745
899
904
1214
457
924
1732
1208
111
1968
1148
923
4973
1258
6016
1073
1036
2502
1252
595
2329
364
7361
48516
903
1035
2542
3114
2804
1961
2997
79132
1250
1203
1247
2324
2692
1206
913
1259
1228
1200
1219
1060
969
337
32587
5989
36
1230
2599
4306
1288
2797
1028
2716
44191
4963
926
4011
4878
919
2291
2019
1682
590
1265
3147
1199
1222
588
2396
1220
480
1079
349
1204
555
910
46578
920
4995
1610
1207
720
1673
953
377
1293
1307
246
1267
3996
509
55820
2268
6874
1097
2064
48780
1212
3462
4034
1246
223
1233
1223
1278
1625
497
6
1276
733
68157
4027
2300
1953
2395
671
17
1299
3421
3897
1090
6539
1172
2144
1952
5995
955
39
4308
3471
3362
7502
1272
1084
1393
16
3671
3949
2289
56367
1674
2580
56782
1096
2186
1387
515
3730
1500
3868
471
1945
898
4085
922
8874
1947
109487
1263
6711
968
1784
106782
2115
1262
3006
1234
33493
628
2194
29
175
2467
1580
7022
2791
3435
3481
27773
1215
5956
74458
4007
1960
950
5669
2076
64839
1080
1957
59315
35836
1304
2355
475
2739
11
994
474
1264
1343
1959
2096
5225
2318
33166
50872
3499
3039
2132
5064
116797
4886
3683
2712
1192
109374
5444
2303
45
70286
1361
92259
800
2871
2917
1249
1584
81591
106920
1266
78499
928
1256
6796
265
2231
2243
1466
1175
1269
161
5991
914
1260
2359
8961
63082
1224
8981
1104
1287
1284
5630
2501
2125
1283
44665
280
86882
3504
1077
194
2366
30707
3468
3735
2005
45728
1527
4235
1285
3788
33794
2137
3418
134130
8368
551
162
57669
7147
1333
7438
2081
2951
4262
2160
6787
951
3034
1086
916
1923
68954
905
7132
25
1088
954
2761
1201
1120
3033
2971
3952
4014
1537
1094
2248
1242
2841
232
1178
59784
1719
1231
1280
3307
1147
1254
529
1305
1217
1248
1357
44195
115617
2078
4720
1023
27831
6979
3176
8542
4848
34162
40819
1394
933
3201
3916
911
946
741
357
3104
81845
51255
44199
1956
5618
2973
1095
1927
930
49530
91104
1955
3022
1244
8636
38061
8807
3801
1209
2987
235
49272
1411
1948
1292
3814
7802
1179
54503
6502
1729
4002
3072
1374
3198
2644
508
2648
21
3035
5103
363
3256
4571
88129
599
30749
3317
3359
1261
2944
112852
3361
1103
112552
1616
3508
597
2985
2690
3424
247
54286
3203
4623
8949
1296
1997
7451
6662
72226
69
82459
51540
81932
40815
2908
2929
79702
28
3246
2726
69122
1281
41566
3252
96079
3879
2020
52973
441
2490
3552
115713
3089
6377
6104
942
581
3275
104913
1251
8641
4103
2087
52
68237
3363
945
1680
6942
1912
6807
6440
80
36529
2729
34405
2664
2795
8228
2010
2890
2067
2232
5791
3386
8970
2463
7099
900
3167
110102
104374
6993
785
866
3429
99114
373
1218
73017
4821
97304
6188
2788
4814
1688
1944
1031
1476
1449
1921
1227
3030
3152
909
3408
6863
4450
42004
2391
307
1189
27022
104841
3798
1464
31658
87232
4321
440
6003
1641
2459
86
1939
1950
3448
1994
759
3358
3160
7091
3551
30816
3019
272
1895
3020
8958
6350
1257
8638
2572
7767
5500
66934
62
2686
3451
921
3213
3037
1845
3702
1734
534
3210
1946
96728
1238
48738
5108
8132
2524
58
89745
54997
88125
2935
3469
105504
3088
4019
3067
5971
76093
4033
1916
3168
3512
4239
2553
230
4901
6732
4489
6378
112183
69844
3068
4128
80463
63131
3793
3355
64957
3743
4327
8950
1302
38038
348
3545
54259
7669
81229
1954
3983
6187
2694
3510
6870
2863
2924
3007
3000
26729
91658
1754
2108
2138
3044
3703
4037
94959
1237
300
3060
3175
2278
2936
233
31878
122892
5816
4117
121231
3081
1235
7285
49280
26422
1243
1962
4867
4979
59418
5970
1964
3219
48394
88810
8798
3263
56339
380
2920
1025
492
6791
140174
4361
3200
97
3414
2961
322
222
7090
3681
147
543
4799
89
261
7445
106100
1211
5505
5074
7386
106696
2313
48322
562
55250
2671
3016
89904
1127
594
4190
1191
6331
5915
4734
6783
2357
3871
5159
93510
428
1185
1032
1188
5060
108981
3365
2105
314
3135
5522
81564
7087
3272
2612
7075
7320
3134
927
134853
102684
1046
7064
8784
5782
108727
257
2203
140
2460
8933
6669
501
6375
3038
41
1686
3546
50068
5418
5008
96821
431
4432
60756
2925
648
2474
309
1202
805
3476
47518
971
4105
1366
2245
390
81847
2916
51662
69481
1019
3196
53129
4326
3548
64614
7649
132333
3505
319
6155
1594
6986
1810
4304
5014
101525
26587
102445
8528
58303
5903
51935
108932
539
345
60684
1273
1041
362
4223
3791
538
7323
3095
7256
1884
2208
3083
2202
72641
5540
139385
7380
106438
4179
4225
2336
5490
5679
907
105197
1487
84152
55276
2102
32898
91077
26326
3494
2745
54001
2819
85774
2434
52435
2947
86377
2687
3763
76251
2165
6786
64034
3111
67255
116
47610
5876
71535
1834
6461
3396
4322
1277
52767
4277
8650
176
89804
4465
96829
3724
93040
2952
4612
55908
1066
2114
7156
3612
2927
8121
47728
25852
32525
7208
6773
116897
4658
1963
407
1635
71033
340
68135
5152
7212
1958
3653
850
6385
4846
55069
33639
97921
61240
81834
55052
3062
8580
206
2736
7013
8645
2018
3654
26974
5812
3100
3398
1663
2017
55290
915
2068
6708
2693
34332
7265
131724
3310
647
1124
80489
1059
6957
4292
89492
70293
4661
36708
1345
86320
224
52952
18
7419
4427
54995
4271
2145
26472
53318
4263
973
59126
7143
112138
7263
2330
4422
99764
1029
40412
5049
6893
