user_recommendation
318
296
260
858
1196
527
2571
593
608
50
356
2959
2858
589
1198
1221
1197
1270
912
1213
4993
7153
110
4226
1136
1210
47
1193
5952
4973
2997
1
293
111
2028
899
457
1617
750
778
908
904
2762
923
32
1704
3578
1208
1089
58559
1291
7361
1252
1203
1240
6016
150
4963
79132
2396
953
1682
2918
541
1968
1036
1225
1214
1207
1247
1732
913
969
1222
364
6874
924
48516
1148
2804
1200
3996
1219
2797
3481
1258
68157
1206
480
903
1265
1204
48780
4878
1304
4306
2324
44191
2692
5989
4027
919
1961
745
733
2716
2064
1199
2502
2542
1276
4011
2599
2329
920
910
32587
36
1230
1259
46578
898
6539
1394
1293
3114
1947
8874
1228
16
4308
6
3462
1035
1278
1097
2186
5995
1945
1250
3897
497
1172
926
1244
1288
1625
56367
1060
1580
2115
1212
349
11
1084
4034
1246
1073
33166
2761
1356
2019
50872
1201
2291
5618
1080
337
588
1269
1254
1217
595
1285
7438
235
2076
950
4886
922
1267
5418
1223
8368
106920
59315
994
3730
1610
954
78499
471
8961
55820
1500
17
1387
3435
4995
1284
1028
2300
1287
246
1953
1307
1674
1251
2132
3504
49272
1248
1233
3671
3471
1950
134853
555
34405
800
116797
57669
5010
1952
223
62
2268
76093
914
40815
30749
1939
2917
54286
2791
590
7147
4235
3104
1957
81845
905
5669
115713
3868
74458
1077
70286
134130
122882
475
1079
3175
3362
6711
3095
106782
3088
3683
1784
3307
3949
1179
7502
2303
4896
194
628
68954
529
377
109487
1729
7090
4979
68237
6502
99114
1175
8665
44195
968
30707
1224
112852
265
8970
109374
5816
3035
81229
2580
1280
1178
2501
3735
2971
79702
56782
49530
2395
3198
1192
3147
1094
1104
380
1333
3386
161
2739
142488
2289
1209
1299
1411
2194
1231
232
930
104374
357
60069
909
2929
81591
3083
720
1361
1234
535
3793
7099
2068
3363
474
51255
86882
3703
2726
1256
2908
1264
3152
440
1754
671
1029
6377
3310
31658
1449
1215
551
1393
1466
1374
44199
6979
3006
5782
3000
3916
68358
162
3160
4085
911
1103
1260
38038
69844
2125
3359
2108
85414
39
661
2664
110102
40629
6787
39292
946
951
2357
515
916
1303
2890
1281
96079
942
2243
3007
44665
1673
2871
6942
88125
838
88129
5971
1641
2925
1296
1292
63082
2321
3246
112552
2137
928
1218
146656
3256
1283
3983
8784
2947
2355
64839
2712
5444
1266
2351
1994
3101
1357
115569
54259
2690
3022
5225
3361
3686
3468
1262
4128
2863
1189
1282
1237
492
84152
69757
2208
2935
353
81834
1272
1959
72641
1997
2731
2391
2318
1960
1408
40819
96821
8636
2160
955
1834
2245
1220
2944
6807
1955
41566
33794
36529
25
2366
86
80463
3791
3546
2105
5060
2920
973
3952
1211
3275
89745
6350
5956
3068
92259
3034
1845
1948
1147
1944
3168
51540
1090
81932
35836
54503
8798
2454
3424
1305
5992
106696
3100
3201
741
1086
148626
8132
2020
2005
3507
2231
6863
2232
2648
106100
2467
3476
945
3072
900
105504
927
1537
3252
26729
8958
1527
122892
4007
2202
3451
1946
3606
272
3741
104913
933
85774
7669
4299
3536
3365
261
6378
3210
373
3702
3062
2248
80489
3545
4846
2203
7419
581
306
3505
1227
4016
3551
44555
2144
5349
93510
3317
2301
1249
97
26242
91658
2819
3044
3196
48394
1257
31878
72226
88810
5903
1096
4014
6796
6662
5902
8807
50068
509
6001
3448
5103
5377
82459
1916
4033
1860
2359
3499
54997
8873
2916
122900
3038
1964
49651
175
6918
2176
3134
907
441
4037
111759
94959
1088
5064
89804
2924
59784
348
2729
2331
53123
971
27803
6380
7386
431
7116
3070
3111
4427
7136
102445
89492
3543
2070
70293
2078
97304
54881
1263
538
4361
3167
599
1340
55276
81847
3364
87232
2102
48738
940
69481
101
2459
7132
56152
8981
5500
10
1748
949
39183
54001
5146
4262
2857
2313
319
1243
32898
33493
1921
2106
1827
27846
37733
262
4661
73017
3871
100556
3910
38061
3089
96728
8645
5876
26152
115617
27831
3724
648
7143
1407
1202
6773
1942
8228
4914
176
3260
8955
1354
3153
1663
3176
93838
2938
3684
477
64620
3421
4720
73321
45950
65188
1958
2846
6125
26084
224
2686
140174
4277
2138
104841
2130
108979
116
4422
1049
8711
6077
2612
3429
8264
6565
2961
3535
8950
3077
34338
1954
8633
127152
29
1302
2932
7263
3653
322
549
8042
7075
128360
6643
26131
40583
1025
1376
6669
4103
111781
3655
51935
7451
2919
7013
31410
1420
77455
88744
30816
26587
3788
1810
81564
79428
9010
2474
3414
112183
116897
2420
58295
2987
85342
45728
2764
7833
6235
68073
38499
3469
3203
368
3510
112138
5446
921
27660
6331
52435
1131
3550
7649
3677
7371
451
307
3467
76293
105844
2937
6598
1982
5991
5630
7802
2273
52767
45
106438
233
6975
6659
2644
91542
67087
98961
112623
3016
4903
6281
64716
5475
2184
3033
735
66665
2795
7767
3098
68269
57368
28
53000
2352
6777
79824
2732
1611
122886
41573
80839
32289
48791
164
1023
6273
99764
3512
6974
1124
7566
6987
117529
42004
68838
26614
55069
90428
60684
4263
4696
63876
3811
125
7087
2010
934
2490
5017
2287
7844
3742
6932
428
3213
54995
7459
41527
3745
2081
4166
4410
1941
25769
805
26524
3629
97938
56145
6333
1095
1019
7091
6881
5341
2936
58803
52952
8125
5114
82
1078
54281
4623
2780
2951
58347
5812
1253
5013
6724
96737
3508
6869
96488
3270
55721
7285
7072
3355
6732
77658
1066
1238
7156
1173
51412
668
3627
111622
6959
3475
96829
7380
6323
1963
53519
876
4717
2880
4442
4565
4567
4566
7827
112290
91104
6385
3019
26662
55063
54372
5690
5238
4086
6783
8542
3736
47518
1358
6271
6986
3498
7836
1962
39414
106489
86487
53887
4428
26501
58649
26797
8123
74089
8261
163949
