user_recommendation
318
858
296
50
527
593
1221
2571
4993
356
2858
260
608
1704
7153
2762
1198
2959
4226
5952
1213
111
32
3147
1197
110
745
1136
1617
1089
1193
1291
7361
2329
1
589
457
1196
58559
1210
6016
2324
33794
1258
5995
1270
44555
2692
1203
1625
1214
3578
4973
1732
4306
4011
1580
778
4963
1252
4886
2115
1225
8961
1200
2278
1304
541
4995
47
1682
1222
6377
3949
2396
3481
25
1259
48516
6874
2502
1148
5418
1240
1923
32587
16
4878
919
30707
54286
194
903
912
590
924
1079
48780
1219
920
2997
1610
904
319
70286
6
8132
1674
720
913
74458
364
1954
69757
2064
1201
4027
6711
76093
4262
68358
923
1953
2406
750
497
1997
3911
908
1172
5618
555
1227
1209
8957
3653
156
733
72998
6187
2707
5445
1211
1321
628
50872
293
1028
1287
1212
2501
6870
1884
3020
1500
443
54997
2467
1299
368
1747
33166
58
1207
3897
73017
1276
1265
2019
1267
79132
51255
6539
59369
40819
2058
2542
2137
2690
71838
2028
74946
36931
27724
62374
3527
1060
5669
2318
3156
1380
55820
1230
1680
3363
67087
63082
1080
56782
1185
57669
46578
3418
1206
535
34405
1619
1272
4007
60069
52458
5989
68954
306
1307
3198
6708
1233
2804
235
1358
2020
69526
73321
1994
64614
69
1094
2194
1387
39
2580
1288
44665
30749
1266
3176
4235
905
1956
17
491
3007
1597
349
1228
2005
3071
3535
953
1199
524
1223
1721
551
1962
1968
31116
7212
51471
64285
109487
4979
2984
3927
53996
2023
1345
4896
2791
27773
1729
3424
3671
4299
3178
800
56367
2871
1262
2371
8784
68157
3000
161
969
1333
7090
2700
3548
232
1217
3421
253
4641
1204
5673
2352
99114
59315
1396
2427
2490
838
428
458
994
38038
6753
1374
940
30810
31410
1356
1466
246
3751
1086
3098
2712
1961
1061
2288
1263
54503
5464
353
6385
6003
4448
3307
3556
80463
281
58351
3328
4034
150
1411
1234
1343
2268
1947
1719
1641
2575
928
2433
3448
308
1257
1279
1271
2434
162
5679
1245
2248
6807
307
3083
6787
1584
553
1186
5300
1293
1256
4351
62
1127
71429
4679
198
7027
899
832
914
3730
3088
73
8873
5971
3360
1284
911
4246
1269
2677
3450
4483
431
4085
4499
1663
3683
4450
31658
28
1032
3868
741
1282
68237
3916
6502
2520
4010
2917
471
237
1250
922
805
224
3983
34
5630
2011
2795
101
2942
1673
40815
3152
2447
1246
3638
902
2572
8798
4901
1298
8807
1834
3089
2289
6201
3406
2083
1084
233
5902
3811
996
2344
1036
62081
2132
1090
27611
3101
3435
31435
3512
3104
215
938
4086
71899
2846
6350
1354
3510
5337
1218
348
3735
7324
926
7022
475
92259
588
441
1081
6188
300
1254
1278
81591
951
3633
1077
1688
5903
3100
4102
480
1244
6796
8981
2716
4022
5299
1464
1238
2186
65037
59684
76173
2066
2940
955
3129
78499
5747
412
708
3200
2155
1264
4967
4903
3462
3125
2405
2231
1357
3081
3639
1376
8665
508
73290
222
29
893
3468
6286
6333
3852
36529
2474
51540
69122
37729
2948
1449
69481
55247
116797
36
446
7256
49530
1859
7502
2360
1021
53123
2409
112852
3114
2739
1103
357
1215
1275
942
4873
2470
1231
952
6242
3350
4095
95167
2384
1892
2863
3742
6380
3210
866
5010
3793
474
5876
909
837
1224
671
1945
5690
112556
80748
56949
1150
7438
85
7569
3203
26403
57528
6440
2918
3677
3672
66246
26007
2178
337
3967
3869
62956
89804
2966
7386
1589
1835
5816
1784
6516
69644
915
47518
4792
3476
81845
1232
59018
3504
44191
44195
40583
1050
1788
56251
6664
249
111759
3508
900
65514
1957
55269
3896
3569
57353
26662
314
1827
79702
97752
123
4017
3471
2169
3543
2068
4333
7099
89745
49272
27846
2291
1124
2423
4772
31184
1701
1592
3039
1611
6378
55442
1096
968
8208
534
321
262
6269
1964
3355
6331
55267
2243
1639
1255
65188
599
57
678
38499
290
86
581
3265
6370
2596
1253
3503
115569
58047
2774
1408
5291
108583
8493
88810
144
328
7254
180
3789
1261
8641
32469
26111
8191
77658
7063
3451
4039
106100
1009
1248
4378
5064
728
3218
3034
108979
2359
3635
3160
96821
3362
36527
2718
1274
3095
5377
2073
1243
134130
2203
1809
2673
2304
1846
2682
6818
151
67997
170
54372
1147
2488
3201
5608
177
4848
5820
662
61240
1344
7160
69844
77837
190
3952
6552
2664
6942
60161
27788
241
2067
1292
61323
116897
5269
4146
7352
5655
33437
6868
5682
62203
59118
85736
80906
452
454
931
178
79008
661
3266
66297
898
5380
88125
97938
3008
7317
3728
5477
1797
2395
55290
64716
73106
41
84152
26729
1285
2872
2803
2080
2731
6565
1959
5056
2764
4128
33660
1635
3300
27156
1093
8154
5992
850
5339
5147
1967
3334
94959
159
7387
986
2779
4029
943
55721
6979
40629
4187
4191
8638
1845
3629
1944
2550
3010
4914
1413
1251
8368
50641
8464
380
107559
4190
1120
1260
2151
2987
54259
55444
106441
3429
4489
115122
999
122890
5483
21
84187
3030
2038
3061
802
3035
2866
56145
97306
100714
3948
1173
7034
529
5401
3502
4880
933
47099
82527
145
429
2973
611
2057
3599
1937
4081
4090
3341
3430
2870
3516
146
1082
112552
1958
1023
37733
4889
4888
26555
6005
2787
4251
4652
4649
4929
4509
5282
4662
1517
1041
54881
96829
3801
102993
7137
5319
5060
26776
3365
3681
2594
26587
3181
59995
1689
2951
1015
149
289
56587
3707
87222
2585
104879
2648
6339
2481
6612
6709
52885
4874
3168
4699
5218
2043
60756
88163
100556
2232
1078
1178
3105
1249
238
538
55052
79091
81847
104913
55276
66371
5500
4005
7371
90600
94466
2890
950
2357
2160
85774
481
3110
1955
8239
8197
1371
1176
1303
86504
102445
26172
74450
5893
26131
