item_recommendation
8327
25737
7872
8183
7541
7914
8290
8117
7613
8447
8093
8360
8571
8403
8225
7669
775
1513
7728
8772
8154
8410
7437
7697
7560
7878
6260
8596
6154
8580
5159
5853
6091
7782
5008
5662
8499
5515
5715
5742
5768
5675
8636
5288
9012
8591
6902
5186
6073
8777
8699
8879
7649
1003
8003
8899
5264
731
4076
6579
8720
4740
1515
5282
6436
8033
6835
6178
4765
6751
7407
8422
4550
7938
5729
1507
5968
5597
7771
864
4440
7636
6404
1317
8743
6760
7293
7478
2769
984
8387
4462
8865
5723
3889
915
1053
7245
8661
8136
8376
6970
3875
8147
3608
885
741
8235
735
8998
4731
3489
2513
5323
980
6918
8207
4095
3093
7254
1819
869
6047
2546
1870
5710
8228
4984
8620
1523
986
8927
2687
4821
2956
6684
4316
401
5936
5699
8859
8882
5795
4976
8253
2183
816
6547
1580
1812
6355
6513
2774
7619
5440
7831
8056
6294
5038
8684
6103
4153
8524
8070
6676
4437
8607
2696
5735
5055
7171
5839
6768
6800
5765
8807
3758
2801
5815
1777
5410
7078
2548
2481
6718
6803
2982
2912
4980
4016
3500
724
1192
8388
4477
5685
5690
6963
7357
4677
3825
5689
8423
5686
6896
4889
5401
6887
4929
8768
5400
8921
8785
7822
5684
8372
6852
5363
6851
7791
7235
3499
8371
8966
8197
8949
7346
8158
5736
5940
4312
7153
8138
5746
5254
8130
8123
4727
7198
5796
3654
6121
5680
5732
8366
5836
5696
3284
1617
4832
8955
7017
8985
3334
5700
8275
8943
5517
7063
8542
7947
6331
3491
8835
7702
6498
3497
6060
5170
5641
3611
4241
5034
8838
5177
7419
5655
5056
6464
8848
8828
5275
6341
6342
6105
7309
6375
5443
2640
5398
7919
5847
6422
8672
6432
5826
8640
6584
8872
5678
5373
3936
5672
6754
3957
6732
8582
5670
4450
4300
6706
5667
8610
5577
5752
5003
5285
4994
5004
8629
7260
4104
5666
5001
5002
2184
6645
4834
4428
865
5625
7012
3241
4999
6035
5462
5466
3096
8142
1876
824
3173
6470
4963
1750
8451
1497
3751
5085
5572
2983
2582
8633
6774
7204
1508
5243
8761
6509
1010
2668
5365
6533
8910
6296
3495
6827
4177
6408
2118
6493
1805
2935
1744
3851
5210
4878
2802
4680
3478
8167
2159
5504
5840
5787
8133
7155
8169
3639
8239
3344
4809
3761
8392
8525
8609
8612
6566
5097
8712
5122
8799
8831
4238
2434
8864
9010
8977
3615
7583
4632
7720
3479
733
4375
5419
4105
7757
3863
2347
798
3359
3656
1909
745
5203
2344
5053
4161
2441
2651
2741
1907
1059
1057
5808
8667
5518
1479
1501
5135
4420
4603
626
990
2892
1831
4923
6571
947
3759
2120
3445
2496
1980
4979
2772
1612
8042
2798
960
7764
4837
5139
4795
2236
4298
1049
5312
2876
951
1739
5161
7316
750
1104
3819
5693
2688
6207
1042
1008
6368
4490
3408
2993
746
2942
5834
4024
3832
743
2383
3431
963
647
3402
893
2318
1030
2227
8638
2605
4967
5772
7186
526
1078
4188
875
3452
4520
2458
1018
4735
968
2686
4941
998
4263
1791
2976
4247
5313
761
2594
3194
7379
2654
7208
4532
8576
3258
7753
965
1624
6232
5304
3655
2457
6530
6093
5891
5198
7110
4996
4102
1046
2621
973
5418
1608
2354
1636
2534
7234
2155
3438
1863
8522
725
1037
4401
4861
1006
922
2404
748
1152
3444
1084
4981
531
2545
1783
1437
2988
3753
2090
1525
2428
8961
2473
2699
726
7011
5384
2690
4366
2385
3596
793
3543
6283
2730
8808
1581
762
786
3632
1690
1021
969
5193
2500
4833
2572
719
5291
2310
6039
7091
2289
759
1040
6234
2342
1788
1631
3238
7036
2770
2173
962
4584
2009
2440
833
1715
4378
6885
8420
6286
1060
2107
964
3766
6536
2241
3268
1288
3113
1177
2527
779
2787
2751
2188
3307
2677
4686
8131
3831
2800
5588
5611
443
1120
1733
2832
695
7438
2938
835
1193
2015
1032
3584
1004
2402
1586
747
1488
3388
8781
1652
6678
4835
7627
6985
4956
8574
2077
3668
8903
2021
2521
2642
575
3428
839
266
5415
7093
788
8722
2407
1147
2937
1017
5960
7888
4903
4914
6225
3575
1753
1125
1087
880
6826
2659
4678
5202
2788
2897
1771
2478
2294
2396
3207
7809
3051
8589
1518
3010
7620
2254
6630
4251
2186
2370
8459
7748
1735
555
4347
4722
1036
1056
5167
769
5570
7738
8654
516
2189
840
3970
2815
1839
753
2624
1382
1688
3427
934
6862
1495
2392
2989
5377
5854
2689
3743
2214
8157
8462
4649
8268
3292
2287
1047
836
7067
1767
1807
5065
1752
6671
4043
4801
961
6314
1643
4968
2048
7394
872
474
2664
2088
5923
8920
6148
2493
2485
1711
3188
3142
4600
6450
5341
3916
603
2463
535
1472
4895
1873
828
2764
2301
1727
605
113
3357
4658
2905
1161
2014
765
1991
129
6953
2399
870
5218
2812
2610
3269
4844
105
2146
5271
1582
5242
832
1380
1425
8191
3281
3125
994
2925
5745
1500
5899
2300
1498
1801
4925
2365
3155
1005
1526
4060
1429
312
1692
1804
5182
2824
1019
3041
2535
2433
1282
8332
2046
1123
2570
912
2197
2681
1976
764
4447
4326
1061
3692
3682
2102
3343
3891
2398
4171
1816
742
1012
2367
3387
900
1809
4033
4207
2526
1422
4577
6333
1928
1858
2786
2616
2232
3880
902
2134
939
2704
1384
942
5121
337
2082
3522
4885
2130
687
78
842
5471
1681
6426
3377
1092
7095
6840
1903
6559
528
2962
1504
5965
1111
3368
3118
2100
3506
3598
4019
705
3696
1016
4920
213
1672
1034
1762
1153
1760
2467
785
720
218
1020
35
2460
2245
976
1073
2187
2368
2835
5803
5604
3680
2709
1660
802
1014
728
1442
4151
3568
4343
200
3623
4522
4496
3905
4453
3961
4037
4073
4458
4276
4299
4527
757
1066
4306
3308
1348
937
1023
2836
2389
2425
1844
