item_recommendation
25737
7872
8327
7541
775
7697
8183
8117
8093
8571
8290
8225
1513
8447
1003
7613
8403
731
2668
5515
7669
1515
8360
1507
7560
7437
8772
6154
7914
5742
980
5662
8596
2912
5159
6073
8499
6260
5186
6902
741
7728
7878
5715
976
8636
5768
7782
8207
5853
5288
5675
9012
984
8591
5765
1762
5723
1739
8899
745
4550
401
6091
5008
8033
6178
1317
8154
724
8580
968
1123
2769
2183
6970
986
1760
750
6121
7649
1153
8743
626
5312
1777
5282
733
2347
2686
2832
8998
5323
2186
2937
4740
8003
735
5410
5597
4440
2982
5275
1084
1870
1523
8410
8720
893
793
5666
5655
2836
2342
7478
2993
2798
4731
8777
8376
8136
5729
1812
6751
1831
2688
960
3875
746
1046
1688
6493
5177
5710
2428
4076
5689
5198
7171
1006
2651
5264
1104
1037
6355
8699
6835
743
6918
5752
869
1021
2513
2741
864
5038
5732
6513
3489
1014
2546
8629
1819
2548
1501
7245
5254
5363
2534
3334
1750
7636
4241
6579
5398
3936
7260
725
5443
2300
4153
858
1053
816
8420
947
6047
2696
833
5808
5466
7254
2353
6103
6547
1040
7831
2120
1660
7938
8848
1690
6408
1057
5672
5839
937
2605
5968
915
6760
1078
2983
2582
8943
5365
1026
964
4795
8253
2956
998
990
3851
2134
5936
1822
1020
5139
1873
8070
6404
7771
4649
4727
1192
2460
1744
719
1624
4366
6436
7802
8607
969
8142
6718
3500
973
769
1147
6684
4967
1508
6676
5572
748
8768
1030
4976
2801
6035
875
2764
8807
5699
5641
1580
5815
3408
8522
8524
2976
3284
8859
1288
6294
5795
3051
3238
8147
2385
5055
5735
7078
7204
2227
6803
5285
3584
6232
4420
2835
4312
6963
8542
720
2473
4016
6422
7346
3758
1042
938
526
6498
2892
8882
3611
5625
4450
2184
6645
4477
6800
5684
865
4878
951
6464
7198
5170
5462
7419
5400
8275
6706
7822
5696
6341
1059
6375
7919
5243
4980
8838
5940
6896
6331
2772
7357
8366
5836
5685
5034
3497
4300
6887
4929
5670
4104
7235
7309
5003
3654
8921
5056
5401
8672
3957
5826
5847
8828
6754
5746
6105
7063
6060
6432
8371
8197
3499
8949
8123
5577
6732
8610
6584
7947
8582
7702
6851
7017
6852
8785
7153
8872
2640
3491
4889
4677
4832
6342
8130
2118
7407
5700
5690
3825
5796
5517
5678
5373
5680
7791
5686
5002
5001
5004
5667
4994
8966
5736
8985
8158
1617
8640
6286
8372
8423
8955
2761
4834
8835
4765
8138
4941
2416
879
7012
785
4999
4428
2654
3241
6768
961
5834
963
4600
2481
3096
6225
4584
5693
4263
5291
8661
3495
4105
2383
885
1816
1909
5085
2440
695
6533
6678
2935
6774
718
2687
4821
6470
5418
6985
7234
101
1497
6827
1696
798
7293
1004
6296
4923
1047
5053
3889
2441
1636
934
3235
6530
1008
3819
2802
4095
2815
105
965
3359
828
2496
1012
4316
5772
1715
1017
6314
3324
5203
535
4532
888
1907
531
2521
3377
1805
4437
3656
5504
3173
1852
8042
129
4996
3759
4984
4680
2090
5419
2786
8638
5161
3194
1721
1581
1980
218
4981
1771
8879
3081
2730
3753
5218
5167
2774
3816
1525
5193
4979
2487
4490
1035
742
1472
5135
3188
2399
2485
1876
8451
4043
3307
4833
3232
1608
4801
2188
1518
7764
6368
1629
1367
5498
8235
2159
1187
4298
205
3608
2009
5518
1010
7208
5611
3211
1562
2572
8477
8056
5553
2659
2427
4380
1783
870
4903
6671
1860
726
647
3093
1788
1500
6509
2046
3445
2837
3417
2966
1951
747
1834
2766
3140
4963
266
1005
1056
786
3150
4809
3125
1032
1363
1537
2520
8961
2382
5891
2770
892
1060
5888
2938
8387
4735
7888
474
5458
2866
3452
8462
912
788
8665
113
802
8261
3751
3388
3292
1007
6211
4638
2689
753
1173
327
4326
3368
2504
4911
999
7272
955
5413
2780
4718
2155
1529
8761
3880
4577
3402
2288
5356
4246
1063
2600
2829
1759
4736
4873
189
1997
2146
7502
3068
3005
161
3134
3147
1226
1233
2922
167
918
3042
1504
2789
1186
1204
3177
306
2633
2699
2596
5440
704
2364
2403
1388
2215
2393
99
2715
2285
510
1616
2074
1080
6093
4945
4401
1959
1767
6450
1092
2325
5375
516
1125
4925
981
5214
48
5304
1089
162
567
1429
141
6195
5832
2981
872
1841
1225
2363
762
8589
3155
1730
2236
659
2370
3604
2494
2570
5980
2878
4830
1018
8722
2478
8865
507
1184
3006
4079
6728
6630
1218
2858
5313
8684
931
5352
8576
7881
2465
8920
3587
6826
5787
4462
419
2843
1735
1631
685
988
6062
1152
5556
1437
2327
3456
6025
1394
2415
348
2429
3575
886
47
1752
1862
7786
2634
656
880
3959
1972
3071
1961
1689
1346
1085
4678
2975
5777
4920
2827
6207
5649
3343
3891
278
1061
3692
2102
3682
2189
8781
2669
2876
6730
2573
4686
2202
3702
4349
3649
2078
1111
1132
95
900
1517
1582
213
547
1095
8977
953
2407
2647
5960
3522
4432
2898
1019
7091
1286
6593
5745
2318
2493
5182
2500
8808
4404
832
1487
970
5650
2043
4782
5404
7186
7394
313
2365
4262
945
4861
6383
6037
2231
1929
4273
6234
8633
2197
4447
1807
4247
2438
2284
5241
4284
2946
7379
2351
2691
3668
1196
2925
7619
766
2439
4645
8709
1301
6395
232
2990
950
2987
4691
7753
1627
7282
3487
4414
5489
2482
4960
2354
3766
1966
3831
2107
3086
2755
2753
765
1036
1526
5784
5269
4101
8157
291
8167
2178
2986
2793
9001
6612
1733
2567
4251
1753
7894
8903
337
2039
3338
1130
131
4130
2339
8332
2690
4696
1145
5909
2594
8121
3357
4337
4658
8910
1428
3916
2799
1549
2344
5825
8654
285
954
5134
6365
4171
5470
1755
485
2660
5377
6932
8840
8833
7587
7944
4639
3928
3263
3707
3924
7698
7445
