item_recommendation
25737
8571
7872
8093
8447
8327
7697
8385
8360
7541
8117
7560
7636
7613
8253
8070
8420
8522
7437
8056
7407
8225
8751
7914
7669
7738
8033
7802
7394
8477
8008
8290
8154
7649
7782
8661
8961
7234
7186
8670
7263
6365
8654
7938
7976
7478
8235
8819
8167
5159
980
6636
6728
8684
7753
6658
5909
8709
7728
8665
7932
9018
8003
8745
8859
8403
6609
6920
960
6826
7705
6676
6748
8998
3869
8899
5296
6091
6559
8743
8879
8207
2659
6850
4121
8183
7121
6892
5017
8410
6669
8187
7817
7786
6918
7481
4941
4920
8596
8511
6832
4821
2062
7204
7130
5264
3232
6498
8499
6739
7299
3368
5611
8453
953
5723
6521
6143
5164
3668
7502
232
6579
8604
8589
966
6390
7195
3127
7831
3188
6535
4437
5473
4936
8761
955
8507
4171
8482
6650
6970
6355
6568
129
7881
8491
7748
6550
8979
5117
2374
7444
6254
9004
4584
6624
6612
8376
8136
7099
4577
1046
3875
6981
8700
2647
5012
3281
4782
3324
6195
659
8810
6630
4873
7840
7293
8984
7789
6856
7878
6791
1024
4391
6690
8854
7107
6562
6932
6927
266
8462
695
3816
6999
7990
4366
7439
4432
7944
8840
7698
3417
7587
4639
7445
3924
3928
8833
3263
3707
2268
8362
2660
48
6591
7022
4923
7171
5815
6314
7038
6207
7619
2860
8650
7034
8633
7222
8827
1437
6743
45
7126
6703
1003
7380
4550
3251
6977
189
7415
6582
6863
5947
7827
4886
9001
8642
8857
8575
4079
840
6367
7272
3804
5926
6643
7792
5839
6721
8039
5558
6957
5952
7311
5936
4731
6077
7090
2212
6178
3632
8191
7135
3307
4251
7487
472
1744
7189
7577
5597
6565
4404
7089
8614
8772
647
3882
5810
8977
8914
7888
969
7245
5458
8689
7809
6662
427
6242
745
5857
5832
6880
526
5729
3693
321
6762
5693
6811
7484
1590
2617
3996
3845
8451
6000
3351
3997
3714
4417
5801
6751
6348
8044
3492
8009
7584
1824
7228
5433
970
984
5329
4761
6318
7845
7044
4020
6641
6415
4292
8526
6370
4811
8950
4692
2941
8948
8908
5900
6724
3420
3752
7818
8131
7897
7566
5489
3235
263
8261
4162
6154
5378
7820
3795
6400
6684
4135
5449
3028
2897
3587
3457
7771
4605
3256
2394
6502
6116
407
4885
7759
4414
3207
6760
5033
1472
5968
8927
2935
2981
8920
4849
8169
7894
6552
8695
5980
3176
100
6440
5850
1288
7995
957
6114
4153
8530
6536
7096
2415
6777
4895
2622
7282
4846
8781
1187
7211
5585
8864
5873
2340
6276
4168
6840
285
2799
2418
4738
7160
8583
6803
8625
6744
7250
492
5965
8848
6695
5825
1352
1562
733
656
1523
8404
6628
731
6383
4801
7347
76
994
6339
7826
6877
5923
7743
6966
5619
1907
5134
6148
1767
6223
2366
8943
5210
522
7720
1476
775
7316
5971
5888
7208
4081
4076
4686
4809
2780
4927
2516
8574
3560
4188
5165
5291
954
8910
3157
2900
8903
3034
1060
724
7624
1676
6985
4394
5193
1844
5809
1513
6395
1771
858
3377
5226
3702
6944
7456
7016
720
8629
4658
3163
4427
8730
1225
6123
5834
5080
2478
8643
3553
5008
5515
101
6493
3213
8607
4987
7180
2531
8268
6132
626
7381
5410
1810
6964
2772
912
485
5581
3964
5530
5365
5440
3920
3394
4666
2300
6798
2038
1021
1438
7352
4552
4359
205
8484
144
4033
5025
3218
4706
328
6404
1006
2367
844
6322
6021
2982
7055
951
6942
4114
7078
2173
3113
6816
2583
5127
3508
6298
3895
8228
7051
725
1342
4086
2961
2288
2496
3456
5021
3540
1145
2581
8675
3871
7142
8699
7979
2409
6757
6686
4830
1816
5715
7492
8783
8777
881
8807
5125
7020
3217
4262
4844
1281
3604
4925
2404
1812
8616
7841
1517
6140
6027
8790
1295
6659
31
3428
5882
1125
6993
3160
7757
965
2331
976
7056
8016
6885
1569
196
7101
8892
986
4901
4194
7762
6530
2442
5588
3970
1507
5168
6203
5046
5940
535
2959
6718
5662
2347
4911
8866
8600
935
964
8620
1057
5765
3515
4332
5699
711
5833
8266
4984
4108
2621
6056
7340
1209
1154
3503
6731
6243
8727
5600
1696
7136
1531
2775
6531
4368
7192
8915
8813
6378
4848
3038
4090
3266
4688
7812
8057
7150
3467
8636
6446
7892
5568
1624
5534
8542
8254
888
6862
5146
6260
218
7305
8870
4765
3698
7458
6294
5470
7325
8524
7936
5917
1408
288
7627
2517
8014
6995
7161
4369
6722
3250
498
4491
1019
140
7585
6974
4555
1047
8157
2436
4736
4039
5603
2344
93
5569
3819
2236
8871
8531
3584
741
7254
2704
4840
2433
5009
904
6183
2605
4592
6516
880
3622
1380
2769
4066
2824
5618
8147
1848
1581
990
4229
7050
3210
9010
524
2227
6879
4740
6547
5808
3799
5139
2241
6375
7177
2004
8132
7355
3093
861
1135
7115
6230
8617
1429
4181
2144
5521
870
5609
2859
6940
8336
4375
5942
872
3978
5304
6186
6283
6162
8239
915
7011
6513
6121
3951
6953
6615
1794
3534
4
6735
6185
6617
7706
7843
7844
981
6785
5872
4002
274
5812
8580
6869
3660
1020
4200
6464
2371
6003
3608
3033
4420
1336
6426
3370
7212
5625
4228
5819
3074
3854
1013
5734
996
7713
300
961
2688
2073
380
3913
8609
8341
4795
4638
8142
6073
3981
2346
8797
154
5772
2686
2687
678
4632
1246
5141
4756
7958
5
6711
2594
1515
2318
8194
7583
83
2154
1012
3310
2668
3504
8366
3646
1804
7206
1535
2458
7766
5387
1397
6858
1870
2335
15
390
4389
3194
523
126
1317
6234
4876
1639
4914
5478
6902
7147
1212
5151
1120
7379
3885
8640
8725
561
188
3268
6436
998
1923
5186
3489
2078
5742
5475
2370
2368
3347
7343
1419
4482
5641
885
6982
7357
1029
1525
1799
3379
5101
5605
1236
6503
6896
5198
5752
2401
5527
3675
5477
4945
1193
5303
6954
8576
