item_recommendation
25737
7872
8571
7541
8327
8093
8117
7697
8447
8360
7613
8183
7914
8225
7560
7669
8290
7437
980
8253
7782
8207
8033
8420
8522
8403
8070
5159
1003
7636
775
5515
8154
8743
8899
7649
7478
7802
6970
5765
7938
8661
8859
7728
8596
4911
5723
1513
6154
731
984
6091
1515
4550
8003
2659
8056
8499
6073
8772
6178
7234
8477
6579
5264
5008
4941
960
5742
3235
745
7407
1523
3232
4821
8385
8879
8998
8376
8136
626
3368
4731
3875
3377
6355
5410
8961
8410
5662
8761
1744
3324
6918
2300
733
5729
401
5312
1507
986
5597
5186
6728
1777
4437
1812
8235
6365
5909
4366
976
7878
1006
969
4740
7186
1288
4076
5198
2937
6260
8777
695
8636
8709
6902
3487
4809
1907
7245
8684
5715
1053
7753
3188
5772
3816
2769
8261
5288
951
4873
724
8665
1437
1046
3534
1767
1870
6195
858
5689
6513
2780
647
5768
5853
1317
5177
4589
266
5675
6186
8591
6826
9012
1562
2647
2605
8580
8654
4584
741
8699
1187
1739
6493
7881
964
4054
5040
4923
4577
7831
3417
915
4638
6751
7738
2686
3489
2935
5611
7786
6630
2982
8589
2496
4262
8633
2668
5254
5038
659
2062
885
4079
5139
5666
48
129
101
6314
8920
1624
535
7293
6211
2772
955
3587
4782
4801
5834
1816
990
1580
5839
2688
4795
1831
3334
8462
1021
8187
4153
4600
6760
7809
5936
7204
8848
3608
6395
4432
8819
4251
6835
5398
7260
3307
4241
3936
7394
6609
8451
285
1059
1771
3819
7888
3359
8977
6408
5365
880
4440
798
3292
526
7619
735
3668
4171
8910
7282
8167
6612
3702
2227
725
7263
7932
888
3093
6676
5815
2798
1472
5980
656
3238
1012
2288
5808
6932
3127
2660
5655
4404
9001
3408
5443
4862
6559
8670
5787
4649
8840
7587
7445
3924
4639
3707
7698
3928
7944
3263
8833
7272
6404
5968
970
2912
6390
8943
998
3210
5282
4246
8722
1060
4658
5825
8629
5134
953
5117
3081
6318
2687
869
2546
2347
2374
45
1020
2793
886
189
5556
3028
4139
7038
7254
7171
4427
8607
6985
3281
6636
1004
2186
8642
8720
8689
2415
1057
7894
6294
4316
3428
1125
8604
8807
6121
3604
1017
2617
3869
8903
6077
2696
2956
5275
3251
6547
3584
2427
205
2981
6774
2478
2407
2548
3051
4761
1834
870
947
965
2120
5641
9004
1024
232
7789
1145
4984
4936
7976
1819
5033
7771
8142
2761
5269
5784
2513
3795
2440
5693
3889
1026
1508
3632
6498
2159
2799
1980
1225
6803
1581
7502
4162
144
1721
4920
4765
15
5296
893
5699
5413
7078
3384
7299
5752
6684
6658
3456
7577
4830
2976
1042
2236
981
5193
718
8524
5323
2966
2775
4727
1876
5470
2801
8542
485
4420
1040
3194
7995
864
1047
8268
840
3805
8008
4895
875
2183
5710
1030
1788
961
8147
8914
3882
6207
1844
881
4383
4016
1690
5795
3218
2983
2582
5810
5352
2385
8927
4349
1476
5055
6436
962
7126
2832
2212
872
3996
1852
2441
4976
2473
5291
1750
6375
6744
1367
7705
5489
6718
3714
6047
4284
5053
2340
5585
1696
7208
938
4945
4263
4414
5672
1111
1783
3113
3758
3387
472
4273
9018
8882
1147
8751
988
1517
8675
5440
5473
2786
8387
1192
4088
4861
2173
8228
746
2418
1104
2342
966
2318
1429
5449
5940
5161
6331
748
7492
7720
5732
6509
5625
7757
1608
5466
2699
3213
1132
498
1631
4878
5363
968
5735
492
994
3284
912
5588
8864
7228
218
1715
3522
6706
2078
2741
7979
8453
3575
8275
6383
3759
1209
4188
7919
6422
8768
2534
5400
3086
6341
4680
6800
8482
4696
3256
2344
3500
7583
4450
4312
6035
3649
6243
8620
750
6279
5836
2154
8865
720
5684
3611
5182
7316
3351
7419
6530
7792
2570
4391
1301
6850
2009
1582
3851
2651
3430
2792
5604
5285
8157
5462
7764
1479
2730
7121
5170
3150
6832
3207
5226
6446
963
844
263
6896
6225
7346
6103
1135
1394
3125
6568
6464
4718
8838
1330
2897
8835
7444
2118
2621
6584
5114
6963
7198
8640
6768
2521
7357
6887
2383
4987
5926
3354
4228
4401
1037
5952
7822
8239
5696
4380
4844
2439
5572
6624
5498
5791
3656
2689
3173
4033
2961
7235
7309
4929
8366
274
743
4477
816
5577
1518
5678
5034
5003
5001
7947
5680
8828
5056
5686
5667
5685
5670
8921
7791
5401
2184
6645
6148
5517
5373
6748
865
802
8949
8672
4300
3497
6550
327
8123
2442
5004
4632
1525
719
4980
4511
7153
4104
6432
4677
7702
6851
7063
6732
8197
4889
6060
5746
5736
6852
3957
6105
6754
5700
5002
5826
2640
6342
3654
8955
8966
1617
8121
4832
5690
3499
3825
3491
8371
8610
7012
2458
2433
7017
5847
4994
5796
6470
8582
8785
8872
1438
8372
8158
8423
8130
8985
4095
4834
1636
2829
8039
4833
4999
2494
3388
3434
8138
957
3908
93
1352
6521
5202
5203
2504
785
113
6885
2572
2399
2581
6114
3241
2155
2082
4375
8484
2090
1161
2815
4428
7107
861
6140
6286
3096
8781
5243
5017
8392
6533
5165
1951
474
2622
1363
5433
5888
973
2892
1810
4290
3211
4462
937
714
8042
2394
4963
1032
6051
6473
5777
1078
5085
6116
3199
8169
4417
1196
4736
3157
6143
2331
9010
1959
2835
7096
2516
6296
5530
4901
1013
6678
742
7115
3751
3863
6827
1997
1358
4105
1008
8609
8388
8336
793
2827
7340
934
2038
2404
1676
2465
5707
1281
5210
6440
4121
954
2366
7990
1688
3160
4161
2241
7487
4045
5179
3140
7101
3540
7180
4846
4748
2146
1076
2766
5850
2633
5504
828
5518
3693
196
2866
5846
8638
8576
2533
8799
3880
4967
2770
4024
3445
8612
7155
3615
5840
3479
6566
4238
8525
3639
2434
3344
8133
8712
3761
8831
5122
5097
7748
4686
4191
213
4532
3495
4645
7099
5832
4101
4326
2352
