item_recommendation
25737
8571
7872
8327
7541
7697
6386
4126
8117
8093
3028
8253
8360
8447
6723
5218
7802
7914
6249
8420
8225
7437
8033
7669
7560
8207
8385
8522
6920
7636
7478
8056
7613
8070
8477
8183
7782
6365
7407
7649
680
6826
6178
6658
8743
7932
5980
6636
7234
6559
7228
8235
980
1003
7738
5159
9018
5723
4366
8261
6195
8003
6957
7577
2659
6970
8154
8859
5385
7976
8290
5909
4121
5193
7245
8403
4941
6579
5765
8998
7728
8961
7034
8661
7038
5825
7938
3232
6314
5433
7263
6211
7881
6140
6355
7995
4873
6154
8751
8684
7186
6918
8167
6516
6850
7394
6892
5597
6395
1437
7786
8772
4911
6091
8604
3587
7809
6650
8879
6132
6927
2062
8008
7299
8187
4920
8589
3816
5729
8914
8709
5772
3417
6073
3668
3281
8462
8899
8376
7492
5556
4731
6493
6143
7282
8629
8136
8665
4936
8819
8596
8039
3875
7444
3804
5117
6615
4821
7130
3127
8451
5012
6728
8654
7705
4437
8903
3235
5689
8675
5515
7121
4171
5269
5784
6440
6609
3324
1907
3188
8121
8482
7831
6612
3368
4577
6568
7272
7481
6630
4550
5033
7502
7897
5329
5413
8670
6021
8511
7753
4782
960
5470
7293
8979
7055
8642
4638
2647
8499
129
3213
7944
7698
7445
3263
6932
4639
8833
7587
3924
3707
8840
3928
5264
8689
2660
6535
4923
7840
7204
6484
8848
5398
7748
6718
6242
1870
1531
8607
9004
4761
6748
2617
6690
8157
4079
2676
5655
659
3869
5473
6902
8695
5134
984
5410
4251
8827
6739
5810
6077
6760
9001
647
8810
6676
4552
8491
5038
6498
7016
8722
5742
5791
5707
7619
4945
5628
8410
4088
7250
4605
3819
3882
5312
6383
6624
8943
4600
4153
6390
4404
4246
3434
7888
6000
626
6446
2686
7979
1523
5611
3307
2231
4515
6279
8700
695
4226
5489
5177
6981
3795
5080
6114
7160
3251
4391
5662
492
4748
5850
3334
7126
5164
3714
775
6207
8616
6550
4885
5734
6806
955
5182
5782
1788
7040
8453
5440
6695
2374
8777
4709
4417
3377
8524
7260
5666
3936
6724
7792
5151
5815
2516
2300
1744
8336
189
7826
7101
4584
7484
7487
7789
5179
6162
6121
4686
6408
8636
6721
953
8625
5254
4241
5021
8807
6743
6884
5952
6231
1076
1844
3256
6744
7171
7189
4809
1507
7743
3799
4194
858
4895
1472
4506
5538
2418
5139
3879
5581
5808
2622
5703
7817
4167
2581
3702
8797
7934
6961
7340
731
685
7894
7771
6832
7762
656
5787
1562
4801
966
6669
5449
6502
3428
7177
76
7025
7892
6525
6686
4420
7348
1769
8745
5101
3483
5834
5315
5108
6757
5210
3420
6521
3646
5017
5198
1771
3845
8761
3686
2394
3653
4432
8484
8977
6840
6985
5718
526
1476
232
7195
6751
5926
5404
8014
3157
6786
6807
2594
8892
4925
8273
3207
4162
4960
1479
3163
5296
5046
3474
2478
7878
5777
6037
7192
3218
8795
7439
6509
954
6148
7211
1046
6051
733
3060
8544
5699
3780
1816
8984
1529
6047
1404
6482
5558
4840
5291
6426
3066
7180
3456
3643
1060
5202
7136
5498
4310
4865
3515
300
2621
3467
3266
6378
4688
4848
8057
3038
7812
7150
8813
4090
8915
2897
5548
8600
3238
5443
3370
7458
5187
6562
3351
8866
6595
5585
5352
8254
745
8574
8194
1120
7139
6643
1408
970
1702
5114
3034
2379
6620
6678
6476
7135
4200
8920
5165
3394
5544
753
2699
7456
266
7585
6906
951
2340
8617
4369
6400
1320
8531
4086
4033
7073
2144
1624
8854
6591
6877
6816
2982
45
1145
8542
4878
4081
5947
4954
6300
6547
4818
8132
5224
5008
1212
870
2704
3292
6473
7899
8871
4491
3693
7815
2331
4440
4039
5588
6022
1834
4846
6513
7766
5633
4570
5600
3698
1804
263
976
1513
4002
5417
5968
4475
6183
965
8957
3404
8970
8528
6332
5111
3618
4932
5366
4716
4745
5682
6323
3695
8196
3992
5694
4975
3476
3679
3664
5705
4175
921
920
919
6936
3943
8611
8853
3661
2697
4749
8584
3897
5792
5450
4465
3835
5057
4381
7117
5299
2106
5066
7199
1610
5231
8363
5255
3771
4767
4403
5283
3788
4018
5995
5994
3326
4459
6387
5300
6793
6250
5505
5841
6238
5843
4140
7083
5506
5846
4464
3673
6468
6228
5428
3546
4411
4815
3677
4592
2828
101
6032
7343
5161
4765
2883
6101
3425
3264
3564
5839
4178
3276
1132
981
5603
582
964
6031
7172
4964
3552
3398
1268
5458
5747
2082
410
48
1225
3330
424
4876
6254
3489
6684
1429
321
8768
3125
8718
2981
1444
3981
6062
3786
2772
2288
6940
2631
2832
401
986
8404
1438
5923
3584
2306
4619
6155
5010
4989
7142
4970
1053
6703
2560
3380
4703
593
4135
100
2799
5936
1021
3250
7022
5752
7334
3608
2004
2900
8580
4498
4971
3964
8633
2912
6237
2311
2176
1209
4921
7459
1367
4666
2221
2961
6273
6367
7095
8864
4389
2696
2448
4414
6942
2415
1535
6182
196
1711
8730
990
7627
2618
8239
5075
7254
5553
1466
5715
7089
8622
7222
5294
2860
7123
6896
8614
6530
1517
7415
4148
4076
2780
6856
4652
2318
2366
6260
1135
6416
5146
2668
4893
1919
6243
4482
2073
4706
4849
1211
1590
845
218
8191
6954
8923
8650
4278
7926
1831
935
7566
5625
7757
6803
1020
259
720
1013
4326
5693
828
1336
5888
2708
3401
7366
3999
3173
1668
7453
6223
4098
5288
2779
2159
6294
3978
6798
3140
7115
4355
1580
7787
552
1330
1024
2826
2688
793
2486
2368
480
485
5069
5819
3129
824
37
5619
6879
3000
3632
5081
387
188
5768
8591
5675
5853
6950
7258
7005
4051
2745
7569
6429
6731
5832
2371
6582
1040
1342
285
3247
2236
2577
183
5128
5348
3860
5712
6706
6641
6772
7020
5009
2500
4927
3927
3660
5186
6893
7311
7107
3868
4537
5395
5372
2436
205
3773
1288
6999
93
4947
7951
5965
1812
