item_recommendation
25737
8093
8571
7872
8117
8327
7541
8447
7613
7697
7914
8253
8360
8225
8033
980
8070
7669
7437
7560
8385
8420
8290
8522
8743
5909
8661
7186
7636
8056
7782
3368
8403
960
7753
8183
8899
8761
5264
7938
7234
7728
8235
7478
8003
8477
5159
7802
2659
8709
6365
8207
8961
8859
285
8154
695
5008
3232
5117
1003
3377
969
8670
6826
4821
6728
8167
984
7649
8684
8879
6918
8665
7738
48
1907
8654
8589
8819
6609
2288
7407
4417
4414
535
951
6579
45
266
647
8008
775
7705
2780
4427
2374
976
526
101
8499
8482
4809
3324
6970
7786
4550
2745
4577
5611
5723
7293
1352
7619
4437
7976
3816
7394
6630
8376
8136
1288
1187
5296
1024
731
733
3235
6748
8998
4941
6559
263
5033
8689
1513
8920
745
129
4251
3188
4984
8910
3869
858
1767
4761
6314
4740
3632
4432
2062
8462
4782
3113
8596
8507
4076
1006
6116
964
2154
3875
2300
8187
8633
4801
724
6243
7263
1844
4873
1870
7311
4079
5515
4846
3819
5968
4262
15
3199
986
5597
7881
7817
6091
725
6612
6624
6318
5971
6591
8772
888
965
3238
6521
1046
7282
7299
6550
189
6390
4923
1812
6885
4638
6535
8777
232
8410
321
741
7888
955
1336
5926
7272
659
8984
953
6892
4731
6207
840
5839
3281
3854
6798
1012
6355
4795
4171
472
3157
5198
5312
4404
1367
2407
5226
5164
7577
31
6568
2605
4255
8977
7748
3882
1523
2212
970
1515
1437
8827
3799
880
1053
7502
8642
3307
2660
6178
8268
5080
5952
3028
8833
3263
4639
7698
3707
3924
8840
7587
6932
3928
3417
7944
7445
6021
4830
6195
7380
2478
7245
7107
3127
3428
2340
4911
4366
6791
4584
990
2937
1047
4391
7038
8781
4895
9001
7757
1744
485
8848
7204
4987
7789
5801
3668
4066
7831
1771
6000
7096
4842
3387
5980
2769
7792
5888
9004
2688
6077
1507
8121
1624
8239
5186
6143
8039
6493
5365
7126
6744
3845
4228
5936
218
8807
8453
2982
2799
5641
3646
2935
1438
5765
7316
4658
626
6862
5810
8574
6774
656
3795
4188
4696
1330
5329
522
274
1004
4316
5017
2418
3093
7415
1562
3218
3584
3176
7818
2617
8580
3714
2772
1021
4162
6348
1125
3702
966
6832
6260
6242
8864
3871
5410
9018
5834
5588
8751
7932
3649
205
5585
1777
4920
3805
2331
6298
5693
6835
4649
5899
3354
5832
4963
3456
7481
4936
7487
4765
6636
7208
6803
4914
1581
3210
4270
8699
5568
5729
1017
4844
7990
5857
2458
1042
6840
2241
5449
2798
915
962
5012
2385
100
2912
1590
6751
2496
8392
2415
4045
5000
8484
492
6536
8604
6706
5662
3804
7189
8009
7878
8914
6703
6154
6985
6977
886
6446
8614
5985
2647
5710
8854
3693
7809
7099
2347
5604
7894
3996
7160
5202
8491
9010
7583
998
912
2860
8387
8636
6731
7720
498
8044
3540
2622
5291
8261
1225
5218
1013
1531
3213
1696
4718
8511
1834
3251
3575
2433
5151
5882
2318
6103
963
981
2078
2173
1020
6480
3194
4292
6762
8526
6415
7044
6641
8950
6370
8948
4020
5558
2941
3997
7584
8908
5900
7845
1824
4692
4811
3492
6739
6400
7211
2038
5745
735
2775
7566
5165
93
4945
5768
5110
6684
8576
6530
3608
8892
7995
2689
1517
5850
7743
1831
6850
7334
1059
2609
1636
4098
957
1060
3160
5938
8131
1209
2793
5599
4861
5473
2621
7034
996
5498
3420
3752
844
6436
7180
2427
1161
3860
2730
7958
5625
5288
4814
3489
8542
6114
4840
6254
2900
423
3604
2082
4166
2976
276
6920
454
171
6695
5605
2437
8906
961
7135
5413
2981
6509
881
5161
3394
2404
6777
2186
785
3978
5141
6547
885
5021
6880
5873
6743
4394
3256
7484
6148
8745
5787
2334
1032
3351
994
3024
5815
3889
2581
2236
8142
6225
2764
6294
1569
6902
4375
1508
4901
4903
869
6234
8675
1132
4161
4401
4016
2227
5864
499
3587
8492
2897
8194
5210
8600
4135
6658
5378
1393
7759
4511
3534
6132
2473
954
802
6676
4603
8795
6957
5139
7919
5772
7492
2394
8609
7228
4605
678
6031
5275
2344
6724
6718
407
7771
6121
4246
6073
892
2409
1057
1525
5742
5055
4680
2950
5853
6966
2009
6290
7315
3465
5356
3152
3207
6760
8865
8607
8331
4101
7764
8927
5375
3086
1173
3313
380
5243
7979
6858
5
2932
1087
3863
2366
6047
2829
8388
6513
5530
8638
1839
6502
7004
207
140
4263
2442
328
5812
5799
870
3947
268
4552
154
1690
5825
4033
3274
275
3359
4153
1472
1819
5203
8718
3759
8583
4568
1131
3560
3880
5053
7171
6562
527
8404
4632
1980
5241
1358
4691
8650
7564
4885
4265
3430
6927
1030
4876
3758
848
6440
1836
5527
5489
3296
461
8591
6827
2687
4095
5607
5440
8228
3479
8620
3615
6566
3344
8612
8169
8712
8831
7155
2434
3639
8133
5840
5097
8525
4238
3761
8799
5122
3522
5282
516
5075
4721
5715
6104
4024
2654
5752
3709
6140
2155
3402
8768
5071
6186
4980
4976
2396
5809
5927
2998
5675
9012
76
5735
743
5443
8903
2548
4086
2506
872
3431
6286
5346
5153
6686
6383
288
720
4397
1394
746
196
8979
1816
2533
1556
5521
3357
4506
753
931
2752
4355
947
2959
5333
1810
2801
1612
6279
5323
7121
4967
5569
6662
3388
2148
3438
8943
5945
938
3034
1455
8524
1715
4296
4736
7897
5372
3268
2436
6981
144
6408
1676
1580
879
4121
2346
2651
5168
6678
4312
8273
2792
5699
6498
5470
6084
4002
2639
1822
2248
7069
2183
8695
5581
1040
7011
5254
4177
244
6327
5199
4643
3262
3159
3892
4888
3784
929
6331
2568
2880
5177
6963
3983
5038
4220
1019
5955
5562
1342
6433
7456
34
1752
7254
2439
7089
2497
5666
474
1009
8629
3655
2796
5134
1026
8857
1702
3751
5352
8530
714
