item_recommendation
25737
1120
401
7872
8327
7697
8571
1562
7541
8360
1535
647
7613
3232
1145
1711
2745
7914
8117
8253
1783
1111
1552
2243
8447
7437
8225
2779
3133
1073
2445
1404
1891
8033
1425
1523
405
1437
2605
7560
7802
7669
8056
1816
1788
7782
2236
1076
5597
678
2231
3150
5489
6073
1320
1310
8420
8093
5410
140
183
5159
798
2935
793
1549
1472
1767
1196
8183
2200
1726
387
1931
1771
463
121
1880
158
828
885
2159
324
129
4830
2219
659
6579
4166
714
2327
5515
673
1707
2681
8684
4246
1513
4296
3152
2227
1652
1819
5765
1744
7636
7976
6850
1777
4600
2128
561
5264
1453
5033
7738
3086
6493
8522
7407
1123
1900
2832
4696
1779
1161
342
5177
8235
1317
1791
7649
2565
2504
8743
144
1274
2615
891
1441
6091
2282
407
491
178
1099
6365
635
5198
775
414
5433
5980
2686
1631
2031
338
60
2741
341
466
8385
1605
4316
854
299
1739
272
3019
656
22
137
4658
519
3324
6918
4920
804
1971
2462
685
1592
57
1325
1554
1957
1126
458
2919
1180
2012
1366
2016
1461
2671
2918
2244
2921
1237
1238
852
3166
1304
2889
2920
1347
3053
3063
3069
3070
1542
928
1861
1415
2916
2206
1356
2810
502
216
117
1984
471
290
3148
514
2297
8070
2967
2734
4262
2594
1392
194
8477
213
6056
7938
848
2002
3354
2917
7228
9018
420
1168
2117
484
483
1532
1373
2275
5395
3021
135
4577
222
151
3238
858
8290
1256
5498
7130
1907
816
2761
1979
1894
980
4366
615
7932
603
2304
879
1580
8207
1840
520
592
574
1215
418
808
2011
1873
8859
2174
4584
5146
1639
7234
8403
6195
1255
1236
3168
427
3018
2877
6178
599
6658
707
4782
46
432
8154
1411
861
2203
42
488
1892
34
1171
4121
709
8167
4171
1589
186
1883
1223
1826
1353
1361
1264
1277
1954
8899
2620
4486
1969
1463
2505
1644
1194
1833
2835
287
1835
7728
1427
2786
1852
805
1889
529
1311
614
316
1721
1081
2240
7995
5288
110
184
2372
11
8661
3146
5588
289
840
2766
10
888
1692
2013
617
2478
2193
2959
3011
464
8003
1240
1717
3819
2966
3377
8511
606
8772
718
300
5864
5222
708
1658
4795
1812
4515
153
3066
5503
383
611
441
1482
1569
4084
597
377
1642
541
1419
2397
1696
2139
522
5134
3616
309
2659
68
314
3316
4709
5715
7478
8879
5069
285
480
1921
3747
2369
5952
1167
3235
18
3111
114
1131
1940
5723
1831
2204
3368
344
262
648
334
451
2613
1657
8751
7282
4543
2706
2386
6498
1479
66
303
3751
3213
872
1566
5028
1603
2427
1059
661
2237
568
3185
2530
4727
1296
1746
1932
7753
4634
4987
379
81
381
2819
1254
7263
1844
4809
8039
637
363
412
8810
1970
741
2704
849
1165
1212
6669
7619
3357
2446
7394
2794
818
2579
3072
1397
1715
1342
2
1686
1391
164
8943
132
4060
3194
2927
1206
1667
6547
4954
369
626
4821
1297
5772
215
177
809
447
6636
100
1046
3816
83
1963
515
8589
3129
426
2822
7222
4552
1588
1895
1243
1608
1077
2212
1837
650
5114
3854
76
2661
8596
4290
2379
1665
2000
4437
753
4458
4923
4612
526
927
229
4731
1184
2001
421
1414
1234
2606
145
5161
65
1363
5137
2668
1287
558
62
3474
4146
571
2067
2981
6970
5662
949
1886
2956
2856
4550
3643
170
357
3889
203
3015
1902
1938
2791
4632
2567
845
1999
2048
538
391
481
2946
1097
294
2596
366
474
4394
5427
1878
2784
1978
3207
3763
3163
1267
43
44
6676
5382
2050
1480
1449
3016
92
3660
595
255
1279
3106
5202
7121
3040
2149
2647
2843
7171
4534
5008
1839
3983
353
4748
5319
984
5899
2893
8376
8136
326
5909
459
6077
2600
6690
1934
1620
3099
3668
8499
5989
3563
2107
1242
2494
5483
48
422
331
8650
8961
1217
1575
5117
4
96
820
4774
1586
4194
7186
281
4321
7245
535
2170
82
3081
7720
1269
5568
199
4079
4636
3211
2401
4386
4524
2610
36
8261
1759
990
6832
2250
4414
125
5628
5641
1537
4051
869
4728
1914
6000
47
5302
4333
4676
4977
4662
5342
5463
4640
5637
2949
2747
5677
7786
4873
1680
6559
7748
7757
2399
238
327
1288
972
4399
4101
2495
1545
700
6322
304
1731
1794
4519
6327
2493
3798
7204
4426
2007
851
2633
6140
3024
58
296
2496
3006
496
5364
5265
5236
1410
3093
3060
1959
147
4627
1113
384
1389
2866
173
417
113
6440
1055
2130
1440
8709
3875
665
7492
6395
7826
4659
6728
279
9
77
185
1029
87
2557
4404
1431
8777
1804
1926
1983
6166
2006
3192
4614
986
283
507
994
1885
2642
248
955
619
1870
1796
6826
2499
1218
3575
1003
2080
4740
3857
4673
8616
2753
2839
4114
1181
332
390
1201
3608
6856
1388
2393
1226
1063
1233
3068
3042
161
3005
2285
2922
2364
2789
198
1997
5346
6314
1507
2467
243
3702
1555
4076
1191
5585
1275
769
8695
1977
1922
364
1525
577
1466
1809
3284
319
498
3091
227
4610
556
1053
8998
1130
4941
5888
3051
7444
6957
2375
1621
6906
3247
2310
2400
2403
2215
2074
167
99
1616
510
3147
1186
1080
918
1204
2715
3134
3177
704
4859
21
306
148
8807
6582
731
4649
4761
438
1951
966
278
2325
4169
6404
735
23
2329
320
5521
1733
4861
4911
1841
2195
3254
1730
2252
8
436
2722
373
3428
370
7042
1060
3127
1183
5942
7415
550
2820
5025
953
1225
1912
321
8607
1385
4135
6877
336
813
6154
5
7293
1564
5258
105
1684
1464
2976
95
5012
1916
1085
465
533
1422
4033
2490
1175
4318
162
