item_recommendation
25737
8571
8360
8327
1145
7872
7914
7613
7697
793
7541
401
2706
1783
8253
6073
405
4084
1120
3232
8447
778
8117
5069
647
8033
1111
1707
1562
324
8225
463
5989
4515
5498
5597
4920
412
673
1726
808
4584
8290
8056
3763
7669
4386
3563
8743
377
8684
316
1463
1692
8154
659
798
824
1073
4458
5087
4550
1891
4632
635
1711
5410
599
4731
5395
2822
8070
1549
8093
2605
1826
4366
5146
4709
4577
4321
296
4634
8420
1771
1535
1569
7802
5433
1223
1437
3357
714
2615
1414
2741
7976
1310
1880
1791
4748
1425
8879
5382
4146
5159
4787
707
4987
6579
364
4332
4649
365
854
491
7782
650
36
5538
445
121
183
4682
8167
5372
4121
4399
4859
8522
816
1926
299
2369
3284
1680
7437
1167
2495
3377
4254
4654
1404
2
1900
2219
4356
3301
3318
4776
5715
1465
5147
4308
108
6033
2255
4880
4352
7636
8709
1835
2445
8899
3662
5134
4703
8761
1580
775
387
360
5980
1351
4969
5677
4673
140
1387
1885
4021
409
2819
8859
1161
215
177
4378
891
764
3988
3665
885
1472
1819
2312
3076
4207
2200
1889
1175
5119
3857
1320
164
1242
273
4252
1552
2745
3951
3289
4655
5043
4664
4674
4214
5047
532
4823
830
5539
5638
5556
3520
5540
4282
5315
5501
4516
5092
1151
433
2243
3185
76
9018
2231
6056
3086
5414
92
780
7932
4023
1779
8235
4873
813
8848
4486
7809
4437
199
125
3962
7938
338
363
3057
4854
5489
7478
577
374
782
303
1713
8661
1804
1272
1254
6125
7738
3909
418
3090
2236
3790
476
1963
3674
2413
4091
4171
4414
8183
5059
718
3133
3024
8385
1231
533
2250
7407
1896
1785
2779
3313
3406
7186
1427
2664
484
810
69
464
875
2050
603
2644
417
53
77
2240
4316
1931
656
94
4644
1135
1717
3424
2606
5264
2859
8961
5083
3360
144
668
3775
379
4158
3843
3834
801
4572
4821
4426
26
250
287
242
262
2249
1123
7560
8892
8589
2935
1848
1196
7502
1652
4638
23
3194
7234
5952
2372
6458
820
60
1097
702
481
4262
8650
4079
2613
4
1605
2530
4017
1076
8511
4696
1422
3355
1895
173
2659
1739
1894
2174
1767
1537
7228
1377
4600
3535
4761
500
1441
435
2839
835
486
685
8482
4022
606
2327
8689
5177
3060
342
488
3192
858
728
4802
7728
828
7881
3214
8376
8136
5617
3819
57
441
73
6223
6493
3112
2794
3793
3349
3292
1208
8491
151
1194
4290
2159
1247
1816
4088
2193
3324
41
6405
170
1103
5013
5033
137
2749
156
8039
1113
3165
1243
818
6365
2681
8807
97
1171
222
2362
1201
1265
3604
678
2478
1788
4774
3188
700
1274
1411
2370
1029
4610
4015
270
305
2282
637
6985
129
6
3310
7204
1188
2707
5568
3066
6932
8477
927
626
3386
2186
1273
9010
8777
1983
690
3816
6412
7282
709
1639
34
1353
1234
3317
135
4658
2647
3668
2128
2657
561
7394
1311
3158
902
7619
4830
3235
2594
1784
1126
1932
4521
2961
3626
667
5021
1191
326
6140
7340
5723
5333
3210
1978
1181
3175
46
8331
3368
2569
3705
1040
2557
438
1165
2401
2864
1566
7958
8977
3723
1277
2624
2089
2018
1852
248
193
3512
1523
4337
976
5588
4251
451
1090
2970
2565
2170
8600
7892
4126
132
2280
3895
2966
4063
3451
381
6178
611
4191
4628
661
6114
415
3150
7757
1378
4347
11
5137
1479
82
7786
1564
4284
3034
2011
420
3474
6305
4273
3251
3354
1999
2031
1286
4861
2598
3010
224
7649
804
8718
3207
1921
6547
147
4941
4404
8542
4684
8827
1979
1405
6571
1466
3444
6826
169
2832
7720
4885
3522
8392
1833
2067
96
1971
7263
3632
1954
3238
5205
844
8654
6390
1099
1269
3643
98
2959
2900
505
2057
710
1163
1447
1772
2529
1168
8410
4782
6440
1916
8920
238
4645
8003
3087
1946
3844
914
2141
1210
1839
1539
2575
40
2579
6728
1339
4246
4194
8665
2449
4675
1892
8239
2625
2504
124
3037
7130
8927
1589
5008
2283
1105
390
1715
2261
7492
8273
2887
4876
8616
1079
3417
1532
3221
425
110
3712
6630
1264
2660
2263
849
648
1419
2076
1212
1555
8943
3713
5028
4033
1912
369
1183
6091
4849
1795
3160
2373
208
8675
1256
4338
3976
4342
1293
4274
4291
3960
4380
4197
3991
4184
3996
4036
4268
4349
3565
3547
2693
3450
3252
3619
639
940
3270
6970
8833
7587
8840
3928
7944
3875
8462
3707
7698
3924
3263
7445
4639
3247
5291
4223
3977
4552
2006
3635
1214
1296
2732
543
4114
1658
4625
5222
13
66
1236
1642
1154
3309
391
9001
2908
1068
2391
5521
1545
662
8199
1920
42
4571
300
8387
3019
984
2386
119
1592
4555
8403
1957
1883
2734
1373
1984
1347
3166
1356
1304
1237
1238
502
852
1366
1461
2016
1415
3152
3148
471
2012
2810
3063
216
2244
117
2921
2920
3053
2206
1861
2919
3069
2918
928
3070
2916
1180
1542
290
2889
2671
514
1392
1620
2297
458
4396
1988
2967
2803
5553
178
6395
6832
194
315
6031
960
1440
6918
272
4911
85
294
4141
2002
2848
990
2917
7995
452
2084
2843
449
5483
8642
7840
1049
1809
6612
7753
3127
3710
3768
6166
4831
6212
3021
2275
2609
2070
6957
620
2117
671
1215
2462
3421
3751
116
1370
592
4462
4359
3259
18
3163
8228
83
848
1873
888
574
8979
5585
2246
8633
2809
6800
614
1746
6303
190
3320
588
1391
8903
1022
2807
7897
949
2227
145
3307
1480
378
1325
8730
3487
7222
2561
2897
3168
283
3046
1222
3390
3250
2643
1485
6195
2304
456
2541
3794
1648
4923
8596
2877
65
1185
3777
3795
906
414
3018
617
3161
1220
1655
