item_recommendation
25737
7872
8327
7541
8093
8571
8117
8183
8447
7697
8290
7914
8207
7613
7669
7437
5515
7560
5765
6684
8225
5742
8403
6154
6073
6466
7649
8070
7728
8772
5410
7802
1513
7478
5186
8360
6909
5662
6178
6826
8499
8998
8003
7878
8596
8033
8154
5159
5288
7245
8636
6260
5675
5198
5177
5715
8410
9012
8591
5968
5768
6902
6579
6918
7147
775
5689
8253
5853
7782
8056
5282
7407
6355
741
8477
5772
5808
5275
6493
7636
1523
5398
8580
4740
5729
8420
6751
5672
5597
8522
6970
5038
6464
6091
8720
5666
3334
8777
3936
4241
5254
4795
6760
1317
3489
5312
7260
5655
1777
6211
5443
7254
6835
4076
5980
6404
401
8451
8899
5723
2300
5139
1870
8943
6408
7394
4727
5008
1580
2686
6395
7204
2605
2696
8848
8699
4550
8261
6294
6436
6331
7771
8167
6365
8629
626
2504
6547
3587
4600
5839
5936
1816
8743
8142
1744
7293
8385
7831
8157
2195
6195
1003
6513
4731
4532
5625
3608
3753
8607
5699
2769
8147
5323
4809
6718
6896
7357
5264
6446
4765
7757
5193
5170
5815
5641
7419
4696
8376
7938
3232
5556
8768
7282
3377
6595
8542
8524
7171
864
3819
7809
747
6676
5243
6341
8640
6498
4945
4105
1515
5269
5784
4414
1192
8838
8136
3875
5684
5489
8807
6800
2966
5940
6077
2582
2983
6422
8589
4246
7822
731
5400
3284
5462
7228
6286
4088
980
1657
7078
2956
7346
5470
7976
4312
888
7198
5114
6706
8722
6375
5055
4477
5732
1639
8366
7919
6432
7063
7235
1331
7309
6887
6963
3957
8672
4104
5685
6732
5401
6754
4929
5413
1739
8675
6062
2976
5735
5161
6768
6584
8661
5836
5796
4994
3825
5795
5002
5847
5700
5670
5690
6121
8582
6060
5693
5710
8610
5034
5056
3499
5752
5746
3497
3654
4300
5826
5363
6105
5003
5285
8197
8371
5696
4680
3292
8684
5466
5182
4911
6678
5518
4976
4440
4980
3368
2159
8882
3758
4920
4878
7272
4016
3656
8275
6530
1909
4834
8949
8828
3173
4999
6047
7932
5572
6035
6803
2513
2496
3889
984
6658
5825
7017
7153
8966
7702
5373
7947
8423
8955
8130
8785
1617
8372
8872
8138
8835
8158
6852
6851
7791
8985
5001
5678
5686
6342
5517
3611
4450
3491
5680
5667
5577
5004
4832
4889
2640
4677
5736
4153
8123
8921
7012
6645
2184
865
8903
8187
4428
1812
2688
3096
3241
6470
1507
6559
4420
4337
5787
1805
1721
986
8235
5053
1907
7789
5791
2531
7208
6232
2832
1025
1147
6827
6774
4263
8879
7340
2534
4830
6296
7995
1652
6279
8273
1750
1788
7738
3751
5085
8042
2212
869
2441
2935
5203
3759
7101
4095
3238
7177
5419
4490
3081
3495
6533
742
3338
1980
8670
4584
6571
5304
1111
1526
5134
8638
8654
5504
3851
4658
7577
3359
4284
6793
7888
4273
2546
2801
2761
6273
7444
7379
828
7979
8761
8633
1970
6400
3408
7492
5427
6140
8781
8336
3434
5846
8039
3051
733
6223
1453
2120
3324
5553
8604
129
872
4996
5214
7583
8819
8808
2938
2062
3093
753
5135
5033
6636
647
4979
3404
2687
724
1046
6383
718
798
4686
4833
4298
2009
6476
1819
5960
1562
8387
4316
7934
4401
1060
8576
2497
5365
5433
1767
3388
2609
6832
6521
3402
3235
2090
8865
2774
5202
8422
4984
7250
1508
3210
1852
5291
4654
3604
4111
1771
6957
4735
3821
4941
3522
2204
3370
788
2107
1076
7720
4873
8864
1479
5888
8507
735
2892
3766
8268
5218
5313
1783
720
6093
4612
2912
8927
8008
955
3060
2786
1769
6051
1831
1525
4139
8961
1078
1352
7764
3780
1794
4290
7096
3969
1635
4474
2668
3854
135
4967
2207
2507
2806
6609
1053
2350
5117
656
3868
8695
213
5179
915
285
3194
7115
4101
4577
1006
7186
8228
2383
7705
1860
2465
5611
1733
5447
2318
816
1941
5707
4914
8827
4748
3354
7881
6862
2470
483
3996
2118
2567
960
8859
6103
8121
3500
5418
7234
2188
7619
1187
947
5538
8914
1077
5891
1476
802
7121
1752
6148
1059
5348
2659
2088
5718
1582
8620
6368
7139
1010
1518
2189
5464
4771
3211
7099
2929
9010
6690
6525
5296
746
6290
5438
8665
1056
879
5440
7753
3575
2365
8910
7091
5483
1472
5777
4691
4645
4149
990
2227
1055
3687
6187
6234
526
2494
516
8853
5010
2883
2676
8709
4716
9018
5308
266
885
4121
1608
5315
3398
3552
3546
4861
3142
7502
6473
4278
6198
7566
8191
4963
7815
4703
7899
6155
4619
2689
861
5971
6042
2642
1047
7160
4964
7299
2399
105
1753
5843
4821
321
2654
8795
3831
755
4462
4981
2288
3425
2473
2459
3882
832
5588
2241
7343
4339
3643
4411
4947
2427
2183
931
6022
2708
6484
4033
474
6482
4179
3341
6056
6207
3452
3476
6936
3835
3771
3788
3673
4175
7199
3943
3661
6037
921
3679
3897
7117
4018
3695
8528
3618
7083
3664
3879
4140
3992
2106
3326
4465
8970
4745
8957
4625
1145
4815
7762
4475
1150
5300
5694
5544
5299
8544
5283
4749
5705
4767
5682
5450
6387
5255
920
4932
4975
5057
5994
4960
5066
5995
8196
919
5231
6468
8363
4865
8584
5111
5505
4459
4381
6250
5404
6323
2697
1610
5841
6228
4403
6238
4464
6332
5366
5506
8611
5792
6797
4818
1049
5417
1873
2828
407
1382
5346
1701
4626
1320
2448
2306
7892
2347
3564
3276
2835
6101
582
1433
1686
5428
2560
670
6765
5025
4923
4524
3066
410
7817
3264
748
3401
4678
3900
4432
1696
2596
1268
7456
2032
3677
8482
6739
6624
8239
2146
3445
5352
439
5101
1807
2493
969
3150
2283
5103
1017
4570
2486
4885
2936
2468
7263
3871
2683
4971
661
2939
2344
2982
4972
5027
1556
659
4921
7415
2946
745
3140
4989
3444
183
1836
2866
1959
976
6322
875
5909
6985
5421
725
2340
4520
1951
7095
1444
3786
2490
507
7786
