item_recommendation
25737
7872
7541
8327
8093
7697
775
8117
8571
980
8183
8225
7613
731
8447
8360
8290
1513
1523
2769
5515
1003
7669
741
7437
8403
7560
7914
1515
2231
5159
1831
626
1064
8772
3152
7782
2186
745
1245
8033
5742
8596
869
6073
5662
6154
733
960
2131
8499
1046
7728
1507
735
5186
401
8899
1852
4550
724
5765
5723
1744
8154
2668
8207
25
6902
5715
1317
8743
5410
2798
2440
6091
3140
2772
6260
8636
7878
5008
8253
1493
5288
2548
5768
984
5853
2686
976
5675
2383
8591
7478
9012
1739
1812
1777
5597
6970
5312
986
2835
5198
746
6178
7636
1870
4731
1053
1525
990
1026
2735
8580
4795
8003
2300
951
4740
8376
1147
8136
5282
1020
725
964
8420
1006
2573
3875
3402
7649
8410
2659
4649
2912
892
2577
3173
6121
8998
2385
5264
8070
3232
5729
7938
3408
1907
695
8777
798
3324
4076
6751
5275
6918
1816
5177
4440
2937
8859
961
1822
6355
129
2487
6579
2605
3235
2120
2287
2688
875
2546
5323
4584
8720
864
1057
4316
8661
5666
5655
7802
2982
8699
2513
861
535
718
786
858
968
3125
1636
888
1771
8522
1750
1624
1288
885
6493
647
2652
7245
2832
981
1767
7171
1562
1282
4765
5689
2227
7234
101
893
2500
4366
6835
4153
969
5038
2956
2935
5254
1132
1021
6513
2722
2976
2342
6760
3051
8848
1040
5839
2687
1631
5752
5968
266
947
3489
4600
3334
6404
4830
4727
5710
828
1735
4821
2534
1030
7831
7254
526
3338
2741
7407
3816
5672
3238
1819
1665
743
2288
8807
2761
1008
8629
5398
750
912
5936
5732
1580
2993
5053
915
3936
4241
7260
1690
2689
6718
1472
3342
1437
4941
6547
2425
2496
5365
2347
5139
2983
2582
3113
5443
5363
1059
3368
1909
2183
4016
5808
2473
955
5699
1608
2801
1508
6436
5161
1004
3194
8879
876
6408
656
3377
8056
963
8607
6294
8142
4437
5795
2407
2134
2696
5055
7204
8943
1721
4246
2504
5466
3188
1876
3759
1037
3081
2780
1192
4976
6803
1783
6684
8524
793
4696
6676
1873
720
5815
5641
244
8477
5735
2159
1084
3584
6047
3758
613
1104
1078
3284
8542
4801
7293
2427
7771
3611
8147
1145
2481
1688
2966
48
1581
6498
3604
3889
1497
5834
6422
5625
2327
3150
5572
285
4923
719
8768
748
1047
1041
8235
6035
5462
998
988
1010
6103
1013
7078
2521
4420
6225
7346
4967
4312
7919
2815
6768
1187
872
3751
232
3500
1125
5243
4577
5696
3851
5285
4638
3359
5611
1501
7419
6706
6800
8882
1042
2651
5684
1980
1056
4878
6314
2441
2892
6896
1060
2681
1518
3819
4680
1017
6464
6985
4263
6375
4477
833
6774
816
6331
5170
4450
3086
6963
5291
8838
2200
5940
5772
5400
6645
2184
2570
8835
8275
865
6341
7198
5693
7357
5836
2399
4873
870
6584
8640
7822
4782
6887
5685
7309
7235
4929
5034
5670
4104
5401
3497
4300
8672
6232
8921
3654
5056
5003
8828
6732
6432
6754
3957
7063
8949
6826
5746
6060
8197
5826
3499
5847
6105
6530
8371
4980
5517
5678
5680
5373
5667
5001
5686
5004
5577
7791
7947
4994
5796
5700
5002
5690
3825
8582
4834
8366
2640
8872
7702
8966
8955
8610
3491
6851
5736
4677
6342
6852
7153
7017
4889
8785
4832
3575
6286
8985
8123
997
472
8158
8130
8372
8423
4095
2236
2770
1012
1617
8684
1032
2981
4999
7012
3417
8761
8138
8709
3241
4428
659
726
2866
2572
205
4984
2669
3096
3649
953
1111
4401
4861
973
105
3307
2248
474
1951
4262
3702
5085
1161
3656
4105
8961
2118
4079
938
3495
8042
2428
6533
956
4809
4101
7888
5203
2829
6678
1527
6470
3211
880
2779
6827
5375
2793
2786
742
7186
4532
5498
4833
3916
962
6728
6296
2654
2567
1103
2766
1014
8665
1997
3357
2647
2202
4987
2600
1225
2774
4911
6630
3608
2467
788
5218
2212
1416
8451
2633
5033
3753
2155
2438
4658
2596
879
1805
3292
6195
8638
337
916
1363
1063
886
802
2325
2478
3005
161
2465
1759
3147
3134
3068
3042
1394
167
918
45
4462
2922
1233
8462
2789
1226
1204
1186
3177
306
970
2393
2285
2364
2403
764
1959
99
2715
1949
1388
510
2215
704
1616
1080
2074
937
1031
2090
5193
162
5518
213
1367
5418
507
485
4228
3281
5419
5504
2146
4979
2009
1639
5346
2843
1730
5909
2709
3456
7208
5356
7786
1218
1715
2398
3388
4404
4981
1860
4171
839
8261
2335
1184
8589
1834
2494
7753
2858
4996
934
1794
189
2046
1500
2764
2078
2439
3522
1841
1135
6509
1696
5489
2752
4380
8385
1836
2429
2624
1352
1331
1429
3452
2775
7764
1036
8387
1582
753
2415
3071
1972
47
3880
3339
5135
3093
312
7881
1788
7738
1209
1085
3006
2634
4251
5980
1556
516
95
8920
2799
1196
327
4298
6368
6612
685
6365
1970
1018
4490
4349
2975
278
531
7272
881
824
3210
7619
994
2197
4963
3358
348
1660
1395
1095
747
4920
965
2043
7502
3404
4432
547
2938
3127
1689
785
3668
3445
2062
2545
8167
1049
218
9001
4043
8689
2318
1549
1120
954
6211
8833
7944
8840
4639
7587
5167
4718
1024
2880
966
6932
3784
5199
3159
3892
3262
4643
4888
929
3587
4903
5304
2368
4511
2639
5134
5891
1590
8642
6243
5553
5440
1504
7445
931
3263
3928
3707
7698
3924
2660
2990
1476
5787
4761
1929
2241
3428
1863
460
7282
8977
2621
5888
2946
2617
1487
2897
2340
131
113
1152
4414
1428
1844
3218
7809
6062
2154
762
1479
5352
2753
2796
5214
2925
1286
4735
5413
8633
4736
1301
7394
2284
4045
8654
8865
1077
2986
922
3354
945
769
4326
2173
2188
2730
6671
2204
1657
3016
8819
4686
991
4945
3329
5556
313
580
2699
1023
7038
6207
714
