item_recommendation
25737
7872
8093
8327
8571
8117
980
775
7541
1513
7697
8447
647
8360
1003
7437
1523
8225
7613
8253
7560
5159
3232
285
1562
2227
986
733
8420
8033
1711
5515
8290
129
401
858
4550
7782
1111
8183
1507
1907
7636
1535
960
423
741
3235
7914
1552
731
8070
7669
535
2769
2243
8899
6091
4795
5597
976
1744
1120
3324
8743
745
48
3368
266
695
526
626
5198
8403
461
4731
828
793
472
1631
3086
4830
1767
1777
1099
4262
16
714
45
3133
4584
1812
984
1819
2686
3152
8596
3816
5186
5410
1844
8772
1006
2745
735
969
2659
1145
4246
8499
6918
2605
232
869
1437
1870
140
1771
7234
1053
720
1515
1320
6073
678
981
38
7938
1187
1288
990
5742
3751
2779
3188
8522
802
5765
2288
7728
1060
2688
1831
2212
888
8235
101
276
968
3377
8661
1147
1017
8859
885
5723
263
5662
1624
4740
955
7186
5611
896
951
3889
861
479
719
4782
189
953
8477
2300
798
6970
6365
1317
34
274
1816
8376
8136
963
1046
1161
1525
3875
6154
1021
2798
8385
218
753
4316
407
724
2415
4638
144
2681
5008
4696
237
864
2741
912
4649
2935
2780
4076
1209
4873
1042
1132
7802
2385
5053
4577
387
6728
1707
5312
6902
1479
8636
4801
2186
2200
7878
886
7263
6826
5288
3150
2770
5177
8154
2647
6318
1726
2374
5768
527
5346
4101
964
8003
2340
244
1839
6178
2248
5909
7649
2832
5117
1020
2504
3649
1101
4765
54
1049
746
6260
4511
2565
966
2445
994
7753
1196
6609
893
522
275
7204
2496
1024
8709
954
2892
2829
5161
5489
121
1030
1346
3456
4821
8207
2241
5715
718
4414
2159
3417
5853
4162
4941
2687
222
2062
4171
8819
8056
7786
725
1352
31
135
5675
9012
2937
1008
2467
5275
204
1404
915
4437
196
844
5641
6803
5968
482
2815
1821
8591
4658
1401
6314
3213
474
3575
2801
840
1880
444
268
2982
321
5729
916
996
8961
8665
1171
1073
3194
4923
870
7478
880
2236
205
3354
5282
742
8654
7831
1076
6223
4600
8410
1004
3028
1026
2730
4761
6243
272
3338
5672
5936
1948
8670
3900
6355
1836
2545
178
1358
3702
2231
287
1256
458
1010
3019
2203
2197
5952
4718
1957
2734
4417
389
194
1392
1059
3166
2918
2810
3148
502
2128
1347
2919
2920
2921
2206
2889
3070
3069
3063
3053
2244
216
1461
1356
471
2012
1415
1238
1237
290
2671
2916
1861
1366
1180
117
852
1304
2282
1984
1542
2031
928
2016
514
2219
5264
2297
2967
5839
498
659
8761
4349
1215
2462
2959
1501
2917
8684
7888
1373
931
3163
2481
1236
748
3854
1580
1168
4366
2275
804
4016
380
5473
1277
1508
6612
574
6835
1013
6322
2772
6684
5815
1497
3402
5033
6498
3869
3021
3127
4404
420
1325
100
2669
786
5055
4680
1057
3604
805
419
2927
1331
5
9018
3805
7738
6579
485
1592
8462
171
1779
6751
2478
808
3238
4727
2668
1644
157
1590
2202
5365
3880
6294
3358
2107
6774
3011
2002
580
7748
2976
1582
1191
3018
3522
3173
3210
2441
2440
2347
4515
4153
3307
1500
105
93
4111
1517
2304
6676
8998
6000
1971
4432
27
4401
881
697
3146
4861
656
854
1472
3795
2689
186
3709
1526
961
8167
4911
4312
1852
947
1135
2877
3759
3388
1733
1264
3357
3168
2616
6143
923
6047
1493
8879
4263
8943
970
324
5834
6630
1255
6195
253
2013
1125
737
1840
2173
312
4987
57
7394
4228
721
3668
1504
4936
2660
1531
2799
8580
1032
1969
2009
8642
1931
3256
592
8607
4166
4673
5218
7208
5985
2318
8920
6286
2956
7698
4639
7445
7587
3928
3924
3263
6932
7944
8840
3707
8833
1422
3831
154
973
568
891
1688
2427
6547
9001
597
942
405
4045
2154
1676
3758
5069
8777
337
3160
2407
541
5625
4255
614
5296
4691
4963
322
3351
6760
8268
4654
1012
4079
3428
1588
1916
1980
76
5243
4427
957
3129
342
1040
5810
6341
2152
1549
279
1212
4391
2617
8524
422
4833
1394
4532
3753
1019
300
2860
1639
3113
681
3142
2794
153
3218
3281
7705
7932
7245
5699
2310
2651
1274
9004
7126
6404
2011
6513
765
2981
6718
6985
6390
8589
454
5980
8699
2696
2442
2490
667
8807
7771
4895
5449
6744
3024
8542
785
5375
4888
3892
4643
3262
3159
5199
3784
929
2880
4440
2139
2622
2473
2609
938
1581
3584
6225
302
2639
6436
126
3408
788
1665
3819
4901
7881
1690
2418
4642
1788
6678
81
8720
3420
3359
3882
7407
2497
195
1281
1702
6521
747
7311
1900
229
4563
1103
998
8689
6896
4976
1165
1441
2546
1029
875
709
3714
2327
7792
313
5693
7619
5585
5498
800
3852
2386
1345
726
4920
839
427
7995
4809
4686
1440
4420
5395
8751
1715
3199
999
8187
6530
1047
5021
4095
181
4251
1985
3489
2082
6850
5009
3243
6062
3730
4029
4569
3101
1474
5017
1629
728
2796
4033
3251
6800
3754
8484
1427
5710
2237
2775
4612
4014
4053
3979
3481
4012
4011
1241
4010
4009
4634
1794
289
778
271
3690
5170
28
2366
5735
3804
558
1894
8882
1365
4337
750
15
1301
8977
1367
962
6892
1805
488
4105
6832
213
5203
5139
6232
1411
7171
4645
1938
8768
6748
7293
1014
5443
5087
5684
1307
4844
2531
943
2611
3989
1901
3334
281
1657
1837
8781
1429
280
3067
1640
6493
1636
1834
8482
554
2272
934
1018
7038
4296
8511
1954
1518
5518
480
5080
2379
6963
496
1361
3799
872
833
4121
7419
3125
492
3040
5254
3996
3430
6121
6116
8629
5655
1891
1692
3034
2183
7894
2557
8848
1731
1431
1419
3207
1921
2534
3500
8640
743
7078
5433
8008
354
2793
4394
1739
