item_recommendation
1513
25737
775
980
647
1523
960
479
8093
5515
1003
741
4795
7872
34
401
626
828
8327
7541
423
858
861
4830
5410
4600
2545
4584
461
1831
1053
1711
1631
1744
4246
4696
968
1515
1777
4649
5198
4316
733
4101
2227
731
798
2686
976
1307
1111
2605
1562
981
1099
1120
3086
8117
535
2769
986
285
1767
1907
963
3324
472
3232
129
5489
526
7437
885
48
8447
637
5346
896
7560
886
276
1852
984
5312
3024
3235
735
719
1161
8571
5177
4740
8183
1812
7914
1046
1145
718
5053
864
4873
3575
7613
1017
201
1365
955
951
2689
1535
1317
7697
714
715
1552
943
1352
89
1507
3035
2243
745
750
1320
1525
2829
1288
2668
266
2688
996
1132
3150
1030
2300
1608
1008
695
990
135
6091
1497
824
482
2271
16
1049
5161
4638
3649
1816
869
1213
4414
3604
140
784
2976
2467
6073
4861
888
5765
5742
275
1639
3854
1027
2935
232
2779
141
413
613
6225
737
1059
7669
2504
3194
3357
5008
422
202
994
3408
4401
150
954
2832
5186
3751
444
1582
2770
893
474
1057
1870
8290
3900
244
793
322
2761
656
3133
1479
973
912
1472
786
1006
1196
1209
475
1580
2212
3358
6243
268
1013
2687
2985
3377
2385
4068
3152
3759
969
1394
4550
5597
4731
953
4987
2966
964
1667
1358
4228
2798
2128
1721
1042
839
2546
1526
8207
2415
3338
4612
992
2681
4888
5199
929
3159
4643
3784
3262
3892
5375
2880
916
2639
8225
101
2786
527
13
881
2772
2937
291
2427
2745
405
742
2796
875
3402
3816
237
196
8360
1032
1690
5033
2912
1624
1707
961
2186
1282
274
2440
2202
1331
2780
724
4111
3125
3522
2159
4319
2496
4680
1739
8070
337
1147
4563
1836
1363
753
2835
870
1076
2062
2327
934
1819
3368
2527
2751
779
2787
1177
1004
2669
7649
460
1493
2178
4642
1404
205
3210
4109
1590
1844
4658
1187
4691
1591
1794
4782
2236
4045
1549
1783
1771
4262
1419
100
1488
3521
1047
1726
2572
555
4349
5980
2815
3852
2288
1024
720
3218
4016
2616
5630
5335
947
219
4727
2475
7802
146
1054
54
387
1660
3051
3388
2718
748
725
5114
1026
1453
764
2677
3081
28
8522
2231
68
79
8499
171
988
2752
321
2195
909
2741
8420
2659
802
3801
1060
939
1346
2342
3354
1011
4076
1073
2567
2696
4803
6154
105
1502
2481
1696
1401
2154
5356
1020
1125
4801
1305
5282
3213
427
1839
1873
1103
1665
6260
1629
2197
1702
6355
2441
685
8033
4190
2130
2295
2152
938
4051
2647
4833
213
3173
5324
339
608
280
1101
2289
4614
1215
2927
218
1446
2241
1951
4911
2497
6395
313
597
2445
3926
6440
6918
1779
6195
2565
785
5055
4634
2479
8477
3359
7272
4765
721
3417
844
899
8772
1171
1021
121
1727
915
2609
1508
2003
1031
1688
7878
2146
4033
2801
1028
787
4029
6658
580
4645
45
1393
2683
6056
2990
1581
195
2892
8235
2817
2340
2793
892
4761
2611
1900
681
2872
1135
7478
1428
697
1040
2673
4933
2352
1973
2642
1788
523
7245
407
1746
57
4524
1235
272
154
2726
144
3188
299
3889
4511
5288
7636
7728
6341
574
5103
6178
522
5772
891
2485
5
3848
931
6279
2694
7407
1880
1501
1504
2700
39
5182
458
5689
1025
5672
3430
2483
178
746
1014
788
1529
3238
5427
3709
2462
2325
2282
2244
2206
1861
852
3069
1542
3053
3070
928
290
1180
2916
471
1461
2031
1984
2810
1237
1238
1415
1356
502
117
2671
1304
2012
1366
2016
1347
2889
3063
3148
2918
2919
216
3166
2920
2921
514
2734
1957
2297
2967
1392
5909
1168
181
4568
1516
2627
8403
1373
1657
5723
1821
2917
3019
3980
2521
4659
2535
2986
1948
6290
3687
1037
5159
4354
3113
499
2275
678
3021
8636
1056
804
1261
5377
5662
222
194
8943
1325
6365
2182
1256
2490
3805
4293
5275
2465
2982
1971
5080
3758
833
6902
6404
2120
2494
907
3702
5632
3018
7995
5518
27
2766
420
3730
3101
4569
1474
997
2447
5588
5134
4337
5715
1985
937
592
2200
4440
1010
1078
1644
4792
5768
8410
4605
8596
1438
1834
5473
2715
2596
2403
2364
1616
1186
3068
3134
1388
3042
2393
2922
2285
1063
3147
1080
167
918
510
2789
2215
1226
1233
2074
99
161
3005
1204
2633
1759
2866
3177
704
306
2717
4954
728
1931
765
2096
1301
32
5675
5395
6000
5222
2219
1784
3885
5422
1041
1410
6498
1916
4673
4718
2398
2287
1730
3223
1500
1980
189
3146
6676
760
880
2877
5570
9012
8591
5853
455
342
3168
1463
8056
4005
2858
2399
5968
4585
1733
2721
4095
1230
1997
4255
2864
1640
1255
854
1236
2248
5304
1184
3140
1686
1336
1959
2046
2207
5193
1018
6329
1592
2507
8385
1012
1846
5087
1960
2201
1437
5170
312
4686
5729
1969
2534
4333
5342
4636
4676
4640
5637
4662
4977
5302
5483
5463
1349
328
2473
3211
521
2002
3454
3006
2946
3401
7738
4728
5558
153
2009
2304
4627
614
2203
3845
1670
2429
302
1264
1588
4519
1841
4654
599
5364
5265
5236
2350
3754
5171
5745
1970
3071
1972
2442
2730
2634
516
2043
3735
480
367
4462
3199
327
3795
162
2959
84
808
1089
1277
1891
7782
942
3947
7932
507
6294
1345
1863
707
879
8253
541
7282
263
1804
4560
1218
1007
805
3254
743
2011
872
2099
2368
1837
922
5470
6322
270
3011
2722
2139
207
324
2039
2078
3420
4663
700
47
1066
4963
5808
2098
1840
1023
547
7888
1095
2573
2438
3031
1569
1036
638
4121
2386
240
5447
3979
1241
4011
4014
3481
4010
4009
4053
4012
3243
8684
726
2874
5891
