item_recommendation
25737
7872
7541
8571
8327
7697
8093
7802
8253
8117
8207
8033
7914
8360
3544
7478
8477
8070
8056
8684
8183
7560
3368
7669
2589
8420
7613
6073
8290
8225
6365
8261
7932
5765
7976
8522
9018
8235
7228
3232
7437
7995
6211
6178
8167
8039
8743
1783
8447
6493
7649
6579
7492
1739
2422
6195
3010
8511
2273
8187
8675
6395
5433
7245
8892
3587
8482
2575
7809
5980
2961
7272
1791
8709
4709
8848
5159
7407
8819
5772
8903
8273
3060
7881
7282
5134
1580
7577
4911
1804
2618
8807
6077
2761
5784
5556
5269
7636
7738
5689
2704
1852
4088
8385
3235
8616
1145
5791
3377
1721
1744
4920
5825
4121
8761
6970
8772
6906
4366
650
401
2558
8451
626
4782
6148
2159
8827
8604
2775
8499
3281
8600
1816
2388
2069
4146
7934
2786
358
6154
4378
6636
8943
7782
1317
3434
6918
4486
8795
6355
3081
647
7340
6559
8607
6408
2686
6525
4577
718
2062
8014
7892
5515
4600
5850
8542
4290
6279
3643
5729
7334
8695
2212
2668
4262
4873
8003
7897
798
1834
8979
1726
8722
7826
2633
6237
5410
1937
4809
1788
7789
7728
4316
2706
7130
1076
7444
5146
7234
4552
4246
2981
1549
3816
1777
3250
2180
3051
4515
4251
5254
3653
7299
5046
5470
6446
7394
8524
3780
7979
6140
7564
5177
8121
2427
5193
4386
2966
1680
8484
1437
5033
3334
2507
5404
4818
5312
4848
5348
8661
8751
885
1696
4748
2300
7016
5139
5352
3474
5101
6957
1063
3292
3013
6571
2350
8019
4039
5952
4945
2219
3310
8899
8617
8636
5707
213
8998
8689
8859
1569
3150
2511
6383
2207
3370
5597
5108
7840
8531
2676
7743
2793
6159
2745
3515
2935
3467
7192
3266
7150
7812
6378
8057
3038
8813
8915
4688
4090
4273
7136
4491
8254
1408
4284
2236
2004
6658
7142
6051
2766
7619
5413
6431
7815
4194
6318
8491
1077
8866
8777
3819
5909
4383
8914
1959
6031
1784
8625
3192
4369
1831
2864
3698
2144
4310
5264
6322
5742
7161
1479
5398
5666
3936
4241
5038
4002
932
1796
1444
1608
5682
2399
8376
8136
5198
3983
507
2596
8871
7260
278
8336
3163
2822
2946
7458
250
2560
7585
95
1466
1218
4941
5787
1363
161
1186
2215
2403
3134
3177
1233
3147
99
1204
2074
2922
1759
2789
2393
2285
2866
1388
167
1080
3005
2715
3042
2364
918
1616
1226
3068
510
704
306
1997
6400
2155
3489
1978
5808
3140
2325
1295
4932
1453
7115
3349
1391
7762
2169
3768
4171
258
1730
1785
707
162
2594
4854
3538
3211
4846
2753
1476
8853
4716
5182
5603
6484
8718
2448
1066
3608
3927
8654
410
2858
6482
1320
1841
881
8157
5333
2975
1472
4166
8650
2843
6000
6473
6458
1575
4815
678
6850
4610
7293
6101
4971
4921
3459
1440
8879
907
140
5926
6440
1544
7787
3546
3807
8596
4947
405
1196
3006
7958
2439
2528
2659
4060
2634
2835
2826
6273
1184
6954
656
1562
2429
1529
8810
7459
135
1090
5443
3646
5010
6728
659
2939
3110
2523
7899
1769
243
7415
3408
47
7123
2720
775
3660
183
5179
7038
7250
3194
2699
7502
129
6961
5296
2708
2486
7101
1507
5428
3036
5995
8544
5705
3404
6690
6936
8196
5111
3788
4403
5792
6250
5694
5505
3326
6238
5506
6228
4381
6323
3992
8970
5450
7117
6468
4018
3679
4459
3879
6793
4464
4140
4465
7139
3771
8528
6332
8957
3476
7199
5114
5994
5366
3695
1610
4767
5300
4175
5299
4975
3661
3943
4960
5231
4865
5544
921
920
919
6037
5283
8363
2106
7083
5255
5841
3664
6476
5846
3618
4745
3835
2697
8584
4749
5066
5843
5777
3897
5315
5057
6387
3673
8611
5417
1523
2828
4411
998
5288
3637
5202
2253
4051
3564
4475
1972
3071
5291
3276
685
4964
1713
6595
3201
387
1929
2327
3264
980
3398
3552
5718
5538
2551
2832
3041
2306
984
3677
1003
1950
3545
4989
1225
6022
3425
4703
8331
4508
7121
1870
4710
5723
6429
2883
1531
2043
1268
3066
4178
2569
3882
6547
824
2073
6390
1095
1692
159
4970
3632
2052
547
7177
582
4570
2414
7487
1907
2478
7160
6617
4458
3412
3868
816
5942
5568
3016
6155
4619
1303
8044
2884
3857
2333
1779
5382
6197
5224
8154
1689
6703
2664
6513
1085
3320
4731
2563
976
2577
2014
2296
7135
670
8920
6166
1860
376
3324
8629
2581
6218
6442
3913
1340
1858
7831
2617
464
7348
2246
3128
2819
3665
5421
2039
2605
2529
3671
1715
838
4203
7938
872
3354
2072
4055
5438
299
2674
1404
8194
2305
2752
2494
4432
3634
2128
2032
1423
2091
2154
5864
3713
4126
4000
2284
8589
4063
753
7774
2630
5117
4482
348
1387
7753
3718
5059
267
5329
7456
415
2937
1130
7215
5250
4073
6624
3563
8403
84
1951
8730
991
6348
8410
2600
1586
4587
2732
188
1449
2598
731
1717
1129
4462
3981
4139
1970
5025
3773
251
3028
845
4658
879
4142
3626
1273
4033
7766
4821
1566
5018
3963
2373
131
3169
5434
2194
7919
5308
1033
1111
1040
3895
8961
5747
7323
3875
2726
2178
1220
2609
3197
6416
1286
3127
990
92
4769
6294
4084
2869
7042
2204
4761
5655
6422
6314
6826
4426
2182
2391
3064
6591
5521
3093
1240
4048
3988
6898
4169
2498
690
1197
8670
5294
4822
2859
3786
2046
1702
2210
3401
2521
8808
2936
8838
1833
1310
834
2986
6212
5839
3001
2085
3176
1212
6414
1671
2147
2504
2803
4936
8266
1209
5715
4987
2516
4162
5069
4437
3843
3185
948
673
2227
4626
4278
6867
2647
1722
2371
6281
2912
2093
970
4535
5258
3188
2625
2081
4666
2130
1878
300
6162
4229
205
2146
4914
2990
7448
2657
8580
1120
2272
4895
8665
5899
8199
7099
2006
3729
7700
2459
2824
1456
4901
7411
1125
7379
2983
2582
1704
1428
1015
3548
2571
480
6561
