item_recommendation
25737
7697
7872
7541
8093
8571
8327
7914
775
7613
8447
8360
1513
7669
2686
8070
980
7437
5264
5410
7802
8056
5597
8225
8117
8183
526
7407
7636
8522
8253
828
7560
8385
4658
2212
2227
1777
1744
1507
3232
8477
7738
5489
285
1120
8033
8290
793
5515
5498
407
129
858
8661
8235
8420
960
8684
7293
8879
4696
984
4649
1907
4830
1816
955
6195
1003
1523
140
4600
741
953
232
7782
731
5159
966
7753
1812
48
1525
885
647
1504
1111
401
733
1767
5198
4577
8410
718
1046
2241
1639
522
4634
2159
3604
840
778
1688
2829
1145
1024
8003
527
2892
816
1562
1346
4782
4731
1771
7478
266
3324
742
7728
6365
2935
8761
4414
321
1500
2605
1020
8819
2688
8207
422
4809
535
798
105
875
745
954
8154
2687
996
5008
328
6091
7938
6658
1641
2815
2506
990
427
472
196
1148
2504
4584
474
8167
144
2340
4795
2669
2801
3996
1057
2770
969
626
888
1026
1497
5033
4051
4550
695
189
1866
994
5980
5772
7932
872
1515
6850
6579
4821
7649
1502
4920
869
8654
2798
1030
531
1590
5556
3420
4861
915
2668
2769
1970
1135
5588
735
2966
6207
4290
986
1472
3368
1657
4638
7619
1288
341
313
8751
7121
1819
1209
1696
6559
6498
7272
6073
4342
3292
3843
870
7394
4399
721
5538
4703
5177
5296
7995
2761
1870
2173
314
4121
2202
3522
9010
7976
2981
8403
4612
4316
8499
5458
1019
550
3086
4380
4166
5611
4246
1004
2149
263
1580
1453
5069
1794
6636
3854
764
4515
213
2248
8859
3575
8187
7583
1783
561
5087
728
6509
4458
6000
5114
6728
720
2752
3235
1281
4191
2236
724
7245
4748
5723
4673
3354
6493
2494
8864
893
8511
976
963
8670
7757
3608
1652
45
2730
5787
2062
8604
4262
5315
2442
746
5312
3428
3210
4437
6056
957
4636
4614
7099
4375
4605
8261
1394
8903
726
7705
2600
1131
2786
5092
861
839
1352
6178
5134
4524
1836
1721
1161
7720
1608
2283
7748
7234
4188
8777
7817
3751
523
419
1624
2318
2385
100
6140
719
1253
2531
6121
6077
4727
5161
2727
9018
2496
4349
2427
4101
7130
7316
499
2835
2860
4366
1826
8169
2583
2745
8910
1060
1040
8961
7107
1317
1013
981
2465
4273
2741
2366
4284
8977
743
8722
6856
2659
1831
912
879
5427
2415
6669
1240
2186
951
8709
5222
1021
1739
360
1916
970
3587
1821
7263
498
8008
4645
135
6318
6314
8699
2155
7282
201
2912
405
1501
1702
1363
1042
5473
7228
1032
3127
1476
753
824
5926
444
1035
2772
1437
5470
4162
1033
6521
2976
8620
3723
8998
2567
4945
7171
835
8927
3869
7809
1187
2437
8239
4632
8228
5909
880
558
4394
1331
6276
2839
6927
6355
1631
4740
3194
1125
1320
3285
3150
2288
5483
968
3655
8392
7011
1246
218
656
3702
2709
6918
3632
4659
6404
3563
3093
5375
2689
6322
2764
3140
521
5888
5440
886
2545
8482
4654
4728
8633
1625
1410
5372
7204
8451
5765
5346
2642
2344
485
1132
7444
5302
5637
4676
4662
4640
5342
4954
4977
5463
4333
2937
7222
4177
5936
2766
4519
4627
3479
8612
5122
5840
4238
3639
3615
8609
5097
8133
6566
8525
8831
8712
3761
7155
2434
3344
8799
7186
16
3863
3377
5202
1401
1310
1852
4161
6676
5043
5047
4823
5638
4282
4674
3520
4664
830
5501
4655
4516
532
5539
4214
1151
5540
4984
4024
4076
3268
4337
1193
5210
1779
4923
101
5414
8743
4197
5857
1707
3668
2866
8388
848
754
1031
615
2843
5364
5236
5265
2704
7979
6395
3081
780
1951
2398
2342
5729
3626
3252
1293
3960
3976
940
4274
3450
4184
3619
2693
3991
639
3270
3565
4036
3547
4291
4338
4268
4079
6977
4603
374
5832
2204
3408
2327
5839
3816
3388
866
4625
4680
6624
8387
4901
4941
8865
1055
3635
6243
7878
782
2371
372
6826
460
4911
8589
1010
7415
2138
5464
4771
5053
8667
1676
2374
2089
423
6762
7492
750
2596
4837
832
8695
7034
6832
4391
3845
7789
2651
4404
6383
6690
4902
4228
156
270
6568
4802
7990
3031
1103
8574
146
1184
6739
8044
1928
1272
479
6609
6148
3176
945
6154
2975
10
4801
183
268
8810
1980
947
4987
2021
934
3238
1582
3859
678
6440
3804
1380
3357
896
162
339
810
2570
6405
7826
4033
956
507
4135
3016
3487
1612
7487
6211
2207
1487
1196
1218
1023
916
6885
3424
2200
2507
8491
7135
2128
1730
1711
1365
1114
4168
6970
2146
2325
1788
3042
918
1080
3147
1186
1233
3005
2715
3134
1388
1226
161
1616
167
2633
1204
2074
2364
2393
510
2922
3068
1063
2215
2403
1759
2285
2789
99
3177
2295
5291
306
704
2439
5117
2546
6703
1959
801
3852
3745
327
1286
2195
4081
2779
2350
3402
1329
5585
7036
2493
5319
637
176
5425
1508
278
1225
2985
2399
6279
6641
5689
991
1864
8827
4171
5801
3211
4686
348
195
4401
3649
5655
2368
5666
447
4765
3360
3763
3515
3051
6760
820
5146
5182
7299
707
6999
2793
453
1997
3521
2300
6748
5850
1824
3006
3920
1359
26
8596
6892
3213
2990
1085
2429
849
8772
1078
4235
202
2396
5693
748
2441
8807
1006
1686
1287
32
1535
2986
7577
3892
929
4643
3784
3159
5199
3262
4888
7380
1041
5017
2880
121
47
785
7195
3071
1972
2457
2639
1844
6348
2858
2039
2611
8665
6630
2043
6536
37
3770
6920
2266
344
1841
439
8745
1839
5012
303
2572
1499
6791
965
2634
761
3207
95
5377
608
725
6552
881
3163
3438
2400
4296
2710
5422
1549
3358
2581
7254
2521
7250
3759
765
1640
520
7566
1531
7115
1270
2956
5815
6615
938
1077
3160
2819
659
3281
4292
7845
4811
7044
