item_recommendation
7541
8207
7872
8571
6211
8183
7802
6195
8117
5772
1120
5980
7669
7613
5410
1562
25737
5765
8522
5556
7914
4911
2605
1788
1535
7560
1580
7272
6073
8261
5784
5269
6395
4600
5515
5395
8327
5689
3587
5825
1783
7976
7478
5182
1076
4088
8360
8795
4246
3377
8477
401
6482
7809
8848
7697
6365
5114
1111
8273
4696
1161
8447
5198
2706
3316
5470
6178
3780
1711
5177
5134
1453
3900
5319
8722
7407
1320
5791
5433
7340
5202
2686
1652
4383
6154
2779
3060
626
5427
3616
6279
4703
8743
7282
1816
7228
4296
5503
4954
2231
3434
3747
483
6408
5315
5312
4534
5489
7934
793
8290
4709
2504
6493
7649
8420
3608
6579
5193
8070
2200
3751
2611
2486
3111
2159
4818
8187
5404
7492
8675
183
1145
647
347
8121
6636
7932
5222
5538
6148
8604
4612
1513
7881
5787
6
1934
2348
6273
7444
558
4262
7995
1354
8998
4809
7115
7139
8451
4139
5139
1090
5597
3404
4055
6690
4543
8157
1532
6000
845
8019
5254
8853
4278
4716
1648
798
8336
5846
4564
5718
3264
3798
8903
3922
42
6140
135
7738
2676
8033
5027
4972
2306
3238
299
480
3066
2243
6051
259
5010
1552
7728
7245
3768
1707
3232
3594
617
3276
1777
4992
7177
4570
7958
1523
5224
8385
2822
690
1870
3412
718
1207
177
215
1954
6031
3408
1769
8777
3072
129
5417
4815
1404
251
5729
8957
6332
5705
4865
6446
5450
3943
5707
6387
8363
4932
4960
3771
6476
6473
3618
5694
6468
3679
6323
4975
5255
3664
5283
5299
5300
6037
3476
5995
5366
3661
5994
5398
5808
3835
5843
5413
5841
2106
5231
3879
3695
1610
6250
6238
5038
6228
5057
3936
5066
3292
5111
5682
5777
5179
3673
3897
5792
3326
6484
8584
6936
4018
5506
7815
7083
7101
4381
7117
5544
8544
7979
2697
7789
7199
8528
7250
7260
8970
4403
4175
4459
8611
4464
4140
6970
4465
4745
920
919
3334
4748
3788
921
3992
6793
4767
4241
6658
4749
5505
8196
5666
7720
6101
2615
4060
4475
6525
2828
4411
3150
3546
3564
3677
3552
4964
6077
2883
519
3398
5428
1444
3425
6235
879
6022
4830
3185
4634
3370
4947
6355
8761
1268
2936
2516
66
4619
6155
7899
325
4921
4658
2935
5348
582
7459
1950
806
5438
769
201
387
1639
7577
2806
1784
2708
824
3545
339
4971
520
242
146
3081
2312
3076
3401
5633
1726
2397
2784
2681
57
2832
599
670
464
5421
4273
410
3729
335
7123
2624
1437
4310
854
3857
4284
2528
1615
8093
179
6429
2062
383
2117
2864
5888
5891
7334
8253
4970
3786
4989
3169
8225
3324
3338
5459
4802
1147
2625
1126
3538
445
5341
2563
8650
303
8709
2305
2966
125
5443
3807
4587
5352
3653
6405
851
163
8914
2523
4945
2478
7121
1507
6595
2448
4710
7348
6431
10
3456
2372
2359
8629
172
1883
4626
2219
4731
1301
1275
6383
2174
1545
3133
5742
5103
3489
6458
1785
4316
3421
8684
6180
5308
5018
1529
2912
3224
3700
5991
3051
2884
2379
2736
8879
122
7743
2031
1272
2754
839
6032
5033
2567
2204
2560
8003
1025
5028
4684
504
5628
1835
1549
619
4535
5294
1907
2859
5464
4771
474
1866
3868
6414
1123
1397
1150
1970
834
2536
8892
8331
5333
1917
3861
3938
3602
1931
2761
6850
828
5087
2128
2826
4190
149
140
3368
4614
2072
3174
324
1196
6276
4988
3809
3010
527
2565
2571
512
650
254
6404
2511
1073
3349
3643
2633
53
6091
273
700
3687
1696
1713
2929
1900
848
1410
2485
816
1329
1909
1999
714
561
808
2103
4795
3086
486
121
2327
948
1739
222
1979
1693
6547
405
8542
6571
7179
5238
1165
3483
4441
3180
2696
3273
1269
2253
105
4769
5108
2786
5339
4101
2282
6400
1744
437
4660
4483
4673
5553
1873
3165
5747
427
7757
2600
1240
2877
3688
1479
1880
2040
5636
1131
5161
3257
1194
1066
345
2091
5588
6056
4727
5342
5302
4640
4333
5463
5637
5483
4676
4662
4636
4977
3253
8718
3983
864
2058
2201
3913
6927
891
4728
1077
8807
6244
3755
1463
6166
5632
2001
3822
144
3731
331
110
5712
4652
1242
4519
330
3003
5069
7564
6159
2459
1220
932
778
470
81
990
5172
4114
1575
2093
3819
8039
2150
370
4033
1184
6016
6040
2927
4659
2745
2630
5462
9010
159
2843
2819
2707
7437
8167
1259
2990
4117
2290
202
4169
2465
5560
4524
2726
7782
8056
2195
9
2246
4526
6898
250
4226
2699
4737
869
8600
1171
507
709
4893
1236
2481
349
2607
1988
600
1419
4876
7892
3175
6559
1218
32
2398
3192
3341
8689
4690
1317
3574
2092
1264
8859
673
6822
4194
6216
6350
304
1423
2180
5655
193
123
3634
4851
195
5265
5364
5236
238
1260
3854
4030
3882
2642
7038
4627
3399
2634
1601
1055
2655
2938
3016
5388
7222
5941
4772
2656
5137
5699
5684
4593
8943
5385
6985
2386
447
2545
3658
5629
4492
5223
2882
4974
7323
6806
4396
833
1632
4467
47
3628
2853
1482
1721
6124
721
87
328
2986
1217
1971
407
813
1848
2719
3593
3557
4615
1963
283
414
1837
1926
4675
5382
5053
2618
4920
2812
278
342
2617
8392
2748
6299
5013
2138
173
2490
1417
1480
366
4035
2835
546
2300
2382
421
272
59
8899
5617
5101
1168
3459
5065
3317
3140
2738
117
2244
471
1415
2016
3053
1861
2445
1542
852
2012
290
928
1984
1461
2889
2810
2206
3063
2671
2916
216
2918
1180
2919
2920
3148
1304
3152
1347
3166
1356
2921
1237
1238
1366
502
3070
3069
514
5585
1957
1099
2297
458
2725
4198
2734
2967
804
2976
930
1305
1392
4493
4073
2562
194
750
1686
7502
1332
4135
1932
2462
2496
615
1373
1699
1951
3019
2917
1730
1631
2203
1287
