item_recommendation
25737
7872
8327
7541
8571
8093
7697
8117
7914
7613
1580
8360
7802
2839
4223
3977
8207
3794
8253
7560
8447
8033
3975
8070
8225
8183
8477
1339
2995
7669
7478
8056
7976
8290
3951
7437
8684
8420
3766
6073
5980
121
5765
3232
7649
4406
647
8522
6195
6365
9018
5410
1120
7245
8261
7407
7932
3763
7228
4414
4600
8167
1562
1652
1816
83
8235
5597
7636
6579
6178
5515
3060
5772
463
7738
1111
6493
8743
2605
1200
1657
1513
3238
7995
1639
1287
1145
4482
5159
6211
4290
8385
1523
828
6395
229
6154
5433
6140
4235
2159
1696
3587
6355
7728
4709
3377
4121
8848
2149
5134
5177
7782
775
8892
5556
5825
8187
7394
1341
1464
401
4166
1674
7492
4246
3972
8596
8709
4584
6658
7809
149
7282
3249
1320
1788
4696
2249
879
1535
2686
5489
8675
7293
5198
4088
4920
1076
4911
820
5470
8451
3420
8039
8499
5033
2779
5264
1404
7272
1437
1711
305
4135
3368
1246
8903
8819
8772
4873
2273
1744
5146
4051
8807
6970
5909
858
8511
834
5689
6850
3133
8751
6636
4809
6091
5784
5269
1549
8482
7577
4658
8003
4748
1777
6077
8998
1988
2219
5114
835
2935
8661
6918
5038
252
5791
7121
6559
8154
2236
678
1640
3036
3814
5254
2227
4830
8761
793
8722
8403
3235
7881
3292
2499
980
2165
8604
8879
8273
741
8943
5182
4366
550
3421
626
3202
1453
405
5395
1240
2200
7340
8542
798
7444
1552
1472
3608
4396
2062
2212
5538
7840
1131
2745
4577
1866
8410
2272
5729
1783
8616
2243
4262
4139
2231
5742
7826
1854
7130
5312
8695
4782
4386
8650
3868
5193
7502
5101
2832
1073
4552
5715
3324
8777
135
6690
8607
1739
4703
1507
4284
4273
326
4146
5787
8795
1196
6547
387
3334
1934
5723
3699
3163
8827
4084
4515
2504
1641
1880
3150
3460
6132
6404
3563
2300
1317
4731
3804
3643
80
6525
7789
8853
6906
1870
4945
1479
885
6383
129
4716
7753
6957
6148
6051
5348
5398
6279
5069
2966
8699
4060
1907
2912
6273
8670
6408
1463
8636
5666
5427
1686
5139
8589
3653
2506
7892
4941
7260
8491
3086
984
5315
8157
2316
5553
5498
8927
8524
2681
2531
1707
526
8899
3185
3213
2138
8008
7979
8633
3845
1767
3819
3066
5059
3936
4241
6624
5662
6056
3843
2704
529
1819
7234
1771
1569
818
1721
5808
7720
1931
3434
7938
7934
5008
824
8859
3780
2445
2719
5413
1258
7815
4821
7899
872
8014
3224
3489
2063
659
1046
8979
6446
4612
4632
888
8376
7139
718
5202
7099
6695
7177
521
2327
8810
2668
8136
5846
3404
3854
3349
8654
861
5443
2959
7619
1844
4987
2128
4194
1575
1826
3221
527
4550
7897
1812
4634
483
1852
8121
4673
1873
1804
8336
3412
7250
6458
8228
8600
7583
7115
7762
43
520
1791
7878
140
845
3996
4727
960
2761
7101
2565
1769
4458
5404
3515
5588
2835
3816
1310
4605
832
6476
3127
283
836
5850
412
1003
3370
996
1161
839
3889
5291
328
4486
4818
6927
6322
7160
285
6143
6498
183
5012
3284
480
1970
7186
6676
4316
617
753
321
7171
561
1482
3668
5288
3604
2031
6000
3354
4437
7334
6856
4178
5117
8914
5382
1713
7263
5942
2970
8625
733
2478
6473
6703
46
3210
8629
464
2241
2310
673
2786
1794
1726
1833
816
5926
4865
2193
7222
300
2659
7016
4033
5521
3408
4795
7192
966
3768
8961
685
2282
6390
427
6826
6021
3900
3247
2594
5108
5046
8580
1425
2860
3807
324
4171
1779
4740
7299
6440
6
5296
4432
5777
3357
3459
7135
6031
6294
5718
8977
4649
5989
3081
6728
2676
2486
2741
4207
3879
1440
854
3140
2819
5628
6669
341
955
5544
6482
8813
213
1891
6902
615
1785
8044
73
2647
6162
5936
6706
4848
5179
6422
1950
8730
1147
4310
3857
875
3152
2204
1941
5843
3660
4342
5707
4278
1480
6832
6484
1422
6260
1476
3250
5699
714
3281
1433
5250
1212
5438
3051
4626
7215
976
7458
4383
4399
7812
3266
6378
383
232
8915
7150
3038
4090
4688
4960
3398
656
5025
8057
3467
6400
1831
472
1099
1387
7204
4936
4079
8254
7136
2696
5464
4771
4378
3264
5282
3552
3875
8544
731
4684
2305
5684
4210
6037
8484
7888
1954
3751
5611
2883
7055
2170
2306
4098
1408
1529
5853
7958
3869
5705
4229
8689
299
3483
1419
7142
2203
3698
4947
4846
1667
8957
92
2459
3788
921
7199
6387
3664
3695
8019
4614
5888
4638
4895
8866
4619
6155
4175
6016
4815
8194
5010
3310
5655
7038
4332
6513
8871
4970
2516
1835
5111
5057
5066
8611
3326
4975
919
920
8528
3943
1610
2340
4570
5428
6800
6238
6250
3476
7117
2697
6468
3897
4018
5300
5366
7083
4140
3835
5283
6323
8970
8363
1916
4296
4465
4745
4381
3673
2557
2180
5458
4411
3546
7254
3216
8531
4954
3338
5087
6101
7123
3677
6877
5483
4321
3425
2106
5450
8196
1251
4989
4475
3661
5995
4932
5994
3992
3679
3771
3618
8584
6793
4749
5841
4767
5299
4459
5694
4403
6332
5505
5792
4464
5682
5506
6936
6228
5231
5255
5417
2511
4391
805
8617
8665
2828
6571
1631
3908
3194
5137
4964
3564
4039
5677
5839
4921
2642
3522
2427
3165
2936
2386
3276
2560
4859
5815
2494
7415
2496
7831
5534
1466
3188
2130
2379
2186
2350
6650
7161
2448
4761
6114
2784
5346
2523
4555
4854
360
2625
6718
869
7787
7585
5329
5617
2708
4971
1277
7757
5968
953
1268
2615
1444
4369
5222
6290
5151
6961
410
6281
1864
420
4524
6022
34
7020
4101
5224
6561
7564
5308
6760
5352
6237
1608
1699
5603
7487
2084
6954
7195
6977
2144
5585
735
2981
582
6985
670
3313
4765
6419
6318
1363
2304
6751
5636
3316
2528
4055
2806
4076
1746
7990
2371
4254
661
