item_recommendation
25737
8093
8327
8447
8571
7872
7541
8117
7613
7437
8070
7914
8385
8253
7697
7669
7636
7649
7802
8290
8477
7478
7738
8420
8056
7560
8522
8225
6365
7407
7394
8360
8003
8183
8033
8167
7245
980
8670
7186
8819
8207
7753
8684
7705
8235
7817
7293
7728
8661
5296
5909
960
8654
7299
6559
6748
5264
7976
5980
8751
8403
8008
6521
775
7782
7099
6195
3368
8410
8589
6658
8761
526
1523
7748
285
8187
8998
5159
6826
4121
8745
6624
6728
3587
2212
955
8961
8499
7481
5926
6892
6609
7107
7577
2062
8039
4391
3281
2374
1024
7932
6355
1816
6091
695
266
5017
7250
5825
8482
7487
8154
8507
8614
8665
6207
472
1590
7311
4414
232
5597
7272
5117
5164
8157
6791
7484
8709
6178
7135
5723
7789
8879
984
1046
6550
8695
6579
7415
5611
6440
6077
48
6568
1352
969
953
3996
321
5489
2860
2340
129
6562
4584
6636
8044
45
5888
1744
7160
8604
7380
3804
6918
5839
5329
6143
5936
7990
1907
5801
2531
7878
4761
6535
954
5558
7938
6400
5815
5968
7034
741
3232
966
6383
6591
4809
6148
6739
6920
6283
840
7282
7121
970
7831
8009
5012
6762
8633
2506
6254
7502
6662
6000
858
3420
8422
1844
2288
5693
6276
7979
3869
1513
8743
6999
5515
1013
7566
5832
3871
6798
6977
6021
828
8827
5378
8864
8984
7234
7211
8772
5410
6724
5857
3176
5134
2941
7584
5900
7044
6370
6348
8948
7845
3997
8908
8950
8526
4692
3492
4292
4811
1824
4020
6415
6641
1336
8131
6760
7096
9018
912
3604
7204
4427
7212
6880
4290
5765
6703
6318
4417
3235
7090
647
8491
6695
3752
8910
5662
6953
4911
100
7189
3213
6493
5971
1639
6684
1003
4821
5734
4605
5291
5193
2241
4432
4920
1531
6751
4696
6757
1657
5850
3560
861
8629
951
8854
8530
8914
5772
2686
1580
6116
7809
6862
6140
4600
6446
6154
7195
5873
6203
3845
4873
4941
6294
7228
7995
5809
4658
263
6840
328
2935
3975
6211
5226
8781
4686
7316
7826
6073
522
7263
881
5033
7456
8596
5581
626
8404
8903
745
6650
6223
888
8777
6498
6981
407
1652
996
6676
6686
7089
6970
5473
8583
2149
7583
5568
7038
8191
1866
196
7759
1794
8261
5433
7881
6811
7354
140
527
8859
521
3854
4270
6966
6536
4765
4366
6957
3377
5917
1870
6630
1111
1702
2659
4188
5008
6390
8574
5655
872
4945
7771
7786
8609
957
6974
6565
5470
5965
3127
8722
1288
2159
3816
4666
6832
8575
6395
8511
7720
6902
8239
6509
5703
2437
6885
3113
3210
7619
7841
5080
3882
2300
535
2839
7743
427
8451
6404
6731
4437
550
6298
8977
8268
6743
1941
6944
6464
6964
1281
7115
8453
7840
7208
6003
7051
6995
6436
2227
6927
5198
6132
981
2688
6850
7818
6615
4135
5569
2248
3978
8675
7340
6121
6242
7078
7936
5021
189
1696
5177
5945
6314
870
994
6718
1004
724
7095
2605
8727
5882
4782
1393
3503
5588
1057
15
7325
1295
2779
3947
4246
5312
8699
1529
839
31
1562
1433
963
6803
5787
5425
832
7844
7706
7843
6185
6617
7355
733
7492
8807
2912
2038
3977
4223
4051
5618
8459
485
6806
6162
990
2829
5689
7822
6940
2231
8600
7444
4088
3238
976
3508
523
9010
5387
4079
4577
3324
7820
2609
5125
2676
3140
1767
2173
7569
4228
5699
8848
1125
7888
8899
735
1120
5729
3608
1970
454
4638
5707
3632
3751
5808
6513
4846
2504
1839
7627
8132
1131
3799
8016
2772
7011
5791
7624
1507
5114
4984
5210
7254
818
6777
5742
4756
1812
8927
2154
6893
4731
6530
3518
5151
5139
6612
5556
1394
5923
731
6525
4262
5443
4709
2752
964
720
8607
737
288
3153
4987
4420
7016
3216
12
4552
4865
2311
474
7020
986
8136
8376
1641
4394
5161
3875
5046
3370
8622
4081
6375
4885
725
4740
4830
7177
5784
5269
8484
6047
5146
5413
3786
4076
7757
965
7762
3292
5208
6896
6713
4162
4861
5530
4235
1012
3693
2236
2959
8366
1437
7892
6942
4914
1497
1515
6735
8121
5768
1476
7366
8392
2730
101
1078
3522
7899
6595
8576
8979
8019
8616
5202
1788
880
2346
6628
1187
3188
8462
5954
7050
5427
4255
2516
1060
7713
6835
4033
1029
8943
916
7897
3951
202
3668
2433
7040
1771
2780
5179
2499
2497
6279
7055
183
2764
8892
934
2344
4632
7067
7620
1367
135
3074
2468
2442
6643
2371
5352
8636
5866
5715
6230
961
5521
3489
5282
5254
4161
6571
5666
4649
7815
3060
8813
750
4086
4273
6906
4284
1020
3334
5440
4375
3028
5853
6856
1030
8718
6122
6426
6322
7126
4901
6329
121
6887
2696
5899
4321
6771
3086
1028
561
1569
4727
8142
2379
7260
4241
5038
3936
5398
3810
6476
1453
6333
1973
1516
659
3768
7585
6243
4139
886
6884
6744
5182
6531
1819
866
7123
2496
6331
2798
3653
2138
3379
4936
8643
6260
5952
7142
3643
1827
2003
3404
3885
4840
4795
6107
4316
5
3207
7348
5065
6460
6706
8228
3268
4706
3408
3483
7073
1026
1346
3434
3125
3646
6273
1678
5745
1317
7453
7147
824
2966
5633
1047
1777
3863
4226
4380
5018
5872
6782
401
5705
3431
8795
3163
5186
4626
785
3157
5609
6269
1331
5236
405
8768
6408
1329
1701
5214
3913
1504
7303
8797
5843
154
1042
4524
1525
6669
8620
5250
7215
5605
8640
2669
6502
4967
8014
7130
3868
4166
5464
4771
4801
4721
325
1019
1624
6244
915
2004
8866
2668
1035
6482
2475
7372
7285
2082
4614
2689
3417
1444
2204
3474
3487
3534
9004
1053
470
6950
8580
742
4386
2577
8790
608
6480
8642
4389
4814
3766
4895
7036
8857
5560
4194
2620
5538
4482
2210
2396
520
5483
2618
5747
2490
4177
52
5710
5810
1582
2622
5122
3761
3344
8525
7155
3615
8712
8612
