item_recommendation
25737
7872
8571
7541
8093
8327
7613
7697
8447
8360
7914
8183
8117
7669
980
8225
775
8290
7437
7560
8070
8033
8253
7636
1513
7782
8403
1523
7728
7478
8056
8154
5264
5159
8522
1003
8661
5515
960
8420
6073
8743
8003
7802
8499
8207
8410
8879
5723
6579
5410
731
7938
1744
8772
733
7649
3232
7407
8596
984
6091
8385
741
8899
5008
5597
1046
955
8477
1515
2227
3368
6154
6178
8684
8859
3235
8235
4821
1507
6970
6355
5765
828
7738
745
5742
8777
626
6918
4550
8761
2686
4658
7753
1777
3324
858
1812
8376
7234
7878
2659
5662
8136
8998
5729
6902
4437
976
695
953
232
8709
1816
4584
7293
4600
3751
5909
8636
6260
5186
526
8961
129
2186
4740
3875
4076
4941
5715
8699
912
6728
2769
5177
1767
1870
969
5288
6365
6195
5772
5853
4731
2935
2605
5980
5768
954
8848
4366
7245
5033
5675
735
4787
4798
5198
9012
401
8591
1053
4782
1288
2062
966
4262
1907
8654
7831
266
8580
7186
7394
4809
3281
7204
8819
6294
285
1042
5936
964
4873
1020
986
5611
5134
3188
1057
1317
5489
1024
5282
6826
2173
720
5210
864
7254
48
8665
5839
1562
1006
951
7619
6404
724
6314
1437
4984
990
2668
8167
1004
6493
3869
5689
647
6751
1624
915
2212
5312
2340
4188
970
6559
8807
7171
2300
4162
1739
981
840
1060
4696
4795
2937
4440
3816
3608
798
5815
1771
2780
2709
2241
4079
4247
6436
7786
2236
6718
888
8589
4765
961
2688
2318
2912
7720
4920
8187
8720
4577
6760
8670
4638
1021
6318
8977
8261
3668
2772
5473
963
5296
2687
2396
6630
4727
1580
5038
2647
3093
870
5787
2801
1047
3292
3417
1819
5968
893
7976
7263
535
6498
1831
2956
8008
7757
2798
2496
1187
5834
725
4923
8722
3238
5440
5666
7809
869
2415
8633
3819
2197
5117
994
6676
719
2982
8927
4801
4153
3489
101
8239
7888
3900
4911
7272
8910
189
472
1497
8451
1147
6547
3377
5693
968
1145
1026
6408
1125
4391
7771
1639
3334
2545
8607
5275
5808
7881
6803
2504
5752
1030
5398
746
8629
4414
1508
6322
1209
659
881
6207
8387
3127
5655
3587
6509
6835
5254
4432
957
4241
5443
5588
6121
6636
3632
8751
5139
7316
2959
3936
7748
7260
6513
2799
8689
6568
8228
5795
6684
2696
8864
8462
485
5323
5470
9010
8542
8943
4936
965
1472
6624
8620
3428
4171
1652
7078
885
5641
4375
5699
7583
4830
3456
2374
2347
4632
880
5365
1657
6242
7705
2288
8142
839
1531
4901
8147
4686
8392
1876
5341
1013
6077
6609
2897
8609
5017
6422
3702
8604
8865
2815
5193
8524
753
4316
2344
2513
45
5291
3307
2407
5170
4177
4417
5710
1569
6658
5114
7932
7919
2385
6612
1352
916
3863
1608
8642
2660
6932
218
9018
7299
1581
7698
3924
3263
3928
7445
3707
4639
5400
8833
8840
7944
7587
6290
2892
1980
4161
2366
1476
8768
1631
474
5433
6000
8169
9001
6375
1525
3882
2741
947
4051
6748
7817
6390
4649
5161
3338
1010
6148
6530
6143
8914
5462
7282
5672
6341
6985
6800
6768
4404
2481
1173
4861
6464
6706
8903
5940
996
2981
2752
1040
3213
3575
6395
4603
5285
3081
1711
656
527
7502
4878
8799
8640
1111
1501
522
4462
4945
3284
5097
3761
7155
3639
3615
3344
8133
8612
5122
2434
8831
8525
3479
8712
4238
5840
6566
1844
8882
4312
8388
6132
2398
6774
2440
1132
8482
6047
5053
2976
4511
4251
998
6440
5625
7822
750
3268
6211
3207
1676
1281
3996
7419
4121
5466
2183
5832
8275
2342
2441
2546
3655
4680
2506
786
2478
6550
4263
7038
2835
6896
5732
2437
5684
8920
4612
1031
1688
4976
7789
4246
2442
1008
205
16
7894
5363
2669
7990
8835
1012
4095
3408
2617
7208
3354
2458
9004
1590
5055
5572
7107
5735
7487
6885
3714
5203
5182
5570
4016
726
1852
2427
2770
6850
861
1032
5888
1643
2983
2582
5352
6331
718
1016
875
6591
1582
3420
5498
3438
8838
2689
3758
1019
3804
6963
6035
3604
6279
2473
4101
3431
1696
2651
2159
4450
2404
2120
3795
879
5558
1059
3210
6286
2500
196
2433
1037
3854
7995
4033
1192
6920
7198
1367
3656
5518
8123
5243
4024
2155
6103
816
8667
7346
6887
2793
973
7357
3194
2860
5696
4929
2802
748
5685
4290
7309
2609
5836
3957
5401
7099
4420
8672
7235
3452
3611
6732
8949
4104
6432
8828
6754
7063
802
8366
2439
5826
3851
2184
6645
1493
5034
5003
3497
1750
865
1017
4967
5746
3654
7702
6060
4300
8872
5847
5926
2154
8921
8371
8197
5056
5670
6105
8610
5700
4895
4980
5796
6584
3499
793
4832
4477
5678
4677
4889
5736
5686
7153
5680
5690
7947
5825
4837
8985
8966
7228
7017
4994
8785
1617
5002
3251
6470
2248
5667
3825
5577
5517
5001
6743
1500
4833
5004
8158
8130
5810
743
2640
6342
6852
6851
3024
7577
3500
7791
5373
3491
2761
5585
8582
1721
2548
2832
3173
7012
5065
4834
1516
8955
7121
892
7492
7011
6892
2533
6977
3584
8138
8423
7126
937
4897
1794
6744
3845
1660
3152
8039
4105
8372
3256
5413
1834
2779
8453
714
2467
761
4428
2621
4349
1429
1788
105
3889
4761
3241
886
3759
3880
6225
1970
2368
3150
3096
2231
6739
3218
1805
1479
3199
2004
321
721
3351
4999
742
3051
5085
1517
8827
6533
3113
2352
4933
2622
938
8638
5218
3427
1453
844
6536
8781
8157
8511
1225
7415
2009
785
4885
2764
872
1056
5241
6827
1331
6974
8491
1504
2383
6703
1393
8574
7484
6243
3495
5202
1104
6296
3140
6521
2730
1036
4914
999
4987
5395
1702
2418
3602
7444
934
7792
3402
2118
833
7380
2082
6348
3908
8044
5857
1041
492
2827
737
2786
2745
2993
3296
3596
824
6056
5556
