item_recommendation
25737
8327
7872
8117
8571
7697
7541
7437
8253
8093
6850
8447
8225
8360
7560
6257
5109
3846
7914
8033
6785
7802
5980
8290
7669
3422
8183
7613
5305
8056
8207
8420
7407
8403
8743
5581
8477
7782
7411
7649
5159
7976
5723
8003
7636
4506
6918
4941
8235
4366
6676
7478
7728
4420
5662
8772
8167
2759
3816
8039
6365
8070
8684
2275
6178
2659
6826
7115
9018
5765
3232
8899
8596
8154
4873
6902
5515
8859
6782
7234
6314
6970
8589
6154
7932
7786
1003
6073
7577
7938
980
8522
8629
7186
5655
3324
6121
8376
8136
7152
3875
8499
8157
7354
7228
4550
6503
7263
8695
5952
7135
5745
5008
6579
6260
4731
5193
8261
7340
8665
5729
3188
8636
5312
7878
7995
8998
7394
8961
5742
3368
5597
8709
4407
5161
3281
8661
731
6771
1870
8462
7502
7245
5909
8807
2478
4840
2605
8607
3417
4228
3235
7888
6091
8689
6862
7881
4765
2647
659
4153
6047
7753
3377
1907
8451
4194
4432
6502
4821
4761
5875
5117
4316
7254
6446
8879
2409
7748
6609
4200
960
6021
6650
5433
5703
5186
7160
1437
4830
5038
5553
6355
7897
896
7809
8718
8979
6728
5715
8511
8524
3848
5449
4795
3584
7487
5413
5853
976
8142
2780
6636
4920
4649
4437
8385
7293
4076
8892
4251
6493
5548
8654
4552
745
6718
7130
3125
6390
3646
5288
6748
4895
3028
5768
8819
6612
1513
6751
8943
7492
4923
3307
5075
8591
5675
9012
4045
9001
3702
7126
8840
7445
3928
8833
6932
3263
4639
3924
7944
3707
7587
7698
8542
6509
2660
3127
8642
4079
7171
6630
8482
8675
7204
4987
5834
8827
6103
626
3194
8616
3799
4584
2676
1831
6530
6840
6624
5275
4171
775
6140
5888
129
6062
7299
7147
3819
5699
4801
7038
3474
4401
6559
5850
4121
7315
4911
3668
8920
8751
5033
4577
7831
4846
1438
5625
1161
6243
5752
8410
6760
6744
724
9004
6550
3860
6404
733
5810
5198
5254
8491
8777
8580
5968
7481
7334
5046
8014
4854
5710
2231
4885
8640
2418
5588
6887
5666
5291
3218
8903
8187
7738
2331
951
5734
3251
656
6242
5940
7792
5323
6684
8625
6400
4404
7282
2982
5177
6832
5410
7743
6035
5611
2577
4367
984
647
3163
5689
101
6237
6084
2769
5498
8813
4936
3714
6383
6290
2407
4878
8914
4537
8768
5139
7121
1317
7026
1367
5641
6114
1812
4246
6513
1515
7180
2300
7008
1104
4369
5923
3809
4740
2617
5214
7192
7892
7016
1507
753
3653
6835
3975
4984
7136
6985
4414
7894
7840
7458
6143
6162
4782
8604
6195
2704
4848
8622
5808
1777
8848
8830
7161
7771
964
7585
5365
3250
5134
7616
3515
4688
7150
3038
6378
8915
4090
8057
7812
3266
8194
3467
8790
189
4002
3795
685
8254
401
7456
6927
6706
6547
2622
8699
2961
8866
2654
8008
4409
4874
4775
6092
2585
6788
8369
8137
4993
7883
5816
2891
3077
5304
3698
7004
4167
947
8121
1021
4515
844
986
2799
1408
3726
4844
7260
4241
5398
3936
3334
8923
7320
1135
5839
3724
3157
7766
5866
1006
3256
7619
4945
76
266
7448
5891
8600
1624
2696
6591
6440
3213
8617
4440
5102
6265
4901
8871
2394
5926
4039
8882
7822
6498
4491
8810
7198
8531
4509
998
8422
4792
4427
1517
7419
3456
7705
4417
2956
4638
8147
5732
5795
4696
5585
990
6408
5165
5603
2897
8720
5825
5307
7569
5443
4262
6377
6867
858
5267
695
492
3428
3351
6703
6031
5375
1468
7826
5971
2288
962
5521
3981
969
6395
3173
6480
2937
4963
6225
3854
6294
5936
1012
2594
2347
6027
6658
2374
5489
7272
3199
8614
4101
1288
4016
7055
2772
2144
6331
6961
3660
735
8199
7095
5363
205
5055
3394
1225
8670
965
2433
2496
3207
4652
8808
48
5466
3357
3483
6422
1562
4976
2415
5356
5985
6436
5080
5264
5285
1581
5282
4033
6957
8275
6950
892
1771
154
3759
3978
3927
885
6816
5772
6464
6525
2078
8700
6774
5458
5707
5620
5053
6211
3649
2686
7764
8672
1834
5735
1301
4162
3758
6966
3693
6695
2798
4478
5012
5569
3489
2073
4139
6803
6223
3540
2500
3310
2154
5329
5942
880
5438
720
2976
7303
8042
2688
5815
274
3284
300
2981
886
725
5672
2323
5360
6768
4861
6116
4098
3408
3359
4312
3358
2546
7177
6721
1472
2284
8484
1466
6051
93
4355
1702
6993
1060
1145
8838
6521
6827
7096
5843
6279
8638
4600
6283
7919
5121
2581
3882
875
1047
3402
5568
2668
8453
5346
1690
1739
1844
4691
7078
2377
4310
1053
4326
1804
7099
7142
1862
8507
2912
1816
188
4736
4876
8366
2120
535
6800
5022
1187
7034
5684
6678
6375
4450
6995
953
7762
7415
6426
1057
8835
3632
4005
2639
3784
3892
3159
5199
929
4643
3262
4888
2880
3805
8984
1212
5604
5387
2516
7104
6743
1358
2473
5203
263
5712
7371
2188
6942
5372
8574
2900
3086
7257
6940
5914
2775
2621
4462
6858
6442
3880
3801
3587
5462
2824
5572
5243
45
2995
5170
1750
3575
1429
4482
6798
4859
3604
2404
7459
6963
6645
2184
485
4727
865
2458
2062
6896
5021
2796
2832
6132
6204
1631
6535
4642
4066
6286
7211
5556
864
3499
3957
6342
7702
6341
8785
3825
8949
8130
8610
8123
8955
6732
4104
8966
3654
8921
8872
8985
3611
6584
4477
4300
8828
6432
7947
8372
3491
5003
5700
5696
5690
5686
5685
5001
5680
5678
5002
5670
5667
2513
5004
5034
8423
5056
5517
7309
5401
5400
7346
5373
4994
5736
5746
4929
8138
7791
8582
4677
6851
7235
6105
8371
7357
6060
8158
4832
2640
6852
6754
4889
5847
8197
5836
5826
5796
5577
3497
7063
7017
1617
7153
4834
4428
5473
7012
6954
1531
6662
4247
2548
3465
7757
4999
4226
7820
4270
3093
3851
7208
5440
5693
5621
3798
3241
4980
2385
218
8781
5864
8633
6516
8268
2764
6148
