item_recommendation
25737
8571
7872
8093
8327
7697
7541
8117
8447
7613
7914
8360
8253
8033
8225
7560
8070
7437
7669
8290
7802
8477
8056
8183
7636
8385
8420
8522
8684
7478
7976
8235
8207
5159
7738
8003
7407
7782
8403
8661
980
7649
8743
7728
8167
1003
3232
5264
8008
8154
6178
6703
8819
8709
9018
775
5909
7022
8879
8596
8654
8761
6091
5597
6365
8499
5765
7753
4577
7394
8772
960
3368
8670
7938
7932
6579
7234
8410
1046
1744
8899
6559
8998
7293
8751
8187
8859
4821
8589
6918
4366
5515
7186
4782
8482
5980
6195
1816
6154
3235
6624
5723
5008
6728
7245
6970
8961
2659
1317
984
2935
8665
955
626
1513
4584
5296
3816
8039
7888
7705
1523
3281
6073
5410
731
976
2668
5117
4550
1562
4600
8777
6826
4437
7577
8633
4920
5729
401
4809
3773
4945
4941
6658
8827
8261
7995
7272
6276
2236
3324
6850
1812
8699
953
7228
7299
8807
4731
266
8511
745
6355
6636
7282
8376
5498
6609
733
6318
8136
8910
2686
970
8927
4121
5662
1907
2062
6314
526
1777
7786
7809
1696
2772
7487
5926
647
7263
3875
3188
741
8491
4658
695
858
1515
4873
7204
1739
7619
8892
7878
8604
2761
5936
129
718
1288
5134
1040
5839
969
3587
5772
7099
285
4911
2300
1472
951
6077
1767
2212
5033
7748
872
7107
4649
4846
7831
4984
5198
7840
7817
5611
4761
45
6143
4262
2605
6748
3632
4076
7492
2374
6591
8864
48
8607
6902
8629
2937
6630
3093
7502
7881
2780
6390
912
4765
7789
8636
2981
3377
2227
4432
7130
3417
1024
1676
6550
232
7757
2340
966
6739
4188
1580
5742
994
8228
6751
5815
6493
1721
8451
7415
8542
870
1556
5888
1831
7121
8903
1507
6547
6000
2982
880
6568
8848
6509
8943
7826
5850
957
6676
1012
1006
8462
4162
6706
6207
6132
7990
485
5312
3081
7720
5186
3051
5825
5693
6148
1145
4638
954
8675
3608
8977
986
7771
724
5254
8239
5291
5473
7316
6440
2427
6760
7171
4740
798
6684
5177
4304
990
2704
6862
840
263
8157
2173
1437
7189
659
4830
5193
656
5489
1834
2288
1844
5787
3428
8745
888
3292
2793
4251
535
3668
8979
4414
2521
1125
2786
2897
6404
2159
6260
6695
8695
6977
2912
1020
7484
6294
205
4171
8781
5210
6498
5433
8914
1053
6121
4923
8580
3604
5288
8689
1870
3996
1624
8810
1209
1702
3176
7038
5715
1608
7583
3869
4795
3127
8169
5808
4552
8524
6521
5655
8722
2155
6803
2583
1476
4801
2546
8392
7897
5139
6322
5161
1783
964
7254
1959
8650
2798
6840
1225
5226
1013
6021
1569
2959
6718
5832
6932
816
2344
5569
6140
4440
1531
5470
8616
4901
3702
7444
965
5413
8642
5588
9004
2766
7456
8121
4316
5857
5046
7135
1852
2647
1788
2866
2832
2439
725
934
6211
7892
3213
7380
6762
2617
7566
5968
5641
735
7944
3263
7698
7445
7587
8840
3707
3928
4639
3924
8833
5689
2478
2660
4079
8044
8484
3408
6832
3194
3819
5752
4555
7078
5834
3150
7743
1824
5675
2975
4814
4420
5853
8507
3028
5012
6612
7325
8142
2496
1951
7958
4861
2966
8609
7211
881
885
2687
2633
3296
7894
1057
4246
1042
4885
785
4427
8453
685
8387
6535
7759
189
6047
7311
6383
8984
8591
6446
6348
915
4936
3125
9010
5556
4987
7208
5398
8268
4375
4404
2925
9012
4194
5809
2775
5768
753
2407
828
2318
2799
2399
2835
8620
3163
8920
6641
1135
2976
8813
6513
6650
6927
1771
4051
1652
5558
6920
4632
1060
522
5801
1363
9001
2769
6530
8530
1997
8009
6885
2504
2581
6791
6395
8014
875
5164
7584
3997
4020
3795
4696
5666
1021
4840
8625
5900
2577
2120
4292
4811
6415
8526
8908
8950
3492
6370
7044
8948
2941
7845
4228
2396
7334
4692
2154
5038
5568
2046
2956
6835
101
4177
1690
2186
6892
4153
1004
2078
2688
6880
7762
7979
8194
7160
3307
5699
1063
2442
162
4391
2231
1759
2922
1104
2596
1233
3752
8614
2215
2403
510
3134
3147
3334
5873
2285
3005
2789
1388
2393
5703
161
2364
8574
3751
7016
947
1186
99
1204
1226
1616
167
2715
1080
3177
3042
3068
918
2074
704
4161
306
1184
2325
2082
3456
3211
1367
7192
3643
3854
6957
427
5795
7458
4878
3882
3584
1639
7126
5378
1730
2043
1973
2327
472
7096
1804
7260
746
5365
3646
5585
5810
1132
4666
6662
3489
2843
1196
2674
1187
5017
2342
3210
6744
1750
2398
2347
8799
8865
3863
3799
144
2858
1026
3693
3251
4241
3936
2494
5021
8388
327
4515
95
507
6400
7011
844
981
998
2284
793
1059
7624
8831
6566
7155
1841
1218
3655
5440
8718
4848
4914
3320
4603
1429
866
6944
5521
1085
7820
474
213
1352
5275
2699
3615
4238
5122
5097
5840
3639
2434
3479
3761
8612
8133
3344
8712
8525
6375
5114
2600
8866
3467
7812
8057
4090
3266
3515
4688
3038
7150
6378
8915
7136
3698
2801
6162
3006
4686
4135
2004
962
2038
8254
7055
2572
1281
8768
6669
3560
1876
1970
8600
6856
2634
6690
2983
2582
1394
1066
1794
6774
8720
886
3714
4033
4394
6408
4290
5458
3602
7585
1286
2429
2415
1408
8871
5304
1529
4369
2366
4491
6107
4039
1032
5538
1581
3207
47
2146
963
3431
3250
348
961
7792
2134
5581
6039
1095
278
5025
1972
3071
7161
2346
3978
869
531
4727
5942
3596
1873
8531
2990
8808
2752
1161
2039
1028
2802
2727
6051
2676
3113
4166
5707
2204
5952
991
6798
5603
131
2986
3256
2350
5965
4024
2815
2404
1582
6966
3402
2310
8273
2946
196
5443
2507
6031
8617
720
3804
6502
2207
2021
3649
407
5605
2689
1689
5053
7766
3653
4066
1810
938
4326
7110
4462
824
1111
899
1487
4895
3199
1479
2745
2433
1078
945
5282
5734
6768
6473
