item_recommendation
25737
8571
8093
8447
7872
8117
8327
7541
7613
7697
7669
8385
8225
8360
7914
7437
7560
8253
980
7636
8154
8420
8522
7186
8070
7649
8033
8056
960
8661
7782
7938
8961
8183
7738
8403
8670
8290
7753
8003
7234
7478
5159
8008
8859
7705
8899
8998
745
7728
6728
8167
8743
6521
8589
8654
8665
6826
8879
5117
8477
8235
2659
5909
7394
8596
8207
7407
6609
3368
4821
5264
266
775
731
6748
695
2374
984
8410
969
1003
6630
6918
8507
8761
6365
8709
7802
8819
5723
8684
6314
7293
7976
8499
5597
6535
6970
7619
8751
7263
7299
4550
6559
733
7817
5008
1024
4761
6091
5296
8376
8136
6892
45
3875
8453
7888
3232
4437
986
2062
4941
285
3324
7786
6751
7204
3188
951
7878
6355
6612
953
724
6178
48
5164
4414
8984
6550
3869
526
7831
976
955
6254
6798
8462
232
8772
3882
101
4417
1046
4427
8920
7990
6579
840
129
7245
3668
6624
8131
3816
5765
4251
7189
1515
6568
6760
6981
626
4079
6791
7748
2780
1523
3307
3235
970
4432
6116
4577
4731
6390
6318
964
4936
6154
8633
659
6143
1907
2769
4923
1288
8689
8977
535
1006
4391
5834
1012
3281
3127
880
5839
8910
7502
6207
966
1437
725
3113
3417
7771
6840
5515
1187
4801
7484
2418
4171
8268
2660
1744
5611
3263
8833
8840
3924
4639
7587
6932
7445
3928
7698
7944
3707
7881
2288
5926
7096
6591
2647
7818
3632
6920
485
7107
647
7126
8642
8854
7789
2340
965
8745
5968
1021
1507
2300
4076
8604
5936
9001
5971
4873
1352
6562
4895
189
8039
741
8864
5815
8699
8580
5021
7894
7311
6744
858
4366
3799
6862
4885
6684
7932
6850
7038
6242
1513
5693
472
7180
5810
1367
6803
912
962
5729
9004
4638
4404
9018
4782
3028
8827
7272
7481
263
7380
4984
4153
5017
6536
3795
7792
7415
6676
5662
8482
2798
7099
8777
8187
1812
981
1125
7809
1057
3714
3702
8142
3377
2415
5365
2478
4809
2982
1004
8781
2688
2173
2860
915
2772
6977
1624
6739
5588
7487
7316
3428
7135
8491
3693
3207
1531
7577
6902
735
6774
5952
6985
2617
1581
7090
8636
5449
998
6446
2407
1870
1590
3251
6832
5033
8857
3871
957
3157
3819
3218
886
5186
6703
4121
3996
5850
3845
4844
1810
2347
1824
5752
5768
6835
6073
15
5585
888
7979
2212
321
6260
4262
6195
4920
6565
1771
6440
5801
2433
2937
2236
8044
990
5715
6885
6283
5440
4584
1042
7195
5312
6731
1020
5965
4162
205
656
5742
7208
5329
6957
8574
522
5857
2496
2799
881
5675
8591
9012
5288
5853
1019
954
6513
7211
8914
5832
2935
4846
6641
6777
5558
3584
492
4188
8575
6762
7583
8009
6718
844
6348
6999
6077
4740
2622
6658
3997
3492
2394
7171
3210
1060
5226
100
5900
7044
8526
8950
6415
6370
4292
4811
7845
2941
8908
7584
8948
4692
4020
7566
963
3093
3752
2344
8404
1767
5080
7759
218
5291
5139
8583
1053
3238
5836
7282
1517
6186
8848
6294
870
5198
8366
4228
7089
8927
4045
3604
3805
1508
6000
5568
3387
968
1030
8261
2318
8451
7254
6047
1676
6243
3213
5489
5210
1013
5888
2404
274
2605
4066
4840
1336
1562
2548
3456
8865
2366
31
2241
1438
6148
5410
9010
1026
4658
2764
1844
6375
2621
3608
6927
7078
6636
8387
2900
8614
6686
4795
1017
3176
2227
4765
6695
2793
5378
8392
5825
8191
3160
5165
1010
1752
4420
8807
7841
2801
7011
6493
961
4967
6743
8530
8695
2473
4914
154
3402
6185
6615
7355
6617
7706
7844
7843
994
5655
7505
8484
3751
5625
196
5923
6944
2981
7624
76
947
2581
4316
2331
8228
6121
2730
4666
2154
6811
893
8979
6880
1834
1476
7757
8629
1047
1330
6724
6331
6509
2897
3256
3560
8620
7121
6103
5203
4033
2004
5873
2186
5413
3587
6768
720
8607
8239
6400
5012
380
6887
2609
5980
2687
3854
8511
4876
6498
3489
6132
4736
5352
2654
407
4903
5699
1739
5000
4086
3199
8169
6114
3394
8638
4649
3351
7897
1032
2183
7160
2409
2513
5275
6021
6547
5882
5604
1295
6531
2120
4861
7826
8609
8640
2741
7743
6516
8576
93
872
5473
5809
8906
7034
4108
5641
7764
8121
6858
3508
2368
6436
2651
3194
6404
1040
8727
4263
8147
6203
5055
5945
4945
4632
1429
2775
1014
5940
3860
885
1636
4394
1876
7720
4976
5600
6896
6464
8388
6234
5282
4603
6650
2038
4135
8720
1225
4706
5433
5710
5787
8524
1281
3034
8768
4016
2385
7228
8943
8422
2689
5323
7386
5735
8132
8700
401
864
7055
8542
8882
4511
7020
931
869
7155
6566
8799
8831
4375
6662
6953
892
2516
1569
3611
7456
498
4161
5899
4177
5285
5038
4255
4980
8923
5458
3758
7840
5569
1132
1209
6966
2442
3575
6123
2458
3863
4727
1819
4389
4238
8133
3761
3479
8712
5122
3344
3615
8612
5097
5840
2434
3639
8525
1777
2188
2078
5053
748
1816
5812
6035
8492
5271
7936
4901
4718
4987
6530
2533
8600
144
6367
1750
6298
1525
2956
3964
5009
5243
8903
4925
5443
802
937
7250
6104
4462
5168
828
5177
3503
1173
3540
2709
6827
8157
6963
5666
6140
935
5161
6223
8194
6286
5732
3759
5214
6964
2912
4024
2082
5795
5241
7995
746
5363
7012
3522
996
4830
7346
6261
1497
6706
5498
1839
2248
4696
7357
1317
5772
4241
5398
3655
3936
7260
3156
1690
719
8813
726
788
3284
6383
8275
5254
1078
5134
3889
2696
7219
5572
4552
7419
5530
7115
6584
1041
5400
4680
7130
6162
2352
4933
973
276
6422
4290
4401
6534
1394
3913
1147
5891
4440
2892
6341
5689
3431
5061
7822
3334
1008
2506
5672
2829
8838
2437
2441
5
4686
1696
5466
7334
1419
1831
2546
7198
1016
6470
2624
6645
2184
5170
865
1059
6276
1135
