item_recommendation
25737
7872
8571
8327
8093
7541
7697
8360
8117
7613
7914
8447
8253
8225
8183
980
7560
1523
8420
7437
8070
7636
3232
8033
5515
8290
7669
8522
5159
8056
7802
8154
8207
1513
7782
775
8477
3235
3368
8403
1003
1744
8385
8661
7478
4795
7649
4830
5597
2659
232
888
3324
5198
8684
4316
2605
7728
8003
858
8410
6154
285
2212
8879
5410
7938
1907
8743
5186
8235
8596
4809
5264
733
6178
5312
8859
955
1816
4696
8899
6365
7407
5909
1046
8499
8772
5008
695
7234
6091
8761
4821
976
4941
960
6579
8633
4584
6970
6728
4873
129
1024
5765
2227
4731
1562
3281
969
9018
7186
626
3604
3816
4414
1831
8998
7738
5489
1352
266
7753
1437
1767
2686
5723
2062
6918
6826
984
731
881
5033
2769
741
745
1812
8977
2300
4550
1794
8961
8654
953
8376
4600
4649
966
6355
1777
526
1844
4262
990
6073
6195
6760
5177
5729
8819
6636
5742
1515
8136
986
2288
5611
3238
4861
2772
7932
3188
4658
7245
3875
3210
8167
4765
2340
2496
4437
2241
4246
8008
4577
6850
1006
1507
45
4782
994
472
535
48
4076
3575
1288
6559
2780
8709
3093
828
1870
951
8751
8777
4366
3869
7809
1281
6751
4801
3428
6498
4987
4638
7263
3194
5161
6902
8927
4228
2504
3086
6260
2935
981
1013
7228
8665
4401
2374
8670
321
6658
1631
6318
7282
8261
3127
8910
6624
1057
2688
8636
3632
5117
3292
912
8699
1132
4920
1060
3702
7976
954
7786
3845
1053
1131
3649
401
3354
4121
3759
659
5053
970
5473
2912
840
7878
7394
647
3173
3402
5470
3668
1590
4079
485
7888
3417
2173
5346
4101
1394
2467
1771
6148
996
7881
1187
3587
886
1209
5588
6803
1580
964
6395
2609
5839
656
1004
4563
3377
3420
2796
2798
1161
2159
5772
7831
3357
5641
1652
5689
8604
872
3125
8451
8228
5936
5662
8607
3522
957
2976
7107
6314
2647
2669
5288
7254
7619
6243
1639
4391
6630
8039
8848
522
5675
5715
8591
7204
6521
4911
7995
1657
2687
5134
6676
7705
735
6748
725
7299
6612
6390
1042
2248
724
6832
4643
3784
4888
5199
3892
3159
3262
5375
929
2880
4740
6609
5834
1317
8187
1111
1145
4923
2689
4727
5968
4045
5853
9012
5768
1582
963
5825
7293
2793
7038
2981
3358
8620
2639
4016
2668
5038
7748
8722
8943
2817
1135
7171
798
3854
5296
4394
263
2937
3996
3608
3819
5980
2186
2427
8524
5585
4568
3113
6932
5888
4936
6207
8482
4404
4051
2860
2829
5815
3307
3871
8484
2681
2799
6920
8462
2468
2826
2966
4642
4255
4984
1021
7698
3263
7445
3707
3924
7944
4639
3928
8833
8840
7587
2660
5787
5080
5254
5017
4432
5335
5630
5850
1739
8147
4162
474
5139
1624
6706
6077
8807
4171
1476
6493
4680
7121
4417
1026
3521
6440
861
5568
7894
5324
6408
3489
189
1970
7130
3334
2531
9001
4166
1472
4833
4895
407
6143
2407
101
2752
8920
1517
6375
2497
4251
1676
4803
8642
8827
6341
7101
2437
2897
2546
2478
5693
5352
2366
8268
885
2385
961
4761
1531
6116
8625
7789
7316
6279
4241
5666
5398
1834
1569
8609
8675
4440
1702
720
7492
7577
8903
9004
5114
4846
1125
8580
5210
2696
5433
6835
896
7840
2745
3268
6568
746
3207
4033
5926
6404
7272
2617
5365
4190
3508
527
880
3081
8979
3359
1819
870
4420
1839
2506
3028
2982
2516
1059
5971
6422
4511
8511
5810
5498
5055
1047
5275
6211
1508
8720
2318
3926
454
1030
7260
2295
1020
3602
2004
6896
4153
8864
5202
1487
3351
2415
8914
8689
6056
2418
2622
4462
2442
2458
3852
869
3251
3714
6225
893
7126
3388
4933
2352
3804
5356
3936
2195
2985
4111
3751
5236
864
7817
2513
3199
7897
915
5165
5443
8142
499
1235
4290
6718
3800
5655
6892
3456
5103
7979
4349
8589
274
2674
3338
6744
7583
6885
5193
5534
550
1482
7055
5699
3296
5282
785
5226
196
8336
6550
3152
3408
4273
2775
427
3218
8629
4284
5475
1438
4552
8157
8239
2396
7444
7195
3430
7720
2581
5304
3801
8542
5752
1856
2404
7771
5329
6103
2694
1686
5021
6684
5323
3795
7011
7757
4885
5427
1433
2533
753
6242
1331
7502
5710
4188
8491
6132
1032
1019
7792
6513
4686
492
8810
4342
6862
6547
4524
5285
6286
1253
2371
5808
5672
5449
2154
6140
8453
6530
6768
205
6535
7990
8616
1320
2439
3889
1696
3000
4878
844
1114
5625
8169
2082
3723
947
6294
3843
6650
2801
6000
2236
1225
2521
8781
2331
3216
5065
1827
2473
8892
8392
965
423
4380
3213
1788
2494
678
2583
4976
3116
3475
4844
3805
7099
4603
6638
3676
2664
4296
651
5009
2493
2779
719
4645
6669
422
100
2120
1078
4354
1951
3758
5458
6703
726
8700
1453
7160
6774
4897
938
5046
8768
2621
8614
5462
5556
2283
1336
6571
5735
3349
1996
4632
8799
3160
3150
1721
1295
3401
892
4177
786
2704
5864
6509
4980
6985
2721
2628
144
5170
988
1852
4263
1804
7096
1031
5836
7419
8712
3344
8612
3639
3479
8831
6566
2434
5840
7155
3761
5122
4238
8525
5097
3615
9010
8133
839
6383
6436
2183
3799
2570
1581
8695
1948
1941
6031
3540
6367
8273
7487
2582
2983
8808
2700
5291
3024
2642
5795
748
7759
3427
6283
6977
4375
6464
4337
6331
923
2149
8275
6591
2204
6121
7115
4135
1525
4945
1147
6981
3863
8640
7208
2573
1783
1690
1120
1866
5400
2394
2433
1192
8574
2761
1821
3285
3584
5832
4954
7250
2368
737
1769
4427
2709
5952
2562
6400
155
1016
4634
5530
4893
5732
7346
5243
7484
6798
523
879
531
2827
4161
7078
829
5784
5269
5809
971
3256
6695
4399
2310
288
1526
2839
6473
1310
3163
8042
5466
2347
4194
6927
6322
8984
2344
4191
1017
