item_recommendation
25737
7872
7541
8571
8093
8327
7437
8447
1523
980
7613
8117
3232
5410
7697
8207
7914
7560
1744
5515
1513
8420
2212
7809
8183
8253
8033
3368
7669
8360
472
7478
100
3281
8225
2227
7636
129
775
7245
1352
4414
5489
5198
8290
3235
647
8003
8385
3604
955
321
4696
1816
1562
6091
741
858
8056
1777
1003
3210
7649
4795
6559
1794
2340
1046
4658
8477
3377
48
2531
1580
7802
5159
8522
2860
1024
8403
2062
285
526
6154
888
8410
2605
140
8070
2288
3127
2241
984
7782
4782
7299
4290
7705
733
695
232
5597
5033
7738
1907
1844
6760
1187
266
4600
5765
3420
3522
3086
4830
4511
1145
745
8154
1699
6355
3238
6826
8998
6748
6195
1281
407
6318
2159
1525
7394
3575
4809
3869
6751
2149
3292
2966
4761
4262
1590
1006
4121
2300
5164
1013
5742
1767
1288
7979
4246
2659
7407
3399
953
3354
960
2937
4645
2772
2769
731
6636
981
6073
1701
2686
5312
4273
4284
4524
535
7186
5352
951
996
6521
969
3854
4399
6970
523
1111
4941
3871
990
3113
7228
970
5611
2374
3996
4391
840
5177
522
626
4731
7932
4873
8899
986
881
401
2798
1379
2186
2468
45
8261
8772
8499
2310
966
1639
2793
1020
2688
2352
4933
1870
3430
3845
6178
3370
8633
5161
5017
474
1472
1771
4625
3324
1394
3587
5662
2779
2437
6918
5470
4740
1004
1515
5825
2504
4349
4584
2496
6365
5723
4342
6440
1819
828
2976
8661
7995
735
3402
1295
912
1057
3388
5114
6892
328
1060
5282
5768
5
2609
2283
4051
4417
7101
3563
954
1508
5134
1047
5729
8596
7938
4638
6395
4727
4649
8743
5433
6294
1053
8879
6211
6728
6562
1320
6920
2415
1132
8336
5980
8451
5772
8147
5968
7282
1131
1535
8604
5443
5689
2752
5588
1812
5186
8589
4316
6243
1026
3889
880
1331
1017
527
2689
3723
7055
1667
2248
2647
2912
7263
3882
3334
1298
1783
3285
6624
4686
4765
2311
2465
3024
2371
6143
6896
2467
4191
314
2687
2494
2497
6223
263
656
4680
2780
2935
5699
7728
3150
3160
1422
6148
2533
6404
4659
1209
3843
3991
3619
4184
3976
4197
4291
4274
3547
1826
940
3565
4268
4036
3270
4380
2693
639
3252
3626
4338
4337
3450
3960
1293
288
4101
101
6658
4844
886
2562
3081
4033
5012
964
5585
4861
405
5182
7107
2195
4577
231
4420
2236
718
7234
7976
3216
2700
2513
798
2521
1437
3868
6579
3635
1652
725
8777
1161
724
2741
5715
651
3475
3116
1401
3408
5483
6902
1329
213
1608
2442
961
7878
5850
1582
5346
8827
5008
1221
742
8273
994
8376
8136
1317
2642
2668
2761
4605
3875
3676
5853
2829
976
1393
6279
5139
6609
3852
8751
5427
6116
7881
8848
1021
423
1836
6684
5936
8228
3224
1631
6686
196
7753
4911
1031
3702
2439
1711
8620
938
8859
1852
2173
8684
829
3163
4079
6056
8636
8761
218
1721
8927
2669
3489
5784
5556
5269
34
2318
8914
6498
6436
628
8654
8625
8670
2313
6944
6535
8722
2745
2441
6493
3816
6718
4404
8961
1839
1996
5909
5568
1030
1726
1076
1507
5303
550
963
8819
5666
5398
5038
3936
7260
5254
4241
422
1552
1440
1970
3152
1125
8187
4666
1019
4111
7748
1739
6530
2363
4709
5425
5193
4987
1821
1016
3249
5053
1788
1476
3745
854
4498
5117
861
1120
6140
8008
6803
3273
5791
6690
4263
8695
6260
5675
8591
9012
5288
869
659
1255
2493
5080
7195
3357
227
2231
678
2796
8268
1951
2826
3920
1657
8507
7786
8709
3521
2243
1336
793
4366
1135
7841
2567
4401
498
6446
899
2295
3192
4171
3393
4319
121
3759
6322
6850
2385
1831
5518
454
1531
2427
5348
6840
8665
2799
3194
7481
7250
5473
521
2154
6617
6185
7843
7355
6283
6615
5965
7844
7706
1647
2478
2570
7272
5021
1196
5236
6207
6077
3199
4088
5808
1952
8157
2089
6798
302
6832
6383
885
7211
3133
4821
6464
8235
3649
3188
561
7160
3859
3508
1404
4228
5264
5705
2546
485
5839
5707
7311
3404
870
4728
3213
7484
5684
4135
8977
3417
5815
4640
5342
5463
5302
5637
4977
4662
4333
4676
4612
4636
5222
4634
4954
8781
743
4627
1055
7254
2396
3060
923
957
2681
6314
5265
5364
4642
6963
5710
4519
4278
7293
4626
2003
2596
849
7089
4928
1526
1147
126
2982
2987
313
2674
8779
5788
7771
4016
4437
2200
1041
2925
482
1569
4888
3892
3262
3159
929
3784
4643
5375
5199
2722
2880
5009
2483
7099
6242
2639
8943
189
3066
5672
7038
1517
1453
2776
5530
2120
8768
1497
3176
2082
2786
872
4801
4771
5464
4162
4076
2819
8903
720
609
1624
3487
3799
4550
7987
1310
8121
6525
4902
3857
5226
8239
6375
7888
1500
461
5296
6985
5625
427
1363
57
2696
4756
3801
7817
5787
5179
835
3608
915
8629
4406
7831
3387
1801
2866
1482
8854
4923
6777
1980
8675
2087
1042
6927
6744
1901
1345
6981
748
2613
6862
7492
1346
9018
1033
1549
3913
7171
6957
3351
5926
7147
31
135
7444
6476
92
1581
7577
1032
2738
1598
2026
4045
2207
1649
4166
5275
3140
2507
1077
818
7757
1686
1730
2043
8699
7020
4006
4495
4042
4027
4402
640
4415
6427
2612
714
3543
268
667
4901
2128
2350
5202
380
5356
4440
2727
6995
4713
4885
81
8984
2407
2339
507
3211
1702
3218
943
6408
1603
6550
1880
2815
2325
3632
2403
161
1226
1233
2393
2215
167
2766
1759
2364
2715
99
2789
2285
2633
1616
2922
3005
1388
2074
1204
3177
1080
510
3147
1186
3068
1063
3134
918
3042
1354
6000
704
306
1257
4920
6132
499
5055
4748
6591
7380
2784
3379
4081
5971
1444
1973
162
4803
4394
5655
6731
5834
8607
7840
991
1218
3885
5641
4846
