item_recommendation
25737
7872
7541
8327
8117
7914
8093
7669
7613
775
8571
7697
8183
8290
8447
8360
8225
8033
8253
8403
1513
7560
7437
8003
980
741
8772
731
7728
2686
1515
5515
5008
8207
8056
7636
1003
7802
8899
5159
3232
745
960
5742
7478
984
6073
8070
8154
8743
7782
7407
5662
5715
1812
5765
733
5186
1046
1777
1816
8420
3770
6091
986
8777
1507
8499
5264
7878
6902
828
1870
735
7649
8522
8879
8684
6154
1580
888
5288
8596
2212
8848
7738
8235
1523
5723
7938
8636
976
1744
526
3751
285
5312
1819
724
5198
2605
5410
5675
4366
8661
8699
6178
6260
3604
5275
915
955
3368
2241
2300
858
4550
8807
8998
2186
266
2801
4740
129
5655
626
6579
746
869
947
969
7245
2227
6970
2798
2687
5768
401
1771
8859
8591
9012
5853
1004
1907
5597
2769
8580
875
4076
1030
8410
951
4584
2688
8761
2772
2340
4380
990
1020
695
4440
893
1317
8136
1624
7976
1042
1739
1288
3292
2659
8376
4337
2937
2546
743
5177
6493
2504
4290
5672
6751
6121
1525
1026
963
1750
5038
742
1562
1057
6760
4658
1006
2829
4731
2935
3235
8477
2982
5282
4600
970
3408
4399
8589
8167
6195
535
5689
8720
8943
3522
5666
6509
6835
4821
5772
8387
2288
3875
1826
4795
2236
2668
964
2120
7254
7293
4420
1060
7753
3816
2892
725
1394
6559
870
748
472
1053
885
3563
726
2248
8385
7919
2506
6918
981
2770
1078
8542
3608
1021
5611
3324
6684
3500
4967
5729
786
6547
4316
4437
2741
2976
720
4273
7234
7260
5398
8607
1980
938
3763
4649
8142
1657
2669
3238
4284
7831
864
3402
4809
5365
8239
101
719
6355
2440
1696
4414
105
3996
5641
2398
2494
5980
3626
8768
7757
750
3388
3210
2173
5053
2983
2582
7705
1652
3489
4016
5285
4191
232
8629
8709
968
3194
1497
2183
7809
6207
4976
2496
45
2385
1019
3723
6408
5055
48
3334
7771
3745
7171
1794
2912
3093
4830
2689
6294
1192
2441
880
5710
1032
2118
5161
1909
3759
5170
5291
2815
2347
8835
5834
5462
7316
994
1125
5254
3936
4241
5968
1508
7394
8865
3611
5787
6513
7204
1500
881
3051
8524
4645
6718
3843
4923
3690
1059
7619
1111
3284
8827
2651
8838
3584
5443
3359
1639
4632
1145
8039
1831
2383
2283
4727
5139
1501
4349
3086
6774
3357
4079
5243
4153
5735
3758
5440
3587
4984
1008
5466
4801
4246
4274
3270
3976
4268
639
4197
4184
3547
2693
3565
3450
4291
3991
3960
1293
3252
4338
940
3619
4342
4036
4625
8903
5808
1040
6985
4404
4177
3766
2473
2415
2089
872
8388
4941
7583
2090
5400
3188
2696
1037
1688
6404
8654
7419
2966
5795
8482
8147
2521
8638
4861
9010
2764
6286
953
3452
8961
189
6436
2956
833
5839
965
2570
1822
8261
5936
8392
6630
1024
6521
1852
8665
2832
4765
8914
4980
7198
1012
2344
5323
2202
6896
8910
5684
6062
1104
1010
1437
4121
5815
7208
832
6148
1031
4929
5003
5034
5685
7822
4696
6365
7932
4834
3307
550
8949
5696
5670
5667
5056
8955
5004
5678
5001
5680
8828
7346
7309
5401
5686
7947
5517
1617
5577
5373
7791
7235
8921
8966
4312
1951
8864
2572
6530
1690
4987
2730
659
6331
2428
7492
1504
1631
9018
4686
5732
8574
3428
6422
1876
3377
2062
3753
4878
4532
1472
4833
3889
6678
6232
647
2159
5752
5363
321
866
8695
3456
3417
5850
6550
2577
6225
840
961
3975
313
2925
8781
954
718
8927
2231
6658
4401
6047
474
6676
1346
3632
5572
3851
7888
407
2481
15
7979
3173
3420
1569
4188
1970
6103
747
2780
4920
4432
1518
6211
7228
6035
6375
8977
6803
7720
7078
8892
721
8675
785
7577
8689
1187
2493
2082
16
998
8123
2155
8640
6450
6768
5203
1363
8722
2835
816
2534
5888
5304
4263
3487
4326
5960
419
2993
4105
2513
2727
1590
218
8620
8511
8187
966
1767
886
5021
835
5625
4088
2374
6498
7186
6800
5699
8882
2184
6645
8366
1429
865
5693
8275
6341
685
5413
1281
6963
8228
2573
7012
7786
6706
1581
5836
3702
4979
6464
8169
422
4375
7155
6566
2761
5002
5700
5796
5826
2786
8609
4161
3155
3113
3863
6440
5193
2839
7357
7153
3825
3654
3491
6432
3497
3957
3499
6060
4104
8872
7702
4994
8138
8158
8197
6342
8371
8985
8372
6851
6754
8423
8785
6732
5746
8672
8582
5940
8610
4889
6852
4477
7063
7017
5847
4300
4832
4450
6105
4677
6584
6887
2640
5690
8130
5736
3804
6470
4428
3160
3241
8920
7160
8612
3344
4238
3479
8133
3761
2434
5097
5122
5840
8799
8525
8712
3615
3639
8831
3635
1582
798
2699
1556
2134
7272
8451
2860
4999
3096
3338
996
3211
7881
2793
5489
2399
5134
6748
140
5085
8491
461
7995
1132
527
3495
1013
2465
6318
7748
6296
2149
4537
4577
1352
2774
5375
6827
8819
3081
1866
8633
8984
4235
6744
1135
1209
5418
6671
2985
5553
4162
5588
4447
8604
8795
328
5504
2318
2286
1959
6533
957
1526
2497
892
3150
8600
1721
1805
4603
2938
2146
6885
3354
2427
1783
2633
1625
5009
3692
3891
1061
3682
3343
2102
3140
753
2654
934
4262
1103
531
4051
3859
2548
912
1148
4981
3258
3127
900
973
7764
4228
2284
2709
7627
1367
3358
205
1836
5470
3649
2975
162
4339
1702
3431
5346
8667
2779
3959
6395
861
4638
4736
3125
561
1087
4996
1608
4101
4095
6728
1035
4223
3977
1120
528
1084
4873
1612
2438
6826
5135
8718
2478
8273
2802
4490
839
7282
4024
1422
2827
3656
6383
1844
2339
8121
4837
8042
2200
1017
4043
327
1221
3869
6612
2204
7958
3430
3829
2195
1531
3445
793
1676
427
2880
1640
423
3159
5199
656
1336
1549
1161
4735
2425
1788
5046
7299
1014
2351
