item_recommendation
25737
7872
8327
8571
7541
8093
8117
8447
7697
8253
7437
7914
8225
7613
8360
7560
8183
8207
7669
8420
8033
7802
8290
7649
8070
8522
8403
6365
8477
5980
8056
7478
5159
7636
7782
980
8235
3368
8743
6178
1003
8772
6091
7728
5597
8003
5515
6355
6073
5765
8167
8899
3232
5662
8499
6154
6970
8661
8154
3377
6826
6918
8385
5723
7407
3235
8684
6559
8998
6579
731
4941
6249
8596
5742
7186
5117
8859
7245
4761
4550
7938
775
7234
5410
5909
3281
960
5008
6902
266
2659
6195
2374
4809
5134
8261
4846
6728
7299
8819
9018
7738
3816
5264
4366
695
6260
7577
626
5193
984
5012
5611
4911
8410
745
8665
7293
7932
6318
6609
5729
5312
6211
8187
5186
8961
8376
8136
3875
8636
6242
8629
8761
7878
1870
6493
5689
1513
2288
2062
8039
4427
5198
4873
4731
4920
2769
8157
1907
4414
7753
647
6636
5033
285
8607
4584
2300
4740
6751
5715
8879
733
5853
4821
45
3587
5177
969
858
1515
976
5772
2780
3324
880
6760
3799
5655
7809
741
4782
5038
4765
1507
3213
4262
7995
2647
6395
1288
3188
3854
8670
4109
7976
8591
7881
4984
7228
8589
48
7786
6314
8580
8633
8451
9012
4577
6390
7254
8709
5433
5413
4076
6446
5768
5641
4901
8777
2605
951
8943
6116
5288
4795
5675
5825
4437
5839
7705
5952
3417
5968
6521
4417
6383
5568
8654
93
6630
955
1523
2038
5936
1816
1844
6676
7260
3334
7038
7492
4251
6624
3819
4658
1187
7282
1006
6718
3489
8827
6294
1777
1846
8903
5618
5291
401
3936
4241
4420
986
5666
5398
8482
8920
6408
7831
535
2407
4600
5254
5139
6803
724
101
5443
8675
6850
129
7789
1367
4923
8462
1046
4638
7272
6404
5296
3028
6077
5556
6121
6748
8910
526
3113
8268
1767
6684
7263
4121
5815
8689
4432
7979
8848
7160
7204
8524
4830
5850
8807
6550
962
964
4153
659
8699
6047
5548
5808
1024
6568
5329
8722
4162
1812
7096
3093
5269
5784
3307
8008
861
4079
5699
4088
8751
1437
1744
263
7394
1330
5470
7340
7487
4801
5834
4171
6743
5161
7888
5625
8484
2937
3795
5926
8142
6774
5365
3584
3127
990
5795
7121
2982
3889
6000
8977
6835
8720
3238
6612
6103
7748
5275
5693
6148
3860
725
953
1438
1317
3434
9004
3608
1580
1531
6798
5226
3882
6243
6513
7897
1021
2660
8604
5080
5745
2154
6777
7619
4639
8833
3928
3924
7445
7944
6932
8840
7698
3263
3707
7587
888
4246
2676
2696
4005
1624
8695
2212
6678
5352
9001
5021
3668
5710
1012
3218
6885
6132
6516
4895
2496
6051
2340
5707
3805
8121
1053
6322
8642
5210
4963
5203
8511
2688
1739
6927
4394
954
6832
7817
7822
5787
4188
5791
4316
5940
6140
8914
8979
6744
8507
7171
1059
5282
2912
4945
1060
2347
2798
6279
7078
998
4840
4194
6658
5581
5179
6892
7107
3292
886
1352
1472
5672
970
6985
1147
5588
5075
965
6440
6547
6739
4842
15
5945
8542
5438
205
2548
7502
7771
3163
7099
7456
3157
5141
881
4727
5604
4228
3869
6473
4310
2935
6896
6331
6286
485
2009
3173
5971
3387
4686
5864
1365
7115
5114
6530
6706
7894
4255
8882
656
3773
4086
4312
8491
7444
3256
1636
7316
31
4440
6021
6283
2799
3964
8640
4844
2183
973
6862
981
7135
189
7354
7211
7458
3978
6502
5046
8625
7208
8614
6464
4404
3996
1013
3284
5703
5836
840
1581
7130
2772
7990
5810
472
7792
4980
6525
6584
5923
1702
3445
6223
196
5888
6509
1834
7250
6703
6225
735
6662
5182
6035
6062
2775
492
4263
6641
8813
2577
5449
3194
5752
4002
5489
3176
4552
2120
1690
8864
6535
4016
1839
7016
872
3140
5055
2227
2609
7192
1017
864
2186
3408
6375
8745
5323
915
6686
7126
3081
6498
4349
5151
6695
2686
4108
2478
4833
4718
3428
2418
4095
3714
2745
3693
2961
6234
1004
3024
8892
3251
7585
2442
6422
2159
6840
6400
5285
3359
4976
5585
8147
1508
6207
4987
1225
3199
1771
3632
7840
3604
6562
2546
3868
498
8984
5202
2415
4706
8422
7346
4401
2427
7357
2318
7177
5544
8768
5735
6963
6800
7818
4139
7583
6768
8838
3456
144
3210
4273
7892
7743
1529
4284
232
6436
7198
8718
2617
3758
5378
1057
5170
3646
1104
1562
5985
5243
4936
2618
3250
1569
6470
3611
5801
2860
1696
5017
4369
5600
8254
3420
2513
4290
2981
218
8366
947
2668
1047
802
5553
321
2956
7791
5670
5577
7309
8949
7919
8955
8966
7235
8921
5517
1617
7947
4511
2475
7147
3698
8616
5466
5218
885
4848
4090
6378
3038
7812
3266
4688
7150
8057
8915
3515
6782
3467
7136
4166
5684
8866
1192
8336
4769
2631
8828
5004
8835
5001
5003
5056
4929
5034
5832
4865
7566
1476
2730
4691
1831
3702
2976
8044
3351
1804
785
5777
961
7180
5440
4649
5053
4391
4878
1336
2271
6341
5799
8985
7063
6432
5826
7017
6732
5847
8610
6887
6852
8672
6851
6754
2473
1819
2173
6731
5718
2832
2231
1517
4033
6981
8810
4498
1408
746
963
8131
2184
6645
865
4428
720
5891
4680
892
7012
3825
4994
8582
4104
8423
4477
4889
5002
3499
4832
3654
4677
4300
3957
8197
3497
3491
5796
8785
4450
2078
5009
3402
8781
8453
8275
2236
5473
2654
7419
7380
6186
5400
5686
5401
5678
5680
5696
5667
5685
4748
4903
8871
4200
966
3474
5569
5732
2433
870
8638
2983
2582
3216
7101
1788
5599
5373
4515
5164
4834
3370
1444
5572
3759
912
7764
3207
4999
3649
5304
5530
5965
6591
6827
3444
6342
5746
7702
6060
8872
5736
2640
7153
6105
8531
7161
8273
8617
6157
8576
5085
2144
3653
8492
4226
3540
7481
5843
8123
6230
4448
1358
6203
8371
5363
8372
8130
8138
5690
5700
8158
3575
798
6650
580
6482
5462
4039
