item_recommendation
25737
7541
7872
8571
7697
8327
7802
7613
7914
8117
8093
7437
8207
8360
8253
8447
8420
8477
3232
7560
6365
8183
7669
8522
1120
8225
8033
8056
7738
8070
7636
5980
6195
5765
8261
5597
6850
8684
7478
1145
7932
2605
6211
7228
7407
7649
8235
6493
1562
5772
7282
5159
7995
6395
5410
647
7976
7272
7782
7245
8385
6091
6178
9018
1580
6579
3587
401
6073
5515
4600
4920
4911
4166
2159
5177
4709
5556
7121
6658
4809
7809
1111
129
1535
1788
5198
140
7577
6559
8751
8290
1767
5134
4366
6636
5269
5489
4262
7492
407
798
6077
5784
4088
5433
6140
8604
5470
7753
144
309
3368
4577
561
8661
2745
6970
5825
1310
7234
617
5264
7444
8903
2062
4830
4246
8167
5498
8187
8511
6690
4748
1783
8743
980
5909
8819
5791
5689
5033
7130
7728
7394
1513
6918
1453
5114
405
8451
1320
8039
8675
3060
626
7938
1816
1744
2478
4658
8859
8722
383
4696
5202
1404
7881
7979
6906
4290
6000
1575
8003
3377
519
1891
7186
427
3643
4296
2686
3434
6148
2236
7748
5193
4171
6154
6355
4194
5069
4584
3780
1437
7293
6458
1777
8943
2779
285
8879
5038
331
7789
132
4703
4941
3235
5787
8154
18
1472
4121
7177
4873
3608
3324
8616
6440
4552
816
8157
6482
3066
659
6877
1639
678
299
5538
5146
7619
6498
793
4060
2300
6056
7934
7720
8998
3798
4139
6957
5846
1076
3292
4821
6404
7299
1931
266
1696
5182
5723
5139
2130
8709
1652
5850
5628
6525
5588
7115
6166
8772
8403
526
4945
135
5117
3889
4383
6669
1480
5729
5427
3349
6832
6856
5319
4437
7139
5312
1427
529
5348
520
4782
2659
5864
615
5413
341
5101
888
8695
2935
6473
2231
824
6318
3857
483
522
5398
6703
7762
5521
183
7892
314
5254
8014
3459
8273
48
5315
1240
775
8827
6728
2676
4486
5662
1046
7263
5438
2966
8589
1907
8482
8899
6571
432
7222
7705
1950
5443
8848
1476
184
6816
7340
4318
1073
5395
6279
2374
3185
8810
1359
2704
7786
953
1554
7487
2174
5222
3816
7840
673
7250
4169
5718
1934
1161
5705
1870
3370
3975
2981
4731
1854
5534
5179
7260
5666
2761
263
1721
4716
3140
6762
1819
8892
718
4458
6051
690
1003
4865
4146
8499
840
4515
3653
4761
5553
966
2219
2624
1317
8961
769
1196
828
4278
464
8654
6676
8670
8336
3163
6806
1024
5464
4771
6408
3334
2200
8957
7038
3247
1894
5891
6390
1507
1129
1425
3127
3854
3936
4241
4432
960
3807
3474
7815
661
370
5137
984
2615
8795
3768
8853
100
5808
6826
381
1354
8761
363
4947
1482
5151
3819
7192
858
5707
3879
8607
2212
2594
955
1243
2893
820
656
472
1126
6476
8410
3404
2427
2094
4932
3210
213
7826
232
1739
4251
6031
7888
8596
2563
6383
5843
7195
1523
8008
6314
447
159
2445
5682
7897
334
4316
391
361
1077
4414
3868
4114
4386
2912
7899
1493
2337
885
5923
3420
1569
2486
8914
5352
2708
3150
3072
3489
2625
1131
1295
2193
4614
1549
5611
7458
7583
4284
8524
7743
9
1873
5777
2736
7107
4634
5888
834
2227
6400
650
5108
3421
4923
1479
2766
2350
7101
6322
3398
2883
3835
6468
5450
3664
4175
4749
6387
5066
5505
5404
4767
4140
5366
5057
8584
3897
4018
4381
4403
4459
4464
4465
5255
5283
8544
3992
5299
3943
8528
4745
5300
8970
5231
5506
3661
5841
5792
3476
3788
3695
3679
4975
3673
4960
921
5694
3618
5544
6238
6037
4818
5417
3616
2516
5473
6840
2149
2306
5503
2207
3111
8777
8121
3174
994
2448
6143
7020
2507
558
2936
344
5926
648
5942
3281
2819
6327
2596
1253
8629
1769
872
4394
806
695
1839
3747
7415
2344
5010
1444
879
4921
3660
2103
535
1726
7204
1831
5291
4273
8979
484
5246
1532
294
5421
3412
2786
6803
152
5046
1970
1
4378
4310
4534
4619
6155
3668
3316
845
582
6985
1866
4673
3408
3552
1702
3213
5296
203
3546
741
4411
4475
1225
6422
3794
8807
414
45
4815
4626
1864
2128
96
1361
2681
3326
5111
920
919
8611
8363
8196
7199
5994
6484
6446
6793
2697
6332
6323
6250
6228
6936
2106
1610
3771
5995
7083
7117
6521
5428
8484
4587
4555
2828
6612
2647
3564
10
6101
3425
332
1531
2340
1397
4605
1785
4964
121
4885
3594
3677
5025
6595
6412
3515
4971
3028
5742
3428
8633
170
201
1449
670
4992
5308
1670
4895
5161
8625
3238
6609
8136
8376
1892
3875
5560
1268
1631
5119
196
8650
4101
2959
179
422
970
4652
4632
1746
848
6547
8977
3224
1779
3804
4033
2839
3977
4223
2557
3276
2386
5936
1707
5382
3401
6615
8044
8665
4550
1686
3264
321
3190
6022
6431
1699
4769
603
5458
685
1234
3354
110
2835
6162
4226
5164
2310
3016
5585
5288
1909
338
339
7334
2560
3602
2459
6932
4846
7135
2397
4162
1844
4737
7564
3152
1401
3351
2860
7034
6378
4688
3266
3038
4848
7812
7150
8915
8057
8813
4090
5339
3467
8254
7136
4987
1771
2617
3081
2793
283
3194
2032
4727
523
8617
2180
2141
1210
3844
1946
3087
914
1791
8699
8531
1440
1833
5603
5952
2784
1287
6954
4079
7215
5250
209
1684
504
6630
2485
8642
1826
4508
4570
3707
3417
3263
7445
4639
3924
3928
7698
8462
8866
2806
2884
1552
2327
2832
8927
5655
2505
6273
6961
3273
1408
7161
1363
6624
7358
164
2305
2442
4143
2630
733
2581
1812
7123
6509
635
5947
3698
1242
1275
2076
731
818
4710
2400
4051
8910
5483
379
4039
4638
4178
1821
1886
4970
8871
387
262
1040
6159
1954
1279
3545
3718
6550
59
7757
3869
957
8600
4612
6748
480
564
1391
4369
6927
5028
6760
325
3250
4084
1183
3192
68
1922
147
8840
7944
