item_recommendation
25737
8093
7872
8571
7541
8327
7613
7914
8447
7697
7437
8360
8070
8253
7636
7669
8117
8225
8385
980
8033
8056
7738
7560
8420
8522
8290
8661
5264
7802
775
8154
7753
7407
8003
8477
960
8183
5159
6365
955
953
8879
8235
966
7782
526
7293
7938
7649
7705
7478
8819
7394
8684
1523
7186
2212
6559
8751
1046
8654
8961
7299
1744
2062
6195
8670
232
129
1024
6728
695
8859
8167
3232
3869
6748
7234
5909
8410
7728
5611
3804
2659
2340
4821
4121
3420
4658
3368
5489
954
7817
8761
8008
285
6143
984
4391
2241
741
472
5296
266
912
1513
5597
48
2860
2374
6892
8709
3324
522
733
6521
6207
5008
6579
321
6826
1590
5473
3235
4584
5117
8589
2506
6624
3281
7484
5017
840
527
4686
4414
2173
7748
7932
969
828
970
8665
3127
8403
6091
1907
9018
745
6920
4437
2227
4920
6178
2686
1352
4761
7245
976
858
6550
6658
8604
8998
8743
4605
6630
626
7619
6318
5723
4809
8745
2772
45
3845
8499
7107
3668
994
1281
1816
1003
8977
731
3604
888
1288
7099
6918
8899
7263
100
3188
1057
5980
5164
328
8187
8482
7204
3996
4188
2935
8864
7316
5410
4696
3632
6568
1020
6535
6609
4936
3816
189
8772
951
7481
6739
1531
2288
881
8827
5850
2236
6314
4984
6791
1812
6970
1125
1019
2437
8207
6355
7786
4079
7195
4941
4550
981
7990
7160
5033
957
870
8910
4162
3751
7577
5815
7976
8777
8927
1013
6724
4432
647
1507
4577
5926
8633
4782
5515
427
6562
8039
7038
4873
8596
880
4923
8984
3882
8136
8376
3875
1794
5936
2531
6751
7311
6612
1639
1209
5210
2248
6850
7888
7121
6077
990
7415
3428
735
2669
7487
986
6440
3113
2496
6591
6294
1437
5839
4366
7831
485
7272
7380
1771
4081
5440
5012
6636
521
6760
196
9010
5772
4171
2605
1515
6957
1030
6000
7720
535
3417
1004
1767
8453
3587
8511
8462
407
2396
4076
1131
7979
4731
8239
4638
6999
1042
5729
8491
2752
4417
1641
6686
5693
5888
1336
5588
8699
263
1652
8507
8914
4801
659
6615
8009
4600
7189
5470
8574
5801
5378
3508
6676
6762
7135
2318
7878
3702
3093
2660
4427
6977
6840
5765
7583
7011
4262
6981
7881
7944
3263
6932
4639
8840
3707
8833
7587
7445
3928
3924
7698
1824
2344
1060
964
720
8044
7809
726
4051
3608
8854
5021
5832
8609
8642
3213
1657
3268
7826
5198
8643
7757
4861
1866
2769
6536
3176
4251
5857
7566
1253
8797
5809
2647
2504
4692
3492
7044
6415
4020
5558
6641
4811
8526
8948
8908
6370
7845
8950
6348
3997
7584
2941
5900
4292
3207
4375
5080
2780
7211
3292
7840
6885
7789
4135
2687
6254
5825
9001
872
4795
2798
5787
5568
965
4404
8131
1777
6148
2366
2688
3655
6803
7126
9004
1676
1006
7759
2415
2709
3307
915
6509
6880
4830
8191
996
7841
474
5968
3714
1047
6383
1497
4603
3522
6498
8392
1132
6140
4740
1476
8169
3251
5134
6669
8530
7792
3863
7995
5329
3752
7130
2149
3795
7894
8228
1026
8903
6116
4177
7034
5458
8620
6695
2300
4901
8781
5965
7844
7706
6185
7843
6283
6617
7355
101
5810
1696
6944
2433
6862
6731
1870
2622
5971
2617
8388
2689
1032
2829
2799
1624
8451
1016
8865
1562
6243
4885
6662
5873
3854
8525
3479
4238
3761
4632
6566
2434
5122
5840
3615
3344
8133
3639
7155
8831
8712
5097
8799
8612
6322
6276
2442
15
2801
4161
6073
3431
4911
288
2154
8722
1970
6242
1844
2004
6003
916
2609
5585
3210
963
8810
753
7096
8689
401
6390
5291
2418
422
5046
1394
2897
2839
8614
7089
5923
3871
550
725
6493
1819
4290
6927
6832
6811
4649
4316
1472
5226
1504
1367
7897
893
839
3947
3560
5834
1640
8387
2727
1193
5380
869
2981
2815
7254
4895
2925
8667
3900
3238
1021
7208
2404
2346
866
492
3427
1145
3693
3843
4840
7055
724
2159
2398
1500
4612
2368
5312
6744
6798
4394
5433
656
5186
31
1876
3456
3351
8979
8261
1029
1295
1582
1393
3515
4228
7250
4837
721
5945
2186
832
4033
7444
1331
4349
761
2311
6339
5
2407
608
6230
7456
861
1120
2621
737
2394
5165
7627
8892
1053
1114
2468
4045
8848
6974
3438
3402
3218
6162
3819
4462
5065
885
5899
2775
2982
1187
8607
3160
1031
8268
2779
6856
76
140
6743
4024
1438
1525
3199
3157
5151
8700
2402
7171
3575
6690
2516
5177
1429
4101
1010
2741
4765
4614
3354
3296
6565
8695
419
2003
6114
4191
7458
6400
2478
6985
8807
5449
6513
7147
523
971
1517
3799
5425
2521
7492
6966
3156
3033
5985
3377
2026
1702
6964
2385
4756
2371
961
4552
7078
6186
6650
7892
6279
1581
7325
1973
7771
5570
2232
8142
844
3086
3478
7090
5605
7180
5498
2900
5917
5734
786
5387
4380
2959
1135
1329
7282
5742
5114
6039
5530
824
7585
2937
6721
1148
1502
2793
7228
2545
93
5812
6684
2331
3028
1810
3710
2295
1580
5882
2892
6426
798
6056
1686
2367
5534
3394
1831
6571
6375
5352
8583
1035
2912
4876
7115
7820
1612
6021
4194
4255
144
4666
3768
2457
205
1041
8813
8923
1529
2770
6643
2497
6100
2730
2467
34
3216
760
8920
8636
2481
8404
6703
105
2438
6530
4727
2427
5548
3140
7212
4645
8675
3999
2447
7502
1453
5161
4399
2817
1569
4166
5609
4846
3540
4987
7016
6132
2583
3258
1941
4246
2802
6154
2439
1508
2155
423
3194
1516
6298
1225
1017
274
8616
4304
444
1246
2513
3034
1487
531
2966
3024
2956
4108
743
2138
2668
8730
2976
1012
864
3503
8625
3626
3125
719
16
6942
4524
7624
6547
3370
2581
8871
7926
4897
2764
4706
5218
5952
6902
5146
2082
3467
6618
4090
8057
7812
6378
7192
4688
7150
3038
