item_recommendation
25737
8327
8117
7872
7541
8093
8447
8571
7914
7437
7697
7613
7560
7669
980
8253
8225
8183
8290
8207
8420
8403
7649
8033
8360
6365
8522
8070
7478
5515
8772
6154
3368
8235
285
8003
7728
5159
7802
1003
5765
7636
5597
6355
969
6178
7782
626
960
1513
8998
5980
8056
5413
3235
266
6579
8499
976
6073
984
775
8477
6970
745
6918
8899
8743
695
1515
5742
8761
2769
5008
8154
6609
731
5312
5410
7293
7245
7938
2300
858
880
5662
8596
7282
741
2374
8580
2288
6446
6835
5186
5177
3816
6902
5117
5139
6260
535
6047
7878
45
8661
8684
5198
6826
6718
7407
1907
3799
3377
5723
8167
986
2062
8689
4427
4740
526
2659
1367
8121
4550
7186
5611
7577
4417
48
1053
951
1288
4941
1870
101
6091
1507
8910
3232
8636
6242
6798
647
1187
8819
5768
2780
8039
5038
1006
5689
6728
964
955
5853
8591
5715
5675
9012
5288
8410
4761
6751
724
8670
6103
4795
8589
2688
5655
2154
1812
4809
5134
6832
6493
6395
8665
7234
8629
733
6314
5729
5193
8638
4076
3854
5264
8385
3028
8607
6862
8268
6559
7888
8157
5033
990
6318
5968
8136
8376
8633
725
6530
7932
4846
6211
5839
3587
6760
8859
1777
2038
5936
1834
5772
5080
8961
2605
2407
1046
4638
7748
6676
1352
1844
6436
5971
8654
8777
7705
7160
8977
5398
5254
3334
7260
5666
3936
4241
2937
3875
962
1012
6331
6195
912
3489
8482
485
3324
1059
1147
5161
5825
6684
8943
7764
8187
5909
5443
472
954
401
1744
5489
7121
15
2798
3819
189
7263
3213
5752
8768
5548
6404
6568
1624
6513
5945
9018
4945
4801
2730
3113
7771
8462
888
6400
7786
498
6535
5815
6521
7095
2340
2686
7078
7738
5710
7299
8879
6408
6294
205
8699
953
8906
1021
970
7394
5296
6636
1013
4821
7789
8451
5625
8848
6341
1017
4830
981
6624
8484
5808
7311
3882
7881
1831
4844
7487
840
5352
4366
7228
4911
2696
6121
2801
998
947
8261
6234
4731
2982
1531
6035
885
8903
1004
3805
8920
6440
2548
4246
8813
3194
2647
4873
129
6774
6116
6850
7272
2793
8709
5473
6383
6077
6630
8722
5795
5718
1330
6840
7753
2212
1047
5055
963
1317
4420
3359
1508
4727
5021
3188
5365
2651
5926
6279
7492
961
881
31
2654
1042
3210
2912
5693
5282
7976
8576
1024
2976
6743
8273
263
7346
735
4401
1767
5556
5269
5784
6658
3758
4016
2496
6375
7171
886
7995
2772
4263
5735
6243
8142
8720
6748
2183
968
7254
1581
3608
2347
6498
8781
232
3238
3575
1739
8524
5291
892
4840
4414
5203
6803
479
8194
5275
864
8695
8491
1192
3157
893
4923
2120
7316
4680
1437
1636
5210
746
4316
2478
5053
2935
4920
3759
5834
4584
4903
6896
6464
1690
4895
7831
915
3584
1209
7817
6591
5433
8492
6104
6390
2009
218
8984
1750
8507
7208
4980
1032
196
4963
7055
1819
4251
869
5888
3387
5641
7822
1030
6132
5875
7809
2385
2383
8614
8827
8807
6547
5952
1771
844
1696
4976
2415
4088
6562
7743
656
5243
1582
5438
6885
2186
1026
1125
2318
8422
8864
3646
7107
7979
8675
6612
2082
965
8640
3402
6290
4765
6686
5170
6286
1104
5787
2956
6162
3964
7096
6777
6021
4228
7583
3702
5699
4194
1301
1018
2775
3125
8542
6744
872
6261
1580
4552
1020
4984
5732
5899
4262
1702
7627
5588
274
4312
6703
4706
5672
1973
4437
4121
5099
1816
3434
3307
4600
5179
8275
5745
5600
1092
8366
2676
6204
5226
1057
1822
3176
4086
6963
7115
7099
6662
1161
5182
2983
2582
5850
8147
6422
4718
1836
973
4153
171
5604
6000
7419
7362
2687
5114
321
7357
5572
7343
8239
7334
3604
3869
5012
499
6645
2184
865
1980
5553
3889
2227
5462
753
7017
6852
8130
8872
2640
6754
5826
8838
5836
6732
5056
5796
8123
7063
6706
5847
8672
8785
8828
4929
3825
6800
5034
8582
3654
5004
8882
2513
4450
3611
5667
7791
6342
7309
5670
4300
5401
5400
4994
5678
5285
5680
4889
3284
7702
5685
8423
3499
3497
5577
3491
8372
8371
4677
6105
8610
4104
6887
4832
5517
4440
6060
5684
6851
5686
6432
5696
7919
8955
5700
8949
5323
7153
8921
4477
3957
6584
5736
8158
5746
7947
5373
7198
5002
5003
5690
8985
5363
8966
7235
8197
5001
5940
5440
141
1060
720
7204
2473
6426
6207
659
7135
8604
4105
2441
1336
4696
700
2418
4432
3096
2792
2609
1688
748
2188
5329
4833
4658
4108
8008
1472
3081
6143
3218
2534
2546
999
6827
3379
155
6739
244
7354
5791
7757
4139
6985
6829
2799
7444
5682
4782
3199
2892
3522
6678
2829
2427
140
207
516
3649
5470
785
6516
870
3281
6051
8511
7045
719
6470
6273
1008
1523
3656
6183
7456
6484
4678
938
188
461
899
154
6283
8835
1617
8138
4428
7818
994
1438
5466
4834
6186
7012
3241
9001
7250
5356
6509
3173
4220
2981
105
2331
4577
5085
6550
474
2342
6296
6782
1010
2770
802
8609
1078
4355
4188
4999
3845
2618
4532
6062
7069
3709
8009
1132
2752
4901
3292
2741
6768
2621
6240
4349
1525
4987
3795
4878
3860
6348
1358
4101
7894
2570
6525
5214
7380
276
1562
6232
2572
1014
3753
1752
5009
8387
2815
4095
1517
3495
8574
5304
7177
6990
875
522
4723
1099
2440
1810
1501
4462
1173
4691
6533
6448
6148
3668
219
957
5202
4404
5378
268
5504
2439
2668
1028
5518
3851
1715
2146
6791
4511
4652
6203
4981
4861
848
5810
8264
5000
5164
4255
3127
1997
2689
7130
6225
1805
2993
798
7585
3428
7038
5581
2533
2425
2078
34
5530
2631
2660
5449
4219
7211
5801
6473
4162
3140
1087
2202
6476
4490
7792
6892
4045
4066
966
7892
5985
3996
2173
8790
743
5568
3913
2433
8795
1518
