item_recommendation
25737
7872
8327
8571
7541
8117
7697
8360
8093
8225
7613
8183
8447
7782
775
7560
8253
8290
7669
5159
8403
980
8033
731
7914
7437
8899
1003
8596
4550
5515
8743
8772
1513
5723
7636
2659
8859
6970
7938
8154
8420
745
5186
1515
6073
8136
8376
7728
6154
8499
3875
5008
5742
3324
733
741
4731
7878
6902
8636
6260
5715
6918
7234
7478
2769
986
5853
9012
5675
8591
5768
5288
3232
724
4584
8998
5662
7649
1507
8003
3188
6178
976
5312
5729
4941
3816
8661
3235
4076
6091
626
984
4873
8207
4153
8961
5597
4740
5765
5198
8580
5611
1006
960
7888
7186
5323
4923
3368
2798
4795
7831
1523
695
4437
735
1907
2982
1870
6826
1812
1739
4821
6314
1624
4366
3417
8410
951
5275
5365
7245
7786
2780
4801
2937
725
964
1021
6355
8462
1288
5641
1053
2647
5834
1831
3702
5410
4577
4079
3307
6728
8665
6751
2347
129
2772
659
2688
4316
5909
7171
1744
6630
5282
2300
1777
4045
8879
8522
1437
5968
3127
7263
947
401
101
6985
720
869
7802
4696
6676
8777
2496
4440
2513
266
8720
969
6612
1046
6760
3194
5752
858
7204
8709
8070
526
5053
990
8699
535
6835
4016
4171
1771
4765
3377
8920
3238
3489
8642
6774
8056
9001
2473
5055
7587
7698
3263
8833
3928
8840
7445
4639
7944
3707
6932
3924
2660
1057
7254
6294
1581
6684
4251
3759
7881
888
915
7407
4404
4649
864
8807
6121
998
968
1042
5177
2686
2976
3584
3668
8607
4262
5655
5735
3758
1060
4936
48
8524
5254
5839
6498
2546
7771
2605
1508
6513
2120
2478
5936
5710
4638
893
5689
8848
1004
8542
6718
3795
5117
6706
1317
8629
1187
4976
6404
5666
2288
1517
6103
6744
2696
8943
8167
7502
7753
955
3218
5139
5285
6436
2799
6803
5815
4312
6375
6609
5795
6047
9004
3334
965
2186
8142
5170
3714
6579
6547
8768
961
7038
5398
3284
1690
1750
886
5625
5038
4895
3456
4241
656
5363
1047
5243
3936
7260
5672
3251
963
5699
3113
981
2956
8882
2407
7822
1017
3359
8689
4830
2654
2617
7126
4984
232
8147
5810
2651
4727
7078
885
6390
1192
6243
3819
5732
2418
2227
5466
2183
5443
8589
3428
7894
1472
6493
6464
5940
6896
4980
8275
6422
3256
3093
5572
2687
802
4718
3880
4833
7919
5400
6530
8640
5161
1104
6341
8235
953
4095
2981
5462
746
2458
205
4450
6887
2668
3889
2622
1132
6035
6800
1040
2548
6645
2184
7357
6408
6286
7346
4263
6768
7419
8366
2062
865
8835
828
485
7012
6432
8610
5401
5826
7309
6963
8672
5836
4104
5696
2640
8921
5670
5034
5003
6060
8949
5056
8197
5847
3957
8966
7063
8872
4300
6754
8985
3654
1617
6105
8828
5746
7198
4929
6331
3497
7235
8123
7702
5685
6732
8371
3499
2983
2582
6584
472
5693
2897
5449
5684
8158
7153
6852
5736
8130
5373
4994
7791
5001
8582
5680
7017
5686
7947
3491
5796
5667
4477
5678
4677
3825
5700
5004
5690
5577
8785
6851
5517
6342
3611
5002
4832
4889
750
938
4834
8838
8955
2993
880
8138
8372
8423
4878
3241
4428
4680
4999
4414
8654
492
189
1816
6225
1819
6232
1225
2832
5264
6533
2534
3805
4736
3649
3851
218
285
7394
1059
2741
2775
7293
2154
2009
4101
4401
2415
4532
2428
2440
3199
748
1030
892
2331
1020
1301
6365
5214
5085
2383
6470
3096
4105
3495
973
1125
1834
1024
2385
6678
1438
5203
2500
4861
4987
6827
1822
3402
4963
1429
1173
912
8684
2394
1078
3408
8638
1367
4432
1026
5585
1580
1010
1767
8453
5808
2318
2236
719
970
2078
6143
2241
3173
45
3575
4996
7738
3028
5498
2374
3357
7792
1012
1014
4967
3604
4782
2912
7619
4246
274
4686
3753
8042
7764
6114
6296
5291
1876
3656
743
7208
2801
1352
937
2793
647
875
5419
962
2340
2082
4228
1562
2188
3210
3160
844
5980
3500
4420
1013
2764
5604
8477
966
2090
1084
870
4600
8385
8261
5375
5504
5418
1135
1525
9018
4981
1032
4809
4162
2829
833
5218
3540
1636
1008
2118
7180
1161
4417
5473
2689
786
5346
3445
1805
5165
3081
4511
954
4349
76
4255
3281
8387
1518
5356
3207
4903
8700
4098
1209
2521
3394
4247
6368
747
4546
3869
2669
6195
2212
7976
2639
4490
1147
2892
8670
3882
3125
5241
4979
4925
1688
6186
3086
3051
8923
6658
6207
2441
1668
1631
3522
1980
3632
1909
1037
5952
5135
2880
7748
5199
3159
3262
3784
3892
929
4643
4888
3358
4427
8761
1526
7932
2900
4298
5033
4043
5167
994
4033
6858
2621
2796
753
2481
1018
5440
4462
3157
1501
4844
5413
5000
8865
2581
2815
8451
4691
881
999
4354
5553
785
4642
8039
155
1531
2134
1752
4920
2248
788
2935
3804
4121
1696
5891
3351
2774
2570
3693
714
8008
2770
7809
5489
5352
8979
2573
6116
5518
4391
4876
3845
5168
498
4658
8781
2433
2342
531
6671
499
3854
1608
1394
8633
2189
7995
2487
2173
3024
1852
1145
1836
3709
4840
726
111
8268
474
2427
2352
4933
7228
1735
6093
93
4290
8332
3388
105
872
113
8977
461
1985
1590
3452
2482
8914
793
6031
7705
6132
1582
8574
7034
144
8984
6559
2961
931
1951
6957
988
276
7897
5745
935
2493
1358
2860
2925
1901
2159
3730
1474
4569
4029
3101
840
5021
1281
2898
6162
2533
3387
3420
5193
2404
5470
5799
5304
1844
6748
1569
4911
4761
4678
923
2709
2497
5017
1419
7826
3034
6850
2197
8751
1005
1657
5985
1036
2069
2572
2335
1019
5772
2354
3852
6862
2467
4051
1336
1497
4111
3646
3521
8808
1755
3338
6624
3608
879
2004
527
3751
516
718
6636
2827
4326
2416
8511
4135
15
6234
5134
5335
5630
742
263
1863
4893
1056
4568
2938
3430
2721
1794
