item_recommendation
25737
8571
7872
8360
7541
7782
8327
8253
8743
7697
8859
8225
8117
2659
8899
8447
7938
7234
7636
7613
8093
8961
8420
5723
8661
6970
8376
8033
8136
3188
3875
5159
8879
8154
4437
4821
3324
4171
8596
8709
4941
7786
8462
6826
3417
7560
7669
6314
659
4366
8183
4550
8840
7587
7944
8833
2660
6932
4639
9001
1437
7445
7698
3928
3263
3707
3924
8642
7186
4079
8522
6918
4731
3127
2647
6728
3668
7881
3307
6612
9004
7038
7888
8665
3251
4923
7263
4577
4404
8403
129
7204
4251
6630
4153
980
8385
5810
8689
4936
3714
2617
7126
3232
8920
731
4873
8654
5729
7831
7894
2418
3816
7914
7437
7792
5909
3795
6609
492
6744
4895
5834
5449
5585
76
2622
8290
3256
2394
1003
6390
4801
3702
2478
745
3207
2982
7407
7753
8914
6985
656
4076
7619
2897
733
2799
3351
4876
8453
3456
3034
5365
3218
7649
8589
2516
7502
5165
3428
3394
8070
8700
8998
1517
3693
1225
2961
8261
7478
5515
5952
8003
4432
2347
1438
8199
2981
3028
8923
7809
7180
6858
189
1021
724
3377
3540
2300
775
2331
965
6114
6073
976
1771
986
4033
844
7728
3819
2900
6154
2605
2621
2581
2780
8207
1907
1507
6243
2415
1342
1562
5168
1006
1429
8499
4736
1476
960
2404
1472
8882
998
205
984
8772
5008
3880
4162
725
5117
5742
274
935
2937
1513
8604
1624
1767
2366
1288
5765
144
8410
1060
4885
1187
3160
8008
6091
7878
6774
2078
5198
2775
5662
3368
1812
7299
3584
2668
4584
5611
964
2458
5473
6902
720
2496
1515
5264
6186
951
2853
2859
5186
7748
1668
1145
3093
6260
111
3632
1744
93
8979
5588
8056
3157
8777
7738
5715
1569
7245
2368
4200
8848
8574
2335
990
6579
7897
8275
101
8670
218
5288
1581
1419
8580
3882
7265
7034
2772
5853
626
5410
6231
1777
7627
8636
2798
8591
5768
5675
6178
5597
9012
8751
8761
1834
1923
692
1135
3216
3489
4262
4920
947
2407
858
3235
695
6355
7394
2433
1236
886
8477
1870
7172
2318
401
5604
885
8984
3199
4840
485
4740
4066
8699
7802
5470
915
6981
5000
5312
6123
4247
7293
1479
741
1831
7171
1050
266
3804
6493
48
2063
3860
6678
1024
499
1301
2517
6920
4638
380
1173
5177
3706
1047
1358
802
3965
535
1046
2688
1518
1523
45
6751
1004
6957
2004
4045
3156
1377
155
6458
5689
962
1317
2824
7195
953
3805
7036
938
2852
7976
1020
2062
700
2500
6695
5075
6121
7315
5666
3081
526
6835
5282
647
8629
735
6760
6534
9000
6676
5254
6143
263
6550
1739
4396
2769
6195
7481
2374
5655
4795
1017
5038
8720
3468
5936
5839
944
3814
6684
1104
3192
6547
2473
2643
888
6404
2236
2385
7705
8684
3238
6718
5275
966
8807
2493
4809
7055
6513
3334
232
3221
7254
5398
390
6408
7771
6498
8142
4241
5772
4135
7260
276
3936
2686
6367
5139
1042
5815
969
407
498
3194
2120
4844
8147
955
2935
930
1012
3292
4440
5808
8838
6419
7919
8633
6803
5443
8235
5323
4098
4984
6047
5752
1043
5641
6294
5699
3210
4316
870
6436
8542
880
4765
2442
5710
2241
7272
4310
3510
7820
3608
4
8768
2687
7282
7078
2173
4727
2696
7189
1125
1132
3869
864
6559
6892
5968
2720
1676
275
8977
970
981
5732
4761
1692
1422
4649
840
4600
154
5363
6636
6706
5672
337
6422
7757
4255
6832
5693
7419
1484
6896
2513
8239
8835
2288
2956
2409
6365
4391
6516
204
5795
1026
5980
5625
8387
6658
5489
3284
2227
6211
1816
8123
7198
6464
1053
8607
4976
1008
5170
4016
6375
5055
4246
113
6535
5462
6530
3587
6768
5684
4417
5285
3281
5466
5787
6887
5735
2546
8943
5413
6140
3889
6509
4911
6341
5291
1983
2186
4830
6331
3758
6800
5940
5161
8927
7822
7346
5400
8366
2401
5572
2983
2582
8640
6035
3611
2624
1192
8910
4312
5382
1508
5696
5193
6963
7720
7487
6584
8854
1580
5243
5836
2534
4450
6731
1057
7235
5670
7309
5034
4104
5685
6850
3957
5401
8828
6103
6395
4300
3654
2902
2976
6470
4929
2651
5003
8672
5056
2398
3497
5021
7947
8921
7063
5847
5151
5746
5053
6432
5826
3499
6754
6207
8722
6060
141
6105
8524
7357
8197
8610
4477
8949
3825
6732
7791
8392
5686
8371
5577
7017
5667
1750
8228
5001
5678
5680
5002
7153
5517
4994
5373
7702
6852
6851
2340
8423
4889
4832
6342
1617
2640
5736
4980
8985
5700
5690
8966
5004
8582
2801
8955
3491
7583
2184
6645
8872
869
5796
8785
8372
8158
865
4677
4861
8187
3359
4263
4658
7012
6533
8130
4680
8451
7208
2159
8138
3851
1819
1531
4834
4420
2912
875
1352
4367
6286
4999
2436
4428
7764
3241
1783
8167
3845
7789
2533
5134
3759
4636
1876
3799
3463
4696
5440
2761
4782
5271
4105
3408
3096
957
2832
1019
268
8638
3604
2183
1487
4967
5825
1367
5085
2427
6077
2009
6148
6827
3656
4095
7899
968
6296
4290
1037
746
3500
893
8819
3495
8620
8865
816
3102
5203
798
1185
2114
7444
6591
20
6232
718
1980
5556
8609
6703
1665
9010
5296
8121
285
5888
4532
196
1375
8169
3051
1805
1303
8266
4686
1690
1040
1059
4878
2344
8042
7135
2548
7316
3751
2793
6711
4945
5419
6116
5504
4833
1525
2552
8273
7121
6521
7943
5498
4177
7484
2219
1836
1454
5518
4632
2441
1111
1721
6318
8864
1295
3753
7817
5891
1822
1379
2118
8507
8157
4101
15
2654
2892
7068
748
3152
3113
8268
828
207
472
8650
4490
3402
2904
6225
4718
2786
5135
4188
8581
1286
5269
3575
3387
5784
4987
1526
4979
2887
4401
963
4666
1147
4161
1636
6624
8191
6032
5553
904
1696
7743
8795
5033
3863
2154
5418
8482
8388
3649
6368
3223
3086
3173
8336
