item_recommendation
25737
8571
7872
7541
8093
8327
7697
8360
8117
7613
8447
7914
8253
7437
7560
7636
7669
8420
8225
1513
980
7802
8033
3232
8522
8385
5410
8070
5597
8207
8477
8183
647
7738
129
285
7782
5489
1120
8056
526
1562
6365
5515
4696
407
5159
8661
4600
1145
1767
8235
4577
7478
775
5198
8899
4658
8290
401
1523
7938
8684
5909
5033
8859
8743
48
140
1003
7753
7407
7282
7234
8261
6195
4830
6728
8154
2659
3368
6579
888
3235
1639
7976
535
1744
5264
5588
2062
1777
7186
1111
8879
7121
8709
4821
1046
266
6091
4809
3854
4941
984
1771
1535
4262
321
522
7809
741
960
6970
7394
5114
6658
5723
405
695
5177
8403
1580
8761
314
100
232
2605
1907
2779
2227
7263
953
5980
858
5765
626
1472
8654
2686
4634
8819
1437
4550
472
3377
4731
263
7748
1024
2300
8167
427
966
6559
6636
6826
1816
4437
1507
659
4246
3324
733
3587
561
3210
7728
8961
8589
9018
8003
4873
4079
994
4782
4923
7932
955
4366
656
7299
4761
5772
6390
7619
5117
840
745
828
5427
5498
3816
4727
4524
2374
7293
4033
7995
6056
7649
45
7272
2745
1288
3292
8665
341
1812
2212
3086
793
2935
6850
4920
3127
1320
8670
7577
7228
8410
7881
4171
5470
6918
135
5222
2236
5585
4638
4801
6140
8136
8376
523
870
498
4404
6612
8187
6355
8482
5611
1060
2340
3996
6178
8604
969
4612
1187
885
990
5182
2288
3213
3604
4251
4636
7888
4945
8499
735
5556
4795
6211
6077
3238
951
3875
4885
3869
7720
7705
1707
1590
5538
7444
6073
996
4342
1476
4432
3188
4728
8596
1831
731
3281
1525
6856
4333
4676
5463
5483
5342
5302
4977
5637
4640
4954
4662
6630
1404
8008
4627
798
4659
7979
3608
6690
1711
474
8998
4911
4519
1891
5236
5265
5364
8751
7107
6318
1352
5296
6154
2231
144
3668
3285
2981
976
4391
3522
4902
6243
7130
2780
2415
7245
3702
2243
6521
986
3575
4740
957
725
4414
3845
7204
1624
4121
2769
1870
6609
615
718
2688
1844
3417
6676
1552
6498
101
6000
5319
2241
7786
1779
7038
1099
1287
6932
970
5729
1819
4417
8633
5164
1076
1006
981
9001
1515
8511
724
2798
5161
820
1021
1131
2799
196
4316
8977
8848
189
3632
6493
3113
2504
8827
2642
6314
6977
8920
2496
3751
8722
1788
4649
3928
7445
4639
3707
3924
7698
8462
3263
8910
1696
2660
8840
7587
8833
7944
6832
8642
3456
5825
1013
1020
8039
4584
5464
4771
1652
2681
2219
3133
2318
2366
7020
8157
4284
9004
3160
7789
8777
3307
485
7492
1047
6279
1135
5134
3354
422
4458
6703
1410
4645
3152
3489
6395
5787
7817
1026
1132
31
2442
6591
3819
881
4290
8903
4605
5952
183
2982
2772
4051
4166
5850
8675
2159
4076
5473
2283
1453
3723
4515
4748
3420
6669
5936
5165
4273
2912
4680
2248
2860
4162
886
121
222
964
2966
1531
1004
5810
7759
1057
5
2186
5312
3028
8451
7990
6404
344
1281
2647
6803
4673
3428
7894
5139
6748
5202
2327
4703
5689
2478
1196
1839
5365
8772
492
4846
6840
1821
6143
6148
912
880
527
4895
8453
1359
5269
5784
963
5839
6624
1073
2815
1419
7831
6760
1125
2200
3351
4936
8650
1702
274
4614
2937
1161
2775
3060
5662
685
3251
3843
1295
6568
1225
2149
5017
332
6774
3150
5558
1346
1715
1726
2829
5348
6892
2687
15
6751
4191
4088
4399
1826
1331
720
3714
3871
7126
8927
8943
7487
4375
2617
328
8699
8810
205
954
5888
7171
5254
3563
3239
227
4066
2624
6207
6473
6550
3804
6739
218
6762
6132
5834
10
4349
5433
7757
678
5315
3795
423
2516
7792
8228
1394
1631
5449
6985
3434
8620
3176
6927
268
5193
6920
8695
5864
824
6440
661
2609
1493
2567
1317
3218
1970
3066
3975
965
5352
8700
742
4865
2427
9010
2793
7099
3163
915
3370
8979
4380
8689
1017
1549
4774
1834
447
7840
2752
3256
5398
714
5521
2407
5742
3199
550
5443
5968
3388
1783
7115
7177
1676
3799
2445
3584
1310
2465
2897
1253
1931
1794
5815
7415
4984
2347
1517
4844
4060
7016
6051
4861
294
1575
2531
299
7713
6116
5186
7583
2494
1053
3626
7502
3207
2398
1209
2581
6885
1499
849
5282
1059
8169
4427
1657
3773
5926
2490
785
3140
483
6535
3093
4101
2689
6509
2344
5801
2154
1688
6552
4914
8273
5080
1866
7316
2026
778
3635
5021
872
7254
1147
2674
2173
2892
8607
4552
1487
2128
3268
4765
2394
520
7380
4197
387
1032
1255
6744
207
3653
1101
8614
5346
6400
3334
7897
8892
7139
2385
1293
4268
940
4274
4291
4337
4338
639
2693
4184
3976
3450
3619
3270
4036
3547
3991
3960
3252
3565
276
7011
8864
3687
592
7878
5947
3649
7195
6798
617
2976
2621
5008
1482
2418
7222
7211
5413
1791
16
2252
3889
5693
300
287
2003
1721
5069
2282
5518
491
1836
7484
4168
2138
7743
8392
875
4876
1042
3745
2259
844
3859
1746
1041
2458
9
7892
6121
5038
8807
7762
1411
6768
5341
6322
1401
3574
6571
6482
1739
3805
4241
5666
3936
7260
1980
3034
3693
4135
4511
454
7208
1569
8625
3900
7250
8336
6777
2329
6367
5857
2877
1479
5226
480
155
2730
4840
1837
1012
2089
845
5179
5891
412
802
7189
8239
6114
746
4153
1497
597
816
3194
3024
383
2722
829
2676
5832
5422
4555
5846
2900
275
204
2741
5146
105
1892
8484
3430
4194
7826
7265
7386
1636
1582
5971
5101
6902
7481
2704
5707
2761
2038
6791
57
7311
879
1246
8781
5210
3129
6327
5932
558
4625
2956
2961
7458
8275
479
818
6294
5065
6348
1852
1329
839
178
2078
5791
2439
4531
3438
869
8914
8636
6957
2570
1529
1894
1880
