item_recommendation
25737
8571
7872
8327
7541
8093
8447
8117
7697
7613
7437
8253
8360
7914
7636
7560
7669
8033
8225
8385
8420
8070
980
7782
7738
8290
8056
7478
8003
8522
7753
7649
5159
7407
7802
8183
8403
7705
8743
7938
6559
6748
8661
7234
7186
8154
960
6918
3232
7394
6826
5597
8477
3368
7728
5909
5723
8008
8961
1003
8899
8859
8670
6728
6609
6365
8235
2659
8665
7299
6091
7263
5117
8751
8684
8167
6178
8589
2374
7748
745
4941
8654
266
4873
7976
8998
5611
2062
8709
8879
7293
695
8772
48
953
285
5164
775
45
8596
8499
7786
8207
5264
6624
4821
4584
4366
8819
6970
3281
6579
4577
5980
4550
526
7888
6355
6390
6658
6892
955
984
8376
7245
8136
4782
6143
232
6840
969
3235
8761
6521
731
3188
3875
1046
6314
6703
6636
6630
4437
6550
8410
4761
970
1907
1744
6318
7817
6760
7502
3869
3816
8827
966
2288
6751
6850
7481
7932
129
976
7831
733
5662
7107
1024
3324
7189
4731
1513
6650
6612
6562
8462
4391
647
1523
1288
7204
485
951
5008
263
858
6920
7878
6535
7809
9018
3417
5888
1006
3127
5296
6440
6207
964
3668
5850
5021
7484
659
2780
880
5952
1437
1816
626
8482
1317
4121
535
741
6195
4936
912
5765
4923
5926
3799
5815
5515
4262
7619
101
6832
6012
2212
724
1844
957
7038
5568
954
7577
2340
4920
4171
6676
4984
472
4432
3882
5198
7171
4801
6902
8984
1767
5473
4079
6148
6294
1367
7487
5012
6981
8745
8039
5489
4251
8604
6803
6932
189
8689
5839
2660
8642
5410
4639
7698
7445
7587
8840
6283
3263
7944
3924
3928
8833
3707
8453
1187
5729
4076
6154
6744
840
6498
7211
1777
6404
5936
7881
2407
5017
8910
522
6073
1812
5498
3377
6798
3584
3819
6568
4162
2647
3854
1562
31
5033
2300
5449
9001
2772
4427
2860
9004
7195
994
5329
725
6591
3307
4765
8187
7792
4885
7282
6835
5588
986
5186
2982
4417
8777
8920
8268
6739
5965
2937
8507
4414
1531
4809
3795
965
656
7126
6276
2775
7121
6686
8636
8511
1145
4638
7034
6684
6493
5810
6957
1352
2981
4404
3714
2935
2227
1624
2154
1021
6944
881
7272
1515
990
2478
6615
6084
7894
1472
4740
3632
6718
5558
5834
3804
3702
4153
6254
2617
4658
1012
6375
7979
8977
1507
6116
5715
205
5768
7841
2769
6121
6731
5291
6791
888
2799
6000
8807
6513
1209
3251
5742
2688
5569
7771
6242
7789
962
8781
5585
8633
3845
2897
2798
401
1020
8848
4895
3428
2668
5752
7160
934
8864
7706
7843
7254
7355
6617
6185
7844
6762
5530
5413
1295
5923
2173
6985
872
5288
6140
1590
8629
1581
6260
4600
5947
7415
1040
8914
7311
8580
735
2236
6927
8574
5693
8157
6047
2186
1053
5968
2418
7099
6774
4846
1013
8699
8695
5365
1676
321
6530
7135
6999
3256
2622
1225
4840
1696
5853
8854
3113
7380
4686
5825
7250
4901
3157
7840
2318
5210
3238
5801
196
7757
1810
2415
7130
6021
7995
2347
6782
6862
3649
6547
5699
1125
5882
3207
5655
492
981
1057
2605
5000
4304
7720
3176
4420
3028
8591
6856
5675
5832
9012
3093
6114
6966
2078
3199
1569
1771
720
1870
3351
7212
7743
3213
8607
6077
6743
7316
3693
7078
6669
4033
1004
1281
8044
1060
7180
1042
5134
5214
2004
407
3996
5734
2793
6724
1834
5433
8491
4135
7115
15
6322
7990
3387
8131
7208
2394
3218
4666
8979
6509
3889
5378
8614
1173
8261
274
2496
498
6940
6977
5177
5458
4188
998
2621
8524
844
6942
6400
7897
785
5703
4963
3420
6243
870
5139
4893
5161
4945
6132
4795
144
4552
2427
6777
2331
5954
963
5971
5985
7090
7016
6203
1702
7228
8239
6885
1047
6446
3210
5641
8191
6436
7456
7011
6348
4605
6383
5857
5226
8009
1132
4649
1824
3587
2581
7818
7055
5795
8768
2912
1476
4814
1438
915
6811
4290
3508
7826
7822
8700
6974
8640
1019
4440
2433
3860
8810
7566
8542
7759
5440
6641
2038
2900
4066
4270
3805
968
6464
3456
3997
4911
140
100
4830
5275
1336
5940
218
8404
2458
4020
7584
5900
5387
4903
3492
7089
6502
961
1739
6858
4292
4692
7044
6370
4811
7845
8526
6415
2941
8950
8948
8908
4228
3160
2686
5193
1636
3402
6433
6516
7022
3503
6695
3296
7444
793
5218
2583
5809
886
1831
6123
1059
2959
5710
8943
3604
7583
1030
718
8142
76
5891
700
4914
4511
2404
746
6896
3125
5625
6565
4727
6234
2779
5605
5899
1429
6721
2346
5604
996
947
6367
2531
5534
1032
207
2409
3163
8609
1026
2366
8720
2231
1517
864
2687
3752
1017
3978
8530
5443
6995
5285
6536
6880
2241
5165
4696
5080
5241
2609
2120
2516
5
916
4108
5372
8121
1876
6422
6963
5945
380
1752
7958
8923
6757
7627
6100
6480
7004
2248
6643
2741
2513
4844
5873
5312
5046
4987
8451
1508
1330
8484
7096
2801
8927
8903
5170
3394
1104
2396
6713
7419
2956
5075
5282
2436
4876
1750
8892
753
6706
111
6950
3489
3751
6223
5521
1484
8616
685
93
6162
4086
5292
4394
6768
154
8169
5581
7354
6183
893
6395
4678
4255
2442
1580
2368
7147
5203
4101
2473
3608
5470
7892
8422
1973
4166
6377
6887
2335
2761
861
2439
8718
3540
7820
1819
8392
2546
6953
3560
8638
8675
8583
8194
427
6056
3081
4632
4995
4098
2521
5864
3284
8275
4515
8366
6230
2577
6877
2183
5038
3156
2082
2752
8575
5323
3773
5254
7764
7095
5732
7346
2159
3522
1135
879
7020
4878
6329
6039
4861
419
7492
6964
7569
6582
5398
2976
798
5689
2342
2548
8387
938
4849
2843
8882
2961
1161
8014
6531
4263
5600
3502
892
5745
4718
5666
5466
5462
2398
7315
4458
6103
8650
2310
5808
4706
6816
743
3704
3918
5146
3445
