item_recommendation
25737
8571
775
8327
647
1562
980
7541
7697
8360
1120
1507
2227
8117
7872
1523
1003
1535
1791
7636
8420
1907
885
4262
4462
2686
986
7782
1777
7613
1819
4378
1711
2832
745
1816
626
7437
828
976
1145
1111
7282
678
1707
3232
2282
1437
741
1552
5765
1404
731
526
285
4251
401
869
659
3235
4577
1931
888
5159
2243
8225
8447
1739
1767
8859
1515
1744
8899
479
2815
733
5723
1099
3150
990
3133
2779
1783
861
266
1831
1812
8743
1513
969
1715
984
4765
2659
4366
4033
8522
7234
8253
2935
48
2668
7938
2699
2605
4060
1196
1771
2031
4873
8154
2741
6609
1631
135
2415
1891
2769
1525
1419
4073
2236
1688
960
793
1161
2866
7560
2481
6918
637
2067
4458
1873
3188
101
5498
3417
2173
1021
2937
3238
2688
2745
998
1006
1076
702
1288
1040
3086
1187
1746
1042
785
2798
8033
3281
981
656
2300
57
1101
2761
714
2775
1624
1472
1549
964
1046
2128
4911
2687
886
724
1517
1844
938
4638
5909
1320
72
6091
2186
1870
718
31
1236
6143
824
7263
34
1726
2786
1004
387
742
1073
6314
3773
6390
872
1361
1060
1059
2912
3543
4936
141
4527
200
4037
4496
3905
4522
3623
4299
4276
4095
3568
4343
4151
4453
3961
1442
2478
3152
6195
3324
3308
2780
140
4923
2389
8376
8136
4344
498
1487
915
750
554
5834
3368
227
2442
1652
1171
1020
4550
2793
685
735
2835
1500
3489
7394
1346
880
4404
2892
3028
748
951
2982
1804
1880
968
333
695
4437
1317
4941
2288
725
313
8596
879
2681
3377
7738
3210
1053
1667
472
205
3354
844
4821
2587
1840
189
186
8961
2445
1026
1453
1582
2617
2801
504
858
937
8920
2427
4079
893
2565
2385
474
1580
5952
4246
196
2647
2494
5752
229
3895
419
2202
405
1209
5
45
1944
3081
1132
1032
492
322
2407
4284
1900
746
870
2347
2493
6630
1367
4584
8589
4782
577
2159
1504
947
2829
2219
955
1836
2231
272
8661
1809
4521
4296
962
1012
875
1834
1788
1173
1721
6636
105
8709
2221
4273
3307
2062
2496
1954
3019
3816
1240
2966
2318
121
2504
2462
8977
6970
2660
2651
232
816
8665
3637
6658
1997
4600
4830
9001
1330
3428
3127
4102
458
1957
720
6856
833
662
3795
1608
574
3875
1461
117
928
2919
2920
1356
1861
1238
2016
2916
2244
1415
1304
1347
3053
2810
1237
3070
2921
3166
3069
471
1542
3063
1984
502
1180
2918
1366
2889
290
3148
216
852
2671
2012
2206
514
6832
2297
2340
2967
1014
1030
194
1255
5515
2327
2178
6084
1168
8833
8462
3263
7587
7944
8840
3924
7698
4639
7786
6932
7445
3928
3707
1532
3702
2730
7976
8642
1852
2917
2208
2203
144
291
327
6728
743
6826
994
2548
422
3634
1057
162
8633
1660
2399
804
6318
263
1858
2212
6612
2004
2752
726
2020
3668
2275
2013
1256
4740
8290
1592
2734
1392
1979
4076
7186
953
996
3805
4801
9004
3218
535
1508
1501
2342
1325
1373
155
1013
4171
66
2002
1206
1482
3021
2082
1234
3018
5214
1480
2473
1104
1277
482
963
5117
6985
1951
2959
973
1644
1438
2877
1165
2534
427
3168
2304
7254
2533
3316
5008
3129
1639
6436
2439
798
2248
3504
898
129
2613
4380
2927
805
3160
1702
1586
3540
1397
1717
2500
3024
2193
218
3214
3852
1092
1581
3146
5699
8751
7894
485
6744
2669
1264
258
1125
1358
2183
1689
2146
7881
3255
2800
966
2461
185
3251
8183
1037
3138
3015
5810
5604
2600
1363
7121
3714
2116
1696
3211
488
276
2200
207
7126
3165
1969
2204
1215
2237
5365
68
213
617
407
988
4263
808
2620
5449
8761
7407
2799
707
5288
2546
274
4383
2103
64
561
965
2421
2772
912
4895
954
2897
5410
719
5662
1779
2794
7038
6498
1228
83
3256
1750
2465
541
5585
2770
567
2661
222
2154
1883
1449
1024
1123
178
1837
1047
3011
2425
3694
1017
5264
324
8268
37
113
2134
6042
597
2689
2981
1894
6950
1095
1441
1497
916
950
7371
1636
2519
6440
219
4135
961
3207
8492
4885
201
89
970
2505
568
8484
2001
337
6493
1518
80
1274
2418
6104
126
7888
275
7171
2120
522
2397
8689
7792
1876
1028
4255
5503
1167
7419
4731
389
4511
2467
499
881
3616
6410
3604
2279
854
1531
1225
551
2252
1479
1008
2009
299
7878
866
1822
2368
708
4316
1665
3111
154
558
934
4649
1971
1927
2766
2956
2517
6850
2570
4933
2352
4645
1131
3522
2596
6624
3134
1233
3005
2922
1388
1616
2633
3068
161
3042
2715
3147
167
1759
2789
99
3177
1226
1204
1080
1063
918
2074
2215
2285
2403
2364
2393
1186
510
1130
1588
306
999
704
1393
2678
3142
2325
2241
3693
278
5899
5241
6579
369
157
615
538
2976
1730
1428
3747
6706
3213
3593
2521
1352
2331
2383
4399
4168
4625
47
8654
592
4658
1011
2858
6073
614
991
2386
2753
5352
1078
1085
5729
507
342
1218
1137
1087
7020
2027
4432
3804
3632
2046
516
1148
4162
1049
8056
550
2394
709
332
5611
1959
1657
1390
2335
1690
4440
754
2429
5198
784
111
3051
1878
697
6225
1972
3071
2351
3125
420
3113
4451
4952
3646
3456
461
661
5053
5165
2609
6798
8772
1921
1914
1569
2428
2819
1290
2010
2107
1841
279
1184
4207
1967
7669
2849
1928
1892
4349
8385
7764
3298
76
2634
2572
6404
4414
1446
2374
4319
153
849
3478
1839
4051
2296
1353
2372
802
1564
380
2043
5768
1762
348
3091
5473
496
8910
303
3292
1502
199
491
3093
2195
4534
4503
1901
439
3575
4473
4718
312
1124
1929
1365
3041
6154
5588
547
243
5707
