item_recommendation
25737
8571
7872
7541
8117
8327
7437
8253
7613
3232
8420
7636
6140
8225
8360
7478
8207
7560
7697
6195
5980
7914
5765
7782
8522
6826
8447
8859
8033
8743
2659
7748
8093
7669
8477
980
7263
2647
3377
5825
5772
5198
3324
6970
7234
4600
7038
1562
6390
6559
1437
6365
7299
8261
5134
1003
4417
3368
6850
7938
4873
7407
5410
7786
8385
6211
7444
6636
4911
5433
7282
8070
5597
8183
8661
2062
5515
6132
4171
4246
647
6743
1111
1145
5159
3714
7245
4310
1320
8961
4696
8003
7802
7186
4941
6355
1711
6612
7888
7394
5556
6521
7649
7881
8709
6609
3188
2605
6073
6658
5723
4550
1523
8914
3207
844
4584
7753
2516
5033
4088
5989
6458
3127
6178
8998
3251
3587
8596
4748
6927
3417
3668
2961
4432
3783
3816
1468
5470
1404
5909
7809
1513
733
4638
4577
8899
7976
1569
1076
5008
4731
6630
4821
4437
8642
3351
6579
5489
4795
1552
8403
285
5784
6395
5269
8589
1788
6242
129
3235
6154
1476
2300
6932
7587
7698
3707
7445
3875
8462
8136
8376
3928
3263
3924
4639
7944
8833
8840
5413
2660
3292
4498
3210
5729
6918
3799
4139
7386
5117
2243
7815
7293
7327
6744
960
2779
4366
7979
3795
4404
7492
714
2622
7034
7453
4262
4830
1187
3649
5312
8604
5846
3152
7204
6143
3086
1288
6695
984
492
5114
7050
891
2780
1744
1120
5449
695
6728
7366
626
6314
4923
6506
6446
3218
4414
8157
4801
2374
8654
4589
3814
1767
3632
656
8879
5395
266
2557
3459
5952
7995
4809
793
4658
485
3702
7899
7738
6279
2769
5146
2385
4936
4079
5254
2686
1236
5689
6493
951
4098
4101
4391
6620
1479
1173
4284
2912
6624
2935
6000
3854
6243
8920
3136
5177
7228
7055
4782
5538
468
5069
4893
4121
5568
5165
5530
1844
8722
7121
3028
2681
745
8853
7343
659
5151
5677
3357
4716
3869
5588
9001
8689
4273
6051
3216
6568
3608
3428
4880
6091
6473
5236
380
4427
8154
955
4383
3133
4290
8670
3604
1024
2478
6957
535
4162
6223
6721
8665
7502
3563
6550
472
2799
8121
6404
2617
7831
144
3434
5604
6148
4987
2415
7099
5791
6985
7705
4347
858
5585
3213
7789
5427
2038
741
3819
2407
4349
7894
7458
4084
1812
9018
4761
8629
7272
6862
6186
5718
2288
7147
2496
4086
6318
8056
6123
3034
886
4703
7932
3140
1907
1839
8633
3845
5210
9004
2340
4319
5009
6256
8187
725
6930
6419
6703
4386
8892
6077
7139
6012
1131
8167
5810
5315
861
3882
5473
263
321
8574
5
888
3805
48
5080
1834
4033
4251
4895
1771
2212
4649
4108
1769
4706
121
2553
7151
4316
2936
4920
6587
5600
3401
571
8684
7192
4190
5308
5103
140
3160
3487
1517
1831
5301
6114
3165
7125
7318
7072
7395
4885
1073
4945
6755
3584
5059
3307
7460
2467
5193
881
2824
3024
6718
3646
3081
2159
6116
8290
2618
969
7126
986
7826
2219
8795
8903
4725
4304
3848
2642
6641
1135
5888
3349
1707
1950
3066
8675
2966
8700
990
7040
5947
4612
3534
1060
6535
1215
135
2418
4771
5464
4709
45
1525
5139
7792
7757
4634
7577
753
189
3019
6516
2917
31
3010
7728
6530
3807
5119
8451
7300
4840
3199
6127
5553
3253
324
5017
1099
4636
499
3522
6975
4686
2752
7222
76
7036
6942
5348
981
4861
1444
1580
1046
845
5633
953
2004
1256
6231
7487
5205
464
4332
4932
6676
1631
4876
5782
1870
4066
480
6748
5040
4054
5707
1006
1196
2775
2676
912
7250
8848
6708
1460
3192
3150
1013
1535
4255
5352
3697
1147
186
2486
7162
2436
8453
1132
452
5662
420
5581
5000
5182
3224
6525
4045
5329
2860
222
7115
5787
5179
2275
232
2897
6056
2624
154
6384
6678
2475
7189
2817
407
4339
2394
3643
8819
1507
4506
2563
1575
5926
101
5630
5335
1573
2664
5985
3575
8336
8954
8823
3125
2736
2032
1027
274
8761
111
5010
6383
5187
209
1692
7171
954
7123
3860
2806
7180
3521
2283
8422
3843
3113
5548
3913
5834
7481
3194
458
3281
3996
1531
577
2939
1392
4543
2082
2734
3384
1880
4499
159
5346
3804
4897
1592
1957
5754
2772
6591
68
2609
7720
1281
2490
1484
4826
1237
1180
3063
1461
3053
1415
3166
1356
1304
1366
1861
2918
3070
1542
2921
1238
2920
2012
2919
3148
2016
2031
1347
2916
3069
2128
2206
1984
216
2889
290
2445
2671
117
2565
471
502
928
852
2244
2810
2282
514
5161
966
4524
1665
2297
2967
1377
194
3693
2241
272
963
4396
4862
2295
5428
697
3414
8584
5506
3936
8544
5231
6936
5038
3943
5505
4018
3664
8611
5255
3673
3695
3992
5283
6250
6228
5366
3679
6238
6482
8528
4749
4464
4465
3788
6468
6690
7934
6476
6323
8196
5404
6484
5398
3835
4745
3780
4459
6408
3771
8363
5300
3879
6387
5299
4767
6793
3897
3326
4403
2697
5450
6332
3334
3661
5682
7101
1610
4140
4241
5843
5808
7340
5666
5111
5066
5995
920
6037
4960
921
4381
8970
5841
5792
4175
7117
5705
7083
3618
4865
3476
919
5057
5694
4975
2106
7199
5777
3404
5994
5544
8957
7260
4818
5417
6101
1713
4475
4815
2853
2828
4411
3677
3546
5202
1837
6498
15
1336
3564
6832
1301
3276
3425
1303
3889
4964
2883
2002
2231
840
2306
2462
2378
3988
4740
965
178
798
3398
3552
5377
1794
1373
6022
3256
4947
1225
775
3868
410
3908
100
4306
317
6162
2437
5932
8751
6885
6283
731
2688
4645
2884
2887
6595
2982
1268
4989
5013
5382
7160
4570
2877
3060
4153
3264
8008
7627
2689
976
4970
4619
6155
6322
932
574
4921
196
582
1358
3706
1161
2581
4614
7110
512
1555
3653
3018
8984
5655
3402
5968
3489
4342
4844
8745
3859
3793
2560
3408
2227
3394
2708
964
4226
2003
