item_recommendation
25737
7872
1523
7697
8571
8327
1513
7613
7541
8360
8093
8225
8117
7914
3232
2605
5515
775
8253
2686
8033
731
7437
8183
2504
8447
4696
1831
4830
980
1744
4795
5198
1003
1816
3604
7560
8290
5159
5489
7669
5410
4316
7782
1777
8154
1515
741
888
5597
2769
3324
1507
984
2465
4649
986
8596
8403
4600
990
401
1771
3235
5312
735
1812
5008
1907
4584
7636
3522
2966
129
3086
7802
3210
8743
8056
1046
1562
2688
5765
474
2659
2195
1852
1331
4658
869
2496
8420
8684
733
8772
7478
4290
3816
2227
1517
885
1525
2829
8477
3575
4246
1909
4740
3368
5161
1580
4861
3194
2772
6091
2300
8899
1161
3074
7728
745
2609
2668
6154
2212
858
1060
1394
1767
4399
1111
1317
2976
5186
1639
8859
951
2935
2761
2385
7407
2798
3563
285
1794
4645
647
798
1870
4731
8070
5662
3751
656
4401
5264
2546
4349
3338
4076
8235
1472
626
7976
8410
976
5033
2687
1631
2937
2689
3388
4727
1352
7938
4101
2912
5346
4228
828
1078
2283
3357
407
8879
1053
1739
3649
1132
4987
5375
5588
535
5177
8003
9018
5742
8499
4550
3238
4337
724
6918
3402
5723
1970
6826
266
1873
1006
1652
3852
8661
3759
2681
2779
7878
5053
718
2159
3996
659
1187
1288
4801
695
1819
1057
3188
7649
2241
4680
7245
4888
3159
3784
3262
4643
3892
929
5199
2880
3843
3292
4197
2639
960
3051
2494
955
8699
6178
4284
4079
2786
2567
4380
4821
1131
1004
8636
981
2521
2796
769
742
6751
7738
4524
3626
8376
2780
1721
3521
4414
872
2570
2669
3723
1657
6260
5715
3358
3081
7234
6970
4033
8136
1020
2340
1951
3150
816
4273
1783
915
4437
472
2832
3354
8167
6243
4342
4191
5282
3270
3450
3991
3976
3252
3547
3619
3960
4036
4291
3565
4338
1826
3702
2835
1030
4625
725
875
2427
1624
1026
8943
561
2295
2801
8591
5675
9012
2596
639
4184
940
4274
2693
3408
3377
4638
861
3875
2642
4404
1017
6579
2231
4121
5288
4268
1293
2534
8633
753
105
969
5768
6073
6760
6056
8522
1688
4366
48
550
8207
3160
2982
3430
5377
1021
6902
3854
1608
5853
2467
1582
963
1346
8777
3125
8927
4016
1453
2288
1031
2600
1690
1518
4636
3456
4809
4642
879
3745
3285
1726
3113
5324
2478
964
2741
8228
2415
5236
881
2120
5335
5630
886
1980
4563
7809
5114
4761
2866
8607
4045
938
213
2146
7171
746
2770
2327
5909
5483
2204
743
3173
1696
3635
2493
998
3211
5222
2647
7263
1476
4873
5968
6547
2149
4941
6355
2766
1363
6559
1526
8709
7293
1959
4319
720
2633
2985
4051
2473
704
5729
306
3005
2215
1388
2715
2285
510
3042
3068
918
1616
161
2364
167
3177
3147
1759
3134
2393
1204
1233
1063
1226
1186
2922
2789
2403
2074
99
1080
1047
4765
2325
1301
1120
2248
4659
5427
3428
8542
7619
6365
5356
1504
2442
2383
507
1184
2399
1997
4420
3359
1218
4577
1750
2078
162
7204
6676
1085
8589
893
2858
5553
1055
313
7831
526
1836
232
8580
4782
135
6513
2892
896
1145
1500
3006
5055
2990
4612
4634
454
3127
7753
4954
2429
2531
1281
1590
1834
1437
2497
4627
5302
5637
4662
4676
4640
4333
5342
5463
4977
2573
8998
864
4728
3608
7932
4153
1235
5265
5364
947
8961
4432
3254
3071
1972
4844
5275
3926
2441
7995
2799
1429
8807
3845
3859
2155
4519
2696
321
1209
1497
6684
1059
7228
5080
719
2089
7186
4111
4262
5518
2186
1730
5834
6706
47
5992
2513
2722
461
2792
1135
2634
3487
2366
5772
8451
1104
2582
2983
3880
8147
8665
2572
6318
6207
1841
1013
4354
5134
6493
1839
5585
5611
8039
2843
3152
2986
4902
6718
278
2981
2400
6404
748
4803
8910
350
6121
3668
2817
3801
1103
1866
1040
205
523
95
2439
2694
1095
5254
4440
1225
6612
8720
4568
366
1689
3489
2419
2655
16
5641
2342
2793
5672
5038
2975
678
2279
4190
189
8761
5365
1393
2468
2021
2344
2090
1410
2043
8848
1535
6932
7254
1844
3989
2490
1931
1287
8827
2815
5165
6728
1196
8524
8620
2062
101
2197
661
6314
3687
2807
2812
6294
3871
1686
2816
2284
2438
8625
4923
1433
5850
4293
3574
5319
547
994
2704
1025
1428
3758
2956
2617
6498
460
5980
5752
4339
7130
5117
2178
2721
8977
2039
3763
276
1042
131
100
1033
726
4976
4833
7160
2183
499
4296
8385
5655
2182
7888
5710
8892
5433
7038
953
1228
802
4920
930
2440
1929
1627
337
7786
6630
5839
4552
5936
483
5735
911
3500
6835
7502
3307
427
788
218
2506
3016
2946
2092
2091
5666
5732
4171
8654
2864
3216
2200
4255
1941
968
4771
5464
423
8819
931
2046
3819
3889
1625
1508
5815
6985
2138
3420
901
5243
3656
3140
2507
954
6035
1358
1125
1901
6225
1556
8261
3584
1024
2347
2201
378
6436
870
3417
4251
2236
835
8920
912
3028
2674
2378
8462
1310
685
1549
991
5323
2134
1531
7757
4235
7282
4194
6774
3093
2481
2752
3690
3284
3334
5363
1147
1032
5462
1130
2207
2622
4417
2318
2339
2925
327
34
5699
2660
833
2581
3770
4936
1501
2371
5568
7299
840
1735
2730
3928
4639
7445
8840
3707
7944
7698
8833
3924
7587
3263
2755
4774
3218
4614
8903
1333
6896
7771
1702
252
961
5304
786
6375
5103
2193
529
7894
3281
8882
6341
3936
7897
2214
8979
1581
1788
966
8768
422
737
3900
3920
5689
2188
2350
348
7394
6803
3163
3454
5572
7826
1860
4532
5182
5449
6509
7881
2310
2651
7346
1797
2624
6286
1715
7720
2154
4263
8629
3753
527
8142
4477
4241
6103
5625
1192
4168
9001
2118
839
2820
2082
2128
6331
4166
202
2938
8511
2330
2731
322
2630
1076
