item_recommendation
25737
7872
7541
8327
8571
8183
8207
8117
8360
7697
7914
7613
8447
5410
7669
8093
7560
5515
7802
5765
1513
8420
8225
7437
647
5597
775
6195
129
1744
1523
6073
980
5198
8261
8522
5556
718
5772
5177
2686
7649
8070
1145
6579
6211
1777
8033
3232
1816
8253
1111
1120
1562
2605
6493
407
5470
2159
401
798
7407
6154
4600
7478
8290
7782
5159
6395
4658
5489
8056
140
4246
6365
7245
1907
6970
4809
1767
4731
3587
793
1003
8477
5689
2761
8403
6178
2504
5538
6091
2935
5264
1870
4577
4911
8154
626
885
5134
7282
5742
5114
5784
5269
3292
4550
7636
266
8722
4088
285
5729
1812
1721
5980
1580
858
2966
1317
1788
4830
5312
2300
48
405
8899
6636
135
8743
6355
984
5315
2062
8772
5288
2779
1320
3235
3608
8848
2227
1507
1076
8859
4703
6404
213
8003
4748
1535
4634
8684
526
4649
4696
1404
5038
741
5825
7995
6077
5787
7938
1046
3751
7932
3150
8998
8235
472
1739
314
5398
8777
659
2786
427
1196
321
1711
8661
2815
7260
5666
8879
3377
3854
1783
5715
1472
5723
5182
960
4366
8451
1639
5791
7121
6658
8903
955
1608
7728
828
778
5588
7228
5254
4290
535
5193
5033
3081
5139
3368
4727
685
4709
4584
733
100
3210
5427
8596
5186
3334
3489
745
3936
4241
1771
422
5498
4945
1515
1549
105
4316
4795
1453
5202
6690
1135
735
4262
8385
2212
232
1073
7234
474
2687
695
45
2207
8499
2659
990
2507
7809
5808
299
2350
2494
4821
3051
4740
5662
3324
1437
5413
5443
5161
2668
6902
8187
8157
1525
8977
6279
8699
4638
6408
7272
8604
183
558
6140
522
7577
731
1288
7444
966
7878
1696
2981
571
1060
7492
953
7293
8943
1363
4673
7979
8675
6918
1657
7263
5222
1077
1707
2745
561
9018
1819
8136
8376
4273
870
840
888
2688
3668
4284
8410
3066
5348
4458
945
7738
3434
2676
7753
599
986
991
5464
4771
5008
3889
7881
7619
8636
4524
1794
3875
5069
4121
3819
2241
1310
7976
4437
6056
742
981
3140
875
8629
423
969
5655
3408
2696
3194
6051
2496
3370
869
951
1552
1970
1147
4076
6525
3086
2892
707
2427
1099
1024
7115
2769
4515
1059
5675
816
1476
1726
5853
2681
7720
2647
1852
1354
3354
1688
2832
4920
7394
2204
1161
2829
8761
963
656
4383
2243
3213
3563
4941
5352
3604
1020
915
994
2415
3060
2043
764
1184
1779
720
1844
3127
1286
196
2801
2596
4079
872
4166
1187
6473
4162
1769
4612
661
2835
2128
4171
861
6446
6547
2976
2327
341
162
3575
2039
479
4626
7934
4802
6318
724
2155
4923
375
2766
2448
2986
2399
101
1497
7250
1652
1006
95
3398
1624
2754
2560
1021
6728
2866
6390
8914
4971
3133
4659
5707
3552
7789
2780
1831
1959
6260
970
1631
3780
808
7583
2770
6322
7139
2912
3211
6405
6850
4947
6148
5768
2946
3816
360
2633
2236
2798
1759
2325
4342
1671
2630
8591
3188
507
278
144
498
3005
167
2403
510
3147
1186
3134
1204
161
3042
3177
2074
1226
1233
2922
1388
2215
2285
2393
3068
99
1063
2789
1616
2364
1080
918
2715
306
8795
5053
2615
704
690
4375
9012
6482
6559
2385
678
1218
5718
2939
550
1730
5346
1582
3879
3357
2186
7204
4865
2478
121
2570
1053
263
7899
7340
5224
2883
7177
1085
2373
4885
1057
4570
8273
2284
2465
4033
2288
4728
5065
5611
348
3522
2753
5179
1331
8336
2975
1839
2486
6498
6476
5777
47
1951
845
5282
1784
4278
6155
4619
3702
5843
4632
8853
4716
7101
4654
1702
1004
7815
5846
824
2498
1225
6826
4680
8961
3404
5637
4954
4333
4676
5483
5463
5302
4636
4640
4662
5342
4977
8121
2202
3546
2200
1925
589
5404
461
4818
4627
4475
3425
2704
2752
4139
2366
2306
2858
4404
670
2843
1972
3071
4932
2600
4101
1479
2546
8607
1826
2318
880
6676
2429
3868
480
4411
881
6387
7083
4018
920
3992
8363
8611
5066
919
6936
8544
3943
2697
5682
6793
6037
6332
921
5994
5792
5366
4459
7199
3664
4175
4464
4465
5995
7117
3476
6484
4140
5705
5231
4403
4381
8957
5283
5694
3897
5299
5300
8528
6468
8970
5255
5111
2106
8584
3661
4960
5544
5057
3326
3788
8196
3618
3695
5506
3835
5450
5505
6250
6228
3679
5841
6323
1610
6238
4767
4749
4745
3673
4975
3771
947
4815
6101
5428
4519
5417
3564
2828
5265
5236
5364
1132
5087
3677
3428
3643
8807
2340
1026
1281
4964
848
335
6273
218
3276
339
7038
4686
1500
410
2819
5117
1841
818
3845
2642
1670
243
1545
1268
1575
2793
3093
2634
5010
6243
3006
4765
8709
2283
3285
6022
3238
6383
2516
1130
4660
6294
3264
1150
2231
2772
366
4902
1055
523
2459
4936
1346
2146
1410
2130
2741
6032
2708
1997
201
2689
1929
16
5101
2219
2864
195
976
1950
6166
3807
864
1209
1590
3016
4060
2497
2726
5909
3401
957
1502
2982
1394
7831
547
1095
332
746
7171
6121
996
3388
582
5421
344
3759
4901
453
1019
6509
2032
2248
4016
1422
2374
5699
3349
5319
2567
6000
2398
4401
8910
5684
4414
6832
3453
786
5534
615
3456
2305
485
2956
189
113
4153
1272
5473
2669
1042
1689
205
6927
8580
2929
954
4055
6595
2583
482
5092
2252
6571
4801
2138
905
4861
6706
2201
4675
1131
4710
6985
1785
327
6429
439
1444
7130
2194
7419
938
8695
1040
835
4782
7186
2937
1916
5641
2674
268
5055
1508
8167
5103
5433
2091
3417
3584
412
1079
4587
834
6800
8524
4051
3859
3284
3843
753
2400
7748
53
8864
2328
387
1880
1569
242
8620
5539
5540
5047
4823
4214
830
4282
3520
4516
532
4655
4674
2884
3307
4310
1081
8142
