item_recommendation
25737
8571
8327
8093
7872
8447
7541
8117
7613
7697
980
7914
8360
8225
8253
7437
8385
7669
8420
8033
7636
8290
7560
8070
8056
7782
8183
3232
7995
7407
8167
8661
775
8003
7649
7938
8522
1523
8154
8477
8403
695
7234
960
3368
8596
7186
5159
2659
8899
7478
8684
733
5515
7728
8743
7979
8961
8859
745
285
1003
984
1513
6826
266
5264
48
232
969
8235
1907
7802
1352
955
741
4696
526
8665
5489
986
7831
5008
4821
8499
8589
8772
3235
472
4414
953
8670
129
1744
7753
8364
8879
951
8751
7738
1024
4550
2769
1515
8709
5410
7293
5723
321
2374
8654
858
5909
7245
8761
731
3324
8410
5597
5033
6918
2062
1288
4658
3816
535
8998
7394
3188
7263
4079
8819
966
2212
7748
6355
5611
3869
5117
8376
1046
7976
1006
8136
888
6970
4417
2288
5968
7705
1507
6728
4437
3875
45
100
4740
2780
8207
5198
6521
647
840
5662
1812
6579
976
981
2647
8008
407
6630
1771
4941
1187
626
964
990
1590
7204
4391
8777
7786
7878
963
3854
101
4801
7073
4121
3845
2605
2860
2496
5588
6612
6091
6609
4830
2340
4795
6365
735
1004
6684
6550
7619
3113
6892
5296
5186
4761
2300
2227
3127
1013
725
970
1053
8699
724
1057
1437
1060
9018
2241
6116
2415
4316
4404
8636
6902
1281
4923
4076
2912
6243
5017
8039
3668
6568
1777
1844
2772
4290
7888
5288
4782
485
4584
1021
659
4731
912
8453
8984
5715
1562
5839
7817
4727
8462
5768
6143
1767
4427
189
3604
915
8422
6260
2798
7990
3522
5329
5765
522
1794
3377
7099
3804
8633
6178
5164
6242
6154
6318
263
881
4171
3281
5742
1047
1839
1624
2407
4686
9010
5675
5177
1870
3871
523
8864
4162
3238
957
8910
7481
2688
4809
4262
3702
954
5936
3210
8642
6760
8482
880
2660
6676
6658
7932
6073
4432
7038
8580
2799
1581
3819
2609
3707
7445
3924
3928
7698
8833
3417
3263
8840
7587
7944
4639
6932
870
1030
8507
6920
6132
5210
1639
7757
7881
8187
886
5729
1531
5585
1017
4600
3632
3207
8131
4873
965
8157
5853
8591
5971
8404
3307
4936
9012
1042
1525
6559
6498
8977
2937
8920
15
3996
9001
8604
2982
4577
8807
4638
994
1026
8689
3795
6751
6791
6195
4895
3456
6718
1831
3575
1020
2173
3428
6832
4153
7228
7096
6957
5080
9004
5
3093
5365
7894
5282
3213
474
6624
7171
4366
6207
885
5161
2669
872
6314
5834
8511
998
6254
8854
3218
720
7254
2347
5312
1125
8927
8607
5815
1132
5926
1367
2935
6744
4984
4033
6056
2531
4649
3160
1980
2236
1209
3714
7272
6896
6283
6404
6885
8848
656
2686
2741
8239
1331
4765
7316
3194
2829
3608
6390
1012
1824
6021
2154
1508
1295
4349
6835
5693
7583
8574
218
6591
6535
7126
3086
3882
2801
3402
2248
2478
4251
1131
2418
8542
6985
8524
746
8827
4188
5980
1336
7792
1145
8387
3024
961
5810
2003
8914
2513
4680
3805
3420
6862
4920
1816
2186
1476
5440
274
2366
2473
6774
3216
2082
4844
7195
2318
5012
3388
4524
1517
6739
4246
8695
7487
8865
7380
4645
869
3799
8943
7771
3251
6530
7502
7130
4605
2394
5801
2689
962
8768
3028
7107
3199
2617
1876
6536
8268
1819
5449
492
3268
8044
1497
2385
7208
7789
2687
427
8629
6294
5427
2642
8609
7160
6121
4861
8491
892
2404
5655
6748
1041
828
6562
2622
7577
6636
2779
7415
6077
6509
1394
996
8228
8781
8392
6493
4086
5710
5433
5518
1834
423
1438
6641
7299
6513
4636
3611
1676
31
802
5134
6977
4255
7720
5165
1739
6162
499
5021
3584
5888
5672
5226
527
2621
8169
5850
6234
6803
6743
4101
1631
5473
2900
6798
5836
6981
5203
7897
916
3880
1580
7078
6850
2548
5699
893
8275
875
5193
1010
5236
2038
4706
4659
4191
2730
3489
2506
8892
5832
6348
7484
5625
2441
4718
4634
4228
5038
8366
196
268
8720
3656
5009
6762
947
3751
4401
328
5053
3157
5462
7282
726
5857
16
1147
719
7566
2696
5558
4632
6000
6331
5114
6422
6547
1019
8388
3354
276
2437
839
6440
8484
4612
5641
205
2897
3759
6999
8526
4020
3997
5900
6415
6370
8908
3492
7044
7845
4292
8948
8950
4692
7584
2941
4811
4902
743
3351
4640
4954
4977
5483
5463
4333
5342
5302
5637
5222
4676
4662
861
2775
748
4024
4728
4627
7919
6436
4901
3752
4375
140
1008
714
454
1161
7135
6953
1836
5752
5364
5265
2433
4519
8620
2764
3285
5443
1500
8142
6963
6777
968
8614
2442
6706
1032
4552
6731
4389
1569
8838
4846
6695
4312
3431
844
3292
7456
4603
3709
5684
3152
4263
3863
5772
3173
4987
8191
7155
3615
5097
5122
3479
5787
4238
2434
3761
8612
3344
6566
3639
8133
8525
5840
8831
8799
8712
931
4420
1358
2440
7818
2004
380
4161
5398
3649
2368
6322
6464
8979
8745
8616
5400
5254
2651
1690
8903
4177
3889
7346
2793
5735
7090
1501
8459
3176
7419
5243
1472
864
4098
2892
2344
5600
7198
3430
7095
5291
2481
6279
2396
1317
401
6703
8638
422
2183
7036
3574
8835
5285
5055
3387
5689
6806
5940
8810
785
3693
4016
6768
3508
5732
2956
1192
4976
3908
4045
1582
2802
7110
4885
8667
8576
8583
5241
2497
3860
7822
5685
6140
8650
4980
3655
6856
7311
8147
2214
3357
93
2570
5034
5003
4929
7040
5378
5323
7034
2458
8700
6035
4477
4394
6584
1016
2976
6880
76
8009
737
6800
7820
2752
5530
2770
8014
973
3284
7121
5218
5670
7235
5577
5517
5666
5667
7260
7309
7791
5373
5686
7947
5680
5696
5678
5401
5466
3540
5170
8640
5375
786
3758
1985
6375
8955
5056
5004
8828
8966
5001
8949
1617
8921
3334
2981
2722
4834
7840
3563
5521
144
1120
2438
6470
