item_recommendation
25737
8327
7872
8093
8571
7541
8117
7697
4166
2745
7613
8360
8447
7914
678
8253
7437
4394
5955
5562
4296
5641
2950
8033
8290
3572
2840
5599
8070
5264
7669
8225
3910
5568
7802
7560
4448
1767
8477
7478
8056
3637
4809
8420
7636
8183
8522
288
8684
5012
8743
4769
7976
3978
5159
3152
8235
3232
5479
8207
8385
4577
7738
5117
6365
144
1931
7782
5980
8761
785
5226
1562
8661
1120
3377
4397
8709
8167
7728
5909
5597
647
8403
2427
8819
7649
6091
980
7407
2148
3368
8003
1145
6579
1535
8499
9018
4846
1844
8879
7394
6073
2212
8154
5611
5765
3235
8899
1907
1172
6559
7932
5329
5926
7753
2340
8187
6178
8482
7938
5515
1131
858
5146
8410
3296
3256
6493
6728
4584
2062
7245
7299
7282
2605
5723
8859
2227
7293
3281
1744
775
8589
3324
2374
2935
8848
1437
263
7809
4920
3199
8261
2659
5433
1816
4255
4821
8654
6355
1378
1783
4941
4366
65
8772
1523
3816
466
7272
1003
6195
5296
661
7228
8596
8039
1513
8670
8892
7577
2236
6918
6970
1111
7234
8807
7186
4262
5410
487
6850
8777
401
6703
6826
8633
4830
6140
4782
6077
4873
955
374
3093
4998
8376
8136
8665
7492
8511
8695
4414
976
731
8008
8827
4600
2159
8961
7995
5530
6154
4731
4437
6318
8751
6390
5729
6624
888
285
454
6148
7881
2037
5198
1711
828
1209
4246
1046
7487
2668
8998
3947
2686
1091
4550
1580
4696
5008
5888
2779
4121
4316
984
5473
4761
4658
2069
5489
5662
3420
266
3587
1569
1320
129
960
4984
7415
4795
7099
7990
2436
7107
659
5033
2241
7502
8491
2231
5470
7786
798
6902
6000
6636
5936
7705
5569
45
8675
6314
1777
8910
6748
5772
526
4911
1788
1352
2288
3875
8542
3127
1404
6547
6591
1024
8689
4290
6143
5312
3604
8977
4171
4498
6609
1317
7720
4432
4649
8718
741
866
6977
2681
5839
1819
7888
3150
695
6404
2300
8451
7743
8636
5291
2780
5161
1804
1288
1552
3819
4666
4076
3292
1696
8903
1196
1812
5815
2200
7958
1870
1864
3086
6695
2173
969
793
3602
7817
7038
5134
3996
405
7121
3417
5193
8920
1831
8699
733
5069
1771
5850
5534
8604
5609
4861
2609
953
3668
8607
1472
6840
626
6509
6568
2243
6395
685
1739
8629
6658
2761
3188
6760
8157
522
4987
1566
3019
8927
6751
7619
5177
5864
6630
4945
3028
4211
1652
2478
885
1480
7840
7892
4066
3133
7789
2531
8044
7135
3163
2219
5952
6739
7878
2793
8650
1076
1161
4638
4765
951
5825
5498
2981
6348
5186
3221
1507
4079
5693
6051
8484
6207
5288
2832
990
5655
3176
4885
7444
4162
8239
6521
2786
3210
6211
4251
4923
1639
7484
48
101
6440
3632
7583
7757
7160
6927
8600
2154
121
2897
7204
3354
8142
718
8462
1441
1590
472
4936
2445
5742
387
4420
1073
8616
3889
745
6803
7826
656
3428
519
4188
232
7831
3799
8392
840
3869
2704
966
8979
100
7748
5210
6458
8268
6612
816
8580
8524
1479
8614
3238
7897
2769
3474
1549
8943
189
2860
8795
861
4427
6762
6641
6383
1692
6985
970
1427
1721
6322
880
3194
3702
2504
7263
5413
1013
6132
7316
7130
1515
3113
4051
3608
6957
1873
2396
6932
1425
3213
1476
5787
1834
5689
4740
714
5699
8121
1187
7020
2398
4552
2660
5801
2128
5202
5832
879
3928
3263
7445
3924
4639
7698
3707
7380
8228
3081
7171
1702
7944
7587
8833
8840
8722
2647
6121
4515
8864
4801
3646
964
1040
5857
8642
4914
6021
2775
5809
2937
2620
4709
1852
474
8014
5521
6571
1006
6706
3643
4368
6550
2327
1363
724
7566
1310
535
213
7979
872
6650
994
5139
4081
2688
5558
1631
1019
2160
1529
2617
4895
2966
7759
321
5715
2442
1715
8009
2772
2835
912
2594
9010
6260
7458
5254
7762
2959
1676
954
2583
881
1707
4404
7254
7894
1794
5588
2633
5882
3584
1880
1824
5538
7919
6408
1135
3251
9001
4101
1891
6162
8273
6047
6498
6294
5556
135
8625
1608
6400
3492
3997
4033
4875
3051
6031
2941
4292
6415
8908
4811
7845
8948
6370
7044
7584
8526
4020
8950
6114
7340
6880
5900
4692
140
9004
5585
6676
42
5873
3649
300
5968
725
4228
957
2976
2912
2982
1419
1531
5080
6832
1099
3515
8387
7311
4930
414
3307
5141
1900
5378
2407
1726
996
7016
986
6116
2577
5333
6422
2344
76
6835
6906
3854
3752
2155
2766
5395
1199
4865
6768
1303
3693
2676
7192
3699
4194
6885
3845
7078
96
6276
6502
4391
7096
1970
3882
2741
2581
1295
8194
7208
2799
8914
1020
3804
3456
7139
4901
6892
4135
8781
2031
7211
1224
5398
3975
6223
5872
2557
4417
8810
2467
3871
3560
7177
824
6743
1449
1066
2282
1487
8147
6039
4848
5834
5853
8331
6800
6446
4686
5810
6669
7055
7456
1959
7585
6243
5745
3320
3357
3060
561
4153
2546
1839
154
1453
3250
886
4555
8620
1225
4632
7126
3596
971
6662
5380
3402
5768
5046
1060
5346
3489
2687
3714
3575
3334
5021
1281
8813
5523
1624
6718
1484
1791
2437
965
6684
196
485
5666
8730
6744
2284
1053
1212
5449
2346
2310
5808
3207
7771
1125
2521
5053
5899
5114
2439
3795
5038
6966
1394
869
3408
753
205
8254
5365
6791
4161
3266
4688
7812
3467
3038
7150
8057
8915
4090
6378
5703
4369
1104
7136
7161
1021
3522
5675
2798
3351
550
8591
6513
6856
3773
4486
3698
57
324
603
8453
5628
2372
8169
3249
4108
7366
6686
891
2038
9012
2843
4045
2819
2622
5017
8609
8866
1482
190
8617
3218
1826
1554
5734
3268
1440
3843
4876
5625
1408
7260
5684
1422
6473
4241
2752
1657
6279
8507
7115
3173
3660
2248
8530
4482
8531
998
5791
482
4458
7195
1336
5025
2415
2496
8622
521
