item_recommendation
25737
8327
8571
8093
7872
7541
8447
7437
7697
7613
8360
7560
8117
7636
7914
6739
7669
8253
8385
8070
7738
7407
8056
7649
5329
8033
7478
6748
8522
6365
7802
8225
8420
8290
6005
7394
8751
7068
5489
6215
8003
6636
8183
6879
6559
6850
7782
6658
6643
5597
6493
7263
4605
6669
4121
6609
6721
8008
8154
8684
7245
7932
6918
6140
5159
8477
7976
6562
7728
6676
8167
7299
6579
5980
8403
7121
8961
6143
4584
6091
5611
6650
6547
6178
8670
7938
5264
6355
8661
4686
8235
4696
7204
7705
6195
6413
6832
6826
6920
8665
7186
7293
8819
3368
6942
6892
980
9018
7444
6927
3420
6498
3845
6812
3804
8998
7234
7753
7130
8410
6440
5473
6957
5909
7878
4920
8654
8879
4391
5017
6898
6684
4761
5012
6724
6624
5033
4873
6703
7222
8499
7809
8745
3869
3281
3232
6708
6132
4782
6535
6073
8511
8743
2062
7481
7171
6242
6728
5380
6056
6981
5025
6856
5410
8899
6207
5723
6877
6751
6521
8859
5815
8596
6464
8207
8589
7034
6582
6279
8810
6686
7195
5618
5433
4417
4600
8709
7995
7817
5117
6760
6743
5926
4414
7107
8772
1513
6116
4081
8827
6230
5515
4552
5825
7748
7061
4941
960
8604
6568
8640
5296
7888
6290
8848
4821
6695
2659
6550
5765
6458
8187
7840
1046
4577
7786
3033
6367
6162
4290
7135
5210
7577
3324
5588
7439
6777
6816
7115
6835
5699
953
4849
6383
6114
5947
7484
5021
5008
2268
8362
7189
8650
4135
8491
7228
232
7502
6690
5923
2860
8607
7827
6863
5628
5458
4886
6404
4885
8761
8797
6314
5850
8014
966
6000
4936
6970
6254
6390
8136
8376
3875
6840
3668
3188
6896
4437
955
5936
775
7831
5177
5968
3127
6294
1352
7022
7894
8039
2374
6999
3632
4550
5548
6203
4830
5568
1024
5198
5164
8482
6260
4366
6513
8169
7272
7099
5151
7958
6276
6318
7415
2212
7160
7720
5839
3947
7055
7456
8633
5530
4658
5752
4079
695
8984
954
6395
8977
4666
5134
8131
6021
8044
4432
8854
6615
285
6612
3457
4795
6944
8507
4076
8453
4840
7619
4984
3819
4166
48
8695
129
5146
321
6154
7990
6283
6552
3816
8636
5729
5965
4923
4765
7250
3854
7211
4614
5662
6630
4612
5952
6718
6148
6223
1523
6460
3235
6985
8462
8451
4740
840
7311
4727
4846
5585
8700
647
5378
4051
2609
7487
6800
5193
3417
7583
6339
8580
7492
7881
6470
7766
8699
8927
6662
8191
4033
5945
6412
3882
3213
8864
3964
7841
5693
8616
659
1639
5558
4895
8777
7458
2647
4706
5684
6906
7038
7897
5440
5534
1590
5553
1437
6591
6791
5288
5600
4262
6077
8194
7366
1329
5478
1767
4168
8910
4731
1744
4066
8807
5715
3999
2478
7979
5581
6803
1336
266
4177
6571
6762
5498
3920
4738
7789
6400
5282
1145
8903
8261
5742
2799
5772
8979
4171
4108
2605
7771
8524
5619
1562
1003
7380
4086
994
6422
1295
5832
984
7347
4911
8123
6122
7419
6123
6322
4139
3996
4927
45
9004
5985
6375
6977
5291
5114
472
7624
6796
7355
6185
7843
7844
7706
6617
7282
1844
526
969
4114
4809
3707
3924
8833
3928
7445
7698
8840
6932
4639
3263
7587
7944
7147
6628
2660
4394
6735
2038
5609
5080
2340
7192
6806
6348
8642
1281
4812
4324
6534
7792
5888
7820
3553
1676
5768
5641
5801
4389
5186
7089
4801
1047
5675
8882
100
5917
6902
4709
7826
5470
6818
6341
656
3714
5853
7566
1288
881
9010
3251
731
8591
7137
6641
4155
5857
7381
912
4427
4925
8727
5303
9001
427
5795
8009
4153
7352
522
5101
970
3163
3608
2003
3871
6565
6880
7254
189
7016
9012
8914
741
4188
1472
6183
5633
3997
7050
3307
6811
8943
3268
6757
5137
7212
5971
4270
5942
6291
2318
4404
3769
1864
8575
3492
7036
8730
7316
1824
7584
6426
3587
8920
7818
6706
4861
7011
6027
3216
4194
8142
5834
7343
3207
7845
6370
8526
7044
2941
5900
4811
8908
4020
4292
8948
4692
6415
8950
4684
6084
7078
6516
7126
7090
957
6536
2779
5125
5341
6416
1187
8574
5241
4375
8625
2959
6974
7759
3643
6989
7713
3459
3693
5170
5275
4229
3752
7208
3895
3364
2236
4162
5127
678
4945
4062
7215
5250
6862
5214
7822
5165
3456
8392
8228
5940
4636
5873
5387
7936
6774
6436
5222
4407
745
8341
733
5128
1569
6744
8620
3176
5518
4251
7040
8781
8795
6039
6950
7926
4101
4878
4228
8268
2531
5438
2935
4814
1507
2496
5182
8530
7325
6530
5475
4680
5569
8614
8239
2642
6234
5521
2344
2772
7892
3534
2288
1438
144
8542
2436
3221
3113
5819
4842
4420
8857
4987
2366
8366
1907
3370
4954
5810
3377
6940
3160
4592
6561
5203
8336
5809
6231
7096
3441
7757
1224
8147
4359
3795
3351
2780
7354
5427
6506
1686
6502
6031
6298
6227
2631
7411
1021
5625
2173
7198
7743
2415
7048
8783
5710
4901
5891
6305
2418
4659
6243
6166
2617
5365
4977
4640
5637
5463
4662
5342
5302
4676
5483
4634
4333
6995
3256
5236
5107
4728
4844
3751
7084
5139
6722
3217
4690
4524
6885
5782
2897
4519
626
1317
3900
4146
6003
5899
965
5413
5226
4627
858
2769
8720
7787
3503
1410
2981
2622
7236
4368
7372
4205
3970
3604
1777
1287
5808
1057
5833
711
8892
4095
5161
3158
1161
5009
3093
5026
8583
6424
5422
7340
492
263
2214
5319
4482
6964
8689
6564
5395
3646
1531
7177
6442
5265
5364
6731
1476
93
4231
8404
8675
6966
3379
3199
6051
1135
5867
4897
6103
1209
8387
3560
8422
7585
3028
5617
8865
2656
4772
5941
6170
7051
4632
6156
6794
3428
5632
2347
4304
976
3574
888
6961
2626
5398
996
6121
861
4902
4638
288
6782
6884
1848
2153
6768
7095
5957
6887
3718
3210
8609
2912
4555
3799
8629
4515
724
6042
5391
3285
8576
2394
2748
3402
