item_recommendation
25737
8093
8327
7872
8117
8290
8447
7541
8360
7669
8571
7613
8033
401
798
7697
7560
1744
7437
8253
8743
8848
2761
7802
1317
7478
1816
8225
5159
1777
7976
1739
2668
1721
8183
2130
2159
8403
2633
3150
7914
8807
2786
1111
8499
718
2219
8070
3051
8709
3232
707
1523
8761
5853
980
1783
7728
1562
1608
6902
2935
7738
6073
327
8385
1852
2686
1196
2342
1663
1145
2327
1812
1003
775
2422
2399
1513
7958
2832
1472
8167
8684
1363
1046
1831
5333
8772
2504
507
3081
2296
4366
8522
8542
1549
8477
2596
7919
2325
8636
1218
3211
704
5662
167
2364
2393
2789
2285
99
1388
3177
2403
918
2074
3005
2215
2427
510
1233
1759
2922
3134
2866
1186
2715
3147
1080
3042
1204
1616
1063
2766
1226
3068
161
306
8003
213
7636
8650
8331
647
2835
3016
2128
1997
1730
2981
162
1959
848
6493
8892
2858
1951
8777
5515
8580
6091
5597
1184
1696
2946
2815
3071
1972
2429
2546
2704
1085
656
95
2966
2634
278
2204
2328
659
1841
1130
2046
47
5288
3006
8482
2681
2521
2572
2600
2439
2284
1095
2990
6547
8511
599
2753
1929
2937
8600
8899
348
2494
678
8056
2043
1053
8718
547
3064
2091
1689
7809
8039
6178
2687
3133
793
2843
2975
2039
2986
8596
1860
2567
828
1059
2976
885
1515
2550
1073
1120
685
2155
2983
2582
4440
746
1711
2261
1535
8376
8136
5038
7782
2178
366
460
1225
6260
2772
1104
1873
2120
1833
6408
5715
201
2383
2227
243
1791
2186
2535
2886
387
1161
2674
731
7878
6154
1286
907
2583
1150
2014
8420
2793
3041
131
3007
516
8147
4911
1788
816
1518
1582
2820
8142
2182
949
372
5186
1907
8795
2329
7394
3044
2745
5675
5768
9012
5742
8591
3208
888
2628
4649
1479
1066
2605
5980
2146
1891
2864
945
1784
6148
2956
4731
6322
1033
8835
7171
2090
3128
4765
8689
5433
8273
991
113
84
2982
7831
869
105
872
2243
5699
2200
3235
1688
1631
8502
1767
8963
5069
1552
1699
1657
291
2424
970
7502
1878
476
29
3125
7743
879
8589
1566
3008
5410
1981
1020
2779
71
1283
6440
2627
2465
1670
8656
8827
7649
1653
824
4316
1320
5553
5723
8695
742
2207
2620
1040
2915
960
8410
2507
1667
205
4600
7881
1192
2493
405
2577
375
6800
1428
1750
4114
6458
2134
7245
8207
577
550
285
4550
5282
1839
8998
934
250
5684
626
2093
8187
5462
1597
976
3408
2350
1701
700
589
1925
861
922
1197
3281
4401
2195
2468
1970
6835
2300
1077
8019
526
2594
337
984
5765
2497
1544
2800
8720
990
1006
2231
5161
1288
858
6035
2440
1810
376
1909
2390
2464
8730
8524
4740
2979
2688
1894
2985
2078
6404
6294
2689
741
1449
5400
2498
5839
1529
5936
951
299
743
5372
1076
2534
1387
3377
3983
963
2959
467
2479
969
1569
1297
1103
1482
8751
5170
1453
5655
8629
266
1081
34
1420
6341
2454
3316
674
1660
2548
6751
7407
905
4246
7272
2792
6121
4584
7987
881
8838
6676
8387
6365
3500
349
1624
864
785
170
2335
1707
1580
482
4203
3593
2647
485
493
1973
3086
6302
4420
5734
2952
7107
7764
1057
1018
841
1078
4275
2135
1870
1794
4326
938
2154
8392
2334
3819
6355
911
5572
8604
5795
6760
5438
8607
48
4696
110
5815
2752
5312
7419
893
2557
950
558
3889
915
961
43
2288
2798
1804
2421
8194
6579
129
5489
688
6047
6450
8943
1858
5729
6348
1931
1394
4782
6591
2699
6768
8819
1796
7564
947
1686
2035
8491
5193
1507
2385
3798
3875
1652
6671
2118
2816
6970
5693
4914
3368
8235
8275
6718
509
7492
6684
635
2347
1690
7932
3152
1021
880
735
2570
7757
2770
1228
4171
833
955
6513
5092
7254
8857
5028
8675
5548
3155
3343
3891
3692
3682
2102
1061
2580
5071
7892
330
8154
745
964
5177
899
3516
6918
3306
3646
1680
4941
1210
3087
914
1946
3844
2141
627
1975
1863
1028
733
571
1187
1545
8008
6375
2183
2212
3759
1060
1554
1844
778
373
6464
2827
1017
1892
1703
1333
2539
2977
8768
5323
1243
2133
5968
5033
4076
4447
1025
4016
8199
1476
695
1354
854
2076
4795
1240
1358
1427
5703
2400
5291
6286
5137
2995
491
2441
3339
2769
472
764
6234
3604
145
7323
2513
2696
474
6748
5710
6957
1508
3324
355
3238
4727
5053
7705
8366
2432
2324
2451
1715
2201
1092
5888
2197
3284
1125
5940
135
1132
3489
5304
1880
7007
338
4976
1042
8850
3110
936
62
3418
3402
8239
4666
339
535
7078
4628
3359
6706
4735
1692
912
2902
4571
3176
6422
1013
294
3800
4169
222
6498
3072
1036
220
6803
638
8640
953
5055
202
748
1980
2912
2805
2630
3173
1797
6460
1429
2052
6318
14
1049
4263
2581
150
3388
1047
5384
8830
7234
5735
7995
7282
709
4153
5198
1171
3758
2053
8014
1379
6530
2725
8121
1089
2799
1099
4878
4139
8779
875
4833
2378
2082
9018
3869
4515
481
3474
2236
1050
2481
2751
2527
2787
2545
1177
779
2971
2262
714
361
3186
4830
4146
4458
2496
986
6598
813
183
8920
724
808
900
151
3483
1556
2876
384
4980
1771
4638
954
3120
477
5243
2094
981
1032
2348
549
1298
1234
2184
6645
865
1488
3825
5003
5680
6060
8371
7017
1617
5667
8882
8872
4677
5002
7198
5001
7153
6887
5275
5666
8372
7357
5363
7346
8828
6851
3957
4300
6754
6105
6732
5373
3936
8582
5796
6342
6963
2640
5826
5641
7947
5678
5836
4994
8610
5254
5847
8785
5672
5670
7309
4312
5685
5696
8130
8985
5690
7771
4889
8699
3654
6896
8949
8138
7235
6432
7702
5689
8423
3611
8955
5700
6436
8158
5056
8197
8966
8672
5443
