item_recommendation
25737
7872
7541
8327
8447
8117
8571
980
8093
7613
7914
8183
8225
8360
7669
775
7697
8522
8420
8290
984
1003
7560
7782
7437
8154
8403
285
8033
960
5008
1515
976
8003
731
741
1812
5159
2769
8070
8253
8661
7938
48
969
1744
5515
3232
745
1907
986
266
858
951
535
8761
1288
1053
695
1523
8207
1513
647
2288
7636
7649
888
2686
5264
8743
8859
3235
1507
2227
401
8596
733
2659
8899
880
6579
2780
8777
1046
964
6073
8879
4821
1006
4740
8772
4550
526
101
724
885
4809
1777
7728
8977
626
915
8998
1739
8056
1624
7407
45
8589
8499
4638
3368
7234
6970
5723
735
8910
990
1816
2937
2300
1771
8580
5662
981
4349
6154
7478
2374
6918
8385
953
2935
8235
1767
1187
6630
5742
5765
7282
1004
4427
6091
3377
2385
1317
3604
2688
8699
8961
8633
232
7878
7802
872
1980
1870
725
3324
1021
6902
8136
8376
205
3188
2427
955
2407
8410
870
498
4941
1042
4437
3522
1026
129
886
965
7753
3210
1330
3875
3028
8665
1721
2605
5312
7186
6260
2212
2504
4191
2548
3292
962
4076
7757
3238
1472
1030
6609
5675
5288
9012
5768
5715
8636
5853
8591
8477
2761
2494
5117
1831
2496
2793
6178
189
2441
5410
1059
4645
6835
4420
998
1525
2981
485
2340
8684
970
472
4761
3081
2062
2154
8629
5186
2829
3816
5909
2687
748
2647
1834
2982
718
785
798
2772
5729
1562
869
1013
1852
742
656
5772
719
3996
5980
4625
15
840
5611
8268
263
1012
8920
3113
2082
828
2570
196
7293
2668
2155
1819
1132
5139
2775
6728
1367
2415
912
4658
1017
4262
2546
4911
881
5968
4795
3281
4584
7619
3388
2730
7254
4366
2798
5597
1783
4984
1087
1696
5787
1225
6355
6318
1580
2801
4404
3805
6826
8239
4263
966
1020
6509
6751
973
3417
3051
3489
8654
3093
3608
746
1209
4731
2478
6798
999
1901
5198
1959
6195
1876
1125
3632
6760
3799
2159
7245
1060
1997
7786
893
5936
6885
6530
3086
2186
4801
2120
5689
4380
4273
4284
1636
954
8865
4079
7316
4718
2786
1582
1024
5699
2966
961
3428
3387
4432
4440
2465
1437
2383
5839
2843
6436
1750
5834
8142
5226
1145
4765
4316
207
327
6832
1702
4188
8387
6612
1104
6047
7738
7705
963
2815
1690
6521
1018
5815
4342
6718
3709
1531
8484
5440
2344
8670
1363
2956
1688
7720
1037
3563
5655
3150
4399
6365
6207
313
720
6744
2440
2009
714
2433
2832
499
3430
1608
1063
5038
5398
3936
3334
5254
5666
4241
7260
5177
1581
3211
8609
5641
7831
875
218
6774
4319
7764
8388
1826
8768
968
4161
5053
1078
2398
2442
2521
7583
4414
3354
7771
947
3702
4830
6121
5161
8167
4162
5055
9010
659
378
105
1676
6731
1612
4153
1031
1508
5952
8709
8492
2696
2195
8819
2617
8642
2912
3976
3450
4197
3843
3565
639
4290
3991
4291
4184
3547
4274
1293
3960
3619
940
3723
2693
3270
4338
3626
4036
4268
4337
3252
6104
4024
1517
8914
1099
4312
2173
1352
4923
996
7171
6513
4246
1346
2325
2799
861
2399
7346
1844
2583
6547
8984
2582
2983
2204
5275
3042
161
1759
2922
3005
918
167
3068
2789
1186
3134
2766
3147
1204
3177
2866
1226
1233
2600
4375
306
1428
8133
5122
8392
8525
3761
3479
8228
8169
8927
6566
4632
8712
8799
8831
3615
8612
3344
2434
4238
3639
8864
8620
5840
7155
5097
8576
2651
3882
6408
2976
1730
162
7394
1147
5808
4976
2284
6676
1010
550
4016
7204
3758
3668
5443
2660
2248
7577
113
2975
2334
1715
3359
7096
743
3889
3869
5752
8689
1951
1652
2283
1497
2581
6404
2043
6559
5625
1504
2513
1184
522
848
5365
3307
213
1394
1192
1331
8462
3928
6932
7698
3263
3707
7445
3924
7944
8833
8840
4639
7587
7789
700
2572
3127
8722
6390
8848
8720
1040
5891
2335
1057
4782
2318
6803
6862
2709
2892
2183
5795
2741
31
5735
7627
4691
2241
6294
704
1616
1080
2633
2285
2403
2596
2364
1388
2074
2215
2393
2715
510
99
4577
4255
6375
8524
3024
2231
3646
6314
3852
141
3759
8453
8607
1500
3199
140
3140
1810
95
2347
2396
2368
1501
2202
8574
47
3863
3860
2078
3635
1794
3587
1130
3125
2858
7888
3795
4873
7809
3575
5352
5470
4177
994
5672
2089
9001
1970
6493
5710
802
3218
816
4603
2835
937
479
6706
3584
2770
3819
6103
6331
4569
4029
3730
1474
3101
3160
461
5323
1822
5218
3751
1841
1631
2577
1019
2342
1193
3128
7487
1804
1173
3402
2090
1008
3176
864
7078
2792
492
6186
1476
991
4727
8838
2634
1358
7357
8667
5413
321
3194
8187
5202
6896
3152
2404
1014
7748
988
2925
507
2753
4171
474
155
4980
1985
1218
1518
5684
1085
2689
6684
1197
938
1556
1221
4861
8157
1161
1047
4251
5296
3656
1796
6035
5572
7011
1281
439
2091
3213
2986
2339
2802
8451
1095
2178
2184
6645
865
7107
278
6243
2752
3408
4680
1726
5696
5678
4889
6852
8672
4450
6887
6432
5826
5836
5680
5700
5577
3284
8872
5847
8423
6498
8582
5685
5686
6754
5056
6464
6851
5746
5940
5796
8640
5736
5667
3611
5690
5732
8807
4300
8542
8610
4929
3654
6732
6422
4832
8785
6341
6800
6584
8372
6342
5670
8828
8949
8371
7153
8158
7063
8955
3499
5002
5363
5517
5373
8147
5034
5001
4677
3497
8130
8123
3957
5400
6060
5401
6105
7919
3825
7309
8966
7198
8985
7947
3491
8921
7235
5170
7419
4994
5004
6963
8366
7791
5285
8882
8275
4477
2640
7702
4104
5003
8197
7017
7822
2021
7932
2004
1493
407
5462
3296
6550
4326
2039
5604
6211
4228
892
268
3173
419
2630
2902
1028
2827
934
2779
7272
1111
3096
7208
6985
6000
1689
8039
