item_recommendation
25737
8571
7872
7914
8327
8093
980
7541
8360
7613
8253
8117
647
7697
8447
1791
1819
285
8225
1816
8056
1783
960
1507
848
4462
8183
984
4378
1523
7669
3368
808
3232
858
1404
8235
8661
8070
8033
401
775
535
667
1744
8420
1003
7636
885
8154
1145
2236
45
626
1053
3235
526
745
1120
4251
7560
417
129
4782
5264
8879
695
986
969
5159
869
976
1809
7938
7782
8899
8522
4821
888
1425
1437
4060
1907
733
2935
7234
8684
2594
8290
1161
8859
1515
4458
1812
6365
101
880
1900
1288
1707
2659
1715
2282
2288
232
2227
1586
953
7437
8403
3632
7186
990
951
2605
1187
1453
4577
1767
7753
7802
6826
4095
8654
8761
2374
964
4437
824
1006
1285
4262
472
2445
3816
955
8910
8961
1046
2741
6728
407
1099
1201
6609
3543
912
31
731
7619
140
1021
4151
3961
1442
4276
4522
4299
4073
4496
200
4453
4037
3905
3568
4343
3623
4527
7728
8207
3308
5008
2769
2389
4344
915
485
1513
2686
981
2780
966
266
702
327
2067
4102
3751
5611
418
6579
3324
735
4740
2062
1358
4076
498
2340
724
48
8385
1771
8665
5117
970
1788
4550
3773
4809
1777
1367
8743
741
881
725
954
205
659
1132
1624
1944
4427
599
870
603
4801
196
7293
1414
2539
2688
3238
2300
2937
1472
267
2587
168
189
1167
828
3895
8167
2154
141
996
4033
1658
4941
1525
6091
8477
5
2687
3489
8589
1652
2504
5723
650
1018
5909
8977
2446
1042
263
1844
2212
4873
1642
1024
1020
1323
1040
4521
8003
2579
963
3637
818
2385
3608
637
2647
3188
1330
185
522
3298
1621
1004
2956
6207
1030
2000
8670
3093
3478
448
2801
135
2699
8410
6630
479
8819
2775
2415
6143
268
2461
1352
137
15
2031
1274
2478
700
461
218
2007
656
994
3634
927
3377
321
5440
1582
1295
369
1013
6918
100
2001
9018
611
2159
8709
1060
7316
2791
1581
1280
3799
898
968
816
2496
4984
2155
6970
4284
1562
742
6748
1111
451
4638
7583
1016
1940
2200
2772
76
1455
1012
2407
199
3210
1441
3869
1980
2481
2752
2798
6885
6521
302
3428
3387
4404
1433
3214
2468
6835
5021
1676
685
1125
3213
2982
4923
746
1057
1317
2010
8136
8376
3875
8699
8777
1848
3255
1657
4936
1826
802
92
2203
7738
1681
1974
7705
1858
1026
5198
6612
965
516
7407
4079
2433
886
1531
34
3693
718
2570
1977
2942
6116
720
7888
1678
662
171
1589
57
1209
3150
2208
805
3041
423
1296
8920
72
1297
2815
27
8008
1310
1941
840
4432
6390
903
3030
1445
2542
2318
1479
6535
1047
4121
3694
5834
2425
1711
1552
3805
4491
1059
3113
1017
8268
4391
2020
7720
962
5787
5588
3127
1876
2829
202
5772
464
1831
8865
6509
6774
4191
3854
1147
7263
3795
69
1380
7204
4731
4290
6559
2860
893
8387
2186
476
891
2204
2792
8388
2494
719
3522
4658
1193
482
4844
1684
3307
1011
844
2689
2660
244
11
4761
2709
1277
2082
961
2334
798
2849
2241
2375
1870
7228
98
4375
2014
3863
8633
861
8462
3263
7786
8833
8840
4639
3707
7445
7698
7944
3417
3924
6932
3928
7587
8451
274
1535
8392
8799
2434
8133
8831
4238
8525
5840
8169
8228
8712
9010
8864
3615
8620
8239
8612
8609
3639
8927
5122
7155
3479
6566
4632
5097
3344
3761
6892
93
8642
1931
2027
1150
4171
4161
9001
2745
998
2799
2248
5017
1032
5449
4162
454
2981
2621
619
1466
4603
1702
2617
3086
3133
2730
1361
379
872
3702
1073
1827
1566
3668
2925
7792
1482
6318
957
1331
2344
227
1103
8482
6798
1696
5971
419
376
2781
1834
4895
2793
1508
7649
934
4177
4255
8827
2770
1353
882
474
7894
5365
6440
1076
2396
6314
4795
7748
422
3998
73
1254
2442
2892
3845
3081
2600
4273
5515
2427
5139
1028
6436
8580
5952
1008
1688
4383
3584
313
3355
1346
748
2347
8499
6162
8616
338
1997
3160
4417
2625
1612
7757
7126
4263
3199
2335
753
8453
1810
1955
9004
2078
1260
122
1517
1292
195
2146
155
714
1389
1959
6243
6744
1087
276
3431
2342
1721
2458
4188
2710
5810
8689
931
3152
3268
8667
973
2331
6550
105
4414
1569
4246
7394
3354
44
3882
2390
16
1422
2800
7478
6624
3157
1822
7577
4101
8574
1010
949
2674
4511
3714
4846
5585
527
8772
4861
4207
5352
4366
5850
4024
6536
2572
3211
2399
2418
7881
1033
6777
4401
2440
2441
2548
7208
947
3430
3832
5164
8039
2028
1184
2533
4051
500
7831
6562
3438
3456
1183
1037
4645
6751
2517
36
2202
207
3197
5527
3675
2162
620
1936
1833
1880
6803
8491
4349
1306
2243
2026
2048
1173
2044
12
509
2651
3709
513
3540
8507
4933
2352
3218
2038
4718
1429
4467
726
743
1983
937
5296
7932
3176
6446
363
2197
1928
2500
1901
499
2439
1281
6985
3819
1979
5312
5980
2497
6178
1225
2528
1836
5968
7011
1501
8607
2261
1019
6731
7189
1224
4584
3539
492
3962
2530
4332
7817
2761
3408
150
1902
3860
3655
1223
1739
1431
1690
2843
4552
2802
4885
342
864
8596
3871
835
1320
1927
2366
28
2116
7771
7096
2464
2523
4814
1575
1799
3292
1504
2622
8131
7107
938
1393
1500
3545
2239
2173
1179
2195
999
1438
6073
3194
1078
6234
2120
8695
2581
5604
1518
5186
5597
1891
7211
785
2
4914
1665
8604
491
5473
1672
5765
5882
3953
2398
8511
2610
638
4541
1750
1839
3028
580
2534
4920
8422
1282
4066
3024
245
365
6195
8998
7380
661
224
4528
113
5000
1580
204
2637
89
24
1342
2465
3402
1130
3913
405
2976
3010
8943
6107
8614
6426
6493
2506
1029
3165
3394
