item_recommendation
25737
8571
980
7541
7697
7872
8093
8360
1120
7669
1437
3232
858
1145
7560
5159
798
8327
7437
1783
2605
960
1523
7613
1310
1425
7636
4171
1692
8447
8070
5395
673
285
7782
3377
966
1744
916
6073
8385
8522
8225
6918
1404
626
8661
976
1569
5069
1839
7938
8420
659
3235
8709
647
1254
8253
2219
1907
7738
401
4873
2445
953
5134
1816
2200
1232
1788
1320
7649
3819
4584
2647
7234
4600
695
8859
266
3444
5264
1713
533
5410
2659
5033
5597
2159
1777
4366
3324
5980
637
8183
745
121
1549
227
603
733
485
7407
4821
955
8117
7914
1196
463
854
1111
1210
1946
2141
3844
2557
914
3087
1003
4941
3281
5989
2236
1463
1535
7293
1562
2193
6091
4084
969
1739
48
3368
3152
7186
6322
2076
4684
4782
2779
2231
8743
6579
2615
1427
2935
1053
45
405
1554
1441
5909
3034
1771
2741
3289
6195
60
2478
4632
7802
4437
1852
2186
2062
775
3188
1298
535
2579
793
1767
2446
3354
2415
828
1566
1414
1885
1658
5087
5028
244
6000
8961
2594
1826
5498
145
2826
2000
2780
7619
1274
3417
891
1711
1900
1555
8879
951
3057
1999
970
526
2835
2791
3127
927
4386
6826
731
3900
5
5473
6970
4748
6318
8477
3420
3213
4893
1223
2292
7263
3185
1974
8689
984
611
418
3024
656
5384
8207
6609
135
1046
6728
3016
1288
3714
2375
129
685
2706
100
2227
1479
4638
599
1880
4761
379
189
5470
1389
8751
4162
472
3391
2530
1073
412
1476
1295
3251
1696
2007
981
5723
2609
8761
1042
2060
1399
2321
2566
1665
1351
1132
451
957
4432
5382
6077
1940
2288
3768
912
4923
2369
3668
1040
1076
3238
8056
2660
861
3317
741
5772
1809
4321
2819
25
7753
635
7204
1297
3702
1311
1873
1621
1345
1428
2738
232
2563
407
1552
1296
4658
720
3051
7881
3313
5864
2174
1983
1589
2
2212
608
4079
2458
387
1652
7394
464
101
1245
4936
1950
3763
8154
5765
1916
8604
1657
7478
1253
964
2243
954
5013
34
3133
6314
1482
2374
1006
8033
1833
4612
3869
5146
714
5015
8840
3707
8376
8833
3263
4639
7786
3928
3875
8136
7698
6932
7944
3924
7445
7587
8462
5296
8819
4188
2310
4859
1726
4801
6365
4550
324
107
2051
1680
81
8684
5611
1378
1819
6612
2495
3150
6355
3795
1026
1281
9001
2786
2050
2407
813
6985
8642
4895
92
5291
2769
569
6850
3587
6211
7038
2621
1206
2832
44
3294
3284
1465
6033
3301
5147
4308
4987
108
3318
4880
2255
5715
4776
3357
4254
4352
2427
1352
1686
1419
661
3165
7481
3218
7121
6669
5117
1642
2545
3662
1844
2762
3204
1593
3107
846
1064
1387
4262
7272
2672
4088
4051
1493
6676
1941
2173
4809
8410
1472
6636
2968
2420
1024
2203
870
6832
849
2861
6476
8235
1609
423
1608
880
2681
9004
2863
881
4426
3008
4404
144
2132
1057
4101
7415
1175
1183
196
1306
4577
4911
3406
4356
4787
3259
2490
140
824
575
1438
2761
7888
961
805
5952
3456
5458
2498
3988
1975
1097
1529
8899
2820
1353
4021
1179
896
1209
2240
879
6624
2154
6658
8633
409
6630
8654
342
3140
273
1801
3854
2843
250
615
2668
4738
1676
718
4984
76
5677
7222
1020
5083
694
8977
1902
888
4378
1342
4901
1812
1101
1537
735
1194
2249
3563
8665
2959
2516
7831
263
522
4644
1631
5632
1586
3072
1103
6493
1454
1606
512
137
466
1317
5151
2753
68
844
6559
5210
6290
7282
606
4332
3081
2722
6294
2238
1236
7817
7487
433
1835
243
946
4023
3909
558
2370
3307
1779
1453
6242
4246
1047
6568
872
3296
4022
2128
1255
2970
6125
1986
4207
561
1889
848
2261
3090
4854
3674
4731
3508
1878
802
4146
2130
3207
1215
2735
94
818
2522
5449
383
6743
4969
4992
31
1791
1605
2468
1011
4709
2617
2600
1623
1176
2533
484
6056
4121
3638
3689
3633
962
1810
5059
3790
2815
3845
509
4920
2669
2626
4593
1620
296
344
5636
5629
5223
2882
4492
3658
5991
4974
2622
650
5556
6703
3600
3113
8670
3693
364
1220
1367
691
7809
6084
6892
3665
7126
2674
4091
725
4252
312
1083
5137
1707
1050
1584
1611
3962
988
5810
2827
1728
2418
1193
1207
1433
2860
5500
1029
5729
2396
4414
700
1041
8187
6243
2849
7171
1126
5352
1277
7792
380
4417
1931
3102
1507
3460
1060
3816
963
8848
2131
3834
4830
1242
8722
452
2048
2772
7334
5027
4972
3535
3157
110
1363
154
2927
5617
2644
5008
1671
7789
1945
885
4427
2018
1582
2300
2887
4251
2070
4842
1923
220
2664
3129
8273
1231
7894
7444
2613
2981
1979
8290
111
95
2625
999
2932
5489
1848
869
1187
80
1377
1648
3355
4849
668
1721
2686
2754
804
183
3351
1955
6273
4933
2352
3000
213
7728
4458
3777
678
2902
274
1329
4017
4015
507
3804
2496
4493
3951
8910
2385
3210
5936
1513
1361
1218
2038
1672
2752
4861
6132
479
1882
2320
299
2149
1365
2946
427
589
1925
778
5947
366
1891
15
651
3428
4649
65
3889
7135
3655
6521
3676
6458
1240
6159
422
965
3116
3475
4844
1580
1013
6121
1894
5787
1197
1531
2001
808
2952
6695
2749
5080
866
5809
1286
728
3035
2327
1413
7130
3697
6690
1358
3793
7315
990
6140
1792
6183
5226
6739
3860
840
4203
5477
1996
994
4391
7583
1305
3632
1660
3267
2630
7757
527
5548
5585
6591
1030
1131
5633
7347
1581
1785
1966
2956
1247
6498
550
2504
6995
1333
1246
2346
2088
6920
3175
375
4897
5017
369
1624
155
7448
6123
997
2398
4634
1831
2333
8008
1668
2344
206
1959
321
1977
8403
5329
4318
6564
419
2439
5834
1390
724
267
