item_recommendation
25737
7541
8327
7872
8571
1120
8117
8183
8360
8447
7914
8093
7560
7613
8207
5410
401
7669
6073
647
5515
7437
1562
1513
7697
5765
793
2327
8420
7478
1111
7802
5198
1425
1145
1711
8290
1073
1523
4246
4600
5772
6195
5597
7407
7245
1535
2243
7649
8225
2445
8848
8522
1076
6579
137
2231
5177
5489
6211
4748
4696
1552
405
4709
1788
2236
1437
8998
8033
1771
775
4375
1320
6493
7738
8070
1891
2681
3133
2912
1580
6355
5134
1783
1404
6395
2745
1852
4290
8261
828
8777
4911
2200
3232
741
4658
8003
5470
1549
1554
5556
2779
1472
2766
2874
4584
8056
626
5433
5114
4830
8403
6322
3150
5791
299
4088
2219
2193
7809
7976
2227
1777
6658
8154
2835
1652
5033
6140
7932
7782
414
1411
5689
5182
1931
1605
338
8253
6850
387
1135
2935
2505
1103
6498
5932
8684
5312
1453
3152
8385
7293
6154
7444
2647
5853
2117
5784
5269
5427
2605
8604
3213
1880
6404
5264
5171
57
412
6279
1310
2815
4612
464
1870
854
5038
6636
1707
1566
1639
2949
2747
6056
5825
2300
5980
222
1819
8722
8629
6970
673
3587
6077
7282
1123
759
4727
4809
2741
1971
6525
5742
2011
3334
463
8761
121
891
1476
1161
8121
4634
8743
3324
1311
4795
5483
635
1287
1196
2832
1631
1537
6718
4771
5464
8589
2031
140
421
980
5787
7121
8580
418
7995
2565
7215
5250
8451
5715
4101
816
5288
7340
6458
2686
858
2668
2786
3086
135
4316
3368
3421
5346
8239
5348
6148
7720
7130
2282
2761
4060
1274
342
1883
2128
3168
1744
3404
7753
6906
5538
1589
5662
1926
5146
5008
903
3349
3140
8187
2386
1970
8795
4139
5438
2057
1772
1447
505
710
1163
5391
4923
5588
4945
2174
1463
834
6178
324
7583
2877
1419
650
813
1112
6690
3370
820
2159
879
2240
5282
8772
2093
529
5534
8477
3819
377
2856
1295
5352
183
1171
1441
1979
678
1243
60
714
4761
3420
5846
7757
2620
8650
4673
110
7260
4241
5398
5729
5666
5254
3936
1837
8499
5377
1353
1665
2485
7272
1657
8807
2032
1240
7728
7177
1493
1525
1895
1296
4873
4971
1168
4614
3357
3377
6365
3879
8914
357
2669
2513
5193
990
491
5139
1889
3066
8977
2050
2810
2920
1180
2921
471
2919
2918
2916
2889
3166
2671
928
852
3063
502
3070
117
3069
3053
3148
1984
2012
2206
1356
216
290
1366
1542
2244
1304
1861
1347
1461
1238
2016
1237
1415
514
1957
1099
2297
458
2734
4666
2967
1816
1392
199
5808
4084
5297
4454
4751
6539
4371
4954
194
1342
1592
1077
5315
8675
2462
708
1267
1373
2204
4987
3019
2917
6408
4632
3006
160
1840
3129
3192
4703
2002
3807
1325
3602
7492
1363
3021
4
7101
2275
4731
3354
1256
1658
2048
261
3412
1223
804
1114
178
574
2750
2729
1489
1757
2586
1215
3489
735
18
114
3628
8410
2806
3015
1721
2769
5443
8879
309
1731
6561
1692
3575
4977
5222
5463
5637
4333
4662
4636
4676
4640
5302
5342
364
1041
8273
2448
7171
2906
3434
4728
2790
872
209
6927
4605
3018
466
2
420
5069
272
4519
4627
1222
1767
1507
4684
753
208
2930
3608
1236
4902
81
1194
2594
869
1167
8336
2696
1479
5208
2459
432
1531
3292
4386
5404
4818
798
2250
2855
1335
1873
5319
3011
2369
1739
2839
597
2278
845
2977
2714
2530
360
1900
5236
5265
5364
2139
153
7195
1892
2504
1040
151
2939
8340
451
1921
3183
7899
2237
2130
303
184
8695
599
427
148
4166
449
1894
1785
6452
465
592
488
2609
709
3146
5718
6100
808
911
384
1097
341
1726
8661
4659
3794
3868
1922
1269
5413
363
6091
2985
2625
4524
4033
289
1049
2486
1696
4223
3977
14
5395
769
1826
1902
694
1389
42
481
8699
4782
7881
8636
3399
4936
7815
3854
132
2304
875
5010
2613
94
5422
36
611
1671
1680
5059
4312
1938
582
1575
614
2804
83
186
1907
5186
7636
3284
4228
1057
5308
44
2094
8609
6676
4660
1963
6800
1791
1977
4861
8376
8136
1686
370
3257
1969
2819
5161
283
4051
3900
1734
434
229
6643
2791
1733
3857
3646
1515
1200
6422
4162
1812
690
670
927
2000
7748
8709
5462
2936
1422
316
5341
2642
3668
456
2138
2567
2784
5677
1854
2340
3432
1255
7228
8768
4844
3051
2446
1499
1264
1932
2350
474
4972
5027
2927
1603
1779
5151
2722
1746
483
11
1361
2959
6482
7254
2829
1191
4649
4680
3238
3951
3529
2161
541
5202
1644
2579
6132
2661
3081
2736
2265
6826
5723
4203
2344
1897
2844
3285
1529
2207
1464
7786
4055
1588
486
2596
2507
4508
7186
1482
2238
4486
2372
1060
1954
6547
2186
2630
2511
3780
7919
2329
1632
4720
2560
1480
8147
1809
2056
5159
7027
6273
3552
3398
480
4188
1719
2995
8892
410
2170
885
1642
3408
3264
4821
986
1184
5633
2481
8169
5548
190
343
4619
8157
6155
1234
4815
196
1165
1297
2676
1377
2516
4577
369
6476
3194
320
7394
4401
1878
1641
6918
5119
3224
8927
4927
603
1999
5087
1835
8542
1410
3031
1715
5053
2091
2397
8044
2007
606
5382
1539
7135
1444
1254
750
495
3125
1475
164
4515
1339
568
435
8730
4310
4895
538
4737
3834
2013
62
5864
519
4076
2580
3219
1875
9010
8392
4681
5137
3276
2820
3447
1848
8620
6530
1914
4644
3202
2929
2379
484
882
1126
2610
2194
5675
7878
6260
5768
8591
8596
9012
6559
7453
1683
1667
1655
1769
4570
2252
2847
3882
7250
3664
6238
2106
6228
4140
5995
5994
921
5300
919
5299
5682
5283
5505
920
5544
4175
7199
5506
6250
4018
6323
5841
3788
6332
5843
3771
5231
5179
4716
6936
4865
6387
3695
3661
3679
4745
1610
5057
