item_recommendation
25737
7872
8571
7697
8327
8093
7541
7613
8447
8360
7560
7914
8117
980
8253
7636
7669
8225
8385
7437
8420
8070
7802
8033
8056
8522
3232
775
7407
1523
7478
960
3368
7782
8477
7649
7738
5159
953
8684
232
966
4334
955
8751
6365
6195
8661
8290
8235
7938
8183
4584
7753
7728
5909
976
1744
2062
8167
733
7234
1046
3324
984
1513
4873
3869
5980
7186
741
2659
695
5264
7976
8008
6579
7394
5017
285
8961
4414
9018
6091
8403
8859
858
8154
7263
888
1003
2374
4391
1024
8003
745
2212
8743
3519
5723
8670
3420
6658
6636
1562
647
8596
5458
266
8998
48
4821
3235
969
526
8207
6850
8819
5611
1907
7932
912
6728
994
6826
2227
6918
6559
3377
7130
4121
1812
3816
1352
4337
8709
1767
954
2860
5008
4262
2340
4782
5117
6355
1288
3188
472
4658
1816
6676
5515
8879
7293
7995
4941
5473
5597
8410
4437
731
8654
6178
2686
8899
951
4290
2605
129
626
970
535
6970
6920
8499
7786
6073
8604
7705
4696
522
4920
2288
6143
6498
45
4135
8665
5033
7748
6521
8511
7171
401
3281
6493
6892
2241
6748
4987
485
986
5134
6322
840
8761
7245
4319
4638
8772
3127
4550
968
828
6669
3668
4600
6550
6624
3845
2935
990
8810
2769
6743
957
1844
1569
6318
5210
5765
4079
1111
321
1777
1507
2780
3292
6314
6609
7121
4162
4417
6630
3417
2173
8187
6242
996
8376
4984
5410
8136
964
3604
1771
189
7481
3996
3804
5012
1042
3875
2415
3632
735
7888
7817
1006
1145
7831
4366
1281
6832
4830
1437
2310
3213
5296
6612
5164
5489
963
5729
1580
7195
8745
4171
7444
4076
4809
6856
4188
8482
6207
8633
4801
8650
4577
2772
3163
1676
1639
4923
1057
4404
7222
4731
7228
6568
659
1515
880
3210
1686
1132
8462
527
4936
981
2437
6154
5198
196
1472
4795
5825
5936
1060
4686
5312
725
1187
5433
7038
8892
8977
4432
1209
263
5947
3351
2897
720
2407
7881
2496
2647
101
2248
8039
7502
4901
6132
4846
3086
4349
1021
881
5498
7619
4051
1020
4101
6116
870
1317
2504
7577
8927
2236
4228
2300
1870
3889
2799
8453
1125
2981
5839
3854
1631
3428
6535
3113
1013
719
2660
1401
4552
1030
8589
5772
6932
4895
1476
3795
2159
6390
7445
3707
3263
7698
4639
7944
8840
3928
3924
8833
7587
8689
8984
2396
886
100
7840
7272
8699
8362
2268
1831
3819
1590
6383
2798
6690
3702
15
5558
724
7016
5395
8491
1004
6739
1531
5291
8642
7316
2669
3563
5470
2186
6582
2366
1053
2154
8616
7439
2038
4316
3714
656
7204
5850
1026
3751
7299
8910
5186
7189
3522
7789
6863
7827
6643
1120
4886
7826
3194
2427
6162
5329
893
8700
4168
2478
7099
8607
6339
3587
4765
1696
5742
6000
6276
6791
8636
8777
3307
7107
4511
3763
4399
7254
5926
2467
753
1624
4814
798
4251
9004
714
6885
8827
5815
8979
2622
2545
2506
5715
3799
7022
1320
750
872
3868
3843
3882
31
965
5585
3218
6254
4649
3649
861
6056
7484
3357
8914
5080
3354
492
3296
8807
7720
7034
5165
844
8524
2385
5588
2617
2801
3540
785
2418
1438
7792
8014
8261
6404
2687
3251
3920
9001
4605
3160
7126
5177
4632
1173
205
427
8451
6591
4146
8854
915
8848
7492
2775
6243
3900
2688
6981
4645
3207
2709
4380
2583
5834
1012
407
8943
2937
7160
7055
5810
6957
3093
6440
4246
4738
328
4740
1295
8169
1031
2331
4342
274
7135
2959
6367
7380
5693
6077
3723
4761
4861
2346
4427
6294
3508
474
3033
4555
7759
2912
1161
4207
1657
737
1652
4273
3457
5968
4321
1852
8194
1794
2752
7757
3596
8131
6985
1336
2516
4284
4420
5521
1739
6148
1581
6260
6536
8484
1826
7894
2433
3653
6395
3608
1394
8903
748
5832
4849
7583
3152
667
5857
3456
8675
3388
4191
1640
2689
5568
5449
1393
3199
4166
5387
4178
6927
6400
1819
1331
8542
5046
6140
4086
2668
2442
6803
6650
1131
3157
135
3238
5809
3320
3268
8044
6021
879
2779
1017
5619
3024
6509
6686
6562
7456
6039
5021
6031
7487
2829
885
1641
1839
7897
3176
8507
8228
6170
1246
4045
5662
6695
5641
499
5146
1016
8920
1453
2531
3399
6121
1032
7458
5888
4612
2494
4963
3646
869
864
3859
8580
1479
1517
2982
2609
6703
5254
6721
1804
8239
8864
3626
6502
7878
234
3805
3402
2318
1099
3860
3216
2283
7990
3173
6977
1440
3487
678
6718
4495
6100
4066
7311
6751
973
5009
5548
4033
3249
6684
3028
7282
4625
5752
5534
5853
2741
5952
2966
2371
1525
5161
608
4394
2004
1810
2621
5375
1980
8609
7250
5787
6902
3871
2404
4848
961
3217
938
6225
1114
746
6724
3693
5275
923
1948
4304
3081
5
7211
6877
5053
5600
2398
8614
5440
8695
6744
4482
2704
4684
2490
5530
1699
3515
6103
1253
1293
2693
940
4291
3270
3252
3450
3547
3565
3619
3960
3976
3991
4036
4184
4197
4268
4274
639
4338
422
1801
6348
6552
121
4603
1834
7415
1047
4706
2457
111
3575
8392
6183
8009
6628
5226
3122
8625
4897
5378
8813
866
1379
8191
6513
2089
1147
5352
6840
5655
2368
3430
726
1711
1135
3951
7142
5989
3852
997
213
3543
1702
2681
2441
2900
3338
7892
3964
6547
1419
140
786
5139
1365
2409
5471
7354
1193
784
7192
1824
4911
916
5812
3709
3947
1040
742
8341
8722
8730
3584
1028
5971
5732
2793
8866
7822
1446
3655
2481
4084
5899
313
4402
4006
4042
640
4415
4027
6427
6760
4748
7766
6123
8574
619
3553
6329
4235
4927
521
832
5618
3635
6999
4194
4945
1029
1497
7624
4844
5666
4688
8915
7812
3038
4090
6378
3266
2214
1367
8254
7161
6762
5570
5114
1970
1019
839
3250
1010
6835
5801
1078
