item_recommendation
25737
7872
8327
8093
8571
7541
7914
7697
8447
8117
7613
8360
8253
7560
7649
7669
7437
8056
8008
6579
8225
7976
8290
8070
8033
6502
7802
7636
8183
6365
6748
7407
8420
6395
8684
7478
8167
8385
7056
7728
6659
8235
8522
7305
8154
7786
8477
8207
8003
7738
5980
5012
5264
8403
7394
9018
5159
7782
6027
5909
8661
8751
7186
7258
8039
8879
4984
5940
7932
8743
7753
980
7293
8961
8410
6493
8772
7938
6918
6178
8819
6832
8761
6826
8499
4920
3232
8665
3368
960
6383
6559
5597
8998
8670
8589
7577
8654
7234
6650
6850
5723
3869
4873
6531
4391
6091
5017
4121
8491
8596
6624
7818
6609
8709
8482
6676
8511
7705
5008
5765
4821
6703
7878
7619
6728
7245
6227
7263
4584
6957
2409
8859
6636
966
8187
5611
2062
5117
7228
4987
6355
8131
7502
7204
7481
7720
8777
5628
8864
4407
4437
8827
8807
953
7299
6920
7282
8899
2659
7840
8977
8699
8892
7160
4414
6073
4782
8903
5193
6195
7995
775
8451
8745
6591
3281
5926
7121
5843
7130
7099
3816
4846
232
4941
8910
6390
8607
6892
955
1003
6207
4552
6658
5296
6547
2374
6143
8848
4809
3420
8695
8633
5433
6521
4686
7583
6684
7897
5440
6840
3235
6314
6550
7817
4228
8507
7415
7888
7748
8927
8142
984
8636
266
4761
7171
5850
7456
8136
8376
5473
6970
695
7016
4577
7272
4427
7757
7990
5033
7831
5662
4885
8239
3668
8580
6751
5458
8261
8979
5936
5815
6154
3324
6203
5968
4605
8810
8604
7189
4366
6535
4592
7492
6739
5210
8392
5164
2682
6568
1046
745
7316
5329
3188
7771
6021
5839
5923
8675
3875
5515
6743
5819
6695
7381
8616
7096
6760
4076
7484
9010
3845
5729
7051
3632
8524
8689
7892
1024
6630
3163
6721
6132
6669
6862
7826
2935
7192
6242
2212
8813
6446
6140
7759
8943
4161
4550
6498
7147
8014
6509
7107
954
526
7238
4188
6254
6856
3804
5952
8484
5618
5742
45
6562
6162
5489
4840
2344
4658
8542
6260
4936
5146
6318
733
1523
6816
7254
8462
2860
3819
5288
6974
4600
6536
7135
6294
3608
6940
4848
8169
8984
6686
7881
4765
8600
7115
4194
6718
48
6276
6902
7809
1816
6999
8640
8609
1744
5772
969
5186
4177
647
4375
5752
5521
5558
659
2433
4731
5046
6077
8387
3127
6440
4166
285
7195
7487
5853
6436
8228
3515
7458
5410
4251
6762
6426
6433
912
6662
6012
5888
3213
7585
7444
976
6977
7789
4923
6513
8453
840
8854
5291
5715
4632
8194
6966
4911
6927
4945
1437
129
3698
5693
4079
6404
3417
4162
6981
4417
4394
7136
8625
8629
7812
4090
3038
4688
8915
3266
6378
8254
3751
5134
5787
8057
7150
3467
8866
8865
6084
6612
3377
6835
2605
5641
8388
6803
6460
4369
4171
3250
4740
8191
1844
1767
5141
8871
1513
7958
626
6322
3646
4432
7311
1408
7161
8620
5214
5825
6230
3093
8730
1907
8275
4420
5768
6885
7090
5699
7380
6000
4603
5498
321
4491
8531
5568
3863
2647
8799
4002
7155
6566
8831
741
3882
8617
4901
8591
4039
2704
9004
8044
2340
7340
9012
6724
5097
3761
8133
5122
5840
3639
3479
2434
3344
8525
8612
8712
3615
4238
5603
1562
3799
7055
7713
6123
7820
8650
5675
5581
6148
2038
7177
7011
189
731
6932
1317
4368
4153
8914
5985
4135
5387
6047
1472
5832
5588
965
3307
7142
4270
5795
7354
8781
7766
4878
7762
1515
1145
6798
4895
5470
5857
7569
4051
880
6116
6114
6223
753
1804
2824
6582
5655
7038
6348
8422
3996
6121
5801
8808
6782
2144
7126
3587
4262
3655
2660
3431
7624
7698
3928
8840
7587
3924
7944
7445
3263
3707
4639
8833
7743
8121
8009
1224
6706
951
4024
858
6400
970
3854
4081
1676
5304
5275
8642
5891
7045
3028
2173
5413
994
2318
7211
832
7419
6887
6031
485
1352
5025
8157
3157
915
8920
4792
472
2457
2594
5449
5942
5569
6516
8574
5965
7566
263
6107
6643
7034
5834
7792
5534
5198
9001
1824
4555
5971
8727
6791
6906
4290
3660
8667
6757
7894
8722
5585
6422
6877
1581
3207
2236
6480
2073
3199
3176
6961
6768
6993
7219
1569
2331
4108
1812
3427
4837
5021
720
2780
7078
6503
7584
3997
4696
2478
6290
5548
4066
5810
1288
6530
5899
724
964
3251
6641
4181
6370
6415
2941
8908
4020
5900
3492
8948
8950
7044
4692
4811
4292
7845
8526
8720
1006
2799
8268
3714
4404
3438
8718
7250
6942
5121
4666
5378
4861
3871
8614
5177
2897
7357
2404
7386
6954
5530
4801
6898
6744
2506
522
7822
5605
6331
8638
3310
1057
6367
3752
872
300
3478
7303
6880
7325
5809
8768
1021
6464
3238
5398
6283
888
4482
7208
5151
8576
5333
4178
4925
2418
6995
5873
7764
957
3981
7089
7366
7110
4814
1531
1209
6375
1193
7334
6896
1870
5226
2709
8530
2288
3428
3927
6100
5101
5139
3351
3795
3895
4229
3456
2631
2496
101
5282
6056
6731
5438
2617
6416
7180
6458
1336
5170
7919
7095
1380
6166
5864
6985
4914
6442
5570
196
881
8366
619
188
5202
4709
4355
3247
8341
2415
2801
2367
2396
2371
1612
6800
3320
3364
6565
3964
4830
3033
6811
7343
3379
3216
7020
1771
3268
5710
870
5254
4101
2366
5038
8857
3173
2227
761
1212
1281
1507
2346
1466
4515
1211
4638
3113
1010
986
1777
6776
3258
5945
1590
1438
2370
1187
1378
535
2167
2241
401
2531
5808
1862
3643
1029
656
3197
15
6039
3292
144
7627
7411
1004
5365
2788
1016
5836
5703
5947
4560
7439
8575
2981
996
492
8882
8583
3508
7315
6329
1042
5672
4440
2300
1652
7036
3702
4963
5009
6103
3296
5203
1876
4795
4854
3889
3221
6571
3010
1973
5712
2310
8404
8700
3584
7008
1686
1047
2622
5689
4727
4033
2764
2772
7212
844
864
7438
5271
6944
5065
2402
