item_recommendation
25737
8571
7872
8093
8327
7541
7697
8360
7613
8447
7914
8117
8253
8070
7669
980
1562
531
8225
7560
7636
647
176
775
8420
7437
8522
8033
1744
8477
7802
8183
7782
1523
1120
8290
3232
1816
8743
8385
401
8661
1270
8684
1145
8154
8056
2935
1003
1111
7478
1320
7738
5159
2227
129
1783
7407
5264
7976
8709
1739
8235
1317
1046
2686
2761
285
976
1907
1767
8879
7938
718
960
8859
1535
8761
3150
885
2668
8403
2981
955
4366
372
953
7234
5909
1437
1472
731
6073
8899
2159
4782
626
232
1777
2779
7293
984
526
2605
6091
1513
1707
2786
828
4941
1812
7753
8207
872
48
5723
858
2236
966
888
2659
4290
1721
6579
1652
8654
8819
4821
990
266
5597
1608
2427
798
1310
8003
1711
8410
6728
745
741
3324
3368
4600
2478
4437
4262
733
4873
6195
1852
2212
1321
6365
3235
695
1798
5410
45
793
7728
5008
5980
1696
994
4584
1196
3081
1288
970
373
861
2504
3051
951
656
1873
7649
4658
7245
1831
8961
5515
8499
1453
2231
1552
1549
535
986
1024
485
2832
3281
1281
2062
5489
2327
2772
1073
6850
4079
969
2243
954
1580
7186
1363
6970
1702
1397
659
2633
3188
1240
4316
4577
9018
1788
8376
1819
4731
8167
964
3632
6918
8848
4936
1515
1449
5198
2866
2745
912
8136
870
3377
1771
1588
8596
1404
205
2681
685
144
5296
1028
4809
3133
1209
2596
2966
2155
1507
7809
880
816
1006
3816
2766
8187
8589
2937
1959
8977
4550
2843
8689
1040
2128
8633
1225
6493
5765
4246
550
1759
1020
1479
1053
196
162
7619
2835
3668
2922
3042
2789
2285
3134
167
1204
2403
2715
1616
1186
99
2215
2074
3177
3147
1080
510
918
724
8670
704
8008
2975
3068
2393
1063
3005
2364
1388
1226
1233
161
306
1791
1013
1184
8777
2399
2775
2325
3211
2439
1730
2340
6826
2583
1951
957
6314
7394
4920
4076
8261
2200
1997
7932
3292
2288
1639
3086
4696
2959
1161
8482
507
2521
881
3127
7786
6318
4251
1099
1218
2494
4171
2687
4638
5433
785
7263
8751
5926
3875
1482
2204
1057
2300
2982
6178
5134
2043
2374
3417
2219
522
7487
934
1970
3152
5729
3996
1726
7881
6658
3889
5936
6630
3428
47
678
1114
3093
2897
1419
6559
1841
2752
95
3587
8604
2647
4432
2793
6624
3604
1531
1361
1076
135
2282
4923
2634
348
3751
460
991
3869
869
2858
1085
5611
2600
2429
7272
4649
2577
278
879
3213
1030
2173
6440
1095
1125
1026
725
1059
735
8695
1476
189
840
2704
4404
8665
6509
4830
5772
2046
405
8462
1692
981
1972
3071
422
3176
4162
5588
6932
1569
6000
2146
2753
7888
8910
6355
472
1804
1286
4984
2091
263
407
387
6143
6609
7228
1676
5033
2570
7502
3006
6390
1844
7995
5470
2310
3474
213
4895
547
8927
327
5952
7583
1586
1929
7299
2039
2031
2241
6077
8699
7757
2284
2986
8807
2660
5117
4515
4188
121
2186
2400
8642
7038
2415
2445
8892
6404
4801
4761
2815
2769
7107
8840
7698
3707
3928
7445
8833
3924
7587
7944
3263
4639
2572
824
3608
746
101
1689
2078
427
2780
8650
2902
3354
1631
2546
8039
2442
1004
2990
7282
7817
2496
2799
1132
1042
6676
1796
6636
1688
2154
1834
3702
1794
2617
6154
9001
5177
1657
1060
3584
2581
3207
498
6612
2946
5888
140
5473
1779
5498
962
2366
366
5585
5193
3210
1715
2674
8511
7204
5662
6395
7831
1021
4795
2207
996
8044
2741
714
3895
1033
4462
2507
4033
2396
7099
321
2819
1624
3016
4861
4420
4911
7705
8228
1187
2912
7130
7577
3041
2350
1880
4765
6148
2014
3307
1197
1900
5312
1295
2398
2465
1012
243
474
2798
1352
2335
2134
131
5839
8772
2178
1978
2407
945
8920
5787
2342
8239
1870
2052
8998
2688
8903
6322
2567
7135
963
9010
2925
7121
1135
5834
5815
915
6207
1833
1130
2120
7171
6498
4414
9004
835
1750
2481
4486
2976
1931
1582
1066
1525
5161
7316
965
1784
2864
1581
742
2404
2318
568
105
753
5810
57
8392
1981
6985
2385
4121
3238
4375
8157
1590
1081
5114
6591
3714
3819
580
700
7415
896
8451
2689
1916
324
2630
838
2820
4632
3251
2622
5210
3649
8169
5558
5291
2248
956
7748
6348
1428
848
1858
4709
7720
8827
7878
2021
2801
5
4101
2669
6920
5534
2418
6748
6521
419
3072
8629
7126
76
3028
998
4458
6739
2383
1379
3351
720
1686
1878
5693
4284
1860
1150
4060
1746
8542
7990
3163
2985
1545
2565
8722
1440
1104
7789
250
1224
864
337
6902
2699
3693
6703
7894
875
1824
1032
1973
3125
4391
8620
1077
71
4740
4273
458
6568
2296
7254
907
2004
916
2467
3296
2535
2983
2582
2615
1194
1367
1891
3795
1821
2182
589
1925
7840
6695
7444
492
1236
5440
34
537
1810
4901
3456
5857
6751
905
2860
113
2628
4511
5947
2900
558
1473
599
3408
2422
201
3140
1667
183
7792
2493
8387
6121
5553
6803
3522
2462
3489
4296
8864
2621
5832
1699
6744
2516
3723
1518
2344
3128
1331
3008
7492
893
6547
2956
5449
3113
5809
1660
2506
6977
1876
7743
6294
4051
1078
2918
1415
2921
1347
1542
1461
2920
1366
2916
117
1984
1356
2919
1304
2810
471
1238
2012
290
2016
2889
2206
3053
2671
1861
852
1237
1180
3070
2244
502
216
3069
3166
3063
928
3148
514
1394
1826
6641
1859
6211
2010
8914
1256
2275
375
3804
5556
2437
420
2099
804
4380
2368
1171
1429
4987
194
5825
1678
7340
2433
1255
8675
178
1112
6669
891
6760
8614
1665
1325
3160
2734
3543
1612
2917
6550
1392
2967
6885
5458
1487
31
272
2829
1168
2297
8600
4153
1532
1556
207
1957
1954
154
