item_recommendation
25737
7872
8571
8327
8093
7541
8447
7613
7914
8360
7697
8117
980
8225
7669
8183
8070
8253
7437
8420
775
8290
7560
8522
8056
7636
8661
8033
7782
960
8385
8154
1003
5264
984
8403
7234
7938
8879
8003
8235
7407
8859
4821
7728
8743
5159
7478
976
733
745
8961
695
8761
8684
955
731
7753
2659
8410
8477
8899
953
5008
969
4437
3368
7802
5723
1515
232
266
7186
6579
1523
8654
8596
3232
7649
6826
741
5909
951
1907
1744
6728
48
858
1046
8207
8589
966
8008
626
7293
8665
526
3188
1812
1024
7738
6970
8998
8499
1507
2686
986
8777
4550
912
964
535
6918
4809
8670
3235
8376
8136
1513
8910
3324
8167
1288
8977
8819
3816
1004
8772
2780
6630
7786
8709
1006
7748
3875
45
8699
285
2935
7619
4076
8633
485
1042
2374
2227
4941
2769
1816
3281
2288
5515
915
6091
970
880
129
5117
101
1020
2062
4873
189
888
2340
1053
4984
4188
4262
6365
6314
4366
981
7831
965
3668
7316
4638
990
7757
7394
2212
1777
8927
4584
8239
1021
1057
1771
954
7888
6521
724
6509
4740
2937
3093
1030
4920
5296
870
5440
4162
4923
8462
2772
725
5729
7705
472
6178
840
4432
6195
4731
1531
7204
8864
6355
4658
4079
8609
6154
735
6550
828
872
1437
6902
3751
5611
3417
1624
7263
3127
9018
3307
659
2496
1870
6073
2407
1060
5772
2798
6612
5787
3608
5210
1026
1767
3428
1187
3632
7720
2173
1013
2415
1581
3702
5662
3113
957
7878
8689
4936
2660
6885
1367
881
7583
4404
7587
3924
3263
7944
3928
7445
7698
6932
8833
4639
3707
8840
8642
720
2186
994
2300
5936
2801
9001
5839
8865
647
5765
8228
7817
1876
2982
4801
4427
8392
1352
3869
3795
6207
8636
4577
4161
6318
2433
2688
2344
5410
4171
8604
5742
8620
1676
5597
1209
4375
2385
6609
8169
2605
5834
205
7894
9010
1317
8580
4782
4177
8388
196
15
8187
3863
8831
8612
8525
8799
5122
3761
3344
5097
6566
8712
5840
2434
4238
7155
3615
4632
3479
3639
8133
7245
4603
2241
5473
2897
963
3377
1012
6892
2506
7881
8482
8387
6530
8984
5186
5312
2236
401
2404
4153
2981
2709
6568
7038
2617
893
8751
2647
746
2687
8453
1517
1132
3655
1047
2396
2366
6624
1016
6536
5815
9004
1125
4024
869
7282
6985
522
656
4251
6591
7487
961
3431
7254
5715
6260
6731
1281
5675
6390
2478
2741
7976
8574
8667
7299
7792
2398
3213
9012
5588
8591
2669
263
7272
968
1834
5693
998
5288
5768
719
2799
5810
7771
7126
8629
8722
3292
3882
1472
962
7990
4391
2442
7789
5853
3207
2668
218
5365
2418
5980
4761
1590
7171
1010
1739
1652
2154
7484
6744
8451
3028
2793
2621
6791
3714
8157
1831
2347
8914
2318
2082
4414
2513
5926
6920
3799
8920
5017
2829
2925
7099
6718
6000
3238
8607
6850
3604
886
1819
5655
4837
3996
4895
6676
3438
7932
1562
2775
321
6535
1019
8268
3860
492
8131
5968
3584
2815
274
7577
7011
7627
1702
474
2689
6143
1040
3218
2331
3456
7096
1612
5226
2368
6121
1508
1017
1497
2427
785
3251
2622
753
1582
2752
7380
844
8491
4795
6243
748
7107
947
1721
2437
3081
2155
3176
1193
2802
5285
6760
6498
1225
2504
802
2912
3805
1037
5449
7078
726
3819
5033
6077
6436
5198
1476
8422
1844
6835
7189
6774
8854
6803
6751
1696
3540
6832
5585
5164
1173
8768
5832
5139
866
2548
8923
1008
1032
864
1525
4911
885
3587
4846
1500
8039
4861
3296
4121
761
8781
498
7036
6977
4901
8903
3351
5177
2570
6559
2457
2900
6254
4765
1970
1438
2038
1504
798
5291
5193
4420
999
6186
8807
6440
527
7415
3157
6798
6636
3210
8943
6703
2394
4417
1688
1980
6862
2860
6641
6493
6547
2004
5699
8261
1750
5888
5470
7208
2183
7481
6739
8524
5857
2546
5046
4440
996
5666
2770
5398
4649
6047
6762
5065
7566
742
938
973
1580
8848
3478
1394
5558
3258
5795
93
1824
575
5809
7995
1059
7228
5801
419
2473
3268
7444
6748
8191
3024
2352
4933
5080
6242
5134
6116
31
743
5689
1608
2439
8720
5752
6348
2764
16
2078
1014
2521
2440
1810
5604
6684
875
7135
2120
2533
3845
1330
7759
3693
3427
531
5254
786
8745
7044
4292
4811
8526
3997
4020
8044
2941
4692
5900
3492
8948
7845
7584
6370
8908
8950
6415
2651
499
2248
2583
5165
6513
3334
7260
5038
5413
4263
6446
3752
8614
2696
6294
916
8576
8009
4349
4241
3936
5282
5021
5710
6999
6706
816
5378
2892
1104
3394
8484
105
4844
1145
3194
5275
2761
8979
4316
3500
407
7897
3489
6322
6880
1636
5625
7130
1959
8142
2402
8695
4228
1852
934
3575
2202
6502
956
5641
8542
2730
3889
988
4987
5443
5352
3256
1041
1569
4736
6678
3508
6957
207
6404
750
7764
4885
4876
1028
5498
4045
6408
4511
1794
2976
3804
1331
1690
2021
2438
5203
5836
2441
5570
4312
7160
8511
2494
8507
2600
76
2500
718
3199
5569
7346
4033
2370
4727
5971
6132
7311
5433
5672
3854
4976
5161
4191
276
6375
937
1516
5323
2966
7840
7492
8530
5732
313
8638
6981
5
7458
1639
2335
5873
6331
2674
2956
5475
6103
4686
6464
2383
3387
7822
4462
2788
2204
5940
8700
3051
7180
6896
5055
3709
6658
6341
1822
111
2983
2582
7343
5363
6768
4878
1429
1419
4306
5735
2468
1346
3354
100
7195
2727
6887
7121
1501
5202
8366
3173
4016
5400
2975
3646
6858
4718
861
8810
5053
2577
931
2231
3758
8275
839
8675
8882
2581
1114
1135
2009
3880
1192
6695
5243
6234
6422
5952
2458
7147
1147
4914
3125
5850
1078
3160
8147
3522
2346
7818
1184
5458
3402
2516
8121
5808
651
2835
6395
1502
4194
7502
