item_recommendation
25737
8327
8093
7872
8571
8117
7914
7697
8447
7541
7613
8070
7802
8253
8290
8056
8033
8360
7669
7649
7437
8477
8420
8684
8167
8235
8225
7560
9018
8003
7738
7976
7636
5980
7478
6365
8207
8039
7394
8819
8522
7728
8183
7782
8385
8403
7407
7932
4584
8772
8008
3232
7160
7099
8761
6559
8499
7228
5264
7840
6178
8807
8482
8511
7995
7502
8827
6276
4920
8491
6579
7753
7705
8892
4121
8187
8589
7817
6650
6624
7577
5159
8695
8998
6658
8661
8410
7748
5765
8154
7757
5387
6832
7809
6591
5850
7282
7786
5296
6748
7293
8670
6195
4321
4552
6918
7354
7299
8633
7456
7492
8239
7487
5597
8879
9010
5926
8709
8903
8607
7130
7720
8864
8910
8848
8675
6143
8977
7826
8751
7245
8484
5046
775
7107
8743
5909
6000
7016
7186
8616
8625
7192
6940
7892
8451
8422
5433
5214
5888
7250
8927
6091
5498
960
8813
7303
7878
6728
8730
5008
6140
5210
4135
6132
6757
980
5534
8665
6826
3281
6662
8777
7110
8699
8810
4782
6170
5241
4848
6383
7096
6404
7897
6148
3515
6703
5839
8636
7585
6355
8654
8600
4984
6609
6502
3163
6684
7458
8542
3368
5521
6073
4194
3810
7316
8254
7831
7142
6021
3467
7272
6378
7812
3038
8915
8057
7150
8979
4188
7136
4688
3266
4090
8014
6568
5291
8507
8866
6760
4873
7822
5012
3235
6735
6464
3698
1408
6426
6446
6318
8261
7161
8790
6084
8871
3816
4491
4081
6927
8617
6862
8531
2704
5473
6636
5125
4414
8524
6751
5752
5611
6493
4369
8609
6669
4809
7569
954
3320
7055
8228
4039
5936
7958
6739
6743
6686
6530
4605
3250
753
6294
3310
5017
6077
2506
5033
4686
5723
7762
8157
6713
6850
5815
6283
6114
3420
6718
5942
8131
2144
6154
7380
8961
3596
6042
6762
6207
6162
7135
8629
4482
5146
8194
5186
6977
5662
7990
6695
4945
7743
7415
5603
7820
7204
5558
6999
6880
8808
6322
2227
4427
6039
2214
3646
6920
6348
7888
5832
4146
8943
912
955
4600
4577
6503
8574
6776
2073
4987
4229
4846
4765
8745
5618
2997
8191
6509
8387
4792
7484
3981
7115
5809
6031
7121
8620
5440
5825
8781
4878
8392
2935
8596
4366
8268
3247
6547
6811
4632
8768
6993
737
4941
7011
4177
2236
4306
8044
8614
8984
7311
4228
6944
1804
8650
3643
966
7444
7789
1824
7584
3997
7759
6840
5581
5139
3587
6416
7766
4952
4451
7212
4761
2371
7583
1523
6995
6798
5873
8576
1003
5193
1040
7627
6395
6203
7366
4560
6676
741
7566
8718
5782
8502
6641
7845
5693
3996
4811
4020
4692
8526
6370
7044
5900
4292
8948
6415
2941
8950
3492
8908
5801
4002
4709
8604
4854
6885
1676
5025
5968
3176
5857
232
5742
6230
7177
6902
8009
7619
8954
8823
840
4821
300
5378
2212
3752
3869
6800
3751
7481
6721
6400
5134
6436
8850
7305
8341
2167
1844
7206
953
6242
6254
8580
188
2594
4658
4473
5715
969
7208
3927
8169
7325
5304
7051
4914
8121
6521
4391
8331
6375
6877
5226
4000
5843
7771
4051
3608
6273
3560
6440
5438
5395
6442
1212
6772
7211
5569
5699
6954
2709
1046
6536
8530
7007
6892
8273
8914
6953
6791
7258
3660
2310
6659
3190
6260
7234
5655
7000
5772
2038
3983
3216
4936
8865
4840
7938
6958
6856
6157
8388
5117
6223
6731
1466
3804
5628
5151
984
971
4756
4181
8147
5248
8640
5625
5940
4031
6835
5923
5515
5808
5564
2062
6974
8459
6893
7095
7078
3710
6822
2437
6896
5128
6957
5275
6966
7056
5787
266
521
4375
5121
1024
1211
7841
4696
5568
2605
3364
2344
4178
285
6961
1816
6198
7453
6498
6012
6182
3010
8958
5879
3737
7573
8465
8907
8529
6724
5745
6027
6582
1907
5795
4787
7171
7349
695
7190
735
3845
7067
1513
7787
5971
2631
2801
6552
5553
2476
4544
1378
5470
4108
129
5288
1864
3863
2173
2396
5254
2346
4911
8638
5965
5080
6424
6423
6003
5177
3665
7773
1569
8125
6454
7219
6773
8799
3761
5122
5840
6566
8525
5097
8612
8712
7155
8831
2434
7090
5013
1862
4420
5932
4770
5101
6818
7439
4925
3655
3213
1336
4437
6771
3379
5382
531
5477
3217
4394
1602
7285
2758
7615
4359
7895
4555
1639
4101
5329
431
3900
8487
2782
3427
8724
2686
2100
3118
4019
705
3506
3598
3696
6646
6156
3479
4238
3344
3615
3639
8133
2248
1035
6410
6314
965
4161
8336
858
7419
5164
2764
2374
8643
4139
4543
2897
5471
5413
4417
7003
619
4066
2367
1010
5341
2626
7381
6550
3503
8783
7818
7254
4901
5734
3201
3194
379
2888
3431
5703
5410
6166
5127
1590
4024
8667
6121
4603
8727
5729
5380
3459
7334
7701
3964
3963
7372
5458
1529
4849
5285
7919
5570
7979
7189
8142
5605
8722
4392
3843
4897
5021
2059
3175
4207
4969
2370
3438
6460
5208
2340
994
3284
4951
3680
4076
45
4798
3192
7008
3793
4148
4084
1209
626
2860
5803
4837
5954
2894
5619
8136
8376
321
1880
6867
4290
7713
5617
7620
7222
1641
6803
3219
6056
3031
2583
6884
1515
5859
915
1744
899
3632
6706
3885
1042
3622
4608
1531
1015
5833
711
1019
3975
1812
3512
1992
5675
5853
5768
9012
8591
526
6513
3685
4368
1973
6412
5866
3718
6531
5684
1057
864
996
4861
5696
5462
2433
2727
7946
3478
5333
4355
6331
6329
5348
7844
6615
7843
6617
7706
6185
7355
6806
5819
2878
6047
1352
7564
956
7195
6422
2520
7987
48
196
4885
7020
4706
3324
5172
2845
6385
7374
6950
8689
1013
2288
5202
3292
5869
6564
2467
6458
5015
970
527
2318
7983
5102
6816
733
872
5096
2664
3947
5081
1463
4684
2457
4432
4592
4701
1612
1652
7616
4086
4166
2788
3534
8583
2159
1240
1686
8016
720
7764
6286
3258
3871
6133
4462
3978
1839
5991
7147
6062
8859
3780
7936
6016
