item_recommendation
25737
775
7872
8117
7541
7613
8571
8093
7914
980
8225
8327
1003
7697
8360
8033
8253
8447
8290
7669
8183
7437
731
526
8403
8003
960
828
7636
7782
1513
3232
7560
5159
1046
741
1744
984
8772
4550
733
5597
955
745
976
858
2227
2686
8661
1816
8070
1024
2340
1507
5410
8420
1812
7938
626
4262
1767
953
1515
1777
6091
8056
798
695
8879
4731
7254
2212
986
8899
4649
969
401
2241
1907
912
4577
1040
8596
724
793
8154
1042
8743
7407
2668
718
266
1523
232
1053
4366
8684
8235
2236
778
720
3235
888
1739
8499
1006
8477
1288
880
990
1020
5264
8859
725
2801
3093
6178
2687
6073
101
4821
4079
2937
2688
7728
785
285
5515
2062
4782
2659
1057
7802
966
5117
1870
7186
5186
7738
840
870
7478
48
4658
7705
129
2761
2815
5723
1624
915
2798
1676
8665
951
3368
746
1125
8376
8136
3875
6970
6630
3281
742
1021
7748
1652
1688
7786
474
6728
872
1317
2793
7234
8636
719
8410
824
2173
1531
6154
893
970
4638
5715
4162
954
1771
8699
3417
647
5662
2504
8998
4440
7878
1030
7753
1657
965
2186
6314
4600
4809
2912
1367
1562
1187
2727
3125
4076
1852
6751
1060
9018
6294
218
5834
4437
2786
189
659
728
6318
419
45
1525
5641
816
263
8777
938
1750
5768
105
535
1363
1508
5008
7649
5588
6260
3324
1281
1569
2288
6530
8961
947
2427
6835
2982
1608
5288
2892
4673
881
6718
6760
1111
2981
7282
1721
2897
2772
6365
4634
6559
2442
994
1026
6826
16
2374
5069
5553
6902
1012
8591
5853
5742
5675
9012
656
8927
3051
7757
8239
1004
5498
6918
7245
1582
522
1497
937
2439
6684
5033
3428
735
1472
4923
4515
8167
964
4171
2204
7394
3816
1437
1013
2521
2415
1059
8768
1819
2976
1590
3751
6744
748
4941
961
8819
1970
7204
5568
5538
2900
8580
963
485
8807
8387
2546
2398
2396
3632
1696
5765
5489
2752
2155
4761
753
1104
8864
934
2780
4326
1453
6731
1336
707
3307
2159
3668
1702
8709
6579
599
8865
5611
1844
2770
1429
4458
7299
1286
1973
2183
5226
2730
2506
2433
1330
764
5198
7888
1500
5285
6932
8607
2134
2318
8609
5282
8943
374
1346
7316
2468
7130
4188
6521
8039
2935
916
5365
4801
8642
1209
4885
8228
4404
7976
5087
5729
2799
1066
2120
8207
4316
8388
968
327
2385
8761
8542
3081
750
5241
1501
957
8574
1037
2082
5909
6591
4394
3743
4696
2709
8462
9001
6375
971
5850
8920
5569
2741
8720
6143
2827
818
2202
786
864
4290
5839
8827
4121
3420
2347
5936
12
6509
4873
3292
2046
6436
5177
196
2660
3608
2600
2764
6035
6748
1103
1135
1504
7619
7944
3707
3924
3928
7445
4639
7587
3263
8833
7698
8840
3575
5038
1422
6985
8524
8910
1660
6803
5604
869
3194
2975
1783
5968
2533
507
4380
1839
4901
3500
3024
3256
1479
2609
5046
1997
3522
1218
6207
6550
875
348
4214
532
4654
4655
3520
4664
5315
830
4282
5501
5092
5047
360
4674
5638
4516
5539
5540
4823
1151
5043
4703
5556
1331
6243
5440
2437
4727
1959
527
4936
7484
2399
6195
3238
2582
2983
3113
6450
780
678
2832
765
6513
3155
1148
2704
1804
5372
8654
5134
5414
1078
704
7831
161
2393
510
2766
2074
2789
1080
3150
918
2364
2403
3134
3042
1388
1204
1226
99
2866
2633
2922
2715
1186
2285
3147
3068
167
3005
2215
1759
1616
1233
2596
1063
3177
2404
306
835
162
2925
4511
3306
2829
1008
4632
3034
1433
3768
4584
8142
4878
1517
2325
4296
8954
6225
1730
1502
743
6322
3456
3016
2950
472
1173
1225
531
1016
2021
4765
1951
7293
3702
2407
6404
3251
2494
1085
2118
2674
499
3900
998
41
1916
8522
8914
2699
3284
6768
3360
7502
1639
8511
205
7894
4680
3127
7995
1707
8589
2478
3296
2802
5139
1941
3211
1184
6774
4933
2352
1019
4427
1556
8620
5815
2366
6840
782
2043
4984
4740
4795
2344
8670
3891
2102
3682
3343
1061
3692
3655
2583
3819
1041
6798
885
945
243
2835
2284
1253
1120
5384
2634
1939
2338
4489
5530
651
7932
3475
3116
3572
8781
4194
2248
2858
5352
5161
900
4166
5562
5955
2745
95
278
3339
5210
2605
7055
5254
3424
4506
2956
7826
7180
2535
3006
4401
3563
801
5693
2769
3676
1390
671
2370
6390
6609
337
8147
4920
7020
8268
3444
8482
1379
372
2429
8633
2039
3377
2840
1996
1991
4420
6706
7208
5710
3216
5625
2214
6676
2753
5808
1580
4447
761
1788
5599
3996
2581
2300
8638
829
6547
836
5548
4051
4448
7107
1032
7809
3071
1972
962
4846
131
8823
3408
1678
886
3584
288
1836
2146
931
4375
2493
4861
4787
2669
6464
1022
2513
1909
5752
1841
5021
2966
7160
5534
5795
37
1976
8261
7099
1476
981
4197
3889
6498
1018
5296
26
2441
3869
202
6148
3188
6170
4153
1130
1612
15
6533
1689
2090
2986
4304
322
4833
4603
6800
4844
5400
8187
2327
861
4016
4802
1482
757
4572
5443
2154
6963
5699
7771
2775
6039
6822
844
6341
1132
2964
7078
1633
8984
2383
2617
1044
6832
8923
2014
5782
3359
1493
1929
1636
3214
5572
6440
3858
2990
3604
8385
4967
8629
2440
3593
2262
2971
6355
2651
2800
2069
8751
1095
4247
5413
3626
6405
5218
6896
476
3910
8640
4177
3152
5672
7897
7990
7011
1033
7822
4263
5387
3512
810
547
4520
1827
907
943
1831
141
879
328
140
6422
8903
721
1197
3489
2088
2572
7979
2507
5772
3445
2907
5518
7419
899
3087
2141
1210
2557
3844
1946
914
8882
8892
5980
8275
8625
6703
1133
722
5473
5684
4876
407
2458
1114
1581
6502
2496
6021
8612
5840
8169
5787
7583
6566
