item_recommendation
25737
7872
8327
8447
7914
7541
8117
8093
8571
7697
7613
8360
7669
8225
8420
8056
8522
8183
8253
7802
8207
8070
8033
8235
980
7437
7560
7649
6365
8403
5264
8154
8290
8477
8661
8167
3368
8761
6579
7782
8684
5980
7407
8385
4809
984
9018
6091
285
3232
775
4427
5008
1003
8977
5765
960
7728
7753
2374
6178
7636
8879
695
8187
8589
976
7478
8910
5012
7938
3235
45
4846
266
1812
8633
8745
8654
4984
5159
48
7186
2935
3377
6195
2062
5611
7932
1744
858
8961
5772
8819
7738
1767
7234
2038
7293
1515
5515
4911
745
4658
8998
8859
6885
7577
647
6728
1777
7394
3889
955
969
1046
535
6318
6073
7096
6390
3608
4821
7757
8899
731
8484
7720
4920
8743
8482
6355
2212
6970
6154
4782
8670
8039
3869
7789
5117
8772
8003
2288
8008
1523
6383
953
880
2300
6609
1288
8777
8665
101
5723
4437
401
8864
4941
4188
5909
8499
6314
5134
1580
7130
6446
8751
7282
3387
626
1187
8261
7160
5787
7583
741
6636
5433
7228
7316
2159
885
3163
6000
8268
3281
2780
5597
4394
5742
5968
6826
5662
4391
4740
8699
3816
6832
1472
7995
2427
951
6559
1816
5410
2769
2227
2937
986
4251
7492
2154
4414
954
8580
6207
8607
2548
4577
4375
129
263
1907
1006
733
4550
6116
888
3632
840
8491
5312
213
4121
1059
2659
196
8451
6624
5226
872
6242
15
4194
8675
6509
1024
8511
7016
5141
6211
522
5440
724
5139
4511
3587
3028
6743
1367
5971
8903
4076
6630
4584
8920
7619
3324
526
8392
8629
5926
8722
3188
2793
2478
3113
4366
5033
4600
915
4552
1696
6521
6502
6748
8865
5825
5413
964
8492
1021
8943
8387
4844
1721
6104
1053
5729
7456
725
2173
3854
5952
5296
8410
2981
8136
8376
3875
3799
1844
990
8596
8709
8810
8388
8131
8927
4024
6077
5198
1012
2340
3213
6395
4417
5038
2344
2761
8781
1804
912
1513
6798
6676
1317
5689
798
3489
4830
7121
1739
7245
8576
6703
232
5202
3238
6835
7786
4901
2730
6404
6850
2605
7107
485
5352
8169
4262
4420
205
1562
7840
7272
9010
7155
6566
3639
3761
8612
3479
3344
3615
4632
4238
2434
8799
8609
8620
8712
8831
5122
5840
5097
8239
8228
8525
8133
1624
1209
5641
7976
4161
4603
1330
140
6550
3668
2688
1507
2407
4761
5530
6536
1676
1030
4963
3268
4873
2686
7254
6791
4086
3698
6684
4177
5815
7764
4228
970
472
2982
1980
7458
966
2496
439
5834
4162
1581
6662
327
7818
962
8462
2687
3868
6322
8604
6276
8636
6493
6426
6650
5177
3996
6785
4987
2385
1612
2843
3210
7743
8689
5548
1810
5839
656
7878
1702
968
1750
718
1973
8813
3093
3882
5655
1004
998
5936
498
6254
753
113
4404
4432
5784
5556
5269
965
7881
1225
6516
5470
2442
1042
7502
1771
8871
3379
899
7705
3081
7208
4795
4263
31
3964
6473
7299
5489
1087
7809
6902
1997
2631
5164
7990
2709
4191
1636
8979
7897
3250
8157
2441
6918
8121
1193
6260
5193
748
4731
3863
7171
7204
4316
3211
2155
4002
3604
3176
5291
8827
7380
4090
3266
5046
4688
7192
6378
4848
8915
8057
7150
3038
3515
7812
3467
4369
7136
2668
6568
8892
886
6143
2546
6400
1125
3646
8254
869
2494
3292
2966
4903
6658
1788
961
4349
3522
7585
881
1408
1466
8848
4166
7011
6862
4645
4491
5398
3334
4241
3936
5666
7260
2674
3431
8807
1582
8142
5329
5882
8984
4923
659
100
2799
8866
1525
1147
2415
5254
6331
2120
3908
7263
8507
3354
5618
8194
3805
5365
7817
5210
3157
4171
1769
3307
2860
4638
5288
2704
3584
4255
6547
2786
6408
2399
735
7177
5603
1870
2628
7090
2144
4842
1018
1017
4304
6203
1184
4284
3655
1437
1013
7161
6535
4088
9004
5588
4039
5179
1715
1019
1060
8625
8453
4246
4273
6261
848
5699
9001
321
3127
5558
2660
5443
7142
4936
1440
8531
1801
5569
3428
3408
6051
2383
6724
2183
5777
5017
3263
4639
3417
7445
8840
3928
8833
3924
7698
3707
7944
6932
7587
8617
4893
1428
188
3434
1057
2078
7311
6162
1608
2457
4945
3051
3427
2802
8642
742
5675
5715
5604
2912
2950
1352
6612
5553
4691
1959
2404
7487
7099
8591
5853
218
6774
2082
785
5850
981
5791
2617
5080
6047
9012
5768
6223
3370
207
8718
1401
7762
7110
7826
6782
7444
1876
1508
2824
743
1130
1363
3773
2772
2829
4139
4801
6927
1531
2582
2983
5438
8616
7771
5846
2801
3751
5605
2043
8614
947
155
8009
678
2073
5891
5625
4235
5186
7892
5872
4769
3624
1598
2465
2902
5707
5718
5218
4310
2433
5562
2745
4296
5955
2651
6920
3978
6739
2618
6294
2676
1783
2364
2866
2393
2922
1616
3068
510
1204
3042
2403
1080
99
918
2715
5065
870
1839
3125
2009
144
4079
2570
6957
1726
8524
5585
7831
507
1085
6744
6562
2696
700
2792
3819
5114
994
2194
1841
2342
5945
6498
6132
893
956
5378
2600
4042
4006
4027
4495
640
4415
4402
6427
1218
3543
6690
2775
3649
5055
407
6669
2961
5458
2976
2647
2334
2021
3438
973
4625
963
1026
5672
667
1667
7415
5600
4197
300
746
4515
4337
6530
1331
5599
5125
923
3845
1819
8264
1752
6777
4124
6892
2118
4930
5275
2325
4895
3005
167
2633
3177
2285
161
2596
3147
3150
1226
2766
3134
2789
2215
1233
1388
1186
1063
1759
2074
3871
704
306
5864
1822
3388
2815
6157
2090
6035
1365
2753
5581
2439
314
4837
6985
8014
2932
7211
2087
6103
1951
2313
5808
1730
2572
516
3572
3296
5053
3910
3024
5799
2458
2858
2689
2534
2832
7147
2497
162
4706
996
1852
2567
2956
5339
2429
8667
3948
1092
6279
6237
47
2764
2975
6803
7219
278
1444
2609
7189
4401
1690
2195
