item_recommendation
25737
8093
8571
7872
7541
980
8117
8327
7697
1003
7613
7560
8447
285
8070
8253
8420
7914
976
858
8522
266
7437
960
1907
3368
7636
8360
48
626
8477
969
984
2288
695
775
8225
745
8207
526
101
535
45
1744
8661
3235
2374
2062
7669
7782
1523
848
1812
951
880
647
3377
1046
731
986
1053
733
6365
741
1816
4638
8819
8033
2659
7234
3232
8761
1006
485
8183
1288
472
8154
4941
8235
2154
7186
955
2780
8385
4550
7938
6728
953
970
6318
2300
4427
8899
1767
5909
6609
5611
1187
3799
888
964
912
5296
232
7802
725
7478
8859
327
2775
498
1367
5117
196
3281
2340
3213
263
8709
724
8654
2937
1844
8670
962
8633
6826
6355
205
1012
6091
990
8290
5264
3188
1696
1330
6195
4262
2769
2407
129
6970
3324
3816
7753
1472
8187
1024
954
8743
401
1515
6630
2793
1834
3805
1624
700
7299
8961
31
872
5926
6559
1059
2935
4809
5765
5597
3081
1777
966
1021
1513
1013
5008
981
5159
1352
1721
2981
885
881
7649
8403
2427
5312
522
479
3113
3587
3028
2772
2212
1209
6521
2761
4658
1317
994
168
4782
8910
2605
7293
6314
6798
8499
1702
746
5515
8056
4801
189
7738
949
2478
1870
4761
6579
8003
998
8410
8268
4821
6390
7272
321
15
3795
2752
5723
8589
3387
1132
516
207
183
1739
735
2843
7107
4740
7282
1225
6077
274
8462
5936
7789
6143
2038
1581
3210
3869
656
1507
1525
4251
4349
3176
1824
5410
5980
2464
1358
2496
5352
6918
1997
1831
2647
7881
2688
785
4437
8920
1125
1018
6624
5
6568
2415
7487
4162
6440
2686
1810
6116
886
3157
4417
3996
2792
1531
2342
2146
7705
5329
1042
950
1147
5839
8684
8977
5226
6777
6154
4844
8665
2335
6612
4584
5413
276
7577
4432
5134
1028
2082
8998
2786
2798
1020
8376
8136
7809
870
1636
407
1017
718
7099
1437
7817
3854
3127
2078
1099
1582
934
3709
2439
8689
1057
4076
1004
7263
4731
6000
1030
7990
659
2227
6211
1130
938
2385
2982
8879
5139
4873
2334
6242
6748
8484
5198
8261
3882
2004
1562
3238
2186
3632
4895
7211
2504
6446
1771
2621
4414
6591
3428
3875
2399
3417
7380
2617
2442
5772
113
748
3604
1750
140
1569
2425
685
1060
4984
5882
844
869
1032
4795
6535
100
1783
2674
1822
7121
3584
439
2155
4404
714
4228
2860
915
550
5825
6977
5000
1959
3860
4391
3649
2660
4420
8121
6782
2687
5952
4577
5556
1517
7311
957
2494
8604
3668
7944
3263
3924
7698
4639
7786
3928
8840
6932
8833
7587
7445
3707
3199
916
8492
2572
499
798
1438
5604
6178
3211
5080
3819
2159
7979
1393
6774
2120
162
9001
302
4901
1580
4079
27
6840
1973
1608
3307
6636
111
2668
1331
1040
5449
580
1428
5801
4923
1395
1852
8008
1363
2418
5729
4246
5900
7584
8526
8044
4692
6348
4292
6415
2941
6762
4020
5832
8950
8948
3997
5693
7845
4811
8908
6641
6739
7044
6370
7415
3492
5558
893
7566
1369
3752
6892
1676
4963
965
5530
4366
1652
461
4718
4255
1474
4569
4029
3730
3101
1690
7888
7038
7407
6744
6880
7728
961
5857
4911
2465
7932
996
5945
1184
3024
5834
8642
840
4846
2248
802
2829
2546
5186
6562
2689
218
720
4649
6493
4830
6104
6400
8009
4511
1730
6885
2570
482
6243
1985
1715
2331
638
5021
8039
2730
691
474
7245
1901
2325
5033
2976
704
8614
2364
2403
1616
2866
1388
161
167
1233
1204
3177
2074
3134
1080
1226
1759
1186
2922
3005
918
2633
3147
3150
2215
2715
2285
2596
3068
2766
1063
3042
510
99
2789
2393
1095
6731
306
3702
3522
1951
899
5378
8903
999
2548
8482
3218
3093
2517
963
6686
348
4987
2173
3560
34
2383
1841
2741
5017
2284
8157
1281
1026
1145
268
2583
4936
275
7180
5815
141
2975
4220
2204
313
2433
7126
4188
2956
6751
2352
4933
8451
7316
492
4171
7894
973
171
7619
6395
5269
5784
5810
2966
3051
135
5971
6073
9004
1295
2634
105
4585
278
2533
2651
1476
213
155
7228
4316
6550
8827
5161
743
4045
2195
150
6832
28
5850
244
5473
2753
2609
3351
1047
1085
2815
2178
6760
2241
3646
2622
4765
6676
2043
866
5365
968
6322
131
5588
1336
2468
4885
1796
8722
742
7995
7976
6207
5585
47
991
892
2799
2534
1929
2236
419
5164
3292
2521
1689
5193
5707
1008
3430
93
7189
4088
3354
1104
2009
7135
6835
861
5689
2581
719
372
6803
5291
7502
947
2440
2600
2350
2429
1303
5873
1876
2026
7792
1078
3845
554
3071
1972
2801
7096
1873
1590
988
1819
2983
2582
3125
5809
2347
7748
5568
219
95
29
3402
1821
2396
3575
5787
4284
1092
5292
3714
6012
460
2437
5968
8596
2458
337
380
1033
7492
4903
5742
4263
2409
390
828
3489
1752
3889
6383
6862
1286
2835
4086
3608
3194
8453
5179
2497
2001
4645
3251
1688
1161
3693
5888
6186
2096
7743
1794
753
8167
1327
507
5202
6662
291
2207
2507
84
8906
5254
6294
2473
547
1197
2858
8772
937
8530
3160
16
5718
5745
6743
3086
7208
7484
4945
5177
1019
1218
7583
154
6981
6850
37
8507
6985
2709
2986
1429
7818
4691
838
6858
5538
2832
7254
4273
3540
2482
7759
2628
6966
5470
1101
1196
3140
267
188
6103
4600
1455
202
7340
1087
1466
9018
2897
3006
8273
1192
1173
8629
6261
6695
2531
2398
6047
2069
5899
1034
3388
6234
2704
1041
3456
8781
7841
6703
2134
2676
3434
3871
569
1508
5061
3128
6791
5605
4706
89
92
1980
5315
4865
3408
201
2618
1444
322
4914
6162
6260
5398
3936
5038
7260
3334
5666
4241
1667
2441
6927
3357
3913
7831
349
4546
