item_recommendation
25737
7872
7541
8327
8093
8571
7697
8360
7914
8117
7613
980
7669
8447
8183
8290
8225
8253
7560
7437
8070
775
8033
8056
7478
7636
7802
626
1513
8207
7782
1003
1744
3232
1523
5159
401
8522
7728
8684
8477
960
8420
1816
8403
7738
5264
8235
741
8879
984
8154
731
6073
6579
7407
858
8743
7649
8661
6365
5515
1907
3368
733
285
2212
8003
6091
8385
647
955
8499
7976
976
953
5765
8899
8410
745
1046
2686
7293
48
5980
8709
8761
5611
1777
4782
695
526
3235
8772
5597
912
266
2227
5410
798
129
6195
7938
1812
1783
2659
1053
6154
1507
8167
951
7753
1317
5723
828
6918
3324
6178
2288
4941
1472
2668
1515
5008
2935
2605
2062
472
232
6355
969
6970
4821
1288
718
1739
735
8848
2752
7245
3281
954
7809
8596
2769
4550
2761
966
5729
4809
6493
4366
8819
535
8777
1209
1006
885
4437
8859
8998
4649
869
4873
2374
4731
5772
8807
7186
888
3751
986
5909
7234
970
1120
916
7878
7394
3377
8136
8376
990
1831
2340
1852
1767
5742
5662
4584
2159
1721
9018
1562
2154
1147
4765
2772
8636
8261
6826
1771
1057
5198
724
964
45
4600
2300
1020
2786
1437
872
5186
3816
8699
1844
3081
7254
7720
7932
6751
4795
2780
1870
4740
7619
2427
6559
5312
6728
2186
8187
816
3869
1145
485
4658
5117
8451
720
3875
2155
981
1608
6314
3420
6148
1363
880
1013
8961
1696
656
1032
4638
6294
6636
101
6260
4316
4911
2687
1024
870
8654
5853
4076
6318
1624
6760
1819
8689
5134
4984
7282
5288
6902
3051
7995
2937
5936
2981
2236
189
2688
5210
5033
5038
934
4161
746
8039
8482
1997
3188
963
6404
2504
6207
7881
4262
5768
1030
996
725
8910
4920
6143
1352
8633
5715
753
1040
2815
196
7228
2835
1004
7272
3125
3632
4830
8722
5968
4577
4696
4188
3127
2521
3150
5177
7705
6840
4861
1187
1059
5839
4162
1026
8580
7263
6850
6676
5787
5296
6748
6658
3587
527
2241
1873
1652
5815
205
4228
2798
619
8665
6322
7583
5675
1167
8591
9012
1281
1042
8927
1125
1161
785
881
1688
1582
2801
8008
6000
4391
2633
879
961
6395
474
6211
7831
8977
2866
4987
2775
4761
5012
1132
8751
7492
1021
8943
1580
1657
3889
4417
1590
4440
5498
1951
3854
8620
4801
2583
4923
2506
659
8589
2600
2407
968
7502
5689
8228
3804
915
8142
3417
7299
2342
5433
3338
994
8607
2976
7171
719
8903
6390
2647
8392
8827
4414
8511
7121
2399
6422
2975
1367
4051
2793
321
1060
5473
2478
1959
2385
8604
5193
1834
7577
2439
6440
5470
6568
3819
2704
8670
5641
3211
7786
2325
5053
105
6609
2496
1759
1453
4246
2596
1012
213
8239
3134
3042
167
1970
864
263
2766
4121
3147
918
3068
8491
1204
2789
2922
31
3005
1063
161
8892
2396
3177
1186
6803
1233
1226
306
6077
5752
2546
3213
8675
2437
6718
2741
3173
3608
835
1225
2829
7771
4846
1794
861
2912
1111
6521
608
7204
5413
28
5017
1476
5139
1730
6498
2318
7888
4166
875
7757
7316
1525
522
162
9010
8542
6624
1841
2982
6630
6547
2403
2715
8147
4171
6121
2285
99
5666
1479
5443
685
2393
2364
704
2966
2215
1080
1616
510
2074
998
8864
1388
2925
2745
4101
6892
4901
6509
5699
3194
840
2770
5926
2689
5568
947
1866
8695
2120
2709
6591
2146
8524
2173
2134
3334
6612
2897
6835
2043
34
8387
3668
5282
3489
5693
2231
5254
2383
1973
3210
327
3238
1184
3649
4432
7979
2344
6436
7038
743
5398
2669
750
1876
1581
965
1196
7748
1839
991
5161
7260
5850
2572
8169
2545
5888
7817
4427
2078
8462
3936
4241
4079
1449
507
131
5556
1095
6408
3292
4290
1497
6768
2046
3428
2494
3900
2860
1218
1085
742
5588
6162
2442
2429
278
95
2624
4401
2843
1028
2674
2433
5548
1702
1017
2892
5808
531
4251
1750
3152
16
1631
4515
957
3604
2409
4945
3071
1972
3799
2197
2634
4632
1804
1428
4375
2582
2983
2802
2609
1531
7919
5395
893
8157
1047
5655
2310
8609
348
1033
5218
6243
7034
8720
2221
5795
2990
3113
6242
4153
1909
5489
2570
6684
4885
6513
2415
6977
6932
6116
4045
8629
5291
2753
824
3584
7990
2986
2799
5625
4177
7484
5952
5365
3863
2038
5440
2581
793
6084
5825
6566
7155
2858
6383
896
47
2284
4016
4936
2327
2548
6132
4878
3710
8133
5840
8799
3344
3615
3479
4238
8712
8831
5097
3639
8612
8525
5122
2434
3761
2481
1788
678
6039
892
7415
7481
8920
8914
580
2440
5114
8273
2082
6021
6703
7208
1660
1699
5214
962
7099
1078
3140
1649
5346
2535
2350
499
4135
6550
8616
1010
460
4603
1549
1612
1929
3176
3438
6047
4895
5352
1508
2347
6473
3996
3596
1676
5572
2207
7130
3408
4844
6985
8865
3006
1193
2513
7107
2248
2776
4404
4194
1689
2660
2507
8840
3707
3924
7698
7445
3263
4639
8833
7587
3928
7944
3000
7789
4686
956
3307
2617
2021
135
8642
2204
5065
8781
997
7419
2577
5462
5558
76
521
6035
547
5710
7487
2832
2531
5834
848
6446
839
2004
7340
2465
2696
3456
4312
4394
3759
8625
2193
1295
8044
3655
3702
5538
6615
2567
6927
6571
4326
4840
482
5985
3086
244
8640
3402
8667
8979
1690
2183
6530
2039
6279
1500
4814
4605
6686
7897
144
1504
6464
100
1286
2178
7444
3431
337
6230
1686
6885
945
1041
2473
726
4680
7759
707
7211
1501
5021
3795
1130
5055
8121
802
1240
4833
1104
988
498
1135
2346
423
2200
7055
7078
1066
4837
4727
6800
2130
5553
2956
516
1779
9004
8795
9001
3199
7135
6896
140
721
550
2128
3016
2594
461
2534
2366
1429
2630
6140
1192
2398
419
