item_recommendation
25737
8571
7872
7541
8327
8093
8360
7560
7697
8447
8253
7613
7636
8117
7478
8225
7669
7437
7782
8033
8420
8743
8385
8522
7234
8859
7938
5159
8899
7914
980
2659
5909
7186
4873
8961
6728
8070
8183
5723
4577
8661
7738
6970
7753
6826
7649
7786
8008
6355
8403
8056
8154
7802
8998
3188
3232
4550
4366
8376
8136
7263
3324
3368
8207
3875
731
6918
8709
745
6612
4941
6365
6609
8462
8751
5765
8003
4821
6314
4437
7881
7728
3127
3417
8596
6579
4584
7245
8665
4731
1003
7394
6091
3668
6748
659
7407
7976
7888
4171
3816
8290
4391
960
2062
6390
4915
8879
7705
2647
3263
7587
7944
3707
3928
4639
8840
7698
3924
8833
7445
6932
2660
4923
8689
8670
8642
4251
3307
6559
5597
4079
129
6178
8654
1437
6630
3869
7299
8920
9001
5729
3795
7038
8477
4936
6242
4417
3882
5449
4801
5810
3251
6636
733
9004
6073
7293
7126
5611
6195
5017
2300
6744
626
6143
5515
4895
4404
8261
2374
775
7195
6676
695
3235
2780
6535
6985
8499
724
5198
5834
6743
8772
1523
266
5585
3377
2418
492
966
7502
953
189
3714
7619
8684
7189
4262
1562
5117
8604
7932
6920
7831
8167
2617
45
6850
5164
3702
5473
6114
6892
232
5952
8453
6395
3256
4153
7894
4782
6493
6132
6658
1046
7481
5980
8410
6154
1288
2897
7171
4432
3218
5033
2622
5165
2769
1021
8914
1024
1006
976
5825
8589
3351
8819
7809
6624
656
2799
1767
8235
6521
4290
6981
8700
970
6568
5433
986
2982
7748
3028
1187
1907
955
5365
1507
5742
4066
7180
3456
6140
7878
7204
3281
2394
2516
2860
4076
5498
2478
8848
4121
725
4984
526
8745
6550
6498
5329
3693
3584
3819
6760
5936
965
5558
4920
6318
2415
7135
3207
4945
6148
7792
3649
76
984
3632
6751
2407
48
5134
4638
9018
951
4600
964
263
2775
5012
4162
485
6840
4987
6703
1624
8761
2347
2981
8507
5008
5458
6957
5548
5312
1744
101
7107
4666
2937
6440
5568
1517
7121
3587
8187
5815
8827
8923
4033
4166
8979
1012
6562
5588
8984
2340
2772
8142
4045
7282
998
1771
3221
8482
647
274
3799
6718
4765
5839
7577
5021
5850
4885
1476
1352
2331
969
6404
7826
5000
6183
858
3157
6832
1438
3489
4911
957
6207
1513
8636
7272
5186
5296
1777
2236
7016
6211
7771
2288
1870
1429
472
5009
7115
7979
5038
3805
5139
840
3394
5410
5715
205
5926
5210
8807
4761
1569
6591
1676
3428
1472
6254
1060
5600
8039
4736
880
1057
1173
7444
5489
535
6650
7789
4228
6116
1484
6774
6077
4925
962
2496
4706
7624
1225
7817
741
4809
5689
886
2409
2798
6902
912
3113
3964
5752
4840
2366
935
2212
5264
7995
6123
844
8580
8511
5940
3540
7897
4649
4844
2581
5291
6021
1135
4086
4696
6375
5843
6186
5177
1295
285
93
2688
6243
5413
6724
7415
3199
8044
1590
6643
4316
6260
2900
5791
7840
5470
5662
6858
4795
6927
3420
8977
6084
5947
1812
4270
4414
5146
1317
5214
5288
6502
1042
5553
5254
9012
8591
5853
6803
3804
2686
2078
7228
6739
5693
7130
5965
4555
2605
6690
7818
947
2404
4876
6027
144
31
6322
1515
5641
6294
4135
735
1816
720
7484
6974
5168
994
1581
2227
380
6383
6686
2668
6547
915
5772
4608
6798
990
6835
1145
2961
1834
1367
7254
5882
1020
7211
6516
3125
5675
4247
6531
6856
5275
8131
3160
390
6944
1419
8524
5203
4246
5808
888
2458
7990
3370
6473
3334
8629
3408
5699
8854
5348
3402
4709
2793
4389
7089
4658
3889
1161
954
4846
6422
3845
8574
8451
8781
1739
2038
1844
6400
4108
5666
5398
3936
4241
7260
4893
6408
7215
5250
4686
6513
4901
522
4139
5768
1004
2433
8607
407
1342
218
2621
996
6329
2173
1047
4051
2832
769
7059
6996
4342
1531
4740
4296
5352
6669
5530
4427
4326
2959
8268
4088
3034
6906
4101
8042
4814
3156
7311
2154
6446
7569
7492
6525
7386
4903
2473
3194
1508
8777
4401
8009
111
4511
1715
3213
4605
6966
4748
3210
5193
930
1281
6887
7380
5795
2859
2004
4440
5323
8675
6185
6283
7355
7844
6615
7843
7706
6617
5655
5125
7815
7034
8542
3913
1358
5179
1019
869
1040
4663
7487
8882
5285
6433
1026
3608
3357
5271
6367
7056
5521
2482
8943
5985
2517
3916
8199
100
1248
1636
5298
2500
5269
5784
5556
5443
5564
4558
3387
3534
2241
8810
8699
7841
6684
1810
2935
4718
678
499
6458
6757
788
6261
7759
5888
5672
7022
401
2741
154
6659
1147
6782
1125
6768
7078
1032
5633
1455
196
2651
6047
3081
1017
7340
6695
8633
981
3284
5389
6977
6031
8616
8892
892
7055
968
5732
7346
7583
1375
861
6862
7011
3604
2318
714
5945
7222
4967
6777
2442
5836
802
4830
2436
2853
3152
2475
3238
8484
2521
6234
6042
1535
8730
750
4016
3798
4738
1518
3751
893
2534
1891
8640
5053
1078
7250
7208
6276
5101
1209
8903
6940
4861
4332
4304
6964
5628
8650
8795
5055
4976
1104
6051
8720
6628
5572
7720
3093
5226
2912
6678
6035
3860
6012
6791
5170
6231
4652
3434
8366
4849
2493
4836
531
1526
2609
6286
1822
1788
4503
8275
2696
7316
5832
4859
4420
8695
6721
5923
7219
3024
2709
961
8614
6000
4477
3508
5241
2183
3895
5466
2513
8911
6518
8988
7142
6348
1690
8768
5333
1516
3880
6565
4267
8121
6480
7419
5080
881
2548
3868
1580
6776
4947
1112
6880
15
6100
5046
3996
5684
7099
5864
3163
3503
5605
6331
7439
3758
7899
6762
5400
5544
5282
3155
2779
3759
4188
4386
2346
7315
6470
8387
5382
8910
2745
8273
5801
1337
4878
5819
2120
3140
6121
6103
8722
5735
4486
2186
7919
2699
2188
6942
5913
5243
4462
288
6800
5119
7090
5873
875
4310
