item_recommendation
25737
7872
8327
7541
7697
8093
7613
8117
8447
775
7437
8571
8225
7669
1513
8290
8183
7914
8360
980
401
7560
5515
526
647
1523
8033
5159
1744
741
8403
8253
5410
8772
1562
1003
7728
5597
7636
3232
8056
285
828
888
8499
1816
5264
1515
129
1580
7478
1046
1317
8596
798
2227
7782
407
2686
8070
5662
4740
1907
3235
1767
1639
1812
4830
5198
5186
1120
4795
1507
858
2935
5288
7878
6091
472
8636
6073
8684
8235
321
6579
1777
2212
5742
1111
8420
2779
6154
6365
745
8154
6902
718
2769
7738
2761
7802
1631
8477
2832
1652
5715
4731
5033
4550
3368
8899
6260
5675
960
5768
2241
48
9012
986
535
5968
8591
8003
1145
2504
885
5853
4696
4262
2159
232
793
5008
5489
984
733
6121
5723
695
2200
7245
3150
5177
1831
731
626
5282
266
8410
2427
2668
6918
8699
2605
7649
1352
1739
100
8743
2786
8580
5312
2236
140
6751
7407
7976
5765
969
8167
8207
1696
2976
2688
5161
955
4414
7293
2815
4727
523
4658
1535
4649
735
4316
6355
1870
3086
8661
4765
1059
45
953
6178
1608
8879
869
3238
8777
2340
7282
2288
5117
4076
1721
976
2546
1783
7394
1750
990
1852
1472
2687
963
1053
2745
8385
1844
6835
725
4246
1819
994
1590
5625
5936
3604
8607
5641
3575
1057
6493
833
2374
1794
2966
2798
202
6896
3854
6513
1024
1525
8943
3354
5053
2956
2983
2582
4417
1711
8522
6760
4600
4016
996
1688
7254
105
2399
8761
1006
746
1288
213
2835
474
8720
5498
2155
5839
5655
6498
4809
1453
840
6404
2801
5611
3489
8807
6803
4680
3324
2772
328
4166
7753
3211
1125
870
1771
966
427
1363
3889
5055
872
1099
2062
2981
1196
1042
9018
4967
2689
1013
3194
1657
6559
3210
8136
8376
522
1192
6768
3522
1497
3759
1508
6436
8524
4782
527
7771
816
2441
678
886
7831
1073
6676
314
6970
3402
1552
3152
7171
2982
893
6521
4976
2204
2829
1549
785
3875
968
719
2327
6547
2497
1060
5815
8998
5275
5752
5735
981
2531
2120
4101
720
2481
2704
4584
2892
2860
5666
2496
4821
1184
3081
5710
3871
3420
7234
2243
2766
1078
7186
2494
915
3133
8819
135
5699
263
1582
7938
5732
2383
1980
162
4462
951
3758
2342
4095
5729
1004
881
864
1866
5363
2843
8275
7995
1501
2596
8848
879
1161
1959
1707
742
724
6774
5466
2186
2741
2572
4401
4920
5672
1017
964
1759
2248
3388
6294
507
5243
7419
1997
3377
3281
291
2128
5400
1218
6195
4121
3869
201
748
3213
2866
2398
4577
848
1437
2534
4634
3042
2633
1063
1233
1388
2789
2393
1226
161
2285
2364
3068
3005
2922
1131
101
1730
6341
4984
1020
2215
1080
167
1204
3177
1616
2403
2074
1186
3134
3147
99
510
918
2715
306
704
947
516
2548
8629
3113
2300
2937
4638
875
2659
8542
3845
1909
970
2567
454
6684
8859
861
4420
6718
2600
2465
561
3359
2696
1951
6422
47
5518
2325
6375
2473
6509
912
1281
2149
1047
2912
3357
6706
2195
3016
1085
3608
5
7619
5080
2681
3093
5689
2146
278
423
1026
7204
839
5203
5139
1036
6963
6225
4263
4645
1556
6464
5365
5462
1187
5038
2858
5170
348
2090
2429
7346
1873
1092
3051
4861
5254
1860
656
1839
6318
3819
2183
973
5443
8910
4923
1104
1394
339
5795
1021
6826
3006
892
8977
1320
4312
461
3071
1972
95
4458
4686
750
5375
2521
2634
8387
6728
3816
7720
543
3173
1010
4914
5222
2347
5588
3284
205
3656
1132
1841
3996
8142
1008
2513
743
991
6286
1331
5398
2752
2439
961
786
7822
1624
8366
938
144
714
6035
4833
7492
2385
6800
2284
3334
3127
4636
7228
218
824
4051
4290
1032
1225
2415
4761
1147
7919
5034
4929
5003
5685
685
5826
4987
954
8865
6645
2184
865
1690
4241
5304
5684
5572
5909
7078
547
8039
1586
5323
726
1647
7272
2445
4440
1821
2990
6331
1095
8838
8768
2975
4391
6207
6243
4980
1667
2770
6658
8966
1617
8835
5401
8955
7309
1929
707
1033
6232
1286
8482
34
659
8640
8261
2642
8451
366
2753
7099
2946
8670
558
387
3500
8949
8921
7198
5285
5696
7235
8828
5056
5670
3499
6060
8147
5847
3957
5836
8985
8882
2640
8872
3497
5746
7702
3654
4834
7208
1779
599
945
1209
1135
2039
2986
4296
3024
4999
121
4511
7260
215
177
528
5012
6754
8197
6105
8371
6432
7063
6732
4104
8610
4300
6887
8672
8123
5440
1346
6827
4524
2442
1689
4105
835
934
5319
5693
1404
482
7705
2134
2793
5700
5002
5796
1641
3851
3041
1699
3936
3140
2440
171
6047
5980
1970
2594
5888
3611
832
8827
4033
6143
2730
6056
7020
2173
2985
1030
550
4228
3430
3163
2478
1715
1702
6678
2282
5686
5004
5577
5517
5001
7791
5667
7947
5678
5373
5680
3399
2780
2609
880
5346
5940
5291
3584
1367
6856
2043
4515
6584
4612
5538
6103
8633
1880
2091
8751
4846
4659
6533
2570
1836
9010
6851
4832
3491
4677
7153
8372
7017
6852
7357
4994
4889
8785
3825
8423
5736
8158
6342
8582
5690
8130
4450
8138
4477
6977
7932
4437
31
6271
8654
1040
1076
2154
1014
3241
8781
327
6470
2993
131
2458
4399
2203
2437
2371
4349
4428
1686
7012
8589
5832
6985
1791
1012
3096
1428
8695
6390
4885
3292
5017
4873
3852
6530
5329
460
7577
196
2178
8709
1726
2400
5210
1500
16
6116
1018
5114
5850
2820
1123
7826
957
7759
6892
1150
341
3007
113
520
2295
3649
183
4153
6743
5193
2669
2774
1130
5772
422
5356
1531
5418
32
866
688
3766
805
905
2118
6624
1482
2231
5553
2468
8576
6314
8961
907
3008
4194
2500
4191
5808
2506
4532
193
4284
