item_recommendation
25737
7872
8571
7541
8093
8327
7697
8117
8207
7914
8253
8183
8360
3010
7613
7802
8225
8033
8447
8420
7560
8070
8522
7437
8477
2961
5765
7669
8290
980
2775
7478
7782
5159
6178
7649
6970
8261
3232
1834
7636
6211
6073
2558
8056
2388
8235
6195
5515
3368
8743
5772
2618
5980
8661
1003
6154
3587
626
2069
731
8684
3013
8859
7938
2659
8154
7932
6579
6365
2300
8899
775
7234
7407
5689
5729
2062
3235
6355
4911
5825
7881
6395
8819
8187
5909
881
8403
998
8596
8499
7728
4366
976
2589
1744
8772
5556
986
5784
7228
5269
5312
4941
1317
964
7245
5742
984
3377
8998
7577
7492
1870
401
7995
5723
2154
4821
1580
1907
962
8385
4577
5410
4550
8709
4088
1739
5008
8451
2605
5264
6077
9018
7272
6493
8654
745
5198
5254
6636
2761
8003
3816
5134
8761
4809
5470
8376
6091
8136
8879
2575
8410
2668
2686
6728
3051
6559
1777
858
1507
4246
3324
2212
2935
5139
8722
1788
3875
7809
8903
1295
5177
5597
647
2159
7282
1562
1437
7753
3081
4600
7738
2004
3093
2981
4782
1722
5038
7789
4731
6918
4432
4437
5413
7186
8961
6408
4873
8675
3334
1515
1006
8167
3489
1783
4584
1721
7260
485
8665
3188
951
2169
5666
5398
535
8604
4241
3936
1816
1145
3417
4171
5791
129
798
6826
4251
960
5787
718
2427
8943
2647
1812
2288
5715
6314
1852
4748
3608
4920
1472
7979
4945
733
7299
5808
7293
3434
3408
2407
1288
3127
3028
2786
2982
8633
7038
885
695
5352
8607
3281
6148
2937
2273
5443
4076
5839
1767
8636
5296
5662
3292
8482
1513
5193
2793
6390
4923
659
4262
2478
724
266
8462
8157
969
7786
1769
5707
5433
2780
5936
7976
5834
6902
205
6140
932
7888
1831
1225
1804
8848
5850
4121
990
5348
1523
6630
6609
1125
6260
8629
1053
8751
4740
8777
4801
2772
3668
3089
3150
48
3060
189
741
6383
8670
1046
7444
8914
285
8039
1076
8920
7944
8833
4639
7587
8840
5186
6279
4153
6850
7445
3263
3707
3928
7698
6932
3924
6658
5288
3370
2660
2699
3819
6051
869
6446
880
2350
101
3868
2912
2227
3882
267
6751
8589
5611
8795
8642
1476
7340
6612
2676
5718
656
2769
1997
1363
4936
4079
5179
9001
526
2374
7934
8484
7831
5853
7101
4383
872
6404
45
4932
2507
1959
785
4638
2966
3140
4139
7878
8689
8121
1624
6760
5846
2617
2704
725
1549
2207
1320
8524
6525
8977
7204
7815
5693
3066
7254
3702
1608
2236
1696
8511
955
1303
5226
7139
888
953
9004
5815
8827
8699
7897
183
5655
3307
8336
4284
7894
2560
4716
3795
8853
7619
1529
1873
3780
2155
1021
2843
5202
2752
970
3404
2521
1569
2832
5117
4761
1187
2422
1444
4273
915
4830
1479
670
4709
7250
6624
3643
7121
7177
9012
8591
5675
5768
7502
1063
6690
8807
2696
3251
2120
8273
8910
7899
1759
6482
5033
2922
3147
3134
3238
5114
816
5182
2766
2399
5843
4765
4815
4895
162
2866
4947
3913
5926
3177
161
1204
1186
3068
1226
1233
167
2789
918
3042
3005
2043
306
3879
6484
3176
2596
410
1077
2403
510
2215
2860
3428
2633
8979
2439
5777
3653
6101
6473
2798
2325
4378
3546
2715
1080
1388
99
2074
2364
2393
2285
1616
3036
1004
704
735
2939
4865
5315
2418
8957
5810
2697
6323
4465
3661
5506
4140
4175
3664
5283
4459
5505
5841
7117
5450
4745
8196
5300
5694
3618
7199
4767
4018
3695
5231
8584
921
6793
5682
8363
1610
7083
5792
3673
3714
7126
4404
5404
3211
5544
1841
4921
5365
2496
4703
2511
2708
7115
3398
3552
4818
8616
6037
6476
3693
4960
4795
2476
278
1367
2032
8528
6387
8544
5299
3771
6936
3476
6332
4749
5366
5255
8611
4464
920
5066
5057
6228
8970
2106
3679
4381
6238
4403
4975
5995
5111
5994
3943
6468
919
6250
3992
5705
3897
3835
3326
3788
5417
5428
4475
3276
4411
3194
650
2448
2826
3264
4619
6155
7394
3564
3677
2828
4964
2883
6000
5010
6022
3425
2548
2835
2897
2147
1024
7487
7099
4440
6318
5291
4570
1970
2528
4971
5498
196
2194
2858
47
1750
2546
2687
965
5101
2523
1012
4893
2164
4652
5699
8892
5218
2306
3889
258
1844
6641
95
582
2078
6985
2983
2582
1951
4970
3649
1184
1059
1268
6513
3805
5538
5604
8580
8542
2429
3632
2191
4989
3349
7792
7263
3210
1730
5323
1581
232
1218
1771
2516
7348
492
5952
4194
2634
1972
3071
3284
5473
135
213
2884
2581
327
753
5224
1095
7078
6595
2664
1196
4987
750
2486
1209
3545
6162
1042
1702
700
507
5421
4051
3218
1689
2688
2753
4632
7123
5108
991
6429
1147
4710
5308
7705
7892
4312
824
7192
1057
5795
2976
1020
6440
1085
1791
5449
2305
3412
2347
3786
5146
3584
2600
2799
2178
8625
3387
1715
6031
966
3357
1929
6744
2394
1859
746
1575
2583
547
3213
2975
879
4095
3169
5968
6803
2072
472
2039
4854
1713
7415
4587
1429
1796
3256
1130
3113
251
3041
1909
5046
3006
1508
886
348
2335
4626
1636
4316
4861
5888
5641
1060
2936
7016
6431
6835
4278
8453
6273
5438
2173
947
1104
7840
3604
141
8491
5747
131
2197
3401
1586
6498
7817
6568
7990
4055
1517
2146
1026
2946
3540
1132
2082
4984
2956
4552
5568
870
6121
243
7107
1404
2383
4462
7458
113
5018
2284
6547
3024
218
1785
994
1668
3996
6927
2864
4310
1688
4060
8268
1784
1438
2385
4737
2186
8008
3515
4414
4846
1028
3634
5585
1819
938
2570
6695
2571
912
1017
8720
2340
1428
861
2986
4848
4162
2318
834
1531
685
6957
2990
263
1286
2621
1120
1111
4033
4420
2046
907
155
714
1876
6294
875
864
3001
948
4039
6703
3253
439
5065
1040
4769
5832
