item_recommendation
25737
775
7872
7697
7541
8327
8571
8093
980
8117
8183
7613
8447
8225
1003
8360
976
731
733
741
8290
1513
7669
745
5515
1515
5159
986
8403
7560
7782
7437
750
960
7914
984
968
626
1507
4550
8899
8596
735
8033
5723
784
8772
2686
8253
8499
6154
5742
858
8743
401
7728
5008
1812
1523
1014
748
1831
8154
7636
5662
6073
5186
5312
6970
1317
8420
6091
2769
4649
724
937
969
1053
6260
8207
1006
1739
4731
964
725
8636
1008
1046
1744
695
6902
994
7878
7938
8859
5264
719
886
5765
2668
5715
8376
5410
888
833
5768
1870
9012
5288
8136
5675
5853
8591
2937
1777
1042
6121
3875
2659
413
3324
7649
963
291
951
6178
2688
973
893
2982
2227
990
5597
3232
535
8522
8661
8070
8003
526
785
828
1021
3235
479
101
7478
2300
8580
266
1125
4316
5198
6918
1907
4366
2798
938
1040
864
844
8410
647
7234
981
1624
1288
2605
8998
129
4440
4076
2546
4795
3188
2912
4740
3816
786
2772
4821
5666
1020
885
947
1030
2186
798
1004
1816
5655
1132
5729
793
746
1057
5275
869
285
1012
5834
4584
875
1819
1059
4153
915
720
6493
955
4941
4638
912
276
48
2183
2347
5365
6314
1037
8777
1750
6513
7171
461
7802
2687
2741
5752
7407
5323
5282
6355
1562
3368
274
6751
961
5710
4437
8961
1771
7831
1631
3851
6579
4801
8699
8720
5732
5498
953
8879
2120
718
743
7254
2780
1017
2385
5363
4923
1508
6225
6835
5177
2473
1026
5689
3238
998
3489
5839
1437
7186
2761
2976
6985
7204
3408
1099
3194
2440
7245
5053
6728
232
5936
2428
275
2832
3702
2935
4967
2513
2647
1104
2651
2801
4079
2993
4765
8056
3417
3307
5038
1092
3604
1690
2696
2689
1088
2504
1497
13
5466
3751
205
4016
3584
5611
2496
4830
3051
6103
5254
2481
870
659
6826
4577
6630
3759
1078
8477
2548
1501
1147
1581
726
141
8665
1060
5398
1187
1688
3334
4420
2956
8385
4241
5139
7260
1721
2441
45
6760
1767
8629
3936
218
5055
970
2983
2582
8607
3500
1580
4976
5968
1472
4246
8235
6294
2815
6436
8943
2786
5375
2288
1394
8848
5443
5672
8142
1608
5815
3377
6547
1852
1010
6404
5699
6047
3086
8807
3758
6676
1783
2236
996
880
5795
2521
8462
2829
3081
5161
2427
2669
6035
4600
1980
2770
5641
6803
2415
8524
6408
4727
4380
6774
7771
8709
2835
4401
1834
7753
3611
7293
1111
3359
5735
1032
1192
6232
5572
2534
5693
7078
4262
485
5291
2654
8882
1876
4873
2572
7786
8761
1024
2892
5285
4404
6718
6498
6612
7502
4263
6684
6286
1696
2118
802
5356
5808
4251
8542
2159
6678
1161
5625
2212
8275
7346
2966
8654
6422
9001
8768
7888
2383
1047
1525
475
528
656
105
3150
4312
202
4782
965
2134
7881
5170
5909
8589
1951
3388
1363
5836
1209
2478
1582
962
3284
5772
7822
6963
2342
15
2764
1517
4450
6706
472
8147
5243
3428
6896
7419
3668
6645
2184
5400
3880
6341
865
6768
8366
5462
2981
5696
5684
8840
8833
7944
4639
7587
2407
1822
4980
6331
6375
7198
8920
2399
6887
7919
1367
3456
6464
4477
879
1429
7063
7235
6432
8610
5670
5056
5034
5685
6105
6754
6060
8949
8828
5746
3497
8123
5826
4300
8921
8672
5401
4929
4104
3957
6732
5003
7309
4171
6800
2793
4095
8197
3499
2640
8371
3654
5847
7702
8872
742
4736
2660
5940
3575
4228
8966
8985
2241
4984
3402
816
4809
6584
5458
7357
8640
3292
7698
7445
3707
3263
3928
6932
3924
8130
7153
4889
8785
7017
5577
8582
4832
3491
6342
4677
7947
6852
6851
6509
3173
3127
474
8838
5002
5373
5667
7791
5678
5680
3825
5686
5690
5517
5700
5001
4994
8158
5736
5004
5796
5418
3210
189
1617
3649
8684
7272
8955
4349
2248
737
8642
4981
4834
8423
8372
892
3522
8835
753
1500
4432
3211
4999
4861
4833
1636
8138
3819
3125
7012
155
3093
3889
3241
4878
2146
762
3096
6530
4696
4101
4428
6195
1056
2570
2046
1762
327
4680
4105
2617
6609
896
4043
5888
2494
2398
337
1013
1225
2866
3357
1959
2774
1518
4936
872
5085
4718
6827
999
8261
3495
6470
8689
6533
5553
988
7894
3113
954
4987
2009
2340
1084
5832
2155
2766
5167
2082
2062
5352
1660
2465
1997
1145
1135
881
7208
2699
3218
4996
4532
4326
162
1018
1805
5218
2633
16
5203
1011
3656
2715
1080
3177
1063
2364
2403
1204
99
2789
1388
2215
3147
1186
2285
918
1233
1226
3042
3068
161
2596
1759
3134
2074
1616
167
2922
3005
704
3795
510
2393
6744
9004
1346
306
2078
6207
4903
7738
7394
3140
945
7764
2621
3805
3354
966
2418
6296
2325
685
1788
1286
2600
3487
3338
3358
4658
1301
8638
5556
7619
1184
1504
527
1873
2985
5117
1715
1036
5649
2173
3281
2439
3452
3996
4895
531
934
4911
7038
6390
1730
8977
8633
5449
348
6365
5504
824
2858
8042
2827
7263
499
6025
6730
1909
6671
507
765
7282
2975
1652
8451
5346
3028
1019
1841
2438
5810
6450
2730
322
1218
6186
8819
4290
313
1836
3753
4645
2843
728
1860
2880
1358
4045
3159
5199
135
3959
448
4162
5419
201
5241
2327
95
5980
4414
2154
2634
196
6243
3006
1023
2775
6368
907
4888
3262
3784
3714
1794
4979
47
7126
3892
929
4643
2990
244
8167
2090
2639
8387
2482
8910
3608
6318
840
2429
2467
5135
278
171
1085
2493
2368
5092
8670
2374
2458
5193
2500
4284
1095
1152
764
4273
3587
2799
4462
1331
3155
1689
140
1972
3071
4925
1196
2043
3251
2416
2938
992
1031
6383
2796
957
492
3852
405
4761
144
213
2925
2594
7792
5857
931
2897
778
2898
2573
113
916
1028
