item_recommendation
25737
8327
7872
8093
7697
8571
8253
7914
8117
8360
3232
8033
7541
7613
5159
8290
7437
1513
4830
5008
8225
775
4316
4795
1767
7802
1562
8183
5515
8447
1739
8056
8235
8070
4649
1831
1317
980
3235
2605
1744
401
1943
3086
3324
5312
741
1816
7669
8684
2212
3010
1777
7560
2288
731
1812
2935
4246
7728
1907
6178
9018
1145
976
2761
828
8420
1834
2159
4861
2686
1580
2154
4550
4731
7782
3150
3604
2786
885
2069
5346
5597
5641
3649
8167
8772
718
2659
5264
647
1631
2775
1437
3816
535
753
798
1523
6260
1721
986
1363
2745
2769
858
678
3173
2504
1696
1003
2227
2558
4101
8499
7478
7636
213
5498
3368
2832
1870
2668
6579
8477
4076
1053
861
4228
1161
4584
2961
1783
2681
2427
2829
8403
2639
4515
4401
3357
8819
685
1196
8899
1852
4642
3194
1951
896
4987
3262
3784
929
5199
5375
3159
4888
3892
4643
2880
2796
8661
1608
2388
3133
1111
793
8743
8154
1472
8039
5198
3759
1804
888
6918
4941
5850
5161
4166
2835
2976
8596
2793
984
2546
7228
4696
869
998
5053
4963
4782
1320
285
2148
2704
2327
6073
3402
1873
1549
881
5936
1059
3377
7234
5611
3051
6031
1507
3358
8522
5745
7932
1063
5288
3081
1535
2966
969
4920
724
3646
4098
2399
8607
7649
2082
5186
1515
2514
1997
1057
6225
1135
454
3211
3152
3210
4765
405
1959
4016
2169
5599
1730
2467
733
7938
306
1552
2570
748
960
387
1394
2300
964
2128
2575
4262
4873
2521
2990
7254
2792
1352
2243
2219
3575
1771
8636
1288
2155
2422
1844
2843
714
47
6493
5304
3068
918
161
2866
2074
167
2364
3042
2715
3005
1759
2766
1616
1388
2789
99
1226
510
2215
2285
2393
2922
2403
1233
2633
1186
2596
1204
1080
3147
3177
3134
704
6154
1711
848
3889
8859
8410
5410
95
2325
1556
8003
3093
1218
2146
4740
8761
872
547
3188
875
507
2120
2647
162
5980
2772
1209
3801
4414
2429
2981
2858
1841
5723
129
5080
1929
5117
2334
267
2688
4821
7293
6162
923
8482
2496
3006
1295
4437
1099
5839
2582
2983
951
2494
4045
2195
266
278
1794
5046
3071
1972
4355
6103
8511
550
8879
7407
5335
5630
6970
3522
4399
472
3521
2439
4312
516
6902
3702
2078
3848
2374
5765
1184
4111
2985
2634
3013
4833
2628
991
1479
6243
8376
8136
3819
3338
2478
2975
2043
735
2340
474
7878
707
2066
2600
2567
2618
34
2465
4458
3852
3926
4563
2780
1085
4673
5356
526
4638
879
1225
6559
1073
1784
1006
2779
1970
5055
5853
962
1187
785
131
3354
1690
84
2946
3875
990
955
2864
1779
3417
4349
7160
2342
6365
1428
1796
745
2204
949
5033
1095
659
816
3199
3359
1653
4658
1750
1078
3213
2583
4577
4552
1726
8207
7016
2674
2689
2950
5992
2986
1120
2937
4680
1860
4427
2039
2817
1652
1688
1336
3735
2687
5662
838
2589
945
3028
1689
1624
2200
8524
8943
4002
4846
1707
4121
626
886
667
1033
8665
2669
5433
5324
4394
3163
5275
4803
2284
4039
8491
1493
4366
2385
5218
4761
3113
8591
327
695
5729
2822
2178
1948
8892
2062
4809
700
3388
2798
4005
8827
2335
6826
4691
348
7619
1103
5323
3831
2383
719
8484
460
1235
3024
4848
2090
3250
431
8979
7897
5226
8675
485
808
189
2770
2407
743
4511
2753
7976
2912
2091
2052
6513
1839
7840
1004
232
5675
5742
5715
9012
2572
8616
101
8807
121
4190
1438
7753
4792
1130
201
8709
144
893
4194
4051
746
105
4801
135
499
205
580
824
864
1598
6751
6728
1125
3800
7995
4255
725
6835
4319
202
8961
5710
1150
8654
5768
5603
6000
1013
3758
6378
7812
8057
7192
8813
4090
3038
8915
7150
7492
3515
4688
3266
3467
7136
1131
2318
8254
1285
1046
5909
3996
350
4911
2507
15
8633
2186
8689
1047
2144
1453
5993
5608
4717
4237
8866
2473
3698
6760
5568
3910
71
1104
7458
8042
8625
2295
6240
3016
2424
1408
656
2901
3885
953
8777
8699
5527
961
8871
2982
2820
4774
5795
6077
6121
8910
8451
7161
7130
1667
1192
1333
7456
2241
8462
7204
1028
778
2609
2271
561
1544
366
1497
3430
3125
4895
4354
1466
892
4718
8977
8187
8531
2801
4095
2815
2694
2782
6636
8920
1978
2721
5955
5562
4296
4171
4388
3863
3435
1286
2497
6091
6442
3668
5968
2741
6355
2248
113
8903
4923
7892
1017
2004
2273
1132
1482
372
5926
1440
2282
2207
4568
6314
7738
8808
1349
6368
7762
300
7038
6547
6426
1365
2532
5092
1040
1901
5254
1401
1545
2203
1836
2182
1081
3008
7282
291
5735
981
48
258
4432
3176
8617
5282
2188
3927
742
934
7585
4369
3055
7888
1517
947
2654
5625
1981
3572
5296
2700
1212
4719
1042
1554
4293
1018
1980
5834
2816
2275
2046
183
2541
5038
2649
4462
2696
1230
2173
7415
2752
3805
541
5413
905
3420
1030
43
1456
835
5009
250
950
6498
915
2551
1859
3238
1024
5815
6242
8580
2021
288
8268
3256
2860
1925
589
8014
2840
907
45
5365
8542
243
4440
7096
4531
2794
4976
13
1722
3041
6400
6331
3064
966
4866
4645
5693
3011
5069
1657
2535
3128
1746
3408
2134
3843
2517
3325
1060
111
954
2350
4980
3007
4491
5103
1301
5699
1171
1582
1449
2534
3391
840
1909
3292
8838
3804
1715
6237
4448
3019
1422
1729
7786
2565
1891
2959
3860
4351
7894
866
963
4965
2553
2085
1569
1374
3127
8751
5752
1586
1035
3465
2432
2451
2324
2557
420
3656
1378
6927
854
5604
2176
6609
2197
1699
2962
8670
493
1020
3540
2351
7419
4248
2458
7208
1464
8720
1032
2445
3751
3089
2617
7055
938
5952
805
1076
7186
1325
3218
3296
1639
