item_recommendation
25737
7872
8117
7541
8447
8327
8571
980
7613
8093
7669
7914
1523
8183
8360
7560
48
129
285
1003
7697
8420
775
1513
535
526
960
8225
8207
8522
472
695
741
745
45
3368
5515
8253
984
955
8154
1907
321
100
3232
8661
407
1046
7782
1288
969
5410
7234
8899
986
2288
2659
232
7636
8070
140
8403
3235
8385
5198
7938
1515
1352
4809
733
101
888
266
647
4658
4740
1024
1744
4414
951
4795
3604
6826
7437
8761
5008
1870
7186
8859
735
2300
8743
5264
2374
3238
626
8033
953
1812
2605
8290
1187
2686
3324
2062
2212
2340
3210
981
858
6365
8879
522
1006
3522
1004
1767
7649
3854
976
5159
880
990
2780
2769
840
1771
6521
2688
1816
5312
1053
6728
4821
4076
8003
5117
2504
498
8235
1060
6091
8056
1013
2227
474
1525
7619
196
963
1394
8910
314
6970
2496
5
2415
964
954
7753
3575
2241
881
870
5161
725
966
7282
1777
7407
3871
8977
3113
6195
4079
731
423
5909
4316
1021
422
5723
1844
8477
6579
3377
7728
4731
970
3086
2829
5588
4437
5611
2937
3869
263
4645
461
2798
3799
4830
3751
3127
4638
6918
31
6318
6609
724
4255
8961
886
3388
915
4801
2385
6243
7802
1590
2497
523
8777
5489
5186
4427
5772
1132
1624
8589
1057
8684
996
8268
4600
1331
3402
268
5177
4696
218
3428
2772
7245
2976
1125
6835
1531
912
3194
1507
4782
8654
3845
1111
8596
4404
1026
5968
3188
1030
4246
3608
15
427
454
4941
1794
485
1012
2248
3816
7478
5053
189
4391
8136
8376
8157
3292
3875
8699
7738
5765
2689
8998
6154
1042
1020
4680
6798
2687
1147
3996
8665
1901
5742
4524
6390
4262
5139
885
1517
1017
6630
1581
6832
3632
171
3213
3354
7263
8499
1508
3489
2154
2531
4649
4191
4550
89
2860
1702
5689
1047
479
205
2730
8709
1367
2801
6774
3759
16
7293
2186
802
1281
4923
2195
6116
947
2609
2082
202
2793
3702
8633
3408
4016
4761
4984
4417
869
5787
5597
828
8670
1819
4401
6902
3430
3024
4319
6493
4987
5352
8772
2038
4290
832
4162
3157
7979
2236
3587
4228
7831
6355
7577
1437
2441
7394
302
401
1839
2669
961
5470
5971
4263
6446
4101
1330
1582
7878
4273
6211
1059
4584
872
5662
5226
5055
4727
659
4284
2546
5080
34
3584
994
720
4432
1980
3387
6559
8920
1639
5017
6073
2442
9010
748
5282
2398
742
5715
4420
965
5114
746
5834
3456
6777
8410
6892
5033
2982
962
2283
3357
4844
1078
4885
6612
5288
2752
276
5182
7881
7208
7976
244
8008
5164
4954
786
5675
1019
5625
6562
3160
5980
3758
4349
5193
6207
3093
6178
3307
656
957
6550
6885
8781
7096
527
3028
3668
2642
6509
5735
4833
3359
893
6143
3795
1831
482
2473
2770
7316
4976
8689
5413
5449
7818
3218
4337
2517
8261
7099
4625
4861
5729
4765
3358
7995
8580
1336
2660
6535
998
2892
6896
7817
2935
9001
8507
1393
1346
1295
3889
4511
4933
2352
5365
719
4380
6436
8642
7705
105
5243
861
8854
6803
1010
6751
6531
7944
7445
4639
7698
6932
3707
3417
7587
8833
8840
8462
3924
3928
7786
3263
2458
4366
2570
1209
5427
5134
931
5585
3852
2183
2506
7272
968
6744
1472
322
5296
8819
2494
2149
7894
8864
4914
4659
4033
2468
8484
5815
6547
2407
1358
8387
3805
4121
2696
93
8576
5203
5398
7260
5666
5038
1161
2433
2815
3882
6440
2347
274
328
7720
3635
6121
5810
550
3745
5839
2173
8848
5936
4051
8614
6731
2621
866
5377
8865
4980
3960
3991
3270
3619
3976
940
3626
2693
639
4342
1293
3547
4268
3723
4036
4274
3843
4399
4338
1826
3252
3563
3565
4184
4197
4291
3450
2799
2003
4603
7789
4577
8492
1834
1836
492
6314
2120
3784
5375
3159
5199
3262
4643
929
4888
3892
3649
6748
9004
7792
2880
6862
1652
6223
2639
1636
1192
4251
5518
737
6591
7107
6404
8453
8187
4375
3863
718
3370
6077
6260
9012
5768
8591
8636
5853
3176
1562
6104
4936
2089
4238
7583
3479
8239
3615
3761
4632
3344
8133
6566
8712
8620
8609
3639
2434
8392
8525
8831
7155
8799
8612
5840
5122
8169
8927
8228
5097
7126
1500
5655
4161
7764
2956
1016
3268
5808
6530
5356
4188
1145
2418
6985
7204
207
3913
4171
5346
3859
3431
8604
1438
4612
2521
1970
2796
7380
5254
3936
3334
4241
5165
28
2617
3714
839
3285
8629
1631
8388
7311
4088
313
155
2741
8827
1876
844
3500
743
561
8574
4678
6400
4846
2647
7748
5329
3281
4024
5440
2366
2440
6234
1087
4686
4177
1031
6395
5784
5556
5269
2912
5462
6760
3199
938
934
2966
1504
3445
2792
7771
4771
5464
2344
154
5443
5952
24
6225
1518
2368
1973
2404
899
2568
5341
4045
2334
1676
2204
785
3656
4895
2700
753
135
5460
1034
8943
2465
3819
2478
7121
7011
7888
275
5021
1612
3687
8722
3709
4728
7020
661
8131
2118
8984
3574
1501
6920
201
2437
5302
4634
4333
5637
4640
5463
5222
4977
4636
4676
5483
4662
5342
6056
6827
8142
1028
499
700
6536
1008
3125
7757
6658
5246
892
2335
1131
4519
8695
8903
1099
6977
726
8667
8167
7487
5672
1696
5527
1429
146
999
1569
1824
1380
1104
4963
5684
1810
3920
141
2331
2155
6279
7073
3338
849
3646
4627
864
6676
7038
2533
2981
2078
5265
5364
5236
1690
3947
2727
1476
7759
6513
4803
1788
6706
1580
2779
6498
2802
7990
7809
2371
8838
1750
1032
1752
4060
5604
6294
6768
3770
8720
6000
5825
2572
2318
3860
6791
1041
2582
2983
5218
10
1173
4605
6322
4902
4626
1018
3880
7299
2427
5699
2490
4903
3611
608
327
27
4911
8482
3216
2817
6408
5882
7254
241
2581
