item_recommendation
25737
8093
7872
7541
8327
8117
647
1513
7437
1562
8571
8183
7697
775
8207
1535
1711
8070
1120
8290
828
5410
7613
1523
2779
1552
7669
2243
401
5515
7560
980
1111
8477
8447
3133
6073
6195
793
2745
741
1076
7802
1580
8225
526
2231
1788
7478
8360
5765
1003
129
1145
6154
6355
1404
7914
626
4246
1507
8499
2227
1320
1437
5742
3086
5177
1652
1073
3152
4262
1744
5198
5980
2681
2200
3235
121
714
8522
8261
140
1639
472
387
3587
2605
1707
527
6211
328
6579
321
6178
5689
4600
2212
2445
5662
7649
100
733
1771
3232
1631
5597
2686
6395
8772
8420
5556
8819
6091
2935
7738
888
7272
678
1816
6498
7245
8403
1844
5772
2741
7636
232
5264
1099
7728
7282
3150
4740
2128
3377
1870
6365
854
272
8033
858
2236
4550
839
5033
2282
6902
1171
285
1779
2031
2877
3019
798
1215
1767
996
6493
735
480
1907
1657
2832
2241
2917
2297
1957
2734
5936
1392
178
290
2206
1237
1238
2012
1366
1356
1347
1542
117
928
2244
2810
2671
852
471
2565
1304
2016
1461
1984
2916
2921
3148
216
2920
1415
2919
2918
1180
3166
1861
2889
3070
3069
502
3063
3053
514
6658
2462
458
2967
8187
5909
1168
5296
5768
1971
194
3021
4911
1840
186
8410
1325
6970
1592
960
2769
222
521
1880
1373
2275
986
420
1497
407
2002
4296
1352
1255
5666
5489
5443
5815
1256
5186
57
4809
984
8596
574
6077
2379
535
4696
804
891
808
5729
4649
289
8235
8385
3018
2062
6260
5839
523
5114
1060
1812
3368
1236
1819
1515
5312
423
1891
8636
1954
66
34
8253
592
3146
1532
303
3238
1131
4795
405
5282
266
2011
4658
4920
2340
5254
342
695
845
5655
8998
5715
48
5288
731
2203
7878
5853
2304
5038
1549
709
3334
324
1590
1866
5193
4731
2117
5784
5269
1525
955
3936
5398
4241
7260
5538
5182
3066
5159
5675
9012
8591
3213
4417
7995
4727
7932
7407
2300
3900
1196
2219
963
720
1900
4748
8848
81
1046
8157
8629
1274
1726
488
177
215
3210
6000
597
5134
8661
1644
2927
3420
3996
1147
5723
114
3489
5470
4414
5395
1411
7782
2496
541
1020
990
5968
125
5825
4088
3168
2149
5139
2013
3129
6568
4638
824
8684
2798
1264
3608
5161
745
3165
2372
614
8761
8899
2186
1837
1057
7753
1277
8003
3292
2481
4612
885
4782
5888
6121
1053
869
1641
1431
976
2688
7817
6404
3324
2139
347
6279
981
4284
2327
2504
1206
820
1620
1979
4273
2892
1441
3616
1047
8777
1969
2669
805
3408
153
1425
7107
1165
1665
135
520
1125
5503
8451
3869
3604
964
1288
2545
8056
1605
229
951
2815
1272
1024
4515
969
4830
5427
1004
893
5315
3747
7139
8943
2687
6977
7487
3751
1036
2696
4634
5808
3522
7976
7394
2237
1472
474
2159
7121
3040
6684
2288
719
427
16
953
1603
279
1361
5222
3354
4383
6728
32
7228
2819
2784
2794
2506
1331
2829
238
1292
1835
2860
726
4316
966
2486
2661
3316
2248
189
7254
6056
8722
1777
4703
3011
5693
861
7577
58
2397
5275
1647
7293
4923
3412
7979
5791
7815
915
7990
1453
6918
5352
6375
2415
6408
2770
5926
7099
3575
2329
1501
3111
3653
7492
1794
2912
519
8709
881
5641
3871
7208
3798
1006
1041
3434
522
1883
8154
5832
1938
4680
1017
1123
4440
5672
8607
6294
1132
1731
1026
218
7115
1295
1479
568
750
3854
440
8580
1624
7789
6690
8743
464
5801
4060
2386
4391
470
870
3456
5777
840
7899
970
8699
1733
3399
5433
4645
3766
2956
2468
1582
6896
105
2505
10
1281
1931
2620
1013
1500
737
6140
6
746
8654
4033
6927
304
5498
1042
3913
2107
6242
5857
528
6641
2801
4709
2437
7444
8670
5787
1717
3388
4967
209
5518
708
437
2531
300
4349
62
833
1640
4534
8675
454
193
961
4577
3508
1601
2067
1508
5008
2272
4166
3594
2611
6856
2609
879
8720
5
1021
1963
4524
6762
7171
1393
8903
42
1032
8781
1030
1419
6706
183
1257
561
316
2699
5202
2647
849
1253
6850
6768
6383
1317
1831
697
1921
8376
8136
4636
1126
5705
1902
2513
2306
1588
3370
1686
1346
447
6513
2689
5710
6963
4051
3875
6521
2676
968
916
8604
3015
6803
864
3140
8807
11
4914
7078
7771
353
3281
8524
1394
2966
2659
1267
743
46
3273
6341
4076
2625
1212
832
195
5985
2730
4945
637
6703
6473
144
7186
7748
2490
7020
1029
778
5203
5752
4366
2080
414
1791
6446
4420
1464
4101
2374
4290
5027
4972
1941
1433
543
6559
3656
2082
5558
2856
6806
5404
6037
6047
3975
8859
2772
4960
4626
154
1769
742
5363
3113
496
5466
5291
5732
7415
673
1444
45
7881
1482
2398
2485
6422
818
6678
3216
3091
892
2615
5625
68
262
608
5400
6591
3404
6739
2440
8044
3816
4769
5348
421
2441
6751
3819
2959
1642
6286
8275
2250
3857
6436
4659
8142
4095
748
6132
912
5170
6676
3127
5087
7250
5458
8614
2530
7892
7234
1667
1161
954
7177
5684
5699
4292
4811
4692
8950
4020
3997
1824
2941
8908
6348
6415
3492
8948
6370
7044
7584
8526
7845
5900
6835
6800
3563
7566
5633
994
6880
3207
7380
331
886
6636
8167
4016
5080
417
5462
5940
1739
4399
1839
2516
7809
1688
6062
685
4055
4263
3922
435
8542
6826
9018
670
764
6051
725
325
6166
6571
3947
5588
1187
156
4584
3264
8009
1917
7720
2752
4450
463
4105
5055
3241
1287
4941
7831
6974
1980
6584
1201
110
3752
4532
2174
1648
6760
2747
2949
3879
3060
3786
151
5053
3780
4873
3194
3753
851
2385
8482
237
659
2438
3545
5339
6003
7938
1246
6464
1504
87
