item_recommendation
25737
7872
7541
8571
8327
8117
8093
7613
8225
8183
8360
7437
980
775
7697
8447
7914
8596
8033
8290
8403
7669
1523
7782
7560
1507
8154
731
5515
1513
1003
6154
7478
5159
8743
5765
8253
1515
8772
2769
7636
984
986
2686
5742
3232
733
8899
8499
6073
4550
7728
1777
1907
8477
858
745
8420
5662
8207
8003
401
5597
8410
626
5288
6970
6918
4740
6902
741
7938
5853
5186
6178
8699
5768
976
8859
6760
5715
869
6260
8636
2227
7878
1870
5675
9012
8591
1525
8070
1562
1744
5410
2659
5723
960
8376
8136
8998
8056
3235
1812
6751
8661
647
1739
885
3875
2605
735
1053
7649
8633
990
7976
5264
5909
969
8580
7245
6355
7234
8879
5177
4821
2496
724
2300
8522
6091
5254
1771
3238
2236
915
8777
3816
6579
3188
4076
6706
695
129
5198
1187
4941
2798
964
5282
1624
1819
2780
5729
3368
951
8709
1021
266
6547
4262
1580
3377
2688
1060
4462
2186
8684
3489
2415
1317
1288
3334
4600
4731
5936
1006
2548
1004
998
5008
1816
48
526
8228
101
2801
5689
7407
4437
1508
1046
5312
888
8542
2647
4577
8235
4638
5699
3324
2892
4153
719
8927
2687
2832
1437
285
5968
8807
6047
981
2937
955
1017
1767
864
1497
893
189
4440
535
3751
7888
1042
746
2935
7282
8147
8720
8761
2982
6294
4795
4095
4727
7809
8961
6684
2513
4801
2912
8451
6513
8665
4079
5839
2288
4349
659
6800
5038
5443
4366
1504
7254
5834
1690
828
2009
6404
6728
4584
3819
2481
2741
2815
7831
8607
4923
3093
6318
7802
2956
4251
725
4809
5672
2651
875
1030
1688
6493
6609
5398
7260
3936
4241
5666
6803
6559
5684
8167
1057
6436
2696
8670
8848
4658
7186
5772
968
8524
5033
3805
8142
2609
6533
2385
872
6835
5275
3456
1500
4263
5710
870
1501
2440
720
6826
2829
8589
2772
8629
8462
5117
742
2159
6390
1750
7293
7346
3417
947
3281
3113
8943
4761
232
5139
8977
2407
6365
802
6422
5641
6768
6314
2347
1111
1026
1472
748
4060
1831
953
8920
6464
6408
6985
4718
9018
656
1047
3354
8838
2534
7204
2231
7881
5836
2668
105
7419
1020
5365
6341
5815
6630
218
6571
3611
5655
5611
7786
2202
6676
5980
3307
2761
7771
2212
4404
6375
7738
816
2770
1783
3889
8768
7394
7619
8261
6718
880
2983
2582
45
4873
5752
1008
313
6963
1192
7171
6612
881
205
3127
961
962
16
3284
7753
2669
3656
4105
5795
2183
7078
4378
3152
6498
2062
6896
1147
2730
8275
1791
4033
2383
5323
5055
5243
5577
5053
3575
3604
5572
1517
4420
886
743
6774
4976
2546
5808
2799
474
4980
4680
3292
3758
7299
714
6243
5735
4765
9001
2966
5585
8654
2120
5625
4016
2774
4246
8620
2478
1346
6645
2184
865
5732
7153
7198
5680
6852
7063
7947
6851
8130
5678
5700
7235
7791
4450
2640
8123
3825
4677
5667
8197
6887
8921
5363
8882
5685
4477
6105
8872
5686
7309
6121
7017
5401
7357
5690
5001
5373
5670
8158
5696
8949
5400
4300
6754
5517
8966
6584
5170
5003
4104
5796
4832
7702
5940
3499
5826
3497
6331
5004
5056
6342
6432
8582
5847
3491
8610
4889
4312
6060
8985
7822
5034
8640
4994
8423
3654
6732
5736
8955
5746
8366
5285
8371
3957
8372
8828
8672
8785
7919
4929
5002
3795
3086
2660
2473
2318
4936
2441
3702
1639
7979
3096
2504
2617
3608
3338
4171
6530
6035
1581
1836
973
2835
4639
8840
6932
7587
7698
7445
6132
5693
3709
2173
4920
3668
1980
2775
3051
4696
1822
4290
4878
1196
6195
1652
2699
1024
5085
7894
3522
3928
3263
7944
3924
8833
3707
1617
8835
8138
4428
4834
3428
5462
7012
2340
4284
8722
4999
5466
892
3359
3241
5787
8910
461
6470
3587
2786
4273
207
1209
472
1010
5161
5518
2442
6148
4316
3900
4782
718
3408
4895
7705
4532
8819
2976
4414
1928
5553
1794
3402
1852
996
2779
726
1358
912
8689
798
963
2374
3150
3753
3632
3024
1516
3210
4511
3759
1715
931
1125
3194
5134
3081
4844
2689
1013
4432
7272
4691
938
3996
15
3500
7757
5588
9004
4861
1032
1037
2573
1805
2709
1352
840
5419
6234
7228
1422
3495
5489
2438
5604
4073
750
6296
4399
8385
966
5891
6827
1367
2082
788
6678
1721
1012
1631
8642
7208
6207
5810
2197
1834
2366
2418
2600
2764
2241
4911
2427
4427
7720
786
3140
2399
1844
4490
1145
4645
3218
7379
8865
3643
5203
2533
1707
3028
4984
4162
8387
7764
1104
1608
5470
1909
580
4458
1493
1809
3714
5504
4830
1549
2282
6114
6093
3199
4417
4945
3584
2752
3213
1059
6143
7126
5214
6286
6624
6232
3602
1148
6103
5850
1660
1049
4979
3388
6322
7995
1535
5352
3851
3843
479
965
4029
1474
3730
3101
4569
3041
1970
3256
3251
6744
793
4337
1582
2425
3387
7990
5449
937
6077
6368
988
6957
4191
6140
7484
3430
2021
1586
3543
2188
1120
7038
2394
3268
6850
8268
7792
2654
1132
4933
2352
1099
1526
485
6211
1726
4833
2193
2827
1084
4401
4686
8892
499
2494
1779
6840
3563
7099
498
1711
8239
2118
1636
1331
6615
3880
2621
5135
2866
2155
2843
1985
5433
2078
2487
2500
1281
1101
5291
274
4996
5114
2493
4632
4885
1036
8853
7492
8187
1502
1997
1103
4101
244
4716
3478
824
3160
516
4177
8609
916
2090
999
1040
4024
1363
4963
8638
1876
1839
1394
276
4380
994
970
5202
322
2014
1428
2915
2681
1018
2331
1625
7583
2154
196
2642
3211
2979
5568
4649
263
1858
4625
1752
2793
5165
4394
8625
4108
8576
8042
8336
8827
5
2993
3845
1301
1078
1676
1629
2396
2766
2925
1225
268
2876
3155
1531
3908
5413
4161
785
93
5182
1730
1031
4188
423
6568
2458
8903
957
