item_recommendation
25737
8093
7437
8571
7872
8327
7541
8070
7697
8117
7613
8253
8477
8447
8360
980
7914
526
7738
8290
285
7636
1513
129
7560
7478
5597
5410
8225
8385
5033
5489
1523
8420
4696
8819
7669
8033
7802
3232
1639
775
5909
647
3368
5515
5296
1562
1590
1744
4600
8207
6365
407
100
4417
5159
8684
3235
8235
7299
888
8183
1145
8499
1352
523
7753
741
5980
232
472
8056
5198
828
1580
8654
266
6568
401
8661
7817
2212
1767
695
6728
2340
7407
6559
7245
5264
4830
7394
2062
4262
527
1046
561
3420
858
5177
6579
2374
2241
8410
7272
6195
6355
2860
5936
6077
48
7293
6000
1120
1535
321
3996
7186
7995
7782
1024
5801
8522
8709
7099
3587
7107
6658
2227
4414
1907
953
7649
2288
8187
3869
8751
427
7932
6498
8482
5839
7282
8167
9018
955
7748
966
522
1111
8670
2779
1131
4727
7979
5765
4391
3854
4658
6073
6056
1525
6850
535
5329
140
328
3871
8261
6521
1507
5114
2605
626
2300
4290
4612
1816
1003
6977
6762
7415
5222
5662
6892
7577
5888
1652
8039
6703
990
2149
5164
7487
4296
6178
8761
1866
7976
4761
6091
2531
454
6493
3210
4954
3238
6021
5117
984
8899
840
1060
3377
4550
6826
263
7234
4524
5427
7990
5558
5968
6641
5588
7228
1686
4636
4033
3281
8044
7121
1844
4634
8772
4782
981
2609
474
5926
3845
4432
45
3804
3604
521
1013
1794
2659
5182
1870
2686
5768
7728
6739
994
5433
3816
1771
7705
951
4605
6591
5857
520
5693
4121
6404
4923
5080
1336
969
5017
1281
733
1777
1287
7380
798
6856
839
5815
1812
996
4333
4676
4662
4640
5463
5637
5342
5483
5302
4977
4728
6676
1839
8003
4821
7938
7566
4020
7044
4811
7845
1824
7584
2941
4692
4292
3492
5832
5900
8526
3997
8908
8950
8948
6348
6370
6415
2437
4659
4519
6880
3113
4809
4911
4627
189
678
8665
881
2912
6279
4577
5364
5265
5236
6970
31
8009
3522
7311
3752
2769
1288
2752
4740
7713
5873
4873
6132
3127
5443
8848
5850
885
2159
3798
4614
4902
3216
6918
3285
8008
144
405
5521
3354
7444
1047
6327
2642
15
731
8743
960
3947
6100
2966
6154
3176
4051
6242
5985
2248
1821
870
3575
423
4638
6896
1057
7135
1831
7881
5282
1453
4079
912
8403
964
6624
4731
2003
4920
6760
4795
7204
8827
6140
2730
6612
8614
6211
7809
615
6143
1310
8596
1053
1640
2798
2427
6243
5319
963
6684
3188
5723
7759
2138
1346
5395
4645
1331
5585
5288
5
10
5954
4349
1253
4171
986
1472
970
6743
7789
2307
4814
7020
7038
2506
3324
3072
314
656
5729
1410
2815
5742
8511
5503
737
8879
4721
3616
3111
6748
2415
5425
7481
8607
6840
6803
1641
135
5473
957
1017
2745
6751
1004
3747
5151
1696
1161
8859
5012
8154
7130
661
4194
341
8589
3152
5825
1497
7878
4709
4246
5710
6116
2956
1531
3563
8961
6636
1726
3213
1647
2259
5210
7458
4166
1532
4801
6695
3292
659
2829
8136
8376
1026
1852
3316
6440
725
735
7831
9
5864
3875
1187
1487
5464
4771
288
339
3412
6148
6963
3399
5971
6832
4316
5339
2442
146
8695
7840
2231
447
8507
5772
2478
7484
5134
2688
5689
7211
3060
1476
7208
2568
954
8903
3560
1317
8943
1036
4584
2496
5186
5226
3723
1657
820
1032
3140
5715
7820
2154
4404
6550
2959
4515
8781
183
7073
3273
6927
7492
4060
6535
201
6791
5291
8854
3508
1779
2780
2186
6662
7160
1624
4686
7254
4941
829
742
1970
2647
8636
785
5028
824
848
8530
6806
6375
6298
7826
3388
332
4748
2981
1020
4437
1393
34
4680
1437
1041
8604
5705
3819
1819
1788
322
4914
2775
714
2839
3977
4223
6690
499
5809
4844
550
4552
6318
6902
5161
849
6513
4706
7892
3574
21
5600
1295
2236
6395
4273
4284
3086
8675
5038
976
4534
4673
5675
9010
7078
7263
7016
5378
3751
6669
3163
3975
6383
5438
3843
2371
1126
1864
4108
8807
4846
8157
8616
4936
4765
8451
366
8014
7888
1006
7619
337
6877
3160
6223
482
2696
5641
5527
916
617
4511
101
4427
2689
4088
1246
1354
209
2799
4486
1883
2497
2772
8998
2318
1320
2532
6458
132
5611
202
3964
2504
2283
6966
9012
6260
5853
8591
5203
6571
3024
5254
1699
1298
8364
886
3766
4769
8777
7115
193
5518
5568
2279
110
2311
8275
8524
5699
7786
470
6162
3643
6294
1515
7564
2722
6615
2567
2935
3199
32
7743
7050
2982
3489
4339
8491
6530
218
8633
5945
5548
2681
4394
5021
444
1397
5942
1836
6314
3456
558
4263
3922
2819
207
8016
5470
282
3487
7720
8600
3370
1826
238
720
7171
6957
80
6464
5009
3668
1257
2557
1076
6678
5747
3859
7762
66
3594
8142
3534
309
2704
1275
650
4366
344
5628
4399
943
4197
5965
832
5556
3334
3430
6008
2950
5672
5538
1125
1132
305
5372
1359
1147
5365
252
5202
1940
177
215
667
3920
4526
8979
1379
4876
7386
1575
4312
6473
105
879
2148
1499
4332
6768
18
7192
1493
7260
5666
3936
4241
5398
5341
2130
1482
2493
2337
3895
1980
5752
4086
745
6390
4076
861
4101
3632
3978
6800
7841
3174
7040
1021
746
199
1329
7195
2776
3239
3768
1401
7034
6757
4967
6718
6422
2976
5069
1148
3794
7585
1973
6533
8699
4625
3693
4626
5422
6686
2545
6953
483
4342
6932
276
2795
5193
1582
4840
7771
195
6630
3515
2173
3653
414
7366
6
7456
16
6185
6283
7355
7844
6617
7843
7706
6706
4318
3799
2026
2761
1504
3889
204
3250
2197
3379
3221
68
274
1678
5952
4528
196
3608
484
1501
2193
2310
6114
4945
2615
3900
4713
3868
422
6400
8366
1367
1886
5846
5872
6999
8892
1228
391
