item_recommendation
25737
7872
8571
7541
8327
7914
8360
7613
8183
8117
7697
8225
7669
8253
8447
8033
7802
8093
2387
8207
8290
7560
8056
7782
8154
8684
8879
8743
8070
7407
8522
2511
3232
8420
6579
7478
2478
5765
5264
872
7976
1562
2905
8859
1580
5159
2659
8596
7938
8235
8661
5515
2935
2761
2159
2902
7728
6073
2605
1317
8403
1437
5772
401
4821
6154
8777
8477
2368
4437
3133
2953
4809
7649
8699
7437
5008
6970
2904
1744
5980
1739
3188
3150
8899
8410
2686
1721
1111
8261
798
5038
7636
3377
816
6178
1523
8003
2786
3608
2832
7245
718
5787
8761
2981
1816
1783
1513
984
8848
8167
1777
1907
3632
3324
8722
6195
2940
7234
8709
7228
8927
4076
8228
4600
2300
775
2668
1196
5723
1696
7619
6211
9018
2779
4731
8451
1852
2404
1472
3051
4911
213
1120
7932
2400
2966
4246
5729
7809
8772
1652
6365
8136
8376
4060
129
5742
3412
5198
828
5177
1812
1535
2835
7720
8903
6918
3081
5410
7293
1076
1549
8961
2155
2596
731
5470
7757
7492
2318
7881
626
8387
1320
4177
1363
1515
2647
4632
2507
1788
8633
2633
8392
4765
9010
8977
659
2427
2766
3875
647
1507
8239
8807
5254
5825
885
3368
8910
2236
2866
3292
2021
2824
6395
7995
1608
4873
8689
875
1225
7583
2912
8620
8892
3258
6493
1575
879
741
4920
1870
1759
306
2922
1186
1063
1233
1226
3005
1204
161
167
3177
918
3134
3147
2789
3042
3068
3127
1831
4366
4584
2219
3751
3816
1997
2327
2900
8675
1218
8542
1730
1959
507
980
5689
2344
3863
8499
8169
835
2494
4984
135
1073
2399
8864
3417
8865
3093
3211
4375
888
4696
5597
5312
8607
8388
704
2074
2393
1616
2285
1080
510
2215
2715
2403
99
2364
1388
6509
1552
4550
5202
2745
2630
2925
8609
3602
2325
2959
2128
4861
7753
2243
1841
8612
7155
5097
5122
3639
3344
8831
8133
8799
3761
2434
8525
6566
4238
3479
5840
8712
3615
7204
3483
991
162
4161
1951
3334
6207
3007
2704
5556
8636
861
656
2858
5059
3587
4024
3668
4941
2350
2043
6547
47
1970
3006
3235
2207
5784
5269
8665
1184
1453
4658
8998
1612
4088
4171
3489
2504
4740
7738
685
7888
5433
7878
278
8667
3438
5065
4837
2429
5440
5186
4603
2753
1033
6408
8943
2975
733
2788
907
8580
3071
1972
1711
5588
1660
1240
1085
4795
4316
3780
5715
2915
2986
2617
1404
1767
7577
724
95
1003
7038
986
4153
5777
2772
2634
2039
7282
7110
8462
8914
2548
3207
366
2600
6826
1145
6355
3478
869
2712
4923
1929
6985
5909
6279
3428
3016
915
547
6636
3456
2937
7316
2200
2982
2310
707
965
2815
2457
2570
8511
3408
5134
6404
6148
1095
2178
3140
4830
5666
2402
5139
8589
2366
2146
5808
1819
3431
3936
7260
5398
4241
2687
5413
1130
8795
3044
2284
7831
2546
1876
131
1479
5636
2956
243
3152
8604
4079
1689
1667
5662
8920
2521
3086
6091
6630
1804
5193
2227
2401
3655
2946
8039
8273
678
6885
7786
3060
3832
348
2295
5114
4101
2799
2701
5288
7171
2091
2078
8654
2681
2046
4404
1380
1077
4098
7502
3251
5553
2990
6314
2664
4577
2120
2433
1099
1040
8187
1476
3643
761
3707
6932
8840
7944
8833
3263
7445
4639
3924
7698
3928
7587
6390
5443
5853
2801
1428
8650
1794
8385
9001
4251
1161
1858
6559
8853
6902
7036
4716
4885
5791
6260
3128
4743
2897
2660
2204
8642
2465
7263
3459
990
1286
4473
121
8491
3307
6706
3868
3671
6436
6612
2567
4531
2448
3889
1631
4936
4709
2052
7186
8574
1193
5699
8482
2983
2582
6383
4782
911
2231
2979
1771
6684
6294
1688
7011
1833
7894
4290
2793
3008
5684
2581
1980
1581
405
7771
205
3900
3173
9012
8591
5768
5675
1639
2784
1796
7254
9004
960
4649
3370
1784
1834
2976
2802
2212
7840
1554
6132
2696
7272
6728
834
2062
4121
387
2752
870
2820
3225
3041
7101
2674
1880
2031
2282
951
2961
5092
5489
8524
4876
1493
8979
3983
7897
2442
8336
2014
3883
2422
1197
8157
3163
1769
2090
2439
2583
3959
71
2881
6379
3135
4089
1600
3020
3306
3765
3556
4912
4753
4187
4622
3952
4186
5307
5256
5349
7444
2843
2864
3213
8827
2182
1707
5210
1598
3427
3338
7126
4139
2496
3786
6957
7892
1545
1750
2342
2560
599
2939
2804
250
1699
571
7979
2557
2498
1586
1288
1518
4987
3804
5182
6800
1544
824
976
439
7340
6536
2572
1671
6458
3819
3171
8616
3434
1925
589
6658
4895
2894
105
492
7826
998
5365
84
4539
6143
6744
3028
7919
858
1046
4188
375
337
4045
3908
2942
6231
1449
3221
6051
2615
4033
2775
5404
3066
3072
460
4273
1873
1333
5585
5834
2962
1354
76
742
327
2565
793
1900
735
4818
183
5400
2769
4748
7762
4727
3702
5282
2421
3218
905
945
4284
6446
5617
8121
196
2817
1981
4801
372
2467
5168
4703
4846
3653
3402
6835
7958
8882
3714
8695
2539
5968
1653
4462
725
2535
1150
1680
8147
1886
5395
2699
3494
3192
1004
7899
6155
4619
838
5117
2418
670
7121
1785
938
3404
1081
7792
5611
3194
5538
1059
2445
1212
3254
3349
1361
4162
3357
5101
6571
2798
1668
1599
7394
6162
3034
2424
4394
8600
6114
1125
7934
2032
714
1365
4552
7438
3010
6751
312
1006
376
4440
745
3224
2347
6760
3185
1444
1670
3807
1859
6533
1379
813
6624
6140
6031
7177
2516
3913
953
2649
2780
6525
2373
2628
285
3210
2305
1909
2741
1104
2710
1310
5275
7627
7334
8720
6077
1264
3351
2394
5810
6484
6426
2577
1950
8629
2513
8019
3238
5346
4055
2936
688
1429
2876
3264
2816
2726
2736
4194
2135
4945
1556
5850
480
3284
1419
1135
2370
5427
3268
558
5846
5641
1715
8142
