item_recommendation
25737
7872
7541
8327
401
8571
8117
8207
8093
8183
1523
5410
1513
7914
7697
980
7437
1816
1744
7613
793
8447
7802
775
5515
7669
798
1562
5597
8225
1120
647
8360
2686
1767
1907
5556
7560
1111
5765
8033
1711
1145
6365
2227
7478
828
858
6073
4246
3232
5198
8522
6195
1317
140
3150
6211
1076
8261
8253
8420
626
2779
2935
5159
129
1003
1608
718
1320
6178
2761
5538
526
4550
5742
1552
2243
8070
4600
4658
6579
8290
7282
2504
285
1472
5177
1535
778
1507
2212
6355
405
2966
1812
1721
8998
5772
7636
1631
3133
5134
5689
885
3587
2231
8003
1771
8056
4830
5315
423
6154
1073
6395
3235
848
7649
4696
1657
5489
3152
4649
2745
1053
8477
1779
4731
1652
4911
195
1580
2605
984
960
1777
888
3368
3086
685
1525
183
2427
1870
5033
135
3081
2327
8403
4634
2128
6636
4515
1788
2786
7995
764
4703
7245
3292
8385
5312
6970
741
407
1046
2200
5269
213
7738
7782
2668
861
6493
1196
5784
8772
1852
4584
1707
1161
1831
5114
1099
5470
4262
472
7932
5980
4795
2835
5498
3140
4782
990
1739
2769
5729
2159
1209
1135
714
7492
6559
1482
4654
6318
1404
1783
2866
4748
1363
733
2681
875
7407
2300
7228
5069
2202
2467
5825
2207
824
1437
2507
121
2350
1040
1804
6091
48
869
955
1702
2832
3434
8722
4638
808
818
2815
460
266
976
7728
387
2062
16
816
474
535
4809
1549
1696
695
4577
232
678
1479
3066
6658
2669
8604
6408
864
2981
1132
2912
1476
4284
4316
5791
5182
5139
1497
2545
953
8596
3281
3213
1077
7979
5398
100
8499
2186
144
4088
34
1453
1288
2596
5666
8684
2956
5186
735
4273
996
5443
994
8629
327
3936
7260
4241
5038
3210
4673
7577
6902
4290
1844
656
2219
7121
7139
8451
1794
6322
5254
3334
745
981
746
5427
1688
3608
6918
2494
479
2204
8235
742
2829
2445
1639
233
3024
4727
1059
1951
970
6404
8777
1060
321
986
2752
1130
8903
872
360
8187
2843
1730
7809
1020
2248
966
1791
1582
2766
2403
1616
1080
2922
167
161
3177
1233
2393
1226
510
99
2789
1204
918
1759
1186
2074
2633
2285
3147
1063
1388
2715
3042
3005
2215
3134
3068
2364
1215
3854
561
1997
3604
4901
306
704
3377
731
2325
5808
7881
3016
57
507
1502
1177
2787
779
2527
2751
1049
420
4740
2565
2236
1880
105
969
1218
1255
37
4162
5
1900
2203
1184
1361
1331
4765
263
7502
3751
45
1959
3489
8675
1147
707
348
1488
5787
7878
945
222
201
178
7705
3563
427
5087
1866
2282
272
949
2687
47
7789
1433
522
1667
5662
202
7272
3324
2468
2462
463
3816
5352
8636
2770
5707
2288
1916
2689
1701
2043
805
5611
954
2809
1819
2429
2741
670
2600
5723
599
4802
8848
2031
6051
6148
2858
5193
1971
1873
1013
7293
1085
1726
2798
156
1272
3071
1972
4458
2289
2634
162
1941
5715
1970
3238
1171
968
27
879
5092
2917
2696
454
8743
2039
963
3019
2583
95
2297
5768
6405
2892
6279
1392
2734
2772
2155
6294
1592
1929
5047
4823
4282
3520
830
4516
532
4214
4655
4674
5540
5539
1542
1180
216
2016
2012
1984
117
2921
2920
2919
2916
2889
928
1861
2810
2918
1461
290
2671
1366
3063
1356
3069
1347
3070
1304
2244
3148
471
3166
1238
1237
502
3053
852
1415
2206
514
1957
2441
5413
458
2967
194
1769
4337
2975
4761
5372
499
951
5433
547
1841
2146
2986
1168
4076
2107
1373
2448
5675
2002
5346
2295
6077
328
3051
1665
2275
659
3006
7938
278
1033
1095
4399
8410
3021
8914
896
957
2385
592
2399
1504
8661
2340
1346
372
1325
753
4349
1493
991
8157
3575
574
2374
1980
2753
891
131
2659
5672
2801
5853
523
1256
2704
2241
2284
4865
2130
4383
801
1531
349
2304
1352
2990
7250
881
580
302
2465
1827
2793
5588
8121
2560
2581
1821
6684
844
3211
1422
101
3428
854
7394
6718
280
804
1125
8879
1836
1187
2877
4771
5464
1689
32
5288
6803
3018
5705
4166
1670
8167
8899
2011
8154
374
2496
6525
1018
750
336
1727
1515
6260
2939
4555
157
5224
3408
4947
2726
5699
1259
3120
1057
5161
3146
2001
435
7444
7204
2485
5777
724
2342
2178
2959
7186
7753
252
5638
5043
1151
5501
4664
988
5202
5414
2688
720
4945
661
2373
1006
1686
5264
2415
1277
4885
1101
1411
8943
3402
3831
2676
8591
189
3404
870
780
1024
1419
6482
2567
5282
1960
9012
1286
1500
7340
1624
4626
1590
4121
41
4954
845
5348
315
3370
7177
4920
6760
839
1839
2398
12
709
1529
461
6476
3354
8607
782
527
330
840
5275
419
6446
4524
1022
6056
2197
8511
1081
480
3712
3522
8376
8136
6273
1042
342
5222
1891
2442
8580
312
7976
8795
2497
2440
3875
299
2318
2794
9018
339
907
412
2379
1365
1131
880
3521
810
1354
922
6121
905
4051
4941
6383
5655
6927
4414
1840
4278
437
314
516
6498
2014
6690
300
541
597
1750
1345
92
911
1236
455
1834
1733
8961
6751
1225
3780
820
5179
2390
4310
8807
726
3401
6390
7020
482
5936
697
289
813
4612
4190
218
1501
1444
6037
5404
4960
524
8336
5718
915
365
6473
4873
5843
2976
243
3879
1644
4716
1746
4570
3173
2570
186
313
2032
1464
6286
159
2717
2483
1274
7831
5103
1026
1029
410
439
2611
964
3168
81
2535
8751
113
4055
1123
3388
2091
6155
7899
4619
5417
4818
4459
3897
3788
5300
5366
7934
5792
4381
4975
5231
5682
3835
4749
6387
4018
921
7815
3992
8957
6238
4403
3943
5299
3618
5057
4745
5505
4932
5506
5544
4767
4175
