item_recommendation
25737
8327
8571
7872
7541
7697
8093
7914
8117
8447
7613
8253
8360
8056
7802
8033
8225
7669
7437
7649
6748
8290
8070
7560
8684
8420
8183
8167
9018
8477
7636
8235
7932
5825
7976
7478
6365
7394
8207
7958
7407
7738
8385
3232
6850
8522
4121
7245
7728
7228
6178
8003
5159
4552
8795
8403
8014
7782
8039
8154
8751
7809
5597
5489
8772
8511
5980
6918
4920
7995
3368
8743
5264
8819
6091
8661
8879
8998
8499
7577
8616
7293
7753
8410
6579
7186
6073
8482
8596
6203
8491
8607
980
7840
7282
7492
8665
8008
5033
5765
7130
8261
8827
7938
5433
8961
5515
6493
6636
7160
8589
8451
8695
7888
3235
5410
6826
6957
6559
5117
3816
7234
6650
4873
8807
6898
6609
4290
6703
8903
6695
6154
8899
5723
6562
7897
7204
8654
8625
4605
8670
5850
8892
6658
6684
4782
8187
7502
6624
8675
6195
6355
4696
7192
8709
8979
8524
7705
7456
7878
6816
8636
4846
8810
4414
4194
6877
7263
8848
8943
1513
5909
8859
4600
4690
6832
6207
3163
7892
4821
6970
6669
5611
4941
8761
6143
8927
4584
5942
7619
5046
6728
8864
2062
6751
6724
8813
7299
775
5008
6162
7016
6140
3364
7121
8633
3515
5198
960
7826
1024
6840
6906
3845
7458
8866
7055
4848
4761
5146
8699
3467
3266
7812
3038
7150
4688
4090
8057
6378
8915
7095
2659
5388
7136
8254
824
3420
6390
7762
3698
5012
8777
6760
5926
8542
3250
4809
7585
5177
7107
1408
4437
8871
4166
8136
8376
8600
3281
7161
4369
8531
4709
1003
5521
6835
6535
7881
7720
4039
5603
4366
7831
4491
6892
7748
7099
7583
5662
3875
7272
6927
6314
7786
6676
8484
3804
8617
2605
4229
6132
6513
6383
4135
2704
8228
6422
8507
8194
1046
8854
1336
5729
3324
5772
6107
6416
6056
6902
7115
4577
8910
6440
6521
4658
4002
7171
1523
5968
8977
7766
6260
5101
659
5715
7771
5742
5329
4051
6502
8580
4178
3871
6404
8604
4420
7481
4079
7787
7820
4262
984
2144
7189
7817
6498
6961
4686
5815
6954
6739
6276
6426
4076
6166
3983
7254
4911
3643
5025
1437
5134
6547
3608
1310
4550
8808
4885
6718
5288
129
2374
1145
3999
4177
5752
2073
6395
6550
8239
7444
6294
5304
2212
5473
4731
266
3660
745
695
5186
6920
3869
6375
4482
8620
1864
4727
6999
3668
6148
5021
3981
1295
6114
7034
7142
7340
285
647
4830
4417
7990
5164
6458
8462
7487
300
5699
5588
3459
3310
6896
3127
3632
1804
3060
953
5282
4146
8392
5017
6981
3653
4171
3671
7334
7484
1767
1744
8169
7757
4181
6591
7250
955
969
6630
4515
3819
3718
7894
6803
5291
5768
321
5296
6410
6568
5839
8730
7096
6211
4740
3377
5936
6254
1562
5853
4391
3843
5675
1352
5585
3188
5210
966
5114
6509
6503
753
6446
8336
8591
6867
5193
6862
1639
4984
1212
6436
5787
9012
5569
3854
5498
4795
6442
2594
8689
6242
3587
7419
840
6612
4895
6000
1466
6031
7195
4945
6279
4878
526
5628
1844
5470
5139
4936
8147
6706
1907
232
4861
4765
3028
3247
2935
4632
7020
7926
6077
678
4081
188
858
5689
3292
4555
5254
8984
3882
6552
2371
5312
6318
1590
8273
4923
5440
6643
4033
4854
3190
2236
954
8131
3417
3646
7011
6856
1870
7316
9004
1580
6768
5568
8142
8745
5069
5413
7135
8609
6993
6977
2860
2427
8044
8722
3963
1515
8121
8718
7789
9010
5534
1378
8387
7415
1569
4321
3194
3213
733
3996
6464
2167
5434
3927
8914
8453
2214
6985
5214
7311
7177
5038
5398
4251
48
8781
6800
7979
8123
8629
8650
7569
6743
4148
4031
8920
45
2660
7090
6818
4153
7764
6116
6290
731
5952
8640
6806
4427
8574
5655
561
6932
4316
6283
6686
6047
3238
1998
7944
3263
7445
7698
7587
8833
3924
8840
4639
3928
3707
6765
7713
8642
4355
8366
5693
3379
2300
2782
6744
4108
6662
3093
7036
3320
5923
4375
3307
7379
4404
5888
9001
5553
5808
2180
6121
965
7038
6791
1019
7222
3221
5108
3604
6223
5684
2531
2173
431
4486
8882
1862
405
8422
2779
1317
6237
5641
2912
5151
4666
2318
7759
8865
5380
6536
5666
1288
2288
6690
2340
3317
2647
263
8727
3489
2219
5121
7743
7212
1187
2799
4432
5241
1575
7215
5250
2631
4612
3197
8388
5161
2159
3334
6051
2059
4188
5427
8838
1777
5834
7325
472
5222
8268
6798
6879
5182
2310
3192
7260
6530
7792
4000
5125
5443
6470
2780
976
2478
3936
4241
3370
994
3185
3173
8157
888
8537
741
4840
6021
3251
3512
4801
7126
6885
5387
6571
6322
2227
5965
8768
5170
6367
2084
1211
1507
6408
7155
6566
140
6615
8720
6944
3113
8797
7051
986
912
6157
3710
6811
8831
8799
3863
1794
1120
6084
7265
5395
4602
6525
4162
4161
5917
2496
8857
5365
3284
2826
6974
626
2609
5791
724
1676
5483
798
4603
7198
522
8612
5122
2434
8712
3761
5097
5840
8525
2745
1816
6400
2344
5538
735
970
6646
4142
3207
737
4914
7208
8191
7022
3344
3479
3615
8133
3639
4238
7101
189
7303
7211
2769
4066
4062
3714
964
4614
7822
2186
1771
4634
2038
3889
7818
5236
6774
6273
6103
6460
144
3428
4792
5625
951
5102
8263
1812
3953
5710
3799
4636
5734
4680
5810
7078
2801
5981
990
5518
650
4394
3201
7089
1391
2241
5226
957
4857
3768
101
4139
8404
6198
5954
5836
5378
2418
7448
5275
8575
5832
6341
6564
3216
5971
3438
5203
2956
880
6182
3268
7380
1281
6796
4270
1021
3702
5618
4024
2997
4638
6950
1531
7627
7110
3665
899
915
656
7841
535
6735
1476
6156
3354
4524
1839
4849
1060
1365
2415
1976
6003
4155
3563
3431
6159
5530
6243
1992
1047
5940
2696
2897
1006
4560
3751
3584
3470
4440
5947
2719
885
4386
5581
5462
7919
5475
6516
1370
8667
