item_recommendation
25737
8571
7872
8093
8327
7541
8447
7613
8360
7697
8117
7669
7914
8070
980
7636
7437
8253
7560
8225
8385
7782
8522
8056
8033
8290
8420
5611
8661
8183
7478
7738
7938
1523
955
1046
7802
8154
7407
775
960
232
953
5264
966
8477
8743
5909
7234
3869
2659
7649
8859
7753
7293
285
3368
4584
3232
8879
8403
7186
5159
8003
2062
1024
5723
8709
6728
7728
4821
8008
733
1744
8961
8684
8235
7394
6365
4391
4941
695
526
6091
8654
1003
6143
129
6918
8761
266
8899
3324
8819
8670
745
48
8410
912
4873
5473
1513
6579
954
984
45
4658
6195
5017
3235
6826
2227
2374
5489
4437
3804
2212
8751
6748
3281
8499
8665
4550
7976
969
5008
3420
5117
7245
4782
1816
2340
3188
5296
888
626
4366
8596
970
4162
6892
6559
1562
3127
4079
522
4414
6318
8167
741
4696
858
4686
472
7263
1288
1907
6314
3668
1767
4865
5962
7705
8376
8136
6355
5597
647
840
6970
3845
4290
1437
1352
7786
976
321
6550
6609
1676
2935
6624
6630
2241
3875
4936
951
7204
4121
3816
5515
5012
2173
6920
2288
5410
4801
4188
4984
2780
6521
4577
731
2860
4605
485
5980
8977
994
957
5926
7817
2897
4262
8689
1812
8998
7619
4638
4901
8633
986
8604
6073
535
5729
5134
7487
263
189
5210
3632
3417
7831
7748
6207
735
5936
880
6636
1145
8462
6178
6612
5839
8589
4731
6658
4432
2396
4600
1590
7299
1006
7878
8772
1844
4923
7720
828
1281
964
659
1060
7888
990
6322
4251
1771
981
870
4076
4809
6669
6932
2772
7894
2415
101
6294
5198
1531
5765
720
1515
1209
7099
4171
8777
2660
3263
7445
3928
3707
7698
4639
3924
8840
8833
7587
7944
4895
2686
1013
5033
6568
8187
8848
7481
3428
1507
8642
4761
6390
8207
5815
3093
7195
3307
196
2647
9001
407
2236
3113
4081
8044
7107
9018
6850
4404
8699
6000
1569
6440
8910
3996
5558
3207
996
1057
7990
3795
4920
9004
7583
1021
5588
1187
725
2437
2154
4830
3854
5662
2496
2506
1004
916
7272
1019
3213
8745
2605
100
3377
7135
6832
6724
7038
7881
7126
2407
5888
427
8453
7316
6703
1042
2799
3714
2248
6739
5164
5834
6977
7121
3702
724
401
3251
7932
2769
1020
4316
1132
8482
3751
527
3604
5810
5585
8920
6535
7484
5693
965
881
6743
3351
8927
7809
6276
2617
7380
2775
4840
7254
1624
3819
6760
6591
4740
8864
5186
872
7415
3693
6676
3268
5548
7311
1125
6509
31
6791
1472
4135
7171
6498
2622
5498
6835
2418
2752
5387
2981
4795
6493
3292
7759
2442
1476
844
5291
915
6751
6404
6077
7189
5801
4427
7792
6902
4228
7789
4177
5772
6114
3799
5952
3456
961
6957
656
1777
8984
4649
4051
1120
6348
5470
8239
2186
6803
328
6021
8009
4033
6116
6762
5241
5440
1012
1517
2038
1639
4417
2478
8636
4987
5449
7502
4911
2504
3584
2366
6744
2745
5752
3176
1111
8392
8131
2959
15
6562
4844
2688
4846
7757
5857
2300
6154
3238
6718
1016
2982
8807
3157
3125
205
8854
2004
3608
1652
1794
7282
6840
4375
6242
4885
2318
5433
3649
6132
7566
6684
2709
8614
6856
3492
4692
4292
6370
2941
5900
1824
7584
5832
4020
6641
4811
7845
8950
8948
6415
8908
7044
3997
8526
714
6731
6885
8827
6084
7577
2801
8228
6254
2798
492
6148
2621
4161
6643
144
6985
3256
8695
2937
5809
5380
2398
6243
753
2531
2346
1030
1161
1047
1295
1367
4349
4603
1870
8574
4166
3086
3752
5193
5165
2669
3587
6880
3508
5378
5226
3655
1696
8609
4632
4765
6230
8580
1711
6140
2779
8169
1831
7840
8620
5534
2394
6436
3805
8607
1053
1331
8511
5161
4394
1131
7130
1702
5151
4153
1438
2687
1819
9010
2433
1657
861
1581
1866
8865
3863
2331
7160
6162
5947
5214
5787
6260
6999
2689
1253
7208
619
5882
963
3028
5581
5329
5715
8261
7444
8388
6650
4246
8451
3210
4401
3522
5742
1114
274
7211
4270
3296
962
5873
5
5569
1029
1026
8914
1193
8507
7995
5530
3882
2404
2344
5021
3152
3900
6927
3199
9012
8591
6695
3431
1135
3596
5840
7155
8712
5122
3639
3615
8133
6566
8799
2434
8831
3344
3479
5097
4238
8612
3761
8525
8781
6906
2793
4255
1040
5365
7011
2516
4814
1041
5458
4727
5641
2468
8530
864
6383
8524
5850
1631
6039
6536
4861
6422
6896
5968
4612
16
6774
6966
7771
3445
3218
3540
6121
7055
8191
1525
1516
8387
869
474
6877
5114
5139
1317
93
4462
3575
2467
5553
5413
885
3033
2427
8491
8700
5312
4304
6798
2900
5853
8722
5940
6981
5000
3160
5675
3394
5971
785
4963
3402
737
8268
5288
7036
3427
839
5038
3723
8923
8650
2583
4194
6777
886
7034
793
1429
2581
523
5604
8810
5080
5864
5768
5177
1032
678
5825
3081
2310
380
5923
140
7826
8667
5699
498
6615
1099
1225
2231
8542
2668
2347
7078
76
1834
2609
7022
4101
934
6974
5570
6339
5625
419
719
4914
1497
3354
5628
531
3387
4614
608
2727
4024
6395
2026
4440
2545
798
2500
4555
3773
2078
2829
3889
5053
6547
6686
2200
1394
5168
1173
7096
1393
1031
4945
2533
154
4552
6047
1876
4420
5352
6513
288
7215
5250
2243
893
8039
866
3560
5703
1552
1535
6123
2385
7016
5065
6042
218
997
6329
832
4458
8979
2368
8797
8629
8943
2436
3783
5799
7456
6367
2003
718
5282
3438
6502
7822
6565
3871
4197
2517
2956
4095
6552
4893
1640
8616
2490
4515
4709
521
1336
5438
7979
5734
6768
6375
5341
5475
1028
2338
746
1641
1970
4511
5782
2458
4837
2352
4933
1582
2513
1224
3978
8892
6706
802
3709
4506
6858
1715
4086
2674
7419
1636
1236
4473
4451
4952
5655
3810
7820
2439
8882
1453
5127
