item_recommendation
25737
8571
8093
7872
7541
980
7697
775
7613
8117
8447
8327
8360
1003
8225
7560
731
7636
7437
8253
745
1515
7669
7782
8070
960
5159
1507
733
8420
976
8183
984
986
626
7938
8033
7234
7914
8385
2659
8859
8661
8522
969
5008
266
741
1006
8290
951
5611
724
1907
695
1513
8899
3232
7186
8743
3368
8154
526
48
735
3324
6826
8403
1744
1046
5515
8003
6091
101
6728
964
285
4550
5909
953
4941
955
2288
2062
1021
2769
232
4821
6970
8961
2374
5198
7753
5723
7478
1523
3281
3188
1057
1812
858
725
6918
535
8207
1739
2937
8596
6355
6624
1777
869
990
8709
1288
45
5312
647
5117
1187
8376
8670
8136
3235
8477
5264
1624
6630
7738
8499
3875
981
4782
1042
970
1053
963
2772
2741
1004
2780
472
4437
912
6178
4731
1020
4801
968
4765
1024
2688
6609
8819
3584
4649
2798
7728
1030
1437
888
915
7705
129
8665
746
6365
3816
189
3869
2686
1026
8654
966
2236
1870
7649
1367
1581
7263
6612
5597
880
3649
885
1352
954
8462
4795
893
4911
5296
2415
6143
2982
8772
218
2605
1771
2300
8998
4251
748
3238
7831
4076
485
4079
6440
7786
2385
720
6521
8589
2687
659
3819
961
3127
3417
5729
6116
1525
4316
4162
2340
5815
3377
3668
6314
5218
4638
4427
4432
7888
1017
5834
6318
1819
8879
719
4936
4984
2183
1767
2668
2227
2496
2912
4228
1125
5765
7038
962
8008
3702
1060
6154
4740
1147
2647
1508
5839
870
8642
3113
4262
3307
8410
2660
881
2407
4923
2154
8840
7944
8833
4639
7587
3263
7445
3707
6932
3924
7698
3928
726
1012
2801
8761
3604
7204
6535
3882
6559
4404
1531
998
4171
263
2347
9001
5186
6751
957
7881
5742
743
4391
4584
5936
522
3428
2478
4417
4761
6760
7299
1132
2212
7245
3210
2669
8453
886
2651
8235
4873
7619
875
965
9004
947
2935
1037
1281
1696
1040
7878
6243
7126
7211
3795
840
4366
474
6260
5356
7293
2473
2366
1013
4658
2078
6920
7894
205
1831
2617
4844
6568
2829
1047
1876
2770
5588
3408
5000
407
7107
1497
1476
401
8604
7394
1834
6744
6985
4963
4903
7792
5288
2440
1019
31
6579
1008
786
1209
934
3714
6390
4577
6077
1500
2689
5693
3632
3889
8574
4246
2513
3854
4830
2418
93
6902
5449
5662
6550
6242
7802
2186
5810
3213
6547
1014
5021
1690
3693
6777
7272
6186
5882
973
2082
872
5365
321
461
5699
8920
3194
2546
994
6957
3218
2120
2621
5530
7817
5164
1688
5017
1824
4414
1816
4809
2892
8056
802
3522
3387
2860
7979
988
5053
3160
2248
5410
1636
1429
3093
5675
8636
5853
5768
9012
5715
8591
1394
938
3081
3157
937
100
6835
1590
1331
3996
5134
6591
2799
105
6073
6803
3251
1438
8777
5923
6636
8984
7180
1501
656
7990
3489
6562
1041
8268
2981
2433
4686
3575
492
7407
1752
1660
2764
7415
8187
896
5968
8689
1173
4045
274
916
7484
6207
7789
7208
3759
2004
2394
1059
7748
2481
5292
3207
5323
1750
6294
6195
1504
3199
498
5
6493
5832
7316
750
3587
5080
5440
1973
1844
2241
6748
5585
6774
8914
6840
7254
6892
3799
6513
2793
4895
15
2368
2548
6739
5926
2173
3456
2815
8167
3880
6676
4401
8507
4060
1517
828
931
4255
6225
2570
2428
1225
4153
762
4901
5489
2442
2730
5139
999
5282
3028
6530
1317
864
3051
2900
6950
3845
5952
8848
5375
3504
2976
1472
742
6798
1032
2654
4016
7099
3086
7502
1358
5857
5038
4440
6981
5971
4920
196
8633
2572
2832
7189
2925
5161
268
5666
276
2441
4736
2775
753
5055
1582
5329
7380
3402
4893
4188
8751
4101
5689
2331
2521
2792
1010
7771
2534
1346
2581
3804
2622
4861
785
499
5795
1810
4600
6322
1580
992
3805
3357
6641
2038
1479
7566
1562
5291
5033
1161
4696
479
4095
8699
5177
1836
5625
700
8580
6286
2796
3500
2159
2880
3176
1295
2134
4987
5254
1951
718
2146
2339
2639
8629
5199
3892
929
4643
3784
3159
4888
3262
8977
3359
5735
3758
527
1783
7135
3430
5752
4833
5801
4678
4349
5226
1301
5413
2752
1980
3334
5558
5707
2761
8044
1395
313
8526
7845
8908
7584
4692
8950
2941
4811
6370
3492
5900
8948
6415
6348
7044
6762
6977
7487
4020
3997
4292
2295
5378
6121
4876
2898
3966
3752
6731
3918
3704
5947
844
3358
140
3508
1192
3611
5710
580
793
2399
76
3125
7809
5655
3948
1330
5808
1104
4033
7481
327
1901
5850
6885
3608
5473
2460
1676
16
3540
4680
380
6791
2983
2582
5398
3351
3936
4241
7260
8261
8142
2352
4933
1631
2766
3211
892
1078
6047
5214
7757
2897
2786
1363
2835
8910
2600
8009
6103
6148
6718
1839
131
798
7121
5443
419
8684
5352
1092
1702
5825
1307
3292
3388
2118
28
7371
4458
2404
2802
2396
5275
1959
8768
7311
4727
4976
8720
6858
4645
3394
6404
6230
2155
3268
4462
7078
5772
2318
141
2956
5888
2427
8614
3860
7932
5732
162
1997
8640
2961
1608
3256
6000
422
5243
6408
3656
5470
8827
2425
7171
1419
2696
6234
2342
1233
161
2364
5285
5180
4284
6686
2438
5940
8943
1852
1794
4980
5745
1841
3871
4191
5165
2609
4996
3354
4086
2465
3879
207
6223
6743
2325
5641
3560
6375
704
5363
6896
2403
2715
3068
1204
510
2922
3005
3042
2596
2633
918
1080
3177
1616
2215
99
167
2789
1759
1226
1063
2074
3150
3147
3134
2285
1186
2866
2393
1388
6887
1730
306
460
423
6862
2975
1668
4098
1036
8781
171
8854
5208
1991
4840
5168
1715
2335
4121
1755
6383
7995
2439
2517
5012
1016
8524
7096
7034
4995
7577
8807
1336
6114
1028
7195
275
4914
6880
5346
2188
5604
3445
1822
8923
