item_recommendation
25737
8571
7697
8327
8093
7872
7541
8447
8056
8117
7914
8360
7613
8183
8003
6748
8253
7802
7560
8033
7649
7437
7669
8684
6365
8640
7636
6650
6230
8070
7976
8385
7407
8522
8420
7115
8290
8225
7478
6609
6721
7738
8167
6832
7121
8477
5923
6579
8207
7932
6898
7394
8751
8665
8235
6816
9018
6942
6636
5980
7728
6927
6658
6291
7782
6918
6559
6826
6850
8154
7228
6178
8008
8511
6195
8727
8039
7995
6856
6493
6290
7130
3232
7263
6440
8661
8403
7753
8670
7481
5159
5264
6562
7245
8819
4920
8743
8879
8827
8604
6920
6412
7299
8961
6091
8998
7502
8491
8187
8892
6276
7809
6676
6027
4407
7186
8709
7938
7068
7293
8695
7204
7250
4121
8410
4782
7840
8451
6669
8261
8654
7817
7444
8499
7705
8810
6624
5433
8482
7234
4552
7577
3368
6395
6143
6739
6535
6140
8761
6751
5765
8589
980
960
6957
5117
7958
8903
6703
6383
7492
5597
4873
4228
7171
6227
5458
6355
8014
7786
6613
8650
7160
5611
4686
7720
5723
5329
7354
6981
8675
5909
6686
6073
619
8772
5825
7878
6521
2062
3281
8859
4984
3816
8807
6892
8600
5819
7272
8616
6728
7282
4584
7456
6032
7034
4941
7881
8979
7340
6207
6628
6498
5850
7619
6877
4821
8899
6812
6906
6695
6502
8596
8864
8507
5772
7748
7897
8848
3235
6690
8745
4600
6148
7820
4761
8718
4414
5033
6840
5012
8607
5193
6424
5926
6404
4846
7099
6643
7892
984
8625
6077
7222
5296
7192
5025
6550
6662
8169
6940
6390
6154
6970
7826
4840
2659
8194
7195
6314
8943
7458
48
5017
4809
7415
6162
7766
4911
7888
7789
5440
4437
3324
8777
8633
7142
8273
3587
6582
8927
7831
4135
7439
8813
6000
3213
5489
5843
7107
6400
4290
953
6211
7135
1003
6279
5729
6416
4366
4885
6367
5134
775
4391
4194
954
7189
5473
6999
6760
5046
7177
5008
5947
6446
4709
4605
3869
6743
7212
8524
6684
8157
5101
8795
6879
3515
6322
2409
2212
7583
9010
4848
6591
3643
5808
5470
3804
45
6203
7743
8392
8362
2268
6806
7827
6863
966
4886
8699
8730
2605
7016
8341
8376
8136
5125
8239
3163
7792
3882
5942
6021
955
8857
6254
7487
6944
8542
5410
6867
8910
7564
5146
6031
5815
7136
626
8254
3467
4688
3266
7812
4090
7150
8057
8915
6378
3038
7585
8866
8484
6123
7822
5164
6294
8689
7757
5952
8700
8871
3698
4051
2704
1024
8977
3632
4369
6132
266
994
695
7762
1408
8617
5210
8453
745
2647
3608
6426
2374
7161
5515
6862
7771
7366
8044
6568
8722
7411
3250
7303
232
7090
8531
4482
4491
4577
1046
4359
3668
8228
3060
8636
7038
4936
6223
7990
6513
4039
7979
8914
5603
6630
7164
1744
4229
6084
2038
5787
8131
4432
1437
6318
3457
5689
4731
3217
3377
7334
6961
8142
4945
3819
3845
6503
3188
5521
6219
3434
5151
3875
8336
7484
6114
6791
8575
5534
5899
4188
5413
5945
1523
4927
8620
4427
6706
5438
2144
7096
4765
7347
7569
4849
4895
8580
647
6552
129
8984
3653
969
4420
7818
5581
6273
3127
659
4177
5214
4878
6995
5628
4178
8854
5791
285
3417
4270
912
4146
3320
7352
8920
4139
9004
7815
733
8462
6811
5021
3420
6536
5619
6458
6803
5936
6464
526
3441
6565
7624
724
8019
5198
5530
6966
5568
3981
5968
7311
4162
7101
3292
5588
4161
2073
4550
1676
2935
5839
6612
6757
7316
4168
5965
5177
7036
4658
3310
976
4081
6166
6116
7566
6724
2340
5699
6348
6509
7899
6869
6646
8808
3364
4592
6408
7211
4251
6977
5556
7759
4738
4002
6835
4696
6547
6773
2631
7380
8331
3660
5108
6974
4171
6051
8790
4515
5693
4321
6932
6056
2344
5387
3028
1844
4987
2433
300
5304
4792
6460
3247
7022
8266
6525
8121
7055
7787
2997
6039
7254
4076
5707
5449
6242
6762
753
6283
3553
8387
3707
3924
7445
3263
7944
4639
8833
3928
7698
7587
8840
4114
5333
5985
5269
2660
6954
5742
5784
1531
5312
1562
5832
6722
7448
731
8191
7190
4181
6902
4079
8642
4417
188
4155
2897
6798
3799
7003
4560
2959
5569
5139
7147
5378
6436
2594
3207
735
5202
6237
5857
1907
3646
6993
840
1352
8629
3199
7215
4153
3714
6807
6786
6005
6615
6641
5809
7011
3927
4108
6950
3868
1472
4861
2236
2516
7126
6659
5864
7894
824
2300
858
2860
7056
5752
6473
263
1466
5585
3190
5558
1212
5662
7219
4923
1824
9001
5475
6159
8609
4166
2772
6339
140
3751
3996
3997
1816
6777
5917
8574
5801
7773
7051
1476
5114
3459
3251
5250
5618
7305
7934
8009
3428
2159
6718
2617
3780
7584
522
4394
1288
4690
2310
2824
7238
3810
6571
4404
8147
5888
427
1804
7089
6782
3492
2167
6564
4148
5734
1529
189
965
2338
951
1767
1870
4020
1580
5795
8908
6415
4811
6370
7044
4292
8950
2941
8948
8526
7845
7713
7045
321
7841
957
5038
3404
3157
4666
485
8583
4031
4088
6231
1224
3854
4000
5810
7627
5940
5398
5971
7833
4638
1209
3307
2478
5900
4692
6744
3370
3176
6422
5254
2318
5291
6476
7343
3718
656
3093
2214
4854
5434
6442
4375
6772
6880
6617
5069
6711
8614
872
2780
8865
6713
6893
5703
3752
5152
6413
5666
7386
6156
7419
6985
7000
6484
7258
7315
6885
3863
8404
4486
8537
880
6260
7206
6858
5288
2173
4830
3920
1864
6482
6215
7951
2476
8388
4246
6157
7946
1240
4801
3857
3268
101
6419
8487
1336
5548
2782
4101
7379
1575
1590
6561
8656
1211
5834
6107
1515
3795
4632
3963
6480
3210
5498
4555
7936
7155
6566
8799
8831
5282
144
5404
3639
8133
5122
3344
3615
8612
4238
3479
2434
8712
3761
5840
8525
5097
8268
8422
1507
492
431
1812
2346
3702
3431
407
956
3953
970
6047
8530
1317
196
5065
4262
8667
7381
2581
1788
