item_recommendation
25737
8327
7914
7872
8571
7541
6436
7613
5899
8447
980
8360
8117
7697
8093
64
1087
8056
8225
8183
8253
8033
8420
7669
5264
8154
6195
8684
8879
8290
8522
8235
6579
7219
775
8761
8070
8661
8977
8910
7649
8633
7437
3232
7177
7782
7802
7293
7636
5008
8003
1515
7560
535
8403
984
8207
8410
4821
7407
266
7938
960
741
5159
285
745
4809
4076
626
5765
7728
8859
1003
7583
899
2935
976
8927
4437
8239
8589
8167
6365
986
8777
6493
7282
7478
7619
8699
969
1812
1083
8484
2288
7720
8228
8620
7753
880
526
1907
3368
1046
2769
888
8609
1145
5787
4984
6609
8477
8864
7757
5772
2300
4584
733
1437
4632
6318
3235
3632
5597
8709
885
8961
7186
2605
9018
8392
3324
695
6073
858
1744
1523
2344
8654
7234
8772
3816
8580
2659
4290
1269
1562
4861
6509
8388
3863
6207
5198
4375
8525
3479
9010
2434
5840
3615
3639
8133
7155
8169
8612
6566
5097
3761
8831
4238
8799
3344
5122
8712
647
4161
1288
8268
401
8667
7878
4177
4577
8665
7316
3093
1513
4024
4603
4638
3028
731
1006
1777
1771
915
8903
4427
6832
3377
1042
8865
3608
6835
8807
8387
1612
965
48
8385
6826
4873
8899
6630
816
6918
7228
3428
5980
6559
964
4550
2236
793
2688
955
1004
1053
2457
1819
5723
875
45
4515
870
1059
1767
1876
5440
3431
15
8451
2687
7096
1010
5515
4740
8998
8492
8722
4188
1120
1580
6104
6885
869
4316
101
872
4795
4837
7245
498
8616
724
6718
7786
1870
3751
7932
953
4658
725
2772
5186
951
6536
2570
3655
7738
3438
3152
232
5611
1831
2318
3427
3086
7995
2548
5046
3604
1012
2780
8491
472
7016
8743
3163
1030
2937
4649
4162
1804
3292
5742
5312
1024
6091
3646
299
990
4895
3402
8827
5117
2082
6547
735
2730
8892
2801
4731
7011
7036
7976
1037
2798
7771
4920
129
1020
2374
7577
5952
3113
3194
4039
1844
4761
7888
6290
746
2689
2155
912
886
2173
1980
7705
3354
4765
1525
8482
196
313
8131
6798
1021
6056
6446
8499
1726
3210
1352
531
439
7204
2433
5139
656
6426
8920
1581
6422
8695
8039
4191
3668
6390
2407
1330
1507
5021
8819
4420
2802
761
748
1380
5410
659
1624
1652
6728
840
3889
2832
5288
6760
4782
2385
5092
8574
5065
6751
6178
998
2741
938
1161
5850
2154
3522
1320
1026
4414
4246
742
5968
4987
2793
5433
3417
3387
2496
7394
2442
6684
1187
2248
1013
966
8136
8376
8422
485
8607
835
2686
2383
1900
1636
2775
7809
1099
4404
3213
2709
4654
981
2404
970
3188
4262
1060
419
8596
962
3268
2062
6970
4255
4511
1111
3258
3852
2212
2609
2925
4941
1472
5275
2478
4366
8625
1711
844
405
2231
2186
778
34
2159
2340
6514
5226
205
6906
1531
2788
1569
8524
7840
7160
9004
3478
7130
1125
2021
2441
8576
954
2494
4079
1193
7492
4121
2402
7110
5498
963
2712
7627
2415
1040
1715
2573
3250
8511
5210
1367
7764
2976
263
8675
6678
4458
140
461
2227
743
832
7990
3799
1132
3127
1834
3010
2829
6154
916
1209
2534
2966
2546
4885
4337
3489
881
861
3710
268
7055
4830
1822
4846
2752
31
360
6624
4178
5909
2912
8261
3843
1836
1535
2396
6440
6521
2710
4181
7299
1750
1073
2243
6530
3702
1552
8914
244
6077
4486
1493
7192
2612
5202
7142
4911
2334
1901
6263
2202
5069
6550
4645
5
6731
1816
1440
4394
7897
2504
3819
4228
6143
1394
228
3927
7254
3281
4171
8187
5556
4709
6612
1017
2465
3515
7415
2445
8636
3875
5834
4016
4936
3388
8642
5521
1631
4194
2647
2617
7502
1970
5053
1575
6862
327
6314
879
2582
2983
6591
2982
6148
718
6355
7881
7762
6042
1517
7161
479
6186
6744
5538
5250
7215
7099
4111
3211
2628
4306
1997
1147
8866
1393
4801
4135
6243
8848
7892
6686
785
5926
1839
2581
2905
3133
3759
2506
3125
2398
753
8979
798
2120
5055
996
747
7438
2183
2835
3357
5672
6031
207
4555
7411
218
802
7136
5449
4600
8254
2956
7419
7818
4844
4090
3038
4848
7812
6378
3266
8057
7150
8813
8915
4688
3467
1526
2660
7038
6062
3157
947
4976
3698
3358
1582
3359
3307
7585
1973
2200
492
4270
2815
7340
1032
3753
2287
3877
2594
189
1425
1746
2664
6954
92
6383
5243
968
522
4532
1408
2440
7748
1016
1135
3051
4166
8507
3379
2888
3207
6803
4401
1702
7484
6322
2370
6840
3351
6932
3707
7698
3263
7944
7587
4639
8840
3928
3924
7445
8833
8462
934
4369
714
2467
1556
2745
6162
7458
5604
5101
2610
9001
8871
1404
3758
6961
828
5588
848
5603
4491
2779
2368
7325
3860
1518
5965
4251
2572
5134
6748
7307
1025
638
1508
5853
474
1057
4319
1783
2427
1063
824
2232
2497
5735
3160
3238
2539
5960
1103
1346
8157
3218
6458
1317
3845
3795
3660
2817
7101
2342
1173
7826
956
2401
5012
6695
1245
893
1192
379
7792
8264
3718
274
1076
8531
3024
2704
3173
1888
3871
100
5715
275
141
1978
1779
516
6012
2347
2167
3908
4923
1688
6739
891
3805
1018
4625
7894
5570
1331
1101
1196
6985
7171
8008
1212
3140
3854
961
6561
2320
1621
8689
994
6286
5352
2331
8629
407
1358
3540
2981
482
7121
1919
719
3953
5315
2621
5137
2327
2681
8617
950
105
4703
4610
6264
2436
5810
202
3150
5945
6774
300
1791
3868
1365
7208
5214
7759
7126
5470
1028
2004
550
726
603
6395
6211
5434
4002
1453
3602
276
6132
5146
2366
6662
2418
3714
3996
1665
96
2310
764
6571
4148
7456
1225
2439
8810
324
957
4980
4399
2335
2942
720
8670
3575
6896
6777
6800
1014
3563
5365
4833
2399
321
2146
155
8604
2241
3408
