item_recommendation
25737
8327
8093
7541
8571
8253
7872
7802
7478
4873
8207
8117
7697
8070
8360
7914
8033
7669
8477
775
7560
5765
8522
2686
8290
1523
8684
7613
6073
8420
6195
8183
7738
2159
3232
4246
1816
4584
8447
1744
7282
8261
8056
8848
5498
8761
3587
5909
1580
7636
6211
2300
1657
2504
741
6178
6365
7577
7649
5433
7976
5556
2966
6493
4316
4101
8709
2605
8385
7437
1831
4709
4649
5159
7272
7995
7245
4795
3604
7932
5515
888
6559
980
5558
401
828
8167
8482
7809
5312
733
8187
4290
798
3377
6355
8807
8675
3235
4911
7492
626
5791
8819
8892
5772
4088
1907
6148
8235
7016
8604
4945
731
8003
3649
8743
1453
1652
6395
5784
5269
1721
8795
1696
3368
7299
4830
5198
2212
2761
5470
1161
8511
1513
1804
213
4809
1788
4638
4515
5825
2835
4987
1739
3051
3292
4748
6140
129
8903
1145
7228
3163
3357
1639
5980
3408
885
8225
1777
5134
1870
3643
6077
869
7407
3751
976
8600
7979
4273
1794
8827
8499
4284
1046
3653
1394
1812
2688
7881
8121
718
4600
1211
2689
4941
6686
2721
5410
4731
8722
1702
1040
6579
875
3868
3140
3508
1025
1472
8019
1640
960
2786
3081
1013
1783
4696
5689
1003
661
5538
8273
1401
824
2506
7892
2295
4310
6658
2633
3434
8718
8998
3086
9018
6329
6996
7059
5742
3996
4380
1970
6906
4818
5404
7340
5333
3324
8650
8331
6703
7958
5315
3210
4386
8039
8157
6051
526
6440
7789
6042
1317
5008
6525
1852
4366
8451
3060
2829
285
8154
4577
735
5296
6348
2772
3370
3194
2062
2668
994
5101
2494
8336
2459
1132
7815
7444
4337
3402
1147
1631
4563
3522
4486
4432
2704
8616
4342
6273
4663
3474
3358
3563
2310
1608
984
5597
1549
4861
6636
4703
4166
1598
4122
1077
2227
1209
6154
2340
4228
7899
963
2207
2385
2467
3338
2507
2350
764
527
6408
3859
2241
1444
5926
6000
1507
405
5346
3816
4652
7502
8542
1826
196
2796
5850
3401
8751
4992
5193
5723
321
2669
2676
5139
1354
4190
872
7293
3521
1440
1801
3852
990
5103
2912
4893
95
2195
5707
996
988
6728
2521
299
1834
2288
929
3262
3159
3784
3892
5199
4888
4643
5375
2880
3800
6237
1641
4207
4051
183
1331
2639
2581
6591
1771
6022
6970
5080
955
1515
2201
6446
3420
2570
2573
2769
3341
786
535
6646
135
1078
7934
582
3763
6318
2649
531
4401
195
7487
6850
8044
6954
1310
1131
4654
1111
870
7250
3843
2149
2929
7135
8695
7743
1959
8484
5108
1916
1026
5787
6383
2546
1320
1619
5146
2879
5161
474
2699
2204
5214
375
8777
1240
2809
2447
4399
4865
5224
1288
1562
4508
7139
1020
3879
1341
4570
2490
6132
1363
6974
2596
1785
1437
2427
2594
1529
521
8689
7115
4178
2798
3538
92
6484
1844
7038
3064
4383
2975
8730
5729
8914
1135
3316
6410
8491
3552
1286
3398
726
6690
599
543
1433
3253
6143
3554
991
6927
2560
8661
5177
8943
3074
3264
4278
4859
3269
2935
3388
6806
3973
3889
4121
6473
4111
1951
571
858
5114
2311
4084
3489
410
2625
3349
7826
7121
7107
2687
1767
1819
348
2766
1073
4203
721
2043
953
2097
3150
1031
1836
3211
437
5182
2200
45
2448
4881
4146
2325
4802
6166
2753
3759
3916
1759
2715
1233
1063
2074
1204
2403
2393
2285
1186
2364
1080
1226
2789
1616
2215
1388
3177
161
167
3068
510
3042
99
2866
3134
3147
918
2922
3005
306
7817
704
742
5264
2496
3125
2681
3608
2754
7372
4642
3780
3687
818
8772
3975
561
5179
1997
685
48
4815
2981
695
2399
1556
3926
1076
2937
5602
4971
8403
5038
7564
507
2982
6405
936
1730
6279
2465
5335
5630
5413
5241
3404
6840
720
4055
3176
6476
3334
4626
2563
1218
1120
5417
5428
3673
6387
3771
5666
3476
5450
3695
8363
5505
3679
3664
6468
3661
5506
5544
3788
3618
6482
5283
5398
4403
4459
4464
4465
7083
7101
7117
5066
7199
5057
8957
1610
4975
4716
4745
4749
4960
4767
4932
8970
5111
4381
7260
6936
3835
8196
5366
3897
3936
3943
3992
5300
4018
5299
8853
4140
5255
6793
5254
4175
2106
5231
4241
5682
8584
2697
5995
919
6332
6323
6037
8611
3326
5705
8544
6228
5777
921
920
5694
5792
5994
5808
8528
6250
5846
6238
5841
5843
6101
4475
1769
1281
753
6957
2659
2828
4411
1671
3546
2858
372
8502
7919
8963
2820
3564
162
3276
3459
4947
4964
2883
84
47
7195
3989
1114
2306
8629
2231
7569
670
5782
232
1582
4420
5478
2726
2497
3066
707
5226
4619
6155
3006
2534
945
3688
1482
1268
4989
8899
2600
2634
1841
5718
3425
1085
7728
3677
7459
4970
5568
746
778
3543
4921
1130
251
5010
5164
4006
4042
4495
4402
4415
4027
640
6427
3071
1972
951
2429
7705
667
2986
7020
6624
1103
5348
3213
2708
673
836
3702
2221
833
750
2843
1404
5913
2284
360
5372
5202
8589
1235
7348
785
4226
8607
4511
278
6254
1941
2373
2091
32
2371
2082
754
2815
125
5053
4765
7211
1055
8910
656
5581
2741
4339
3169
464
6826
2437
647
2478
1526
880
2147
7215
5250
2313
4139
1245
1978
5421
6961
5352
2673
1827
202
4914
6695
2155
1196
8524
7147
2531
5069
7123
1686
2583
1352
5059
589
1925
8654
1033
6429
2523
6091
7177
7753
547
2752
1006
6390
1095
5151
8410
3768
2422
2528
970
3807
513
3635
1929
6084
2440
4155
2946
8633
472
760
378
2770
2291
2884
615
4605
4254
2630
504
8008
2939
4952
4451
5752
4319
3947
5294
4526
2072
2486
2990
597
2327
3016
3044
8014
1497
6977
4414
2780
3483
6595
1689
8724
911
12
7787
2305
2481
5443
905
4675
6950
6571
1860
4710
4223
3977
2839
3600
373
366
6958
