item_recommendation
25737
7872
7541
8571
8327
8117
8093
775
8183
7437
5515
8360
647
8225
1513
4550
5410
7782
8207
4731
7560
8253
980
8899
5159
8743
5597
6073
793
8290
8403
7613
731
1003
6154
6970
8447
8033
7697
8596
8772
2605
7636
5742
2659
1870
7669
4649
741
626
5765
1507
4577
6260
5186
7478
778
5198
5723
8376
733
8420
5662
8499
401
5312
8136
3875
5556
1562
976
8859
6178
1831
3324
5768
6902
8003
5288
4246
5715
5729
2227
8998
6918
1111
7878
7234
8591
8636
5675
4316
2686
5177
1437
986
1711
9012
5853
7649
4795
129
745
5689
7938
4941
659
6355
960
7245
1145
7728
5538
3232
8261
8154
724
4830
3188
7914
3489
1515
2769
5008
1707
5315
4923
7881
4153
1135
735
5282
4458
1907
4076
7204
1631
6493
3816
6579
1317
5443
5254
1040
4703
7831
1523
6091
844
8720
1812
764
828
858
4638
1777
875
5038
3334
6826
1739
8661
718
4740
3819
7260
4241
5398
5666
2647
5808
8070
5641
1008
4366
3417
4801
4515
6751
8580
3936
7263
4584
885
7786
4079
285
864
526
4634
8961
5365
6408
2696
2186
2300
7186
1006
968
1147
1771
7888
4821
3604
3086
3235
3194
4437
3377
6728
3702
6211
5710
6195
2688
6760
1053
798
2347
8709
4171
1021
3368
4873
8629
2681
7802
5323
6718
808
695
8848
6612
8462
2982
3307
5611
8879
748
4404
1552
535
8777
964
2912
1624
725
1161
5839
984
719
6774
656
3127
8943
5498
3238
5834
5139
6513
2243
4016
48
4727
1272
5275
7809
8275
8522
8665
4673
4251
720
1525
6395
4765
2798
1076
9001
1744
3880
6684
951
5699
6404
4696
7698
3928
3924
4639
7944
6932
7587
3707
7445
3263
8840
8833
41
893
2660
1535
1819
8642
990
6835
5772
6341
4440
2385
6294
5655
4095
5936
824
3292
2772
5968
5055
8882
888
1320
5372
8768
3587
5909
6963
8410
1049
4600
1767
947
869
6547
2415
5087
4654
6985
7038
6706
3152
1788
5069
6314
3408
5752
6744
7254
205
2832
7407
728
135
3133
5193
2937
750
1187
810
3456
4802
2473
963
9004
2668
1580
3758
155
6630
2478
886
360
4516
5638
532
1151
5047
3520
4282
4823
5043
5092
5539
4655
4214
4664
4674
5501
830
5540
8607
8914
6800
6243
6896
1479
232
3251
45
1026
5414
8920
5795
780
5735
1422
3759
6121
6803
2741
374
5684
2976
6390
2892
5053
6676
2441
8838
4284
4273
5815
4895
746
3714
4263
3173
3284
2779
4911
4976
1137
144
2799
6498
1046
8477
2282
3256
5672
7894
6405
1017
1060
1030
5810
5170
4680
2107
2780
4462
2062
961
7282
189
969
6436
5825
266
1508
3668
714
479
5243
6768
896
5784
5269
2617
4401
5625
3522
4432
7078
782
1099
2956
3359
7126
3649
8142
276
3388
2745
4262
3160
492
1288
1057
4980
121
274
3218
7419
4748
6887
7309
7171
5034
7198
5056
7822
6422
5285
5363
6732
6375
6105
7063
6754
7771
7346
7235
6432
6331
5696
5449
8524
1501
8807
2496
5585
1750
140
3150
5161
2513
101
4312
1517
6047
8699
1805
1980
1404
2546
3210
16
753
1059
5952
4987
2184
6645
816
865
1733
6852
6851
7357
7702
5667
5690
6584
7017
5373
7153
6464
6342
7791
1020
3584
802
5836
3497
8123
5826
4104
6060
8949
4300
7919
5400
5401
5746
8371
8921
3957
5732
3654
5847
8828
5670
3499
4929
8610
5685
8640
8147
5003
8672
2458
1438
4834
405
2183
1192
4999
3656
2809
5470
2770
1909
4645
4228
4101
2440
2516
3357
2687
2983
2582
8385
1236
6470
3889
7012
5182
1120
3424
2481
6279
8689
2197
4572
6103
1004
5085
5203
8955
8582
5686
3825
5700
5678
8423
5680
3611
5001
8966
4477
5004
5940
4994
4889
4832
8785
8158
8197
4677
8138
8835
8130
4450
7947
5796
8366
1617
5517
5736
3491
5002
8372
5577
2640
8542
8985
8872
1581
2031
801
4088
4428
5033
4105
6678
743
2120
6035
5572
3360
3402
3241
2897
5466
5462
2548
6530
2394
461
5346
5980
3096
2288
3207
3028
76
4420
280
2815
5117
4936
218
6827
915
981
5114
1104
7299
2241
2966
1497
4033
5134
6533
2669
3214
8042
5518
1047
275
303
1132
973
4833
2801
6571
5693
955
3575
1844
3851
998
3831
7979
1726
1196
3495
387
6296
423
5489
5413
1836
4878
2504
4349
8654
1346
6114
7208
8638
1900
435
3500
2981
2418
3795
472
2829
2622
6225
953
2128
6559
2961
1042
2467
2159
6077
879
4521
6636
5021
4979
3521
4532
2935
1688
26
945
2639
7272
861
2880
3159
3784
5199
4888
929
3262
3892
5375
4643
4861
8157
2493
7792
156
769
2900
1582
1394
1873
2621
8604
4310
1690
485
419
8722
5418
5504
3358
7619
3996
1665
938
3140
892
4963
4803
2651
3753
813
930
3081
2445
5419
6286
6658
5791
5335
5630
1073
2796
7748
1225
678
833
994
3693
105
2009
4885
4736
6051
786
3428
6232
3142
1171
2497
1783
1769
3113
1419
5224
6368
747
322
4625
2339
8451
7394
2289
3608
1286
4658
3338
154
8187
5135
94
3751
2236
2118
1036
944
1101
854
742
1013
4967
1056
482
3216
2248
1209
3066
2219
5588
34
4417
1500
3434
2699
474
1931
4876
7180
3452
4298
3773
5218
1880
4490
4045
4945
263
1721
1779
8121
599
7705
4414
480
196
1032
3882
1358
1050
726
8589
1301
2938
845
364
3563
6609
1105
7340
2545
7577
527
2835
722
5291
4247
1791
5705
2427
788
222
6365
1667
3351
3051
1834
3213
2581
3445
4190
1549
2565
1175
580
6473
8670
1493
916
7502
6858
5352
1044
1103
1215
2500
2993
2985
1125
13
3852
4319
2231
4996
1037
4642
7899
1639
4735
4563
3926
592
504
818
4380
453
4383
5707
6093
5433
1848
244
8199
5745
881
7444
2761
872
