item_recommendation
25737
7872
8327
8571
7541
8093
7437
8117
7697
7478
8447
7560
7613
7914
6242
8360
8225
6355
8253
7669
8290
8033
8183
5597
6579
5033
7802
4417
980
6132
8056
6743
8070
8207
7636
7649
8420
5210
8403
6826
5433
5980
6568
5159
7245
7782
5600
775
8477
4086
6718
4108
8522
5515
4706
5825
7728
7293
6178
3368
8772
3964
7407
8385
8003
6365
7738
1513
8684
8743
6073
6183
5765
3232
8499
8596
2769
4389
8154
6154
8235
5548
7394
1523
8167
8998
5410
1003
6918
7976
5009
6091
8899
9018
5723
6195
3235
8661
7932
6970
5080
6559
6636
7938
5134
7186
5203
5662
647
5742
5012
7234
6493
8410
4584
6140
5329
4124
7878
5193
7263
1744
5264
2062
5633
5008
4121
960
3281
4873
6873
2659
695
4550
8636
733
6829
6782
3324
5198
6658
5489
8859
8819
731
5909
7753
4696
5186
6902
4941
6612
6751
6260
741
7228
8261
3816
6707
6624
6930
4795
745
8961
8376
8136
5312
4600
626
5611
4731
5729
6234
8879
3213
5288
7995
7005
8751
6760
6609
984
5177
6676
8709
3875
8607
5715
1317
7299
6728
5117
2374
5021
6404
7481
4686
1870
7809
6757
285
4920
7282
8670
5853
6748
7204
8848
1507
1057
6261
7160
8187
5768
3377
4821
8591
7888
8943
1907
7705
8451
5675
4290
266
9012
6143
4414
2475
1515
7577
8580
1046
5968
5772
6440
7831
129
3869
8589
5689
8008
7135
4830
8777
8807
976
2212
4740
8665
8039
1352
2038
6279
4658
4782
1844
4316
990
858
4911
6294
3420
2557
6498
1816
7171
6684
8654
986
3188
526
8761
4076
401
8699
4765
5815
6850
4366
5038
5936
6835
7492
3799
969
3113
7786
6426
4577
4437
955
6211
1562
6703
5699
7502
8524
3587
7881
5839
6390
2300
8629
6547
5254
3216
2647
4262
472
8482
6116
6219
2860
8511
2340
4761
5017
4391
8827
6395
1777
5655
5282
4079
6318
2605
7272
953
2686
5398
6892
1437
4844
7121
6521
3127
5666
1812
5101
2227
7254
232
8542
6884
4246
3489
6531
7195
6550
8604
6446
6314
1580
3819
7748
48
2288
659
6516
1288
2609
3334
1187
6920
5808
4727
5026
3882
8633
2780
4638
6650
724
6862
4846
5139
7099
954
6513
7260
2912
8675
1147
7038
4809
4241
6162
3936
6383
5443
6562
3608
3854
4051
4801
6077
8903
4432
5568
861
4984
5641
6957
3238
7840
4923
6896
5945
6927
2521
964
1006
4420
8491
951
7130
5926
1024
6207
3604
6832
5420
8462
8142
5296
1047
7771
735
6436
8720
5275
6535
3871
6021
6121
5161
5588
6840
4901
4153
2696
6408
45
3845
5850
6630
7444
1767
4649
3668
5413
8695
6422
4552
5625
5473
3194
1739
7979
1472
7619
6803
7419
5752
8892
966
6686
1771
3417
4605
8689
7073
963
892
8616
888
4936
8157
2935
5470
3221
4101
880
6000
2688
5940
5795
6047
5291
3292
5693
2772
535
1831
6322
912
4251
189
1021
5365
839
6706
2798
4895
2513
7078
2496
6800
4987
8979
6375
7107
998
788
1624
864
1794
5556
3804
8914
1053
7826
4235
7720
8722
4840
4171
3210
4885
7897
1145
2154
100
321
6985
8768
1836
4945
6721
7789
6739
1111
8147
6768
5114
7817
5684
3996
970
725
4162
5971
5710
8910
6331
3307
1060
6530
6148
8927
1569
3402
885
6932
5053
3632
5952
2186
1030
6464
2236
5553
4440
3963
5834
4228
2982
3379
6774
5618
1531
869
4427
6981
5323
5170
5732
8813
8882
1120
7894
3575
5182
4861
7583
7346
3702
7034
101
4016
2660
6290
4680
2937
1639
6591
2956
8977
1590
4404
3263
4639
3928
7944
3924
7587
8833
7445
3707
7698
8840
7456
8625
915
8920
5585
7484
5672
4194
5304
753
7487
8123
3522
5055
7192
2473
3163
8810
720
8638
2478
8014
2347
4401
3173
6400
1508
4878
8642
6669
3028
840
8273
4515
5572
5787
981
2415
3284
656
7198
7058
7340
7016
1839
6470
4814
3751
4709
8640
3920
6051
7357
2407
3759
7892
1161
7208
9004
1336
4477
7990
1032
2241
6252
828
9001
6887
5784
3086
6877
798
3889
2801
7415
5269
6114
1367
4033
1209
8121
8838
4135
7822
3456
6035
7189
1686
6103
6341
6695
5791
5836
8864
2799
5462
7919
4312
2976
8275
1476
4088
2581
8781
844
6243
3758
893
5735
4976
1819
3611
7115
2159
5400
5466
2668
1012
8366
4833
6744
1017
3408
5363
3795
8745
6963
5888
994
5707
947
6690
8484
3714
5440
5214
4284
4095
8268
875
4273
1135
1013
8228
4450
3359
3787
8239
5146
879
5164
8808
5498
4980
5449
3649
8044
7250
4349
3584
4188
8835
881
263
5352
5538
3515
6584
7211
5285
6533
1125
7458
3512
7055
4967
5243
474
6502
4263
8336
6286
2504
7126
4098
2617
1192
6056
1020
8507
4139
2546
1004
1631
1980
7235
7309
6977
5832
4929
1281
1042
8672
2631
8921
5670
7947
8828
6732
6432
6754
7063
3643
1617
968
1040
5034
5003
196
5826
5985
8949
7791
5056
5696
4104
3957
965
5577
5517
5685
5438
7762
15
5001
1581
6852
6851
3497
4300
5401
3338
6678
8387
8197
3654
5002
8984
2824
4889
4832
4677
5847
7017
3491
3825
3499
8610
6525
5810
3251
3388
2259
5004
1026
5680
5678
5686
8582
4994
2184
6645
3656
5746
6060
6105
5796
8955
8966
865
2843
4368
7142
6342
6856
8985
8785
5667
3157
7153
7702
4066
5736
7177
3370
2704
7012
5373
5700
2640
8872
8453
8423
5690
5046
5458
3218
6827
2476
961
2318
886
6225
2441
8371
7757
6223
1525
2779
3354
4834
7316
4166
6509
5923
2009
4612
6273
3081
4999
2741
4848
8158
8372
4428
3199
3357
8130
8138
5427
5581
2231
1131
1036
2183
7764
6906
5518
1852
3160
2120
2829
3096
522
3241
2966
7101
7792
3698
3031
6885
3207
793
2500
6770
8254
2689
2582
2983
5346
1834
7585
4081
4688
3266
7812
5558
6460
