item_recommendation
25737
7872
8571
8093
7541
8447
8327
7613
8117
7437
7697
8360
8253
7669
7914
7560
980
8225
7636
8070
7782
8033
8420
8522
7478
8290
5909
2659
6826
8385
7938
8661
3368
8743
8403
8859
8003
3232
960
5159
8183
7738
7186
7753
6365
1003
8477
5723
8899
695
4584
266
7234
8154
3324
1523
1907
8056
775
1046
4941
6728
5611
6318
2062
48
1744
3281
3869
2340
2374
285
5117
955
6559
1513
4821
858
6355
5597
8961
6918
7728
7802
733
953
1288
2780
5008
5264
4550
8709
5515
1024
4658
2288
7407
526
7705
8596
2212
8499
4366
8879
232
3816
8235
984
3188
8665
4437
6091
6748
745
4162
4731
731
6630
7786
8761
4638
951
1816
8670
8819
8410
6970
8654
3235
1352
6242
8376
8136
3875
970
8772
969
6521
7293
6143
1844
4577
966
4391
6195
8589
8998
4417
4901
5980
7649
6892
7394
7038
5033
912
7245
3113
4873
6550
6579
840
6609
7748
741
4801
129
6902
5296
4761
954
888
6568
6624
3417
4414
472
6178
7263
535
5017
45
5662
3127
964
4262
7888
2647
4795
2154
4936
6743
4830
8633
3632
6612
4427
1812
5012
3377
880
5410
6132
4076
2772
1187
3604
659
1531
189
6314
3702
8462
4228
4987
990
7831
6116
2241
3428
4649
1006
6207
6322
3668
2300
263
1767
3854
6535
4782
1013
3199
7299
4432
6243
2173
3799
8920
101
5080
6000
4079
8642
4404
2407
321
986
2860
4809
5473
6636
7619
7976
6932
6390
1209
5186
8910
485
1562
2660
647
5161
3263
7445
8833
4639
3707
7698
8840
7587
3928
3924
7944
4923
4316
1012
8008
3795
8684
5210
7502
7107
4171
7487
3028
8689
5134
6440
5839
4740
6744
2769
1624
5198
976
886
5936
4188
6294
1771
8167
3218
1367
2605
1437
1870
4765
6760
2686
1135
4121
965
3307
6718
626
1004
1042
3093
981
8914
8777
2236
3210
4696
957
2937
725
9001
3420
5226
7316
1777
6658
4984
1676
1060
4086
4255
7099
5815
2799
3157
1590
4846
2617
8574
5810
2798
3996
7817
881
2793
3845
2688
1281
870
7211
2415
1336
3804
5449
8984
8977
6798
9004
1021
5952
2935
3351
6751
5021
7878
5968
5312
3213
4251
5498
5853
4045
8268
522
4895
2004
994
5641
3714
4861
492
1515
1125
6706
1834
7126
724
7881
15
1132
1020
4686
5834
6591
1053
5729
8636
3238
6920
8187
6154
8629
8699
2082
5164
7481
1569
1472
1517
3649
5433
5558
2622
2248
4911
6260
5765
7282
6140
1057
8453
6676
8207
5926
2396
3194
3402
7484
2038
7311
1476
4920
3575
5329
7577
5165
7894
5489
2982
1507
2496
2437
2609
5440
2227
5053
196
6850
7254
1702
861
3176
1394
1831
5715
5742
5888
6803
735
3522
4101
5625
31
7135
3251
1794
9012
8591
5009
3207
3759
4706
7195
4498
1040
2331
3540
2442
962
5703
6885
7160
6774
5699
5693
5288
4033
8009
1824
7380
6021
6509
2775
5825
4098
5346
6832
5768
1295
5655
5782
8239
2478
2418
6731
93
3751
7757
1047
998
7272
4666
3693
1438
205
656
7415
8751
3086
2897
5801
3860
4349
3296
100
7809
5365
4401
7990
8044
3805
2981
720
6985
1581
3871
5568
6977
9018
3081
7792
5675
5600
3456
6077
3503
2318
4600
2433
3125
3256
8827
6562
963
6762
8781
5530
5291
2976
5569
6840
1161
8614
5193
6073
7720
3268
6739
996
5832
915
6530
7208
3160
3357
154
2687
4290
2581
1145
6225
474
6121
892
7826
274
1819
5588
3947
5857
4814
3882
2709
76
1225
1330
2829
218
3584
1019
2186
2394
6927
4153
6498
4246
3024
5378
7566
7845
6415
8526
4292
8948
4811
2941
7044
8950
6641
3492
4020
8908
3997
7584
4692
6370
5900
6348
8854
4016
1131
6880
961
6480
4568
785
288
6862
6516
2404
6777
8745
2796
4885
3508
1173
5850
8482
1017
4440
6835
6148
4511
7189
7204
8768
2689
5940
2516
407
7171
6047
2639
1696
3752
828
844
2900
8609
6695
5585
5375
6724
401
5275
2801
4605
3819
144
5752
2347
4642
4888
3262
3784
4643
3159
3892
929
5199
4680
2880
2069
6974
3608
1508
7583
7759
6298
6404
6791
2352
4933
1631
5864
5734
3978
3354
1317
3387
753
5923
2521
4727
2546
6678
7034
5075
8604
7078
498
7979
3964
5356
4270
4161
8580
4833
2436
8927
8695
2669
7180
5139
1032
8607
4718
8157
4603
5055
8864
5696
4066
3216
885
4108
3359
8392
6446
4876
6234
1429
2621
6547
6513
6186
7932
2427
5604
5214
4375
380
4312
8228
869
2366
8638
2533
3800
5202
7147
4166
5799
5203
6703
2500
5809
2752
6383
3394
8261
6981
2531
2727
6768
4844
427
5745
3358
6162
5971
4546
6375
2368
2458
4135
5177
2231
3852
8848
2817
4420
6436
4319
3587
5882
947
6283
748
1301
2473
2197
2745
2078
6966
5873
6684
8524
2730
2385
2346
1030
5795
6957
8700
1836
8923
3611
3489
6223
7789
5965
527
5689
6400
1026
1639
6464
4389
866
8530
3388
6286
5710
916
8484
8542
8865
8807
5151
2344
6536
7841
802
714
875
7096
4632
3438
1525
2668
6617
4803
8943
2506
2497
8620
4673
6422
8507
4976
4477
7346
4394
1996
6276
6615
2504
8131
864
5548
7011
5243
6062
3889
1582
1636
3920
6858
3758
6183
7844
6185
7355
7843
7706
3655
2959
2577
5352
5470
1331
4645
1016
5735
1839
5899
3292
1852
5732
5168
2468
7357
938
6230
6433
8387
6254
3274
5772
6650
7089
4051
7036
5630
5335
7995
6757
4592
2295
4029
499
2439
1104
6995
3284
4462
2155
6003
6300
8720
5599
1668
328
276
3521
2912
3152
550
6231
4842
6331
2696
7897
1474
4569
3730
3101
3709
8039
4342
4980
8388
4506
7016
7822
6620
3560
3173
896
3863
6782
8142
6950
5570
8366
4111
5523
1739
5187
685
5443
8979
1393
6470
5324
2557
2009
5787
1235
423
