item_recommendation
25737
8571
7872
7541
7613
7914
8360
8327
8093
7697
8225
8447
8183
7669
8154
8117
5264
8879
8033
7782
8070
8056
8253
7636
8661
980
7437
8522
3093
7938
8410
7560
4821
8290
8859
7407
8927
8403
8633
1744
1523
8684
8228
6579
3232
8761
4437
775
7753
8235
5159
3281
8420
8699
3632
5008
8743
4658
7728
7293
8596
8477
4809
8620
2659
5597
1562
8003
8977
2935
984
7809
8899
7802
2236
5772
7234
7619
7738
1046
7478
8777
955
8961
3428
7720
1777
5765
8385
2344
3268
2173
4162
3324
8709
3368
5787
8910
1024
6195
6318
7757
6091
8207
129
6154
6207
6970
966
7649
6365
4632
1812
858
3235
8654
3608
2442
4920
8239
960
953
4375
3668
5515
5723
4188
3751
5410
4941
4177
840
9010
8392
1515
8169
4936
8609
7583
1437
6509
4603
8864
4161
6566
7155
8133
5840
3761
2434
8831
3639
5097
3615
8799
5122
8712
3479
3344
8525
8612
4238
5909
1816
3863
8589
6918
4076
5489
7186
8388
8136
8376
1767
7976
2396
1288
4366
6559
733
2340
7316
8865
5134
3188
232
3875
8451
4600
745
6728
2227
1003
6178
8667
3354
8722
816
2772
6630
6314
4984
2686
3127
6760
4861
2687
8998
5729
1281
1676
5440
2605
4171
2062
7888
1513
4079
5473
994
8665
3431
4024
4837
5588
3655
2404
526
1907
659
695
2318
5210
3292
8387
2366
7299
4584
2241
970
3438
6073
1004
401
2159
2155
4550
7204
870
2981
6850
2752
5177
7786
1060
2799
6751
6826
1476
7011
2212
5611
969
5186
951
4731
1612
3427
4782
8499
8772
6143
1193
2402
4740
3207
3602
2761
3417
4885
2609
3908
8167
8670
1771
8604
1794
266
6885
7245
2786
915
1652
6322
7705
731
2496
1783
8462
1317
2780
888
2021
4923
4262
2374
1042
7101
2004
4432
7036
7878
2727
48
5470
1125
6803
1970
3258
1020
912
4873
954
828
4414
5585
2478
3816
9001
4901
2457
3869
2436
2427
4761
965
5033
2660
7587
4639
7944
6932
7698
7445
8840
3263
3928
8833
3924
3707
5662
3478
4404
2925
8903
7038
2617
1639
880
6294
6521
7748
7394
2802
2902
1876
2647
5065
8008
1472
7484
881
1739
285
3251
4696
5834
1819
7831
6536
2433
4577
761
976
2581
6609
2788
2793
3351
872
4638
3540
3307
4830
990
741
8642
3081
9018
798
957
2668
6612
8580
1721
8261
9004
3456
3051
6390
5980
626
835
718
7894
2966
8147
6355
1569
8751
656
3210
1352
8819
3113
1580
3702
522
5198
6636
4251
2415
1016
5117
2897
2982
2801
2937
986
4394
3845
8920
144
1145
1608
1696
6550
2504
981
2368
7110
6148
6624
885
7263
3714
2370
5742
6920
7171
1135
5254
1019
4498
1590
3804
5475
6902
7990
2709
2766
6571
2835
3420
4801
5114
2839
7254
8807
7126
45
1225
2439
3296
4391
5715
196
875
4686
8574
1013
1057
2912
2900
1111
6132
7881
5810
8914
1516
8689
7792
5433
7282
189
7771
3587
647
485
2669
1006
964
8848
4051
4911
1531
4722
3213
1209
3298
4462
5534
2975
2300
1507
3900
1187
1012
1120
8625
8336
1581
2186
8636
6748
8491
6547
2942
1363
2232
4121
3387
2239
2824
1030
3882
3377
2533
7932
2418
2860
5936
5288
6056
1196
2493
2400
1933
6436
2398
3150
4727
7979
5202
5689
4290
5853
1517
8131
1980
2674
7502
2775
2630
4191
5815
2506
7438
8453
2407
1554
8542
1295
3370
2832
2494
3795
1021
535
213
531
7492
5352
6638
1870
5604
5675
8591
5768
9012
6835
3786
6615
2664
3034
7099
1643
93
5825
998
1959
1487
3819
3010
5839
6260
3008
3604
3349
2394
2399
5968
5296
4895
7272
1951
8187
5017
427
2437
4876
1831
2633
5850
3334
5449
2866
575
6458
5570
2521
6498
971
6981
1624
4897
1218
2352
4933
76
5139
2513
8827
996
1132
5365
1750
2779
263
6695
3996
498
3006
5038
1759
4304
6840
6440
3160
6974
1916
2596
5628
5965
6367
704
2715
2403
1233
2393
1080
1063
1388
2215
2074
510
1226
161
3177
2789
1204
2285
1186
3068
3134
3147
3005
2364
3042
918
167
2922
1616
99
306
938
1852
2769
3693
6116
7055
407
886
6140
4795
6077
5165
3238
6493
2325
1053
2798
5568
6744
2624
6395
1730
507
8892
2622
15
4255
321
2570
4928
1184
1997
6892
4440
2582
2983
8268
3211
1114
6706
2817
2815
6985
2621
5282
6658
2600
6211
869
8607
1040
4765
6290
1873
5312
1702
1479
472
685
8720
2429
492
205
6676
879
724
2546
2620
1131
4153
1841
1219
2043
5291
6513
2516
2956
2583
8650
6000
2401
1844
2990
3676
8779
162
2976
3475
3116
6669
1429
2327
735
6422
753
2288
1834
651
474
5095
1692
1026
4605
2481
1923
6408
3575
2959
5498
4511
6123
7789
2046
5952
1566
2858
2704
3832
7195
7817
2567
2090
3218
2248
2204
1253
3071
1972
3128
3028
7228
5699
2490
6703
6279
2915
2979
7379
5641
2696
8191
1380
3522
899
1085
100
1996
278
2207
7487
8422
2507
1903
2458
991
5864
299
5788
95
2946
2905
2347
8857
8854
1322
2634
7826
5666
1453
2753
3016
5398
1788
6533
4241
3936
864
527
1029
3508
2468
5693
7121
7107
1549
1833
1059
7369
6059
7376
3108
3216
1095
3156
2350
6464
47
6794
6862
911
1087
1015
6223
1826
4316
1671
861
2977
7260
4987
5752
5808
4612
4081
2385
7444
4033
4406
3338
3489
8882
2295
1010
2039
5655
2843
6684
4878
4108
1641
1556
3256
2367
2986
2642
844
348
5021
1586
1493
1804
4846
1428
4844
2311
4045
5553
3024
7627
6944
101
2548
1303
3671
5625
2342
3155
1073
131
8524
6341
327
1508
5443
7577
2069
8943
1329
2610
6231
6774
2378
2160
3199
243
7841
1929
4649
4969
547
1575
2363
1286
6686
6243
1582
5795
7995
1824
3178
4666
4896
3588
3611
8273
