item_recommendation
25737
7541
7872
8571
8093
980
775
8207
8117
8183
8327
7697
7560
1003
7613
731
1523
5765
960
745
7669
8360
733
5515
7914
8447
626
7437
8522
976
5312
4649
6091
5159
8070
7802
8225
3235
741
3324
695
8420
984
955
7636
4911
8253
7649
1870
994
6195
7782
2062
8477
48
6211
6154
1513
4600
1288
232
2300
5134
1744
7478
1006
6178
8290
2772
951
4246
1515
1046
2912
6365
3125
1507
964
2686
3408
953
5198
5772
3281
6970
8261
8003
5742
8385
735
4366
4795
2659
970
266
3816
3232
8033
2937
3702
4584
6395
8154
1907
2798
4987
912
4316
966
8899
750
888
4638
1013
535
8743
8998
4782
1209
1132
5729
1057
858
6355
5410
3587
1037
969
1788
3368
4731
2780
7245
724
2573
1026
7938
4830
8859
8661
6559
6918
954
285
5689
7728
6579
5611
8403
6073
7186
101
1834
3649
4440
8056
5269
5556
5784
5470
5923
962
3869
7234
1042
5352
981
1040
2668
870
7738
4550
526
2288
6318
5008
4326
4101
880
5791
5980
129
1394
4228
725
8187
961
3113
1014
5356
7407
786
7115
2521
4809
2385
7753
5723
2154
937
6658
2374
4893
45
6728
2212
1161
1004
8499
4801
5346
8596
6636
4045
2688
886
3604
1816
5825
3188
6826
1831
1012
7121
8451
4262
1676
5909
1030
2769
2689
3377
6322
2982
2440
3434
1812
869
2173
1281
963
4162
3358
6624
3428
5834
4861
2699
8722
6440
5375
2340
8008
8819
934
8665
6493
2880
8462
2639
986
8604
3262
3892
4643
4888
5199
3784
929
3159
5186
474
5254
485
4936
5139
7881
7272
4941
1367
2248
1020
5597
6077
2827
1053
7976
2741
2605
5038
3357
3155
1021
1844
6314
2487
531
8709
3292
5666
1125
1476
2796
6751
4901
8376
7577
5808
1624
3081
4642
5398
7260
5177
1024
3936
4241
3334
5021
4111
885
8121
5843
2467
990
4765
4984
5413
916
7789
3210
8772
785
1437
7831
7932
2102
3891
3343
3682
3692
1061
1529
2669
8136
3875
5117
6408
6630
4437
7809
7979
8235
4432
900
893
7293
1147
746
3575
1531
4563
5662
1702
881
3213
8961
6612
896
2681
3489
4658
8410
5179
968
4577
6676
2428
6450
1135
3051
2546
726
4803
5707
2004
4391
947
5718
2227
6850
2295
2134
3402
2082
3508
7282
720
1819
8670
5335
5630
522
6446
7263
6902
205
2482
5193
8848
3086
2236
4190
5103
872
2513
2460
2496
276
274
6473
938
4088
2407
3194
5017
8684
4696
8914
1060
5264
3521
7995
659
8751
4821
4076
3417
3152
2572
401
5114
1771
4933
2352
4947
8157
6051
1331
864
1991
1767
7786
8777
956
4401
2696
5161
6760
2409
7492
5323
866
5324
957
7444
6294
2793
4304
2829
5275
8675
4945
6383
2925
3307
4873
7878
7038
8903
5787
1777
7250
1352
1235
5033
8142
2231
5846
1429
3916
5053
3799
973
6690
2438
1631
3401
8629
3759
1008
2985
2038
647
6748
3339
2183
8879
6148
2687
7211
743
1810
5296
2046
3801
1245
3554
4923
275
3882
6230
1739
6482
7705
6404
4740
7107
5218
5443
6186
3608
656
8654
1951
7340
7894
1078
2478
3751
3140
6609
2837
2676
8923
2186
327
4251
8943
3256
196
7299
2500
6892
3370
5672
2775
9001
8167
4380
793
6132
988
840
6835
7101
5839
8544
5693
998
263
4139
2533
4761
7228
6022
3296
4293
5777
1562
4383
1581
6260
2516
2976
4420
472
5655
1590
5530
6535
7204
4188
3456
8853
4716
4016
2617
719
582
875
3253
5641
844
2959
7254
4310
3173
4407
6521
748
8689
5288
5715
6390
5458
1028
6143
8761
651
3475
3116
5675
6840
3676
8636
5585
1064
4992
2347
2981
337
5544
3218
3341
9012
8591
5853
5768
1996
4051
5473
2398
8640
6525
3445
144
4284
5202
3735
3677
2721
3425
4960
3584
2570
5285
6225
3325
8633
4273
1508
2966
5404
6037
2418
5182
3880
1876
8807
8827
6476
2956
3773
189
7139
2078
6484
1472
5348
1970
3780
6513
4932
4447
8336
3819
6101
4964
1633
5417
4475
4818
3943
4140
8196
5111
6279
7815
7117
3695
3476
8528
4465
6250
4748
4464
8970
4459
6323
3897
5994
3326
5066
7083
5792
6238
4749
2106
2697
5300
5299
5315
4175
3404
3771
3879
5283
3788
5682
6793
7199
5255
8795
5694
5366
5231
5705
6228
920
4403
921
5995
919
3661
1610
6387
4865
6332
8363
5506
3835
8611
5505
6936
4975
4018
5450
3618
6468
7934
4381
4767
5057
8957
3679
3992
5841
3673
8584
4745
3664
5428
410
1769
3593
2971
2262
3546
2828
7888
5936
7147
1330
2673
2131
2415
915
2883
3786
802
78
842
687
3276
3504
3668
3848
6155
4619
7899
1525
4153
3500
3127
1268
4278
5214
1104
5926
6243
5365
2654
7502
8039
2520
7189
2437
6985
7348
251
13
1076
4815
7748
7817
1011
1484
999
3028
4411
8840
3924
3263
7587
3707
8833
6932
7445
7944
4639
7698
3928
1307
2660
504
6047
765
2935
3564
5010
2884
6776
5815
2560
2473
1444
4921
4989
3800
2306
3095
2534
3913
4769
6832
5224
8642
141
4833
1016
1973
1225
5699
9018
3066
6429
5538
8273
3688
6116
3024
892
5055
828
6276
6550
6641
4814
4925
1690
28
1526
7484
5337
2898
3359
1518
8580
2241
2305
3398
3552
3093
2727
3926
5108
4903
4971
1017
350
2975
25
492
2483
8672
6774
1794
833
1301
5440
8699
3264
2563
4171
7415
4570
4079
2860
2735
5226
3452
670
2528
2770
4970
6000
7171
1582
1187
6187
736
1303
1668
6273
2448
6568
5795
3795
2396
2486
2120
4592
461
2459
4427
2344
2433
6803
5864
6375
2764
4537
4462
6595
2442
2708
2354
6591
4414
3900
4652
4792
2581
7123
3632
1032
5819
4967
4736
4840
3199
1114
6498
2819
4710
4404
5498
608
7177
2622
1663
2548
6547
1852
4878
2799
4626
6920
753
