item_recommendation
25737
7541
7872
8327
8571
7914
8093
7613
8360
8117
7697
8183
8447
8225
7669
8253
8070
8290
8033
8056
7802
7437
8207
7560
8420
7478
3232
980
6365
775
8154
8684
8477
8522
8235
7636
1003
5264
7649
6493
5159
8879
6178
7782
8410
8661
8403
7407
8003
1523
6073
5515
8761
6195
7728
5765
7228
6579
3368
3235
8261
4809
5433
5008
9018
6091
5597
5772
8772
7245
7809
6154
1513
7282
4920
7293
5980
858
626
2159
984
1744
8499
7738
8743
960
6140
8385
741
8167
8777
7932
4584
8451
4911
733
8977
6970
7938
5410
1907
7976
4821
8819
8633
8899
8859
4600
285
1812
2686
8848
731
2605
8903
6559
3324
3816
1515
5117
6458
1777
8998
7394
6918
5689
1816
4437
2935
3608
2062
8596
986
8722
5742
1437
745
5787
8910
3377
955
5198
1120
6355
5729
4873
5312
2659
8187
6211
4366
1145
8699
401
5177
8709
1819
48
7583
828
2340
7995
266
5723
7753
695
4782
4658
976
3281
7234
2300
647
7492
4731
4638
953
1046
7254
4550
4861
3632
2236
6395
4262
3587
6826
1288
8228
1507
1870
824
969
4290
8039
8927
3093
526
1562
4941
888
8961
4740
4076
2227
6850
951
912
7720
8376
6207
8239
8675
7272
1844
954
6636
8620
6902
5825
7757
2212
1771
2288
798
7619
8136
6422
880
5699
5611
1024
5440
8607
7878
4649
1053
4316
8636
8807
4830
5556
4414
6803
3188
8892
2241
2780
6440
6728
4936
2688
4246
3428
1111
8589
4709
5134
6314
4577
232
5186
8654
129
7577
4121
5470
1788
7186
8392
990
535
299
3875
8482
6748
2647
8491
9010
6760
6260
3213
5038
3292
2374
1042
659
4696
2769
8943
8604
2687
7881
5715
966
4632
1831
6906
915
5909
3334
6318
5101
8914
964
1132
2620
1767
8387
724
6077
8609
8665
6148
6927
8864
5662
6521
8616
6390
8524
6408
101
4761
5791
3751
7840
8511
735
4984
1006
1739
6404
5269
5784
4795
1209
5139
4177
3953
1352
1624
8827
3668
6630
1531
6624
5296
5254
8795
8865
6509
2772
7316
405
6658
8388
5033
5538
725
7121
4188
5069
45
2154
2937
2912
6436
2318
5853
6609
5839
7502
5768
3936
7260
5666
5398
5288
1472
1004
1336
7990
7299
1320
6143
8625
1019
4375
7892
6000
7705
5968
5443
3604
4765
2344
3370
1161
4241
2798
6383
6751
3127
2506
8580
840
3349
7979
6638
1404
1076
6547
6446
4088
4161
485
6223
2496
4162
5534
8169
5097
3344
8525
3615
3761
6566
8612
3639
4238
5840
5122
2434
8799
7155
2752
5675
5936
3863
6985
816
7130
1040
3489
5413
2709
2173
3408
8133
3479
8712
8831
981
4171
8591
965
3086
3354
6957
2668
5850
5489
1367
1652
6835
7038
4440
9012
4194
2478
472
5046
1020
7786
1529
189
3819
7139
4603
1711
3028
3194
7101
4801
8695
5065
8670
4885
996
140
1135
5202
7340
4427
6703
1834
6294
8336
8751
2004
6031
8542
5684
3163
5498
5815
753
2801
3125
7160
7771
2982
1535
885
2745
994
6162
8667
2396
5926
1021
5864
970
6974
8147
6525
3081
2832
7107
2186
4923
5210
870
6800
5707
1317
8979
1060
8484
4498
6473
4079
6977
6484
714
2696
4837
2248
6571
1187
4024
4945
1281
7020
5553
4228
3417
881
8008
7789
7897
869
8462
7888
1804
750
7748
8273
4987
3655
872
3438
5352
7177
7036
2775
321
6695
3434
1580
8157
4846
3996
4515
6530
1013
1783
6840
2442
1030
2433
2467
1125
4748
5521
8014
3702
8689
6426
3060
3210
1479
6051
1639
3051
3431
263
3522
2981
7831
4051
2427
4045
2829
6768
4101
3238
7484
8121
2727
3150
793
1196
5808
8574
3515
720
4166
2082
7171
6718
8920
1295
8044
8268
1330
1147
5834
962
1590
2699
5588
7099
3420
3854
963
6892
6591
4139
2385
5114
2730
7011
1696
2407
7815
3113
2966
2956
6348
864
5777
1073
1631
7899
2793
6279
2799
6832
196
2704
1794
3173
8142
1057
746
3427
4404
2609
2404
4703
1193
8629
5625
6798
3843
1852
1839
1552
1876
6476
6243
761
1525
4552
5655
7817
7762
2617
785
3643
2779
7192
5193
2504
6885
1380
527
4401
1657
5952
6536
5348
879
893
2457
2681
6676
6744
6862
7445
3263
7698
3707
3928
4639
3924
7263
886
4273
5146
5282
6568
2741
5226
8642
3889
7208
7115
4251
3185
2815
3799
6132
2415
4284
2243
6550
6498
4432
7135
3804
7444
1363
1012
7587
7944
8840
8833
6932
875
2660
3066
7034
2219
1575
5080
4191
2546
1581
6731
5315
1612
7204
1569
4349
5182
5795
7759
4066
1099
3207
6816
5285
1026
3602
7211
3768
4878
8600
8254
2835
4255
5473
6612
1476
9001
531
3913
947
3357
1219
3152
2155
1676
4895
961
4727
6856
2516
522
2437
656
5693
8730
7016
2802
4901
3192
190
3402
6322
3780
7958
2925
1394
5218
3649
7919
4384
3869
300
4060
5053
3478
2786
2548
8915
3266
4848
7812
8813
6378
4090
4688
3038
6502
3010
3216
5782
916
2976
4686
2200
7150
8057
1212
3467
3258
8781
3133
1310
5346
7136
7627
7055
3575
861
1393
7787
6669
2521
5161
1721
4380
5365
7456
3199
1497
998
5641
748
3268
6870
6166
6774
4002
7110
5710
1826
4153
1880
8866
5752
1582
1408
3307
3795
3284
6706
3247
8871
2669
1517
6513
5291
6684
2370
2860
498
8531
7096
96
1059
3710
2231
3759
4278
7369
5214
2959
52
2892
5179
4420
5923
2817
3250
3845
121
2445
3404
3698
1549
4369
1873
4178
4865
4326
183
4394
1264
2594
2138
4818
5404
6678
2770
5095
6286
1980
5021
718
938
218
7078
6739
6516
6961
6375
2144
2130
3140
4491
1508
4947
2386
2761
2839
896
3387
2366
4039
6464
8768
1726
4016
4925
6615
7250
7585
6690
4263
3879
1015
1032
2021
2961
7826
7458
6686
5395
678
1453
802
8576
3895
2347
5400
