item_recommendation
25737
8571
7872
8093
7541
8327
7697
7914
8447
8360
7613
8253
8070
8117
7560
7802
7669
8033
8225
8056
7437
7636
8420
8522
980
8385
7478
8477
5159
8235
8183
8290
8661
8207
7782
8684
3232
6365
4555
6579
3368
7738
5264
1046
7407
6195
6001
7938
9018
7753
955
8167
2062
5909
8819
8008
1816
953
7234
5980
1744
6559
7728
7649
8879
8154
8751
3281
8859
4584
6091
8961
7186
8743
4821
7976
6728
8709
7293
8654
3235
4262
2659
966
7394
4782
5611
8761
7932
3869
232
1523
6355
960
6178
984
1003
1767
775
8003
5473
5012
4391
8187
8665
8670
4920
8403
2374
6743
6624
5017
5597
647
4809
5134
4121
6636
970
129
2212
4437
1562
6826
4873
4658
285
266
8261
5765
3324
4941
957
5723
522
4577
8899
6970
626
6748
7299
526
3816
6318
1907
4366
1024
2935
8410
5296
45
5210
6143
5772
695
2227
994
5117
5825
8482
48
5033
7228
954
3632
1676
3188
3587
733
976
3420
745
7995
5433
5008
6219
8604
8511
1288
6609
3668
7881
7840
858
7577
7272
8499
6550
7705
7263
2981
6314
5410
8977
4911
6918
4846
8998
3213
8039
6669
6390
1472
8589
7786
1120
4251
6892
5489
3377
6658
5470
1145
840
6850
6630
1437
4600
7492
4162
2583
7789
3292
4188
659
7245
4432
6073
2897
5729
4936
6568
5498
7888
2340
3093
2038
6920
7619
6242
912
2173
969
2686
6077
8376
4901
6395
3608
880
2860
4984
888
2476
4079
401
3417
1812
2236
8827
4171
4081
8451
4550
8136
4686
1317
3804
3127
7130
485
5952
2772
8596
8633
8910
6383
7121
6207
4830
6493
741
8903
1844
6211
8722
1404
7107
8689
144
263
7487
7720
4417
5926
731
3875
951
2605
8462
2761
4414
1696
2668
1476
4638
1777
2427
6148
3296
6132
7099
1006
7444
535
6612
6521
5198
6322
2288
4731
8491
2793
2780
6932
1580
5787
7817
8675
6739
1209
3428
1281
8979
5193
7748
1125
8745
8777
7809
6676
4135
7204
2660
7944
7445
3707
4639
3263
8840
3928
7587
8833
7698
3924
8892
3081
7038
1721
6703
3845
7316
4394
798
1569
5515
6000
472
8642
8772
5588
1771
1739
9004
4923
2647
4761
1057
5850
8848
6276
2617
7583
656
8453
3996
2682
2159
8864
1507
6404
870
8927
427
4375
2786
1810
1020
1531
5558
1804
189
872
2300
2478
4404
3176
3895
8810
4194
4801
2775
718
7990
7282
407
6440
881
3702
4235
7016
1513
964
7126
7831
1702
9001
3882
1783
196
4051
5568
2407
5556
6591
2396
7415
3795
5164
2799
4076
8813
1352
4765
6832
990
7189
6039
5839
7897
6791
5936
1187
321
2704
2937
3307
7135
5458
1834
3596
3251
6140
5888
1012
2366
4696
7160
5413
965
8607
8616
6885
7484
6509
6154
4945
6535
7826
1225
3714
4427
3163
7380
8392
3210
3751
1608
7456
885
4086
5810
6116
2504
8920
1060
4368
4605
2241
8157
8699
5815
8044
724
753
8914
101
6650
3799
7894
4893
4166
205
7502
1824
3964
8695
2496
1042
4552
4290
2344
2398
5378
2154
6762
1959
6695
2966
9010
3351
6690
2346
986
31
4304
100
7481
4814
2436
1590
785
6977
5834
1013
5226
735
7892
1652
8009
3320
4632
8484
7211
725
6446
7792
5046
1515
5809
1363
6473
2415
3604
7195
3051
8239
6502
4987
7979
7192
3819
3268
2752
6957
5605
5548
8943
3028
5534
5214
2982
2318
5080
5784
5269
8614
6051
2418
8507
2155
1624
5693
5291
1794
981
2769
7566
3854
4895
5449
3889
996
3113
4108
6348
3033
8984
5857
4177
7757
5585
3508
1021
7458
6724
5177
5352
8228
5114
5832
5569
1004
8169
2442
7759
5329
5801
1870
5312
4088
4603
5662
1224
5438
7177
6426
3693
1970
5600
3773
6562
5139
7311
5141
1788
6927
3997
7584
3456
6662
2581
2350
4885
2439
4020
5900
4692
7044
2941
6370
7845
8908
4811
8948
4292
6415
8950
6641
8526
3492
678
828
5530
4246
7142
4316
5689
8807
4033
2521
844
1453
3207
3752
2043
3370
6744
2959
5021
2866
1852
1053
2621
861
4369
3427
4139
2310
492
8854
3250
4947
2404
8014
2745
4848
5065
6880
3515
1111
213
5440
1066
2709
1831
2674
7136
2433
6498
3467
6378
8915
8057
7150
3266
7812
4688
3038
4090
8609
3655
5923
6254
1484
8625
4458
8254
2912
5101
3140
1135
2078
5179
1161
915
140
8620
3698
7815
685
2494
3913
2819
3150
5521
1973
1529
1367
6803
498
1028
5803
4706
8273
5873
8268
3863
8799
2594
6777
5387
7585
720
8866
971
6751
5947
3783
93
5791
6279
2516
1019
8131
4709
4161
4515
2843
1639
6162
2507
962
8871
3540
2437
7743
2975
3344
8612
2434
4238
8525
8133
7155
8712
5097
3615
5840
6566
3479
3639
3761
8831
5122
1408
2207
4748
6981
1581
5882
7115
1132
7878
561
1040
3256
8730
2186
3649
8388
7161
15
2248
6985
2633
7254
7171
7096
2824
8530
4491
2900
3584
2394
2798
3489
6686
7011
5707
4039
4066
5703
6223
1114
3431
4420
8865
1016
4649
8531
6536
3218
1997
1059
6999
7340
5633
2766
8574
6021
288
5777
1193
2699
4284
5165
2835
7022
5398
6571
4273
2687
1184
6840
1147
494
2577
899
2535
6400
5038
4462
2204
3157
6798
2922
2622
8617
6721
6183
2950
6856
4332
3134
8387
4296
2631
6760
3147
2144
5471
8121
2052
8194
8600
1253
8795
3434
1030
2403
1791
7762
8650
1295
510
2215
5380
1821
1026
7624
2961
934
8700
5254
1516
2789
2325
5202
998
2596
2231
956
2385
3125
1419
2902
5603
3602
6114
5538
3868
2689
167
1759
1204
3042
3901
6230
6107
3005
1233
3560
5248
1047
6516
3177
1186
918
3068
3653
3408
6339
5641
4024
2368
4310
5942
2533
4897
1226
1063
161
306
5808
1819
3238
1009
2285
2506
961
2715
2393
1388
1616
99
2074
1080
1032
704
