item_recommendation
25737
7541
7872
8327
8571
8207
8360
8117
8261
8183
7914
6365
8420
7697
7177
6211
7282
8056
1120
5765
6195
7802
1562
6395
8253
7560
7669
8522
8070
7613
1145
5772
7139
4911
5980
5556
7478
5177
5784
5269
2745
1111
1076
6073
4088
8722
7932
3587
7228
5470
5689
2605
7121
6850
5538
1404
2227
6579
8447
6970
3232
1711
8225
7437
7061
5729
6154
647
1931
3060
8451
6178
5825
7649
1788
6140
3377
1437
7407
7881
5515
7020
7995
4809
3780
1320
4709
5410
3879
96
1535
4526
3292
4885
8154
4246
7492
4920
5791
8033
6493
6355
3434
6148
9018
1552
3370
7394
7809
5038
8903
6390
6077
7245
8848
7636
6051
6658
1580
678
8121
2243
5134
8336
405
6404
1219
4139
5198
5742
6284
4971
3133
8998
4600
7976
5139
6458
4262
5398
3807
5312
7577
3334
1513
6476
3868
659
6636
7115
7260
5666
5254
3936
4241
3819
7782
3066
7738
3349
6408
3368
480
5114
5808
8093
5787
5182
228
4060
3653
2779
2620
626
3489
8477
3983
3889
6690
845
5413
1744
1473
7444
6279
4273
8273
891
2159
1444
519
8675
6525
1921
4703
3608
4857
5193
6927
4166
8684
828
6446
5785
4284
8187
670
708
3404
5179
2448
140
2094
4748
299
4873
5443
1529
4865
132
1870
3127
5544
1769
3399
387
7789
8604
7340
5315
3768
7250
2062
7979
4947
4921
6484
3192
2486
5264
8235
7899
6155
8157
4619
7272
1240
3276
5707
5117
4936
4366
5348
4411
5428
4386
4815
4749
4767
5506
6936
5300
5505
3788
3771
5299
4403
4745
8795
4018
5255
5846
5843
4381
8853
5057
2697
5682
4175
5694
3835
5705
5231
7199
5777
7117
7815
7101
5792
7083
919
4140
5283
4716
7934
5841
3943
3679
920
8544
4960
8957
921
6228
8528
6238
6250
4932
5111
4459
6482
6473
6468
1610
3992
8970
6323
5366
3897
5404
6332
3476
6387
4464
4465
5450
5066
8611
8584
3673
3661
6793
4975
3618
3695
6037
2106
8363
5995
3326
8196
5994
3664
4818
2625
3354
6101
5417
3086
8772
2828
4570
4475
1767
2676
3564
3546
1350
3677
4970
4964
2219
2306
3264
4278
538
5718
3398
3552
2883
410
5010
984
1419
6768
2236
5534
1268
861
1699
2609
5489
6022
2647
4769
4989
834
5159
1954
2606
2738
1916
1652
2696
2560
8743
3425
8290
8859
5352
582
401
7728
2528
2511
135
3140
5224
5202
2445
57
3882
2516
4710
8943
5421
8142
2305
7840
7123
1278
6856
2686
3786
6429
1670
2241
2300
3129
2128
1363
6273
5065
2523
5308
7386
2708
3282
1432
3302
1284
980
8914
18
1932
2929
251
2659
3165
4587
3668
1644
5864
2893
1165
6595
1563
6383
577
2160
2884
5553
3545
3106
1251
2379
5101
5339
3224
3401
818
1277
4055
6870
1924
3190
8596
2754
2912
8607
2203
2505
3783
4652
661
3150
4945
793
6559
1880
8977
1785
7759
464
3169
6840
1608
1575
1671
8961
4383
3538
5597
6703
2935
4626
5018
8879
1819
5137
7831
2784
1883
144
2150
8616
1147
2396
391
8629
5238
1950
4310
8661
1676
309
1073
5288
1129
190
3324
152
2072
2265
5438
3253
3852
3019
6166
5459
6315
6477
7450
7307
7265
7122
6977
7075
7835
805
6414
4584
300
858
7938
4535
3408
5294
384
5427
2681
3213
1332
4771
5464
2936
1264
948
6422
3428
6184
6032
5723
6934
6974
1569
1217
1523
1255
1099
3239
1476
3688
1816
6935
2846
2161
2459
121
3816
1046
3643
1549
2726
2571
854
714
2359
1713
3155
1920
5108
1639
3152
392
1631
4194
5641
4552
1976
1256
4821
3235
159
4394
1196
1957
3483
7459
3602
1826
5103
8003
3456
1373
6547
1938
1566
3210
8263
2485
3569
3093
4914
1487
4992
1497
4079
4737
2734
1392
8136
8376
3875
3070
1304
3063
928
3053
852
2031
1238
1237
1347
1356
1366
3069
117
2918
216
2206
2565
1542
3166
2921
1861
1984
471
2671
1461
2810
2282
2889
2919
2920
1180
1415
290
2916
502
2012
2244
2016
3148
2806
514
325
2967
3715
1990
8014
2297
458
1168
6638
3247
2732
7762
194
2951
272
2337
1479
2252
279
4404
2826
6639
4602
2462
7179
178
7943
1707
5125
2917
2563
4296
3634
4441
1583
2736
1131
3822
3021
2275
1592
1236
129
389
504
420
804
1507
2877
7720
5568
1390
1379
650
2170
1171
2114
3687
888
6341
2832
179
1423
2002
2386
3685
775
1719
1482
1234
4557
312
6571
2478
2310
574
7161
6803
1346
1207
3913
4251
8777
3163
6244
1090
4941
2966
6957
6985
1325
3188
3018
2699
7713
2467
3272
7348
222
1779
5059
3731
2350
1206
4437
6345
3130
4696
1840
690
2545
2304
2272
6728
5210
4121
3257
8589
183
955
3447
2032
1449
3146
1914
8403
5395
8167
8524
1573
3168
7990
2116
1502
1969
2939
1258
2661
2621
5699
4039
1480
3883
1310
4384
1161
824
6918
798
840
4876
7186
6260
8385
1726
5747
1066
1971
6412
1977
597
4171
1361
2927
2194
4543
1922
5684
186
3420
4660
466
1024
3628
3671
1516
4190
1077
3011
6031
6305
3256
7323
1279
1693
6440
8979
7897
2207
153
1649
8511
2930
4467
2507
3183
5422
1385
1701
3207
437
592
332
1821
986
6826
960
3412
1472
6806
3459
2617
209
2702
1601
6771
4895
1060
331
7254
2382
709
2173
1680
6431
8899
2075
4802
750
5615
541
8039
2959
6091
8724
1079
4577
8275
1864
6981
1746
7293
5955
5562
3051
6405
5171
4290
2499
1003
1717
7162
6591
2139
1640
2168
8665
4177
1827
4893
4226
1739
2840
2013
614
7130
3859
4051
4108
4339
6303
1515
3557
4615
2618
1684
885
2776
1212
3572
7234
3110
7787
2515
2200
5473
2643
5715
3216
2817
2961
7222
8410
6436
1453
2080
5027
4972
6630
4158
2437
1343
571
87
2897
81
4229
733
3114
3245
6314
147
3040
2103
