item_recommendation
25737
7872
7541
8117
8327
8571
8183
2915
8093
2913
2862
1748
775
7697
8207
1498
1513
5515
1497
5765
7560
2342
8290
8225
6154
6073
5742
2571
2759
8596
8403
1507
7613
2872
7669
8447
7437
764
5662
8772
5159
5186
8360
6178
722
7478
5410
6970
2686
1750
1870
8499
1003
731
1503
5689
6493
5729
5715
7782
1515
8899
7649
2956
741
6902
7245
7878
1501
6260
5312
5768
5723
2938
8636
733
5288
8743
5675
5853
8591
9012
1502
6355
5666
8998
1317
2683
7802
5254
5198
2937
6211
5177
2976
7728
4550
2535
4731
5282
2982
5772
5038
626
5808
759
8580
3489
2300
864
3334
2056
5597
5398
3936
4241
7260
401
798
980
1777
2923
6408
8522
8477
1739
5008
5443
2769
8261
8720
7914
5275
5139
5323
5655
721
6195
8070
2995
2696
5556
8136
8376
6579
3587
6121
8154
6091
3875
6918
8420
3377
2668
2227
8033
129
8003
4740
8629
6395
6404
2939
4076
8848
1580
2912
5784
5269
6547
7636
5825
2487
1147
6684
4795
2824
5980
2849
8943
6751
4600
984
968
1831
1812
4088
5193
2843
6835
724
750
1523
1744
735
8777
8253
2186
5732
5672
2481
720
3408
4153
7407
8699
869
760
2688
2761
4911
3324
2347
1053
7831
3751
746
4246
6513
1819
8410
5936
976
5752
7171
5363
7938
745
828
5710
2930
4440
6706
5791
8542
4765
5839
2546
6676
875
5470
7204
885
5968
2961
8859
2545
3851
824
8607
4095
8451
2441
960
7272
2983
2582
1721
2485
4316
2659
2832
5815
5466
2534
1767
5365
7881
990
3338
718
4727
1192
1608
3051
5055
3284
8807
2987
6533
5641
5413
3758
7078
986
4016
2513
3238
6718
2183
5170
3081
4976
719
4649
1529
1508
6047
1059
3292
893
3608
5182
2993
2159
6294
8142
6760
1631
5940
2798
7346
4477
5625
8722
2687
3819
5243
5735
4923
5693
4941
947
5400
793
1008
6498
6436
6225
833
5572
1624
5134
7822
5462
2504
1688
2120
2815
6774
7254
4312
5795
1057
2572
6422
3434
8882
4450
7771
2605
6800
8275
2835
8524
6035
1021
5777
2440
2801
8366
2236
2966
6768
6584
8157
3241
4105
2892
7012
5053
7234
8838
2184
6645
1104
865
6286
6232
6732
5517
7419
6105
5003
4300
4929
5004
8672
6754
8138
6432
7235
5670
8130
5678
4104
5667
5680
5684
5685
8423
7153
5686
5690
7198
8372
7017
8371
8582
8610
7063
4677
7309
5577
5696
8640
5699
5700
6464
7357
4889
8985
8123
3957
5746
3611
6331
8921
8197
2640
5826
8949
6341
6963
8955
1617
6342
7702
5001
6060
4994
6803
5401
4832
6887
5373
5796
8158
7947
7919
8768
5056
8785
6896
8872
3654
8147
5002
7791
6375
5034
5836
5736
8835
5285
3825
5847
8966
8828
6852
3497
3499
6851
3491
4967
4834
4428
4532
4945
7888
5846
1980
1006
3359
3140
3096
5352
4999
3900
753
3500
3173
3495
4980
1020
2770
6678
8187
879
3753
2774
4432
4873
5085
2385
2689
4960
3759
3194
5404
6037
4263
3456
2786
5161
1788
726
5291
6296
1783
6279
6470
743
4577
1852
963
6827
3235
1046
2473
6077
8853
4716
5114
4878
725
802
1084
4584
786
5203
4680
2741
3656
4101
1907
6525
3880
3404
4273
7115
1026
747
1762
5834
3452
8675
4284
8709
1047
7789
6530
2118
659
1660
1111
742
4366
3889
105
6571
5419
5504
1805
6314
2202
7444
2651
8661
7502
3584
4979
4748
6383
1145
1562
4833
1816
6093
1696
1010
5718
922
4437
1690
2467
7340
4462
1822
748
3780
3188
5264
3417
4809
2383
6051
4490
2600
5518
1771
6062
8638
5315
2399
7282
2062
6365
1479
7577
1152
4079
5135
7809
3307
998
2427
1078
6985
4401
7976
2676
1518
2428
6273
915
3211
3831
1860
8042
4383
7815
4420
4830
1076
1030
1472
2500
6473
938
4996
5348
4298
6728
5218
3879
4984
7208
2496
5787
2459
5538
2766
988
5418
2560
8604
3412
4821
7932
2874
5888
2350
2981
765
1873
1363
5843
6476
2673
5909
7250
8462
2207
7764
1834
1187
6658
1056
3232
3388
516
2897
3816
2507
6446
647
2548
1769
6103
6429
5553
5202
7492
6368
7995
8903
6636
4865
973
2654
7293
5010
4981
8336
858
2448
8121
4932
1017
460
1488
2478
4411
6022
3402
6148
410
1288
4815
6101
5891
5611
816
3771
3661
7979
7934
6332
3835
3664
8957
3673
3695
3788
3943
5066
8795
4403
5792
3897
3618
3679
6323
5366
1610
4381
8196
6936
5057
6793
7117
5300
4018
5694
8363
6484
6482
5255
5705
6690
6468
5450
5707
3326
5544
5994
5995
4975
8611
6238
3992
8584
7101
4749
5682
7139
5231
7083
4767
8528
5179
7199
4140
2106
8544
4175
4745
4459
5111
6228
4465
4464
5283
3476
2697
921
6250
920
5505
8970
5841
919
5299
5506
6387
4818
3398
4475
5417
3552
1018
4570
2327
2527
2787
2751
779
1177
3564
3546
1437
2935
3150
4801
2134
5428
2883
5224
4964
3677
2325
474
3425
582
788
888
8665
2528
728
3370
8920
3575
2726
2876
5754
2596
7899
5960
3066
183
3276
1268
5214
3264
4638
4139
1493
5308
4619
6155
2439
2289
2483
2772
2647
2866
1225
964
2699
1581
1476
4947
5375
1667
2306
3445
2936
1959
2009
1077
3368
2465
1951
945
1997
1444
218
3006
4970
7263
4735
6390
4971
5421
2318
3545
670
1320
4703
4989
1619
1689
1123
2717
7121
2878
6826
2178
2764
2043
1037
4921
4414
787
7091
2829
961
3483
3702
7228
2523
7177
2201
1036
2521
1025
2458
4626
2828
2032
5356
2368
704
507
7123
2715
1204
3042
510
1388
2789
918
1226
2393
1233
2364
3177
3134
99
3147
1080
161
167
2074
3005
1616
1759
3068
1063
2215
2403
2285
2633
1186
2922
306
2339
4696
2494
1504
2039
3882
3653
162
8385
3269
4171
2708
1004
2490
2353
8914
3060
1218
4251
3989
2486
5313
5167
