item_recommendation
25737
8571
8327
7872
8360
7697
7541
7914
8253
7613
8225
8033
8117
8056
8420
7802
9018
8093
8684
8447
7560
3232
7636
7976
980
7437
647
7782
5597
7738
7407
7932
4873
8167
1523
1562
401
8235
659
8070
775
7669
8290
7130
8477
5159
6850
4262
8522
1513
8183
1145
8810
2605
8511
960
678
8751
5909
8154
3816
8596
129
8743
656
7995
4550
1744
4577
6669
8385
8859
540
2659
7228
3751
7728
793
661
7478
1111
5410
2173
6195
7938
2227
1907
1652
4920
4731
5723
2504
741
6676
3324
4584
5489
6658
626
4600
5515
7649
8772
888
6918
7263
966
7245
650
1120
4552
8616
4290
778
1161
615
953
526
8650
7840
7234
3983
4649
4830
849
5498
3127
4821
7016
7171
7121
955
5765
6498
8661
1816
4194
6365
144
6832
3188
7394
4296
3235
92
140
731
5264
3368
8039
8879
3643
6856
266
3668
3377
858
80
8892
4437
1053
2779
976
8899
550
1580
872
1657
285
599
1507
4936
6493
4121
2706
1535
7186
8261
7222
2615
8977
1437
1046
1767
6091
8961
8607
1453
8807
8709
4795
1100
4515
8524
4076
753
6582
2769
8499
1783
8927
745
34
2496
3660
5198
8136
8376
2231
5458
8542
6552
8699
4709
6636
6650
7753
405
4696
6178
7293
5947
1003
5177
3194
864
8403
7826
2212
8636
8014
4634
5008
7827
6863
2268
8362
4886
1397
360
4166
6877
2149
984
5473
2478
1870
1812
1515
6643
3420
7897
2310
6954
294
861
303
8665
8491
1831
5046
4458
1777
2647
695
3702
6440
407
561
5538
1631
5
1701
6412
4146
121
45
7444
6390
5850
2686
463
8819
1030
3456
6073
5117
1771
798
6373
6970
8695
2822
6355
8675
2468
4801
733
7458
4895
816
802
3875
427
885
2062
4079
8451
483
1240
828
8169
4486
8003
3441
472
8827
7161
6166
7347
8482
840
4941
6154
5033
1211
8484
990
4923
6395
7892
6690
7881
1900
6341
1310
2839
4316
1352
3163
6612
735
3185
48
2935
720
7888
8410
986
2447
66
4638
4171
1707
1131
8979
7492
875
1057
1024
1472
49
7439
3467
6630
4090
3266
8057
3515
7812
6378
3038
8813
7192
4848
7150
4688
8915
8254
915
83
3338
7136
718
2780
6143
8730
951
3111
8943
6721
4135
3251
3457
5288
198
1135
3428
391
8866
8871
2366
8625
2704
419
719
8633
728
5503
5069
3698
6932
3316
5534
912
3250
3072
5025
7282
5980
4482
4369
1008
244
3747
4168
4039
1040
5603
3417
8531
189
232
5021
6826
4491
707
3060
2660
5186
1006
2415
2689
869
3649
2300
1726
5312
4673
685
7160
765
6579
231
3616
881
5588
808
3845
7204
4927
1246
8008
7786
3707
3928
4639
8840
7587
7445
7944
8833
7698
3924
3263
8462
4178
2772
1060
6609
7585
1408
1257
1639
8848
9001
3238
8207
7502
3977
4223
8194
1852
2622
6243
1970
485
844
4782
8228
3307
1340
1794
8617
252
7195
4404
3243
6051
2799
1154
3979
4053
4011
4012
4009
4014
4010
3481
1241
6314
484
101
5611
6436
1624
328
422
764
3794
1545
5585
4366
2407
1298
7766
2467
5222
7583
8642
10
2506
474
3067
2692
105
5449
1608
6728
969
1482
2144
1449
100
1234
2241
6559
3900
2248
7022
183
8903
1719
147
810
1209
2981
7894
36
492
1517
2801
1433
1582
7038
1132
366
6961
2037
8777
2414
2385
1864
4420
5729
1819
3754
8761
1686
2606
1025
1055
5556
1020
522
2288
893
2770
6276
262
2669
6706
5165
3310
4984
7456
5087
5521
4809
2860
2204
2398
1331
6056
5092
3989
4654
491
3192
7820
2982
6162
5315
4414
4703
5434
431
1036
1004
6367
4251
2481
673
1126
941
1059
6646
4101
3869
2897
5619
25
8808
1667
3190
441
5810
5942
5043
5638
4674
4516
4823
5501
5539
532
5540
4214
4655
1151
4282
4664
5047
3520
830
3981
1339
8700
6985
5433
16
2073
3975
2374
5414
2687
4534
6339
5952
9004
2006
780
1665
374
4849
824
3714
3718
132
3028
1279
7619
1643
3152
344
964
1231
6547
1114
573
1047
1480
1779
617
5641
4229
2418
1101
5304
870
3575
4210
4002
3207
2427
2312
3076
2745
7126
300
1288
1941
1281
205
8864
2782
2997
725
1640
671
332
2804
5254
5346
23
8689
188
1029
2624
5834
722
2340
1497
4738
1629
5470
1286
2956
423
5250
7215
690
1042
1054
8600
818
6522
5233
8341
4885
8670
726
2201
8654
1287
1804
724
5752
276
4169
7831
3831
558
2318
6906
3766
499
535
4406
1253
2976
377
6404
896
6624
32
7352
6957
8910
3354
1739
4246
2741
4727
8187
280
3221
1007
7792
2609
954
1916
3646
2539
1021
743
196
963
4235
994
2236
4148
7878
5161
1066
1382
6416
5560
3086
820
3632
4158
3795
5558
3459
432
5715
3763
1883
5246
5553
4321
2531
2775
5372
7787
1354
5742
1076
1317
305
3247
2893
4155
7757
835
304
1501
7577
2668
8998
1013
27
1194
4000
3113
2900
5568
3199
760
3604
1422
1532
4394
6031
110
3579
2
8604
4153
6920
3249
1026
6305
4051
3594
3951
2912
6628
4740
4391
5151
2195
2938
970
2688
7381
1711
481
7055
41
6290
95
3690
4861
1187
880
7142
6695
3357
3687
3963
3388
8920
2394
5028
15
1225
6703
5053
195
1103
6260
5768
5675
5853
8591
9012
445
4987
1606
3160
1212
782
4572
4761
5803
324
786
1866
1017
3553
2617
2437
456
3829
4658
552
3653
3424
2180
1880
287
1010
58
6503
2798
996
1391
1112
3852
1087
1680
2053
2203
6132
1438
6303
3320
3156
2202
3254
761
4992
742
8580
6958
4452
2815
207
3810
965
2635
1255
4401
274
6718
7137
4228
3402
3882
4844
832
3854
899
5214
801
2995
341
1575
343
886
879
3218
2159
98
215
177
746
1079
