item_recommendation
25737
8571
7872
7541
8093
8327
7697
8117
7613
8360
8447
980
8253
775
401
647
8225
7636
7782
8743
976
7914
1562
8420
8070
8859
8033
4550
8661
1523
7437
1907
718
1744
960
8522
2659
8899
1317
129
8477
5159
7560
7938
2686
2935
731
1003
1437
7669
7234
984
3324
1721
5723
285
2761
8183
3150
1507
2647
3188
1812
986
1816
1099
5909
745
885
828
4577
4821
4941
1513
48
266
8154
3232
8879
205
535
1711
626
733
8961
2769
1472
3816
858
8709
888
7478
6728
7802
2504
2668
1145
714
2227
869
2832
2786
526
2779
4437
2300
6970
1767
2427
6826
1552
8596
8136
8376
7186
1739
4366
4251
741
8290
1120
4638
189
798
8654
1777
1196
793
2243
2780
3081
656
7786
135
4584
101
990
1831
3368
4246
1535
659
4731
1006
5765
3127
3235
3417
2775
3133
6612
1783
3875
479
4079
6609
8665
8385
3051
6918
5515
2981
5198
45
8235
3086
1852
4262
1225
6630
951
969
2128
695
4801
5597
6390
3795
8462
1696
8403
5264
1771
6579
1111
8056
2660
6314
1288
964
1707
3928
4639
3263
7698
6932
8840
3924
7944
7587
7445
8833
3707
1549
1053
1631
140
8207
880
8684
5980
472
685
2982
8642
4873
7976
8761
3307
4923
4349
2282
7888
1688
2937
213
1515
7293
998
1363
4171
2843
2478
9001
5952
7881
1046
3377
2815
3751
1187
2212
1959
2835
1997
4404
1624
105
1791
8920
3211
802
8589
844
1715
2966
2617
1608
1059
4076
3805
1834
953
7038
724
162
3668
1819
4936
232
742
861
1779
482
2159
2155
2374
2688
5410
196
7738
2399
2689
2798
2496
3604
2327
4740
2866
2789
1759
1616
2074
2922
1233
2215
2633
1226
1204
3068
2596
918
3134
3147
3042
3177
2403
3005
2715
2364
1063
1080
2285
2766
1186
1388
167
99
161
962
704
3456
2494
4432
2288
5742
387
3041
2146
2600
735
8819
1020
991
4033
9004
8499
2325
981
5810
3152
7753
141
6318
1184
510
2393
6985
498
306
955
1428
4658
7263
1580
6073
7126
879
4795
915
2385
6355
337
2687
1730
2078
4153
474
2415
3693
3714
1750
7619
2858
8633
2521
1844
2976
1021
1076
1161
34
6091
263
1125
1796
3251
5585
47
872
1130
278
5611
1841
7894
327
938
8410
4830
4895
893
7649
1095
2335
5449
1171
492
638
6195
5365
1209
1073
968
3213
274
507
1404
8261
5186
725
1320
1286
7204
965
2546
1060
1218
8670
155
5008
423
2565
2178
1639
2634
348
8003
2986
2621
1689
4316
4600
2753
996
2043
816
2014
2745
6744
207
1085
848
2429
5834
547
144
1586
7792
2946
2975
2829
3428
7245
8689
1358
1951
3028
407
746
2793
2407
2581
2704
1667
3351
2681
313
1929
2418
2772
2039
3702
4462
3584
2605
2200
1476
2741
7299
2204
1004
5117
2207
1104
947
4649
3071
1972
5312
1858
516
2534
7407
2507
2120
2394
2622
1057
2248
5165
5729
720
2445
5296
1870
95
1030
2091
1453
3210
5888
8453
2031
2465
2583
970
1017
3006
4378
76
1028
312
1147
4718
6243
688
8910
3709
6121
3996
2983
2582
2350
2439
785
4809
485
5161
3256
7502
7282
2572
4414
4765
945
6062
201
113
291
5839
2799
2398
4420
3128
7728
3021
6559
7487
870
7831
1873
7809
2342
2961
963
1525
2202
1690
2467
3489
71
1255
2009
2570
339
886
3587
1024
8977
833
1804
461
1449
854
6178
1652
6154
2990
907
527
29
1026
84
243
8167
1784
678
1518
3843
3218
4782
3799
8187
2462
1702
1880
3101
4569
4029
3730
1474
1012
1582
4911
57
121
2383
2464
222
2577
2046
2897
4337
218
460
376
2864
1985
93
2284
1025
1788
178
6365
4885
3157
2236
2331
6624
2296
1215
2203
4585
1236
1517
966
1346
2651
1581
2567
419
700
499
2500
5489
1301
4162
2231
439
2297
372
458
4458
2917
4290
2669
1150
2734
5033
2154
1356
2919
852
471
1366
2810
928
2920
1984
2918
1861
1304
3166
1542
1180
216
1347
2671
2921
3148
2889
502
1461
117
2016
1238
3069
1415
3063
3053
1237
2916
2206
2244
2012
3070
290
514
1957
1592
1392
2752
2967
1033
194
4101
2173
1373
1042
4761
627
2368
1860
6509
2422
5662
1132
8699
420
1504
5772
2347
131
1419
707
272
3176
5473
2182
1352
9018
321
268
2001
2002
1168
2979
1349
5588
7577
912
1878
4427
896
4984
5936
721
2275
1032
1821
5291
15
3019
2010
3540
1325
4284
1928
186
2062
1367
6774
1665
31
2304
3882
999
1429
1925
589
2820
574
3522
950
4273
1497
804
4515
7099
1256
5254
5
1836
5021
934
324
805
899
1101
4920
2366
2481
3281
5655
2458
3093
1049
719
4095
3773
2770
6695
1971
3238
1931
1135
2877
244
2442
1653
697
2674
2201
1840
2730
1668
2915
1980
2134
2318
6143
3292
1333
2699
1029
875
592
8772
275
1438
5226
3146
276
3018
2506
4060
6568
2801
5926
1197
7789
5672
824
183
3889
3207
3854
6000
4696
5825
2892
7272
2379
8157
2516
227
949
2902
4401
973
726
219
373
4654
6858
7748
4876
2219
6493
3194
27
522
1277
2498
709
1531
1981
5139
3044
2956
2490
1008
4844
8199
4691
366
111
2794
467
1810
961
6835
2424
8268
4861
5850
16
3113
4987
4151
3900
838
6902
2013
1040
808
3064
1671
750
2195
342
3860
3819
1644
1010
1978
5433
1264
1500
2340
1331
1047
8604
1544
1479
5815
6760
5275
523
2441
1379
8008
1970
2912
2400
881
2090
2548
916
2067
3388
8484
864
8777
550
905
935
3007
126
253
171
954
488
1726
2482
2927
8482
2052
2021
1274
1330
2324
2451
2432
3168
8695
1657
3649
3474
3543
3632
1641
1900
250
5177
8629
6436
1909
6077
3869
