item_recommendation
25737
8093
8571
7541
7872
7697
8327
8117
8447
7437
7802
8253
8477
7613
8070
8522
8360
8385
7636
1816
1744
980
129
8420
1513
5980
7738
6365
2212
6195
5410
1523
4658
285
7560
8207
526
7914
3232
8033
775
5597
4600
2686
7669
5489
996
1046
3235
4696
955
3587
2227
7478
7282
4262
1024
7407
8819
48
966
472
8225
140
953
8056
232
1767
1003
2504
4414
1907
647
960
8661
100
3368
407
7782
798
994
1657
2062
8261
5159
828
8684
6318
840
6850
5198
7186
7753
4290
5515
7121
8235
5296
6728
6856
3996
2340
266
8187
7976
8654
4782
695
1476
321
4051
7932
3210
328
626
888
6498
6658
733
858
1639
6211
741
7272
8167
8709
718
7938
8670
1145
957
1472
4830
535
3292
4809
7577
1702
2659
6140
4079
4577
5909
5114
401
1970
2966
4638
970
4366
5134
6077
3420
8290
3604
7995
1288
4941
5177
3324
6559
984
1590
1641
3869
5588
3281
6703
6056
1281
969
8604
5556
263
7394
7649
4612
6493
1562
981
3854
196
5888
6390
2159
7881
7099
8859
990
4162
6322
6636
1866
5033
1111
8157
427
2300
1209
7748
735
3843
1120
6970
8183
5427
2241
4273
2752
1652
1125
7234
7293
5772
4284
5264
5611
954
6395
8743
7789
7705
3751
4634
2793
5926
6977
5801
3213
1352
6000
2204
4399
6091
4901
7817
8751
8589
2860
2149
1020
745
7487
7228
2605
7245
4748
5538
522
6521
4342
1060
2761
1696
5470
2912
1777
1131
2248
4121
1453
6762
1525
3140
7786
550
1433
8761
2669
886
7990
2545
1507
8961
1041
4391
8511
4923
2689
1331
5765
4771
5464
2427
6609
7263
2374
3816
7299
881
5498
7444
8499
1941
8003
951
6641
5164
963
5723
839
2981
3522
7020
1771
4246
3882
3081
1580
1794
731
314
422
31
4614
8899
6073
144
6748
1531
1253
474
1812
2468
7979
8008
2494
8665
6832
4550
5784
5269
8695
659
2843
7107
7809
3377
527
2745
498
4524
1487
2283
135
4088
7728
6690
3127
8482
5193
6826
4349
4873
3632
341
6148
523
9018
5
7815
5161
2442
7759
2398
2647
3723
521
1055
2772
2173
3702
8044
656
6739
5352
2531
4703
2288
4728
3575
6178
1187
1132
5117
1329
8998
561
3975
1721
1437
183
4731
189
4404
4171
7492
5182
1317
5825
8903
1827
2295
4920
5291
5521
6314
4627
5463
4727
4640
4977
4636
5302
4676
4662
5222
5637
5342
4954
5483
4333
3086
6918
7892
7130
3608
5364
5236
5265
2465
2676
7135
2583
5729
1394
8675
976
1246
2786
5791
872
6550
2415
1916
4659
3113
964
4519
3285
202
4432
4316
8410
4166
2231
6473
5319
4846
2935
1013
4033
5348
4902
7415
4380
1870
4821
6669
1831
2506
4911
6355
8614
1006
870
2371
4645
824
1502
6840
3351
45
3920
2798
6404
1393
986
3188
6591
4761
7899
2829
8892
5705
4135
6051
3268
7380
3176
793
2138
2186
3417
4945
3428
2674
195
6383
4885
1135
1608
2567
2688
3804
1076
5146
4605
7713
6100
520
8451
7195
3687
7720
3238
1225
3859
2581
7139
1444
7566
5315
4692
8950
6370
5839
7845
5832
7584
8948
4292
6415
8526
1824
5693
7044
4020
2941
3492
3997
8908
6568
5900
4811
6348
5558
5179
8039
3028
829
5395
5458
213
3913
1482
5857
485
5936
6630
6920
3668
2207
2835
1686
6880
4865
2284
2350
785
5341
3871
3773
2600
1504
2507
3574
3819
3745
1821
5873
2769
6906
725
8009
5689
3900
5339
7743
6803
6624
4338
940
3252
3270
3450
1826
4274
3563
1293
639
4197
2693
4291
3626
3619
3565
4184
3960
3976
3991
4337
4036
3547
4268
1410
5378
101
5443
6400
1701
4801
3845
4649
2704
6458
405
1320
7250
8403
4626
483
5585
4191
720
2975
4339
1844
2730
3560
5815
8722
1148
4895
2780
8530
8453
3752
7038
3354
912
3349
5226
3635
7481
2609
5473
1631
1026
861
2089
1739
1363
8700
3256
2642
880
2038
1359
240
6502
818
2128
6279
4555
3150
7897
1779
8827
5422
5843
6612
1031
5866
3928
8136
4437
8840
3924
7445
7944
7587
8462
7698
8833
4639
6932
3875
3263
8376
3707
1177
2787
2527
2751
779
2660
2897
6676
4795
8642
5413
1147
2815
737
2577
6579
5312
3370
16
553
2496
50
8920
1688
1057
5087
9001
3474
2726
1951
3515
1484
3016
5850
1295
2668
742
9010
5662
2437
6032
3093
3066
7762
7222
2937
661
2866
6143
6243
2478
6294
6276
753
4673
3307
3978
5433
9004
1077
6154
899
7115
3216
991
3508
5947
439
32
1287
5017
3780
2779
5810
3434
3401
6798
1569
2687
4226
2286
7160
5139
1783
8596
1678
1500
2043
1021
3868
615
499
3060
3251
1033
1025
8629
750
4893
2929
6662
5864
519
3338
721
325
8154
1346
8979
4332
1009
8491
3152
3404
6525
6791
4947
5103
1028
460
787
309
2195
218
4278
4625
6482
6744
2819
6367
1834
4511
4584
7126
6001
2799
3296
6974
4814
8984
7096
1788
2026
2236
6476
2448
1184
4190
1676
7204
6999
5707
3795
1810
1488
5069
6686
6966
1852
6892
2617
8810
1493
8607
5787
3388
5834
1769
7619
1004
507
844
5718
3584
5809
1671
2883
6985
6806
201
3160
3051
3805
2533
1670
6107
1218
1497
2325
4251
7340
8910
1997
4684
2003
2900
4188
5605
3031
5952
7311
4774
2039
5449
6721
3398
3408
2394
5438
454
1730
1333
1713
3379
2403
2766
1616
510
3005
1080
2215
161
1063
2789
2922
167
1204
2285
2074
1186
2715
918
1388
3134
2393
3147
1759
2633
1226
3177
1233
3068
99
3042
2596
2364
724
938
306
988
1499
704
1864
5682
778
3264
2479
5165
7792
1449
4769
3456
2396
7820
764
7888
8484
7211
2130
726
6039
2770
7564
3643
3459
2200
2696
423
1839
6562
47
2722
68
6595
1959
1099
3763
2202
259
