item_recommendation
25737
8571
8327
7541
8093
7697
7872
8117
8360
7613
7560
7478
8447
7649
8207
7738
7976
7636
7407
7394
7437
7245
8253
7121
6365
8056
8420
7282
7669
8070
7802
8522
8385
8477
7809
7914
8183
6636
4290
6195
6658
8033
6850
6602
8261
8290
6906
6493
7932
6140
6227
6073
6091
6178
6559
6832
8225
6856
6918
6355
8684
7782
6826
5825
7444
7293
7228
5980
6703
6154
8410
8751
6676
6639
8848
6211
6927
8273
7130
6395
7995
7020
5433
8154
7272
8039
5765
6552
8336
8422
3587
7263
6669
8743
6806
5791
7748
6840
5117
4709
6690
7720
8187
6390
6695
4885
7186
8604
5250
7215
7958
6877
6977
7055
8167
8014
8709
5538
8650
6525
8633
5772
8403
7101
5689
4941
7990
8819
6458
6440
5470
6609
8235
7379
7195
8451
8695
6643
5926
4782
6132
4911
8157
6016
6498
8795
6748
3232
8998
5159
7204
8044
5808
7759
7222
5329
6579
7135
7492
8661
7265
6283
6077
7840
7250
4166
7139
1523
6920
4600
6970
6721
5534
7340
5269
5784
5556
8810
5515
5264
9018
7171
8654
8003
3292
5151
7299
626
6591
5410
7095
3216
5597
5193
6816
6650
7034
2605
5198
3368
7234
8827
5458
7728
980
8228
3060
4857
8879
8147
8899
6743
6739
8589
7577
6768
8927
7934
6561
8761
8263
4168
4414
4584
7817
6422
8625
6148
5296
6114
5101
1580
8722
8499
6000
6408
4088
5913
4920
7099
5729
6751
4552
8459
7789
6582
6863
8362
2268
7827
5947
4886
6857
6051
8008
6760
7307
6957
8620
5585
7386
3281
4873
7881
8596
4809
3922
8670
4690
6322
7979
7439
6953
1111
6400
7762
7323
6367
7753
4605
3377
7038
4270
6021
2062
5581
7115
8779
6867
6934
4945
4366
5619
8142
5134
5909
7583
3996
7122
6315
7450
7835
7075
6477
1529
5438
7619
8675
3870
7620
6273
6684
7206
6404
7831
5177
7067
6333
3434
4875
5815
6718
8700
7713
4203
3457
6728
4359
4914
8903
4273
5742
5254
3127
4284
4121
1003
8491
7987
4928
6484
4697
1513
6159
6116
7107
7878
4139
3871
5038
4210
8859
8169
4051
8482
5788
6223
6276
3210
8892
5013
7347
5012
1870
7142
7137
8511
8943
6944
7564
6419
3604
2686
6879
4936
8724
5312
7484
6184
4927
8616
4602
4543
6446
7899
5139
3235
6835
1788
8121
7815
1839
6624
3420
4508
299
4895
5182
8266
6989
4765
6513
6568
8607
6182
6883
4876
3221
321
7888
3185
7826
6431
5787
3706
5666
7260
4241
3334
3936
5398
8019
1352
4998
7487
8191
129
5146
2063
5114
8772
5544
5872
1562
4246
3371
6476
6521
7334
5475
7943
6383
6870
4420
6056
3807
6628
4731
5527
5391
5968
7084
6162
5033
6902
8777
4562
7116
7324
7087
360
4752
7065
8622
6872
6268
92
6592
3864
7367
6008
5535
984
3102
6014
7238
2516
4720
2855
4114
6425
8914
5119
7834
4135
4849
6279
6862
1397
1453
6940
3370
4406
4108
4386
7040
4830
5682
8745
7046
6898
6281
4738
8136
8376
2659
6981
8977
5707
6735
6339
2300
5560
4761
8853
2490
4716
5839
3272
4155
7352
5395
5404
4818
3489
4432
7481
3441
3668
7415
5489
5179
4079
8790
2966
7743
5936
1535
7705
6231
4577
3421
6686
7123
6764
5413
741
7448
6242
8838
7810
7766
6348
6003
3920
1437
3939
456
2219
3553
4681
5846
8957
6600
3768
6599
3845
5867
6482
4881
6796
2253
6638
8507
4498
733
3188
8961
6595
6452
4896
2745
4846
1404
6818
3798
5602
7820
659
285
7449
7502
3324
5899
8194
1178
6896
6502
1310
824
8644
4638
2883
6473
4658
3628
6762
5443
3398
3552
3349
4437
4417
7302
5777
2252
8699
5218
5081
3643
4205
3875
5843
5723
5693
1769
4619
6155
6535
3627
3913
6318
6464
3868
4947
7062
7773
3408
6314
6547
8629
6201
6032
5017
2374
3487
3780
4171
963
4964
1377
1076
2853
4748
5231
4403
5057
4749
4767
5255
5111
2106
4175
5066
4459
4140
4464
4465
4975
4960
4865
4932
4745
5705
5792
3835
3788
3476
5841
8363
3771
6793
2697
8970
5994
5995
8528
6037
8544
1610
3618
3695
8584
3679
6228
4381
6238
6250
6468
5283
3673
8611
6323
6332
3664
6387
3661
8196
5506
919
3897
5366
3943
920
5450
921
5505
3992
5315
3879
5300
3326
5299
7117
4018
7083
3404
5694
6936
7199
5417
5428
6101
3741
4475
1744
4815
5128
2828
4411
3677
3546
7178
3608
960
8857
3564
3882
2676
3276
3425
5080
4626
5388
2306
1479
4296
6305
5718
8487
3066
3917
2856
6022
410
4229
8807
1819
472
6203
6803
1267
6603
5857
6260
1268
4844
4570
3264
5010
2212
6880
885
2478
266
5832
647
561
7787
4312
5378
4394
2149
7189
8600
5568
3869
6571
1641
6040
7381
5625
3740
953
5427
2779
8730
6143
7938
5903
8783
4310
3460
4278
5383
232
3560
4737
3522
1336
3895
3459
7380
966
2236
7786
7254
4696
4380
6765
3718
7348
5747
7036
3379
7325
1476
3786
4383
4117
695
2531
5801
1844
405
1024
7311
5558
1824
3997
8526
5900
6370
6415
6641
3492
7044
7845
7584
4020
2941
4292
4811
8950
8908
4692
8948
4921
2366
1934
5202
3813
2884
1288
3213
8009
2647
5932
7566
3752
1013
6237
4821
3338
5633
879
1719
5850
1938
7177
4404
5108
1046
8580
1320
2340
5348
148
7892
7894
5611
5352
2696
8331
4587
954
7008
5226
1060
775
1154
3217
2845
7374
6385
4989
5372
3819
1354
4970
582
8524
4684
4673
6170
4177
6869
6932
1103
5021
3354
8128
2442
5530
834
7010
1950
4101
1854
2560
678
3113
2708
5346
5478
1147
3714
4971
5121
5224
4339
3259
1444
6414
931
2769
2961
4262
4399
2523
5382
1240
3028
3176
3859
2539
5069
6966
48
7110
3816
6115
2486
6436
1575
7208
5018
6725
387
3417
4703
3439
2283
1777
670
1271
4645
5421
2563
5152
7248
7160
322
7419
3635
7700
2936
5387
6974
6794
