item_recommendation
25737
8571
7872
8093
7541
7914
8360
8327
8447
7613
7697
8225
8183
8070
7669
8117
7636
8056
8253
5264
8385
8522
8661
8879
7437
7560
8154
8033
8290
7782
7407
980
7938
8420
8235
4821
5159
8859
8410
8684
8403
7802
7728
3093
8654
7753
8961
6579
4437
8003
7293
7738
8761
8477
3232
7649
775
7234
2659
8899
955
8207
960
1046
5008
8743
953
8709
966
8777
7619
984
4809
8596
6728
8927
3632
4920
6365
4658
8819
6970
7394
3368
1744
8699
5772
7186
5723
8998
8977
5909
8633
7478
1437
1024
6091
5597
3324
8665
8751
1777
8008
3668
1676
6850
6207
129
3751
232
8228
5729
6195
2935
8864
4188
8910
2173
8376
8620
5787
7720
8136
8670
840
3608
8499
5765
4162
2236
3875
8589
1523
8239
4171
3281
2062
6918
8772
8169
8609
6314
3428
9018
4366
7786
8167
1562
4375
6748
3188
5296
733
7757
9010
6073
7583
7263
4632
4076
8392
4550
2344
5473
7316
4941
526
5410
6178
4177
7705
6630
4603
6154
6826
5515
8865
8612
8831
5122
2434
6566
7155
8525
4238
8799
3639
5097
3615
8133
3761
5840
8712
3344
3479
858
8388
6559
4923
970
1816
659
3863
6509
7204
1120
4731
4161
4782
8722
6143
5611
4984
8604
8187
1767
912
3869
4936
5210
695
1513
3127
4121
6550
5815
5489
3417
6521
7299
745
4079
2897
2212
266
4024
3268
2227
5440
3431
1288
7748
5134
3816
3235
6920
6318
1145
2605
8462
1515
2318
5117
7831
7878
8387
4577
6932
1003
994
2396
4584
6658
5936
4391
3602
8667
2660
3263
4639
8833
7698
7445
3707
8840
7944
7587
3924
3928
7932
4432
3655
1783
7990
7011
3292
1771
7817
9001
3427
2647
8451
3251
4262
2772
2374
5839
6636
6803
4873
7809
2404
9004
965
1652
8642
5017
7881
969
1819
957
8914
522
8261
5470
626
3307
6498
954
2442
6355
4837
3587
48
7976
7888
3207
2159
7038
6609
1476
3351
8482
1060
6885
1812
7121
3438
8453
6536
3456
4404
6322
8903
976
2340
7171
6390
1016
7272
5498
1281
6676
4251
3900
3714
7771
6077
3845
1569
1692
2780
7487
6892
5065
2457
4740
7126
3478
5588
2496
7254
5693
7484
2366
8491
2617
7245
5742
1042
881
2799
5810
5585
45
7792
7107
2788
951
3213
8689
1612
7894
76
6751
5177
741
485
8580
2686
7130
3296
4901
4861
1531
870
3354
3702
1425
8854
1193
761
1507
6612
2687
5834
2981
6703
2925
7789
2433
5715
2021
3804
915
6760
1020
1580
2801
2004
2402
6669
2241
4761
189
880
1907
1019
8636
7036
1295
8131
6000
5752
5570
3258
2398
5980
4600
5475
5809
6493
2802
731
4153
888
6367
1125
1876
6977
6739
6624
5186
7099
4885
1050
656
5926
3819
5662
1004
8574
5139
1057
6981
6535
2418
401
1824
1970
828
6791
6591
6260
3540
3908
2516
1566
5689
1209
8848
7759
4801
8979
2621
2415
6568
5198
5288
6902
2982
8700
2155
6148
990
5291
6294
2436
872
816
964
2709
3996
5968
285
5768
8591
5675
9012
5853
3334
144
7577
3795
2394
1870
7415
7444
7380
647
4686
4414
1342
6436
8511
8920
5888
427
2752
2668
2669
8191
1006
864
8044
2594
3693
2727
2427
8607
1253
5558
1809
2458
6832
1923
2407
4394
3034
263
4895
8039
2232
6985
5365
407
8943
2942
1891
5857
4462
7481
1590
798
3882
2775
8810
5378
7282
5449
5832
7160
1739
7101
2368
1517
981
753
1352
8009
2622
6744
8745
4846
2506
835
3176
575
7055
5952
2437
8614
6571
7078
5165
492
1030
735
8781
3420
5801
2583
6415
4811
6641
3997
4020
7044
4292
6762
7584
2941
6370
4692
3492
8950
6348
7845
8948
5900
8526
8908
7208
535
7566
8984
3113
321
8530
7995
5873
8720
5164
720
93
7135
971
3298
1472
7228
4830
6880
7627
2481
3752
196
2370
5825
1581
2513
6724
2367
2478
1702
4638
5534
5033
2793
6404
1794
5569
4911
531
4033
5850
4897
2798
2504
4135
3377
3256
1487
1788
7820
7311
1844
2956
5038
4876
2824
1639
2347
3370
3936
5666
6276
603
7840
1529
6690
3786
1310
2766
6718
986
5202
3489
1135
7195
7492
1380
4722
2900
7096
6375
8147
6513
2610
7438
4440
7189
1643
3832
2581
6856
5398
4241
5254
1317
2860
4727
5282
875
5443
7897
1882
2624
3671
8625
2609
6408
1021
205
3218
1015
4696
6974
5641
2445
1012
1696
1479
6695
8524
4051
8629
7260
1225
3010
8807
2696
3508
3349
2338
8695
1624
4605
996
1196
6056
2186
2533
5965
6835
6254
5458
7222
472
1826
6383
5312
6840
5352
7979
844
7022
8675
8827
8768
2038
6140
4765
1010
3596
6395
1750
4552
2819
1657
1040
5114
3081
2301
6927
7110
1493
6811
2446
1254
5604
8422
5012
6422
2000
786
3394
3412
5433
4427
5226
2664
6211
2959
916
2346
1297
1980
5947
1903
3604
6039
1554
5808
1658
15
4081
2300
7502
1114
7177
6638
1187
5170
1621
2791
2579
6530
1678
869
2468
1516
6223
5248
5699
7192
1453
4738
5530
5803
6582
6966
6768
611
2439
2902
2786
5395
2741
5241
5168
2937
785
1608
6516
4878
527
1404
474
6662
8336
5179
1429
5556
1291
824
1888
2310
8142
2493
3889
6123
6684
927
6084
1575
6643
7250
3611
726
4893
8882
5095
7115
1363
3560
4304
5625
725
1026
2905
1983
5864
1438
4022
5285
5628
5471
6863
7827
8650
8362
2268
1959
998
7379
5795
3024
1032
1013
288
6446
4886
1132
2401
5619
2114
6116
6400
1671
8268
6562
5568
418
1219
1885
4060
8857
5387
938
4247
2689
101
5655
8795
4102
5214
724
1320
6231
8575
5400
1029
1047
6547
5782
6686
2288
4555
1482
3210
6464
5046
2761
44
8838
2248
885
2400
5836
2090
2630
3238
1111
1484
3396
8923
2174
2887
4987
1889
3320
2007
4255
6862
3284
5684
1810
6243
8366
8157
