item_recommendation
25737
8327
7872
8093
775
7914
7541
980
8571
8183
7697
8290
7613
8447
8117
1513
8225
7437
1523
8360
731
741
7669
8403
1515
5515
735
733
1003
5410
5008
7560
5597
8772
2769
7728
1507
8033
745
5662
8253
960
8410
8499
5159
984
2912
8070
4658
8056
695
7478
8596
7782
869
5264
5033
7878
7649
2186
964
6579
8235
8636
1777
6260
1739
5282
981
4740
828
5742
3235
1057
6154
4696
1812
976
724
1030
6902
8154
8591
5853
9012
5715
5675
5288
5768
969
1026
5723
6073
746
990
1744
6091
7407
2513
893
626
8777
8699
5968
8661
968
3238
1580
2798
8003
8580
5489
743
8879
6355
3368
6294
2669
4782
2227
2686
986
1046
8207
3232
858
955
1004
2835
8420
1525
5177
4727
1508
8684
6436
6493
963
1288
2741
4437
5323
7802
7254
5186
5765
8167
915
1317
1020
2801
726
7636
1870
725
8899
1006
1500
474
7245
2764
6918
1047
8720
961
2772
786
1639
3608
6178
4076
472
1831
720
8761
1053
2892
1060
951
2496
2438
1876
3575
7293
1042
2548
1907
7204
1852
1816
1501
5808
5440
7831
4262
2473
8743
4795
1010
1008
8522
8607
5377
647
973
6718
285
4316
5588
8422
1493
719
6318
1581
953
1035
2440
401
5772
1021
5839
5936
8477
2935
2385
3268
4680
8376
8136
1497
526
1750
6970
2668
3875
2937
4821
232
5134
7771
2212
994
4731
5198
5795
8998
2546
4984
8807
7171
8943
4765
1013
4162
4901
3173
2956
2342
1132
6751
864
3113
5518
8654
1041
8387
2982
1771
1012
1125
8524
2481
1187
2651
1688
2383
1037
2815
718
885
266
5699
7720
970
4878
1147
872
2570
4440
5210
892
934
2183
8865
8039
1624
2642
4809
916
8819
6760
4263
5710
2687
7938
8910
6530
5161
2567
2398
6242
6509
5815
4153
4830
4920
4600
3854
48
2688
535
8366
6835
5275
4550
7757
5114
8977
954
2428
947
5693
5203
1873
6404
8542
6322
9018
5312
2802
6121
218
8633
3354
762
1078
937
2925
5752
6676
2460
2352
4933
8388
2605
6464
1690
8589
1032
3095
2439
1064
8142
5625
4312
4584
996
1017
5980
1980
7078
4417
2344
4095
105
6706
8147
8768
3408
5462
879
5641
2770
737
651
3656
3819
1582
793
4188
753
5684
2131
6803
1016
2696
8451
3816
2231
1819
5672
7357
4024
5729
3281
6047
2533
1245
6422
6035
5291
5655
5666
5363
6513
5732
1036
1909
788
750
5038
870
3908
4016
2236
912
3751
6375
2722
609
1056
1641
2487
2829
2347
888
4976
3000
8848
5365
7619
2441
5735
6341
2506
4086
6470
2983
2582
3475
3116
6768
3676
5055
1504
527
5218
759
8275
6290
839
6207
931
5341
2082
8859
8864
6547
7186
5572
1024
2184
6645
865
3851
5466
7012
833
1192
6060
5398
8640
5373
7260
8672
7346
5285
7235
2640
6105
5401
8610
5400
4889
3936
8629
7198
7153
7309
7419
3825
4929
4677
7063
1617
7017
3957
8582
5170
3654
8872
8197
5685
6342
8921
8158
5826
6584
8138
3499
8130
8123
5836
5004
6963
5847
5577
5689
5796
4241
4832
5736
5696
5700
5670
4450
6432
5667
8985
5254
8949
8966
5746
5686
6498
8371
8955
8372
8882
5056
4477
8828
5034
6851
6852
3284
7822
5940
7791
6887
8835
6896
7702
3334
3491
5443
8785
5678
5003
6331
3611
6754
5002
6732
7947
5001
4104
8423
4300
5690
5680
7919
5517
4994
3497
8838
6800
3758
8228
4428
8239
8620
1120
4834
8927
1636
4861
4051
1996
3096
3438
4999
6296
6314
4432
7394
3241
5085
3489
4980
4902
3500
3152
1652
1161
5053
748
6684
2197
3329
4967
6103
6568
6234
2774
7753
25
3495
6533
4638
6827
6408
7316
3324
2780
7234
2993
3759
1805
4511
2730
4801
988
875
8392
5304
129
5182
6162
5243
7208
5193
7748
4177
2832
337
816
3093
998
6743
8808
3194
2300
4105
5352
3863
4612
4833
8609
4632
2434
3639
8799
4238
8169
6566
8712
3615
8133
5097
8525
8612
3344
9010
7583
3479
7155
5787
5122
8831
5840
3761
16
5834
4375
8638
997
3338
1696
4161
101
2241
6365
2689
2690
2340
3604
3880
3359
742
6774
3388
8961
2155
2287
2009
5139
1734
8385
966
6225
6826
1014
798
832
2026
1281
3522
2788
3632
2659
1040
5433
2120
2761
5135
2407
3010
2752
4033
2363
8667
8042
2465
5504
4636
4691
886
4524
3431
4603
2442
4979
962
2897
4298
3402
1499
3452
2371
4659
5463
4333
4634
4676
5342
5302
5637
4662
4640
4954
5222
6056
4977
4649
1331
4290
3889
3081
4941
881
2415
2976
5427
4389
2118
2396
1612
5419
957
3916
4837
7228
4079
5832
2674
1059
2975
4401
7932
8903
2709
3024
2366
2318
6885
3031
3188
1735
8576
1490
1794
1721
840
4800
3456
205
4798
6132
4490
1822
2898
5167
3584
4520
5418
2521
1767
3213
5296
4645
5483
2577
2494
4414
8722
1380
6093
1657
1590
965
4728
4787
4627
861
3140
2433
2611
1352
1531
4519
1487
5611
7192
2504
3655
3574
7764
5480
5570
2907
5265
5364
5236
3427
2727
6426
522
876
5891
1111
3285
2133
2786
7976
6232
6368
691
1282
1951
1346
1394
567
5241
2827
4735
2090
4996
2288
8709
313
938
1476
1502
3051
1970
6862
2735
1104
2378
1019
4923
2987
4761
7110
6728
785
3996
5065
1410
8665
1472
6985
1663
2327
3766
8157
1287
2399
1562
6974
7840
1997
3244
4294
1084
1959
632
2425
1627
3211
1367
5017
347
4121
4366
580
3086
5319
7160
2985
3258
3702
2348
3210
6671
4191
2113
6536
1148
7011
2710
6850
4981
2295
1023
2874
1209
3430
704
3147
2766
1233
2633
2285
918
1226
2596
161
3177
3150
1783
1616
2715
1388
167
1608
1363
2922
2215
2364
2393
1204
2427
99
3068
1063
1759
3042
2866
3005
1080
3134
2789
510
2403
1186
2074
306
1393
