item_recommendation
25737
7872
8327
7697
8093
7541
8117
8571
8183
775
8290
8447
8225
6260
5008
7613
8360
7437
7560
8403
7669
2605
5515
5159
731
6103
8772
4941
1513
1003
7914
7782
8596
8033
6154
8499
5312
5742
980
8253
7728
8899
5186
6073
5723
5662
5710
8743
5745
6902
8636
7649
4963
5715
7878
4550
5288
6178
5768
5853
8207
5675
8591
9012
1507
5765
6970
4414
5597
7478
7636
5323
745
8154
1515
5993
4237
8580
3819
8376
6091
5608
8136
960
4717
976
8420
1739
2654
8998
3875
733
6918
6121
8003
5410
1870
4740
986
741
1438
8070
5282
5275
5729
5198
5611
6751
7802
7938
2188
8720
4095
6355
2769
401
2659
8859
6242
5655
2183
626
1777
1021
6047
4866
6493
3232
4795
1317
5834
5666
8410
5177
4076
7245
3188
6368
4895
4731
6835
724
4980
6513
4420
4153
7234
7171
5752
7831
5839
5968
8777
2120
1812
5689
1006
3368
3377
5732
1729
984
5936
7254
6547
7204
8661
5264
8607
3324
8522
5363
6760
5038
6314
8943
8807
4440
6676
5641
5365
5254
969
964
8699
2513
5808
6579
8524
8848
1047
864
3489
3235
8629
3334
5650
5815
6225
6684
4873
5466
6718
8477
1508
8235
4727
5398
7260
4241
2478
6286
1059
1733
3936
748
735
5980
5443
4584
6294
8142
2696
5625
3194
6826
8542
5699
647
695
6404
725
3391
7293
2347
3584
6408
5672
869
3816
101
3889
1629
1907
4923
7078
8882
961
5055
5795
8462
2982
7407
5139
6803
858
4016
6035
2300
2688
6422
8056
4765
968
3238
2186
5735
8768
4821
4967
4976
6498
8147
5940
3758
947
7888
5693
3284
2772
893
6331
5572
7346
7771
6706
6896
8275
2956
6774
4312
6436
1750
4366
3851
3307
8167
4801
951
5170
2473
4984
5291
4316
7919
2651
6464
7419
6985
3611
6341
5836
4450
8640
2741
6375
8838
8961
8665
5285
1053
753
4477
6800
2798
7822
6584
1034
8366
5053
2546
6963
743
892
5684
1624
2832
5462
4903
7198
2792
6768
7357
5400
5243
7235
7309
5670
6887
5696
5401
5685
8835
1523
5746
6645
2184
4104
865
8672
8921
5034
7063
8610
5826
5847
6432
6754
7947
8828
6060
6105
7012
6732
4300
5678
5680
5686
8197
4649
4929
5577
8949
8371
3654
3957
5056
5003
7791
5517
4965
5736
6852
7017
6851
6728
5667
6342
7153
7702
1192
5796
4994
4889
4677
4832
8785
8123
3497
5700
5690
5373
8582
2640
1862
5002
3825
8966
8955
8372
3499
1617
8872
4437
5004
5001
2937
1057
8985
2668
8423
3491
2686
4834
8130
8158
4263
4732
6243
8138
4428
973
1831
2496
7186
4999
2227
4680
3241
285
3096
720
3359
719
5085
6232
8709
1288
3495
5161
4878
6365
1187
2983
2582
915
750
6470
6827
2976
6533
3173
266
6530
2548
1580
5203
659
3417
1744
1046
3759
2801
8684
2764
5214
3656
1805
2700
8879
1771
129
990
3500
6678
4833
4105
7502
5413
746
8385
1690
7786
2647
8638
5909
8042
535
2912
5117
526
4782
4079
2892
2780
5504
1581
1437
7208
5418
4996
4830
998
7764
4532
1819
5218
875
8920
2415
885
5419
2009
888
1060
2441
4002
1005
5193
5498
4262
5518
4490
3848
1147
3984
2687
573
6630
7394
218
5167
7881
4600
5033
2118
1836
4981
4979
4577
4686
48
5489
8689
7263
3753
2428
2154
1767
1004
931
5135
4401
8654
3408
5553
1014
963
1104
4427
7753
1517
1501
5888
7272
1497
6612
2288
2407
1562
5304
4171
6116
4298
8819
3093
4101
981
4718
3649
3402
8589
9001
955
1008
4736
8761
3702
1816
6609
6296
2385
5060
2482
5938
189
7894
4404
3388
4432
4043
3604
3456
6932
4945
5891
3575
3127
4638
8451
1367
4246
7944
7587
4639
8840
8833
7445
3263
7698
3928
3924
3707
1822
5971
8670
2660
4005
4367
2440
1636
1030
3668
8261
6204
747
2774
2383
1012
5832
8642
4251
3028
3113
2090
3157
1042
3859
4045
3445
1752
1084
2609
5356
1017
1020
2418
5375
2458
5458
3608
8781
802
4417
6093
3880
2993
6671
1873
9018
205
1631
8576
685
4696
2799
2318
1078
2730
8808
828
937
7038
4511
1040
953
3256
5352
886
833
4678
3210
4859
9004
656
6559
1909
6390
2935
5313
1688
8387
4735
1056
4846
6744
1525
45
4925
1472
3522
8268
938
880
7932
2062
232
7334
1479
2898
1010
3086
4936
7228
2107
1024
3452
788
3218
962
3795
798
5810
6195
6383
105
879
7738
5772
3714
3251
2938
4901
7619
3854
8121
8187
6658
2617
4987
4658
2189
844
965
6234
5377
7126
4809
5585
1336
6025
4247
3051
6114
2829
7976
2241
5121
6850
1301
5449
2078
4691
4228
726
8039
954
2342
1125
1161
1037
2331
2500
992
6509
6207
1032
4911
3971
5440
3766
1860
472
5182
4861
3281
1145
2770
1209
6062
793
912
2464
3357
1018
4462
786
155
3444
2981
3081
7995
4349
2212
6832
7379
1026
1394
3428
5960
1876
2689
3845
2159
474
1049
8865
7809
8332
5075
7792
3140
1225
7091
1762
516
3587
1980
4645
4914
762
3199
2365
3354
5346
1753
2236
5134
1429
5649
6377
113
8675
5021
4761
6593
2374
5857
8906
3959
7034
2988
6240
7282
5604
6211
3125
8157
1111
3805
1500
1152
8633
5296
2534
6730
4957
2815
1834
2761
485
2521
4380
1132
5241
2416
1852
4121
3996
4033
2897
492
742
8482
970
1352
2088
2642
3292
3207
6077
3882
2394
2481
3142
7311
881
5952
718
1721
2622
2197
2504
5825
171
5384
479
1099
8453
872
4520
2621
274
4792
6400
2399
1019
5588
7577
3213
4956
4162
3211
2340
5718
6568
2669
2493
3160
2775
6957
4625
7897
3831
2594
785
6862
6571
1844
7055
3358
1422
2366
6636
4290
1735
4552
4636
8914
2966
7492
966
1023
2572
1807
3487
5568
6395
1696
6318
5620
2360
5777
714
2786
1173
5292
499
5000
1608
