item_recommendation
25737
8327
7872
8571
8117
7541
8093
8447
7697
7914
8253
7437
7613
8225
8420
8360
8207
8183
7560
7669
7802
8033
8522
8290
8070
8403
8477
7649
7478
7636
7782
5980
8056
8003
8743
6178
8235
5159
980
7407
8385
5723
8661
8772
6970
8998
6365
8154
5765
6826
5515
7728
6355
4941
7186
3368
7938
8859
6579
6073
8261
8899
6154
8157
6902
8684
8167
4366
6918
8499
3232
8589
7245
5662
7577
2659
8961
3377
7234
5729
8596
8629
3816
3235
1003
7753
8665
7976
7748
7282
7786
5742
8410
5909
4809
5193
6609
8761
8819
8039
6211
4550
6195
6728
5117
5264
7293
8376
8136
3875
1907
7394
6446
7932
3281
5825
8879
5655
2300
4821
5410
8654
3587
5772
7809
7738
5689
266
7705
8709
7881
5597
6091
6314
7888
984
4911
7487
8187
7878
4731
8777
2374
3324
6718
4577
858
3188
5139
8670
8914
6636
5413
6395
8636
960
6630
4437
2780
5033
5312
5008
7299
8633
9018
7995
4420
8695
4076
5186
6624
7272
3028
7228
7789
3799
2288
4873
4765
2676
5177
6260
4432
8903
285
5198
2647
8910
731
7263
6390
5134
4427
5715
6077
2062
6408
4920
4761
8920
626
8462
1870
5038
4251
6559
5556
5784
8121
969
8722
695
4740
5398
5433
5269
6751
5296
5666
6530
8422
6121
6242
6612
6493
3292
4638
3417
6684
7831
5926
3334
5254
4241
5839
5936
8607
8689
6591
7260
3936
8451
8591
3489
7038
1744
5288
6509
1288
6760
9012
659
6676
6744
7492
5888
7254
5675
7204
4584
745
733
5853
5768
7817
5968
8943
964
8008
45
1317
8268
1437
647
7771
6703
5703
8675
5161
3819
8482
7160
3608
951
6047
1523
976
1187
4153
8642
4079
8142
724
6568
3127
5815
1767
5291
1816
880
7619
6748
6550
48
2660
8580
129
7757
6862
8699
965
535
7944
6932
3924
3928
3707
3263
7445
7587
4639
8840
7698
8833
4404
1812
6404
5787
4417
4923
4945
6835
3584
8977
6140
4262
3795
7250
1513
6062
6521
8864
5443
3668
5808
5707
986
7502
2617
7979
5699
4801
1006
9001
8604
8807
2769
8768
4088
4936
4171
6798
998
1844
5470
2937
2775
6658
1531
4782
6318
3882
2407
101
3307
4895
7897
3604
7121
2605
5226
4246
5745
8638
1367
4846
5611
8583
2154
4600
9004
8524
1834
2686
990
5810
5952
8507
8751
4414
8484
7126
2982
8781
8848
6525
3996
401
3213
5791
8984
8273
7743
3428
2688
4984
3218
2935
962
3702
6000
492
6850
1053
1507
5693
5641
263
8511
7107
2577
6243
6513
2038
8827
8979
2696
3176
6383
3632
5275
5210
4226
8574
8336
485
7208
6116
955
3434
5834
189
3081
6832
725
2231
7099
2981
5449
4200
8239
6331
2961
3805
1702
8795
1777
5080
3714
2340
4162
6283
3483
2478
7096
3199
5588
3210
8614
4795
1580
3157
8453
8718
3238
1352
2912
7894
741
6279
3251
6400
1771
5365
7583
6473
3860
4273
4284
8491
8813
7115
6774
7354
656
775
2418
7990
7792
1330
1624
1012
4658
1472
5971
6132
205
1476
1024
4885
1517
5182
2799
7316
953
6803
7135
3093
5752
1225
886
3387
6440
4840
3474
5569
3854
4121
6840
5581
7444
6051
7101
4349
5850
1515
6535
2078
5734
5795
6294
2516
2793
8542
8622
6977
2496
1336
7139
2622
6768
8720
6695
3978
7456
1046
1438
6143
3646
7078
4167
7180
4865
6985
4537
5202
7177
6981
5672
5866
6829
6148
8459
6422
6953
7171
6547
5625
6885
8366
3975
6436
2004
3653
6731
1529
6207
154
7211
6927
15
2581
885
5352
6237
8147
2347
1021
7822
2318
5114
3194
5179
1696
8882
7340
4033
4440
1104
7566
912
5203
6771
7415
3113
31
1013
2433
93
3693
7815
5940
3351
2427
2082
6375
8609
6484
7899
2227
5538
4188
7380
3370
1135
7189
3540
4066
4255
76
7311
2956
888
1569
7095
4878
2548
2212
4108
4316
5544
7320
5710
840
5282
526
2897
5075
3889
8927
3066
5816
4874
7883
2891
4409
4993
3077
4775
3809
8830
8137
2585
8369
6788
6092
915
4932
3284
7764
4727
4914
6265
3724
5891
7720
970
5832
5473
3456
4987
4861
8044
6887
8625
5732
498
2394
2458
2772
1739
1831
5585
7934
3726
3780
5843
6103
3207
2798
1047
6892
6678
4263
2415
4312
5165
5021
2284
8275
3160
6464
4830
5012
6502
6791
8009
2668
1004
3173
6896
8014
3256
8576
2331
5718
5466
2618
8892
6743
1209
5101
5267
7348
274
6498
6155
4619
2843
8616
7147
5378
6762
3773
5285
1581
5568
2009
1562
4290
6021
6706
4748
6470
8387
6739
2404
3404
5243
2704
4649
5604
1721
5777
6037
966
5801
685
2513
4098
954
4509
1192
5462
6482
232
4228
5329
8838
1444
4086
5404
4960
7484
5836
1147
1769
4552
1060
8492
5440
5055
8790
6101
4691
3546
2883
5323
3869
6476
4815
7346
5857
6690
3788
4745
5694
3897
6238
3664
921
3673
5300
8970
5792
3476
8584
3618
3661
4465
6793
3679
4175
3695
4045
4964
5735
410
3515
881
4706
6662
3425
4876
8228
3677
472
5363
6104
1132
4947
1788
5945
5046
4475
5417
6022
4818
4403
4140
4381
4459
4464
4018
5995
4716
8957
4749
2106
8528
6387
8544
5057
5066
8611
1610
5111
5366
2697
5994
6468
5231
3326
8853
5255
7117
5315
5283
5299
5450
5841
5846
6332
4767
3992
3943
6228
8196
3879
3835
6250
8363
3771
5705
919
920
7199
7083
6323
6936
5506
5505
4975
5682
5428
2828
4411
5558
7044
8948
3492
6641
6415
2941
6370
6348
8526
1824
8950
8908
7845
4020
7584
4292
4811
4692
3997
5900
4976
4980
4477
3564
1636
864
7458
3276
8923
8672
1804
2609
7012
3163
4970
8620
5684
7110
3758
6114
196
872
4844
8865
7055
7481
582
4194
6707
5600
4300
7309
7919
7235
7198
7357
5847
5401
3654
8640
5400
3499
1268
7627
2335
2900
4570
6650
218
5065
4901
3398
