item_recommendation
25737
7872
7541
1513
8327
8093
8183
775
798
8117
7697
8571
7613
980
8290
1767
2527
2787
2545
1145
8447
8360
8225
1488
1515
1177
779
2751
7914
7669
5515
7560
922
1608
1497
7437
1053
1631
2289
8403
1744
1003
8207
1727
2479
5159
8772
6073
6154
5742
1523
2130
401
864
1831
2186
787
5765
8499
2718
2485
7728
1777
1152
2769
984
2717
8033
7478
2342
5410
1059
5662
8596
7782
764
741
2441
5186
1317
2677
2572
1812
2627
824
1046
1660
1980
6260
1507
7878
8636
6178
5715
6902
1493
5288
5853
960
8154
5768
8070
1739
1852
2815
2440
4550
5675
9012
8899
8591
2687
460
885
5597
2605
367
2621
2770
968
626
875
2463
8410
6091
2227
6970
2771
2779
5312
7649
5008
1870
1960
8003
2668
2688
5723
7802
1056
2686
8580
7636
1779
5198
8743
647
6579
733
2202
8998
1147
2724
1501
5264
1502
2481
144
5177
2467
8777
5729
745
4740
1624
4731
2673
1876
731
2689
2427
2535
976
5282
2197
6355
2483
8522
5689
8253
718
1580
1008
735
526
1006
7245
5666
1562
1667
2761
828
4076
1020
6493
4795
2300
1816
1026
6751
2935
8720
1907
1057
3232
1663
719
5254
5038
8699
5275
1670
5323
8376
973
1582
8136
3334
1863
1721
6121
1018
990
1419
726
8420
2287
2513
2339
8848
3875
3489
5655
5398
6404
3235
2752
4241
2301
6918
7260
951
3936
869
5839
4649
1047
5772
467
6835
7407
2696
5443
3051
964
4440
1711
2786
2546
6408
1671
2504
8477
2835
4316
2912
7254
2159
1017
3751
129
1120
5808
5936
8056
724
963
2937
1750
8661
1657
1819
7171
1783
5139
6513
8629
2976
7938
1007
961
1581
986
1042
992
5710
2236
6760
8943
2956
1699
858
2044
2582
2983
4765
3150
5752
793
1529
1701
3238
1472
1032
4727
1111
4246
3081
981
5968
8807
5672
695
4584
786
6436
2120
7831
2982
2801
8142
8879
893
3324
5795
5815
2741
1973
6547
1036
1508
1836
8607
746
5699
599
6294
1125
5363
2772
7771
2357
6195
3292
5732
915
8261
888
2726
4153
2966
5053
6684
4016
6211
6803
7293
3408
870
2700
8859
479
8542
1192
535
4600
8524
5055
2473
1030
947
743
1810
2520
8147
7078
4312
2396
6718
1688
2447
899
4911
6422
969
6676
4821
4976
6768
6498
1363
2798
750
1672
8235
2383
2616
8451
2496
5466
3377
3194
5365
2659
2892
6047
1209
2398
3758
1021
1696
1040
5735
2385
1025
2325
1288
2399
8684
3284
5572
1975
7919
5641
1702
101
6035
1437
461
5693
1916
3759
3587
3140
912
4830
5684
4809
6800
5462
5161
7419
5285
8768
5193
8275
5556
999
3359
5170
1055
6341
266
3611
5625
3889
7738
881
105
7234
6963
7346
3608
5243
16
6896
8882
970
6464
3819
3851
7204
2766
6706
8761
3368
8838
6375
1690
5400
5940
6103
8835
213
8042
5696
423
2347
880
4450
6331
6365
6887
4680
3604
7822
4366
742
4420
748
1771
4941
5291
7198
5401
2184
6645
2183
4967
865
5685
8949
7309
3173
8640
5034
5670
5836
3497
3654
8672
4104
4929
7235
8828
8966
3957
7947
5577
5517
8123
8921
4263
1004
6584
5826
5746
5847
6060
3499
1617
5680
5678
5686
7791
5667
5373
5004
5001
4300
8371
5056
5003
6432
7702
2640
6732
6754
7063
8872
1652
8985
5736
8955
5796
6105
2294
8610
4477
4994
5002
4677
4889
7017
7153
6852
6851
6342
3825
8582
4832
3491
8130
8158
7357
8366
5700
8197
5690
3211
8785
2288
4834
3086
760
48
2866
8372
8423
4999
685
6774
8138
3402
7282
4638
4437
833
3241
2633
4980
6470
92
7012
2155
656
1196
3338
2596
3816
2327
6225
4428
2173
2651
908
3096
1104
988
4878
6286
4984
4262
1951
2993
2981
4105
2789
2669
1665
5085
3005
1233
8722
2922
3068
3042
3134
1204
4923
2494
5787
1226
161
1063
3177
1186
1759
167
2548
6232
3500
2393
1388
918
3147
704
2403
2715
1959
306
2285
1525
2364
1080
1187
1616
2215
510
99
2074
7272
1354
2600
6533
6395
7809
1010
996
1997
997
3584
475
6296
1060
162
507
3495
312
4696
1527
720
8385
3575
4401
4095
955
1805
1788
6827
4532
3656
1218
198
1730
1639
938
3188
474
6678
1184
232
816
5825
4833
3093
1841
2829
4782
6530
1549
5980
1479
1161
5352
405
2118
4873
5203
2858
4801
7753
5611
4861
2832
2465
2429
2843
3388
2439
2570
5504
3006
2207
5489
4920
1909
5470
902
753
3071
1972
6985
2507
7208
2231
5834
4079
861
2938
2654
725
4101
95
1873
2009
2634
2350
278
1860
47
547
5784
2043
659
2780
5518
4462
5269
348
3753
1839
1085
5182
285
205
1027
2146
1103
4658
2975
1929
5418
5419
1345
8187
2819
3456
4290
8387
1225
2647
8638
5134
6314
4945
1500
7394
1259
1095
3522
991
1320
998
4490
2318
2674
2090
3152
2046
5498
4979
8709
481
2753
892
2241
4981
1076
2946
5218
5135
3354
2128
2428
4284
2986
5413
1073
802
2039
836
4273
4996
2534
4963
1689
840
4577
2062
3452
4298
2204
886
6509
8903
3281
2793
1132
1049
8961
1033
7881
953
714
5033
6728
2774
4088
2990
5114
2764
1394
362
1130
2091
5538
3016
2415
516
5346
8819
6077
5888
5304
2567
2134
4511
5375
7764
280
3702
2098
7932
327
5553
3649
1084
1037
189
952
3307
2178
131
113
2284
528
5440
4349
2107
1504
6368
1012
3125
1135
4987
747
2704
762
1286
1077
1487
3831
879
7888
7720
2438
322
2115
8865
5909
945
3357
315
135
2478
3210
5891
8654
1428
1804
785
2078
7619
3880
1024
3113
8157
4432
243
8977
3996
1346
4735
6279
1794
5791
2925
8675
7995
233
6559
8633
907
8910
8665
2730
707
1669
6093
1531
896
1216
4645
3445
2201
937
954
4380
2458
