item_recommendation
25737
7872
8327
7541
8093
8571
7914
8117
7697
7437
8360
7613
8253
8290
8183
8225
8033
8447
7560
8207
7802
5515
7669
8070
5159
3232
8056
1513
7636
7478
8772
8420
5597
8403
7782
5765
7649
5410
8477
980
1523
741
8499
8003
8235
7728
6073
8684
775
6154
6178
4795
1744
6365
3235
6091
5198
1003
6579
3368
5742
9018
6355
4830
5008
2605
6559
8167
7407
1816
8596
1777
4731
888
8410
4316
6140
1515
1580
8522
5186
6970
6493
8661
8899
5980
7245
7932
8743
7878
8154
2686
4696
5264
401
6195
6918
6826
8261
5662
5312
8636
7738
6260
5715
1046
3324
7228
5288
1812
984
1739
1317
129
285
1562
4584
2912
5723
5033
8819
5177
8859
6902
3604
5968
4076
4414
4600
731
8998
7938
828
1831
2668
8879
626
733
7995
5489
8607
1907
4577
5675
4649
2659
7293
5853
5729
526
8591
2212
6760
1507
5768
4550
1870
8376
8385
1111
9012
2769
4246
3238
4121
8777
4290
798
6751
2300
718
8136
3816
3086
6718
7809
5772
3875
4809
2935
4658
5689
4782
8039
7394
8943
1145
2688
4740
8903
8451
8524
7160
2504
4873
7492
990
8187
1696
2227
5433
5161
2288
3194
4727
695
7282
7038
4437
5134
2966
2062
3587
1120
1288
8699
4920
960
3522
4821
8675
550
8807
5936
7753
2937
3608
5139
2976
1352
2761
6498
6676
7234
3292
1852
735
724
4861
8827
1767
951
858
3334
2159
1652
5839
5666
986
1472
5815
5038
2772
5611
6294
5282
4366
535
5398
4079
5080
7204
5193
5053
3210
7976
8961
5625
4262
3402
5641
4765
3575
872
2340
4911
266
6000
4941
885
2427
7888
745
3819
4016
2687
8848
7577
2832
7260
7831
6404
3936
3759
8580
5254
647
955
3489
1844
3408
2186
1794
5850
2546
3854
1053
1783
2798
6658
4241
3081
6211
6077
3173
2689
1006
6547
3354
6835
5825
1161
4756
472
6728
2982
4552
3150
4440
8654
2494
3996
8709
981
1639
7897
5304
4680
8482
1437
2696
5556
3127
8720
2835
6513
4761
5055
5470
3845
4051
2796
3377
5699
5275
3113
3357
7186
6850
6408
5909
4638
7272
5443
4101
1657
5114
1608
976
7705
8589
6636
8761
5808
1788
964
2786
6318
3188
5752
869
1771
7254
4401
1819
4987
2082
969
1394
5182
5117
5498
8629
5346
879
8511
1057
2241
7171
3051
2496
4284
6436
8751
7299
8616
8542
7786
4171
5655
7771
6896
5588
6395
4417
2236
4923
746
5672
963
725
7979
321
6684
8695
7892
6800
3843
6803
2582
2983
2385
3632
474
8768
2779
3871
6242
6774
6148
4273
8910
2793
8979
3359
6132
6530
7192
1721
1192
3281
8665
6162
2981
6624
2195
3284
1980
2780
2231
7099
4976
6279
6927
7881
6422
659
2829
5684
6207
5296
7263
1026
1363
4515
7619
864
4312
7757
8722
1020
6383
6768
881
8808
656
48
2120
1951
7130
5787
3388
2327
4645
1078
7840
4342
4498
2399
3417
4194
1004
2441
6706
954
2766
1839
1024
5735
2866
3758
1187
6375
793
3649
6464
6630
4833
6446
2383
1508
678
4033
6051
6832
2248
5203
1750
6390
6426
2155
8892
2801
3563
140
2497
407
6568
8491
2374
3211
7208
1959
1631
6121
3093
2465
7419
8625
8914
8157
3456
5693
1021
2704
915
2531
1125
4420
7078
1131
3420
1582
3125
5323
232
8147
1479
6314
6748
2521
1535
1013
4801
5243
996
3163
4846
742
4228
1624
3889
1295
4848
3668
8633
1196
2956
6521
4945
953
5538
5269
5784
1970
6440
1690
7822
561
4251
965
6056
1047
8142
4673
880
2342
994
1834
1209
8366
1453
2154
8882
4404
213
870
6678
938
947
4191
1711
1060
1063
2596
5440
2371
7458
4337
2295
5241
1042
2347
5365
2789
1226
1759
1233
3005
3042
3068
161
2922
2204
2752
2570
5521
1997
5170
3370
306
753
3147
1186
167
918
3134
1204
3177
3010
3702
2572
2799
2439
2478
6695
970
1730
8239
1225
4954
4153
1135
5940
45
6840
1804
5782
7789
5952
4984
5710
6223
7016
7340
1688
1569
6341
3024
5466
1076
1147
720
6047
8387
5400
1493
4263
7198
5834
5375
1331
6887
6732
7063
5291
2815
1281
5836
1059
2534
3751
875
3852
2325
135
5012
8781
5427
6584
1556
7456
5069
1531
6331
2393
2364
2633
2285
1388
861
4432
743
1549
704
99
510
2715
2403
2074
1616
2215
1080
2860
3656
4088
7121
7720
4634
6985
1826
4349
2880
4643
3159
3784
3262
929
3892
5199
4888
1030
5795
5210
6743
5146
8254
2567
7748
3766
2090
8640
2642
2745
5046
162
3515
3250
7357
7585
886
1525
5009
5401
7791
7153
8275
4399
6932
6754
7346
7309
7919
6963
6432
7235
5685
8810
8813
7017
7316
5518
6243
8927
4104
2513
6286
4642
5218
5732
4834
5791
5926
2146
2639
785
7150
4090
8915
3038
4688
6378
3266
7812
8057
3467
6143
4482
5363
832
3152
7136
2473
4162
4709
6885
4980
5462
2043
4605
4878
4506
6470
2609
1132
6591
8672
912
4885
8014
454
4380
4748
3140
2721
840
8670
8949
105
2069
507
2506
8838
6060
6105
5746
5826
8610
7947
5352
4450
2182
8866
8828
4929
3957
8123
8864
5021
4703
2214
4166
5696
5686
5680
6851
6342
2640
7702
5670
5678
6852
1040
4369
1218
5847
5736
5517
5577
2283
8609
3825
5002
5690
4677
4832
4477
8197
5700
4889
8371
1841
3338
893
3698
5667
101
3006
2839
100
3358
8462
2975
1184
1404
2647
8372
4994
8582
5373
2318
5796
4045
8642
95
3500
8865
4105
4255
1408
205
8785
7161
8638
5413
7990
2741
5285
934
8268
2118
5572
7487
4999
4135
7415
1085
2681
7012
8871
3428
8921
2669
3499
1336
2429
3707
8840
3928
8833
4639
7944
7698
7587
3924
3263
7445
4524
2634
3160
1617
1017
1320
1836
6827
3654
5056
3611
4300
5001
5034
5003
3491
3497
7762
1873
1972
3071
8955
8966
