item_recommendation
25737
8327
8093
8571
7872
8117
7697
8253
8447
7914
7613
7541
8033
8360
8056
7802
8290
8070
8684
8225
8039
7437
7669
8235
8385
8167
8477
7560
8420
7976
9018
7649
6365
7478
7728
8207
7636
8183
8819
7932
7228
3232
8772
8511
8003
8482
8499
7738
5159
8999
8154
7394
8743
7782
8392
7995
8403
6178
8654
8522
7407
8751
8491
8709
6344
8600
8827
7878
7160
8892
8807
8589
8695
8661
8761
8187
7186
8410
6918
4552
7492
4121
4920
8008
7502
6493
8607
8879
8616
8665
8670
7840
8014
7245
7826
7705
8484
5980
8366
7577
8813
7892
8675
8998
8979
7897
3816
7293
8848
8636
7192
5433
3368
5296
6703
5264
8961
8903
8194
7456
8625
8542
8524
7831
3235
5597
5926
7130
5850
8596
8451
6162
7786
7016
4782
4194
7142
8777
7938
8943
8261
8899
7753
5909
5046
8864
8866
4090
6378
7150
3266
8915
4688
3038
7812
4848
8057
3515
8254
3467
7136
7585
7817
7272
3163
6728
6826
7204
8810
6073
8617
7458
6031
3698
7771
6591
7099
1408
8871
6609
4369
8531
3250
7161
2704
7720
8699
4846
4039
7096
4491
8507
5603
8689
4002
6850
6748
6624
7990
6154
5942
6832
7926
5521
8331
8376
6314
6521
5936
5839
7881
2144
8136
5968
6579
7766
7809
5765
8808
7234
4414
8859
6684
6502
6751
5815
5146
6957
8910
5723
7051
3660
8633
5033
7958
5515
7299
3981
7282
6091
7762
3310
8580
7888
5304
2073
4821
6636
8730
5693
6464
4051
8927
6970
6383
300
7748
6559
6695
6348
6203
7757
6662
7263
8239
4229
3247
5117
4873
6791
8142
7135
6260
6954
7107
7311
4878
7789
5438
6739
6547
2371
3875
4178
6650
3379
5742
6658
6902
1212
1003
5025
7619
7340
6355
8604
2659
8727
3927
3996
6977
5662
188
6961
960
5008
5888
753
6426
4515
1862
8044
4355
7380
6503
8404
6718
6530
3653
6000
4135
6568
4437
6166
4181
980
1466
7487
1804
4941
4146
6999
8984
5715
6077
7415
6416
4366
7303
3587
8019
5186
4584
5291
8650
6760
3194
4731
8781
7354
6676
5832
7820
5151
8614
6422
6835
4914
4577
1378
7919
6641
2782
3643
6498
2594
4854
6442
4076
5801
7566
6906
8745
8914
7564
8341
5768
8273
6762
6254
5288
5558
6927
5857
8121
8530
3983
6880
7759
5410
7171
5069
8591
5853
5675
8009
8908
2941
4692
8950
8526
8948
4020
4811
6370
7044
6415
4292
3997
3492
7845
1824
5900
7584
6207
7208
3752
7822
3646
3173
431
8131
7743
4153
8147
6877
5081
9012
4427
659
8854
7787
6721
8718
2059
8537
4482
6513
1336
5873
4761
3843
8972
6743
5121
4709
5489
6390
6140
6294
9010
6446
4142
3197
8609
3176
5101
3028
3320
3871
5809
2167
8768
6157
8462
7121
7078
4792
3324
6803
6993
4809
8920
8576
5434
6148
6966
6630
6400
4945
4031
4605
5333
8795
2631
1513
7055
1211
6550
3190
7334
8638
5699
4600
5378
8453
5226
7569
6765
6021
5012
7090
5125
6107
4420
6840
7583
6195
6798
4148
3201
8857
5729
6744
8125
8583
5164
6436
5102
7038
3718
7219
8387
5177
6198
6121
5108
5836
5198
9004
3560
3060
2520
2212
8629
129
8575
5581
3459
7316
7894
1370
7325
3188
5971
3364
7254
3127
4432
4555
7419
4171
3512
1870
6237
2824
6958
5462
4550
3963
4923
7481
1024
8228
321
1317
4000
6535
1973
7792
8275
3417
5152
6404
3281
6408
3668
6735
3632
4765
8835
8977
3604
5611
561
4795
4740
8574
3665
9001
1864
4290
8642
2660
8720
6047
7627
6612
6932
7944
8840
3924
7445
8833
4639
3928
3707
7587
7698
3263
6862
7177
4079
6440
8850
8268
2214
7449
1437
3727
7111
3608
5752
7211
3307
5585
4885
6331
6669
745
1580
8620
7484
2605
4115
8656
6395
7444
6896
4727
7505
6223
6458
858
6768
6536
379
4895
5564
2997
8968
8790
1844
5282
6318
5139
3819
8169
6800
7189
7007
5625
2558
5275
4911
7089
6298
5655
4048
5808
4560
5689
1391
4177
2826
6816
6646
266
3251
4840
1035
7095
6103
6276
695
2551
7250
6892
5825
1992
6182
6565
7818
724
7979
2300
8157
4691
6981
6985
4166
8199
4251
5170
7764
6377
2062
5684
8422
3109
2822
7110
6706
6243
984
5141
2647
5672
5038
3216
3213
4033
3693
3953
3256
5710
8917
6412
5965
7008
4404
6562
7126
6156
5473
1562
7216
5810
6811
3845
6269
4984
3420
3714
4756
4392
2617
7034
8123
6132
1777
6423
6950
6375
6143
6470
2539
8906
976
3886
5588
3377
5572
3334
7453
4235
5940
4723
1686
1639
7357
741
6283
8666
2180
4658
6724
189
3000
969
3192
5621
8882
899
775
1365
3093
6953
8016
285
840
6995
3284
2935
3110
1907
3207
7323
2374
2176
2418
4976
8838
6990
5254
6686
2344
3795
1948
202
8640
7260
3936
3710
4632
7346
5329
5666
3882
5365
2006
4696
3219
2764
4143
1352
3186
5312
737
7936
5628
5443
2318
4440
6448
6944
4801
432
5772
2210
1771
6114
6887
5641
5398
8191
3456
6271
4321
6035
6774
2696
1531
3804
2070
8459
4610
6571
2688
5466
1523
7841
4486
7774
4876
6584
6920
6516
6885
2413
6460
5787
6628
6341
3999
7198
888
4105
2394
6867
656
8336
7020
3441
5440
8502
5952
2219
8963
731
4241
4980
5449
2622
2799
3351
6806
5387
954
1812
4987
3010
4428
1060
76
2184
6645
2496
865
4936
2531
2888
492
7358
6868
5553
5696
4203
6731
5618
3489
733
5363
5732
4388
2629
521
6963
7222
2404
8779
2417
4367
5165
6290
5323
5134
6794
4798
1288
6827
6286
8823
8954
6056
2476
6858
6509
3034
4188
5834
198
5609
1145
6757
5735
4690
3185
4844
2618
8197
6754
4104
5400
8372
6105
8371
3825
7063
5373
2640
7235
7017
4832
6060
7153
5577
7791
5667
5670
5678
5002
5680
5685
5686
5690
7702
5700
4994
6342
5736
5746
5795
5796
5517
5826
5401
7947
4889
6432
