item_recommendation
25737
7872
7541
8571
8327
7914
8093
7697
8117
8360
7613
8183
8253
775
8225
8033
3330
424
8207
2221
7802
7437
7669
8070
1120
2686
1523
8290
8056
2193
8447
1562
6073
2712
8477
8420
1816
5765
3232
980
828
7478
1919
7560
2832
8522
1513
5980
2835
5772
8684
1111
7636
858
1744
647
2935
8235
6365
5264
2227
8154
1711
7407
2605
7782
1777
3213
8261
6195
5515
7649
6579
401
5410
1437
5597
1507
7738
5159
8879
2176
1145
2159
1788
1783
1580
7976
1535
6178
8003
1549
1907
4246
4600
1404
5134
4584
8410
8403
7809
1320
2745
7245
1552
8661
2779
2243
9018
680
3150
2236
8451
7728
1073
1819
984
6211
259
7282
8743
7228
4366
4809
1657
626
1076
3368
2504
6154
7932
798
1003
5177
1771
3133
2445
6395
1196
2815
6493
741
731
1767
5008
7293
4658
2761
6970
1425
3587
793
1453
1317
8772
1739
736
1652
3324
1870
8761
5556
8722
2741
3051
4911
2200
1472
8167
869
7492
4088
5470
3377
753
718
1209
4920
8777
1970
1812
6559
129
8903
5198
4632
5787
4709
349
2668
379
7995
5729
4821
2128
6091
2966
3235
2786
8187
3751
8859
1873
1046
1721
3900
599
2212
861
1916
4696
7938
8499
2219
5689
5395
4987
885
1060
8998
4873
8596
2311
6148
8927
2506
5312
1569
3152
1866
3281
8589
6318
387
1310
976
5715
2231
2427
8699
3608
2681
733
3643
8633
1880
8385
990
5784
714
121
5269
5433
2300
1639
3086
2340
1707
1040
955
2318
960
1844
2687
6355
954
854
7619
5742
1852
4290
816
1515
5146
1726
8848
8819
4121
685
8709
1831
6077
7720
135
7577
824
1479
4731
2600
5662
2241
8675
4437
8977
4084
4386
7272
3338
2442
5909
3060
3292
2204
5825
1525
2565
5723
7753
4748
487
2327
6918
875
8228
7881
3334
6636
1804
2436
405
1363
6658
1463
2659
1482
3081
1688
4830
7979
7757
5038
4649
8910
8899
5254
879
4941
213
1826
818
3091
2801
4861
463
1631
2344
37
3066
1099
1696
2617
872
5033
6140
6322
1940
678
2138
5489
986
1608
3357
105
8039
1053
1497
2912
1931
2062
735
3194
2669
3816
7234
888
2031
5791
1504
2769
8604
2766
324
1476
2282
8607
1390
2959
8239
2594
8943
5846
966
5114
3763
8491
915
1502
742
64
1531
3819
5989
7583
1433
7394
5182
2829
2752
7299
1641
3428
953
6051
4782
2186
2620
526
5677
6408
7101
4188
3668
2155
1833
3632
1274
5538
4316
2611
6404
721
6000
8914
6294
1020
285
5202
4162
4550
342
2892
5139
4795
474
1171
1500
8620
4577
720
196
3602
8336
6751
5718
1042
5666
3028
9010
1148
2350
1692
6440
4076
2704
3284
8136
8376
1934
3936
4241
8654
3563
189
1941
659
8892
2180
5398
7260
6760
7705
1891
2688
1713
2866
1393
656
5193
1322
480
5069
891
1256
2981
7204
8807
3489
332
7121
969
8864
1441
8482
2203
3140
2385
3456
2843
3000
8827
2770
6279
8636
3165
2207
1277
4432
300
864
592
5808
996
3349
2507
2696
5850
460
2772
4414
1193
6390
232
8157
1168
4703
2609
2753
1759
3354
1582
7786
2496
34
6547
2467
8629
7139
8961
3163
8511
3408
3427
951
48
5186
5568
805
1373
7254
57
845
2916
1415
2918
3166
3148
2889
2244
2920
2206
1861
2671
2919
4740
2596
1212
458
527
2734
471
2012
2016
2810
1461
216
1366
1356
290
3053
1304
3063
3069
3070
1238
1237
117
1347
502
1180
928
852
1984
2921
1542
514
1957
4761
2297
1392
2967
272
4936
4166
4161
3875
194
6728
981
4101
745
5291
1215
5065
2633
299
2917
3019
8609
5288
870
1971
2877
2462
521
6509
4171
1791
2494
3018
8392
804
4984
2478
1702
464
7444
1346
2325
1325
5315
1794
4139
2738
4051
1288
4273
507
1493
1032
8751
3188
3021
7177
1575
1161
1218
243
7789
3210
2398
266
574
7316
2275
1063
1132
1951
1334
1236
2647
7762
2202
1592
8695
1529
7840
1997
1135
4194
603
1959
3005
2789
2922
1226
1233
3068
3042
161
6826
719
918
3134
3147
1186
167
3177
1204
912
5443
178
4262
306
8665
1894
7340
2399
5440
4284
6624
1449
222
3268
5628
1077
420
4969
3604
1004
186
2002
5087
813
2021
1840
695
2615
1730
412
1013
6056
4859
7878
8273
6436
6383
8853
5534
2521
4765
4177
2975
4321
8169
6207
5588
5707
8121
444
2393
2364
1388
2285
2032
1080
99
2215
2074
510
2715
2403
7831
2625
1616
7186
704
2630
724
1665
1680
140
4716
2736
7934
2946
137
2288
1686
4945
6525
991
5699
3434
7502
3016
1900
6446
746
3653
8542
3412
1264
1667
2927
1809
348
535
8616
3211
911
5059
5117
1184
5413
47
1419
7130
2379
3146
2043
6902
3370
1033
1841
7038
2939
12
1624
1644
4901
321
5553
1225
2858
5382
7892
6906
1827
4060
1921
2396
3868
1026
7888
1779
1422
3168
2160
808
7484
5101
1605
4375
2990
4254
2817
2798
3155
2802
3908
2248
5210
2583
614
2173
5936
6571
2986
278
162
1057
785
597
6690
2304
3093
8865
1331
8612
6566
7155
8525
8799
3344
4238
3639
5097
6132
2699
2726
4603
4885
3207
8387
3256
2839
8979
2429
4079
2490
3768
1147
3761
8712
8831
3479
2434
3615
2091
1024
1085
2546
4022
2581
3024
8795
5853
2936
2676
95
6840
5122
8133
5840
3863
2560
7826
1414
1972
3071
4787
7099
6290
2201
3438
183
6314
7110
2011
2634
737
2976
3417
709
1902
2039
1030
1715
472
2749
8388
3238
8625
3313
726
6850
1095
2295
6162
8524
2310
963
3173
1487
835
6260
2799
2727
5348
2485
673
1554
3807
7020
2664
3889
6703
4612
5053
994
5473
880
3185
1029
1969
2567
1333
1920
2448
2468
1130
4515
1444
2937
7160
5296
4638
5498
1223
16
