item_recommendation
25737
8571
7872
8093
7697
7541
980
8117
8327
8447
8360
7613
8253
7560
8225
7914
647
7782
8420
8385
285
1523
7636
1711
8661
7669
1562
1120
1552
3232
1437
3152
8070
2243
8522
7938
8859
5159
1535
535
7186
1767
960
3133
7234
2779
45
48
3235
526
695
129
1907
8743
8033
1046
858
969
775
8154
6728
2605
1003
745
1631
101
140
2227
976
4821
8961
3368
8403
2935
6826
8183
1288
2659
8899
6091
1076
1099
6918
2374
8654
8056
1111
5909
4246
5264
8235
1744
7738
3086
986
232
387
888
7753
678
2769
4782
5008
1024
984
4437
1515
1513
966
2780
2288
3324
6630
1404
1145
1352
8879
2415
1053
472
6609
4984
8709
2681
8684
4262
7437
8761
951
2445
1812
2186
401
3188
7802
840
8665
5515
3816
100
3213
4658
5723
1844
741
3150
8477
1880
4809
8290
263
6835
8376
8136
3875
6970
1187
1788
3127
1320
3428
828
1255
15
1317
1006
1215
733
7619
1665
8207
1771
407
3113
4427
4740
4801
4079
6318
4171
423
880
5410
1236
4638
5198
2173
2621
2001
4936
5117
5611
714
4076
2200
8589
2917
2128
2745
735
957
4432
154
981
5033
8670
7728
6365
659
885
3632
1330
2462
1073
955
6579
953
272
121
2565
458
2297
1931
4600
6612
964
2734
1196
1392
4404
886
1957
970
3166
3148
1461
1237
1366
2206
3053
1180
3063
2810
502
1347
3069
852
471
3070
1356
793
1542
1238
2671
2031
2016
928
2012
2920
290
1861
1415
2918
2282
1304
2244
117
2916
2921
2919
216
1984
2889
514
2967
194
1816
1358
485
3019
3668
4731
1592
2956
2231
3238
4830
1373
178
2407
135
6777
8008
2660
8920
3702
3402
3575
1168
804
189
321
6314
2275
1325
2002
34
8596
3021
420
8819
3604
3869
2533
4255
4639
8833
3924
7786
7944
8840
3417
3263
7698
7445
3707
7587
6932
8462
3928
574
2832
3307
168
615
8642
2959
7293
8910
314
2688
4933
2352
5588
5449
1971
3018
7407
2877
2425
5952
4162
1274
1707
6000
9001
3854
4550
6390
7204
1132
8977
1549
2304
5936
6798
7577
3354
3146
1624
4584
27
498
1493
4873
6521
6624
1777
1569
1256
8499
7881
244
31
7831
7394
4844
9004
4895
2219
8633
8689
8453
1425
4414
6243
3795
3693
592
1026
6803
1171
1870
568
1831
7126
4795
5597
7792
3218
3210
522
5810
7888
5165
626
4577
342
8003
1047
480
4923
3819
7649
7263
2237
2236
2300
725
1441
6493
274
7817
1840
5226
5296
222
2418
597
4251
1980
2203
1636
2379
3714
848
2937
4511
731
2197
1676
1004
1395
186
4765
561
4941
2013
5585
8482
5489
1472
8167
915
7894
205
523
7107
1331
6195
2011
724
541
6731
2062
8507
454
3751
6985
2687
1644
1059
2927
805
3024
1837
8580
1361
7748
3456
2396
6744
3377
2647
1588
492
881
2473
2741
2340
2686
5312
3882
2860
3799
2669
2622
2689
1012
1021
656
1525
845
2722
2772
1270
963
1822
7789
947
461
81
6791
1715
2982
2082
6550
5352
5
7502
3129
1042
7380
1581
661
1206
2212
57
1060
849
6850
3860
3168
2516
1731
7759
3268
990
3207
3889
1013
6436
3540
2441
2287
4696
912
2496
2801
614
6832
499
854
1020
5053
2976
196
6858
6294
380
994
4188
6676
7757
1411
6591
1605
7211
1125
289
1018
5839
3093
1667
4727
2478
8772
2798
1277
8268
5834
4316
3011
891
5365
8614
3040
2440
2458
4846
1810
6748
496
2727
1057
6892
709
2427
2342
5882
6774
5186
5812
2572
569
2546
1963
268
3394
266
8998
1345
798
3387
5222
5139
1393
3194
954
870
1819
1969
8699
8410
1087
7705
4987
1639
3587
1531
1264
89
2327
3430
3522
718
1367
2490
2159
1824
7038
1876
7311
2026
114
5000
5968
3251
1839
4761
2398
4228
126
1517
1702
8387
1460
3608
2815
8777
2793
2383
2347
2548
1431
962
2139
7180
6355
3676
3805
869
5161
899
651
2835
2385
999
1064
1582
2329
1394
1147
2983
2582
3475
3116
996
1603
5246
2981
279
2433
3208
153
8604
2483
4051
8865
4135
2609
2120
3845
275
8131
872
2504
405
1104
2331
4680
6751
6885
1353
4153
1996
861
7282
808
2829
1750
1017
3584
2730
218
2752
1580
6116
9018
4263
2613
2770
700
3351
1507
6535
697
965
2334
5693
968
3015
482
4016
998
4391
516
746
844
3489
1131
7487
8484
2131
785
6143
2497
5055
2442
2155
3996
2570
171
3359
2241
6536
1030
2154
3199
80
8781
1979
961
2661
3758
341
1192
1508
802
2617
3759
6207
3649
973
5815
5971
7809
8187
1620
8827
3091
5729
2187
3388
113
2573
5164
7764
141
421
2674
2467
6073
3028
2009
4976
1852
1225
2067
25
479
2038
8576
1184
422
6056
1501
4771
5464
3211
1901
638
7316
748
726
6547
7272
176
531
3157
7096
2183
7208
1696
92
1032
6862
6559
440
5735
1476
64
7818
1008
8169
4524
3626
2892
2399
1287
1690
1010
3611
2799
3281
8984
3646
1652
1298
5625
1589
4963
5605
4417
1834
9010
3256
8864
3871
719
2513
229
7189
1783
1794
2568
1878
809
2130
1954
1779
691
16
7976
2090
1940
3140
3160
1281
2912
6178
327
1295
1245
2080
1642
7583
2146
4636
4333
4662
4676
5483
5463
4612
4954
5637
4977
4634
5427
4640
5342
5302
6103
6440
6739
931
1977
4627
742
5460
3081
8927
276
5765
1438
2620
4066
2486
8388
8044
2652
1938
7478
1083
3034
4401
144
2248
5364
5236
5265
2494
1836
8636
4366
753
3500
893
988
6827
7099
2195
4555
1601
4519
1103
6498
1973
2263
324
474
1484
7771
1040
5243
4980
1959
2738
5662
93
4645
7936
5440
6977
1721
685
5926
1590
2961
2078
4503
4290
1041
1997
5899
2764
2404
1902
6530
