item_recommendation
25737
8093
7872
8327
8117
7697
7541
8571
8290
8447
8183
401
775
7613
4550
8225
285
7560
980
1003
7437
731
7669
8403
5159
1317
8360
718
1777
479
976
5515
8499
8772
8070
647
6260
7782
960
535
2769
1812
1513
741
5186
4740
266
8596
1059
205
1744
8899
1739
7914
5597
5742
2761
984
969
1816
6073
626
7728
6154
1721
7636
8636
6091
48
745
526
5675
5715
8591
5853
9012
7878
5768
5288
5662
6902
482
135
8033
5008
45
5723
724
5410
1907
869
986
968
8207
880
8580
1472
113
101
2832
8743
1696
8154
1515
171
1099
2780
8420
196
4731
1006
498
858
6178
2300
1288
2288
964
6970
8253
3081
1187
3211
29
6835
2786
888
1053
3235
798
1367
2427
8410
2937
276
6751
2120
951
7478
2399
8136
8376
1624
844
5282
8522
3875
3051
872
2686
472
5839
2647
3377
2582
2983
7649
5968
244
1507
6918
453
1767
8720
5710
2383
4584
2668
8998
4718
5815
3232
3188
6121
981
5936
4076
5312
6355
695
2976
1017
885
2546
2935
8661
129
1161
659
733
7234
3368
232
1783
8761
4349
1997
1959
7938
105
1523
4638
219
998
864
1363
213
5765
34
638
2687
2009
6513
990
1192
2981
2342
4941
1750
8003
5323
4262
7171
1042
8859
4795
5264
4427
2815
469
1831
3805
4963
5729
2866
1012
162
6547
1608
1046
915
2154
1860
1690
155
3819
947
5666
5275
1428
2496
2843
2793
1092
6103
848
3889
1852
2325
3709
6760
2982
5752
991
2090
973
8477
6404
1582
1186
2922
1063
2715
3147
3134
510
161
2596
167
1388
3150
2633
2403
1616
2393
3068
3005
2364
3042
1080
2285
2789
2215
2766
99
1759
2074
1233
1204
918
1226
3177
6728
306
517
1184
704
5732
1873
2212
7831
348
4263
893
6684
5655
1841
1730
1581
1033
1028
875
268
8699
8777
4691
725
4649
4029
3730
3101
714
1474
4569
2155
516
201
1057
5808
274
1985
5363
5198
7208
1209
6803
5611
1771
3387
2605
2429
2975
2078
31
2688
4420
828
5498
3071
1972
2651
461
4727
278
5625
1021
2634
2494
5466
263
207
6498
2956
2570
970
2439
1147
8268
554
2659
746
5177
6436
4440
6579
1796
2858
6493
5693
2600
3093
1688
870
580
5055
5254
6294
5672
549
2534
6774
2227
5699
5243
2753
6676
2572
748
5365
3758
6609
242
7753
6826
47
743
3238
8819
5735
422
1095
4976
5795
7764
4765
2674
961
1101
1525
1929
1040
5139
2458
1020
881
8607
7254
735
7771
2513
141
2892
2801
5117
3584
2835
8807
1286
656
793
7802
1951
945
5038
5689
3334
4241
3936
5398
7260
2043
4895
1225
3489
6318
1085
1562
955
2407
2775
131
2798
474
8848
7078
963
8640
2335
3006
1580
8524
8943
700
1636
253
8838
8542
7245
2696
5572
6331
6887
507
140
1018
189
8576
1013
4153
5641
6896
1218
5203
2986
53
1980
6375
7357
2385
2548
4680
4923
4980
5909
8670
547
8142
6422
6718
460
685
7204
2039
3241
4414
89
4016
953
1689
2583
4878
485
6768
2730
5296
719
1702
7738
6827
4105
8977
2609
2478
2772
2284
2183
8921
8275
8371
8835
8123
8130
6105
8372
3491
5285
4889
8966
4300
5400
4677
5373
3497
4312
8138
7198
7017
3284
6342
7419
6341
4477
8949
4450
5401
5443
8768
8158
6432
6464
6060
7235
8610
8147
8785
6047
8197
8629
7063
8955
8366
4832
5517
5577
3499
5667
5826
5940
5034
3957
5678
5680
8882
5056
6851
5796
5684
6852
5685
7153
7822
5686
5690
5746
2640
8423
5696
7309
3825
5700
8672
5170
6963
5736
8872
5670
7791
7346
6800
6584
4929
3611
3654
1617
7702
6706
7947
4104
6732
7919
5847
4994
5001
8985
5836
5004
5003
5002
8828
8582
6754
4834
2184
6645
865
4428
5419
7012
802
5462
1508
4999
1004
6470
8920
3096
1130
1196
4801
275
688
742
1066
6408
4686
4967
2146
1844
95
3851
8638
2441
6035
4585
2521
2159
8235
1125
2946
372
1556
1032
2493
6832
4432
4984
637
1870
8709
3176
4782
2442
1060
2091
2752
7186
5834
240
6985
439
3656
7293
5291
8781
778
493
6530
4809
1104
1034
322
2628
6116
938
6296
1008
2347
3816
4873
896
339
243
8665
1909
2118
1026
2504
5085
2465
851
2689
3324
1752
1834
2966
327
962
1078
8385
3500
2864
2990
8910
635
2327
957
6533
5053
720
2207
1822
3495
4821
1784
2374
4490
5161
1307
3359
4532
3445
1839
2507
899
707
7502
3307
5745
2188
1047
8654
5518
157
5888
1973
2654
16
954
3795
3759
8633
3128
6286
6568
4095
2416
24
7888
965
1518
2567
7407
5971
3753
3113
553
50
267
15
8462
2415
934
2473
1352
1805
5489
335
6885
2186
7263
785
2350
994
419
2096
2464
816
2178
4417
2038
2700
5832
8042
5504
892
2440
6225
7096
7272
5891
3210
204
3016
879
4162
4577
2912
1262
6365
172
5413
2062
5135
2820
838
1030
6232
5110
5304
1197
2296
4833
3194
1501
6368
2792
218
6521
8056
6234
71
6000
1081
999
8484
8961
2182
260
2581
2236
6314
8684
2134
931
2422
2204
84
1145
1653
2497
2704
1804
4920
4316
8387
3608
2498
3522
1549
2799
589
1925
3173
4251
4437
7394
1810
5226
1476
236
3575
5021
6678
2340
747
5218
3417
349
833
7786
996
2617
2195
1819
2938
886
4678
5857
5440
3854
2577
4903
3024
550
3007
8808
5801
3388
6612
7282
4914
4658
753
79
499
3281
3044
4979
6242
5604
407
6630
1330
1438
2979
1626
4761
1981
8167
2424
8187
8492
1150
4298
3882
4844
966
912
1049
4401
3402
3127
1135
3444
5092
3028
2774
1333
4830
7894
1056
1859
5292
8865
922
3213
1660
302
3041
916
3632
4404
5193
2829
2241
1836
6104
28
1154
6143
