item_recommendation
25737
8571
7872
8327
8093
7541
8447
7613
7697
7914
8117
8360
8253
8385
8070
8056
7669
7437
8225
8033
7802
8420
7636
980
8522
7560
8290
8183
8477
8684
6365
7738
7407
7649
8003
7478
8167
8235
8207
8154
3232
7394
8661
5264
960
7976
8751
7782
8654
7728
8879
8008
9018
5159
7753
8819
7705
8761
8961
953
8403
7938
8998
8670
6559
7932
8410
3368
7186
955
232
8743
8589
966
8709
7234
2062
6178
5909
6195
6748
6579
3869
1024
8499
775
5164
8772
7282
6850
4821
7228
984
4920
6728
7245
8665
8482
6521
5117
4121
8039
8604
8596
7995
4391
695
1523
5597
1046
1744
8187
7299
7748
8859
5296
7293
266
7817
6918
3235
526
2374
5017
4809
840
8977
8745
3281
7577
6892
8848
2659
48
285
7809
8633
8777
8511
4437
6920
8261
7831
1590
6826
6550
7107
5729
5980
4873
5723
733
7272
6148
5410
6970
7619
8914
4658
8827
970
912
3632
7786
8864
5473
969
6630
7484
8899
8854
4782
6636
6591
8927
7204
129
4936
8807
1907
2212
8239
8984
3587
5772
858
5489
8491
4414
6703
3816
5611
45
745
2860
6624
7840
2227
6658
2340
7881
5515
626
522
7789
6318
741
6091
1352
6999
5765
4761
1003
7757
6154
6803
957
4941
4584
2173
6791
6077
5033
7130
954
472
3668
5926
8453
321
6143
8903
6207
7990
951
5815
7263
6073
8910
5470
8376
5850
6000
3188
6493
8136
4188
2935
8699
7481
4577
1281
7038
6355
5936
8695
5008
7492
8892
6254
3292
1288
6140
7099
6390
8675
994
5825
4432
5839
7720
4076
7888
6957
4162
2288
8616
4366
3093
3608
4552
7316
6650
7189
6684
3428
5012
5787
485
6977
3324
1562
7121
881
8722
3875
8609
6535
1816
6609
7415
888
7583
8600
8228
8131
5888
5210
6731
7160
1513
1531
8607
3882
659
189
7250
6536
7979
2241
976
3127
8636
2236
6211
7380
5801
4600
7487
535
8943
8451
6751
7502
5662
981
8044
5534
5177
6314
6811
7826
6832
1476
996
196
870
7878
1767
6568
4079
5134
7192
7195
8507
8014
5440
2396
7897
4550
6498
5693
2897
427
1057
4846
5558
8524
8620
3377
3845
4731
1004
7759
3996
4262
9010
6840
6762
2772
990
6739
6676
5742
8979
5433
4911
8191
2686
6422
6395
1676
6856
6562
3213
4171
1771
965
731
964
6760
5046
1013
5968
8810
1020
8730
7115
6276
7958
7020
6322
1060
2300
6612
7135
7892
7011
3420
100
4177
4290
4666
6348
2605
9004
6509
5198
5569
8625
8542
3176
6383
2647
7055
6571
8795
3751
263
2415
8484
5521
2799
4375
8574
8392
7254
8629
6565
7456
5689
1437
1016
1042
2318
6669
1819
7016
6974
3113
5186
7762
5809
3804
7444
6375
3207
5768
6981
6404
1812
828
8575
5832
8642
4885
6641
4638
6902
2366
2433
6718
1006
8157
1824
8169
7566
6513
7820
6370
4020
3997
8526
2941
7044
8950
3492
8948
6415
5900
8908
7845
7584
4811
4292
4692
2344
4632
1507
1870
3871
3895
3060
4709
8009
880
4895
4984
5857
2506
6798
3752
1019
2404
7171
7311
6880
5443
3602
5101
2496
8583
6695
4923
7090
2437
1209
6294
4686
7894
5291
1193
6039
8689
4801
4603
101
6885
6502
8580
3417
2516
3819
3863
3370
2660
6932
3928
8840
8462
4639
7944
7445
3263
7587
8833
7698
3924
3707
8612
5840
2434
6566
3344
7155
8831
4238
8799
3479
5122
8133
8525
3761
5097
8712
3639
3615
3508
5853
3163
2752
5971
5378
4161
4765
6547
8530
4901
4814
8614
2248
6436
5954
3351
4555
8388
4696
3320
1047
2780
2981
6203
7177
6440
5475
6116
725
1515
4251
3655
1030
8121
2709
527
6724
7036
7340
2004
1580
4404
3210
3653
6162
407
1569
2531
6530
7096
1125
5065
4945
8650
5873
2310
8866
1114
5329
9001
6744
7101
5193
6283
7771
7585
8857
3296
4194
761
3698
2609
3427
3467
2617
4848
7812
8915
3515
8057
4090
3266
4688
7150
3038
6378
8813
6816
8254
753
8865
8273
4605
915
6690
7136
3354
3702
1581
7458
3307
7627
6927
5288
3268
5254
8531
7211
2442
1639
5114
3028
5146
2775
3431
6906
7142
8871
8617
8768
3349
328
3250
4369
8387
5568
1408
8667
8404
3913
2704
5810
916
7792
140
8781
4394
7841
6643
986
2912
7161
6862
1794
5282
3157
5458
3251
5603
5527
5556
5942
4332
971
4427
6713
1652
1026
1295
7564
4039
1367
6964
4740
4024
656
724
4837
963
6835
1777
5588
2407
5715
4897
6243
1145
1012
4925
2959
735
8142
15
1132
720
2669
7713
4491
7126
3795
3768
6446
8783
5791
8268
5
7766
4417
6954
3714
1575
5784
5269
3197
1021
3643
3434
5655
8718
1702
3489
5398
2457
4088
3983
3799
2144
4178
3693
5038
4241
3334
7260
5666
3936
288
1336
3456
4830
5538
3786
6944
8019
1844
5965
3596
2798
2687
4051
9012
8591
6260
5675
5834
3216
4166
647
7078
2418
6896
5021
300
5808
3438
8336
6638
3660
2478
4727
5151
6408
6615
1525
6279
6458
8920
5699
7787
6367
1187
8147
737
6298
2427
6056
2982
5179
1111
5108
6757
2367
2925
844
6454
2801
7325
5352
2038
4420
6961
5530
8194
961
8923
6003
6107
2696
6985
4002
4108
3604
6743
2900
5312
2793
8366
1317
1029
3560
5226
5127
492
1529
4482
872
2622
5139
4033
6768
4143
6617
6185
7355
7706
7844
7843
6182
1612
4878
5981
7818
8700
2311
401
523
474
1516
1212
1009
2513
6686
1876
5585
7381
1788
5387
824
5625
6525
4181
3675
2371
2689
3081
2073
726
2398
6966
4031
2180
2937
5705
7208
1970
1804
5899
6464
6123
4081
6051
4861
6993
1131
1053
3310
5707
1404
6186
6132
1810
2154
5304
2346
1380
1799
4229
6963
5710
5182
5952
6416
1032
3981
8808
2003
5372
1331
1041
4498
8422
3190
2769
3140
5833
711
2385
5864
1320
188
31
4246
2583
