item_recommendation
25737
8571
7541
7872
8327
7613
8360
8117
8093
7697
8447
7914
8253
980
3232
8225
8033
7669
8183
7437
7560
1523
8420
7478
5515
7636
775
1513
8290
8522
7782
1003
7802
8207
5159
5410
8743
8070
3368
1744
4696
3235
8056
1907
984
2659
8385
2605
4830
7407
8003
733
3324
8859
5597
695
5198
7938
647
741
2212
8899
8661
731
7738
2686
8477
5765
129
8154
4795
1507
5033
7234
6826
2227
4600
745
3604
986
285
2769
8596
6970
2062
4316
7728
7245
7649
5312
8403
5489
6073
5008
888
1562
1352
4550
3377
858
8879
6355
4873
1870
4414
6195
4584
969
8684
6365
3210
955
960
1777
2912
951
499
6178
1580
2288
976
4246
526
1515
8709
7186
6154
3086
4658
4821
1831
1046
6579
4262
7976
1812
5723
6559
8961
472
626
3816
4809
266
4731
1288
8376
4638
1771
232
8167
5611
2374
8136
4941
981
8998
1767
1024
1281
48
3522
990
7282
6918
1437
8235
535
8261
2780
1053
1844
6636
735
4649
1187
4782
5909
8772
3188
5264
953
7753
4079
8499
5117
1006
7881
4290
3420
7809
3281
3875
2340
3292
4911
3127
4801
6091
4437
2300
2860
5980
4366
3113
8589
3575
1816
2647
8761
3587
828
966
321
5772
964
5825
4171
7394
2772
2241
4577
2829
1525
1004
5742
100
4861
6728
8665
1145
6243
3845
2688
4417
7932
8777
3702
1590
3238
2159
101
5134
1131
5729
7705
4349
881
4761
6493
1794
7995
4404
8848
2186
886
2937
6211
6658
6630
401
5588
7293
1739
1631
798
7786
840
5177
1057
659
2496
4273
2798
7038
1021
6612
4923
2478
6390
4740
4284
6260
5689
3649
3417
1394
1026
2669
4101
963
1013
4987
8654
1834
6140
724
869
7299
1060
885
1132
1624
474
1047
6318
1111
8410
1476
1839
3996
407
5114
3563
5186
8604
7619
3194
3668
5080
45
4228
8187
2415
7888
3402
5968
4645
2935
3354
8670
2966
3869
8920
7272
725
4399
7979
8039
4511
970
6748
4895
5834
9018
6760
5433
3024
189
954
4727
2407
4121
7831
5498
3819
5161
998
8462
2609
3357
8636
2385
6242
6314
1639
7263
3632
7228
3854
6143
4051
1295
6207
5346
3152
2236
2779
8689
1020
6609
2689
3608
2799
8642
4076
1125
3263
8833
3928
3924
6932
7445
7698
3707
7587
7944
4639
8840
3388
8807
8819
2660
912
5556
7577
4251
994
3307
656
2741
5715
5254
1331
4045
5662
6751
4162
1040
2752
915
3428
7492
1336
8699
2793
2504
996
4380
6521
1030
1017
1472
8751
3160
6902
4033
6395
1852
3408
2562
2283
3521
7878
4920
5470
5352
9001
5375
8675
7204
5853
1147
523
2982
6148
4191
2976
6132
8827
1161
3889
793
4432
5585
8722
1320
8903
6985
1497
4401
1135
5787
3334
3852
4391
5139
6624
2981
5053
4342
2687
3159
5199
4888
3892
929
4643
3784
3262
2880
4765
3456
3871
8451
3430
3251
2796
5666
6744
2668
4427
1042
4933
2352
6279
9004
5427
1836
1508
5768
7340
6116
2082
870
3759
7894
522
3868
485
719
3218
3843
3795
3338
2639
6498
7160
8607
5784
5850
3081
2467
3489
880
6550
4680
2533
965
2617
6383
2681
5038
3125
8892
2770
8580
3185
8591
1980
3859
4153
5269
6676
2801
1120
8542
2696
1531
753
4625
8482
5288
5365
5641
1479
2173
3028
938
875
3370
7260
2427
8795
4524
8943
4394
8910
3804
1819
2513
7171
8633
5675
961
3936
5839
4241
2154
2248
6840
5568
2231
3723
7121
6513
3714
5165
6408
4936
2465
1826
5398
6404
7254
6850
4337
6077
4166
9012
5936
8914
7502
3805
5282
1696
4634
8511
5335
5630
5329
3358
3173
1970
2437
2366
6056
5443
140
5808
7789
6440
263
3626
720
3351
7126
5210
2775
5182
6718
1209
4197
1438
4338
4268
3252
3960
3976
4274
639
3991
3450
4291
1293
4184
3547
1581
2693
4036
3270
3565
940
3619
7757
4642
2570
923
4255
2418
5699
5538
7792
5012
957
8453
3213
5810
1788
4190
3093
15
550
5356
5449
4088
988
2745
8524
5952
7748
962
492
2473
651
5483
726
2700
1103
4885
3163
678
5413
218
714
824
5791
8239
6835
3814
1225
6568
7034
2494
1517
1690
5218
3207
743
5193
2642
6294
8008
6896
1726
1317
1711
748
2295
4686
3150
5017
5815
3635
4612
3475
3116
6885
2531
4440
6743
274
454
5236
2069
5214
2622
313
7720
3676
5752
196
6892
1422
2961
8142
4803
3880
4748
1032
2621
2089
4016
8927
4846
135
1012
5
6684
2318
6225
6322
5604
3285
4563
4636
2442
7444
1367
2817
968
1301
8629
8977
1031
1676
7020
872
2815
1876
8121
3256
4605
2506
2516
1346
5226
4963
6162
4984
1948
4945
3268
947
527
3199
1500
861
1582
1076
2897
750
7958
896
4709
785
5021
2394
2441
742
1721
6051
1569
5103
1504
4098
8273
1652
6690
4263
427
3882
8574
3709
2481
7897
6000
2396
1688
4706
5655
6768
6530
5222
2468
8387
2439
121
2581
3799
6400
5009
8336
205
7583
4893
667
4844
4728
2546
2826
7919
746
2038
6927
5296
8609
7892
423
4676
4977
5302
4640
5342
4662
4954
5463
4333
5637
1235
1535
3034
3066
3926
4627
2078
8268
1330
7195
7990
2347
5324
8392
6591
5364
5265
5707
7484
8650
4626
276
1996
5710
4519
9010
718
183
844
2440
7316
5319
1657
2195
7130
1502
5069
8984
1041
8228
7139
6422
2699
5745
879
3216
3401
3745
5101
6706
4498
999
2548
3140
4095
7481
5625
2342
2363
2764
4632
5377
2985
2900
6695
1401
4278
2827
4659
6803
2892
7099
4901
1429
1783
8616
2925
3060
3879
7107
1010
2004
8157
6103
1444
1404
2120
5473
6562
288
3920
786
6547
4420
4111
144
8864
1059
4319
5464
4771
4462
4354
893
5926
1440
380
6703
4135
3543
892
4718
1410
3404
2722
5992
4876
561
5323
5164
6446
