item_recommendation
25737
8093
8327
8447
8117
7541
7613
7697
1523
7872
8183
7437
1816
7914
7669
5515
8571
401
8225
129
7728
8290
8253
8360
285
1513
1744
2605
8403
2686
7560
1046
5597
1907
5410
1111
7272
775
407
1003
6365
202
8070
8477
5198
526
4262
4795
7649
5489
1652
3086
7636
5891
980
5159
314
4830
4696
3235
7407
8684
8033
5008
7976
3604
4414
2227
4349
6000
1767
472
2504
1794
6918
7802
6559
4316
8039
5312
8499
8772
3996
5968
1639
7738
6260
8056
4600
4290
2912
1145
718
8207
4246
955
1831
6091
5186
5936
6513
4740
520
558
1515
8385
135
5222
100
3522
1657
5177
4727
6902
6073
7394
5662
8410
7245
3292
1317
1812
2829
1433
8879
4645
8235
5329
1941
4658
3238
2798
996
990
266
2195
4638
8743
1453
5161
5264
4920
4584
1482
4101
8003
2966
2283
1739
8167
1161
1562
2427
4076
7478
4284
4273
2212
6404
454
6154
8420
2159
6140
550
427
888
561
1870
474
3368
3210
858
5742
661
140
2668
6195
832
5715
48
1826
6760
5288
828
870
8596
1836
2688
3563
2761
2956
1866
2288
1352
818
45
4809
2779
6493
6762
5033
6178
8636
4399
4051
647
2497
332
6579
6826
2769
2976
6676
7878
9010
4731
1507
3854
195
2496
1970
1346
3232
5853
9012
5675
8591
5768
3194
7619
4342
3565
2693
3547
4380
3723
3450
3843
4268
3270
3252
4197
4337
3960
4291
4274
3976
3991
4036
4184
4338
3619
1293
940
3626
639
6211
2203
1120
10
3712
2089
7782
1336
2371
1078
4550
4121
5625
3587
8838
232
1394
5193
3575
7282
2200
805
4833
521
4191
59
519
7228
7487
6803
2590
2935
4765
8699
8777
3216
5080
1580
2204
816
981
5980
840
3871
7293
7831
885
6294
50
875
3213
3759
553
1305
2630
6521
1947
2786
5053
5319
5282
695
7771
8848
2624
881
2696
4016
3859
4401
8695
1024
6695
8607
6464
6806
3635
8580
240
1631
5765
5117
7099
12
5815
2149
2494
5839
8661
4420
3354
2318
3430
523
7753
3357
8522
7577
1
4506
53
7254
4194
1531
5723
1777
4543
1721
6678
4166
4296
5055
6751
2231
1301
5572
4079
7762
7705
177
215
4861
1590
1417
339
2546
201
422
4625
4498
8720
2300
2815
1771
6896
2531
3816
7979
7817
267
3388
8819
1819
5641
5114
6056
8761
308
6103
5710
535
1060
8142
2642
8154
1057
7995
1535
2241
5427
1690
1013
3324
6162
9
1131
322
4987
2832
4255
5291
8629
3691
4771
5464
2752
5139
7720
1750
1472
5655
4634
6927
1288
3758
2582
2983
8807
3359
4524
6300
331
1696
7299
960
5693
798
5888
1104
5588
1331
886
3173
3947
2103
951
2186
1783
735
5296
2937
1148
4976
116
7204
2468
6725
5560
1192
5735
4686
3745
1401
4761
6498
8366
2400
8387
2704
5745
2817
3809
207
9018
8275
1525
304
3150
2441
4676
4333
5463
5483
4612
4636
4640
4662
5302
4954
5342
5637
4977
4728
4627
8854
328
2465
1821
15
1066
2880
6658
5364
5265
5236
2499
2390
8899
3892
4643
929
5199
3649
3262
4228
5375
3159
3784
4888
6148
1702
2062
2639
2534
6121
4911
363
1295
1480
4519
5729
8751
1017
8864
2835
242
8998
3845
1031
785
3574
2766
4534
6898
1281
1844
6355
7160
2901
5689
2478
57
8654
5398
3709
2009
2120
839
146
383
953
1365
3489
1730
2340
8910
1526
3358
1951
769
1733
984
824
1363
101
6509
6021
3081
731
6243
750
4680
1980
3920
4902
8827
2596
5419
4235
122
5985
580
8943
7040
1020
4691
5782
213
3889
2374
6970
1827
585
5438
3211
7936
205
1852
2155
1862
2647
1934
1359
5038
105
671
3852
4263
4659
1193
5971
7934
7038
3285
3072
5012
2003
1779
4614
6400
851
5187
5850
278
2689
6436
1283
3608
4984
8482
8157
3932
5772
193
2183
366
2600
3515
1089
3239
2482
685
2221
2609
7020
966
6536
507
543
1094
4718
162
6375
954
2399
3188
527
7009
2982
4241
7260
5666
3334
5254
3936
714
188
6620
1218
8633
742
4319
8131
6768
469
1049
2284
1504
3938
2866
1080
2922
1388
99
3005
918
1063
1226
3042
1204
3068
3134
3147
3177
1233
1186
2789
1759
2364
161
2074
2393
2715
2403
167
510
1608
1616
2215
2633
2285
3377
1804
306
1004
6906
617
704
2252
2325
6728
21
5443
2780
5462
4649
1584
6225
3051
7564
2843
6383
5388
4963
5699
8600
1187
6408
5134
743
1085
5346
47
6885
1287
6159
1959
2442
2429
2347
7171
8903
4846
3379
3284
893
2860
3016
287
1688
1133
1997
1184
2858
737
4033
228
673
8273
3071
1972
6047
2687
3175
2138
6077
5752
3024
4992
7713
420
378
2654
32
999
1841
969
869
288
2467
1487
1501
1556
95
4980
2415
5400
1224
8187
6422
667
6684
2634
5611
600
1033
5808
5615
2764
1948
1123
6
4417
5787
5523
5684
1103
7334
6547
6276
1449
986
2801
1053
2990
6341
7419
245
961
7892
7186
4851
2611
7932
6062
8524
5243
8376
8136
6550
3875
4095
6431
6835
6800
7121
1410
348
4378
4945
2406
2362
5246
2290
991
8542
2959
720
547
3432
198
2513
2567
2146
1095
483
7107
3857
3176
125
5518
994
3338
2981
745
2568
6286
498
6318
3869
16
2188
5803
835
6718
2583
697
1246
3780
1021
3281
5182
1967
1345
7379
1047
7096
2986
7073
1929
1221
7448
5601
2145
6879
6247
6035
8507
8768
3656
2416
1689
7223
7010
6384
6892
344
2039
1150
1499
957
1549
2993
6116
4632
4375
1805
3006
6822
6350
6216
1277
6180
84
793
131
4988
5304
2327
1894
945
5341
5202
4569
3730
4029
3101
1474
2021
7700
1081
5503
6645
2184
865
6232
2570
6977
6368
6298
5568
1985
1276
6237
691
2730
3975
7302
3115
1073
5323
6342
3957
