item_recommendation
25737
8571
7872
8327
8093
7541
8447
7697
8117
7613
7914
8360
8253
8225
7669
7437
8056
8033
7560
8385
7649
7636
8070
8420
8290
7802
8183
7478
8684
6365
8522
8167
7407
7738
8154
7976
7782
7728
8003
8235
8477
7186
980
8207
9018
8661
8403
8008
7394
5159
8961
5264
7938
6826
3232
6579
8743
7234
3368
8879
7932
8039
8751
6748
7753
960
8654
8998
8772
6918
7245
8899
8670
8596
8859
6178
7293
8589
8665
8819
7263
8709
4121
2659
5117
7705
5723
6609
6521
4821
8499
6728
5597
5765
7204
4414
5909
8410
6559
8482
6091
6493
7786
1003
7577
6355
7619
4920
5008
695
775
5980
8511
3816
3235
7502
7299
8827
8491
6927
2062
7228
8761
8507
4873
266
6970
3324
6636
4437
4417
7840
7878
4761
6658
5968
6892
6195
7995
6624
7888
8376
8136
2374
6207
285
984
745
5611
6143
6676
5012
7897
4941
6832
5515
5329
6920
7771
3875
8864
8695
9010
969
7160
3188
6314
7831
6550
8607
6957
6535
4577
8807
7748
8903
7481
5033
6850
3668
129
3869
8848
7817
6751
6630
8979
4079
8777
5850
6684
6154
5926
7990
8699
7130
7492
1024
6760
4550
3845
8187
6562
7881
4936
7034
4809
9004
8261
2212
4584
5164
6862
8892
6140
7121
8977
6612
733
4731
232
4427
8462
6390
1523
5489
4391
1046
6650
731
3127
48
8131
1352
8453
6568
4782
5296
8984
7720
1907
45
8636
321
6242
3871
953
7189
6739
6073
8604
1744
4366
5288
6502
659
526
4552
8616
472
8689
5433
6116
1515
3804
8910
955
7272
966
5017
7415
6254
8451
7583
2860
6896
4984
6703
1437
8633
6902
6383
647
4923
6132
7456
7809
3417
7282
4171
7099
6981
1590
6446
7096
7038
8813
2288
986
4076
5410
7107
6513
5729
3882
4251
5440
5839
6591
6260
6695
8810
1513
2660
6840
5815
8927
8014
3281
5825
3307
8642
7826
1844
3928
6932
8833
7587
3263
7944
4639
7445
3924
8840
7698
3707
8943
840
6547
951
7757
2647
2236
7192
2605
8142
6077
5936
976
2780
8524
6743
741
4885
5662
8745
8580
6744
4686
4696
7894
4153
7316
6203
6162
970
7892
6718
4404
9001
4846
5971
3163
8675
858
6294
7126
4795
3819
6669
7792
965
1288
5752
8239
7171
6498
964
8392
5834
6114
4605
6724
7484
5210
626
100
4290
8542
7016
2531
3113
724
4801
8781
4740
6791
4432
5186
6509
6885
7089
7195
6395
8404
6803
263
8574
5742
8920
3632
1812
6440
1336
6686
5458
5810
6318
5715
5198
8600
3377
1006
2340
2935
8169
6121
2344
4194
8625
7979
8228
3515
8484
3714
3604
5046
7419
1507
5021
7487
1057
8854
4861
5655
4051
1870
7789
3213
5768
4177
6835
2300
6856
4840
5675
3854
4848
2609
189
5853
7136
3028
4895
6721
5312
6027
4658
7311
9012
8591
8915
4688
8057
7150
6378
3266
7812
4090
3038
3467
6999
8609
7958
6798
7254
5080
5365
3251
881
5940
2769
2418
6283
4666
4830
6021
5521
4765
6536
3795
8866
7818
8254
4316
101
535
3250
3702
3608
6977
2617
6400
3207
5146
6375
3996
1187
5588
5151
4066
7585
5693
6148
7458
3698
8914
2982
6985
7161
1408
7051
5025
7762
915
4039
3420
6000
8387
912
5899
2394
7380
5603
990
1771
4369
7135
3799
6531
7180
4188
5568
3218
8629
2772
5952
5836
8531
3210
6816
2688
8871
4135
8191
1021
5193
963
954
2241
2478
5473
7055
2415
8865
5304
8422
5498
5787
6436
880
3194
7011
8617
4420
7090
1531
1012
888
2704
981
5585
6243
8620
5449
3157
8638
5942
3751
7142
8366
6662
5772
3428
7766
7115
6464
8044
4600
2347
1794
2497
4228
4162
5965
8194
8388
8640
4491
8268
725
3379
492
4002
7357
1281
1438
2912
5689
2622
5832
4394
3587
8730
656
6331
1053
6422
1824
1367
8808
1295
6404
4262
735
2144
7208
6944
4632
7411
485
7211
1767
3093
6426
4638
5177
5625
5857
5291
1004
6031
6757
6774
6615
5699
872
957
8720
6566
8831
7155
8799
7713
15
6942
2798
4166
5888
2371
7759
4706
2594
5945
4945
4375
7340
4108
8768
5161
4925
2799
6877
994
1125
407
8575
6777
2173
1060
5618
4649
6516
2801
5413
8712
5840
5097
5122
8612
3761
8525
2434
3693
3160
5628
4161
2496
5226
2621
5282
4238
3344
8133
3639
3615
3479
4024
3456
3863
6768
4045
5923
5139
6223
1013
7820
1562
4844
5378
522
4033
5801
8157
3646
2366
7250
2937
5641
1317
4603
4876
2897
7212
3238
5558
1047
6279
2900
5530
5275
6056
7444
5581
8583
1581
7078
8882
6416
3402
6047
5254
2433
6348
274
5398
870
6103
6762
5214
1624
8009
7325
7095
6367
2038
7841
5038
7569
753
886
3584
2318
1839
8650
5710
6887
76
3256
4086
4482
6276
4727
2404
5053
3173
2073
8727
6659
3351
5009
8614
6234
5666
7334
6706
1010
5985
844
8857
5470
8123
3660
6442
1020
6530
1030
7787
3489
4101
2154
5241
4229
6286
3997
4292
6641
7584
7044
7845
8908
3492
8950
6415
4692
5900
4811
8526
6370
8948
4020
2941
1580
5203
3176
3354
1476
5466
3752
962
5170
1777
2764
7566
8700
7056
5600
6643
1816
5165
998
2407
5917
7822
3431
720
3370
1517
188
7354
6617
6940
1472
7305
6322
2473
8667
4976
218
6906
6290
5055
3981
300
1508
996
3964
8121
8275
7260
7355
4246
7198
7222
8273
3199
7706
6185
7844
7843
3643
6408
8722
8132
4987
4914
3759
7020
4967
7743
8147
4389
4016
6993
8795
7219
3216
6503
7627
1980
3034
1639
1676
6458
8530
6898
2227
6565
5121
8576
3522
4911
5873
2516
6735
5808
2981
1042
1019
8838
4878
3936
6880
6731
6800
1225
5569
3927
5734
1810
6084
2409
7919
4178
1804
3611
6582
6211
5363
3394
3963
5323
7386
3575
6166
1466
3247
1131
5400
7022
4355
144
5443
3334
1394
2186
3310
6879
1429
2696
