item_recommendation
25737
8571
8327
8093
8360
7697
647
7872
7541
2745
1535
1711
1120
1562
7437
1552
8033
2243
7613
8253
2779
8117
3133
1111
2445
387
1404
7560
8290
8447
7914
1425
8056
1437
1783
121
3150
1076
7669
7802
2681
1788
8070
1931
2935
2832
2128
714
401
1145
2219
8684
57
7738
8385
2959
7636
793
7976
2605
1073
8225
2031
1274
1707
2282
1320
1196
1523
8420
7407
1549
561
1891
2231
3152
2200
2203
1161
8743
6091
342
1453
8650
8709
8848
7478
405
1441
1099
805
1277
1236
272
2565
2236
8167
1816
8522
2462
1880
502
928
216
2206
2921
3148
3069
471
2671
852
1984
2810
1461
2244
2889
1304
1415
3063
3053
2916
3070
2012
2920
1347
1180
2918
1861
117
1237
3166
1238
1356
2919
1542
290
2016
1366
514
324
1373
2297
458
2734
2967
1392
1168
194
1957
1215
678
178
2917
34
1171
3086
1592
1255
5765
2159
804
1325
3021
2275
3018
1256
574
3019
6493
2002
7809
420
8511
592
1589
854
2877
3168
1264
2327
709
2741
8761
1971
3146
3232
3819
1840
8477
1642
7171
4246
1819
5137
8183
637
2304
6440
2927
5319
7130
8807
614
186
828
597
603
659
1979
7782
8235
153
1644
6348
1353
1969
3011
891
2786
1310
6498
3040
6077
2613
1317
1631
5288
1844
541
8499
9018
8892
665
3106
1658
1165
7932
2505
7415
2386
222
1206
7228
2227
2237
6579
818
718
708
1744
2139
6850
3213
4262
2661
1296
1938
480
4564
808
7728
6669
6877
2761
1049
3129
137
2310
1902
1029
2048
8482
2013
3060
1603
731
1873
3798
5264
279
81
463
4290
1605
7649
7995
4194
5489
1746
798
1243
7394
2011
2379
7892
135
1665
338
8751
300
2530
2594
861
6547
1580
421
1667
8039
1620
6073
1900
8600
3316
1940
1482
6658
1419
1963
1240
7222
4169
8899
4600
1894
229
8810
7347
2504
61
568
6559
1361
1954
1267
611
449
451
114
697
2620
1771
332
1878
2856
8819
289
538
140
1852
1686
5864
2633
1932
6365
8207
2855
556
5553
2579
2446
3072
488
4696
2478
1422
5177
1837
845
3185
1726
491
4114
369
1194
1588
1731
685
6395
5159
8689
366
8154
2000
4830
513
1212
1431
1777
2117
82
7444
980
620
6327
5258
1892
148
8827
7411
986
6676
707
5899
5909
2397
2107
7263
7121
6800
5333
6449
3578
7002
3903
3902
5039
6344
7340
927
8331
357
6465
418
62
2250
1269
2966
2615
849
7958
2668
2329
769
8410
353
1103
1363
4927
8661
8376
8136
1848
3099
2375
2001
1826
7245
1715
4458
6703
4873
4552
650
1767
3235
619
2149
6832
8777
1472
4366
5628
800
4709
2372
7786
1460
8616
5410
1397
5597
316
1914
2427
4890
2007
569
2020
2467
6056
184
2170
2080
858
2704
6195
809
1833
2893
1921
2067
18
1601
440
3015
3377
1301
3111
6412
8542
66
6957
1721
1411
2956
4920
8003
8491
1733
2835
6856
6918
7036
7492
1883
3207
4941
1608
3066
3163
7840
606
1234
2946
2490
6636
2263
816
7293
2596
326
2624
183
8695
4296
3368
7352
8675
8403
8194
1809
1614
8772
132
6628
5515
7919
1550
2784
6582
303
3205
5458
5503
7938
1389
21
8273
8879
7234
100
464
7881
1652
1201
1977
3354
8187
1875
2092
1184
2204
3616
392
1223
1332
661
1887
702
3747
1350
626
5588
1696
5980
1433
215
177
2766
8859
483
2866
76
154
2187
227
1657
3142
144
6482
68
379
287
550
380
179
509
1922
58
8147
4822
3081
6166
14
648
1739
1
1183
1414
129
3208
3660
4483
383
7753
6390
1385
484
2261
6404
5151
8625
1835
8730
3091
87
1684
5723
42
1941
1554
427
6906
5498
2161
953
8451
588
2984
2659
679
4534
354
3006
533
2647
2272
7055
6341
1085
8014
8604
7272
7502
2521
2193
2928
5534
2174
92
1027
8524
1175
1545
3051
6552
1909
3003
577
262
2794
4139
7748
6643
2922
1759
2789
3042
3068
5952
5076
2268
6863
5947
8362
7827
95
4886
1279
6180
879
1449
1333
2070
1970
2393
2285
161
2364
1233
1226
1388
3005
1063
4166
8718
1791
11
2400
4550
8636
9
266
885
5222
1311
1242
1569
1464
80
4168
2494
1126
1564
775
1920
5548
6690
673
5850
7215
5250
96
8795
496
6
2753
1717
6290
2655
1086
125
1889
1345
1479
364
1081
3294
416
5585
7204
7419
1983
83
1480
3165
6985
190
6970
4895
151
3421
6728
2252
8607
2103
888
4923
4821
2738
7254
2264
4690
5062
1272
2399
2516
2091
1463
1483
7195
3723
1204
167
3134
2715
2403
2086
704
599
1292
3206
8044
507
147
1532
8502
4135
3816
8963
2468
2606
6162
1218
1827
3804
6178
2499
5699
2074
3177
918
3147
1080
2215
1186
99
510
1616
5021
306
5033
94
2130
4121
1254
4911
1275
239
3211
2177
8961
1181
1251
3324
5028
2600
519
7135
4062
3441
5
1924
1730
1278
281
6958
5198
2944
1298
162
2858
3875
4203
1513
2839
2197
4515
195
4885
984
2728
243
341
7439
2747
2949
2325
1329
48
294
4782
8589
1997
1948
3188
1391
1246
1342
331
5296
7366
1912
2429
1621
7987
6599
2486
1040
529
1639
3459
690
7757
2812
47
911
8779
4437
2625
8943
976
1951
3016
2300
6154
6999
2945
851
6355
3877
278
6522
5233
520
4731
3951
3013
1972
3071
1263
564
5218
327
1807
1841
7131
1959
7186
317
3457
414
2981
6561
8596
3127
407
872
1046
2567
237
8019
252
5942
563
2023
8979
2431
2634
2816
4148
447
2731
2330
4486
6591
282
558
824
119
1130
8656
8920
7042
375
5926
6954
6867
7820
377
247
8654
4223
3977
2496
4849
5684
6148
991
60
1475
1343
2622
232
7016
3125
635
3594
7826
8261
