item_recommendation
25737
7872
7541
8093
8327
8571
7613
7697
7914
8447
8117
8360
7437
980
7669
8183
8225
8070
8253
7560
1523
775
8290
8033
1513
8207
5515
8056
8420
7478
7802
7636
3232
8522
5410
8477
7782
8003
8403
7407
5597
3368
5264
1744
5159
1003
8154
6579
6365
7728
984
6073
2227
7649
5489
8410
8661
5765
3235
4584
8385
8684
960
6091
8235
7738
6195
955
3281
6559
6355
8772
741
4696
7245
8499
695
4658
733
858
1507
5198
5033
1046
285
4600
6154
1562
1907
4830
731
647
4809
6178
2686
8879
7938
5177
4911
5008
626
266
129
969
745
4262
3324
8998
7753
8743
976
2605
5772
2062
8596
1816
232
7809
986
953
5980
6970
7293
5723
6826
2769
1844
2212
48
8761
401
3604
8819
954
1767
1515
526
5134
5312
2935
3751
4246
472
828
1352
5742
8859
4795
1288
3377
8777
1777
8167
1870
6918
4740
4316
951
4821
1812
2288
3292
735
7394
6636
4290
2340
2659
990
5909
1771
4873
4782
966
3086
4414
7299
3587
6728
8899
6493
5662
5611
1024
4920
8261
7186
3816
1111
7705
6760
4550
9018
2912
1437
7932
8187
4638
7234
1819
2374
5729
4941
6624
2780
2241
888
5715
912
7878
5968
5117
5588
4731
535
8709
3869
5689
1580
4076
8633
2236
981
3996
2186
1120
6318
8961
1006
8699
4987
8451
5433
2300
5114
3608
6902
5186
6211
4121
964
7272
8636
6404
1794
1145
1187
2688
6751
7228
4727
4765
6395
1639
2504
6748
6658
3854
8136
8376
1004
4437
7282
321
1053
2496
8848
5296
3522
3238
2745
7254
1057
7995
1590
5936
5288
3875
970
5825
8654
6140
1831
840
5815
4861
3420
6260
8910
1711
6077
6568
6207
963
881
4366
996
1030
1739
8722
8670
3575
5839
6294
8977
6440
2159
2779
1525
5473
4391
2829
4349
5787
3210
5470
3213
3188
798
6000
5853
724
2798
915
1060
7619
100
1624
8589
793
6148
2741
1013
2801
7976
1631
1042
7748
4079
4577
4801
5768
2173
3354
2609
7786
5038
4649
7757
8665
869
2860
1026
6521
8903
7720
4417
5210
7577
1020
3632
5017
8927
5675
5699
9012
7979
753
8591
714
8751
4284
4273
2647
45
961
2669
4399
3113
5282
3845
8827
3152
4984
8039
7881
2772
8607
5161
2937
1569
474
6850
189
720
5254
5398
1147
5666
968
8604
8228
880
5352
1281
4228
8239
1331
1535
2415
5012
1209
5139
870
1132
6676
3334
7263
4432
1076
3563
3194
5427
4686
6803
1394
8008
3402
5808
7831
6279
5443
719
1497
6383
7789
5193
4936
1047
4188
6498
3428
3127
101
2513
4645
3093
3388
1552
1476
725
7260
893
8943
4632
6408
3936
4241
6143
3024
7583
994
7316
3489
6609
4612
861
6242
6056
7171
2243
5080
6892
5182
5291
5556
5641
864
2248
1531
1788
8620
3357
4162
1320
7099
3668
2687
8807
6550
8629
8580
2752
7492
407
2385
7160
6718
1021
1652
3338
678
2696
5926
4088
3133
8157
1472
4051
4761
2467
6630
5346
140
886
4524
5440
8675
4033
8914
7817
1404
7107
4191
1125
8864
1826
7888
8482
5693
6591
2681
196
1508
4101
6116
2668
885
7211
1980
4401
6390
1839
1317
4380
6513
6243
1017
3081
5655
5269
5784
4342
5850
3150
2506
6835
5568
3819
522
6509
1393
5329
6314
7121
6547
2892
3843
6436
1500
5222
7038
3408
965
656
726
7840
1161
6885
7484
2441
4404
135
8609
2344
6840
4945
9010
1031
6132
2490
3723
6322
2966
3871
2531
3702
4605
3882
659
2770
1040
5498
3759
6530
4511
7990
3649
6684
8574
7204
8524
263
2976
1657
8147
5413
485
6832
2437
4636
2799
3417
4634
2283
8542
2709
4901
6896
5483
3456
2815
2438
5236
2481
3804
1876
2642
523
1970
4846
6446
527
4680
1504
875
3900
8387
1032
5021
2197
7101
5053
2959
6743
7487
3216
3160
6612
3284
8392
5707
4420
5791
1581
4016
1346
6051
2832
5625
6703
2366
4375
4171
6920
4625
4923
2982
2396
1501
1131
2407
7771
957
2427
1783
2689
3370
2038
4440
6121
4709
2956
8865
1073
2231
7130
6422
7444
5275
2546
6739
3285
2468
8689
2318
3626
4197
1367
8768
4427
8720
4337
2473
4045
8511
5585
7415
2445
5832
3947
1479
746
8142
3066
4161
3207
8044
2154
1041
8462
1135
4774
4263
6535
6977
7135
8169
3173
4933
2352
4394
1549
6162
1852
6800
1012
947
6957
743
737
5302
4640
5342
4333
4977
4954
4662
5637
4676
5463
786
748
205
1010
3799
5752
1688
8388
1336
5202
2764
5009
5377
5558
7481
1836
7502
6021
988
4728
4603
4312
5462
1295
2004
4166
5834
4177
3268
1582
1016
1019
5055
405
750
4627
998
4519
1726
3863
2440
8268
5795
5146
5888
2793
5065
8491
5684
3889
3163
4902
4659
5375
3687
2089
1078
6566
5122
3479
8525
5840
3344
8799
8712
3639
4238
8133
7155
5097
2434
3761
8831
3615
8612
5151
2371
4771
5464
387
288
1493
5364
5265
3487
872
742
2433
2128
1696
4255
2533
2442
4251
839
1824
8625
639
2693
4274
3960
4338
3619
940
4291
3565
4268
4036
3252
3991
3547
3976
4184
3270
1293
3450
5226
6985
8336
3805
1193
6744
2497
6400
3438
6283
16
1196
4787
5534
6762
5710
144
7698
3263
4639
3928
3924
3707
7445
2660
5940
2545
7078
1676
8121
5170
8833
7944
6932
7587
8840
5438
3199
1660
8642
5365
3434
8273
7340
6348
5378
34
6706
7380
6464
2617
313
6690
2155
3140
6571
5672
6862
916
5164
8795
6290
3868
6768
4153
5518
1608
4895
4844
3359
2981
4614
4194
3431
5319
6341
4139
2347
4833
6375
6695
1517
6927
896
5801
2880
3159
3784
4888
5199
3262
3892
4643
929
4748
2651
6536
973
5857
5971
2398
5285
3176
5341
8695
3028
8667
6650
6525
8920
2925
3795
2639
105
8131
3709
7892
4976
2003
3125
7115
1099
2478
