item_recommendation
25737
7872
8327
8117
8093
7541
7697
8571
8447
7613
8225
7437
5662
7669
8360
8290
7560
7914
8183
8033
8403
8253
5159
8772
4901
6178
7478
7782
7649
7728
8596
5360
2323
2275
8003
8420
8499
980
6091
5620
775
8070
5515
7636
6154
8743
5075
5940
6902
5723
5597
8056
5008
6260
7802
5186
7878
8899
5742
8636
1003
8154
731
5768
5853
8998
5715
8591
9012
8207
5288
8235
6918
5675
6751
6073
6970
8477
7394
8167
6355
5117
5765
5625
8522
4941
6768
7293
892
5581
745
4550
6121
6365
8385
5012
6550
2995
8376
1515
8580
7938
8136
6826
3875
960
6579
7738
8410
1513
7245
6530
6676
8661
7234
6047
4740
4873
6718
875
2769
8859
8684
5980
3368
4731
2659
5655
6103
3232
7407
5839
5060
8720
9018
8961
6773
5968
6559
4076
5282
5312
6760
724
5323
7254
5275
4584
4366
8629
5729
7976
5264
8665
6835
5909
5611
8607
8777
7831
8462
8807
5936
7753
5815
8699
5710
7186
8848
1507
8524
4153
6314
1816
7171
6684
1057
6498
6513
4414
7204
5699
1367
5568
4920
3235
986
6404
1317
733
4761
8542
1870
2407
3816
951
695
4782
8008
8142
7822
5038
5732
6547
7008
6242
3188
969
5752
5795
4420
4765
6728
7786
741
3819
3584
984
7771
5413
5198
8768
8943
5254
7078
8670
6493
8589
5666
2513
976
964
8819
7888
6377
5410
4963
4795
4821
5834
6035
626
3324
4427
1777
6803
1636
4440
6422
1006
3889
2654
5672
6743
5363
6294
4984
401
2605
6436
5177
4432
5689
4923
5641
3377
5291
8761
2288
5443
5888
5365
7346
4980
7357
5693
6850
5203
6464
4477
6609
4686
8709
5466
2183
7705
8640
6963
6706
3489
6375
6624
5553
4367
266
8654
6584
5193
7263
6408
6331
3334
2798
6800
3284
864
1739
743
6832
4437
3281
5836
8275
6896
4450
8882
2780
1523
7198
3869
7096
6630
3238
5745
4241
3936
7260
3611
5214
2982
6636
4903
4312
6286
5400
6887
1812
7919
2347
7419
6341
8147
2696
5398
4095
5170
8672
4929
8366
3497
7235
4300
7309
4967
4727
1907
735
961
4417
1046
4976
6862
8838
5243
8835
5684
8039
8123
5670
8197
3825
8966
8955
8949
4889
8582
8610
5004
5826
8921
5002
1617
5001
8785
6732
5034
4994
5517
7017
7063
8423
5796
7947
8985
3957
5577
6432
7791
5056
5003
8828
6754
6852
3499
4677
4832
3654
5847
6851
3491
4104
2956
4016
3173
1021
2184
6645
5055
4878
865
5696
5735
8638
4428
5285
8633
3668
1508
8042
3758
5572
8689
4834
5685
5686
5667
8872
5690
5401
5736
5700
8371
8158
6105
5746
6342
8372
2640
8130
7702
5680
7153
8138
5678
6060
5373
7012
962
6533
4945
1624
3307
6827
2548
3851
2120
4846
6219
869
2300
5139
1047
8977
5462
7208
6748
4999
6225
4801
6390
955
8879
1053
6774
659
2188
5085
6568
1288
4391
7228
6470
7764
3854
6502
7502
5161
4936
5033
7282
968
2473
2546
4121
5808
5952
3417
5017
647
101
4263
1192
3096
2772
2186
6521
6140
8781
5971
2374
4171
6985
4577
1012
8920
2688
915
3359
3241
7038
4840
1187
4105
3445
7334
8482
725
6678
2478
6840
526
4649
2651
48
947
1752
6021
3495
1805
6383
3500
6368
953
2647
45
4833
4005
8751
7160
6132
1750
6798
5304
1438
4251
6114
2983
2582
6612
6296
4532
5881
7577
973
2009
965
5021
990
7932
3194
2801
6232
3656
7748
2937
8451
5053
4895
4228
5504
6234
5498
3649
8121
535
5850
7840
4830
5210
1437
4079
285
3028
1104
2976
8695
6744
3113
6509
7311
8387
1831
2062
998
1744
2418
8984
7142
5891
5080
4680
5418
5864
8268
5419
1581
5832
4262
8642
1024
6927
7099
2764
7619
6591
1580
5548
2154
893
7354
3753
6207
6062
1771
7299
2496
4298
5296
8484
8511
2935
2383
2741
7894
1839
8576
189
4401
129
6240
3456
2212
7720
6932
4885
6892
4490
1844
4809
4639
3263
3928
8833
8840
3707
7445
7698
7587
3924
7944
4979
8910
5926
8808
3759
3127
2660
746
7881
748
232
4316
2441
6000
2832
4678
1059
880
2440
2236
6703
5433
970
5440
1980
2118
6658
3093
1690
912
858
5218
6920
5395
8745
8261
6243
5489
2227
8827
5135
9001
4355
7487
5164
1733
4098
2892
4691
4638
7897
753
2774
6116
7826
6735
4792
8507
4194
8906
5329
7757
4925
1147
4101
2993
4718
5167
1056
5703
4462
9004
4996
4914
6195
4511
8979
3702
7995
3799
7792
8865
8187
720
5810
7272
8491
5313
8864
4735
5009
966
4162
2500
205
1472
8914
3213
4842
840
6957
5588
6650
3795
5458
4981
2231
7126
7016
6695
3251
6446
2428
6223
8157
485
5923
8453
747
3714
3402
3408
5473
4911
1531
7743
4987
4033
4404
3964
3646
3608
6440
8574
8675
1767
5151
5372
1004
7990
3163
2534
3207
1008
7481
7055
3157
1822
4108
6093
5825
6143
1819
3125
7456
2687
1030
3218
1352
1125
4043
4552
7147
4506
1020
2799
1161
6318
8892
6671
2318
6950
2700
6516
8616
1010
1042
5604
7107
3387
3444
2594
5134
4736
7316
5899
4045
2090
885
6791
263
7135
3632
1501
218
954
6885
3452
3604
2189
7492
15
2775
1032
5799
4086
6100
7034
1084
5356
8239
5449
1876
8790
1017
2617
1060
8194
5600
5518
8614
2482
6977
3805
2912
7817
6290
5857
6031
4861
1026
6731
844
2897
888
656
2668
580
7115
7211
7789
7379
2078
8903
861
5801
879
2730
3804
2458
6183
492
3428
4844
719
833
603
4723
3575
472
5375
6400
2898
5121
2394
8625
3971
5960
5226
963
1078
6669
5521
5938
6535
4188
798
4706
7809
5558
2686
8604
7371
5425
2107
8813
1225
5384
1014
788
1145
1018
4002
5102
7818
3256
931
2622
5650
6571
3693
8191
2415
8131
1336
4600
7380
1152
5882
1804
3388
1040
2481
6641
2088
802
7130
4247
6148
1852
