item_recommendation
25737
8093
7872
8327
401
731
7541
647
8117
8070
8290
2605
2832
8571
1317
2761
718
5515
8207
7697
2966
7437
8183
775
2686
1721
7560
2786
8477
885
7802
1513
1562
1909
8033
888
1739
1777
8499
1744
6348
769
4795
5765
8253
5312
3232
1852
2494
3150
798
2521
986
1161
201
2159
2668
4246
3051
816
2937
2546
2976
8360
1696
2655
3604
1951
8420
1333
2935
1111
2427
1301
4649
1363
8819
1196
1580
2300
2504
3086
2399
375
3211
8225
1472
3081
2439
656
1812
34
1816
2779
285
6154
3235
5159
4316
5186
1997
1831
1085
2327
1608
162
1449
2146
5742
3210
984
589
1925
659
1783
1145
1959
205
869
135
2227
350
84
6073
976
1078
213
95
872
1788
339
8772
1003
243
2498
2688
7478
1204
2789
1233
3177
2074
2766
1186
1226
2866
2715
1388
167
2633
510
1616
2285
2393
99
3147
1063
3134
1080
3068
918
2364
3005
2922
2215
1759
2403
3042
161
2596
704
306
2769
2681
2582
2983
2986
1631
3996
3587
1730
1184
938
2981
4830
2946
879
1841
5288
507
2990
366
991
1218
1873
47
2858
3006
1689
6077
945
1549
2325
6404
5296
1860
2120
3071
1972
2429
1859
8235
1394
685
8447
327
1750
2634
848
858
7932
627
1667
371
2843
6482
3194
2043
2431
7171
1028
2835
2197
2798
8636
6091
2600
2753
48
1453
474
1834
1523
7738
8187
278
1288
980
291
1187
7782
1875
2534
571
2128
1081
2731
2330
7914
3408
4564
547
2812
2046
7078
1929
2039
2335
3324
1130
2204
2383
2178
2201
7728
748
4731
5839
5936
247
6195
1104
5198
1150
7613
105
5319
2975
745
2793
1807
1225
1822
3522
8410
2704
2982
8261
1907
1428
266
7649
5139
113
1690
3354
2182
482
1970
1006
8522
6178
558
2091
7245
6355
725
348
1020
4076
7636
3377
2092
1686
707
1556
4016
2583
2567
5689
4290
7995
1535
2772
7878
2155
1870
930
3292
1518
2816
743
2284
626
3852
9018
2090
2193
1796
2465
6513
896
1931
8596
6260
8591
5715
5675
2443
2135
3294
2031
3359
308
1192
1627
3016
8684
196
2628
4638
893
4273
4401
1286
3044
531
131
2422
9012
5853
5768
4284
3357
1767
2154
4262
8403
2796
3489
3238
2829
4584
4440
5055
516
875
8607
951
2548
7272
5410
1228
2880
4399
4987
3176
3262
3649
3159
5375
4861
3892
4888
5199
929
3784
4643
4228
785
1711
2780
3358
71
724
2639
2526
8899
268
2689
2820
8385
4645
3048
688
92
3759
561
8056
6835
189
405
2518
29
2630
7415
2134
2696
982
1981
2424
2282
6703
1092
4432
8848
5053
526
3125
6211
1099
750
741
2078
129
3128
3758
947
3064
3430
7394
4740
7228
6970
1804
638
2674
2570
2296
5662
5909
2763
886
6493
2052
5161
3388
220
2021
101
4600
3575
1526
2864
15
2979
5346
8524
8003
3816
479
1726
2385
5398
5666
5038
1086
661
990
2205
6676
7789
6874
6902
141
690
3521
2400
5597
4563
1046
844
2755
1653
901
3402
1652
1794
1784
6728
4625
3334
8998
7260
3936
5729
4241
5254
5177
1848
3007
1545
3072
6390
550
4976
742
7669
324
8807
2572
2421
8761
5735
5008
2283
5815
2188
2130
994
1515
7107
6918
2467
2437
1197
1688
1095
8661
5968
2912
1552
349
8943
2725
4696
746
493
2286
4263
1077
87
3379
1554
1507
1053
2105
8709
4349
5443
2207
2915
146
2243
8268
5264
2451
2324
2432
3008
924
1076
2507
1771
7208
1661
4319
828
6436
1517
911
1844
7487
6395
4101
788
2985
219
140
5470
2189
422
2195
2350
1040
267
80
1625
1073
950
4337
2977
1240
337
49
1320
2173
8044
6375
5243
2687
6498
2365
4911
2885
637
2573
1005
121
5772
5556
833
1059
6760
4642
6774
2351
735
1358
8675
1819
4833
6408
5630
5335
915
3028
4550
1887
1836
2815
6739
1131
5926
949
3133
21
6718
580
3635
498
838
7492
7135
2441
202
8136
6530
1251
1582
2493
1021
8167
6751
1017
870
8654
4190
1367
3916
1033
5752
1346
5723
802
6533
613
2118
1982
5641
8629
4051
1525
2807
4197
3547
1293
940
3563
3565
1826
2693
4184
3270
3723
4291
3619
4380
4274
4036
3960
3450
639
3976
3991
3626
3252
4342
3843
4268
4338
2295
6977
2288
2745
1354
1066
6000
1013
8743
8376
963
2792
5269
5784
57
345
3819
866
6706
5449
2699
996
6579
6636
477
1544
7407
3926
2497
1297
1209
4366
171
5655
485
276
387
2183
3859
5103
2469
253
61
8542
8781
6365
2028
5808
6658
4803
678
275
5291
1087
4420
3702
585
1699
8903
3163
2053
3368
8451
130
2231
439
2775
7822
6732
7063
7254
6887
8580
3074
2478
1508
2419
1285
3889
1404
4191
6547
5980
8511
2721
7809
7282
1939
733
1235
44
5832
8950
8948
7099
8526
7817
7044
8908
5693
4292
4811
7584
3492
8670
7845
4692
6415
2941
3997
6762
7990
1824
4020
5558
6370
5900
6641
6568
7566
5801
8777
5857
302
2741
907
7753
3752
1715
1049
7380
4568
7017
7771
7791
7153
1962
5873
5791
155
6880
808
3120
1884
4414
1012
3152
1900
1135
8009
3656
372
2187
2659
586
4914
3401
4088
2342
5834
573
700
4552
2956
6225
4765
6470
861
5672
2964
3560
5275
2517
211
2624
554
413
923
2373
382
5809
5226
905
7121
5378
1980
552
5572
6591
3763
2348
2371
8530
8616
8482
5304
2009
8827
5952
454
7881
326
7419
4111
299
2726
5825
6186
4709
461
4680
4079
7130
3500
955
3800
1259
3875
7979
5365
3066
1437
2347
714
2506
753
3885
5324
1120
3024
5888
313
2801
880
810
1031
8614
6800
5684
5699
6684
6690
3253
2082
1026
274
2876
7444
7115
4532
2770
3140
7894
1948
6243
5850
300
1331
28
