item_recommendation
25737
7872
7541
8571
8327
7697
8290
8093
7613
8447
8117
8360
8183
7560
8225
4161
7669
5980
980
775
5266
5712
7782
2331
7914
8154
7636
1003
8743
7437
8403
8522
5159
8253
4052
8899
7938
8859
5723
8661
8420
2659
7728
2433
745
733
984
4744
731
976
960
8033
7234
8070
4987
4550
5264
8596
1515
6918
6970
7753
4821
7478
2409
1581
4437
6579
5008
4941
7186
8879
8961
8136
8376
4366
8410
3875
6826
8056
1507
101
5515
3188
626
7407
8207
947
1513
4076
8003
266
8499
951
5909
8385
998
7786
5662
724
6630
6728
3324
7649
2300
6154
695
964
6902
6314
4984
741
8665
2374
5742
1006
8772
3799
6676
4731
5186
7878
8761
619
3368
968
8998
48
5729
6609
969
1812
5765
8477
1012
6073
7293
3816
4740
4923
2769
2982
6178
8235
3307
3232
8709
1288
5597
4765
2780
6260
986
3417
1624
4153
725
858
6612
953
8580
1032
8654
659
1437
129
8462
4584
6121
1021
8777
3668
1744
912
7802
7254
5853
8636
5819
7831
8699
6355
401
1046
5312
5834
5768
7263
880
8920
2647
1004
535
4251
2340
5288
5715
1907
9001
3281
5323
965
990
4809
9012
5675
8591
6365
7619
5365
6493
526
3928
7944
6932
4639
7445
3924
8833
7698
8840
7587
3263
3707
2660
4577
4801
7976
8142
955
2686
6390
189
2798
2937
2288
3127
4079
1523
3584
735
5117
6091
7502
6985
8684
1870
6509
5611
915
5655
8633
2772
4407
8642
2478
1042
5440
45
7888
3199
8689
4404
1767
8977
5198
4171
4638
2347
8008
5699
1771
7708
2062
7245
4270
4936
4228
232
7282
2688
8910
4873
1317
4895
5359
1020
205
869
3795
1777
3702
1715
6751
7126
3093
2496
5810
5449
1816
8629
5936
6047
5839
1024
7171
1819
3377
7738
5282
3235
1187
2605
8589
5038
6748
7204
7038
3028
9004
5693
2981
1026
3869
4420
1104
5275
2407
6835
2368
5795
720
7894
2651
966
6624
2935
3428
2418
5666
1876
1060
2801
4162
7881
6744
7771
8819
1739
970
7272
3632
2617
4911
3819
5641
2668
5410
656
285
2897
1017
875
7792
6636
1030
8670
5815
3456
2227
485
6559
2799
893
1053
1040
3238
1517
4432
6760
888
4795
3489
1057
5291
4649
3207
6207
3714
3786
885
8720
5752
5968
5398
2428
2344
2120
8640
6774
870
3251
1834
6027
5193
5588
1125
6404
2513
5689
5710
2415
6195
2687
1562
3157
2404
2183
6035
5732
1472
218
5772
5139
1059
5161
2385
2548
1750
6678
746
1831
2154
5585
5177
6103
1010
4736
5134
7720
1438
3113
6436
6550
3218
5888
647
4761
4967
973
8451
2236
3880
6498
6803
6521
5214
4440
4045
1047
3863
6243
1508
8882
5254
263
7180
3608
2654
1636
2186
492
6513
5363
7394
2546
4188
3334
954
5940
5604
8604
7078
5703
7764
6887
5553
1147
785
5787
7316
2473
6530
274
5458
1225
864
3882
4658
2621
3394
4885
6395
2078
1367
7346
3936
7260
4241
5952
6440
886
5808
5891
5296
4427
2173
6186
961
1008
2622
6021
2004
7115
4782
8848
8927
8865
6143
8914
8453
2775
6684
8807
7299
938
5443
8943
2394
8261
840
5832
4262
6706
1014
750
2241
472
981
6547
8722
1688
6294
2709
7481
7748
2764
8387
2366
8672
4016
5352
4920
6535
8607
7419
6408
2741
5473
7577
6318
6658
4592
6892
2900
6225
6422
1301
8275
4844
872
3751
7487
5466
1501
2983
2582
1192
5021
3256
6950
2440
6232
1690
802
3292
2500
748
5055
76
6840
2993
93
5926
3387
6718
531
7371
8228
4718
5672
6286
6591
2009
8524
963
5735
3805
1696
3889
8268
1013
2696
6703
3194
3758
3540
2730
6827
2892
4976
1980
2956
5923
8392
8157
5356
4391
2318
5625
1810
5413
2925
4686
6798
5053
6114
4996
7583
3500
5707
1209
5572
4312
4861
828
5085
8388
2976
5202
8620
962
2581
6464
4477
5498
6768
8864
719
4878
5210
498
6568
4414
5168
4603
4263
4401
743
15
8147
4980
7147
726
6885
7817
5243
8239
8542
2155
1028
6850
1429
844
4840
4876
4316
5470
6966
105
6341
8187
3213
3860
4727
3359
4095
4632
8768
6645
2184
1037
8574
865
7211
5165
8609
6650
7627
4177
6963
8169
8366
2534
5000
2521
3051
5581
5400
3284
6832
9010
4326
3495
4450
7189
5097
8831
8525
2434
3479
8799
3639
3615
8712
3344
8133
8612
5122
3761
4238
6566
5840
7155
3851
7357
5226
5203
196
1476
2481
1330
5285
7121
2802
7198
6957
1580
957
6896
5745
4375
2427
8838
1019
5696
6470
7017
7822
7919
7947
6800
4104
8123
8130
5170
4994
4832
8158
8197
5001
5002
5003
8371
8372
5004
8610
8423
5056
5034
5577
8785
7063
8949
4889
5517
4300
7153
7235
8985
8966
7309
8955
8921
7791
6852
6754
4929
5401
6851
8872
5373
7702
8828
6060
8582
5685
3611
4677
5684
2640
6432
6105
3654
5680
3957
5686
6375
5678
5690
5700
5667
6342
3491
3499
6331
5746
5847
6584
3497
5670
5736
5836
3825
6732
5826
5796
1352
4925
3759
937
3210
7484
6383
7012
4834
8835
1617
8138
2441
5462
7705
6062
833
3241
2342
7415
8039
4462
4680
4999
4532
3081
3096
3351
3655
2516
3656
1016
5857
7789
4105
2118
3693
3176
2442
5167
6084
5218
5985
207
2912
3125
7208
4428
8923
5418
5569
1358
6116
3753
6077
1500
6920
2815
6858
6731
2383
3587
2829
6480
1525
4833
5438
8667
1822
798
3408
7757
6211
2770
5489
1173
5548
8167
6533
4024
6502
2346
3445
762
2212
6536
7036
7386
2416
474
7195
3438
4945
2335
4903
3160
5825
3431
2458
2396
3996
3503
700
1132
8751
1078
7004
154
7135
4417
3000
2570
1612
2669
2398
994
4979
2437
6242
4247
1676
2793
4200
7990
6981
7107
2752
31
5017
1161
111
4981
2835
8903
3604
3575
6296
793
2832
8484
4246
7809
6862
