item_recommendation
25737
8571
8093
7872
7541
8327
8447
7697
8117
7914
7437
7613
8253
6365
7669
7636
7560
8056
8360
8070
8385
7802
8033
8522
7478
8225
7649
8420
8183
7738
7407
8477
8207
8290
8003
6748
7121
6559
6686
6609
7299
8661
7705
7728
5264
8235
5945
8684
6981
6579
8154
980
8751
8670
8167
6636
7394
3368
5597
5159
7976
8819
8961
8008
6493
6355
6195
7293
5980
8403
7932
7753
6676
6850
7809
7782
8654
8879
8998
7938
7245
7186
960
7577
7411
6091
6658
6178
6728
2062
6826
6624
8665
3281
5909
8187
8410
6562
7234
3213
5117
6535
6207
6927
8761
7263
8709
5765
9018
5296
4761
5611
6942
6892
3232
6918
5825
6383
6521
4121
4920
6662
2038
2374
4427
8589
5530
8743
6739
3587
8604
7817
8827
6550
6751
6143
5850
6318
6446
8859
4941
4809
8039
984
8499
6832
266
5815
695
7979
8482
7789
7107
6970
5012
6140
8511
7115
8633
8261
7272
6724
5926
6395
5723
6840
4782
6390
285
6920
8491
4846
4821
2659
7786
5568
8903
6077
6650
4911
8899
45
3377
4840
48
7045
3882
3235
6568
5008
6154
6242
7484
6760
1003
8910
4873
7995
7099
7481
647
8772
5134
7881
6148
7204
955
5772
2212
7583
7415
6314
7228
7160
6400
6203
7135
3869
5489
5164
969
953
6211
8507
8451
4417
3816
4577
6440
8596
5433
4885
5329
626
6957
954
4220
8745
5965
1844
4437
6116
5033
5378
7130
4984
7282
7619
6073
7444
6703
6695
7189
6630
8695
6000
6367
1024
7487
8927
5839
5936
5729
966
7311
8722
7888
8864
4366
5021
6791
4432
745
7211
7038
5017
8157
4391
7878
8044
6944
1046
7990
5210
6615
6513
7034
7841
6254
5923
232
321
6591
7492
3804
5515
8777
2288
7250
7316
6721
6283
1744
7831
775
976
5952
8984
5413
7096
8131
6669
8914
7380
1824
8977
5832
5473
1352
7843
7844
6185
7706
6617
7355
8009
3799
6612
8136
8376
4550
3632
5693
8462
7748
1437
858
6862
7340
7502
7897
6743
6279
880
3875
6132
8810
8121
6294
6777
5193
5787
5410
5655
3127
6803
8453
840
6977
6298
526
5470
3608
3996
5968
3188
5558
8979
6223
4251
5971
1767
3420
8268
2340
4945
6021
7566
6999
912
6690
5857
970
6230
1870
4414
4188
2154
2647
8675
6348
4658
263
5146
5440
5291
3324
5801
6641
4552
4666
2935
2300
4108
7840
5556
5139
4605
7456
8640
3819
6684
7771
3176
5588
3997
129
1907
7584
5900
5581
4020
3492
7171
8908
7044
8526
6370
4811
7845
4692
6415
6762
8950
4292
2941
8948
5226
5198
31
3854
3668
8273
3752
6498
5888
8689
8228
8892
7089
3417
6835
5269
5784
8614
7743
3434
8607
7354
6885
6880
522
1288
4162
5080
5689
7090
5458
189
6536
8625
6811
8620
2605
3157
3028
5809
4731
5585
7792
5312
5791
1531
1367
4066
6856
6404
8795
6565
5873
4324
4812
8530
6502
4171
7177
6798
8169
4936
4262
4600
7818
5742
8392
6051
7011
7050
8920
733
5438
1336
951
6276
659
7212
994
7055
196
881
6932
5038
7126
101
4079
3560
2660
6966
7101
5947
3924
7944
3707
3928
3263
4639
8833
7445
7698
8840
7587
9004
1523
3769
472
6039
731
6643
5548
6509
8239
7759
5707
6718
4638
485
8781
4923
6877
8857
3751
15
957
8854
8404
3845
8336
4086
5179
6482
1696
3379
4194
8699
6525
6261
6122
8642
2860
724
2318
5177
6331
5752
3370
535
8943
4088
2772
5899
6322
2311
965
4290
6426
8813
4394
4765
7068
4895
8848
3964
6162
7195
7208
4076
5882
3210
3292
7016
2344
4901
4584
7757
8580
8583
8484
6816
5498
8700
6516
8574
741
8807
7720
3251
2686
5600
8629
5254
1513
9010
4801
2506
5666
8014
9001
1476
2631
4135
8727
3307
8194
4861
2173
7569
6290
3163
1562
3113
1295
6114
2617
6744
5808
1507
3953
8132
4420
1187
6571
4177
964
6231
7892
5046
7020
7585
7624
7078
4706
872
7192
1529
2478
6375
5699
6408
6906
3795
5810
7958
5065
3221
5718
1580
4404
5662
1816
3158
4153
2780
3714
5843
3334
3936
1812
3428
2688
7260
2418
4139
7334
1590
5101
7222
7815
5398
6473
5352
4270
7254
3693
4241
5641
4947
2436
1209
2897
2959
6898
3351
5734
7458
1810
100
1834
3786
2961
288
7325
8650
5795
4686
2676
6595
3604
8575
6183
2427
5605
8609
6707
5834
861
5449
4375
8616
6582
7894
7180
6436
6448
2407
8191
3268
3646
1676
753
1777
8636
656
144
8142
2433
7820
7627
3515
3913
3643
6460
2346
5618
1006
7136
6964
3698
6084
7826
5202
4740
6484
4228
7439
4848
3489
6985
7899
6902
8871
5214
7150
4688
6378
3266
8057
7812
4090
8915
3038
3467
1702
962
4849
4002
6056
492
3868
2516
3702
2622
8254
5633
3508
4246
6121
1019
8866
4603
2531
4081
3584
3250
5864
2769
1021
6530
6782
3207
6940
986
1408
5628
3256
8387
5114
4033
4369
3624
2609
5141
8576
5777
2227
76
4830
1125
1438
2236
7361
6234
2981
1281
2581
6260
8865
844
4914
4632
5182
4844
5553
2496
6731
2775
4039
5538
915
4161
5151
8147
4166
1515
4748
5703
3863
8388
7161
4491
6476
8831
7155
8799
6566
7762
8712
5840
8133
3344
3761
2434
3479
8525
3615
3639
5122
5097
8612
4238
1973
7219
8531
2144
5443
5603
2394
6887
5544
8362
2268
4865
3503
7766
619
3978
5404
4355
5917
188
1193
3908
7827
6863
2704
5747
4886
8617
2779
6464
2442
6995
1012
888
3364
6628
6047
4304
1147
3218
3427
4893
3093
5000
1317
2396
1472
1794
1057
3199
2415
1466
2982
4389
93
5348
7348
5985
4963
4960
6027
2409
140
1303
6037
3871
6032
1569
6273
1224
3653
5812
4051
2824
7022
7713
1624
3487
4407
1444
725
6858
4024
6547
3655
2618
1804
5025
2912
6531
5186
2004
7147
5932
5303
7303
4932
4756
4284
6774
3402
3947
