item_recommendation
25737
8571
8327
7872
7541
7697
8447
8360
7613
8093
980
7636
7914
7560
7669
8225
8117
8253
7437
8420
8385
7738
7782
8033
8522
8070
232
953
955
7938
7407
3232
8661
8003
966
6748
6559
1523
7753
775
8008
7234
8751
8056
8183
5909
4584
6579
6826
8154
3869
8859
1024
4873
8879
2659
2062
8961
695
7186
960
3368
5159
1744
7786
4391
1046
1562
6143
7705
745
4821
8743
5489
733
48
6636
2374
954
3420
7478
5264
526
5017
266
7888
6918
3632
5611
3668
4437
6609
912
3188
858
1003
2212
5980
522
5723
984
3324
6728
7263
994
7748
5597
1288
8403
285
6920
7649
4686
6365
888
8665
3845
8684
6550
8745
4600
659
6123
2647
6624
840
4079
5473
4936
969
6892
976
472
2340
4696
8998
1281
1767
8596
8290
2860
7299
8670
7394
8604
8410
7038
1513
7195
951
3804
2241
8709
7802
970
7728
6314
45
1507
6318
6521
4941
8376
8136
3875
8977
6970
8167
485
1590
957
4550
129
1437
5210
2605
8899
6630
1907
731
3127
6669
3417
741
6355
4162
6091
8477
1812
5470
3816
6612
5458
4920
100
4658
2772
6195
5008
189
1352
4121
990
1060
7293
2799
3702
1042
2660
647
4101
7481
2288
7619
2780
3263
7698
3924
4639
3928
7587
6932
7944
7445
8840
8833
8462
3707
4414
6686
321
4801
3281
1057
8642
263
881
6116
4366
1816
4830
5765
5117
4171
1676
6207
8927
2981
7809
7204
3213
2897
8654
5588
4809
6832
6743
981
6242
7055
1531
4577
4262
2227
880
2173
8761
1771
5329
7245
5534
996
5033
4404
7254
8633
5923
4731
6981
7121
3795
2496
2935
3235
3251
1209
2415
2366
1777
9001
720
7840
3428
6676
3199
1844
5729
1476
2622
196
4984
4316
6562
3608
1006
656
1295
4923
407
6658
3714
7757
1021
9018
986
5164
4417
5012
7817
8235
4885
7282
6803
3895
7792
5815
2407
5410
6927
6535
626
2478
6493
5515
3093
3113
4076
5080
1419
1253
5568
8700
6140
7894
1004
9004
2686
4188
6731
3307
5433
7976
6498
8910
1132
3207
7316
8239
8848
4375
1686
828
3268
2442
2617
7036
492
6367
2236
8699
5165
4432
1569
6000
8923
725
7189
6056
4177
6751
963
6322
5452
7151
535
2709
5952
870
3351
1145
3508
8827
5548
1624
2516
9010
2798
6178
6132
6760
1013
7130
5214
3819
4782
8914
7881
2318
5834
7171
2103
6840
4638
2437
8453
5810
5440
5134
6643
2248
3751
1517
5585
7831
1100
2775
2581
4795
1120
6568
5498
7192
2609
5558
8984
101
274
7720
5241
4897
4251
1336
1030
7484
6254
8772
6230
1125
2396
3296
8609
2681
4761
6944
8854
964
7107
8864
2900
1187
965
915
1438
2912
8228
1026
5449
2669
5812
5825
2004
1020
7126
6440
3377
474
8131
2154
3720
2801
3218
8777
3033
8819
6850
4506
5198
8640
4901
2779
7099
8650
3540
6744
4143
4861
1535
1019
7444
6039
1135
4368
2310
8191
3292
2038
5965
4304
2404
7034
2418
3655
7108
3156
1515
4605
7011
8499
8689
5936
5
7932
6148
4081
5151
3882
2769
6283
1482
328
1173
7979
3238
4033
6885
1029
6739
5618
2902
8920
5530
401
3596
2982
724
5581
4290
1114
5947
7381
7222
7583
1131
6942
3210
5236
3160
5553
2003
427
2427
3854
76
4844
6390
6509
5850
8388
1739
5296
893
3507
4814
5168
419
1500
2467
4462
4706
6021
2099
8589
4895
1453
5471
7115
2687
2096
527
6650
1794
5021
7068
2394
1236
2959
2368
4987
2436
2752
8392
1516
2300
3863
3456
8620
3152
4153
1111
8169
6835
6615
5809
3920
3721
5387
4738
5772
499
6985
5985
2433
6276
111
6395
5248
1639
8865
4458
1375
785
7841
1652
714
5009
5971
6706
6536
7439
3805
1870
1016
4528
6480
7827
6582
2268
6863
8362
6279
5782
4886
6695
2331
5803
6856
8783
6077
7415
4947
5966
5893
1193
5341
2346
8722
3964
4228
2344
5282
6999
1504
4086
1834
5288
1711
2513
6243
3370
4632
8712
5840
3479
6566
2434
3639
3761
8799
8831
5787
5122
4238
3344
3615
8525
8133
5097
7155
8612
839
6185
7844
6617
7843
7355
7706
6166
1292
6183
2338
5619
6684
4840
971
4161
5527
3675
3452
711
4925
8730
5833
6290
6791
4603
4407
5127
7759
5569
3394
6260
2490
2231
6513
1257
793
5945
3622
872
2232
8574
5600
6724
619
8810
1581
2621
6718
6223
1032
2741
2367
2506
7990
864
916
7272
7411
16
7016
1798
5940
3438
1047
3798
4893
6814
7372
8857
6858
3723
1331
4842
844
5483
3672
8511
1876
1525
4765
7022
8667
5378
726
5628
144
7958
746
6591
3157
4389
2583
4394
6777
4332
4247
7177
6552
4498
6896
6816
4349
3256
3431
761
2504
6974
3860
8790
5303
6811
6659
3575
4166
3216
735
1380
6073
6502
2347
4296
8187
2186
3459
6547
1810
4427
615
4727
2100
3506
3598
3696
705
3118
4019
3857
2688
1246
6100
6027
5438
3680
2531
3399
7056
6114
575
4135
6339
3125
2398
5114
1161
4255
7061
205
4486
5839
4401
2457
8643
7487
7380
2961
861
5380
904
1148
6154
2937
1660
218
2026
2925
3522
1367
1502
4722
6957
3478
1303
5662
2710
6003
422
2727
997
3649
4108
3604
3129
1819
5926
3900
1641
1053
93
3783
4787
6383
988
1472
3901
2481
5065
4168
8207
3347
1900
4422
6762
3402
6516
1678
1484
5285
2164
4144
2668
6571
3996
1041
4774
3354
719
7059
6996
6329
6620
6898
1552
6721
1665
3913
6800
5693
4666
3034
6862
2438
5186
2458
8387
1479
4634
6458
2401
2447
5968
4231
3028
3320
6133
5226
7347
1573
1631
2409
2893
2689
2385
3799
3594
521
1022
6404
1891
1112
6460
1009
3947
5161
3457
7305
7577
4954
500
7250
2624
6703
6424
5752
4837
6300
3010
7110
3221
8491
2243
2815
2052
8882
8268
1702
678
2200
8507
5319
5570
