item_recommendation
25737
7872
8327
8093
7541
8571
8183
7914
7613
8360
8447
8117
7669
8290
7697
8225
775
1513
5515
7437
8403
7560
8033
5410
7728
8154
1523
980
5159
6073
5662
5597
8772
6091
8070
5489
8499
8410
5715
7782
8253
5008
1515
7802
8056
1003
5765
8596
6154
6579
7478
7878
3232
8636
5853
2227
5177
647
741
4740
5264
5742
4696
5288
8207
8777
1562
6260
6902
8879
7649
8743
1744
5186
7636
8684
8899
5675
8003
4600
6178
4584
8591
5768
9012
4658
3235
2769
401
8699
1145
5033
5282
5198
1507
8848
4727
7407
4316
8580
1111
3368
6751
4076
5723
731
8235
5772
1046
8661
7293
4830
4550
4795
2605
735
6970
7245
2935
6355
8522
1711
4731
2686
986
1777
8807
8376
1870
7938
8451
984
8420
3238
8761
4290
2779
733
8136
8720
6918
4262
4246
8477
4440
8998
5729
1812
6404
8589
5312
5815
129
1120
5968
3875
3086
1767
2186
4366
2496
3608
7254
2912
6760
7171
2642
1980
3751
1739
1580
8859
960
5038
8607
1535
745
724
990
4821
5161
3489
3284
626
4462
6294
6493
8542
8943
5462
8167
5689
5588
4079
5114
5377
4680
3194
5808
6835
864
1317
1552
8977
7831
875
8524
2236
4809
1053
1639
1771
3338
1437
2801
1816
2513
7204
3604
8387
5291
695
7738
4649
858
3292
6718
3354
8147
3575
2243
3334
5323
2344
969
7771
976
5655
2832
6547
1819
4437
6436
232
7919
2687
1873
5936
5398
6056
5839
1508
5666
1525
3133
2546
4263
3656
4782
828
526
4033
793
2956
3324
1288
6498
714
1057
1907
955
915
5518
8142
5254
7619
7260
4632
7753
4420
5752
4432
5980
8927
2481
4241
4920
6341
2696
5134
5641
6676
4976
9010
3936
3522
2441
951
3632
5053
5699
2659
1030
6513
6375
7976
1631
4121
8633
5275
6800
6464
4861
2772
8835
3819
6121
6803
2745
5684
4984
1060
5055
4016
8629
6706
9018
4645
2681
6422
4873
7234
6408
5341
8228
5433
3408
5182
4153
4414
4312
1006
5735
5443
8865
861
953
1831
6896
3758
8838
7419
5170
3388
8620
2668
3563
7720
5940
3093
7198
5787
1024
5466
3816
5193
1192
3173
5710
966
2802
4349
4634
6035
869
8640
2798
4878
885
4401
5672
5285
4967
3281
3851
1021
3150
5470
3611
5365
798
5203
6470
1125
1880
2212
8239
947
4659
5241
2937
3759
8392
5400
2159
6768
3359
8882
1047
2120
5696
2741
5572
3213
5625
7078
5836
3500
8261
7235
5685
5401
5670
5056
4929
5003
7822
5034
7346
8828
8921
7309
2504
8385
4095
6774
6047
5004
5667
5686
5680
5678
7947
5577
5001
5517
5440
7809
7757
8275
1876
2688
7357
5243
8768
8949
5373
7791
1617
2976
2647
5795
7583
748
5363
474
1549
4524
5139
8955
8966
6331
6584
3402
3152
6509
4101
4834
4980
8366
1707
1844
5677
8123
963
3113
8672
6732
5826
5746
4300
5847
6887
3497
6963
6754
6432
3499
7063
3654
6060
3957
4104
5732
6105
5834
6684
6365
2582
2983
893
4399
7702
8197
5796
8872
8785
5736
4677
5700
7153
7017
3825
4450
5690
4477
4832
4889
4994
5002
4375
5222
8910
3188
8864
4941
2982
8610
8371
3491
2640
8582
6852
6851
6342
4765
2184
6645
4612
3996
8985
8158
8423
8138
8130
840
865
2241
2318
1135
2183
1026
5427
1004
888
8372
4999
7012
535
1750
4428
8709
4284
1073
5611
2347
3241
5693
2835
1788
4273
7394
1404
3668
2231
2300
1320
5210
4987
1805
140
4177
1909
285
870
1497
8722
725
3357
1394
2473
2062
5483
1826
4673
3626
981
1624
3268
816
3863
48
2892
4923
3096
1652
3723
4511
2118
3024
3452
8388
2282
7228
5498
7932
6827
4577
472
3843
4105
4954
5085
964
6207
7379
266
1331
4636
5342
5637
4662
4640
5463
4676
4333
5302
4977
6279
407
8799
100
4627
8903
387
4728
750
1352
6296
4191
3574
3854
2214
2799
2200
6195
6533
3495
4051
2434
8712
3344
3479
5122
8831
3761
4238
8169
3615
8133
5840
8525
8609
8612
6566
7155
5097
3639
1472
746
1187
5236
5364
5265
7995
4161
4833
968
4625
4519
4686
881
2567
135
4801
1020
743
880
720
4761
7208
8961
2009
4380
1042
5504
1852
3702
4342
719
5304
1581
879
1196
2752
4925
3285
3431
3889
4902
1041
2669
3456
2774
6103
2219
3160
994
6225
2829
2609
4603
824
954
753
1078
1161
7316
6530
4197
5846
2107
8665
4386
2415
5585
1076
4024
8667
4188
1518
5473
3377
786
531
2440
2534
4859
5346
2993
2548
8819
3908
5135
2427
2985
1410
1104
1010
3210
5992
6885
2283
4911
7840
8675
4614
970
4638
4837
1147
6728
4691
1479
3587
8039
2275
6559
1627
2031
961
3438
2383
656
1295
4520
788
1008
8042
4979
1690
8654
2521
4490
1791
726
523
2699
1733
8827
4337
1501
4298
405
7011
1590
3584
5818
1040
1287
5909
3804
833
6985
7888
2677
912
1476
4378
4171
2363
2173
854
4541
2155
7272
3869
3207
1779
4084
2700
5419
2089
1031
1099
121
3445
2385
2722
6826
1018
2128
4274
4036
3252
3991
3976
4184
3565
3450
639
3960
4268
2693
3619
4291
3547
1293
3270
4338
940
3478
5319
3763
1878
2689
839
998
762
2445
2565
8808
3655
7764
4933
2352
105
2651
4404
761
1794
892
5464
4771
6322
1037
8462
8638
8187
3081
3428
2366
6211
4332
2815
678
3029
6368
6093
5553
2438
1608
4735
2959
5146
872
832
189
4981
6452
2478
891
6132
3015
2090
3420
2780
4552
2966
4605
4339
5352
1493
1569
6286
1463
321
659
3743
5418
7101
1049
8695
4162
8511
7263
2493
2654
3602
6234
420
2340
4515
8751
2860
7036
3653
4718
1582
8491
57
1970
6571
1726
2288
1059
4709
3258
8625
4936
2197
1215
2465
6318
1168
2002
1660
2500
3019
2133
1499
2788
6242
1592
8157
1422
4060
1056
144
5065
