item_recommendation
25737
1513
7872
8327
7541
8571
775
1523
8117
7613
7697
5515
5489
5410
8225
8093
8360
7782
4600
2686
1507
7437
4696
828
1777
8183
980
1657
5597
1003
741
1744
8403
5198
1639
8596
1816
7669
6073
731
1907
858
6091
1515
4795
1771
3232
129
8899
5159
401
1525
2227
4727
4830
1870
5177
2504
3324
4740
8743
1831
8290
8447
8033
990
7560
4612
8154
2496
1812
2815
8772
1060
2687
1120
2892
4658
720
869
5662
8420
733
5715
1497
2241
5033
6154
5186
474
888
6260
4033
885
4366
105
5723
1688
1652
3900
1472
5282
5768
5742
735
8499
7728
1053
5288
1580
6902
8636
8859
798
2688
1562
7878
5853
8591
5675
3338
2659
742
2668
7636
1582
1346
2799
1504
724
986
8376
9012
1624
7478
3456
6918
4680
1500
526
1726
2770
1819
647
8136
3875
656
4076
6970
2912
285
1331
2300
2212
7245
2642
4731
4584
4659
2605
8580
1686
984
3235
1148
6056
5699
7938
4440
3575
8253
5518
2801
5588
5114
1916
4550
2769
4614
7649
5765
6404
5161
2442
3751
8003
535
1517
976
6547
2567
4636
2415
3819
4923
864
3854
915
4649
1641
4728
1317
893
1739
4316
1482
2798
1410
3656
1767
1046
5312
2786
2159
6178
7254
1004
3420
4801
4524
746
5222
4977
5483
4634
5342
5463
5427
4954
4333
4662
4640
5637
4676
5302
2761
745
4101
981
2829
7738
8998
4519
951
4765
955
16
2202
1433
4627
7831
2385
218
1608
5585
1501
5008
527
659
2669
1453
5684
1288
6985
1057
1047
1132
7914
6294
322
460
2696
5729
5364
5265
5236
1287
189
5182
1111
753
721
1021
1941
6706
896
2204
6498
4051
4902
6751
5980
6800
2340
1696
2366
2546
6493
1827
6355
8720
7204
6803
7753
7234
969
1873
6243
2248
2506
1209
4414
6718
1866
4873
2600
5572
4577
2741
7976
1145
1033
8699
3687
963
1970
3194
2195
3702
5422
833
2982
3816
6121
2193
4941
1042
3127
6684
5909
8410
8542
872
3354
695
1006
3417
1569
2779
4153
5641
2956
5553
5710
938
719
2138
3285
1352
2651
6676
1502
7171
6322
6436
947
4016
8665
737
1794
2478
1479
7263
5365
2937
7822
2780
266
1508
3150
4290
1161
2279
8848
1363
2983
2582
8524
1187
5462
5055
3284
2186
968
5395
4171
8777
6768
4774
5834
101
1393
2090
7502
3399
2468
12
4079
5170
5165
6422
626
4821
1341
232
5377
2832
2427
8661
8629
4095
4878
1026
4936
2730
1699
954
6774
5323
8807
2699
725
1909
4246
9001
5254
818
2935
1852
3307
931
6760
8709
8070
3155
848
685
3500
1437
1055
5752
5672
2347
2976
2609
4976
1020
5689
2617
213
7394
472
2200
2120
2437
3188
966
6835
2545
8607
5319
3408
8589
994
32
832
3522
5968
8142
4684
2835
5443
6963
3388
3160
3357
6464
2493
1721
195
3608
6728
1131
2118
3759
6630
5053
4761
3211
2490
7786
3758
2342
3359
3649
8768
2183
5625
2236
5341
1476
5498
726
3125
1192
839
3880
3574
5839
6826
2327
2082
1640
7771
6896
8961
3086
7419
5936
327
2399
6314
5655
3051
5666
6513
5363
5815
5732
8147
1032
499
507
6533
4980
5346
7748
3334
5038
1791
5632
5466
1225
5275
7222
1218
2772
3368
7888
3256
3377
2817
4782
3081
8920
7407
8207
8943
870
321
1951
1078
2611
4401
3668
3489
4987
37
3428
6140
5500
4861
4404
2398
8477
2481
3889
960
1329
313
2689
8056
4262
5735
1125
3238
8522
8275
881
2843
4437
135
48
6365
4771
5464
5134
1030
2438
1320
7282
2318
3714
423
953
2494
3936
4832
6852
5836
6432
7346
7357
5940
4104
7309
4889
5517
6331
6341
7260
6342
4994
6375
5577
7198
7702
5847
7235
7791
5826
6754
8582
2640
5667
5746
6105
5670
7017
5736
5373
6732
5700
5696
4677
4477
8197
5678
5690
5680
6887
8372
5686
5685
8366
6851
7063
7947
5398
5401
7153
8785
6584
8371
6047
5796
7078
3825
5002
5795
5400
8610
7919
6060
8640
1358
8261
3766
861
6035
4895
276
3251
879
4105
1204
3177
1388
161
918
1783
1616
99
1186
1063
1759
1080
1226
1233
167
2215
510
3068
3005
2922
2866
2633
2074
2403
2789
3134
3042
2766
2285
3147
2393
2364
2715
2596
306
704
2521
7894
1305
1390
4166
1013
2534
5808
7186
3980
9018
6827
5611
529
1024
8684
3243
3481
4053
4012
1241
3979
4009
4011
4010
4014
2473
4263
1959
1196
1017
5085
4162
2660
405
2325
3604
1429
3754
6470
1711
3452
1419
2692
996
2975
7944
8840
4639
3924
7587
3707
3928
6932
8462
3263
7445
7698
8833
1531
6450
6645
2184
865
8985
4929
8949
5001
8423
4450
8955
4241
8966
8872
3499
5004
8838
2513
3611
3497
8828
5056
8130
1617
4300
5285
3654
8921
5003
5034
8835
8158
8882
4312
3957
8138
8672
3491
8123
1085
2753
1856
4428
3989
7012
2700
802
4834
2581
3254
4999
3096
5419
1040
2722
3851
6579
2003
3241
1702
2981
891
6286
6296
2764
5243
964
1928
2078
748
3495
3239
47
2500
1860
6390
1631
1526
113
998
2231
5534
743
5291
95
911
2858
2467
3016
328
5636
1059
2874
1499
3006
1750
3753
243
1844
2745
3690
1730
1104
6530
4420
3031
1647
6612
5203
1184
162
205
7038
2497
6408
6458
2429
2827
3071
1972
875
5375
4490
550
5470
6232
10
1609
6132
840
2201
1581
4532
1549
1034
9004
111
8642
2634
278
4228
1130
3692
3682
4326
3891
2102
3343
1061
5264
516
1535
7757
7293
3067
1841
1805
900
2647
1394
558
1518
6114
4645
2288
4876
7228
786
3632
5693
4979
3584
1095
2091
2203
2155
2152
2458
4920
718
5223
5629
5991
4492
3658
4974
2882
3093
4593
3210
4447
1660
1285
1295
1997
4234
547
1228
4251
521
991
274
3871
1025
2368
5504
6093
498
5891
