item_recommendation
25737
8093
7872
8571
7437
8117
8327
1513
7541
7697
8360
129
8070
7613
1523
8225
8033
980
8253
8290
526
3232
4696
5410
7914
401
5515
7636
285
7669
1744
3235
7560
5198
888
8447
7782
5489
5033
775
8477
4795
5597
423
3604
741
2659
1771
4830
8661
100
986
647
1907
407
8899
5159
535
8183
2227
4658
858
8819
1639
472
48
828
3324
5909
1812
1053
321
266
1767
8403
1580
2504
1145
4600
474
8420
1777
990
8499
7938
733
6728
7478
1288
4550
4740
3575
695
8385
3522
1831
3996
4316
3368
8235
2300
8859
2605
7234
2686
984
4262
2288
798
1187
885
1111
3086
4079
3751
5296
718
1120
5765
3210
2769
981
8003
8654
8709
1060
5588
4782
2212
4731
8743
4417
4349
1562
3816
1525
7753
140
580
6355
5161
4801
3238
5264
1590
7738
4923
2647
3354
8056
4727
268
4645
1352
1507
4524
4821
5742
8684
1317
4290
7293
201
479
1472
4612
189
8154
16
522
4076
7282
5186
6568
6243
2241
2496
8772
4404
2415
3188
1006
2935
1046
4680
3388
3854
523
869
7802
3024
4337
7186
1816
5177
1047
232
5936
2976
2815
1794
6826
3843
1017
5723
1852
527
7487
802
1331
5282
3456
4577
2829
2318
2688
1696
840
3285
735
6365
8136
8761
1147
8376
6970
955
8522
1024
1437
3875
626
6591
659
427
7748
2798
3127
4246
2779
218
6498
4414
8410
461
5839
951
7786
2340
8879
4511
213
745
2761
2689
742
4638
4625
5585
656
6977
1394
6000
6143
3160
4121
2937
101
4941
996
4636
2780
3420
2642
34
2835
5346
4432
2668
3338
731
6056
4051
7099
5662
7107
2283
1739
1131
3869
1004
8670
5114
1346
4634
4584
1057
6073
7995
105
3900
8207
7728
3845
1711
3377
4033
7990
3563
8596
3702
8665
6612
8187
1826
4728
5980
5768
3150
4659
1631
2545
2786
5
5463
5302
5222
5483
4977
5637
4954
5342
4640
4333
4662
5427
4676
314
886
4342
4627
5801
1410
482
938
5265
5236
5364
2912
5672
994
4519
7394
1517
3194
2497
3871
5080
4902
7619
6918
4649
5053
966
2567
7831
2493
8589
964
1013
1980
1135
339
3292
1020
7817
714
4437
5518
4101
2159
1003
2722
5008
3428
2609
1497
1819
3430
1901
1721
3687
4191
849
135
881
6178
8482
3081
8636
2966
7878
6902
4391
2860
1125
1287
27
3709
4263
4399
963
1783
328
45
1657
5888
1345
5926
2494
4885
1404
7204
8777
5693
969
2669
3723
3402
3113
4920
1535
3745
2752
1688
6242
205
499
4284
3668
1281
5815
5675
923
2236
3632
4016
2772
953
1363
4614
1031
4171
2427
4153
3450
3547
3252
1293
639
4268
4184
4197
3976
3960
4274
4338
4291
3991
5117
454
2154
1161
1839
1209
5275
4563
3176
2082
146
2617
1582
4765
1863
521
5182
2467
3626
4273
4380
3619
4036
3270
940
3565
2693
6390
6579
2696
1320
313
1358
2385
3795
2570
2687
637
4111
3880
976
550
1624
7038
2681
1333
2089
5752
3889
8998
1608
839
5715
1476
4401
3281
1836
7208
4873
960
2195
1870
3759
9018
915
7245
15
2441
5473
5365
1021
8961
1866
6042
2799
2374
2531
2982
4366
5729
3358
1586
561
1036
31
5341
7649
5241
2210
7976
2490
3051
6744
5055
5288
998
9001
3635
5165
4706
7894
5498
5009
6077
3928
3924
7698
8833
3263
3707
8462
6932
8840
7445
4639
3417
7944
7587
6896
341
6762
1393
1959
4108
3714
3357
2660
870
7272
737
8642
970
3608
422
1824
93
3251
6718
6641
6154
4895
1310
725
864
720
4319
7299
2062
667
4605
4809
7415
3218
2565
848
2128
6348
195
5611
3805
8044
6739
1844
1132
1099
6856
2003
1401
3656
6195
1026
6630
4876
2458
7888
6703
1515
1327
6530
2481
2621
2248
3859
3307
5900
8908
3997
6415
2941
8526
4692
5832
7044
4292
6370
7584
4811
3492
5558
7845
8950
4020
8948
4255
1552
6314
1951
7566
746
1041
1726
1196
2243
6260
8591
7380
6880
5857
8261
4936
2310
7263
9012
5853
2677
207
3207
2534
8781
1010
1173
1531
5689
6121
3752
753
2439
2583
5810
2465
2347
2730
6132
8629
3758
1690
2956
2704
4933
2352
8009
2692
9004
3574
3152
2149
4761
492
8699
4914
1518
2600
2201
4691
2438
5203
3587
6684
405
5710
8167
1055
2874
2793
4987
4012
1241
4014
3979
3481
4053
4011
4009
4010
3243
3489
816
2596
5699
2843
3690
2152
5243
726
2009
6927
1652
444
327
6768
5873
2339
4718
3754
5214
2582
2983
1973
3560
3351
516
155
337
2327
4251
202
1948
916
5968
7222
7502
7492
2533
2138
6676
7121
6322
2796
5625
8607
6774
5735
957
1834
1228
2307
6803
5151
1453
8142
2521
76
2700
7407
3067
8807
8614
8768
1508
253
3199
2186
5312
7228
498
4686
1779
2146
4721
685
7762
2399
2325
7254
912
8920
2975
3753
1640
1641
274
7757
2770
2741
7020
8039
4861
1526
2866
1255
3213
5443
1556
3649
263
2832
4532
6404
8275
1085
5319
6062
3521
2445
7126
2492
10
5464
4771
861
704
2633
99
1388
510
2715
2403
1204
2285
3068
1186
167
1616
3005
1226
1233
2766
918
2364
3042
1759
2922
3134
1080
3147
1063
2789
2393
3177
2215
161
2074
1702
306
879
1647
558
4162
4482
3163
6757
2204
1076
6963
5377
2295
5210
6743
5600
1549
5375
3262
4228
3892
4888
929
3784
4643
3159
5199
2880
8574
3804
6760
3211
3268
5422
2334
4976
4814
1499
2674
5985
8511
2639
3399
1730
2447
8689
3852
1997
891
1257
1101
2981
1667
911
183
2878
7078
2342
2990
4173
79
5834
6100
1008
1487
3216
1184
4803
1073
319
724
5527
4420
8239
204
7792
2335
2775
1438
6084
3926
1841
8943
961
47
5462
1130
3775
2173
2418
162
7316
4354
7171
3989
8524
7135
2858
