item_recommendation
25737
7872
8327
8571
7541
8093
8447
7613
7697
8117
7669
7914
8360
8225
7437
775
8183
7560
980
7636
8290
7738
8403
8033
8070
7782
8253
8154
7728
8420
8003
5159
8385
7649
960
7753
7407
8522
8056
7478
5264
1513
8661
7938
7802
8596
8772
1003
745
731
5515
8743
5723
8899
1523
741
733
6091
1744
8499
526
1515
8859
8879
8410
7878
984
8998
5008
955
6154
7186
1046
5662
695
5597
7234
3368
4821
8961
6658
6918
2659
6826
4584
7748
6970
7245
7394
8477
7293
6178
1507
8207
6073
8235
953
6559
4967
6902
5742
6579
4550
7705
8376
232
8777
266
976
8136
8665
3875
1812
6260
5765
1024
5186
6195
8636
3232
1816
1057
6728
6355
5715
8699
969
5288
986
6751
8670
626
5410
5768
8167
5909
2772
2686
2769
8684
2236
5675
8589
8580
5853
8591
9012
7831
970
7204
6521
3324
5611
990
4076
858
8654
4941
8761
129
1907
4437
8709
840
828
3235
7817
4731
951
966
5117
6550
4740
401
6365
6121
4366
2212
1125
2340
2798
7171
1060
6630
724
6760
285
735
1020
3188
3869
1288
5936
1562
5729
8008
48
1006
7786
1870
6003
8751
7888
2062
6676
1317
6207
6314
2227
5815
912
954
5839
7826
7263
6498
3281
2801
5968
2374
7502
6718
726
915
2935
2241
964
1624
869
4658
870
5655
3113
5312
1739
1771
7976
6892
535
3816
6294
725
2173
4923
6513
1004
6748
6684
7619
8633
45
7254
1042
7299
888
1012
8819
981
2688
5752
1777
4984
1032
3093
2982
2687
5198
6609
8977
8720
2496
6835
7771
3668
6509
4809
472
4153
1021
5275
5177
8629
2513
5489
5365
5282
6318
8910
1053
4391
8848
2937
4801
6143
4079
189
994
2300
8462
6404
4686
6803
6493
5834
3632
5666
1590
4440
5473
4765
4795
1531
1030
4782
6624
6636
6547
6612
2186
8807
6920
3127
5980
8768
8864
4162
4873
4936
6436
659
957
1437
864
3608
875
8239
3307
720
6974
5710
6464
8927
2605
1819
101
5296
880
963
1026
5017
647
6530
4727
4414
3751
3417
1187
5033
5699
2120
2780
1472
1767
893
4577
2860
5641
4188
3702
5693
4761
1581
2669
2668
965
6985
947
4920
4262
1831
7078
2347
4432
1508
746
5732
522
5291
5440
6798
5363
8142
8607
1876
3238
2288
1352
5139
2473
6375
1750
998
7272
4171
4121
1010
8984
7316
5689
8387
5038
2741
4600
5254
885
6047
1013
8228
3489
5625
8865
8642
968
1580
5210
4649
1497
2546
7038
5772
2366
4404
7583
656
6774
5888
8609
7720
1040
2892
5498
4638
2647
1909
5398
2956
2799
8943
9001
2660
5012
1367
1525
8833
6932
3707
8840
3263
7445
3924
4639
7698
7944
7587
3928
5795
5323
5466
6832
8147
6850
6568
3428
8542
6591
8604
7757
3334
6896
7260
3936
7822
5940
5443
4241
3804
2398
5672
2981
8524
4696
2815
6706
4976
3611
5285
2415
7208
798
8620
3420
2385
8689
9018
2696
6744
2689
4251
2344
5134
1019
5458
719
1047
474
4830
1676
961
8914
3584
7484
5164
6331
5055
8574
9004
3377
5161
8187
321
6887
7481
6390
6422
4016
6341
6035
5572
5808
5400
8169
5588
2582
2983
6768
4316
5170
2481
5735
1192
8640
5787
5836
1209
786
205
5021
1500
5832
7809
1145
5203
1652
8882
7357
1281
3758
2976
8366
7894
881
218
2617
7932
6242
1688
3140
6103
8453
8745
4417
8920
743
8451
3284
6963
4375
8392
7107
8388
8781
2709
4901
4312
8275
8838
2183
6535
6800
2318
5684
6408
5243
7419
7282
4861
9010
3845
2912
938
5696
6440
7346
3819
2506
2478
2440
4427
6286
2651
7198
1608
485
7919
4980
2407
6584
6254
2427
6791
4929
7577
7309
7235
7487
105
5003
5034
3882
5053
1617
8921
5056
5670
7947
8828
5001
3402
6533
4300
3497
3604
5685
7195
7881
5004
7791
5577
5517
4450
4477
5462
3491
3499
3825
3957
3654
4104
5401
8672
5847
7017
6852
6851
8949
5678
5373
5667
5680
5686
5826
5002
4632
8835
2184
6645
4889
6754
6732
4832
6432
8197
7063
4677
865
2793
2396
3194
4161
8582
4994
3851
7034
8966
6342
5746
6060
6105
5796
4420
8123
5700
407
8371
1476
5193
5926
833
8785
8610
8872
7702
7153
2640
5736
5690
2761
3996
527
8955
4263
3500
8985
5810
8423
2829
8131
1696
2159
2764
4834
2925
1501
7012
8827
1132
2770
6225
8158
8130
8372
750
1016
748
2504
7099
6743
4999
1008
8138
8482
8039
7990
1639
6132
2155
3456
2654
6322
1980
263
8638
4177
6536
4428
3795
7126
1429
3241
1657
6232
3714
7155
8799
6566
2548
6703
1582
3759
6827
3761
4238
3615
8525
3344
5122
5840
5097
8612
2434
3639
6739
6885
2521
6840
3096
5857
6000
3575
3207
3863
872
6862
6470
1059
3359
8831
3081
2897
1504
6678
4680
8712
3479
8133
4603
6383
718
4105
886
5553
2442
2248
1225
8268
4280
7189
7792
8507
4878
3587
6562
2118
6077
5085
3251
7415
996
7121
3268
3495
2441
2752
2418
6724
3799
7380
3656
2438
5644
2500
4885
6999
15
6981
5449
5825
6116
1037
8511
1135
3889
1517
2433
1078
1104
2437
785
2404
6669
7096
2835
6140
2368
8261
8191
1794
6731
4895
3210
3408
427
762
1852
2154
6296
892
816
4605
4462
6283
1631
2534
973
962
7011
1783
2621
144
742
2993
3292
1805
1824
3218
1690
5418
4024
3051
3655
3173
6021
4987
7311
8157
5585
4736
7211
100
5413
196
8854
1556
753
4925
4833
1147
5850
2581
8722
5470
1017
3176
7160
5558
2428
6148
2786
2009
4911
2439
8667
1844
5504
3431
4981
4532
1041
3213
3199
4095
3522
8491
5080
2342
7979
5568
1834
8422
8576
3256
1721
6243
4979
4228
6927
2399
2775
1959
2730
2572
1810
6977
531
4945
1951
5518
8903
1331
2383
5952
1014
2774
7130
6762
6276
1036
1394
5801
4290
