item_recommendation
25737
8327
8117
980
8093
7437
7872
7541
1513
3232
647
7613
8253
285
5515
8225
8033
8447
2769
4696
888
7669
741
695
1907
951
3368
4795
535
7914
986
7560
4830
1562
8290
8571
1844
1744
8420
266
8003
7478
858
1523
2374
8183
984
5198
2062
1288
48
731
3152
5410
976
5489
2779
8360
2659
7697
1812
1552
2154
2340
1711
1852
1771
4658
2243
1003
2780
1352
3210
3086
526
1777
3235
4740
626
321
8772
2686
2288
232
2681
733
1336
969
3522
1187
7782
1053
7636
1507
3324
8596
2688
981
4246
472
100
714
1590
1006
5346
4414
3816
3604
990
1161
955
1525
2829
4584
3113
3854
5968
8403
1013
1281
5117
6243
953
6318
2935
1831
1320
2798
6826
5765
4761
1004
2860
3133
2212
3150
8899
2772
2745
861
964
2300
5033
2082
881
3377
4550
5080
4316
745
5597
3869
963
6559
4600
5161
3575
4645
775
6143
4319
1209
101
2609
1026
6154
1794
5008
1535
1017
4101
5662
8743
3632
886
4417
5742
1111
2248
1631
5186
3402
4801
5568
2531
3388
2741
34
8499
2496
840
5768
735
1131
4255
5177
2647
5159
3188
1132
523
4349
1099
966
8070
2407
313
954
2096
1515
4649
1767
7245
2227
2605
7938
2241
4727
1046
8477
869
45
4427
4045
423
912
8859
4680
1980
725
4228
2099
1870
1624
6684
4809
485
6521
3799
3024
785
6207
1446
5312
1819
1060
1746
970
1834
1839
2415
3947
3173
1437
2937
3563
6760
885
2467
15
1076
746
7705
1042
1873
896
6355
474
5715
3420
2752
2799
8522
4625
7878
263
499
7234
6530
742
4987
3218
3357
6365
7979
6902
6751
3871
3852
4642
1030
2976
5588
3194
7038
960
4861
2687
2445
6195
8910
915
1531
3160
828
6918
4290
4312
4524
5218
1358
2775
1639
1215
189
1404
5356
2465
2385
5853
4401
5288
5723
4498
6260
3199
4404
3845
2231
5675
998
420
5672
129
5021
4191
4391
2689
8636
8591
6970
793
1073
3649
5053
3759
1331
872
9012
387
719
5611
2796
8665
8699
6116
1236
2069
2639
1024
3784
5375
5199
3892
4643
3262
929
3159
4888
8661
2880
4098
8207
454
522
1931
2128
1880
3125
4731
2734
6835
6612
1392
3019
743
5236
2832
5017
1957
2334
154
864
8376
1739
2730
502
471
2565
2012
2206
2671
2031
2244
2016
1356
1415
117
3070
3069
1984
3063
3053
121
216
3148
3166
1461
852
1237
2921
2920
2919
2918
1238
1347
1542
2810
1304
290
1861
2889
928
1366
2282
2916
1180
514
7282
5909
2297
458
2967
222
1373
8998
6676
8136
272
1120
8761
4718
1836
186
4638
407
580
3354
2917
31
1394
2275
3875
2462
1688
2793
724
1592
178
1295
1707
1047
1690
3028
1021
6498
6178
1256
3358
6073
2195
8410
194
6927
1971
4612
2002
574
961
1581
422
7263
3996
6630
7407
1032
5641
2877
2494
135
994
2573
4016
2912
8633
3018
4765
697
8235
6862
2570
1822
7748
996
527
1367
1290
3805
1686
6279
7728
6885
1696
2534
2437
5254
2770
4821
1301
4911
3430
6132
1317
2383
592
105
3146
5
4076
4121
1556
3238
5888
5214
7186
5625
274
6748
870
880
5114
892
7976
7831
5055
3081
7802
2669
4563
7995
4111
5443
4262
4803
4033
973
2504
3702
2304
656
8167
6624
2801
6283
5710
7346
6294
3804
378
875
3213
678
5839
6636
8154
2764
2318
6056
1145
324
3709
6744
6446
8768
2197
1125
2186
5655
1816
943
8920
550
5782
2155
2982
3428
7753
492
2283
2427
7171
8574
8879
7649
6963
4577
4782
5850
8268
5936
5427
3860
6718
3281
6000
2642
8542
2582
2983
8385
3292
7786
5134
111
1235
2722
8629
748
6706
1837
1020
4354
962
2546
5752
2003
1665
3926
6774
4634
1012
8709
6620
8684
6121
1419
2139
4636
3035
1580
6225
6658
8819
1057
8914
7254
3285
3656
7160
2817
8892
3417
720
5139
8777
3795
350
4293
2347
2327
5732
4627
5222
4333
4977
5302
5483
4954
5463
4676
5637
5342
4640
4662
1168
9018
1064
6896
7316
461
268
5265
5364
3438
8056
4728
4659
57
5689
4477
479
4399
854
4337
3399
6731
4814
4440
6331
244
4519
2966
7577
4902
6568
2892
1325
2863
802
401
2981
6322
938
1460
3021
5187
3207
5009
1346
2038
7888
5365
1147
804
196
4923
3127
2710
2694
1985
8607
2236
3176
6743
1909
39
7738
2351
1171
3489
5980
4284
4263
6550
1549
8670
5971
1104
5527
1517
7809
4342
7208
2295
1196
2600
2622
2927
4273
1726
2553
276
5264
1018
1428
1508
2475
1582
7757
3753
6436
1464
893
6286
7034
205
2815
747
3920
4532
6234
891
2506
3521
6091
2442
6148
2200
4846
5226
4614
1826
2572
3168
3211
1951
516
1840
923
1041
6892
2342
2925
8977
1333
1482
6062
3843
8781
1901
2440
4168
1008
2284
8827
4673
614
1997
3608
1526
342
3880
1959
4332
7299
2009
7219
8422
1501
3359
5729
709
3547
4338
3960
4184
4197
3723
4268
4274
1293
4291
3976
3991
3450
639
3252
4380
1863
957
4844
8580
965
2956
498
16
155
2668
1009
8576
6832
4029
3730
1474
4569
3101
6617
1380
2652
2425
1365
2219
1969
1410
8984
114
2558
4036
940
3626
3565
3619
3270
2693
380
2271
2089
5243
4437
1799
1330
2120
317
153
1788
5735
3675
1010
5170
8157
1644
7627
1255
2202
2339
5203
5324
1647
1059
2052
5398
5666
5038
288
1636
597
5413
5335
5630
2169
6240
6377
541
3635
3142
3334
1277
4833
2011
6678
2307
7260
2399
2146
3216
5275
7055
5965
4162
1715
2490
2473
2497
4241
4901
1040
7099
1287
6341
6579
2959
3284
2616
1264
3758
8142
7841
4086
3936
2792
1029
1500
5282
218
3051
3831
4546
6404
7211
8638
277
8961
3508
1192
81
5473
7771
6185
7844
7843
