item_recommendation
25737
7872
8327
8571
8093
8117
8447
7541
7697
7914
7613
8253
8360
8225
7437
8033
7560
8056
7669
8385
8070
8420
7636
8290
7802
8998
7478
8183
7649
8522
9018
7728
8003
8235
8167
8403
8154
8477
8684
6748
5159
7394
7782
8661
6365
8961
7738
8743
8589
8207
7186
8670
8772
7976
7407
6178
7938
8008
7753
8751
8654
7705
7234
8819
8665
5909
8879
8499
8899
8596
6826
6918
7624
5723
6728
6624
8859
3368
7932
3232
6559
5264
6579
980
8039
7263
5117
6703
960
4920
8410
7299
8482
2659
4821
7160
7786
5597
6091
8709
6970
6609
8761
4941
7878
3816
8511
7293
6518
6355
8745
5980
8376
8136
8491
6390
6535
3875
4873
8988
8911
4437
4121
7888
7228
6550
8507
8187
7189
5296
4552
7245
7831
4550
4846
6521
8984
6751
6650
8920
8827
7748
7577
6630
6636
5926
8636
8864
6760
5662
6154
7619
6314
2374
5850
8453
6591
5008
3869
8979
6981
6676
3281
5815
7881
6902
8607
3188
6892
8910
6850
5839
4366
5164
6207
8777
6568
8142
5611
5936
4391
7771
3235
5729
8462
8261
7817
8633
7995
7107
4577
6832
7897
5012
5017
2062
6612
7502
4731
7204
659
4923
4761
6073
4432
4782
8807
3324
3127
5515
6920
8781
266
3668
7484
5952
6318
8695
4076
6840
7481
6862
8580
8699
6791
8604
5968
8854
3417
7456
7789
4171
5765
6260
4809
8629
7038
4984
4414
745
1003
6927
3882
6743
7818
7099
6143
8943
695
8689
984
7282
6242
7096
6718
6684
7130
5742
8914
1024
5693
8524
1437
7415
6254
7840
8840
7698
4639
7944
7445
6932
3928
3924
7587
3263
8833
3707
6739
7016
2660
8642
4251
5433
6957
5473
5033
5715
4079
4427
4417
6562
7171
3307
4153
7990
969
953
4936
7487
8451
45
6744
5186
9004
7126
7272
955
7316
6803
8591
8977
5675
9012
6195
3213
5569
6798
5853
5288
5768
7809
8014
840
5291
8810
7757
8239
5329
8675
7894
8903
4885
129
7720
7254
6493
8131
7135
3632
6383
7121
8268
6404
6835
8927
3251
6502
7090
7792
4584
6294
6000
7380
8892
4420
9001
6498
5210
8576
7492
3819
5825
6513
4194
6658
8574
5810
3157
8813
2212
5558
5888
3515
6977
8575
731
4765
965
2647
3714
7892
6203
6530
6446
5046
7180
8768
5449
3163
4404
6536
6116
3693
7311
5568
8484
48
3028
4895
8625
189
7458
8616
7208
5965
6375
6077
4740
966
3377
3795
6695
6162
4801
6565
6426
4188
232
6999
5365
8542
7078
8614
6774
5588
7583
2418
5440
2935
8404
5923
976
5971
2617
4848
5655
7192
8057
4688
6378
4090
7812
3467
3038
7150
8915
3266
7136
3799
7211
4369
7759
8254
8848
7585
8009
7762
3250
7161
3698
5834
263
3207
2897
8871
8609
8044
5699
6509
3587
1408
8387
6762
8583
724
6440
5021
6547
1046
5832
6114
6148
5603
8720
6276
970
6516
2622
3996
5378
2038
3176
5752
6121
4039
5641
7566
6887
4878
6686
4491
4162
2860
5139
3351
8640
6662
4911
1317
8531
7195
647
7142
6966
6724
6047
2780
3584
2300
733
2347
3093
775
492
6985
5795
8157
5801
7826
5521
5226
3256
6885
1907
4914
7115
6348
485
5940
4002
76
6641
6283
5857
6436
2478
7055
4658
954
2394
5585
6811
8366
1288
3492
3997
8727
8808
4666
4020
2941
7584
8950
1824
6415
7044
8526
4692
6370
7845
8948
8908
4811
4292
5900
6768
5193
285
5134
8866
2318
880
1767
8617
7011
3456
3752
2433
8191
7569
526
3608
5625
3428
1870
8530
1187
7820
2144
4840
2799
2340
8392
4135
6721
1844
5282
8638
8194
5304
8865
7089
8169
1336
6400
3871
5809
2981
964
6880
1438
3845
2982
1804
7627
7979
912
5146
5275
101
8600
4108
5873
6132
6031
3702
5732
8700
7346
2704
4394
8228
6021
7841
5398
3489
8857
7444
2073
4876
5942
725
5165
957
6422
3173
2344
6669
8275
5891
1021
5689
4086
3218
8620
4686
2288
2173
1513
8147
7743
4228
5198
4945
5254
6331
6942
753
6534
8121
1352
5410
6615
2331
1012
1810
6140
4792
2605
5323
3394
4901
5787
3560
8882
1531
5945
5038
5141
3964
3660
5413
1006
300
3927
4181
951
7034
2775
3981
2404
1515
2458
5489
6464
6503
6993
1225
4477
3646
6706
3310
6944
8388
656
5203
7260
5080
5666
4375
6896
6408
7315
5710
6782
3804
3194
2824
1562
1367
3334
1744
522
5836
2409
3936
844
5177
6571
6243
4632
7822
4603
7844
7355
7843
6617
7706
6185
1569
5025
998
7386
4241
4033
4177
9010
7250
5600
6816
2621
3420
2631
2415
7958
6940
205
8838
3978
2900
5285
4854
915
15
6954
1466
5882
5703
6961
986
6084
5121
5808
5772
1676
3034
6731
3751
5400
8923
8790
4262
188
7766
2516
4161
8042
4051
5672
6103
858
1212
5312
1581
3284
6470
5102
3540
6442
6858
535
1771
5605
2496
3247
4976
6777
1624
2407
5443
8831
8799
7155
6566
4706
3160
7919
7303
31
1812
4355
1472
1476
5170
1507
962
4178
7764
1047
7198
4440
8422
1862
8612
3761
2434
5122
8712
5097
8525
5840
401
93
8718
3863
3479
3344
3615
4238
8133
3639
3889
4980
7357
1378
2594
4482
4727
864
6827
2696
4450
8722
7051
6416
5363
5243
4024
5581
1523
8672
3113
3379
5466
6800
6877
7354
3653
6298
5735
7012
1517
2167
6341
4605
5101
7334
5684
2581
4312
4104
5670
5696
5686
5685
3957
8835
7309
4929
4300
6963
3497
7235
6856
7325
1342
5373
7063
5401
3491
3499
5056
5034
5796
3654
5003
4994
5746
8123
8785
8610
6852
6851
8921
1617
6732
8371
8828
6432
5826
8197
6105
5847
6060
6754
8949
7419
5055
6286
5745
6964
6367
2371
2513
6107
6584
7069
4987
5214
3503
4844
5462
2688
6234
4066
2236
7020
4736
6237
4861
7702
5690
2640
5667
5577
5700
3825
2154
2769
3758
2366
6953
7177
5530
626
2956
5680
5678
4889
