item_recommendation
25737
8571
7872
7541
8093
7914
8447
8327
7613
7697
8360
7669
980
8070
7437
7636
8253
8056
7560
8033
7407
8225
775
8117
8385
7738
953
8522
5264
6559
8751
955
7802
3869
1523
8183
232
8879
8290
966
8661
1046
8420
960
8154
4584
3281
8003
2062
3368
7753
7705
7478
7728
8235
2212
7938
5159
3232
4391
1744
5473
970
695
984
7394
1003
6318
5611
8684
7299
48
994
8008
1024
5489
4658
6579
8403
7782
2860
4821
526
285
858
5017
266
8410
6365
7293
8477
3420
2227
7649
2374
522
5008
745
969
976
957
45
1816
733
1562
5909
6195
8761
3235
6748
8961
6091
1288
8654
954
8167
8670
1281
4121
1513
1907
2340
6728
6440
472
2173
7186
8819
8977
881
741
840
912
485
5597
7234
4188
626
6892
2772
6207
1812
8745
8910
731
888
6920
6636
5021
5134
4686
2935
2659
4809
1676
4437
8859
951
6143
5210
4162
1057
1777
1590
5723
4984
4782
9018
6521
4901
8827
3804
6624
7619
7484
3324
4081
7748
4920
1209
535
321
8927
2236
4941
5296
6148
2241
6039
7263
1767
6322
1507
8777
2288
1060
8665
2396
1515
5588
1844
6658
1042
8998
1006
5980
647
1531
8709
981
6550
8239
4366
4262
4375
3188
8864
964
196
8699
1053
6669
6826
3668
3596
1352
5164
129
4873
7720
6178
2686
870
7817
1013
8633
8899
5012
5850
1125
3632
1020
3296
880
8604
4936
3845
6751
4414
3213
7316
1771
6609
3751
4632
735
6509
5568
8499
4605
2780
6739
3093
6760
5440
6944
1004
1794
7583
5410
2897
6850
1030
5033
8620
8228
427
2154
828
8392
7840
1016
7809
8187
7841
8207
4761
3113
1026
1145
8589
986
2366
7204
915
5815
7245
2496
5729
990
3268
7211
5772
1624
8743
4765
2668
3608
2605
5787
4696
7099
7195
6294
8596
8169
474
4600
8772
7130
189
2687
8609
1132
100
4304
6276
8854
2506
6355
720
4177
5965
4801
5515
6395
3292
1437
4830
6283
4603
6832
6918
6840
3816
8511
2248
6615
8525
9010
5840
3344
5122
8133
3479
4238
3639
7155
8831
3615
5097
8799
8612
3761
2434
8712
6566
2344
5387
4432
3863
6116
8388
3033
6314
6568
2709
4161
5117
5458
5177
527
6885
2801
5936
7107
7189
5558
2727
8482
6630
1652
4079
961
2775
7757
7011
7979
8865
1295
6404
2981
6999
3882
2398
6536
263
7481
8131
1702
407
5470
4897
3431
2669
7577
4550
7878
3127
2415
2442
2504
6724
1870
8191
6562
5198
7932
3604
7272
4394
7706
7843
7844
6617
7355
6185
3428
5926
8491
2318
2186
101
725
5534
3702
1021
7444
6535
2407
996
4076
4024
2752
3010
4885
7976
8984
6254
6743
3996
7171
4987
8387
4740
5471
2437
4638
963
5498
7786
785
5530
3655
6791
8667
3508
6498
7888
4795
2310
2799
2798
7121
6242
4368
3417
7160
1876
6970
16
916
7831
1019
8451
753
3854
2038
6390
7380
5839
4228
7990
6686
2769
1582
872
2959
861
3210
1032
5248
8376
971
2688
3176
8848
1824
2937
4577
4731
6612
5809
2741
7487
8689
4923
746
6703
2689
2521
1569
15
2609
8136
3875
4837
6676
2925
1516
2793
6591
4417
4316
3522
2346
1187
934
1739
2427
5241
893
2583
5971
2647
1472
1047
1696
1810
8453
4861
1317
5378
5765
8810
6803
4722
3696
2100
3598
3118
705
3506
4019
401
1970
3320
1114
6762
726
4846
6383
6412
5968
8268
1639
3680
5329
3587
3783
6073
4290
2300
5569
1819
659
5693
6000
7022
1331
8044
1476
5803
2467
6643
2982
1393
3125
839
6981
7254
8722
3402
1834
6077
7135
6162
1041
956
4086
6279
1394
6650
2531
6856
5433
5947
5888
786
1012
5832
965
2385
1612
5291
5548
6721
31
4135
4911
8009
4462
1581
6641
5834
5857
6373
7038
3427
288
3534
4666
3438
8614
6977
7415
6493
7759
7789
1641
205
6341
2468
7016
6305
3901
6230
3478
2802
3575
5859
1193
5161
6662
1429
2570
5226
6731
2617
869
5801
6880
2433
4171
7147
2457
6290
2404
6415
4020
2941
7845
6370
4811
6348
4692
4292
8948
7044
3997
8950
8526
5900
3492
8908
7584
7566
2026
656
1329
1040
8642
2660
1500
5413
7381
3795
3024
2827
1131
4051
8643
2438
8903
6056
5065
3895
2902
3752
724
5618
1831
6690
1580
6339
7311
7944
7445
8840
8462
8833
4639
7587
6932
3928
7698
3924
3707
3263
6565
866
5662
4893
4511
3649
5985
2458
2367
2621
2533
1497
737
9001
4756
144
7325
6957
2829
7894
1029
962
4555
3307
7036
7456
6513
6123
5127
2912
6367
1980
5873
4144
8530
761
6974
1161
3351
5312
3503
8781
2069
5193
7208
2436
2004
7222
1657
3207
2476
7096
1525
2352
4933
885
6426
844
5715
2380
218
4404
8574
7881
5233
6522
6582
9004
8730
5703
5952
1253
4101
3900
274
997
2581
2082
2204
2155
550
575
7439
6132
6811
6400
2770
2370
5641
2268
8362
5080
1973
8783
3157
4440
7126
1010
3714
5585
328
2439
2976
5
7995
8507
4925
8039
4844
5053
8261
2402
719
5734
3456
2546
7826
4427
3908
5810
4738
5782
8914
2956
6835
1508
1686
3370
2815
6552
6863
8650
7827
1367
7090
937
5752
2478
5570
1015
2975
4886
651
1173
1504
2003
2900
419
3475
3116
4349
6530
1120
1608
3387
3194
5581
711
5833
2575
2494
1783
5009
1078
4649
3507
864
327
798
968
1482
3258
3964
4389
1602
3408
1382
3676
7792
1788
422
6021
3357
4251
3799
829
6927
998
6966
8157
1996
6298
3081
4033
2440
2985
6516
1008
2418
818
2892
5619
6744
3805
3602
3487
5923
6003
5214
2600
3160
140
4592
3819
1453
5139
1224
1037
2347
6502
4420
4814
999
1798
1992
6223
1031
5825
832
8580
3218
4833
2699
5380
2021
7089
4612
6902
7458
1678
1330
1688
1556
5186
93
4401
5449
1433
4194
721
4552
