item_recommendation
25737
8571
8327
8447
7872
7697
8093
8360
8070
7541
8385
7407
7914
7560
7669
8056
7613
8522
8420
7636
8253
8117
7802
7738
8751
7437
8033
7976
8290
7782
8225
7130
8183
6658
8650
7649
8684
6850
7932
6636
7394
8477
8743
7263
7502
8003
8604
8709
8167
6669
7234
6195
6676
6832
6498
9018
8008
7121
5473
4584
6918
8661
6091
8511
8154
7478
8761
8848
7444
7171
8810
8235
6920
8998
8187
8879
8403
7995
7938
6856
7728
7222
8665
5947
7827
6863
8362
6582
2268
8689
4886
8169
8961
6690
5264
8654
7809
7753
7204
8207
8410
7439
6365
8819
6927
7820
8491
5017
5458
7831
4391
8745
5909
7705
4927
4821
8670
8859
3457
8039
8482
7878
6643
2659
7786
7022
7748
5159
8899
980
7272
4121
6739
8700
8273
8589
4782
4941
4437
3804
5611
7186
8807
8507
6367
7481
8266
966
4168
6721
7352
5296
7958
7347
6728
4936
8499
6877
7881
8633
8864
6650
8730
953
4738
8977
7619
7228
7293
6276
6552
8892
8695
6703
4849
6579
6559
3188
8979
8596
7282
4114
6591
8927
7757
8239
6999
6957
6400
7840
7195
6254
8376
8136
960
6339
6892
4605
6493
3553
5723
3668
3751
8777
8857
955
232
5433
8228
6826
9004
5619
6628
7245
6609
8600
8620
2062
6550
8718
3324
5125
8827
7492
7583
6748
5534
6073
6970
2647
7564
6000
4081
7720
8194
6735
8453
7415
4177
4155
7817
4552
8014
7892
2959
5012
7487
3127
8984
8331
7766
1046
6178
8392
6348
3869
7888
6322
3368
3816
6624
5117
6791
4920
129
6695
7299
8625
5926
8451
4873
7743
7316
5164
5333
647
9010
4135
7343
840
6630
5329
4366
5558
3875
3232
7818
8795
5380
4577
6355
7135
8191
7381
1154
7789
984
7379
6056
2935
6879
5585
3420
4709
7038
7894
1676
4171
3235
4432
8147
8261
6867
5936
8903
6932
8387
8574
6159
189
8914
4359
4923
6314
3441
6077
5729
8675
4809
8044
1437
6565
7095
6162
7577
8840
8833
3417
4639
8462
3263
7587
7698
3707
7944
7445
3924
3928
7987
4188
4079
8575
7456
2660
8772
659
5772
3587
6568
3217
6757
5008
3714
8131
7099
5025
8783
6536
7034
6281
7055
8920
3251
2860
8779
7090
3632
8609
5440
5980
2374
7007
6981
7107
9001
8910
8699
1472
6662
7137
8019
7380
6464
5839
5787
5470
3281
6521
6811
965
8542
3534
7101
6762
8580
7302
970
8607
4550
8642
3970
7126
6724
7990
3207
6869
2617
7826
7624
5875
526
3307
6207
6816
7192
5810
6182
7084
6404
6898
4404
775
7189
427
6751
5857
6154
3377
4262
2236
5210
6840
711
4925
5833
5382
1523
4146
4846
3996
3997
3492
8502
3163
5801
1397
7919
2897
5809
6227
8722
7250
6906
8950
4020
8948
6370
5693
5900
6977
4692
5832
7584
6415
4292
7044
8526
2941
4811
6641
7845
1824
8908
1024
4731
3351
6612
5850
957
3608
626
5478
969
5127
6148
6880
8583
3752
1240
8336
6562
2516
492
2366
4251
4375
2418
8341
387
8009
5873
695
3693
7566
2344
4632
6966
5489
2583
3176
8616
3795
8838
7340
5151
7334
6722
6143
8530
3431
6744
8854
8614
7762
7627
6465
3428
8667
6003
1810
4414
8850
2622
7016
8388
8963
6979
7979
6204
7036
7311
5815
733
1562
6132
7759
3622
6114
3895
6390
7458
6509
4984
5477
5097
3639
8831
7155
3761
4238
2434
5840
8799
8612
3479
3615
8133
3344
8525
5122
6566
8712
6718
5475
7325
8643
6684
3863
6513
4161
4487
8880
4427
6885
7934
3515
6743
6535
4076
6166
3540
1535
5888
3157
2394
5991
2404
7096
4686
7951
7897
8865
2433
5378
4658
4603
5128
5165
3810
7448
4194
3702
5825
4024
5530
7362
994
7484
2173
3882
4162
7011
4690
1057
7792
7936
6990
45
5096
266
485
2799
761
76
5134
5291
2367
5965
3643
656
4911
1569
1744
7142
1590
4945
5834
522
1907
954
6032
3920
2981
2212
5449
1288
4895
7160
3900
5065
5410
6237
4066
6798
6989
6218
3394
83
5372
7178
6303
6440
3093
6547
6170
8821
3655
6431
912
6016
3256
4073
6383
8943
1476
6711
2457
4203
5569
6564
2437
3951
8866
7700
3438
5046
6777
8629
6021
3478
1352
8871
3456
5226
6803
6298
5560
4928
6140
15
6395
6686
7834
1193
5601
6247
2145
5788
2340
7223
7787
3508
1453
2900
2997
8725
4855
8121
5971
2300
3685
4515
1613
5581
4205
4306
4290
5570
6731
8636
8404
5942
8254
2709
4848
4090
8057
7812
4688
8813
6378
3038
8915
7150
3266
3467
7136
2406
5588
1209
7285
7615
2758
7774
6318
6186
7895
8524
5413
3560
1276
1253
3033
3370
48
6530
2788
745
7585
6269
2415
3439
4801
8537
5527
4039
1408
2605
2318
6412
8617
915
5521
5033
5765
3698
4555
4544
4818
5404
4321
4406
4600
5388
285
3129
5923
7110
6940
6516
2253
3250
7161
144
6211
5597
6874
4491
93
8727
2704
4914
8656
6518
1120
6942
321
4837
6822
4153
6760
5603
4369
4117
8484
8923
1923
4270
2772
1016
472
101
1224
5168
7211
741
4592
6993
3258
4896
407
6964
6958
4051
7010
5141
3845
5917
1281
2144
3653
5071
2328
7177
6230
8459
6419
2402
2396
2038
6765
263
1340
5170
3409
2478
1173
1641
2021
6985
2802
6458
2780
3034
1812
6290
6974
4696
1876
3218
6084
1220
7265
1771
4684
619
4861
4720
3660
2310
7323
881
8954
5099
3268
2621
5021
1004
4901
7832
1029
8873
8790
4002
4761
8835
7773
1393
5963
1020
7208
8781
2624
8768
3115
5202
5968
6954
2819
8422
4394
1515
4178
2219
7303
835
2073
5633
8711
4302
5182
2331
1125
4378
1798
1380
6426
6040
1187
5387
3213
4482
8823
4169
2942
976
6713
4987
6242
3247
8870
2154
7078
6480
3028
1983
8464
7180
1531
3427
724
4681
8724
1279
650
8765
3316
4417
753
6446
2401
3503
6283
4638
6772
7946
6857
1003
3819
3292
