item_recommendation
25737
7872
8327
8571
8093
8447
7697
7914
7541
8360
8117
7613
8070
7669
8056
8033
8253
8225
7437
8420
8385
7802
7560
7636
8290
8522
8684
7649
8235
8167
8477
7407
9018
8751
8003
7394
8183
7738
8661
8154
8008
8403
7728
6365
980
8745
5264
7478
4584
7976
7753
7782
5159
7932
8879
8961
7705
8819
960
8670
7938
5909
6579
7186
6748
4121
4920
8998
8039
5980
3869
3368
8410
8654
7293
5611
8511
6178
4391
7840
6559
6624
8977
5017
955
953
8589
6650
8207
8187
4821
6636
8761
5723
232
7263
5473
966
6658
8665
6091
8743
3232
8859
6728
8482
7748
6920
7130
6195
7817
8864
8772
7234
6143
6550
6826
7995
6892
6918
3281
8633
7299
4437
5296
8499
8709
6609
8927
984
4873
4782
3668
7577
7786
2062
4936
1046
7481
8491
2659
8810
6999
7228
7160
4941
6276
5164
775
6739
6676
6850
8604
8827
5012
6355
6832
3816
6207
1024
8596
4188
7204
4984
7121
8191
3188
4552
7888
6390
6669
7456
5210
1744
6254
7619
4846
7195
5117
7107
8239
8699
7316
695
8777
2212
5926
8910
2374
7878
2935
6791
7099
2860
3420
8730
8984
4366
954
7016
6521
7484
266
7757
5008
8848
8979
5815
6509
7487
8507
5850
7720
3235
48
7245
6591
6630
970
7789
1523
4809
526
912
45
6568
7135
745
6957
7171
6535
8169
6498
8695
8451
8854
8914
7831
5558
3804
6536
4686
8609
5433
6724
3324
3632
5534
6000
6314
5597
4414
8261
6927
7502
7444
1003
5440
8629
733
7189
4432
8131
7583
4162
8892
4632
5936
840
4605
5329
7897
4081
6562
8903
2173
7381
7272
8899
1907
3213
8228
6970
7380
1676
8014
7038
7826
3163
6440
7354
5839
6703
7458
8392
6981
7990
4577
3845
8376
8136
6493
6721
8616
522
976
965
8807
5458
6426
3875
8574
5046
1352
4161
3417
8453
285
4375
969
8607
7250
8783
2340
2344
3127
6643
5888
4925
5127
4177
7055
8620
6116
5033
6140
957
4135
5729
6743
8675
6811
1437
5693
2897
3751
6856
6612
5291
4603
6322
7090
6502
7492
4076
1816
5765
472
2605
189
6318
6242
4658
5141
5787
5489
7771
3895
7415
8813
4848
8388
4194
9010
6885
2236
7439
6565
5833
711
6762
5521
4761
5662
8044
5772
3176
3863
5378
8625
7820
7881
5122
8712
5840
8831
6566
4238
3479
8525
8133
3615
8799
2434
7155
5097
8612
3344
3639
3761
4171
8636
6077
485
6662
659
6294
2709
4079
731
8650
6684
4765
6162
1288
4550
3033
6383
7254
5134
5947
994
8614
7585
3515
1408
8722
6862
8009
2433
5832
1767
7192
3698
4394
6977
5809
8866
6751
626
3467
8057
7150
3038
8915
7812
6378
4688
4090
3266
7142
8871
5387
7222
3622
7136
129
6582
7011
951
8254
5569
6021
1193
5825
2367
880
7211
858
2288
7566
6132
8484
888
6877
7034
8700
7627
3996
4417
7892
7759
7161
8643
8362
2268
5568
3608
4321
6073
2704
6348
4024
2647
3431
4039
5923
1824
3997
7584
5801
6880
8387
8781
3250
8575
8865
6404
8718
3492
4692
8526
6641
8948
8950
7044
8908
2941
4811
6370
5900
6415
4292
7845
4020
6446
741
1057
1590
2660
9004
6203
3882
2506
8194
8524
3207
4639
7944
7698
3707
6932
7587
3928
3263
3924
8833
8840
8462
7445
964
8617
4491
5857
3752
7303
1562
4369
7827
6863
1531
8531
8583
1844
4886
3655
3587
3320
6339
2772
263
3819
196
2396
5603
2981
1281
4666
1317
4923
2346
881
7624
5942
753
8689
2310
8642
7762
1472
5873
7096
5470
6039
2457
4987
5588
8404
3795
6940
2366
321
4901
5619
6690
8600
7126
5971
6367
8727
3093
1569
8530
5125
7792
6760
4482
8667
8157
1812
8943
3534
3646
5703
5025
4837
3478
6686
2038
3307
3310
6695
4262
1209
3296
4002
8808
4731
4229
6902
6966
6785
5021
3714
2144
8542
9001
4849
1145
3438
6954
5810
6840
6816
5968
4840
8422
4600
761
6148
4251
6516
870
5065
5193
2617
6283
2404
6530
7766
915
2407
4885
4738
2227
6718
720
6803
3157
7311
6757
6230
816
4146
2241
1042
6879
4404
5146
3351
2318
5304
990
6798
1771
7325
4911
2073
3428
724
7809
3596
872
1476
3247
4181
4555
6731
1507
7115
2594
2418
7022
2583
8341
7569
6735
3981
7822
3660
3251
4427
1004
4638
1876
188
2788
1029
3427
2331
6942
647
2437
2622
5570
4801
6744
3457
492
1020
4420
1581
2780
2631
6400
6713
3292
1013
6031
4878
1515
300
828
427
2997
1125
6123
8790
3693
8580
3653
6944
2427
1612
3113
2959
971
6503
5965
4854
3268
3978
2775
7110
3643
5530
2516
6974
4740
535
5449
4304
3810
1211
3028
6329
3508
8768
2478
6436
5618
6615
2668
328
3560
1016
15
7208
2409
5952
3799
7147
4228
6114
401
3258
6646
4306
2167
3503
4000
4178
101
1777
100
1019
7841
3710
5581
2799
3379
2370
8857
6056
6961
1212
6547
2496
2415
1804
8797
7894
5585
1336
5715
2436
656
6552
76
6953
2801
7177
6995
3377
1810
1060
93
8640
6154
4861
725
4153
2394
5812
2900
4051
685
1686
1030
6298
1466
2686
6964
4592
4792
4168
2021
7926
4086
1438
5655
5165
735
5834
1624
1006
7089
3456
1513
1580
5186
5882
6290
1040
5096
4814
531
7372
7282
6027
7036
5600
6223
916
2400
2004
5734
737
5742
2802
4108
5151
5241
5380
2154
2577
1224
575
4927
6084
2752
5859
3540
1378
31
844
1295
1303
7936
5752
1021
4895
5699
2581
5478
2925
4407
6107
5168
6260
5102
3702
2824
5641
7979
6375
3129
1253
1173
7212
4560
8142
6121
527
4290
4066
5945
2214
1641
2782
5471
4355
6898
678
3553
8132
2624
2621
835
3010
1862
5121
7078
3602
5214
1380
2402
5853
981
5498
4270
3173
2368
4722
7616
6157
5628
5248
1702
1640
7347
986
1120
961
3190
619
3975
996
7743
5080
