item_recommendation
25737
8327
7872
8571
7541
8093
8447
8117
7613
7437
7697
7914
8290
8225
8360
7669
8253
7560
8033
8183
7649
8070
7636
8420
6918
7407
8403
8003
7802
8125
8056
7782
8154
8385
8477
8522
7478
7728
5159
8772
8207
8743
8684
8596
7976
8235
7738
8039
8661
8167
8998
7938
8499
5723
6365
7878
5980
7186
5264
6178
8410
7753
8961
8879
3232
980
8899
8589
8665
8670
6154
5515
6970
7394
7705
7245
8859
6609
5662
7204
8819
8761
7771
7234
6073
7817
6826
8654
6091
5909
6579
5597
7293
6902
6728
8709
7748
5765
7932
9018
7831
4821
7766
7786
2659
7888
7502
8699
6355
4920
8636
6493
7991
5186
8376
8136
8777
5742
7263
3875
5008
6676
960
6559
4584
7619
8751
5715
4550
6684
6751
3368
5729
6624
5117
5288
4941
7577
6260
8633
5768
8629
8580
6760
3816
5853
5936
3235
6658
8591
9012
6521
8482
4437
4873
6718
4076
5839
7299
4366
5675
4761
6630
3324
6748
7250
6195
7995
4731
5296
6744
5611
775
7757
5815
5410
6314
6294
5968
1513
8187
4809
8131
8008
1003
8984
7809
8451
8607
6436
7822
4121
8807
8864
6850
8914
5655
7354
7767
6464
6636
7099
6835
6121
8910
7282
6591
6550
7228
8239
7481
3281
984
6803
8927
6498
1024
8768
6513
4740
6547
745
8261
8542
4577
8142
7078
4153
7160
6832
7272
8720
6530
8524
659
7254
7820
840
8943
1907
4782
4923
4171
5693
8695
7171
266
5177
8827
3093
4765
8977
8574
5926
969
5254
858
8511
3188
7881
3127
2374
731
3417
6862
5888
7107
8507
8491
8157
6509
7487
6568
3819
8462
7121
695
129
5699
7096
6404
6892
6207
5291
5825
5689
8604
6375
8422
3668
4427
7316
7789
5033
8228
4262
4079
7415
2062
6276
6143
6695
7038
724
8642
7897
965
4414
8903
4840
3608
4420
6739
955
1812
5282
5850
1437
8848
7130
4432
6612
5440
8609
4984
4251
3377
2236
733
1515
7034
741
6047
9001
6798
2300
6791
526
7990
8920
2647
6887
6077
6318
7445
3928
7698
3924
3707
4639
3263
5139
5666
8366
3307
6932
5164
8833
8840
7587
7944
7894
1870
4936
3587
8387
6706
2660
5365
5641
7208
5193
5772
3632
3882
5275
5443
8453
2318
6140
8638
7627
401
2935
8392
3334
6999
7260
8979
5433
953
5625
6703
5285
8640
5210
5198
6000
5038
8147
9004
6800
3936
5752
6408
6223
4241
6254
8781
1523
45
5473
5398
4552
4188
8892
8865
3284
986
5795
4658
7792
5312
6390
6331
6283
7826
8745
6422
5836
2340
6383
3251
3489
232
2956
5012
6985
966
7456
6731
2605
1744
7110
7583
6650
4895
7419
5808
189
6446
8576
8484
4801
1317
6535
7484
8689
3028
647
7720
4404
8620
6896
4727
285
6774
4795
5710
5787
915
5125
2173
7126
5891
6533
7380
1288
7135
6885
7840
6114
1352
4600
8882
4878
5161
1771
5323
2617
7189
5940
8275
8675
2344
5834
2780
8191
6662
2347
7492
101
3207
6021
6920
4162
6678
8169
2696
4846
1569
5801
951
4440
4632
48
3869
5170
5684
5466
4312
5732
1777
5046
5672
3996
6762
4686
5226
3194
8625
3702
6768
3173
2513
6963
2769
6400
1187
2241
8838
2288
8810
6957
5604
5363
1507
3113
6132
6562
4976
2227
263
6995
6341
7346
1019
5810
6584
6840
5134
6977
2982
6148
6641
7198
5832
7357
2212
4861
6440
3176
5923
3804
880
7453
5021
2433
3428
7444
4135
2799
4450
4911
976
8616
4417
6279
3714
6536
5489
9010
3799
6286
5857
8009
8854
5413
8388
6116
6516
3693
8044
2801
3256
8614
1021
4967
1145
5952
2860
2404
5588
7195
626
3795
6454
1767
3997
970
4321
1046
6348
1580
5735
6811
7919
5462
5558
2897
7192
864
3611
8835
4477
6242
964
5826
7791
8197
7017
7309
6851
4994
6732
5847
7235
6432
8785
4104
6754
5796
5517
8610
5670
5577
3825
7063
8582
6852
5002
7947
8828
8921
4300
8985
4929
8955
3497
8949
5056
5003
8966
3957
8672
1617
3499
3654
5034
2496
8121
990
8813
7584
7177
7303
7055
5329
1531
1590
7180
7327
5304
5085
5400
6974
2824
8123
7153
7702
6342
5700
5746
5685
5686
5680
6060
5696
5373
5667
6105
5401
5678
5690
8371
5736
5203
8158
8954
954
8823
3584
6470
2184
6645
7979
865
2798
4832
4677
4889
5001
8423
3491
5004
492
4428
6713
7011
8948
8808
7892
6880
2941
3238
4999
2688
4020
5900
7764
7012
5572
5243
4945
4391
2640
8372
1824
8872
8130
8138
3492
725
4834
3758
4914
3241
4375
7311
5055
7016
4811
4292
7845
4692
8526
7044
8950
6035
3646
3096
6370
6415
8908
1562
4638
7566
3218
6981
3752
3351
6953
6686
4177
2961
8014
6162
5378
4263
4016
4980
4105
1367
5521
2407
3515
1517
5387
6827
7212
1330
7115
5873
3213
8923
1624
2686
6757
8268
3845
8722
3163
5458
5165
8790
2418
1060
8583
4830
912
485
1805
1192
6203
4194
1676
6966
2622
1816
7458
15
6395
6296
5017
7759
6062
3889
3604
3344
8525
5097
5122
3639
3761
5840
2434
8612
7155
8799
6566
4238
3615
2231
5585
3359
321
5449
2912
5809
4885
522
5568
5569
3420
1476
2415
3863
5965
7211
5080
7585
2478
998
8700
5146
8712
8133
8831
3479
218
656
5504
7219
4161
3034
6822
8866
4306
3851
3751
3456
7136
1336
6003
2394
1006
4490
2687
1004
2609
6571
8530
720
535
7150
8915
6378
3038
8057
7812
3467
6669
6426
2038
5151
5553
8667
4680
4848
4603
4024
5470
8254
4696
947
390
7743
3402
2772
3010
3495
2981
4876
4394
4033
3656
3250
4688
4090
3266
6927
735
7095
2516
7349
4532
4605
7818
2730
3698
5581
8600
4316
1472
2548
6322
6031
2937
6232
2775
2004
6103
1819
5703
2704
888
962
1508
6093
3860
4369
472
6565
1012
5419
1408
4756
1844
6273
3292
3560
957
6243
93
7036
3655
994
872
7161
886
