item_recommendation
25737
8093
7872
8571
8327
8447
7541
8117
7697
7613
8070
8360
7914
8385
8253
7560
7669
980
8225
7437
8420
8522
8183
8056
7636
8033
8290
8477
8751
7802
8008
8661
7738
8684
5909
8003
8154
960
8207
7649
8235
7478
8819
8670
7186
6365
8654
775
7753
5264
955
7728
1523
953
7938
984
8167
7782
7976
8761
5296
8403
3869
8961
5159
7407
8879
7705
6728
8709
8998
1024
3368
695
3232
4821
6579
7394
8499
4873
4391
1046
8410
7234
969
8187
232
2062
8743
8589
1744
5017
266
5164
7817
966
733
7293
5008
8604
2374
745
5558
6521
6748
285
8981
6355
7786
3281
3235
2659
48
9018
8665
5765
1003
2212
6091
8899
8745
7789
8482
976
5723
3587
8596
7932
6624
6892
1907
7272
526
7577
6826
472
8772
5117
6591
8859
6970
2860
6195
4437
4414
6791
6348
3324
951
626
858
5611
8507
6550
7995
6178
4809
8848
5839
7299
8777
840
8261
7990
7245
6568
5926
7380
954
6077
5936
3996
5515
2340
3668
1352
7099
321
45
1281
1288
8854
8453
2227
3188
4432
4584
6143
6535
6254
7619
6920
4920
4600
7107
1515
4941
8376
8136
2935
1590
8977
6977
8039
6559
7135
1562
6630
912
970
7831
881
6918
4984
8984
5410
1824
6850
189
4782
2686
6390
4121
5693
7415
6314
5772
1812
6609
7282
3875
8864
4550
5597
6658
6762
647
6641
2912
1507
8044
8633
4761
6318
3816
6440
7204
7121
981
7888
7263
5801
4188
964
5857
129
6739
4658
3127
2288
2300
7748
1870
5729
4079
6395
5815
2241
5440
5980
100
1006
3882
957
6073
522
7881
994
7316
2173
7484
7016
1767
4945
7487
1676
5832
4020
4811
7584
8526
3492
4692
7044
8950
3997
8908
6415
5900
7845
8948
4292
2941
6370
4936
6636
7566
407
5971
7481
6154
7757
4162
6493
1004
731
3417
8009
2780
4638
4417
8699
4366
8239
1513
3752
3604
1771
8807
5809
5134
6502
6676
6116
1020
3113
3632
915
6000
5825
4262
8903
2415
5378
2605
6703
535
1844
990
101
6612
485
8131
6885
5473
5012
8491
9010
8511
735
1476
8689
5489
1777
5787
2344
7979
888
880
2769
2366
7311
5742
741
1057
7840
5329
8530
8614
5968
6957
7096
8462
3176
6880
6562
7759
8451
2186
8927
6207
2647
1026
6932
5226
961
7211
4171
1531
4801
986
3213
1437
5888
1060
263
8642
8827
6383
1209
3608
7894
6999
8191
4076
3420
3377
4923
5588
2660
659
1013
5033
5470
6840
9001
3845
196
7228
1187
3508
3307
5198
8600
3263
7944
8840
8833
7587
7698
3928
3924
3707
4639
7445
7878
870
1021
4228
4577
996
965
3210
7492
3819
1639
4427
5834
6211
1047
6798
3560
8636
7195
3370
4731
4911
6751
8675
7189
6536
3795
2609
7038
8892
1019
4846
8629
8392
4696
5873
7809
8781
3207
6832
4404
2496
8914
5291
7115
7254
2772
1794
4161
9004
8609
5
8722
2236
5662
2798
3428
3702
1042
2752
5114
1581
1497
725
2396
1295
5850
8910
5177
7792
1525
1580
8268
2409
6966
6243
4987
2688
4246
5312
3693
5843
6260
7208
1516
963
6322
2433
6242
5210
2799
8920
2437
1125
8121
5193
7130
2506
6498
5352
8607
6027
6695
7160
1394
4686
1145
6760
2981
2407
3292
724
8404
7444
2038
3854
5810
6777
288
2004
7078
2513
7583
1816
6148
8142
1030
828
1012
6662
7720
8574
1132
5186
1053
8387
31
3507
3093
523
1016
5139
4740
5689
2418
2669
2741
6803
474
6530
2516
3238
2442
962
427
7897
6650
1504
4290
2937
6684
6446
7126
3863
2404
8943
5458
8730
872
4901
8979
4251
8695
2801
1876
7090
8542
4407
8228
1819
720
7771
3714
2478
4153
3804
4375
8169
4895
8795
3251
7171
8620
5768
8612
8133
3479
3615
5840
7155
3761
8712
8525
5122
8799
2434
4632
5097
4238
6566
8831
3344
3639
3503
1029
8580
2617
6279
2668
5882
4349
7818
8640
2427
3163
8865
5179
4914
6744
2159
1120
6021
1147
2982
3157
6686
1624
916
4394
8388
527
2621
5046
3434
2394
5021
15
7743
1211
2346
2248
3871
2829
2709
2900
5080
6718
6404
401
6123
6731
6509
3033
8366
6862
8132
5752
3081
218
6981
140
1500
3351
4649
2687
3268
2385
492
886
4605
4765
2897
5707
144
5413
4177
6835
6513
5819
8810
2531
6811
2730
5808
1834
8524
1508
7624
1529
5556
5269
5784
5699
93
5449
8616
8783
2367
2318
5433
7340
5443
1317
6329
5398
7260
5038
4241
3936
6132
4830
7059
6996
5923
6856
4795
5585
3522
4844
3456
8575
8583
5288
9012
8591
5675
5715
5853
4925
6902
6276
785
7892
4603
2154
1135
8857
4270
3575
7381
1438
6408
3431
2793
3751
5254
1010
726
6816
8768
328
2622
7011
1331
6565
1631
2347
3805
3799
1686
1973
4666
6785
5666
7089
3334
1419
6985
5282
5521
5498
7841
6669
3402
4316
1017
4727
8019
4024
2764
1111
6223
5534
274
8650
2352
4933
4440
4552
1040
1336
6659
8667
8544
4088
4033
1367
4101
4663
7020
3489
3218
2961
3649
1236
1970
2704
6974
1810
6203
6690
5168
5747
2548
3655
3622
5170
6896
7036
7958
2533
5365
7056
8484
3160
2331
4051
5182
3913
1041
7456
4837
968
2779
7250
7055
3843
5208
1535
2438
8157
16
3024
2696
1739
1100
4592
6230
1193
1980
3199
2966
6140
6768
4848
5569
5303
4893
1114
714
7585
3086
988
3387
2689
656
2583
753
7502
6051
8672
3978
4885
4066
6162
4861
5940
3895
1131
3394
711
5833
5641
6186
8194
6473
1032
2802
5127
864
6807
6786
6047
1702
4002
5872
5214
3786
893
2003
7826
719
6757
6547
7147
1429
8720
3540
6298
7136
1517
7569
1224
7458
2624
8617
188
5581
7192
4876
4511
5568
5285
7919
3515
8866
4273
6294
999
7101
7812
7150
8813
6378
8915
4090
3038
8057
4688
3266
3467
3908
3709
4814
521
