item_recommendation
25737
8093
8571
7872
7697
8327
8253
980
7437
8117
3232
8360
1523
8033
8447
647
129
285
8477
7541
1513
5410
1744
526
7802
7560
8225
7636
407
8420
8070
3235
775
5597
7914
266
1562
321
7613
5489
1711
8385
100
695
2212
5159
2227
4696
1003
140
955
232
5515
5033
535
8290
888
3368
48
1352
1907
4782
953
4658
8056
4577
1816
8235
793
472
1767
741
1046
1120
5198
1024
1145
1552
522
1590
45
6365
401
1288
8819
2243
4830
840
960
996
8167
1535
8684
7976
2659
733
7995
1111
2288
966
523
828
7669
2340
3133
8661
969
1507
1844
951
858
4262
626
4550
7782
2062
1639
4121
3869
7234
1525
2745
984
3854
981
7938
8183
986
4414
5498
1281
2935
7738
4316
745
8899
3213
3816
990
8499
2686
8522
1777
9018
4600
7407
8709
6728
6826
5909
4246
1404
1707
2374
3150
8654
3086
4634
1187
5588
2605
963
8743
7932
1437
1812
7228
8859
4391
1060
263
1320
427
121
3522
474
1794
1006
4417
3238
735
1099
5296
3210
870
4795
3324
2241
714
970
994
3845
314
6143
4731
2860
2300
4941
101
387
1771
3575
7130
954
8772
7186
6318
6498
881
6091
4515
7263
3152
2769
2531
2681
725
4727
3871
2752
4638
5611
1073
31
1053
731
1331
4649
5222
718
3113
7649
2688
527
8207
1057
2496
422
7753
328
6195
1013
656
659
2504
6243
798
4801
4524
1515
2689
1631
4605
1125
4079
8670
2248
5117
4740
423
8596
1131
1726
2779
341
8751
7394
4051
964
3281
1004
3604
7478
886
8403
2200
1472
2741
6521
2236
1880
3996
1135
3188
1196
5017
6658
8039
2772
957
2128
6918
1026
5264
8003
8410
1132
485
2415
8187
885
1819
6676
2780
5723
8511
1891
6056
4923
7099
1021
5177
861
1476
4342
4659
7728
2937
5
7121
912
2798
4612
3354
189
4821
196
550
2159
454
2647
1041
8761
6559
1531
8827
1076
3127
1020
6000
6970
6073
5161
6178
2445
8810
5114
4645
300
4162
1209
4761
5483
4404
724
4920
2442
7245
1030
218
34
8376
8136
2829
4349
8961
205
8482
3875
7705
268
4728
2565
3632
5850
1624
1017
3420
2815
4902
4333
5302
4977
5637
4640
4636
4676
5463
4954
4662
5427
5342
5164
4033
4627
520
5662
8665
561
4673
5329
7979
6892
839
5968
5265
5236
5364
4519
1702
1839
272
1696
869
5473
2462
5433
1549
6609
1171
1592
3702
6612
678
4366
742
880
1957
5839
4290
1059
2016
3070
3148
2206
2031
1984
1461
2012
3063
1861
1542
3069
1347
3053
2671
1356
1304
1366
2282
2810
2889
2244
1238
1237
2916
2918
2919
2920
1180
1415
2921
3166
502
852
290
928
216
117
471
514
458
2297
3019
3804
6832
2967
808
8607
194
4166
178
1788
1212
4194
6856
2799
2734
1168
2154
2609
1392
5521
6748
2002
1295
5936
2877
2917
3163
3377
2687
720
1256
2669
2642
2793
6116
1870
804
1373
854
3920
1047
2275
1325
778
498
7817
4614
3285
5952
6568
1410
2304
2219
6579
7204
7299
1971
4171
8695
5765
1657
1215
3021
5815
1359
7107
4552
16
6355
2730
6322
1580
2982
2318
496
1453
2832
2981
1970
574
3456
1582
5585
976
1739
5801
1292
2493
2013
2468
1840
4432
420
1287
1394
499
915
615
3018
222
5134
2003
2327
2704
6850
6636
4458
1255
592
28
8636
4809
8625
7171
3081
4680
461
405
1346
1161
7897
2203
3843
6154
8589
1831
3160
3194
2976
8943
8807
7809
7831
746
1931
1367
2912
135
193
1783
2385
8979
342
4511
1644
7282
7619
4427
6140
3168
709
5980
6077
3428
5146
2195
186
916
8892
8484
805
1009
4840
488
479
3388
7748
6739
2794
1866
5527
3146
1581
1837
1969
6162
2082
3176
7577
2011
5025
802
6669
4437
4844
6132
2186
5947
6294
872
6314
2770
3668
5715
4255
5282
5971
614
7487
7415
8650
7293
2892
2567
1779
597
1715
519
7272
7038
2761
6513
541
4263
6977
6896
2439
8616
7888
4625
7878
1836
1824
483
4076
1508
6550
1225
1667
2494
105
6562
1500
3351
5080
961
4251
1042
1497
1032
1012
303
3515
8642
3011
7826
7990
480
144
2149
3928
7445
3924
7698
7587
3417
4639
7944
8840
8833
6932
7786
8462
3263
3707
1277
5008
1852
1821
2465
5768
153
7311
2660
4332
3563
81
5069
302
4901
6920
737
3430
2427
5346
9001
3250
5464
4771
1393
482
6760
1569
5319
8524
3268
5729
1264
3799
5186
1272
8633
3675
5288
2499
8154
3399
3805
5888
1721
529
6166
324
1688
1641
8600
1336
7492
2407
7160
5926
15
171
2283
3574
4284
5312
2617
1980
6404
289
4848
2139
1236
2379
2722
10
1791
7380
6751
1419
7458
1274
1517
3199
9004
3028
7016
1361
848
7566
8507
7222
6880
8879
6641
8526
6415
6762
5693
7044
7584
6370
6348
5900
7845
5832
8044
2941
4811
5558
3997
8908
3492
4020
8950
4292
4692
8948
1665
6630
3723
2067
4748
3292
2307
3066
2366
1940
1799
491
6690
2775
3752
2237
8194
8915
7812
4090
7840
5046
7192
7150
3266
6378
4688
8057
3038
8813
1921
3467
3251
8009
8008
8254
7136
4066
8614
3508
5857
3129
6816
1441
8866
8604
4886
2268
6863
8362
6582
7827
3216
8675
2214
849
1504
2766
3357
8268
1431
1147
938
3698
1608
1358
1253
6774
6798
202
2533
1055
2927
3751
2342
1466
2674
4803
5053
3015
6390
6223
3247
1901
1501
4584
4703
5810
893
4399
4987
6276
2497
7892
8617
7881
6902
3489
2966
5182
6803
2371
3307
8261
8871
6591
4135
818
7444
8903
6021
708
6684
7585
4873
719
4936
244
4039
8531
4774
6367
4945
57
2570
2386
1686
5603
1019
5372
1408
7481
2437
568
3649
1380
7820
3975
5440
6440
177
215
4197
7161
276
7073
5458
4191
