item_recommendation
25737
7872
7541
775
8327
8571
8117
8183
7697
8225
8093
8360
731
1003
980
1513
1507
8403
7560
8290
8447
7613
7782
5515
1515
6154
8596
8899
5159
7437
733
5742
8772
7669
741
6073
745
6260
8207
8743
8033
6970
7728
5662
5723
1870
8499
7878
2686
5765
5186
5288
4550
8636
5768
5853
5675
5715
986
8591
6902
9012
8376
8136
724
1777
984
2769
401
5410
626
3875
960
5597
976
5008
735
8998
8154
1812
8580
7914
968
8253
1739
8859
7636
6091
6918
1021
5282
7649
7938
8003
5729
990
6178
4941
1523
2688
5275
1624
2605
893
2937
5198
4740
2659
7478
1771
2798
8720
2982
5312
858
746
4153
1006
2186
1053
5323
2687
3232
4731
864
5689
1501
1819
1046
6751
1026
725
5666
2892
915
885
7245
869
963
720
7831
1525
2227
719
1508
1057
5038
5177
2741
828
1744
5808
4440
2300
6835
7234
4076
2668
1688
1030
1317
3489
748
2347
2801
8777
951
1060
5365
1020
1907
742
3334
947
5710
6355
4923
695
8410
969
3235
5641
5398
4241
6121
8420
526
5834
6493
3238
3188
7260
6294
3936
1831
1042
5254
743
8848
2183
1004
1497
105
2956
1288
964
5655
6760
4727
2651
6408
2385
888
7204
4437
6547
2815
218
5139
2120
6498
1750
750
7254
5443
2546
7171
6513
6103
1187
535
8699
5752
1504
8661
101
3417
8629
4366
48
6404
2696
5672
726
6985
1059
2441
1147
5732
8142
2513
1500
7822
6774
1008
2983
2582
8147
8943
129
5936
6579
5363
4312
5699
6436
3307
8961
8607
7771
6684
4263
2415
4795
4765
1192
3584
5968
798
4404
8807
656
961
2772
5815
4801
3324
647
7419
998
4980
6803
5170
5735
1437
6896
6800
6464
8768
5055
2496
3292
6718
786
981
2976
7919
2770
6331
6047
4420
5684
4976
2764
4079
5839
4821
5466
1111
955
8524
3758
5462
1037
3388
8275
5940
8542
4095
8835
189
3819
8462
5625
802
4016
6645
2184
865
1690
266
2780
5572
6035
1047
3500
7888
4834
5700
5690
8672
7063
6341
7198
5686
3497
5685
6732
7346
6060
4300
5680
8949
5795
8123
4889
6887
4677
7017
5796
5034
5847
3654
6584
6706
8366
3957
5285
7078
8838
8921
5826
6676
1617
5670
7309
5678
6375
5696
4832
7702
5736
7235
7357
7947
5746
8882
5056
6422
4450
8197
6851
7153
5401
5400
3284
6963
5836
6105
8610
4994
8828
6754
8371
6432
6342
4477
8785
4929
6852
4104
5003
8872
2799
2473
6826
3889
2440
205
1104
659
7012
6768
474
7881
4171
5243
3499
8955
5577
8130
8966
8158
5001
5004
5002
8985
3611
8582
5517
3491
8423
8640
7791
8372
3825
5667
5373
8138
2640
2202
4428
6728
1014
2654
6314
8879
4999
2383
8665
2829
1017
3241
5085
1852
3096
3816
4600
3408
2534
2832
6225
6232
3851
875
7786
3495
6533
7802
4105
938
6827
5419
6470
931
3656
7263
5611
1429
3173
2118
6286
1580
8522
6296
2478
5203
3160
2730
1836
3880
4878
4996
8920
4833
1040
5218
1010
3522
4873
6630
285
2288
4979
7186
2660
1346
3359
7944
7698
6932
3263
8833
3924
4639
3707
7587
3928
8840
7445
7407
4736
6530
5772
6368
8042
4490
4577
3127
8642
5135
1980
9001
2548
4532
4273
4284
833
1822
2774
1084
3081
2993
1078
8638
2912
3368
5693
4645
8709
4967
1805
3377
5053
1032
4584
4680
2572
6612
5518
1767
5504
1148
937
5418
762
3051
4625
2236
3456
2966
2981
461
4380
1502
3668
870
4984
1636
2617
2835
1472
9004
3604
3194
8261
3753
718
5193
2342
4251
5891
1438
6678
313
953
788
2428
747
1608
3256
3210
5167
3759
892
4298
2938
1816
4399
4337
7894
1783
1660
7208
2689
2090
6211
3587
4414
7038
3452
765
3714
3445
5264
16
2366
3626
753
973
4981
8070
2761
2427
1125
6195
1018
232
934
2481
2935
2493
3218
5810
1735
2494
3702
472
4903
3402
4658
880
7764
1019
1826
2399
2339
1056
4043
2241
970
2318
1581
7809
4290
3140
485
7792
8689
2418
1582
2786
1562
2368
5556
1517
2188
2407
2458
4349
1225
7502
1631
1034
3723
7126
6744
4963
4638
5161
6671
2134
2669
2866
3563
3251
3093
516
4316
8589
3996
721
4911
6609
337
3354
5291
3795
728
4191
4895
2647
5413
1031
8451
1909
1012
1518
2398
4247
5489
3211
4809
1721
1301
2009
3843
6243
912
2766
1479
793
6093
1363
4262
1173
896
1023
1759
6279
2521
2700
2354
700
2596
2581
1873
1132
6390
3252
4338
2693
4184
3450
4342
3960
639
3547
4036
4197
3976
3565
3270
3619
940
4268
4274
3991
4291
1293
3608
4432
2570
6395
2633
1036
4735
2465
5909
5449
4678
2573
2394
2159
4718
2283
507
7091
879
8722
5114
1997
1959
785
3125
5585
704
99
3134
3147
2789
2074
2393
1186
918
2215
1226
1080
2364
510
3042
1063
2403
3177
3005
1388
1204
2285
1233
1616
161
2922
3068
2715
3150
167
1184
306
1152
4936
954
1476
1394
5784
6636
1696
322
1218
2325
965
1841
5980
1860
162
1013
8654
5553
5604
5269
1730
844
499
2897
2600
5650
3575
7753
2046
2504
3006
1715
2622
2327
7619
1839
886
327
5960
2331
3444
2082
8385
7180
759
2335
2621
962
2545
4649
2634
6051
244
5182
7293
1049
5352
2843
1428
5117
278
1752
419
492
2858
4696
1951
2752
5791
1834
2231
988
6148
3831
2793
2642
994
6062
3086
3428
1928
2438
5745
6114
5470
2709
76
5588
3338
5825
6450
5134
6571
2155
4088
3430
2363
4686
2961
1331
1085
8477
3766
4401
47
1788
2827
5313
2416
5033
2975
5384
2078
2182
5787
1762
1367
3487
1901
460
5304
2699
4782
7738
4033
8387
2500
1733
1755
1358
2429
2107
7272
3882
3635
2487
3071
1972
113
2146
498
8453
2442
4511
1095
8056
8332
3540
6658
2248
3199
