item_recommendation
25737
7872
7541
8327
8093
775
8183
8571
8117
7697
8290
8225
8447
7613
8403
8360
731
7669
7437
5515
980
1513
8596
7782
1003
8772
7560
8899
5159
8499
1515
741
6260
5742
5186
5662
5768
7728
5282
7878
6154
5288
5715
5675
8591
5853
8636
9012
6902
745
7914
4550
5008
5723
8154
6073
1507
8033
733
8580
8743
4740
8136
8376
5410
6970
986
3875
6091
2769
8410
7938
5323
8003
5597
735
8859
7636
8720
6121
4076
984
976
724
5710
6918
626
5275
960
1006
8777
8699
2513
8998
6751
8661
1812
4731
4440
5198
6684
1870
5729
4153
4727
8253
2659
7234
968
5365
7254
6178
5177
5264
964
2798
725
5968
2982
7478
401
5655
1739
7171
5312
6835
864
1021
5752
5666
695
6513
5732
5363
7649
5765
5839
5936
869
893
969
2347
1624
6436
7771
915
8070
947
1317
2183
526
8142
5672
7831
951
2186
2473
6547
5443
6355
7204
6760
1008
1046
4923
4437
3489
3611
1057
5815
2300
3238
1750
1777
6963
746
101
4312
7245
5625
6498
5699
5834
961
1030
6404
1053
5795
1288
1508
6718
2688
2440
4821
6103
4976
8207
5735
8768
5572
6035
5462
5641
4980
6803
3235
1581
7078
5689
5466
2956
4967
2801
6294
6464
2741
5285
5055
4941
3334
6896
6676
1819
5254
5398
7260
5038
3936
4241
6985
6422
8607
5243
2696
1004
8848
8943
2772
2937
8629
6047
3758
6645
2184
963
5684
6800
6584
6706
865
6375
8524
6768
4016
7346
2651
4450
8147
1771
748
5400
5170
5940
8542
7198
5004
5667
5670
8807
8838
5401
5056
8828
7791
5373
5696
5678
5686
5685
5680
5003
5001
4929
7822
8921
7419
5517
7919
8949
8955
8966
7309
5034
7235
7947
5577
2546
6232
8640
4300
6887
4104
6331
8130
8123
8158
8785
6341
5700
6342
8197
5836
7357
4477
5826
5796
8582
5847
8872
8423
6060
8985
6432
7153
5746
6732
6754
5736
6105
8372
8672
7063
8371
6851
8366
8275
7017
8882
8610
5690
7702
6852
3957
5002
4889
2640
4832
3825
4677
4994
3491
3284
3497
3499
3654
6774
2120
4263
7012
1617
8835
4834
8138
4428
3500
3241
8420
8961
3096
3307
1192
535
4999
720
4105
1047
5085
4795
2496
2687
4366
2428
6827
1020
1042
1060
3495
6286
4095
6533
990
5808
743
1026
5139
5693
6408
3584
6530
2654
5203
5611
3188
719
4801
6493
3656
750
2686
266
4765
2582
2983
4979
3093
4532
1501
1523
3851
998
1876
129
8879
955
3324
1010
2993
786
2548
875
6678
6470
2441
48
5218
2118
726
5418
6728
6579
7293
4996
3889
973
8638
2892
7407
8665
892
5053
6630
6296
1980
2764
1805
1187
285
8462
7888
5291
858
1059
3819
2780
3753
6368
6314
2383
4420
5489
3880
4878
4680
2534
3232
2976
659
3816
1907
2605
3368
2481
4736
8387
7753
1037
1040
1147
2774
981
8522
1125
5419
1822
7208
3359
5440
6826
1032
2288
4833
3408
7186
1014
3608
1744
8920
1525
232
3113
2799
888
7263
205
3173
1017
5167
3417
4490
7764
4079
1831
3751
1084
1104
5504
8709
4981
3759
5135
8654
912
8865
5518
1012
4584
4600
8042
6225
802
1636
6671
965
1437
1580
1690
970
7786
2227
5161
2912
3452
5832
3456
218
4043
4404
3194
9001
2009
6612
3668
4984
1056
2458
2385
747
647
2415
938
6509
4658
7619
7502
6744
885
880
2938
937
4298
7894
1497
2241
1500
1688
1078
953
833
2188
4316
4577
2236
8761
2770
1735
3388
1755
4171
2438
8840
7698
3707
7587
3924
8833
3928
4639
7445
6932
3263
7944
828
6093
2660
5553
2487
8642
3702
2407
3160
2668
656
762
5891
1367
5888
4718
2647
2478
2500
4895
1041
3127
1036
3402
485
105
6593
3445
5604
2897
1018
3428
870
2573
788
8388
3575
1517
9004
2090
2570
4735
6609
962
189
2669
8056
4925
2829
5033
2832
7394
5585
4903
2690
2342
4696
2898
8235
5117
4414
8576
3714
4251
5810
155
2689
3522
2935
472
2354
2418
4649
7126
8689
1429
2318
5449
886
8781
4247
1733
4686
2366
4873
1438
4936
6207
1639
2082
5588
4401
994
4645
2617
6390
5960
6243
2398
7757
5356
793
2425
1909
3377
5909
4963
4809
1034
5650
2107
7802
3051
1504
840
4830
1836
7091
3256
3831
2730
1301
3632
3218
1016
1019
7792
474
5214
1023
1132
8977
2339
4636
2433
3251
4511
7038
966
1901
6450
1767
3140
844
6114
461
4956
4782
3152
753
5304
1562
879
4520
113
5745
2134
3412
2154
45
2572
5241
8684
1152
2925
2368
7881
3207
3795
2394
1013
2709
2202
3095
2331
1394
8385
2642
1752
2173
8670
516
832
5313
4161
2981
742
4678
766
988
8268
931
313
1352
3199
4162
7720
274
1518
1064
8239
954
728
2416
244
2609
4914
6062
2287
1049
5498
4101
2827
1852
1631
4638
2340
3354
4130
16
3766
8910
2231
8633
2700
2212
1472
4432
798
2248
7316
4188
4380
2404
4920
8451
2621
4625
2815
5346
6521
1753
5413
4861
1860
2399
4177
531
881
5377
8808
2460
4462
5787
5182
76
1526
916
816
4024
4326
498
6234
3157
765
7272
4033
3438
8477
4262
2735
8574
785
171
2824
2344
5009
1590
4375
2521
8589
5375
3604
7583
5341
3125
7738
922
8392
6186
3211
3863
8927
4761
1346
5114
8169
8864
8609
8228
2434
7155
8612
4632
5840
8620
3344
5122
8799
5097
8712
3479
9010
8831
4238
8133
3615
6566
3761
8525
3639
492
5772
1024
4659
5193
1816
4691
3268
5458
3959
4191
2802
2189
3854
6025
2482
934
5649
6730
8819
1493
4945
7379
2793
5801
4603
3142
2374
2363
5857
1173
2197
3655
4367
1092
4612
2062
5425
8667
700
6798
1863
5296
1834
4524
3444
3487
5384
4902
6056
2622
2155
2365
2581
1087
2078
499
3996
1556
1663
5971
8332
3916
761
1734
1225
4837
3431
