item_recommendation
25737
7872
8571
7541
8327
7914
8093
8447
7613
7697
7437
8360
7669
980
8056
8117
8183
8225
8253
8070
1523
7407
7560
8522
7802
8033
7636
775
7478
8420
8207
8385
3368
1744
3232
5264
8154
5489
7649
955
2212
2062
6579
1046
6365
8290
6195
5410
285
8235
3869
4121
7394
8879
4696
8661
984
8477
4658
1513
8403
3235
953
8003
7738
232
960
4414
5515
4391
8684
2340
5980
4584
5017
1024
2227
695
1816
7728
8167
5772
3281
4809
321
966
6559
5765
7782
1352
526
2686
2860
5597
7753
8410
6748
129
266
5033
7938
6207
5611
1590
7293
3420
5159
5008
733
1907
5134
472
7245
888
1562
4600
4821
8761
8998
840
7809
3845
6091
969
7932
1003
2241
1794
828
5473
1281
8961
6143
626
48
5198
954
6636
3127
4782
741
3292
6355
2935
2605
8751
4830
4605
4941
7705
8633
6073
1767
6521
7299
994
3324
2531
2374
1288
1639
7234
6920
9018
2659
858
5012
100
6178
3608
3632
4873
7186
745
5470
4911
951
912
6658
7720
8261
8977
8859
4795
8927
6395
4437
5210
1812
2173
4920
1013
5787
4686
8722
8819
5909
7976
5825
8008
6318
970
5723
4290
731
6826
1580
6154
8228
4632
1777
6728
5114
3804
5177
8451
6892
3210
4417
1515
7577
522
1844
3604
2752
3751
1507
8903
8777
4761
881
8864
7619
1145
4262
5117
6211
8670
990
8654
8620
45
8604
2504
2288
3587
7583
2437
981
6760
5729
1525
1057
6970
6140
6550
1771
7282
8596
6850
8910
4246
8589
7979
4638
1870
4861
8187
1004
8665
7272
2772
2769
1187
5588
8699
7228
3816
6624
976
7995
3377
4987
5312
5433
4051
3113
1970
2159
5164
3871
4316
5329
407
4188
535
957
996
1131
6724
6279
870
6242
6383
3370
1111
2609
2506
4366
8772
3575
1060
2442
6743
8743
196
986
735
3522
4375
8899
1020
2780
6509
4177
4079
2496
7492
8239
7748
3268
5193
4076
4162
6751
1209
6957
4731
6056
2829
1569
4081
6404
6493
9010
474
2396
3213
7160
6148
2966
7316
2912
3854
1006
647
3563
1030
1476
8609
3188
3996
4740
2186
4550
7757
4984
961
5968
1676
8709
8745
8499
8392
5182
2817
3024
7011
861
5850
8169
527
4394
5440
4901
4088
753
7263
2689
2799
2236
4524
401
2344
3863
8482
6132
523
1472
6832
7107
5556
6562
427
3655
3081
5296
1125
6077
2366
8388
5161
4846
3086
4161
5689
725
7789
7444
1531
7481
5568
7155
3615
3479
8831
8525
4238
8612
2434
5097
6566
8712
8133
5840
5122
8799
3761
3344
3639
1193
2415
1516
2248
3668
1652
7786
4603
3354
8039
5352
6116
2688
1331
2300
3357
2793
963
1016
7101
2647
3427
4349
6536
915
2038
1437
872
6440
8675
6568
5784
5269
8157
6446
5241
7888
1053
4273
4748
5065
6669
5662
4552
8854
5427
2801
3093
4284
8131
8491
3431
2468
189
1852
2937
2003
7204
2669
8511
485
1047
5139
4612
8914
964
7487
6314
7881
4614
4727
5936
4033
2687
3438
1819
656
5715
1026
1161
3882
7055
1721
1042
8827
4228
1497
1041
6630
3428
5498
8865
6840
7099
3843
7831
5179
6885
4191
1394
2798
454
6535
1831
5815
7484
5742
328
4645
1295
3430
7817
6918
2959
8667
4511
4101
1393
8607
6390
1657
8336
4837
6690
1135
6000
8695
140
3402
521
8848
2439
1317
6162
4801
6294
678
5413
2457
6927
6498
15
4649
7878
4024
2727
4936
7016
8376
8136
8625
7990
880
7130
2318
3875
7311
5346
6999
6322
8273
1336
101
2709
7840
550
5585
1012
7340
5236
5530
1739
1641
6283
263
869
4404
2497
7038
720
4577
5926
1019
4709
5791
742
2490
2897
8984
7121
798
4432
7250
6243
3702
2195
2668
1582
3238
5558
2664
2839
3207
6684
2155
1132
3388
1021
3296
886
7826
5038
4139
6896
2154
3399
3163
2385
6739
5699
2815
2427
2642
7115
4386
2981
659
3649
4332
2467
4427
5443
5186
7254
2352
4933
3194
5569
761
7222
8574
2283
1608
4923
2976
4765
5839
4086
2779
3908
3334
6609
5080
4728
1612
737
4084
4634
6426
6254
4659
144
5202
1826
6051
6615
4680
5777
6276
8795
724
5021
8387
1839
4902
3900
5628
2533
5254
4399
3786
1686
719
6791
4380
3033
4945
5666
2494
5483
2925
3351
2371
2761
6686
7089
561
2696
3487
7456
7771
7195
2149
8979
5398
2567
1114
1769
2370
5752
5570
8422
7892
6612
5222
714
3285
1866
6757
718
7260
3489
4241
3936
5146
4166
8121
6856
2310
1032
4636
8507
5009
7380
1031
8810
288
7171
5341
965
4676
5637
5342
5463
4333
4977
5965
8453
3723
1453
4235
4756
4771
5464
6650
3216
4954
5302
4640
4662
916
5282
1916
3456
1055
661
4666
2214
2741
7096
8616
5808
1504
6676
1380
4627
1624
1702
6223
1010
5438
7147
5888
3799
422
3140
4171
6703
4706
3051
1147
3602
4519
4194
2402
3626
4255
7458
2802
8462
5364
5265
5971
3852
6260
3152
5707
1320
4625
2745
1040
7135
8943
7034
3947
1078
4135
2617
4401
1500
1379
4673
4703
5380
6902
2465
8689
899
8044
2404
8892
3125
3687
4722
8580
3160
2521
3635
2407
5101
3417
839
7036
4108
1980
3508
7897
3434
4787
5989
5782
3819
4197
5655
6985
6762
1834
3010
3574
8629
2507
2082
4844
6643
3284
6525
3780
3643
5801
4342
3176
3199
4885
5600
3475
3116
651
6591
1346
4865
4814
3060
4849
3150
3521
5378
4555
4774
5518
3676
1549
1810
4389
3173
3805
4420
1575
3408
7899
1876
7762
835
7366
6944
7192
5548
2311
2438
3920
5291
2819
1077
5053
4498
2350
5705
1696
4895
6298
6513
5641
5618
2796
2043
5303
2775
2676
6977
7355
7706
7844
6185
7843
6617
3859
5693
1996
2204
3478
2570
2447
7841
1410
3928
8840
3924
8833
7944
4639
7698
3263
7445
6932
7587
3707
2660
8636
3338
3913
3251
