item_recommendation
25737
7872
8327
8093
8117
8571
7541
7697
8447
7914
8225
7437
7613
8290
8253
8360
5151
8183
7560
5927
4842
7669
5607
6290
3313
2998
5033
8033
879
980
5153
1870
5938
7649
5515
8070
8403
8207
6211
8772
5159
7782
6157
7802
8420
8003
7728
3377
7636
5008
8499
6298
6365
6154
8056
6178
1003
8235
8477
5597
1513
6260
7478
2932
3232
5765
8596
3368
8899
5186
5742
5971
626
6243
8743
6918
8154
4795
5723
3235
8684
4873
6970
2659
8636
8167
6073
5410
5198
5117
4941
5952
5980
5312
4550
7878
4584
7938
4427
5662
6902
8661
7394
8998
7293
2605
8522
6826
4731
5715
5288
4740
5611
8859
5768
8410
6433
4417
4066
3324
8136
6091
6271
4414
5675
5853
5641
7245
5729
5568
5275
3816
8376
5968
3875
6355
9012
8591
960
4355
731
4076
8385
8807
6751
3854
2288
8879
8709
9018
6676
4432
6230
8819
775
3469
5473
7234
7888
7186
733
4765
5264
7407
8665
6103
7228
6684
8607
5909
8961
285
7753
1047
3188
647
6728
4316
6116
2300
6314
741
6579
5839
7299
266
6718
8462
5177
1336
4830
6835
4885
8580
4782
5936
8777
6021
6448
695
1907
3417
6862
3281
4846
7932
7204
5689
7254
8524
4821
2780
7786
6760
858
2769
4809
5282
6493
6609
6140
984
5710
1777
1523
4984
5053
6047
4801
6294
1367
5815
8848
6547
6121
6559
5699
4153
8039
8943
5625
8261
3194
8720
8699
4255
6530
4761
4649
3819
8654
5038
7831
4366
8187
1053
6422
1812
6550
472
8827
8670
1515
4577
7263
1507
1187
1288
4437
7738
4005
8761
7995
6502
5254
6225
969
3489
8142
5666
6446
4911
1006
5323
5615
4638
7577
6774
986
2407
5864
4600
5413
8689
1844
8542
5443
6850
4262
5139
2688
6404
976
4696
4016
2647
4840
4833
4241
3334
423
8589
4920
129
4246
5672
4727
4945
7705
1317
6195
4923
5808
3238
4228
6498
5055
7881
1831
401
951
5655
5489
7171
7260
3936
6840
6408
6636
48
3604
5398
2154
8768
724
7334
659
964
4963
6803
6331
7160
1767
6896
6162
5161
6436
5745
5134
6513
5752
8629
7311
535
8121
2478
4401
6031
6624
6630
8451
3359
3173
1438
1352
8275
5985
5693
3758
2654
101
4440
4079
916
7976
2696
4095
5021
1437
4987
5834
5799
3759
3575
4980
7208
2374
1839
5296
5243
8147
7115
4878
6706
7078
5735
5795
7038
747
4680
3307
7419
2976
4101
5365
2318
8633
8268
4420
7771
7619
6051
8511
1508
4976
8882
6464
1744
4121
8482
5291
8790
7282
6832
189
3702
864
4219
8675
2496
4861
3157
3646
892
8638
6658
608
5346
2188
8920
4098
7822
5304
955
745
7809
4718
6390
6000
6039
8910
2212
5577
6035
4895
6678
4691
4251
2186
7502
6768
6375
6612
4263
990
5850
2912
3587
3284
1624
8781
7055
8903
6748
5732
4312
2982
725
2062
4901
3199
6521
7012
3218
6240
4511
5772
8491
2347
6242
6827
6318
8576
2227
7958
2798
3402
6341
6800
9001
4854
8366
6963
888
8640
2937
6957
2271
1733
4045
4552
6887
5466
753
4532
5203
5363
961
5684
2009
5588
321
3889
3127
7492
6584
5604
5696
1161
7346
2772
2473
5080
4658
5836
2956
6744
3654
3957
7309
5401
5746
3357
3649
6286
5170
3668
1393
6525
8751
3465
1771
5470
5034
7919
5685
6383
4300
4104
5285
8828
5670
7235
7198
8921
4136
4171
6198
7099
3753
8840
7944
7698
4639
6932
8833
3924
7445
7587
3928
3707
3263
2799
8008
2660
6077
5940
7357
5826
2609
3804
5847
8838
6114
7272
4450
5400
7096
8642
5479
5736
3499
3497
6060
5002
5700
5796
6568
8507
6148
5193
6342
4477
6851
8966
4832
5686
3825
5690
5680
3611
2513
8985
6852
7702
8423
7153
8582
4994
8158
5517
5001
8130
5667
2640
4889
5373
4677
5004
8872
5678
7017
3491
8955
8372
8785
7947
7791
8123
7897
45
8672
7063
8835
1617
8138
5462
3028
5352
3795
656
8979
6470
5718
5003
4929
6432
6105
8371
6732
8949
6754
5056
8197
8610
947
5214
8194
6985
2184
6645
865
3656
7748
886
4404
4834
6703
2183
735
3125
5572
1631
880
1021
7840
981
6591
3213
7315
2418
9004
5888
1816
7764
3384
1192
5585
6279
4033
3608
3869
1017
954
3024
8484
7107
4428
4002
5012
3358
965
526
7456
5085
1365
7193
232
2497
4105
6867
881
3456
4162
3445
7894
5518
3086
8914
7064
3871
8906
3000
5433
4999
5372
8616
6533
218
8808
953
869
1562
2639
6234
5375
3096
3251
3714
492
8157
720
6300
2120
1012
3241
1024
2458
1046
2415
915
6084
3522
2546
5449
31
8332
1580
8864
3799
4194
7343
3880
3584
1690
963
1739
5599
4531
1750
2082
6368
2073
6232
2700
4903
5329
6650
802
5182
861
5810
7789
4914
3805
2548
1060
1805
5899
1059
5825
3262
5199
3784
929
3892
3159
4643
4888
2880
7892
5993
4717
5608
1147
4936
8977
4237
3495
7126
1517
5832
263
6207
1111
3210
6132
3632
3256
7211
8042
8014
5812
8984
4051
2764
8625
3996
7792
4462
7016
6062
7979
6400
2617
5419
2983
2582
7817
454
2796
4111
5553
6395
5801
998
7415
8927
6885
7583
8813
2651
2441
6440
885
1862
3851
6296
6798
3163
3428
1057
485
7008
5926
2935
205
912
1209
1004
7458
5114
3388
5226
5504
966
1042
3845
8695
4515
1836
6892
3882
4188
962
3093
5787
6107
3292
7481
8392
2090
8387
7192
2686
4270
2340
4848
2897
1301
3113
3800
5707
1639
1394
4354
8892
7585
1581
2371
7487
7130
1330
4349
970
7121
7147
4546
1834
4979
6927
6753
4490
6695
2704
5046
4367
4965
7034
8722
6662
5099
973
6143
3354
6966
8614
2801
7757
4967
4605
2622
8604
4792
5893
8239
6203
4563
5891
5218
6473
7316
93
3207
5075
3693
2241
6458
3430
8574
3848
4608
7136
2730
6739
8057
3515
4688
7150
4090
