item_recommendation
25737
8093
8571
1145
7872
7541
7697
1523
401
8327
1744
1816
8360
7613
8117
656
8070
3232
8253
1562
2504
8477
1120
647
5909
798
1767
4830
92
7914
7636
550
2761
661
95
2779
1657
4873
1783
1317
2966
1580
599
2786
7560
8225
678
3604
1111
1721
1852
1831
1739
1608
2605
135
1161
2427
1696
718
1652
1513
1549
2686
2935
885
3150
659
7976
615
8684
7738
2204
2159
5264
4316
4795
2149
8420
848
8033
808
1472
4600
5515
8290
129
685
1777
7437
1535
2494
7782
872
3086
2832
1453
4584
3210
888
8056
1907
2745
4246
3081
2227
7802
1131
1196
1794
3324
8819
6073
1639
2668
1073
2327
9018
561
8709
80
5410
7478
1046
3051
3996
8235
4987
1025
2981
667
1970
650
4696
879
828
8661
5597
1701
1759
2866
3357
1631
4394
3563
8522
213
4296
1449
267
5765
5146
366
121
5198
2231
1711
775
2789
3068
3042
2633
2922
2596
4638
47
2325
816
1437
1667
707
1363
5159
3152
1997
1959
2753
4649
405
1184
4577
2465
4290
3763
2946
4399
861
2843
2839
1226
161
1233
1063
2364
2285
3005
2393
1388
3649
1076
704
167
2715
3134
1204
2403
1796
1791
3006
1812
348
849
2195
2835
1779
2399
1150
3211
2858
1095
2128
1286
162
1951
1285
2600
1616
2215
1080
510
1186
3177
3147
2766
918
2074
99
306
1059
4166
4223
3977
2200
5558
8385
507
8447
1730
980
1569
1085
2429
1218
1240
1826
278
793
3377
3194
2342
1053
818
2572
5296
243
6559
3522
5489
5952
1784
3235
1582
858
285
375
2570
1841
8207
2976
144
3975
1055
417
3843
3071
1972
2864
2689
4731
990
4809
5568
8183
2634
3587
1033
2567
4051
140
2975
4432
454
4515
324
1433
991
1880
372
3626
3354
2091
4079
2986
1545
2815
1929
1130
1707
8743
1081
1978
2439
3794
2979
1354
1689
547
2043
2155
3127
2468
6695
2212
2521
984
1482
6000
4084
2146
1552
8859
2990
407
824
3292
1941
5723
2706
2201
5312
3852
4235
2498
6579
540
2704
3016
463
6355
3766
2915
3420
6728
2243
1726
1331
5346
4414
5433
2207
448
2039
1686
2659
4262
7753
460
589
1925
3133
8167
2546
2583
4658
4645
3128
5134
8670
2283
1860
1394
835
6390
2531
6077
3072
2628
1225
1295
7099
373
1788
4821
1077
7282
1873
2478
84
2535
2687
3951
8261
922
250
7407
8879
2130
945
5033
3575
5
73
2985
2350
2203
7016
467
742
3430
131
2284
2467
2820
483
2078
8596
3521
2912
2400
8761
5989
907
1246
2769
8654
1224
2688
2507
183
312
1428
869
1900
1665
838
2681
805
45
6977
1404
2422
3816
8187
2902
2295
3238
2829
2300
7938
1339
4404
4861
1671
2995
105
6624
1699
4349
339
2182
4284
12
558
2937
1209
4273
2950
2052
2630
673
4337
71
3388
327
1255
8633
2398
7809
1100
387
2796
6140
4228
2983
2582
2173
201
1771
4920
1422
714
5008
4524
1197
1804
4748
2178
6056
3402
3044
899
3751
626
6658
1586
7293
3188
2780
202
4634
976
4101
940
4342
4338
3547
3976
3723
1293
4268
3619
3270
3991
4274
4197
3252
3960
639
4380
4291
3450
4184
2693
3565
4036
4321
7245
5199
3892
3784
929
4888
5375
4643
3159
3262
1297
7669
4632
1480
2772
3845
1981
4191
2880
1228
2089
571
1379
2569
2639
4625
7415
5588
6195
2793
2840
2615
3007
2421
1333
6365
905
4406
1099
2296
7990
2046
8499
1702
5562
5955
100
2288
1866
5080
5226
4401
474
1680
1750
3368
34
1827
1201
6703
3635
2506
3064
1352
1187
8410
1916
2424
122
911
7186
523
526
412
4437
232
1078
1931
2674
326
252
2807
875
220
6143
2383
7487
5980
1833
2816
1298
294
1554
3285
7121
955
2282
5470
2726
1688
44
3008
966
2120
5641
4709
4171
7272
3702
5538
4859
1456
7932
688
321
6826
2090
222
8482
7728
6850
1047
6739
2236
3572
1975
4386
2962
5161
83
1028
7394
29
5599
8154
1135
7888
7228
1980
2053
10
4366
5291
2499
1973
2664
195
5936
205
4076
476
3185
1463
1287
43
5335
5630
5117
5222
2335
378
1040
535
49
344
4121
949
3176
1323
2496
1114
3251
3160
4642
1834
2479
2982
7759
2273
4563
592
1856
341
498
2241
854
305
597
1031
4801
936
1320
7234
189
4936
3699
48
4498
1086
1606
1029
1341
628
8892
2539
1836
4486
1211
960
4765
441
951
3910
2246
1132
2289
1864
6970
731
5114
2860
779
2545
2527
2787
1177
2751
1653
1397
8699
2493
513
422
3745
5498
1277
2134
1556
2138
4190
2622
4146
7038
2135
86
8927
19
2977
7789
291
1715
2014
6669
113
3338
266
4458
493
2565
4088
1532
2340
1824
2324
2432
2451
2441
299
7881
455
1013
6243
2385
3560
7107
5012
1488
4782
6706
427
5926
6612
231
637
8961
613
1886
2534
420
3668
1090
2495
4046
881
4255
6676
1281
330
8228
3871
3207
423
638
3637
337
5427
2525
8
3041
1891
2186
3859
5839
2642
753
4168
516
1346
891
7995
6493
4941
314
2717
5850
2721
4550
1410
3926
1206
7130
1024
3854
1270
262
3759
482
7020
8650
2819
3249
5832
8044
6630
1848
1717
2577
785
5715
1844
2219
7299
573
8899
1329
5815
1288
499
764
2822
4251
5119
4885
1518
453
806
1544
5053
1340
671
2647
1236
519
1640
4945
2373
21
3456
3358
2031
6318
2799
6996
6329
7059
4396
1858
288
349
6154
1476
3140
1223
2001
1690
5556
559
3221
6918
229
377
4033
1310
350
1684
950
5483
2445
8003
5254
6212
5103
7502
1280
270
7135
4680
2961
2026
3428
1026
4252
1810
2621
2437
2447
4769
5825
2379
840
8511
7619
4378
4727
1361
477
2732
2516
2062
5464
4771
1066
662
7826
