item_recommendation
25737
7872
7541
8571
8327
8093
7697
8117
8360
7613
980
7914
8447
8183
7669
8225
8207
8253
7437
7560
8070
775
8033
7802
8290
8522
8420
7636
1744
7782
1777
401
1003
7478
8477
5765
2427
5159
1816
1821
647
6073
8056
5264
626
3232
984
8661
1145
6195
960
976
8154
6579
1562
8743
7407
1523
2775
7649
8403
2935
2227
2212
731
1317
6970
5515
1967
4550
5410
1767
6178
8899
718
7938
8385
1739
798
8261
5772
8859
1907
7738
8235
785
858
2761
2686
3368
7234
2062
5723
8003
1513
8684
745
5597
3235
8879
953
6365
3377
4821
829
1783
2668
964
1487
7728
5729
6154
872
969
1721
1046
4262
48
741
5980
2659
4809
880
828
129
45
733
285
1472
526
1580
8761
266
8410
2300
8499
7282
955
6211
5556
1209
1515
1812
1507
2786
1437
4941
4731
3150
5909
232
966
695
2159
3587
535
793
8772
6091
6493
4873
1120
155
7753
5008
4911
1852
2583
2288
888
5742
4577
8596
4366
6355
2605
986
951
3081
1844
7809
8709
1608
196
3292
8376
2981
5662
7293
8136
7245
1172
1804
8998
2407
4437
885
2793
1111
4638
7932
6395
419
6728
3324
912
2776
8654
8777
996
7186
2769
1831
1006
5312
8819
3875
5689
4782
997
2832
3188
7881
6918
8187
1367
1788
8722
5177
7272
8961
2221
990
724
2966
3816
2548
1288
4432
1354
2835
5825
1363
1053
3051
5134
1196
659
870
5198
3281
7976
2752
2374
6314
8665
8848
5038
2937
6559
4920
1870
5470
5117
2647
656
4600
263
2504
7995
2780
4246
1652
5787
2478
5139
7394
6077
1020
1771
1024
8589
205
1713
5498
4584
1711
5538
1696
1225
1549
101
5784
6902
1535
6390
4088
485
8604
213
5666
6630
5611
6404
8451
5269
685
1125
2982
7228
8977
1040
2186
2396
5254
5715
1059
1320
7577
3093
4076
1959
2779
816
6636
2155
2340
1076
3152
869
725
8636
1819
5936
2231
954
824
2912
7254
1997
2296
8699
2633
3608
3334
144
6826
2866
7121
1759
472
3238
3127
31
3489
1873
207
2325
5186
7878
6148
2596
2789
3005
3177
1204
1226
3042
2766
1233
1063
161
1186
3068
3134
4649
5839
2772
167
2922
3147
918
567
8633
1624
714
8903
306
189
998
7619
3417
956
162
1132
9018
2843
2350
6658
1730
735
2897
2467
2715
2403
2393
2364
1080
1388
704
7260
5288
8167
6318
8910
1616
2074
2285
2215
99
510
5398
4923
1834
3668
3936
4241
2207
1404
6408
2043
3819
4740
4251
962
5352
1042
7492
8462
4748
8157
5296
156
1379
2507
4079
2399
965
3632
1021
7789
970
835
991
2687
3211
4171
1184
1476
1187
2236
2753
3213
4936
2173
7979
6751
5655
981
1193
2798
1841
3140
5413
5315
1099
2248
5193
8675
2600
348
2975
4984
8008
1569
7786
507
4658
5443
6609
498
1479
7888
1676
875
1453
2453
1218
1147
2745
7171
5768
7831
6612
6260
4945
2858
3133
5853
2494
994
1707
166
3028
2617
8670
7299
1073
915
5433
2439
6121
2741
1951
2128
5808
1286
881
1060
7720
330
2204
405
750
278
8943
47
8629
1970
4703
1552
6509
4162
4761
2688
4765
5834
8591
9012
968
2634
1057
2429
6000
5791
1085
1030
6850
5675
8580
2241
1590
3428
5033
95
1779
2496
7038
1702
1026
678
8689
7204
3210
4801
2154
6932
2243
8920
2039
4404
1095
5291
8807
135
2660
8607
3889
7944
3263
7698
7445
3928
3707
3924
4639
8840
8833
7587
1750
4153
3307
1013
2986
1012
1688
1972
3071
1004
6760
2342
1033
2437
8642
879
243
7444
3869
1135
4316
140
3882
1701
2521
1667
2120
2815
4709
8751
2347
6513
6207
2946
2704
6703
7139
746
1929
2284
3751
4515
3086
2442
9001
8482
1531
2983
2582
2318
2577
3584
6985
1794
3702
5815
1310
938
2621
460
1689
4284
4458
6676
7263
707
1130
5888
1581
2676
5365
8914
5952
2200
2078
547
1077
1791
7705
2546
1032
5926
6279
3176
7487
5641
2581
864
3996
1680
2445
372
4420
4632
844
2385
2630
4188
2091
4273
5693
1876
778
945
1428
7502
2696
861
2674
5114
1529
5210
2004
5202
1449
1657
5707
6440
2146
8039
4830
131
2799
893
1197
1281
840
1715
2415
8795
6383
5850
2681
522
6835
6051
6143
7748
5968
720
4895
5752
7894
1631
3370
2961
2572
1671
4885
7177
1419
7583
7990
5699
2535
9004
2046
7316
4121
8524
5473
2335
5846
2570
6977
321
3113
8927
916
7757
961
2976
1425
2383
105
2801
5226
742
6803
6690
8121
1525
4166
3795
2130
907
5568
1017
599
3434
2956
3805
439
3604
6521
4290
3128
2990
1980
1482
5182
4795
4427
2344
6624
6140
6294
2178
1303
4440
1796
3251
4349
1161
407
6498
5489
2310
5404
1639
100
8273
1966
2939
2820
4511
225
7020
2069
7340
5179
1582
2219
3408
7101
5777
3354
8864
8142
1104
8336
3041
5832
1497
5795
183
886
6473
4462
963
3066
121
866
1295
4414
7126
2282
947
6436
1826
2516
6525
1699
1444
3016
589
1925
2498
5588
1660
6547
8827
5810
3412
6744
2689
5718
76
7899
1784
1690
1352
7815
957
5440
4865
4391
5282
1810
818
8392
9010
6446
6768
4060
719
8268
2418
387
2902
8239
5069
15
934
3596
2864
1047
1900
4696
8387
531
366
6037
2709
2560
71
6774
3351
2900
2699
2506
4383
4893
250
337
7817
6840
1833
1484
2398
1508
8865
1019
2021
2440
6885
7415
2567
4960
7208
5458
1686
8228
6591
291
4987
3207
2134
7771
6550
7484
6568
3643
8620
3714
3456
3868
2032
4177
375
4263
327
3404
7107
2594
5323
754
7934
6039
8511
8169
8542
1860
1192
492
3284
973
1259
1493
3804
3256
2014
4932
3780
5065
905
2436
6422
2534
1824
2176
2860
743
5843
6718
4296
1981
753
8484
833
2373
