item_recommendation
25737
7541
8327
7872
8571
3232
7697
7669
7802
401
8207
8093
4290
6073
5489
1523
7738
5410
7478
7245
5597
798
1145
7613
1580
7560
1783
4600
5515
8183
6493
6395
4696
4782
5433
1120
7649
4709
8360
8261
6091
8056
1320
7914
6850
6195
1788
7437
6658
8117
5069
2605
5177
4515
7293
5159
1692
1562
8070
5765
8522
6211
7995
5498
4945
8253
7809
1310
3868
1826
1744
5198
8477
5282
1111
7932
8033
7976
5470
60
4830
8684
7636
4748
6140
5033
463
1852
4332
996
1513
3292
650
1425
4414
3857
5114
8447
3368
1777
2761
6906
2227
707
5182
2966
626
7407
1739
8420
523
7228
1196
4342
5556
5483
1298
5348
3404
828
1404
885
879
3913
1639
2445
2779
5134
7282
2786
5250
7215
1839
813
6579
6056
5527
6636
775
405
1549
1440
299
4920
6404
5689
5772
4166
6355
1311
1779
5791
6154
7340
6525
5427
4658
1566
6178
312
1472
2070
1891
4273
1365
1816
4284
685
1449
2327
2240
140
3608
4399
4584
1194
129
5101
2557
5784
5269
1129
2819
7121
8604
4101
1097
3763
2085
647
3454
1077
1437
5151
1123
7728
3150
1081
321
5729
2981
7979
888
673
1771
3587
145
3354
5395
8225
6166
2200
3675
1076
4051
5146
1427
1621
6223
121
3563
4033
5214
427
1882
100
3854
8675
1254
1554
2668
2373
3594
635
4727
8451
8187
4634
4088
5560
1831
4486
4524
1073
3895
135
8903
2647
1210
914
3087
1946
3844
2141
7444
2935
5742
3632
2236
1223
4143
6279
849
213
3334
8336
4366
52
2710
7782
3602
3016
5538
4121
6725
5312
4246
3420
2594
5715
3459
8695
3197
4761
4684
183
1950
1417
7492
426
911
4552
2359
8722
5236
1009
3626
1704
4577
2159
6877
1431
8616
2451
2432
2324
6883
1297
1864
1955
1880
4171
6440
1719
520
4386
341
2194
8751
4895
6148
6114
5585
1888
1983
4954
6561
2052
4771
5464
1602
2630
1480
2350
5119
1721
2504
5936
3223
6559
88
2024
8385
1586
6690
5588
1292
8743
2912
2791
6051
1726
3285
2252
158
2753
5913
3086
4146
2507
7101
4774
1769
44
1240
8290
4359
5382
1608
2130
6927
891
3819
2128
2231
1833
4941
2563
1363
2219
793
243
2820
4203
526
1086
6918
4251
5319
656
2050
4610
1287
1837
3370
2207
500
4731
2745
1535
2953
4212
3941
4898
4623
4080
4713
4616
1495
4899
363
8273
6498
4424
4084
1701
515
2007
1015
6273
459
7272
3102
7840
4728
599
255
595
4073
4519
360
4612
331
5646
412
3421
418
464
3456
5302
4640
4333
4977
4662
4676
4636
5342
5637
5222
5463
4627
1809
507
6896
6121
1799
3185
3155
2171
9018
346
5364
5265
1747
3140
1711
4865
2058
3432
1218
7130
1380
8524
7009
267
4224
1923
1732
3871
4923
4659
3996
6760
1978
6365
2369
1671
1423
6077
6159
1479
4231
1476
5398
3010
7177
8044
3604
2174
5521
203
3442
4936
4645
4316
678
6482
92
375
7195
2427
1975
2816
7139
561
5926
5808
6107
571
504
2579
3768
6123
3628
5777
3133
2642
718
7260
5666
5193
2076
3936
1959
4528
2292
1247
18
5518
2062
309
2607
5391
5315
379
3390
3518
3081
861
407
907
6970
8403
4990
6132
1552
285
2181
2893
3691
611
6422
2283
4458
2371
3522
1295
2835
2421
2006
7583
1841
2481
296
7619
4795
7577
927
5980
1590
6643
7934
1234
3718
2567
1854
1631
6974
1127
5942
429
348
3
3349
7135
1525
4925
2446
4267
3983
47
4098
1660
1079
5522
1340
2866
2596
6571
6322
1059
1063
1051
745
2856
4755
1354
2832
4068
2766
2609
4205
2633
5384
2243
8154
704
8167
2922
2364
1616
1233
3042
3068
2789
2393
1226
1186
3147
3134
2285
161
1204
2074
99
3177
1759
510
2715
918
2403
167
3005
1388
2215
1080
1248
306
5298
2478
2560
3254
2000
1925
589
132
3008
2699
4740
5013
2325
3235
3656
1885
8157
1286
4558
8998
3066
858
3034
1130
816
1746
820
4673
5434
1730
447
1391
2498
162
1267
5564
4703
5202
6095
1410
6260
420
2089
5443
3950
2454
4131
1794
1255
7881
3001
2726
4836
1652
4911
2961
2083
319
5787
3317
1389
1493
1463
2625
428
1228
5989
456
972
4809
1555
3006
5909
2448
603
2843
661
278
1184
5028
3921
945
1242
8235
3377
2723
3573
3879
3777
5477
1595
2467
4191
7878
8810
2855
1281
1619
5675
1750
46
558
3575
1821
1487
95
1046
3843
1270
8848
2239
178
2490
2939
6806
4625
3885
1999
4508
414
2634
6958
4380
8879
2238
2494
6425
5534
3489
4555
4349
3284
3450
3976
3723
3960
639
3565
3619
4184
3991
4197
940
4036
4338
4337
4291
2693
4274
4268
1293
3252
3547
3270
6796
10
2039
5352
5038
1085
1588
3926
6961
8580
83
2858
2852
531
451
3807
5478
4339
1785
4270
1997
2986
5346
2300
2615
1387
2860
4562
4752
6592
6008
7116
4210
8622
7367
7087
6268
6872
5535
7324
3864
7065
6016
5341
2676
1499
1658
3780
148
1848
176
6014
1022
1312
1126
450
2212
3051
1529
249
1929
4716
5139
617
1175
1243
6676
336
2386
1649
410
366
4921
2700
5952
3128
4846
3238
4626
2495
339
7614
7570
6952
3357
6764
6452
2193
2844
4310
4902
6856
2956
472
488
1135
4861
6213
4254
3309
3127
4947
1225
3388
1024
1974
4987
2946
324
4022
7394
7250
6003
2186
96
1981
3889
1870
1401
2681
3635
2565
2103
2530
6458
222
582
3175
1686
4998
948
980
4135
6599
2310
8914
330
1667
1717
4680
1473
1728
2459
4570
2032
991
1729
387
522
3194
4881
3627
7826
1031
328
373
5224
3745
1306
3939
3168
8511
185
1680
512
1804
2372
4420
1900
2091
7192
1095
7753
94
1707
7046
4880
1791
1040
3239
241
547
2241
2794
8607
539
3434
533
