item_recommendation
25737
8571
8327
8093
7872
8056
7697
8447
7541
8360
8253
7914
8117
7613
8033
7802
8070
7560
8385
9018
8420
7669
7636
8522
8290
8225
8684
7437
8751
7407
7738
8511
7932
7976
8167
7502
7394
8477
8979
8235
7649
7478
7782
8183
6927
7720
8491
8695
3232
7728
6365
8003
8661
8880
8743
7204
8879
8154
8819
7130
8410
5159
3751
8709
8008
7995
8207
7234
7228
8665
8039
8654
8187
6636
4121
7938
8961
6658
7753
8482
6850
7263
8403
4920
6918
6669
4782
7705
5264
8848
8499
7293
7840
6703
8859
8604
8761
9004
7492
6178
8810
7121
6979
4487
8616
4552
8650
8892
8998
8575
6650
6195
8670
7186
7245
8589
4821
8807
8014
8772
8827
6832
6091
3816
4873
8899
8261
7444
980
3368
6728
6676
8871
5909
4584
8745
8600
960
6877
7577
2659
8607
7192
6826
6498
6748
5489
4437
775
7171
7820
7748
6579
7481
7766
5980
7809
6856
6493
7881
6920
5723
7897
7792
8451
6559
7160
7786
3235
8675
8730
7456
5597
8169
7299
6957
8596
6162
6609
8718
5473
5433
8864
8636
8903
5926
5850
3668
3188
7892
8376
8136
6892
6390
7831
3324
6721
8194
4366
7222
6999
5296
7619
6970
8689
6591
6690
8239
6739
7458
6073
129
3163
8340
4936
5611
8524
8625
7195
8777
4941
7016
7888
6314
7817
4194
6552
7958
4577
7583
5033
6624
4135
6643
7826
6582
8392
3515
8542
984
5046
8943
8927
733
3804
7282
5947
2268
8362
7099
6662
6863
7827
4886
6143
953
2647
6684
4848
3875
7272
7757
955
2704
7894
8977
8254
3417
4171
3467
4090
8813
6378
4688
8915
3266
7150
3038
8057
7812
8866
5117
5458
4846
659
1437
7136
3698
4290
8531
6355
6550
1046
7878
6630
8453
966
3869
8617
2062
6521
7439
1408
7189
4391
5017
232
6254
7161
7585
8914
2212
3127
1513
4491
7107
7135
1472
4369
6207
3250
5942
6695
5008
6114
753
4039
4079
8484
8507
5603
8462
5521
4709
5025
7034
6932
4605
4177
7990
7038
8910
7022
1024
7415
6612
4696
6954
8537
4600
8840
7944
4639
7587
7445
3707
3928
7698
3924
8833
3263
2660
6724
1744
8642
2144
4927
8984
6140
4550
8700
3951
7142
4178
7789
3457
6981
4809
1523
7762
5534
4432
8341
8044
9010
6276
5410
6440
4002
8752
7055
5164
4731
4146
1003
4482
6791
4885
7036
6961
9001
8699
5772
976
6000
4849
2935
5729
6367
3431
8633
4923
3632
5012
6568
7352
6840
6077
6906
5101
3251
4414
6535
5765
5815
5515
2073
3660
4155
6148
626
3981
3714
4895
4251
7787
4404
5588
6977
3310
3281
7347
4168
8191
4658
6031
647
5936
1562
7126
6867
7564
7316
3420
6383
4051
2617
8920
731
3882
656
840
4076
4166
3307
6166
7340
6628
5151
7484
3207
1639
6426
3587
6348
8727
6400
695
6816
3718
2605
5628
300
5810
7487
7926
8574
5839
3653
3459
6458
6502
189
4153
5146
7090
4081
3795
7743
5134
6536
4738
6416
8808
2897
6835
3754
1804
4114
6442
3428
1816
6735
4229
4188
3608
188
5581
4761
3377
4911
6132
5304
8387
5470
741
8580
6565
8857
965
3643
8228
6503
7380
3693
5787
7771
5888
8609
3963
1466
5558
3996
7759
3247
3028
2686
5832
2478
8331
8722
3845
4801
2506
7250
2236
6404
1212
5125
2374
6322
5210
2622
8795
954
6056
5198
2594
8620
3983
6562
2981
492
4684
6339
5825
3702
5693
5449
1580
6395
3927
8019
2516
6811
6942
994
8131
6744
7627
2418
8854
4033
7096
3553
3351
6751
1907
5478
6422
8336
745
2344
6084
5801
969
3441
2799
7624
5952
2366
6762
1476
6958
828
5440
427
6993
2173
4375
5857
3320
3060
48
2371
7311
4632
5434
526
2318
4984
4515
266
4854
735
990
5585
6211
4878
2394
6203
2437
6412
6154
8266
3646
2167
2959
3456
1676
2300
4162
76
6966
431
7343
5834
1120
5333
5291
1507
7011
1862
1812
6985
7569
6718
4840
5619
1767
1824
4355
8530
4161
5177
2782
8273
5965
7566
3194
3492
3997
2997
8783
957
4686
2227
4666
6509
6880
7265
45
8950
4020
4292
7845
7044
5900
4692
8948
8908
8526
7584
2941
4811
6415
6370
6641
2404
2772
4181
7951
7325
5968
720
858
737
8009
2982
5165
2631
144
1211
3256
3190
1145
1864
4000
8388
3863
4148
1288
6547
4555
3639
3761
5097
2434
3034
7177
4486
8133
8612
5840
4238
3615
7155
8525
8712
3344
8831
8799
5122
6566
3479
7137
970
5475
561
3819
1771
522
4359
5378
2668
6760
8583
3000
6021
6646
5873
3752
3895
4031
1686
6896
3213
6743
4262
3176
912
2860
3218
2415
5250
7215
4830
8865
6885
7115
4603
5809
678
8781
6294
1016
5108
3364
8199
2340
3843
2433
3197
4876
8614
4925
1590
4066
8404
1569
888
7919
724
1777
2496
1317
1037
6818
7381
8643
1515
6318
6107
8882
1352
4062
986
5065
4690
8121
7315
1225
1240
7419
2961
2059
5329
485
4861
4270
8667
6564
6806
1060
3093
2214
1135
4427
6686
1844
4142
1652
7979
8142
5923
3999
5021
3604
4945
3394
3438
2310
1870
2581
8656
6243
1125
6290
5168
2583
6803
1429
8725
2900
4024
6989
4740
650
3292
6003
915
6156
1021
7180
6157
1453
6722
1517
7303
1154
7211
1866
2241
1378
6615
8123
3710
5127
1438
3217
321
5387
3920
964
4316
5498
4417
2621
1209
5365
5121
951
1057
1020
6944
5917
6950
3201
2367
6446
4321
3192
2476
7198
6242
6123
844
6858
3655
3970
4560
5791
285
4837
3221
1193
5114
2520
407
3157
3219
7051
5530
2219
521
1794
7208
6516
7254
4792
263
8629
870
8923
2780
1253
3810
3665
6198
4143
1370
3953
5971
7334
1342
1973
4203
472
7354
5833
711
2824
2504
761
5391
6436
6731
4122
5152
4394
2457
5569
1004
3540
7078
4914
5202
1336
5742
205
4508
1006
1391
6375
4638
8147
3560
3379
6116
7713
