item_recommendation
25737
7541
8117
7613
8571
8327
7872
8093
7697
7478
8360
8225
7976
8477
7437
7914
7636
8253
8207
8056
7560
7809
8183
7782
6154
8447
8290
8596
5765
7245
8033
7669
7649
7282
6365
7186
7738
7020
8743
8403
7394
7802
7502
8070
5159
8261
1580
3232
8927
6140
647
5597
775
8633
6073
8879
6840
6390
7831
6918
8684
5515
4873
8385
8410
4885
8228
8154
6559
8420
4941
1699
6751
8167
5909
8772
6970
4290
6436
5923
5808
6178
7407
6806
1513
3127
6579
8589
6493
5662
6768
5538
8003
7121
5254
6294
7728
6760
8709
4584
6464
8699
8859
7340
5410
5146
5341
8336
6021
5723
7932
7299
4550
6826
2647
8499
5825
8147
401
9018
1111
8661
6195
7979
6355
7265
6703
7055
7228
7720
5742
5288
8998
4600
7160
7759
7878
5980
6977
8542
4079
8899
5729
8654
3281
2149
8451
4765
7888
7101
6658
6862
6547
5715
8136
8376
3875
4740
8670
6856
8143
6695
6132
7938
7139
6091
5177
7038
8522
5038
7826
8625
8636
2159
3587
7204
8620
7254
7753
5585
129
8892
4366
5553
659
6835
1523
5470
7234
5772
1145
3216
2769
5433
8273
4153
8807
7990
5699
7705
4928
4731
656
6143
6624
8235
7484
3188
7995
7835
7122
6477
7307
7450
6315
7386
7075
6283
3819
1379
8275
6395
3399
7481
4821
8853
5186
1701
4716
5264
7177
8263
6832
5193
8462
6609
3377
4108
6934
6533
8827
5139
7293
6884
4432
6077
1816
5617
8580
8591
5768
5853
5675
6260
9012
3224
1298
6902
5872
6636
4543
828
1870
731
7713
8157
6484
2236
124
4895
4911
6422
3324
837
4709
6974
5968
2659
3334
6639
4437
5850
1437
4406
1777
4076
1317
5282
5581
8187
5033
6184
5788
8779
4876
6620
8724
6995
6591
7099
3936
7260
5666
4241
5398
5689
5489
7943
3459
4396
4875
7263
8695
3192
4696
6684
5125
1507
8777
8903
8039
6408
7881
5965
6728
231
4602
3489
1515
6706
1569
5018
3608
8665
5556
5198
1632
1562
5443
5182
8720
7987
4727
4262
8675
2642
6981
6686
3456
5568
6051
7379
5312
818
8524
6404
4210
7334
741
6628
1479
8422
4920
2581
6584
8961
5427
3494
6211
3889
6093
5269
5784
3421
7250
5684
2063
885
6612
733
8607
2832
6930
4171
4420
2366
4088
1652
7040
6314
6850
3251
3060
1649
4414
3795
8819
1606
5134
4
8142
2442
8882
6148
2686
3460
5752
7256
6947
3221
724
678
6419
7786
6264
4139
4404
2138
4914
4809
2696
3417
3845
6521
2212
3804
3284
7110
3249
1660
6329
2496
2687
6476
6906
7698
3924
7445
3928
3707
7587
4639
3263
8833
7944
8840
6932
3351
2227
7762
6870
5839
5241
2660
2776
5114
2892
869
6269
3028
7577
2252
6016
8943
4945
2241
8366
5013
7820
4577
1783
980
2617
834
5117
4761
2784
2516
189
3292
5815
7817
626
5936
1131
4923
1639
4608
2062
1812
5101
2478
7834
6000
7492
4896
6757
3686
1003
6615
8751
6803
5932
8600
1147
3470
3807
4857
1120
1476
4349
7073
849
6273
5008
1060
6718
135
3272
5323
7771
328
1590
1472
9001
3174
380
5707
9004
3434
6857
976
7355
7844
7706
7843
6617
6185
4386
140
6735
6944
5275
7615
7007
2758
7285
1525
2415
7841
3393
8604
3668
2979
5787
7895
6571
6722
6513
1255
6047
8650
6440
2824
6678
8920
8857
998
5625
4691
8848
2009
4316
6245
7946
6454
6537
3946
6064
8761
7579
7272
4605
8642
3420
4878
6281
4084
2915
915
6502
7789
5059
3142
3402
990
6318
5137
7925
7790
4213
3098
8623
5933
8711
8954
8208
2641
7076
4538
8577
8373
3872
8823
7143
4281
8240
7625
4302
7959
1686
6458
5810
3307
5462
2537
405
1640
1320
5693
8979
4844
6927
3922
4033
1794
5074
893
4251
7126
7748
4207
4544
6446
4246
6552
4735
105
6564
4721
7822
4680
8482
6800
4498
492
4697
6114
3088
6630
7078
4201
5795
1688
6748
3563
283
5985
5611
1497
1057
3522
2490
4511
4936
4273
3163
7248
7190
5518
4704
5846
4284
1346
3656
474
5081
2114
3081
2961
2404
7419
7162
1980
1645
7815
5902
1036
2626
213
2605
6207
4561
1422
5791
3714
8484
8491
7894
3247
6525
7415
4795
2779
7833
8910
3871
2983
2582
4724
3693
872
7025
3210
4506
1744
7757
714
984
4703
8689
4520
2981
8808
5348
2615
5293
5459
4846
7899
6713
2799
8128
5395
963
1352
4121
7211
5413
2506
2688
3975
1657
4278
6279
7123
6676
7327
2300
3868
7897
5304
3814
6765
6244
3955
2531
1329
888
76
8199
8616
2839
7258
1771
5128
7323
8121
7792
960
4473
3706
8914
6203
6040
2860
2668
4135
1941
5754
2956
1608
2627
1287
3368
6743
2720
2295
6561
7171
3093
1440
188
2214
6774
6470
1401
4417
3379
1225
6827
8268
7619
1500
3816
2318
7135
3354
5377
5899
2394
2622
1192
4963
6383
4686
3700
1683
6231
3160
5165
5021
2611
5696
6498
5449
2311
931
1647
7208
6535
1839
4967
5291
4632
2900
2815
1767
7034
735
321
7142
1935
6003
285
2609
6723
891
2548
858
3034
1377
5242
4440
986
2153
2037
1161
5588
6985
1819
3837
8838
4976
5438
4718
4047
4645
2305
3202
3709
4999
593
1994
6162
1078
8453
2097
3516
835
7198
3388
6223
1501
5952
1454
864
861
3574
1739
521
5161
6595
5735
7068
3207
5782
205
8130
4300
8138
7791
7063
6375
8921
8872
8966
5002
8828
8955
4450
5004
3611
2640
8197
5056
6963
7017
4477
7919
8158
8985
5001
5170
8949
4312
8835
2513
5034
5003
8423
7153
5655
5680
5678
5672
5670
5667
3825
5641
5686
4832
7357
6331
7346
5847
6732
5685
5690
8123
5826
6121
5796
4677
6341
5746
5736
5732
5836
8372
5710
6342
8371
6105
5700
5577
8582
1617
8785
5373
6851
6852
5363
8768
4104
5285
7702
3654
6887
6896
4929
6060
5940
4889
8672
7235
5400
6754
8610
5517
