item_recommendation
25737
7872
8327
8571
8093
7541
7914
7697
8447
7613
8360
8070
7669
980
8117
8290
8183
7437
8225
775
1523
8253
7560
8033
7636
5264
8056
7802
1744
8522
7728
7782
1513
8235
3281
8879
5159
8661
5410
7738
3232
1003
5489
7407
8154
8410
2212
7478
4658
5597
8477
3368
8403
8684
1816
984
955
3235
8420
5515
7293
6579
1046
7753
953
526
1767
2227
960
8761
8385
5008
4782
7938
6091
8003
741
232
966
4821
2935
5134
1907
976
1812
2686
858
647
5033
731
4584
733
266
3324
1024
5193
285
695
2340
4600
954
1777
48
8499
5723
6318
4809
8819
7649
5980
828
888
1288
1562
626
7720
912
4830
5588
970
4638
969
401
881
3869
8977
2374
951
5909
7394
2659
8859
1281
6509
745
6178
994
2173
5177
7186
8777
6440
8743
2062
8633
1317
5473
1652
4696
7976
4437
1702
8910
8699
6365
8654
1639
4188
45
1515
4366
4795
1053
3632
1844
4920
3093
2772
3604
2236
5611
5379
6073
7234
2504
8167
4649
8772
2668
7619
870
5117
4051
5662
4941
6559
4162
798
3292
5210
7484
4414
4262
522
6826
535
1013
129
1794
8927
8751
880
6355
2780
2427
4761
4731
2396
4984
2241
5772
7757
7878
990
5296
2793
4765
8961
1352
8596
840
3420
472
2761
7299
8864
872
2288
7316
4740
4873
1004
6195
6207
1531
3608
1739
2605
8665
321
2344
3081
8899
6728
957
4161
1472
4987
4391
8451
1125
1590
5198
3210
8207
5498
2442
6322
964
4861
9018
996
4550
6624
8008
1608
4076
8239
8228
4177
5729
1209
5161
735
6902
8620
1006
2752
8670
5021
2769
1657
3751
1721
981
6703
196
3816
7583
5787
6000
5017
1476
3213
2521
1696
3268
2966
2687
474
3575
1135
1040
1042
1016
2727
6748
2937
4375
5936
4316
8392
718
4121
1580
3863
2860
3428
1020
1699
1970
4603
8709
1012
3296
4632
1771
8799
1676
5433
3996
6970
7487
2300
3125
485
8589
4432
6404
6143
8722
2577
1187
7748
2155
6751
9010
8609
8998
1145
2496
4577
986
2398
1394
6918
3615
3761
3639
8612
5122
8831
8169
5840
3344
4238
8712
6566
8525
7155
3479
8133
2434
5097
7705
6568
4901
6154
5114
5236
1057
1026
3113
5839
761
4686
2506
3854
5282
2981
2798
5888
2154
2786
6739
4727
5186
816
7254
1569
2439
2897
5765
6294
4885
2248
7245
1030
4228
1507
8388
101
785
5815
934
1624
8187
2709
1852
2468
8376
8136
3875
4911
1437
2437
8667
1060
8865
6630
2583
2835
7990
5438
8157
6521
3522
2352
4933
7099
7762
3431
100
6885
7817
4846
5226
5312
753
4612
6760
2415
189
2318
3438
7831
8636
1831
4511
875
963
5641
7107
7204
724
2975
5795
5352
2976
4394
7932
550
656
5968
7282
3655
725
263
3799
6121
2204
1834
1120
1078
2433
2829
1876
2467
8491
8482
7577
2186
2159
4101
8387
3702
6609
531
861
2533
7171
3188
5229
2494
3587
3086
7809
1111
6314
6636
6279
2038
5440
288
3402
7211
1028
6395
3051
886
915
1161
1951
2925
5012
3238
2689
6290
1980
5742
5693
4024
1819
1132
5655
3024
961
8261
5291
6892
2801
4462
4033
2799
2545
5568
720
4634
4304
8580
4420
3173
2674
2669
2082
3427
4440
4246
1582
3668
1612
3354
2366
5569
5065
1363
5470
2546
4945
5530
8827
899
5398
6341
3150
2817
2688
651
2004
31
3116
3475
7272
5926
5703
7189
3127
4837
2531
4191
3676
407
427
2609
962
1131
5768
5288
2775
4801
1959
6977
1331
1870
4524
2815
7771
6056
8903
6260
5715
8591
5675
5853
9012
8695
4079
685
1996
2802
6550
4081
7036
3176
1453
498
8689
866
2310
1150
5548
2766
3417
2959
6426
965
1783
6242
5346
4401
8607
916
8943
5699
3596
2385
3430
5850
2567
1516
3377
5832
2043
1295
864
885
2457
5857
1525
1021
746
835
1032
2633
6920
2195
7786
5413
1997
7130
2295
6493
6077
527
6676
5752
6835
2399
2912
6162
704
5558
3177
2393
3134
3042
2789
2364
161
1063
1186
2715
1388
1204
1226
2866
3005
2403
1233
3068
1080
1804
6436
8629
3845
6039
7263
5483
1041
1085
1393
3508
2436
2570
6840
2231
7135
1010
1193
3882
7789
2858
4086
1380
678
3387
1973
4515
2956
659
3649
2284
8039
5038
1066
3978
1556
4614
8604
824
510
1616
918
1759
2215
2922
2074
99
167
2596
2285
3147
1047
306
6612
5923
2325
5377
7888
4680
4404
7011
2704
6743
7995
2046
2497
5214
7502
1019
6536
2513
4349
2407
8614
4417
2026
3408
1730
8268
2621
6390
2779
162
6498
4605
5053
5182
737
6223
95
4645
1581
205
140
7415
5801
7380
4636
1508
6803
5080
5009
8807
1726
1184
2600
8462
2985
8009
893
1059
2990
3602
1631
1036
4255
6513
131
5378
4448
2630
5809
8524
3211
3258
2039
4878
4968
3804
2581
6148
2982
4897
8422
1104
4659
5570
5375
1497
6798
829
6412
4108
6718
793
4728
5585
7038
6832
4555
6535
7110
3028
4194
2986
2745
8574
2843
6116
3819
6591
348
2617
7840
1429
5518
8511
2572
8142
2301
7743
2441
6658
5581
6562
4560
3478
5139
507
3908
945
1286
6850
2696
956
5170
1810
869
2021
6762
3759
4954
1641
3194
4045
1218
719
2507
786
1037
4166
3871
5734
2535
2429
2950
3843
7078
2346
3370
1015
2634
3540
7228
4722
2832
1647
836
4936
691
2624
4923
6225
6932
4197
742
748
7566
1433
3010
1487
3997
8948
8950
8526
4020
6348
7044
4811
1824
7845
6370
6415
7584
8044
2941
4692
4292
8908
5900
6641
3492
3388
2327
839
5808
1031
5427
6768
372
2839
991
2905
2465
6880
4774
8720
3504
2207
1873
998
3521
5304
1518
3006
47
5222
5302
4333
5342
4640
4662
4676
5637
4977
5463
7121
1841
2283
6047
1916
1055
2069
3752
4627
4399
3218
327
202
