item_recommendation
25737
8327
7872
8093
8571
7541
8117
7613
8447
7697
7437
7914
8225
8253
8360
980
8033
7560
7669
775
8290
1513
8183
8070
7636
3232
8420
5515
1523
7478
8403
5159
741
8477
7782
7802
8003
5410
5597
8056
1003
5765
1744
7649
6073
3368
1907
8772
1816
8743
731
8207
8499
7245
960
733
8596
858
6826
4795
5198
4696
8522
4830
3324
285
5980
7728
2686
4584
1046
7738
6091
5008
5489
3235
4600
6918
8154
8899
6365
1507
1812
8385
5723
8661
6559
8235
888
5662
2659
4658
8684
695
976
6579
526
6154
1777
2605
6355
2769
129
5742
4316
647
7938
7976
984
266
955
2212
745
986
5186
6178
2288
626
8859
1515
828
5033
5909
48
4550
1870
8167
8998
4414
1767
3854
1288
5264
7878
735
5312
5117
5611
6970
535
969
8410
2227
7407
990
4731
951
6902
3816
1771
4290
5177
1352
7753
6195
7186
7234
6318
953
4941
1639
2340
3281
6260
3604
8819
2300
1831
232
472
2688
4076
2374
1844
8589
8709
8636
2062
8376
1120
401
7705
1562
6294
954
1657
4649
5288
4740
8136
6728
2780
2241
1739
2504
7293
45
9018
4873
5715
6493
885
4366
1024
5161
4761
3875
4765
6718
2912
2798
1006
4727
2236
4577
869
1060
963
4246
720
4101
981
4821
1317
8879
7831
6760
4638
966
3377
5768
1819
3210
6143
5853
8761
964
2829
5641
7282
5675
8777
1437
8670
8961
2772
8654
6609
1053
2496
474
970
7786
912
1794
8591
7394
3522
1187
3845
4782
1013
3188
6751
5968
7888
1624
724
1209
1580
5729
725
5588
4079
1145
9012
321
8580
746
3086
5936
5134
798
1783
2741
5275
5839
7748
1696
8699
1531
8629
4262
1021
4801
7263
5433
4417
6132
4809
8633
5815
1525
7577
2159
3238
2937
3113
6658
4987
3420
5193
5080
4861
3947
880
6630
4121
8665
3996
4228
101
4437
6243
3869
2248
8807
1042
8607
4162
1111
5282
1652
2385
189
5296
7038
7995
7809
6140
6440
7228
1004
6521
3575
4612
1026
4420
8261
1057
6000
3354
6242
6547
3417
1132
1472
6404
8827
1030
2154
6684
3819
3194
864
1020
2935
2801
2186
1161
8187
7254
6436
5346
1040
522
915
7299
5053
6322
719
5655
7204
1702
2689
6390
5672
7932
2669
1569
6568
4051
840
8524
996
3213
3388
5021
3702
1331
994
1839
3799
6835
5012
3751
881
100
8848
5699
263
2415
8768
196
5689
3292
659
7487
8542
6021
2860
4686
4515
5752
6676
5114
4920
6803
5254
5772
742
1852
656
2687
6077
6612
1631
6498
2668
6530
8910
527
6314
6624
4923
1582
2407
4171
7817
2982
3587
8943
872
6774
5291
1826
870
2173
4033
1590
6591
2976
4645
2506
886
4337
2770
4432
5625
793
3402
4901
3127
3357
1476
1281
4404
3649
7160
1047
7099
4984
4427
839
4634
6121
6513
3160
3668
2609
8751
893
8482
4936
4440
3759
4680
4401
2799
4895
5139
6706
6748
5585
6636
407
1336
2647
2966
5038
8039
3632
5498
2427
6892
1970
7171
7881
2231
2815
7502
16
3489
4016
1367
4391
8720
1453
1497
6047
6056
8462
785
2696
5009
3428
8695
5926
4188
3028
861
1836
753
4911
2082
6550
3804
8914
1688
718
1394
4349
5850
1804
3216
2981
5952
3093
5210
499
3889
2442
3334
2642
5666
6744
879
1726
1508
485
743
5427
1479
1017
2494
3843
5365
4524
2761
3456
2546
4255
6422
1135
6862
7272
5398
3871
1147
105
7260
5203
7757
2892
8008
7078
1032
2513
6116
5443
5693
961
4846
5055
2195
6695
31
8157
7979
2617
3199
1788
8142
7771
2745
2956
6840
5182
15
3852
1500
4241
218
3608
1721
3081
965
1834
2752
2347
205
2639
6932
2835
2660
5568
2786
8574
4153
3936
1980
3338
947
2730
6279
8268
8927
1012
7698
7445
7587
8840
4639
3125
4614
875
550
6800
892
1941
6148
3928
3707
8833
3263
7944
3924
4045
5483
5375
2880
6832
3358
8977
5170
5199
3159
7990
7415
3784
3262
3892
929
4888
4643
737
7619
3900
1131
2204
8920
2473
1330
6678
968
726
5017
5710
2478
1078
2581
1686
6768
4833
2202
3646
957
6703
8642
4840
5825
135
4284
2779
5795
6464
818
1501
5226
6896
8239
4319
1363
6977
3284
5222
8044
8147
4166
9001
2200
8451
2441
4380
4954
1059
5236
7419
4086
7826
998
7840
8689
5462
3408
4511
1433
6062
2481
3611
5888
3563
3359
4636
4605
5684
2318
5470
5473
2793
6798
4273
4394
2796
7107
5834
1517
4263
1581
3152
1125
6162
3656
4659
6743
3218
1393
802
8984
2440
7121
6051
1225
3795
6963
7822
5808
4976
4885
3307
1482
4399
6223
2366
8484
1346
6985
7208
5243
3173
4312
3714
9004
685
3285
1504
938
8892
7919
4251
5518
2398
5864
12
8604
5735
4191
4310
2594
748
3163
7357
4844
3150
5214
5745
213
2704
6341
7492
5329
2764
832
4111
3351
1010
498
423
5940
3758
7484
4333
4676
4662
4977
4640
5342
5463
5302
5637
7346
1104
2120
2570
4728
8903
7211
1641
6283
1750
6207
2467
8366
5304
6375
6887
2283
7198
4980
6225
313
8675
3176
6286
4627
1173
5799
3024
6850
2437
8511
6234
4519
4342
6571
1824
5572
6509
7126
3430
2383
6739
786
1192
8882
3251
5413
8275
1329
8640
5395
3051
7309
7235
2038
2775
5782
1287
6446
2396
2465
962
1310
1410
2534
4532
896
747
3723
5810
76
1008
8228
5836
1031
5265
5364
7316
1608
1055
1320
7897
4929
8838
2897
5400
405
3521
4552
1425
2497
2983
2582
2548
1821
7135
8672
1676
8781
721
1916
6885
4098
4625
8387
3753
3584
6331
4673
5165
5732
5069
2468
7759
8949
1901
5440
4197
678
5401
5685
2004
6432
6754
7063
6732
8616
3474
34
5285
5323
8828
1690
6383
6535
7130
4104
1019
2709
2438
6584
6395
5151
3882
6927
6042
2843
5449
140
274
