item_recommendation
25737
8571
7872
8093
7541
8327
8447
7914
7613
8360
7697
8070
8253
7669
8117
8225
7636
7437
980
8056
8033
7560
8385
7802
8420
8522
8290
8183
3232
5489
7407
7782
1523
8661
7738
5264
5159
7478
8477
8235
8684
8154
8879
7938
3368
7728
8751
1513
955
7649
4696
7753
1046
5597
5909
8167
775
1744
5611
4658
4584
5410
7394
6365
4821
3235
5515
232
8859
6195
4121
7234
953
6559
2659
3324
8003
8761
8743
8961
966
4830
2212
960
7186
2062
8709
9018
3869
8403
5008
8819
4577
8008
6579
7976
1562
1003
7293
3420
5473
1024
5033
6728
6091
4600
984
733
5198
4437
8654
5017
129
2227
1767
4873
285
8410
745
3281
695
4782
2605
8670
526
4414
4391
5723
4941
2860
8596
888
994
4809
4262
8207
266
6318
1352
4079
7705
3845
5588
1907
4795
840
1816
969
3188
8899
741
2374
8977
6826
472
4920
3816
3127
8499
8665
6920
6178
6143
2935
7299
3668
4316
858
1590
2340
1812
6748
1281
7619
1288
4686
6355
48
1639
6636
5134
2241
6970
731
7245
6624
7932
5980
522
3804
5296
6918
970
5765
4366
1794
7263
6207
8633
6892
321
4761
5012
6850
2173
957
8187
6609
3604
8376
7204
5117
8136
990
954
4605
3632
45
1777
626
4290
8927
8604
6669
5210
8511
6658
8589
2772
1145
7720
8998
951
6630
8482
7272
8777
1437
4188
7786
4394
4731
6521
4171
3292
912
4081
3875
8910
1060
6314
8699
7888
3210
4162
3113
881
6056
8827
5729
5177
4936
3608
6148
1507
6550
1515
4550
407
7099
7809
4801
976
8772
5470
986
7840
3268
6073
4051
1771
427
2496
5772
6832
7881
2236
659
1844
6440
4166
100
1006
2686
3996
8864
535
7130
4076
1057
2799
1187
7831
6739
981
1476
3417
4984
6612
3575
5573
2366
6322
5926
2396
3854
6140
5114
4638
6404
1676
3428
2647
7748
7583
2780
1004
7995
6390
2912
8228
7817
7107
4375
6760
656
5585
8039
4901
7484
2288
7316
2609
4987
647
4727
8848
4404
4861
4923
3522
4251
8462
3702
1580
7990
485
8745
6932
7195
4432
1020
144
2415
3819
5161
5312
8261
2897
5850
401
2981
8239
7038
263
4632
8392
7757
2300
6743
735
5787
1013
2660
4417
1209
189
9010
1472
4639
3263
3707
3928
7698
3924
7445
964
8840
7944
8833
7587
6276
870
1120
6751
1131
4612
6568
474
8642
2442
4524
7878
5936
6509
5164
7121
8451
4765
6132
828
3587
6493
3238
1021
7228
9001
6077
6000
2504
6498
2531
8620
3649
8169
1569
5236
5186
5498
8491
2769
4756
8453
3456
9004
6154
3093
996
4740
5825
7577
8892
7481
3354
4246
6957
5839
5433
2689
5021
8689
4033
5222
4911
6724
5968
1125
3086
5568
5483
2186
725
4649
4846
1295
2617
4945
1831
2745
3871
2669
5440
5815
3307
3207
6242
5558
5834
7487
5427
6395
6039
2248
7171
7160
6243
6703
5291
2793
2937
7789
4228
1739
678
6885
4603
4634
2798
1111
3863
8810
8609
8388
4552
4177
3377
2687
3251
7444
4885
6383
1042
7894
8131
1047
6762
3351
1317
8807
8695
6116
2752
2437
4895
2688
798
8903
7189
5122
5097
3615
2434
3639
8712
5840
8612
3479
7155
8525
8133
6566
3344
8799
8831
3761
4238
4161
2427
2344
527
7492
8854
7126
1161
6562
8979
6676
5329
5693
2642
872
4636
101
3882
2478
6977
880
8044
8650
3714
7254
5810
7979
5165
3160
7135
8865
8722
4954
3596
2318
4728
4662
4333
4640
5463
5342
5637
4977
5302
4676
196
2467
5628
6840
4627
1531
7380
5641
2506
6791
3431
3402
8920
6279
3213
3296
5265
5364
1132
4519
6535
7011
1652
915
8387
5282
1331
6294
1053
8607
7415
3357
7282
7826
5888
4680
7016
5378
5146
965
2159
3194
1970
2668
4659
8675
3285
3751
4342
2779
1030
886
5534
6981
5346
4101
7897
1624
1394
2829
5458
3033
4135
885
8507
5193
6856
6162
4349
1824
3655
6536
963
4194
6348
4024
2310
5053
8667
7958
4401
328
4902
7792
1525
4933
2352
3438
550
2418
2003
7502
2583
4255
720
8984
5449
1019
5521
5080
3163
4296
2976
8616
6650
1410
4066
6254
2371
3795
5530
4511
4427
1026
3508
6591
2407
7211
6690
5387
724
5662
5226
2154
4555
3199
2801
8943
4837
7096
7022
2404
1870
5742
7892
7762
5857
6684
1438
2966
2982
2533
1631
2727
5380
4645
1702
5832
6641
3563
1041
5801
2581
5952
4614
4897
8700
15
5352
6999
6260
2959
869
8914
2622
7311
6706
7055
5947
3176
2709
6695
2775
5241
6944
961
7456
3218
1012
2796
1581
8636
3997
7584
3908
2457
2567
5182
5809
1866
7566
1517
1287
8950
8908
8948
7044
8526
3492
4692
6370
5900
4292
2941
7845
4020
6415
4811
3759
3256
5715
1686
6744
6339
1657
1696
3081
1516
1608
2038
7759
1016
8574
3602
8009
4844
4666
8268
2394
916
274
4771
5464
3370
6803
2398
6835
3752
1329
6367
4304
3723
6426
5046
3028
5569
492
8542
1114
2900
5599
1193
5971
8524
3783
3388
3852
1819
6211
6985
2950
5009
5319
3574
1839
8580
2385
6902
2283
2468
5202
1876
2494
4153
861
6643
737
1253
2516
1834
1852
1032
4191
288
8625
523
3125
2439
3427
7841
1135
6880
844
2295
5965
7458
6615
8191
2761
5471
8014
2621
2004
2570
499
2465
1453
140
2149
3320
2704
8614
6927
2722
6114
2493
2346
4848
3430
718
2497
2817
5518
7036
4284
8813
839
7192
3843
7142
4235
753
5065
8781
2741
1336
3157
5562
5955
3892
4888
5199
4643
3262
5375
3159
929
3784
5873
5
3152
561
2880
5398
4420
4273
988
1721
1497
1641
3116
3475
1980
1479
651
5214
5341
4399
2433
7147
8530
1612
3676
2639
3540
2925
8484
4016
1508
5803
3515
5942
7222
726
6021
5609
5377
205
5288
1783
6283
4045
6731
3521
3693
1055
8730
7771
6513
