item_recommendation
25737
8571
7872
7541
8327
7697
8117
8360
8093
8253
7914
8225
8033
8183
7636
7613
7437
7560
7802
7478
5159
8235
8207
7782
8743
7669
7878
8420
8447
8290
6314
8056
8070
7649
8879
8859
6365
7976
5765
6178
8003
2659
8477
6579
8709
6195
6826
1437
980
3232
8684
5329
8522
4873
1562
1744
1111
1711
1523
1816
6970
6918
5980
7234
7938
8154
7888
7786
8661
8772
5723
401
6073
8807
8261
7932
3324
5909
7738
647
6718
4414
6559
8403
8385
1120
3133
6143
6355
7299
8998
7407
7728
7753
626
2745
3188
8699
5729
2212
129
7619
2686
7186
6728
8596
828
5597
2647
7293
1907
1472
3127
5772
4941
3368
4821
8376
8136
3875
8167
3417
4437
6547
7577
2062
7705
818
4605
8039
1552
2200
6091
6211
8961
8899
4600
9018
7394
7245
2243
7263
5033
1404
6493
678
5264
7809
5193
2935
5825
7038
4121
861
6658
659
1657
1535
8654
7228
6154
3804
7995
8751
6739
5410
6612
387
2779
8665
4577
5515
6721
8462
4366
6132
4171
5380
8499
6390
7282
2478
3587
775
1046
7771
879
6812
3235
2159
5134
6748
6703
3816
6751
5413
4731
3221
960
7881
4079
5139
3152
6021
4417
1003
3668
7115
3420
8187
5752
6650
8914
656
4153
8507
7698
7445
6932
3707
4639
7944
8840
7587
3928
3924
8833
3263
8642
6879
5038
2203
4686
2660
2516
7068
76
8451
2231
2219
2445
3207
2981
8689
4936
8819
8903
1329
3150
527
4051
916
8574
3845
2860
8827
5742
8331
4473
805
953
1425
1317
9004
966
7272
6957
7126
7016
8410
2617
6760
5850
7204
1476
6395
4920
4809
8636
6318
6609
731
4251
8675
6630
4246
5952
1320
8848
2227
5012
4076
6263
5689
6230
1277
4584
6242
4550
3251
1639
2959
5965
232
2404
3727
7111
1513
3292
6446
7979
1076
6513
4923
1870
5641
1024
9001
1767
5470
3515
3714
2832
5433
492
5473
6562
6898
6005
2681
8366
2241
3540
328
7492
5151
4761
2594
5489
4404
8979
5117
4658
6231
1833
5611
1668
3028
8273
3307
6806
1479
2769
7831
8670
741
3281
2565
2128
9010
3086
5810
912
7160
6254
3819
5636
6422
7897
1422
2368
5275
2609
7099
1783
5128
285
4911
6436
733
7792
8607
2835
1788
1665
3795
5899
5808
2442
2340
608
1196
6383
1433
121
2366
955
1739
2966
4895
3377
4162
1225
2622
6896
1281
3882
3869
2799
1145
1549
8589
3370
5288
8910
3489
6051
6514
7487
7502
6743
6744
996
2300
6077
597
753
8142
1779
1236
2780
2506
5556
5784
5269
3034
5633
34
5008
8722
981
5177
2712
2236
5210
5449
196
3843
8920
5787
2418
8943
2772
5114
7307
5949
6148
8892
6615
6290
1941
3632
970
5498
1073
144
8640
300
4885
5588
3163
6207
1916
1686
1373
8864
8511
6840
7826
3351
2390
714
6031
798
6279
5254
3334
6260
1482
5666
7260
4241
3936
5398
4081
840
5165
5214
6084
4451
4952
6042
2581
6892
5186
6114
1931
7934
2394
2002
1667
5782
1352
793
6294
6787
5443
4552
8777
724
6408
1721
2704
592
6464
5585
5021
685
5241
1592
1274
5198
7484
7894
4088
4273
4782
6884
8695
100
954
4284
5558
6803
2900
2504
5025
2620
8157
6541
4876
5548
7180
8482
6774
6316
135
4098
2275
3608
3900
5853
1652
5715
2304
6684
6484
1132
2738
965
1209
2927
1769
568
587
5662
57
6902
9012
5768
8591
5675
6686
2605
1342
1771
1880
1040
8453
1819
1791
7055
6516
6568
1827
8629
1580
7748
6375
3053
3069
2206
1542
2919
852
2916
2921
2244
1461
3148
2282
1304
502
2918
2889
117
3063
2031
1861
2920
1415
1347
290
2016
2012
1356
1237
1366
1238
1984
2810
3070
471
1180
928
2671
3166
216
514
1957
1099
2297
458
2734
2107
2967
1168
1392
8524
1429
194
2186
5312
272
3157
2462
2149
8604
3019
2917
6215
2786
1020
3686
178
2374
8008
4391
1325
1707
1606
8761
2761
3021
2318
7048
6624
5168
2897
5080
3702
1852
3604
1171
6521
4432
574
2752
4066
1246
4840
7040
1135
1125
3693
2688
2371
3213
3999
1964
8838
3996
2652
2176
2173
8239
2843
4188
1419
472
8542
2078
1826
6000
3066
2521
854
1212
2557
1866
6906
1624
189
3428
1529
3646
7025
3218
6162
1525
7569
844
3051
1441
7789
1590
266
1310
3018
5027
4972
8927
8625
420
2877
6724
7817
5839
1256
5936
2494
2335
2402
6140
5891
2912
1288
7011
6942
2853
3216
7315
1438
140
2545
5940
870
5304
8268
1131
1726
8121
1641
4086
2782
2741
8882
804
1840
5170
3146
665
8768
7815
222
3751
6159
708
7926
6858
4135
6458
1856
6793
7195
1834
1215
1393
4108
1933
7316
6595
5834
8580
3268
1631
2497
2668
1264
6535
7720
405
6591
8923
7130
4531
6413
3168
1588
5568
6678
1049
6944
5599
2817
7177
614
8797
8616
186
3256
4945
709
3140
2982
845
976
2819
2248
8600
2207
7238
7481
4706
526
8808
1699
1794
2458
1361
6690
2350
2507
7583
1114
7840
7107
2687
6183
5600
7585
2805
1031
1077
1969
4748
8795
1983
3763
7415
3160
7757
3412
6440
880
2902
6116
5203
153
6862
1642
8720
8609
342
7340
2775
2401
3394
1777
2801
1938
1013
7841
5815
7899
2551
5628
5365
1255
6182
5017
8544
6433
1864
2727
6322
4614
5985
8633
2344
8491
5296
2080
1940
5395
1902
2661
2548
7013
541
6981
5146
1566
6985
7892
6414
3947
1253
5182
3980
1466
2468
2624
2961
1336
3456
4842
6400
4801
2139
7844
7355
6617
7706
6185
6283
7843
5693
4765
3142
4235
6331
1029
205
8810
1696
7458
2396
2373
6027
962
2427
725
692
721
891
6498
7379
2155
8014
6641
569
3879
1444
3081
326
600
2286
3508
1644
4482
1586
1026
7444
6123
4901
6676
4865
8336
3011
951
3250
463
7101
2956
5282
1021
3338
8781
994
