item_recommendation
7613
25737
8093
6170
8042
5850
5745
7560
8327
7478
7234
7872
6579
5825
5254
6114
8117
4932
5323
4792
5765
4714
5795
6031
6005
6100
5531
7697
5839
4652
1949
6927
5818
6442
7700
7541
7042
8571
5258
3549
7574
6096
4469
5643
6890
5575
3584
8447
4151
5932
6084
3086
6178
3681
6695
6327
6263
7067
7308
5359
7493
6971
7179
2897
5597
2935
4557
1225
7069
5599
8290
4304
5799
8225
5291
8183
7502
3646
7649
5000
4495
7914
1152
8360
7437
6121
7669
7802
5159
8477
8070
8207
2424
3136
8522
5061
8420
1715
980
8033
8253
8403
5747
3513
2044
6154
8743
5662
984
4945
8596
5723
968
145
5008
7728
5980
8772
2478
8235
7976
7782
7254
8499
7096
965
775
401
1282
5515
1003
6533
4171
1859
6902
5742
6703
1317
8154
2587
7636
8899
6073
8056
8684
1059
6970
2388
5264
3232
3487
922
3653
8761
1739
5655
8167
8410
4941
8003
8998
8661
7878
798
6047
8629
8636
5186
743
6260
5729
1006
4903
2668
7245
1515
8385
8589
731
6103
2700
1527
8819
1027
1831
1767
5651
1744
1873
7407
976
969
1513
1484
1777
4550
5288
5134
647
5909
5853
7938
8633
5413
5768
5715
4761
4782
3412
6355
5675
3783
1721
997
5198
8591
5888
8709
9012
5275
6493
7293
718
964
2628
1104
1197
7282
2300
960
3621
1804
8580
8376
8136
685
3377
8699
4420
2761
1783
8665
1367
4366
7038
2786
5177
8654
2937
3051
8157
9018
6091
5410
5936
8777
6918
3875
1636
626
8859
5666
5772
885
5689
2548
5193
7186
724
5312
3819
4220
4809
3081
745
6547
6314
2427
8187
4821
1608
4076
4911
5139
3489
2832
8879
7228
7487
1580
7272
4394
1816
2159
4731
6509
7577
3816
8807
4920
3368
1507
1812
8261
3028
2605
6195
1870
2231
2577
3587
8039
6835
6728
1750
5926
5038
1907
8670
5808
2659
3889
6751
6624
7171
1145
8542
2704
2981
207
4577
1472
1852
2686
8607
4251
7932
4740
7753
3150
5398
5641
2843
6365
1696
8943
8977
2835
4241
3334
7260
990
5296
3936
8484
8695
3927
8142
8961
6513
4153
5815
4432
2120
816
6408
1962
3235
2399
6211
5443
5693
2769
4462
4963
4417
7831
4873
2983
2582
1523
2676
2284
213
2169
951
2775
1562
741
2186
8848
8462
8720
6684
101
4765
8910
5699
5117
986
934
7078
8524
1997
4437
1147
6404
3211
2912
879
5968
5732
5752
6676
2966
2342
1053
5282
912
2982
7204
5710
6798
5121
5161
1363
7881
7099
6077
507
1196
656
535
4095
7888
2325
1218
7394
2633
129
7771
7995
7738
7743
2078
864
5611
2866
516
7786
2596
3281
8451
6826
704
1959
3134
3005
1204
2285
2766
2215
1080
2393
3147
3177
1186
161
1388
99
1616
1063
2715
2403
1226
2922
510
1759
1233
2364
3042
3068
2074
918
167
2789
162
2696
306
8268
1479
6021
2546
2183
6062
3417
6706
7764
4427
8121
1972
3071
5365
2429
880
1046
1730
1752
1841
2090
725
733
2858
7789
3188
1860
6609
8920
8482
31
4984
8675
1966
3140
2347
205
6530
47
5363
1040
5703
4923
1184
6436
1192
6760
7208
3093
2155
1437
869
45
8903
2236
1012
278
5832
6658
258
6630
872
659
6832
2327
4893
1929
4440
2634
1187
6862
8722
2383
6718
547
7334
3608
4262
2647
4638
824
2975
3016
348
5834
3238
2043
3041
1951
2793
7492
6591
2572
4878
962
95
3006
4678
2753
5556
8576
2207
2146
6395
2956
8718
3324
7415
3307
695
1021
3649
2507
5218
8892
5470
6636
8882
6887
1085
6985
1791
3292
5164
8768
2350
8008
1095
8927
6383
2976
753
3176
2513
5466
6051
3851
947
4414
7990
5836
5625
131
8275
2688
3387
6803
5696
6400
5226
5553
6774
2439
991
2654
1549
6498
6390
4600
3773
5285
3173
7419
6446
5787
5940
2990
1858
1689
5882
5672
5352
1834
2134
6294
5498
2014
6422
6331
1980
526
5784
5269
998
2039
8838
1286
2986
2780
8781
6035
6850
7619
3611
7822
144
285
3474
4727
2946
6800
4967
1586
7919
8689
1973
243
5684
6963
5572
2772
6375
8914
1581
2600
2494
1020
4312
2583
7346
5718
2687
4263
5857
8614
2091
1824
8147
1288
498
6768
8638
6678
858
2521
1077
3502
4976
2993
3408
1330
2385
750
439
4450
1092
1130
1624
1819
2344
4060
4995
266
3996
2178
8366
6286
1111
3284
1185
48
460
531
4478
4378
3975
7198
6896
7809
7235
7309
5170
5056
5034
5826
6341
6432
7063
6754
5003
4929
8604
1796
6464
4200
8511
5167
4537
746
5085
8835
5746
5670
6105
5847
4980
1529
5292
707
71
2815
785
3948
899
2407
6584
7263
2798
8492
5735
6852
4677
6851
8828
4300
8610
6732
8672
8372
8423
5373
8371
4832
3654
4889
8158
6342
7947
7702
5001
5004
8130
7017
8123
4104
5685
8872
5686
5401
5400
3957
7153
3491
3497
8921
7791
8949
8955
8985
5517
2640
8966
5680
2130
2184
6645
7894
5304
865
5667
5577
5700
5002
4994
6060
5736
8785
8197
3499
7357
3825
8582
8640
5796
5690
4477
5678
2441
2318
6232
2567
5462
5055
2046
5734
888
8491
735
2062
6104
1033
3668
4079
5915
2288
3758
1617
8138
2621
7012
1784
5581
4834
1476
7616
2674
5243
1788
135
2864
6012
6225
2820
1702
945
6000
4088
2227
2504
7299
3096
5458
2570
3241
7311
1810
4033
8808
5033
2617
376
5605
1047
1508
4016
3483
4999
3500
1554
1909
961
5707
700
2651
1688
1690
6827
2440
6521
2418
8228
1089
4584
1056
973
6470
833
1925
589
4914
6568
2534
4801
1320
3263
7944
3924
7587
8833
4639
8840
6932
7698
7445
3928
3707
3359
4895
7107
1779
189
828
8642
6885
7320
2473
366
8622
4795
1667
3495
2660
5102
7757
2335
7817
250
748
5810
3128
915
580
2204
5791
7316
8853
5891
4246
8830
2915
4716
