item_recommendation
25737
8571
8327
8093
7541
7872
7697
7613
7437
7738
8447
8360
7636
7560
1562
1523
3232
647
980
8070
1816
8253
8385
8117
7914
7669
1120
4830
1145
2212
1513
8522
8225
1744
1711
6559
7478
2227
1111
1657
8056
8033
407
2200
1580
1552
232
5489
953
7782
1046
7407
5597
129
3133
7802
8751
6850
2243
1535
285
2159
4166
8290
7394
8420
1482
996
8661
861
7753
2935
4696
828
5264
818
526
4262
4782
1024
2745
3281
4873
1652
3368
2149
1844
5909
266
1777
955
8235
1433
6579
140
45
8477
7299
6703
8684
8008
1246
4658
1590
8654
3235
966
522
5410
2681
888
2779
1453
2504
1404
840
1437
321
3869
1131
4391
5033
960
523
7293
1240
2659
6521
2605
1701
6143
6658
7938
2203
48
793
8154
387
1941
4316
695
714
6195
4101
8819
678
3150
401
1907
427
121
5159
5433
3086
3152
3420
7976
472
6636
6669
1487
100
5952
2062
7121
1794
994
2340
561
5611
5498
6365
775
805
4584
4600
8003
1320
6728
3238
7234
7705
615
957
6856
6748
954
6840
2468
1076
1073
7649
2860
5117
4246
1970
3632
1880
4920
5926
7748
2445
1549
8879
5296
6920
2204
872
5473
2128
659
4821
1281
8670
7809
5017
2252
2241
5012
1791
1352
984
6140
4577
1866
1472
6091
1827
5980
970
5458
3324
6123
8859
328
1255
2374
229
3213
1631
2478
2304
1013
6318
4121
3845
550
661
4414
745
222
1676
2231
8709
858
7186
7487
1277
2236
7263
1639
3011
1099
4885
1831
1771
3113
2565
4761
6493
7020
2531
8167
8761
5214
7759
6977
1196
7107
2832
6624
1440
1359
7720
1292
1678
4605
2427
4051
4290
4673
1644
3354
3604
854
4511
8183
824
5515
881
6743
420
7245
2496
288
741
1767
8604
144
5
3575
7386
2462
6498
2282
4809
7444
3857
3854
4135
3019
2173
4251
1215
1707
3127
1954
1739
57
8961
6000
6207
1696
6314
12
272
2734
1592
1891
178
1392
1957
194
4686
9
4941
1165
5560
1531
314
7282
2499
7728
2297
514
2819
1415
1238
471
1237
1366
1180
2031
1861
2016
1542
1356
1461
1304
1984
1347
2012
502
3063
2206
2671
2889
2918
2919
2920
2921
216
2810
3053
3069
2916
3070
3148
3166
290
117
928
2244
852
1003
2967
656
5765
3168
5527
458
1135
1401
2002
2917
879
1168
2327
1667
474
1373
6676
1288
2624
3804
2981
405
341
2839
196
4162
4098
3021
870
1236
1449
7932
1812
6826
951
4638
1256
1940
447
4945
2647
1132
4923
6148
6568
263
981
5588
3996
829
3816
2386
2219
798
733
1938
1060
8743
4366
969
6832
1161
1476
7204
1125
7311
8827
2893
1719
2398
4801
1171
1325
4486
6591
2288
195
804
3081
6550
5198
1187
7817
6609
4550
2877
6552
8410
1431
4079
4437
1114
1274
3188
709
1717
6892
1264
135
535
1779
5346
3895
7990
4081
5025
2772
1686
1702
2769
1746
3146
8039
6918
3015
597
1253
4731
4795
1026
1480
1569
1422
7135
6390
1417
3983
7481
2533
2378
332
1864
6132
7619
7222
4296
2793
5218
2794
6440
1279
1029
1009
1006
6739
3018
5483
6073
2686
1206
2752
4394
8403
1041
3608
1979
1493
7130
1721
6077
7415
5319
7195
488
2195
4223
3977
574
4332
8482
1852
1345
6114
8511
6725
287
520
519
3176
342
592
5568
5134
3675
1267
1020
3702
189
5352
6535
1788
891
2275
1263
1419
1
990
541
496
4417
81
34
1473
6791
2674
186
7743
6612
2379
5936
8462
8899
3129
4901
1641
1606
8044
3913
2856
1353
3668
912
3889
513
2959
5888
1525
2780
2310
5008
5850
2669
3347
2048
1441
1425
499
718
344
1209
1837
6056
1969
3377
7840
5815
4143
3205
1731
3975
1726
6322
3522
7099
1582
8665
7189
3428
7757
2372
5236
7577
4734
4933
2352
614
8207
6276
1900
2371
1287
5080
6630
483
3676
8499
1269
2567
1903
3163
3871
5723
3475
3116
651
4458
1971
2318
2139
1931
1380
2439
880
1848
3024
324
3794
3207
8614
2311
4312
8169
1295
4524
839
2583
300
2248
3421
2798
2103
7484
2609
2613
1055
849
2344
1821
153
4404
4432
3040
148
2013
480
4342
6223
1340
3197
4842
7786
9018
1608
1332
2897
4911
5558
4803
92
1996
2366
485
258
1824
2661
4666
3002
6721
2494
3351
2390
1057
7147
8589
7888
2689
2912
7192
3454
454
1296
262
1541
8187
3831
4351
986
326
5839
2052
6643
5241
5161
5291
3210
6355
289
62
2272
5210
720
1234
886
4349
4954
8392
7995
6760
697
2572
3459
1004
2396
3885
923
2741
3175
2186
4515
2269
8810
650
1329
538
4719
1361
1681
8910
4066
4248
4406
2415
7894
1810
4033
4177
6212
3268
5947
4171
2237
7979
4555
2437
1819
2026
3766
1886
2985
1878
5282
6100
2307
3402
2467
3964
4895
10
2313
6927
1959
213
5899
8977
2668
7272
1199
4528
4359
2995
2710
1193
6686
7762
2727
1665
7265
2761
3587
7009
1290
808
1783
8689
1078
6944
568
7011
6084
875
7316
1799
1317
1507
96
667
7789
2976
6502
11
6863
8362
7827
2268
6582
8650
3508
7380
6424
4886
7022
3442
2570
2107
2022
31
4857
1499
177
215
2596
964
5164
6243
391
3875
5329
6970
4610
3626
4936
6051
8136
8376
1390
2927
184
1341
4168
1301
8142
5534
7583
8633
7347
6896
6877
68
8700
735
1840
1224
1049
4642
7566
5581
3543
3093
5801
6370
8908
6641
5693
6415
7845
4692
8948
5832
4292
7584
5900
3492
4811
4020
7044
8526
8950
6348
3997
6762
2941
1479
2815
2401
1584
5891
2442
132
2362
5809
6724
9004
1022
5222
7036
5857
2600
5599
6373
1032
6367
8616
5470
5585
1012
1532
600
6695
4388
1225
463
8009
2094
58
1515
8453
7180
422
8261
3805
2011
3099
5873
3752
3074
