item_recommendation
25737
8327
8117
7541
7872
8093
8571
7613
8290
8360
7669
7697
7560
8183
8447
7437
7478
8033
2832
8403
8225
7152
7206
8499
7976
7198
7914
8772
6073
8743
8596
5515
7728
7636
6154
7738
8253
1739
5159
8848
8636
401
6902
1317
8807
5742
7245
5662
1422
7782
5288
8410
1580
4550
7878
8580
5186
8056
6260
5768
5853
5675
9012
5715
8591
7282
7649
7802
1690
8899
6768
7099
8542
5597
8207
1777
5765
6178
8003
6835
8477
6547
8142
8684
7394
8720
8777
7020
6493
4731
1513
7919
7407
4740
5410
5282
5038
718
7171
6355
741
6918
6422
6676
6751
2159
8070
8709
6408
5254
6760
8998
5689
875
8376
8136
6513
1816
6365
1515
5538
8699
8650
7265
2668
6436
5312
8522
6579
3334
8275
4765
6970
6718
6091
4795
1696
8147
8835
7121
6803
2582
2983
6498
7254
6121
2596
8607
5723
7831
2090
8892
7293
6706
6896
7204
8524
2769
5729
1507
5177
4316
6404
5666
5462
1003
5815
6684
8943
8491
6533
7888
8451
5808
7958
8629
5839
5936
5696
5699
3377
6840
1192
6294
1783
8239
5968
6390
8261
8392
3489
8385
2761
3456
8838
8167
4076
2546
1493
1196
7809
7260
5398
4241
3936
4914
798
5655
5443
6850
3875
6703
4153
8761
6800
1750
5170
4885
7078
3851
7951
6856
4312
2633
2786
5684
5008
3232
5323
2696
8263
885
2120
5198
5055
3602
8724
1759
5625
2876
1472
2383
5363
5752
3758
5732
5572
4016
8123
5735
6464
7419
5710
5466
5275
3060
6584
1831
5795
7771
8154
4976
2956
4999
6977
6774
4873
5085
2976
833
5139
2399
1133
864
3211
6148
6571
5243
8420
4440
3900
8197
4832
1617
6887
6432
8949
7153
7702
8672
8423
4889
4477
8872
6754
8921
7791
8768
3499
3654
4994
4677
8785
6732
5001
5002
5003
5004
6852
3825
4727
3497
4929
7822
5034
3611
3491
5056
6851
8130
8372
2513
5670
4450
4300
7346
7017
5577
8138
7947
6963
6047
8158
5517
8955
6060
3957
6105
7357
5401
5400
5373
7309
5641
5940
8610
8582
5796
5746
5826
5736
5836
5847
8985
5667
5700
5690
5686
5685
5680
5678
5672
2640
8640
8882
8828
8366
4104
7235
6375
7063
8371
6342
6341
8966
6331
5285
3284
4834
8511
5117
2184
6645
865
4428
7012
6806
3241
1812
4735
4980
6470
1721
2009
1608
2405
1744
6296
3096
8730
6035
5693
7759
2236
6140
1870
3889
818
2534
213
6093
2572
3495
6827
6906
3477
4105
3359
1809
1860
8827
5053
2430
781
2504
4680
2935
5419
707
4878
5504
3150
6662
348
7764
3785
3189
3490
3094
4007
3436
3914
3429
3919
3757
3930
3426
3620
2875
1910
2783
5872
8589
2204
6678
2419
3173
6559
4649
4290
2982
3081
3824
5365
2774
945
2347
3653
1852
7379
7990
2835
4920
5203
7713
8600
8387
8638
731
1111
3656
4298
4490
5135
1078
7208
724
5092
2427
8331
5333
4095
4979
824
8042
1873
1291
2327
1286
6315
7835
6477
7386
7450
7075
7122
7307
5304
2704
3819
8482
2605
8014
8187
1959
1363
7299
1059
2325
3240
99
1233
2215
3042
3005
2393
1226
2922
918
2364
1186
510
2403
1204
1388
2866
3068
2789
161
1616
2074
3134
3147
1080
3177
167
1063
2766
2285
2715
704
306
2548
4532
872
1805
8502
1689
1104
2342
4246
5518
7139
1730
3691
4967
162
5980
6232
4263
893
793
5291
1053
1841
47
2858
2189
8039
4420
3194
6530
8695
2946
1508
8718
3006
4830
778
4584
1184
6286
2993
7444
7484
6695
7762
6368
2798
3753
2429
2441
3071
1972
6636
3402
6658
2687
3500
3759
6870
3007
3044
1652
1729
278
95
5418
507
7334
516
1951
6639
2634
7272
8808
3412
813
4996
4543
1822
628
6934
6184
775
2183
2118
7502
991
8273
5891
2820
5313
8604
2843
2091
1997
6103
1523
1240
2134
3064
8879
3272
3816
5433
7036
9018
1218
5193
5553
599
6591
1549
6785
4686
4945
547
2219
685
1095
973
1796
1084
816
2146
8795
2986
7995
1980
2647
5556
4060
205
947
8537
5161
1085
1556
2628
2975
7720
2478
2521
372
1909
1929
7881
2043
2497
8576
6877
1784
2937
4981
2170
911
7564
2494
3238
4709
337
113
4166
7932
3188
6458
1449
366
6671
7492
8689
3408
8670
4401
4923
7091
2300
888
2864
2039
1518
1120
2654
3396
2915
7924
2155
3051
7228
105
5146
2966
3421
4247
5581
2979
1688
8781
4963
1660
2779
8019
8332
2182
1952
891
2180
1018
1624
7826
1501
986
7340
2188
747
2912
4833
2458
743
3777
725
1033
3041
3338
1701
1056
3755
360
131
746
2904
2284
1089
6669
626
7323
1562
6502
5069
2178
2772
2688
5372
1545
3249
2453
5909
6195
8675
7577
1753
1225
4045
1135
1130
7892
1092
4696
3048
3766
5772
2021
5151
4691
828
990
4515
5960
7135
6957
4577
2801
3324
2014
1152
8819
2725
4801
1046
2465
7008
2741
3445
2615
907
2625
6400
12
2990
700
8903
6051
1975
8711
4302
71
1925
589
2246
4508
7943
922
2135
8927
8235
2892
1653
4911
7979
879
8963
6624
5264
2496
5071
1833
1582
1428
1529
5167
3128
4718
4956
6234
4703
201
1017
1161
2128
905
7705
659
1047
5315
1382
2432
2324
2451
2078
2583
2473
2195
4600
714
2981
1150
4022
4203
3086
6552
1981
869
6395
2176
4108
4101
2046
6419
8121
976
375
1978
2422
8751
1081
2339
84
5498
7130
2439
3388
2815
1297
2252
3922
4210
460
8661
5375
4678
6225
4857
376
4458
4462
7234
2424
3133
745
2649
3494
4987
4520
938
5404
8340
4861
3575
571
1310
1902
4876
2642
764
2570
2567
3459
3190
171
5932
6862
6561
2600
327
5346
4673
1040
7572
2712
3357
1097
3224
5850
5413
8336
2296
493
7248
3908
5926
211
5825
2537
1699
3130
3715
1990
1099
1145
7352
2689
5568
2613
1295
41
2018
4782
6989
2416
