item_recommendation
25737
7872
7541
8327
8571
8093
8117
7914
8183
7613
8447
7697
8360
8225
8207
980
7669
7560
8253
7437
8290
775
8033
8420
8070
1003
5765
7802
8403
7782
8522
7649
5515
7407
7478
8056
7636
8003
1513
6154
8154
6178
6073
8772
984
8477
6579
7728
1523
3232
8235
5410
7254
8661
6970
5159
5772
5264
6365
6314
626
8879
6195
960
5742
8998
731
5008
1515
8743
8499
7938
6091
3368
5597
3235
745
8899
5729
1744
8684
1507
8410
8261
6355
8596
7245
741
733
5980
4809
5723
6211
8859
955
8777
5662
4550
7293
858
1046
695
5134
5198
5689
1812
2686
5177
5312
969
4821
976
2659
2062
5186
8385
7130
1870
266
4740
6902
1777
8761
7878
2227
8722
6493
8636
953
3587
4437
1907
8451
986
7186
8699
8136
8376
3324
7234
4658
3292
2300
951
4911
6395
3875
912
1288
2769
7932
3608
285
5038
5139
4731
3816
8961
5556
6918
6260
5288
7753
5787
1816
4076
48
880
5853
526
1053
4941
3377
4600
5825
5715
5768
990
5254
7282
8903
5675
9012
8167
6826
8591
8187
6404
2935
5666
7995
3334
1006
735
5398
7260
5413
3936
4241
4638
2605
232
954
401
2780
4366
8580
5784
5269
8819
3489
724
8633
6728
7228
964
4584
5470
888
7809
8629
7577
9018
8654
3188
6408
6636
1024
535
5443
981
2340
2374
1317
5808
5033
8157
7738
4782
915
8848
129
966
8607
8910
1004
2668
6676
5611
5968
2288
6751
1021
2937
3819
2709
8977
8943
4262
2688
7881
1060
2696
1771
7831
6658
647
101
2912
7492
5936
4188
1767
1187
5117
5655
6446
4984
1042
7786
6077
2496
4088
2186
3093
5282
1624
828
5193
6630
5839
2801
870
5210
6559
5909
7976
2212
4795
2798
8589
725
8665
6318
7757
7272
6760
6521
1531
8039
45
1437
3281
1057
2241
1580
6294
8709
7619
4162
8121
8462
1020
5440
4765
4440
5352
6718
4920
3751
7204
2647
7583
1525
6835
2772
5791
1819
4873
189
5114
8675
7789
2687
8604
6207
8720
6383
3632
4246
8807
6609
8239
7316
2982
1831
6684
5752
8927
4727
1147
7771
869
3213
6509
8864
4801
4153
5489
965
4079
5834
3428
5795
3210
1367
3417
1739
2173
1209
7394
5588
5182
8228
6279
7979
4923
1012
872
2415
485
6850
8609
7299
8914
3238
1030
7748
864
5275
2385
1132
6436
2154
2344
1844
2407
8524
7888
1026
8620
3668
7171
7720
4414
7121
1019
1788
1562
1508
1352
4316
8142
720
6530
4427
3408
5179
1676
893
963
2752
6390
3028
5365
5815
5699
6547
8768
753
8387
2504
8865
8689
3434
840
6803
4273
7250
6143
8670
5202
970
8392
4420
472
196
3081
6624
2236
4404
4284
4945
4649
3370
994
8542
6464
4761
2966
5433
4696
7705
5285
798
5693
5641
656
474
4577
5161
4830
1013
2548
4177
5707
659
746
6473
5538
6047
2396
5296
1040
1476
7078
2815
3307
8147
4878
6331
3127
7115
3702
2183
4901
968
8920
1125
962
8482
881
2318
7101
4432
1980
4861
6051
3604
3889
2660
2892
7445
6932
8388
6774
3707
7587
7698
8840
3924
4639
3928
7944
8833
3263
5672
6121
6375
6498
2347
2676
5625
8169
3173
2038
5846
1582
5065
947
7160
1581
3125
750
2799
4349
4121
8642
4375
961
719
1472
7263
6035
4290
3996
1834
998
4228
3799
2956
4603
263
5323
4263
6748
6885
5718
4171
5315
6768
4632
7155
6566
9010
4161
7038
2546
3113
8795
5291
8336
6422
8491
7208
6612
2897
4680
218
7340
6513
4936
2442
6148
8366
2699
7899
5710
4016
3615
3479
3639
5840
5097
4238
3344
5122
2434
8831
8799
8712
8612
8133
8525
3761
7502
2793
885
3869
6103
1769
6896
6706
3805
1750
5572
6525
2829
3584
1652
7487
4312
1192
8574
7822
7177
205
7444
6322
8695
9001
1876
6744
2478
2513
7099
1331
6140
3863
5055
7139
8640
2433
2775
3655
4976
2730
6550
3051
5053
1037
5462
3882
8882
4251
6341
2651
6000
6243
5438
6440
2427
3387
4748
3854
8827
785
2983
3522
1702
5940
7817
5735
2404
5170
3795
886
1529
2582
4024
3194
6476
5218
8008
2009
6887
3879
8268
7357
2976
7815
3758
4417
2802
2082
2159
2441
5696
4619
6155
2004
2120
4703
8781
5836
4893
6690
3575
4450
5732
3456
8672
6963
3404
321
8275
5466
6800
7419
7346
5843
5684
7990
3140
3611
2925
3780
1688
7919
4477
1281
3284
3656
8422
5046
6584
6242
1032
8838
5214
2835
5544
2155
748
8667
1657
3759
1076
4885
4401
1590
6985
8853
5400
4716
2981
2617
743
6482
8751
8544
2440
957
4947
1721
1078
3359
6645
2184
1612
5670
5680
7235
5003
4929
8966
5373
7309
5667
5678
5001
7947
5577
5034
5685
8828
5401
8949
5056
8921
7198
5004
5686
7791
5517
865
7107
4865
5363
1010
5203
1047
1690
5518
6862
5705
2521
8835
3654
8985
6342
8158
5746
8197
5796
8130
3825
6754
8785
8123
4994
8872
5826
4677
3957
4889
7702
5690
6852
8371
7017
4104
6732
7153
6060
3491
6105
7063
3497
3499
2640
6432
6851
5700
4832
4300
8582
5736
5847
5002
8610
1617
1794
8955
1639
7897
5604
8638
1970
3438
5926
5427
1696
7012
4464
8273
4980
1135
522
8423
8372
5243
6484
2609
3425
4834
973
1059
2669
2883
5498
718
2764
5850
8511
1852
6568
8138
3354
3786
3546
3096
996
5404
4626
4999
8484
5777
4818
2506
3431
6470
2741
2689
1017
6037
3649
3402
4475
3677
2560
410
3241
5417
2473
9004
3788
919
5231
6468
7199
5995
5994
8611
4975
920
8363
921
5682
6250
3476
4140
1610
4960
5299
5300
4175
2106
3618
4459
5283
4465
5505
2697
8528
5506
5255
3992
4403
5057
3695
3679
4018
4745
3673
3664
3661
4381
4749
6793
5066
8584
4767
5694
6387
3943
4932
5111
8957
6936
5792
6228
3897
7117
5450
3835
6323
8970
5366
6332
