item_recommendation
25737
7872
8571
8327
7541
8093
8117
7697
8447
7560
8225
8360
7613
8253
6703
7437
6404
7171
7782
8420
7669
980
7636
8743
8033
8183
6390
6609
6942
8290
8899
7914
8403
5159
5952
5449
8859
7478
7234
7938
5723
6918
1003
8522
745
2659
731
7728
6826
8154
7649
8596
6970
8661
7186
8003
6782
8136
8376
8961
7263
8070
3875
960
8772
4550
7753
775
6650
8499
8385
4941
6728
6154
6314
5597
8665
8207
1317
976
266
3232
5515
7786
8998
8056
7189
6091
4437
4821
7802
3188
6744
5909
647
8477
8709
4731
4873
5662
3368
8462
733
6073
3324
7878
724
6178
6630
8761
4984
45
285
8920
1907
4366
8879
6612
725
8235
7888
6902
4251
3417
129
5117
3799
48
962
986
5008
880
695
659
4153
7502
535
101
3307
5729
969
6355
4923
5186
6012
5742
3816
8636
1437
984
8589
3127
626
1006
4076
3028
1367
7944
8833
3928
3924
7445
3263
4639
3707
7587
8840
6932
7698
951
7038
2660
6798
2300
2769
1767
7407
4577
8642
3377
4079
2374
3584
8689
7831
8410
1513
6579
858
8654
6260
4171
964
1515
1187
9001
741
7245
2780
3819
5715
7204
2647
6760
8591
9012
5980
7881
5768
7983
5675
2982
5834
3668
5853
5288
8580
1581
6121
1507
5365
4895
1288
5765
1812
401
6751
7126
6676
4404
6985
7738
3235
4761
2288
2478
7394
2617
5810
1021
7282
6835
8670
4801
5198
526
5839
205
2418
3281
7299
6832
9004
3795
5585
6840
4936
7293
5655
5611
1744
3714
8142
1012
6559
6047
4740
8633
3251
7705
6318
7619
263
5264
485
5936
2937
189
4782
8684
8629
869
2981
1777
8268
1739
965
1624
7481
6365
6774
1472
8819
2347
4432
7764
7792
998
1225
1870
7894
5968
6513
2775
656
2798
5699
990
4427
5926
7976
5815
6718
5410
8167
5323
1455
8777
492
1844
4262
4765
3157
2407
6748
3400
207
3489
4420
5413
8977
7078
3702
7254
6881
8484
8910
2062
498
1816
735
1562
3889
6493
7180
5282
947
8699
4638
5312
3256
8008
2622
1046
2935
2120
154
1771
8807
7771
3428
2897
1636
2688
2548
2078
7748
885
953
3860
3218
196
1517
8039
5000
76
1438
2772
888
2799
3238
3207
2394
1053
6547
3632
2415
5641
3693
844
5275
2668
8607
6624
1059
6887
6803
8720
1060
915
6862
3456
8882
1024
6521
5296
5693
6294
31
5254
5291
4162
8640
6568
2331
5021
5329
6243
5139
955
5666
4809
6684
3351
2621
8453
970
872
8275
7004
4903
2581
5226
2473
2496
6242
2843
5285
5710
4033
5604
3093
8914
5398
6114
4736
5732
7272
1104
1042
5888
2793
1523
6966
6084
886
5033
2605
981
2513
4440
5177
1004
3113
5795
6591
8542
6550
5752
5203
6530
8768
5433
1750
5689
5625
7577
274
7419
8524
2335
4795
2183
232
5568
2340
912
2154
3882
864
8482
4414
8943
3387
720
8923
8492
6678
7809
1047
1831
6940
4885
6104
7487
218
1192
6375
5940
6827
7208
5363
5165
4584
4963
7107
380
2983
2582
6143
6103
3394
4920
8781
5038
1017
8751
718
968
3805
3936
3334
4241
7260
8187
2686
2956
6331
9018
1456
5588
6021
155
7099
2458
6858
1020
5684
1330
5443
6436
6706
8366
2427
802
111
6800
6896
1531
2409
2186
5923
8848
2832
5985
6116
1834
5850
1752
4727
4844
8157
7090
6498
8838
7315
2696
1696
2433
8261
6440
4263
2516
5891
5836
3379
2212
5672
1484
7818
7817
7415
6186
3540
5055
5218
6408
1145
2546
7346
4312
8507
1429
3213
6850
8638
8984
5735
4477
2383
5832
4016
3034
1476
6892
3081
7135
3284
3611
4976
2227
6195
6446
6584
5466
2687
2651
6981
5243
1056
4911
8574
3758
4417
1013
4980
5161
2761
8576
1125
2385
6731
5882
6963
7897
93
7822
6695
5572
746
7096
8042
6035
6535
3176
7743
5164
6341
5193
2500
3199
870
6464
6470
6140
4876
2404
8700
1508
1352
1702
1804
5473
2318
5400
4045
7063
7919
5034
4929
5003
4095
5847
5002
2534
7198
4104
3497
5401
8610
6732
6754
8921
8949
5056
7309
3957
7235
8123
4300
8672
5670
8828
8371
8130
8966
6851
7017
3825
4450
8955
7357
7702
2640
7153
8872
8423
7791
8785
4889
3654
4832
3491
6852
7947
8372
4677
3499
8582
5667
4994
6342
5001
5004
8985
4967
1026
2900
6422
6286
6000
2184
6645
865
6480
2004
7334
3649
5826
6509
5685
5796
5700
6516
961
6432
6060
5696
6105
5170
8147
5746
3210
4228
5690
8158
5577
8197
5736
5517
5373
5680
5678
5686
1057
743
5808
4678
8695
5075
3160
934
1690
1721
6377
2961
700
1852
1147
4105
785
7448
6207
893
6957
3096
6533
268
8835
1617
3646
2654
1525
1569
973
15
3854
881
3587
7211
2730
2038
1030
2976
798
7012
2009
5825
3194
6768
5462
3241
7026
8138
4834
938
8979
4316
892
7219
4428
1010
7311
7160
1715
4999
1040
8827
3211
144
1209
8864
2741
5271
1008
1419
4878
8614
3996
6232
2521
966
5703
1873
1997
1132
1019
4846
3656
5605
7789
141
963
7104
840
2368
113
1032
2399
6234
472
4649
2090
8121
2442
3150
5971
1608
6433
5210
935
6502
5745
7484
4532
7932
4658
1810
6636
2786
6132
2577
5914
7257
3880
954
8199
6743
5569
3500
4200
1580
7990
2440
6296
3851
1358
1876
1783
2700
3495
7034
3359
4391
6927
4945
1301
1822
3608
1668
4270
879
2801
2815
2155
3173
5857
4086
4840
3604
2236
3051
4996
1819
7995
3753
6077
1959
1980
6383
4680
7228
1092
957
8604
4066
7979
748
1518
2764
3869
1363
2824
4792
1173
6777
5553
2159
407
3402
4987
6148
4914
7316
171
3502
1295
2231
4255
5558
6920
7115
4979
2441
6348
4718
2366
3216
7102
2572
1909
4298
6762
4490
5504
5292
3152
4686
5080
6739
7380
2342
580
5012
1028
2494
5965
4326
5168
861
