item_recommendation
25737
8093
8327
7872
8117
7541
8447
8571
7613
7697
7437
7914
8225
7669
7560
8290
8183
8253
980
8360
8033
8420
8003
7636
8403
8070
5159
8772
7649
7478
7728
1003
7782
8499
5008
960
8207
8154
8522
6826
3368
5515
8056
8899
7186
266
285
695
6918
6355
745
6178
8743
8385
8596
5597
6091
3235
5117
6365
8661
5186
969
7234
7938
7705
2374
6751
4427
5742
8998
731
775
48
8410
5662
7878
8477
7293
2780
5968
6260
6154
6970
8636
5723
8761
5611
984
7753
6728
6559
2288
6609
3232
6902
6835
45
951
535
5264
4740
2659
647
5768
7245
724
5675
5288
9012
5853
5715
8591
7738
101
8859
6760
8670
8910
976
4761
8235
858
5765
8008
6579
6676
1006
8136
8376
3875
4550
1515
3377
964
8589
7802
8777
2769
6862
1288
1187
1907
5839
8665
8654
5909
8819
880
1367
7263
986
626
4414
6521
6530
526
733
5312
8167
7786
8961
8633
8580
6116
5936
2154
3281
6318
7394
8268
1513
4782
5971
2062
8879
5625
1012
7299
6832
6718
4821
4076
6073
4417
4765
6798
2688
1844
741
5815
6630
4984
7748
955
1053
6446
5699
6748
4941
1812
725
6121
4432
4809
2300
1352
6774
4731
7208
3799
953
6513
8699
8709
8684
8781
3238
5296
6294
7407
5729
8462
1870
6684
3816
6331
472
8768
5033
8977
7254
3324
3113
1777
2937
5139
3188
1744
7831
5275
31
263
1042
1624
962
6892
485
4795
1021
189
6550
5021
2407
954
1507
965
6314
8920
5198
6803
5655
4873
1024
6568
912
6624
4846
6103
4801
6535
8720
5080
7771
3854
8142
970
5641
7096
1508
8576
7888
6234
6242
8827
4638
3584
5365
5926
3889
7078
4437
8638
7171
5291
4963
2183
4903
961
5752
6591
990
5410
15
2340
8607
232
5795
6207
8807
7204
3359
840
1336
5710
1531
6047
6547
5693
5323
6612
2730
4263
8507
7809
963
2548
2473
1046
5672
6436
1523
3869
6840
2654
5940
8524
1330
3387
4251
3489
7211
1004
7577
8984
7107
6404
7817
3819
5203
947
7282
8039
8147
1581
8542
5834
915
129
4718
8640
6885
4255
5226
5732
6464
3882
4923
8848
2347
4262
5055
7764
5666
1047
5413
4016
4584
6375
5952
6744
2605
888
2793
6636
2982
5850
981
5689
4312
7619
1059
4980
401
1767
6243
864
8629
1057
6896
6286
218
881
5254
3028
6021
8275
4914
968
2798
2801
5735
3157
205
2318
5363
1839
8484
886
3758
1752
8689
5282
5684
3213
4228
6827
4976
7822
1017
4967
735
4045
2038
498
2772
5832
5466
1013
3307
8187
1636
2696
6493
2186
2120
5398
6440
6887
5038
8482
2496
7012
8943
966
7757
5177
5443
2647
5243
4440
6985
973
5568
1209
6768
4241
7260
3334
3936
5440
2651
7316
2082
7818
4511
4153
5000
321
4727
2976
6706
5836
3805
8366
7346
1125
7583
3611
6341
7311
6283
2478
7160
6963
2513
6800
6498
2009
1019
7419
5012
3632
4079
7198
6658
3127
7502
7034
998
4832
7235
5670
8872
5678
5680
5517
3491
3497
8828
3499
5685
5686
7309
5690
8672
8197
5696
5700
4889
5002
8985
5736
7791
6432
5003
5004
1617
4300
6422
4994
7702
3284
6584
5170
5577
4104
8835
7357
8610
8582
8838
4477
5400
2640
6342
5667
5746
5401
3825
5826
7063
4929
8955
8949
5056
7919
5373
7017
6732
8138
5847
8423
6105
8371
7947
6852
5001
6851
5034
4450
8921
8130
8785
8372
8966
3654
7153
6754
6060
8123
5285
8882
3957
5796
4677
8158
8239
4834
171
6035
2188
4844
2227
4649
3702
7099
4316
4840
3417
5053
1030
3194
6686
6140
6225
6731
9018
659
7038
4680
3402
6000
5572
6143
3210
872
4577
5888
6777
6400
2956
1771
4911
6390
5214
5462
8574
8387
893
2184
6645
865
4842
2415
7894
6408
6470
8864
5882
5604
2687
2935
1437
892
2212
3649
2546
1020
7272
748
4830
7979
5965
3668
2912
8642
1980
7976
7189
4833
3199
8009
1750
999
2660
196
1317
7069
2385
8157
6678
2775
8833
8840
3263
7698
3928
4639
6932
3924
3707
7587
7445
7944
3445
3218
3093
3759
7789
522
3241
1192
9001
4678
4999
4404
957
5530
4691
4920
4936
5945
3096
7380
6502
5164
7484
4987
8492
4420
4162
7990
6739
7354
3656
4220
4428
720
7415
870
5210
5923
5356
5980
5329
1690
6132
8865
7126
8121
7487
6377
2764
5801
5857
4895
869
4901
6562
1696
5218
743
2433
1147
3428
2236
6104
6077
1819
6531
4098
6743
2441
8453
5985
8927
6232
719
6615
4066
3604
7881
8131
7228
747
7135
5161
8914
9004
4532
2932
3173
1026
1018
1739
3860
2799
1810
3851
5473
2892
1582
7180
3176
5085
2582
2983
1060
1295
4188
5352
1816
1032
4095
7453
6148
7566
1132
3646
3845
3608
1225
1438
8790
6762
4366
1824
5304
3500
6981
6617
6185
7706
7843
7355
7844
3996
3522
2078
4171
3795
3575
155
1092
931
100
2617
6966
4658
1455
802
4861
8908
4292
6977
5900
2941
8044
7584
4811
5558
8526
8948
4692
6348
7044
4020
6641
7845
8950
6415
6370
3492
3997
3753
5193
8042
6662
8491
3871
4105
3752
3508
6223
1501
7792
2331
885
2993
785
6261
6791
2741
6296
5588
2418
4086
380
8422
4401
4391
8751
7995
5075
2004
6186
1831
656
8609
1733
2700
6695
1173
2686
5810
6957
5745
1472
2609
6298
2497
5151
4686
3251
2241
5808
7841
7481
274
3714
2458
1834
8451
5504
4933
2352
8228
5825
844
4101
1805
8620
140
7121
5419
2792
746
1590
2344
1876
5378
6944
4893
6927
7147
2197
4246
1822
8854
6383
4981
2981
4792
6509
423
3693
5433
6816
407
6982
2533
6084
5449
5017
8392
2860
4298
7212
4108
3024
4885
5799
1836
7932
5600
5772
154
2534
6703
5864
2118
6533
5553
4878
8530
2829
5418
461
4270
5292
994
4736
8261
8808
6195
5121
5009
6950
5605
