item_recommendation
25737
8327
8117
8093
7541
1783
1425
778
793
4366
5553
5498
5597
5548
7872
7613
718
1040
8360
2159
8225
1120
1777
4458
927
8003
5581
3125
2647
4550
8447
8571
5538
7914
5410
1175
94
7437
603
4649
1437
1788
2791
7697
364
1809
8403
2445
1297
8290
7636
7282
5752
7560
1183
885
2446
673
4634
3798
2594
4731
2668
1658
5069
599
1145
1003
1161
798
945
1580
2236
44
2579
5092
8420
782
5489
1286
360
764
816
2007
2000
875
4577
824
611
4515
2761
2832
5387
813
4673
4703
6703
7487
1231
1311
1739
5782
8253
1135
8070
5980
6591
1819
4506
5765
5414
8033
1771
1196
3051
532
5501
4823
1151
4214
5087
4282
4674
4664
5556
5540
830
4655
4654
5539
5638
3520
5315
5047
5043
4516
4885
2261
418
8589
775
780
2200
4638
1833
5438
451
7669
8183
5038
1254
2605
1744
6143
1097
6021
374
348
1692
6035
707
4139
1295
2835
5372
1707
1974
1882
1422
4844
2786
1975
1310
4572
4183
7478
2628
401
2820
1554
405
810
3424
4401
1566
4197
5117
5588
4782
801
2240
5264
1317
1050
7394
4194
2935
1427
8772
41
1586
1523
8410
4840
5008
2686
1296
3360
1342
4600
4225
5502
1299
4360
2276
4133
5105
5093
4553
1457
1227
8477
4221
4652
4232
5159
1621
1721
463
1306
586
8239
60
3849
2766
8056
818
1066
6091
1885
1816
6042
4451
4952
6084
5214
7738
8629
26
5621
1022
4473
1900
8777
2375
1274
2779
7757
3214
1507
858
1907
1891
1589
137
5943
5241
4802
8661
1923
659
3232
960
7720
2053
1955
6436
4326
476
1979
4705
2453
248
589
1925
6718
6405
1414
372
2238
7976
213
3016
6073
135
944
7786
4357
3150
828
8154
2745
569
1223
4521
3010
1801
1493
2498
2912
1063
336
6390
3908
3456
1103
879
6530
1046
861
379
1889
2084
2555
220
509
5395
577
7728
6365
2585
7020
882
76
1272
1044
8998
8768
2615
4200
507
2809
2557
1676
6977
8914
1848
1983
1218
2722
121
2815
1371
3889
4440
7649
2052
1902
647
6182
619
95
315
1791
2625
911
8574
2399
2325
1104
1128
7990
7748
1852
5033
1073
2681
2521
2369
453
1888
2046
7782
7386
375
2310
1472
1320
918
2285
1608
1759
2427
2403
1616
1080
2074
1186
2364
1204
1226
1388
1363
2215
1233
2393
3081
2789
2866
2633
161
167
99
2922
3068
3042
3134
510
3177
3005
2596
3147
2715
306
1831
6609
704
107
312
2090
1642
808
4262
2231
1389
2546
7293
891
3723
6140
533
6906
3417
1873
8684
637
47
2155
7177
1730
1671
162
4873
3543
327
4920
671
2128
4748
3408
2091
278
2858
2975
3006
3211
4511
4878
2082
4233
3179
464
667
6446
866
3213
7759
2699
4052
2937
4628
2753
2429
8609
4171
1997
1020
2801
2843
4761
3632
1973
1841
7705
8879
1262
6822
1129
2634
1012
7627
1203
1404
3895
5527
8859
4941
2800
4543
8654
8235
5134
1959
936
5926
1441
5909
8819
1380
497
1927
2900
3071
1972
1123
2327
1053
8850
7938
7577
1605
872
2504
3737
8529
8465
7573
5879
8958
8954
8907
8823
7453
8790
8142
2120
8761
1978
6450
5888
2227
1184
3420
4528
1321
1054
1087
3932
3653
3900
7139
494
8121
113
5662
1194
2284
2600
3008
2577
835
1860
7569
6579
11
980
2816
7349
3155
3692
2102
3343
1061
3682
3891
2212
724
6768
145
4106
412
1562
452
2340
2291
2252
2043
381
2239
4462
5383
4682
1929
7186
5296
900
547
1085
250
4367
1095
990
5815
435
3668
369
1686
2986
1981
1999
1291
1083
4332
2819
7701
2494
1130
1951
8499
2014
6744
3602
1684
1513
228
674
1011
1416
1665
2395
3281
3675
1525
131
2174
1689
2430
3429
3620
1910
3490
3426
2783
3757
3094
3785
3436
2875
4007
3930
3919
3914
3189
1715
3824
781
4432
1479
6000
7753
2741
653
347
2383
2981
3396
1440
1028
5139
965
2076
224
2982
2501
1940
5723
2422
7061
3773
8910
694
6547
3087
2141
1946
3844
914
1210
1839
1105
2348
1487
3477
3368
1081
3608
5275
6195
2021
4306
1652
1556
1225
2611
4378
1696
991
5561
355
1191
2439
4826
2292
1702
5971
1259
3041
2990
2610
8261
4447
5734
7995
2207
4571
4060
1784
1575
1726
3034
2507
366
934
2864
2827
970
1582
2186
129
3057
2788
1179
3176
1531
2772
2707
376
1006
1826
2039
2735
1812
303
1704
3240
1431
6355
3197
243
3777
1335
1353
7323
4821
5834
1365
5628
558
1799
731
820
3769
7619
1089
7888
110
6047
2204
438
3655
2904
2458
2133
748
2050
2966
3593
2971
2262
1863
1962
1197
2659
18
2977
1711
2582
2983
6840
2519
2589
6440
6624
6509
3128
1292
84
1079
2497
3755
1794
5515
2946
2194
938
8984
1111
6728
1463
2118
540
2058
8385
1549
2190
6902
3444
907
1009
8743
1916
8899
870
1078
728
2754
3504
2548
714
1199
3007
1265
741
1518
906
531
2047
2710
8709
342
961
6731
144
746
4914
217
1150
1261
3500
1713
6568
5218
4740
1064
495
4876
844
2725
3235
285
1660
2183
838
2103
947
976
1881
5745
2005
2146
2301
962
1750
6835
1173
5391
2976
5968
6695
7075
7835
7307
7450
6477
6856
6315
7122
7265
7121
5582
4661
53
1473
96
2048
1614
5384
7055
2563
2537
8638
4101
3913
6918
2749
1729
5569
156
1245
8596
4143
8522
6207
903
2572
6806
5899
3342
1639
571
3165
4658
2178
419
2350
3981
5560
6934
1653
8263
888
2630
4095
4022
2583
3831
1992
2704
3044
71
3412
1219
1077
1804
428
467
1837
5839
7234
6470
5378
5872
8699
22
5936
681
1428
2457
880
6422
2131
2687
4804
4290
5772
1042
5853
242
4207
338
785
1133
5022
6862
606
45
2570
105
1449
6184
