item_recommendation
25737
5489
5410
7872
1513
8327
7541
5515
8571
4600
4696
5597
8093
5198
8117
5177
8183
4830
4727
5114
7697
1639
4658
5033
8360
7613
7914
6056
5588
5222
5427
4728
4627
8290
5236
8225
4519
5265
5364
4612
8447
4333
4659
4033
4524
5483
3854
4954
4636
7669
5463
4634
5637
5342
4676
4977
5302
4662
4640
5182
7560
4902
8207
1410
3285
4795
1523
7437
4740
2642
8033
4614
5282
5319
1777
1287
3232
4771
5464
7802
8253
3368
2722
6073
6091
2912
3574
8403
4680
5518
7478
4774
6154
1499
6404
5765
4531
2567
4761
5585
3575
8772
5159
5422
5377
1580
5341
7728
2779
7782
8070
135
5161
5346
4246
7649
8596
5742
3608
3254
8499
5134
8420
6178
741
3432
1507
8743
8056
3687
5438
5470
775
2300
8522
1767
5462
7636
8154
2605
6279
2799
1120
474
2259
6970
5715
5662
3656
129
3239
980
2496
5186
8899
8636
1047
7878
7245
8003
8477
3819
8998
6579
4121
6260
735
5291
8848
3235
7407
3454
1476
2003
5729
5772
6493
5288
5312
8261
1562
6243
5689
6902
6355
5768
8684
5853
879
5980
5675
8410
5008
6195
8591
1145
9012
6918
2686
5433
5723
1515
8777
3338
2490
2492
1744
3522
1870
1003
5942
4584
5038
4316
3324
401
8580
647
8136
8376
3031
656
6211
1831
4645
4809
2227
4550
5165
4673
5193
5254
7932
4731
3334
2769
8807
7976
6365
7938
7809
8943
4051
1331
3160
4076
3875
5398
3845
1187
5666
8451
2609
8879
1046
8235
1317
8661
8699
4801
3489
4241
3388
5053
3936
7260
5808
3438
2696
5443
8859
1525
7228
6395
990
6751
4605
8167
6408
3268
8607
731
4644
3377
2138
2295
5264
984
4552
626
2659
3292
8720
1816
1131
737
2700
8385
1970
4911
2283
7204
1812
1907
7282
1329
1288
5139
3587
7995
1111
733
3453
8542
7738
2366
1352
7831
4846
1739
1771
7171
888
9018
1055
2318
7234
828
3194
4290
7394
6835
1498
1060
5825
8524
4873
6760
6547
2935
3816
4821
3238
6294
4660
10
7293
8629
5968
7881
8722
3086
2241
4366
4782
3604
864
5628
322
2159
2459
8709
4079
3284
955
5936
1437
6684
6498
8147
4920
4941
6718
4088
5275
6676
2504
7492
2415
7254
5655
6436
1631
840
5323
2956
986
4437
5784
2929
5269
6513
8675
5699
8142
8761
8187
5556
2966
1135
3188
5641
5839
1794
4861
1711
798
5473
561
5684
7919
5815
2062
6422
8903
4414
4153
2668
4016
4765
3751
2832
3498
4101
6706
5752
3456
1472
4440
6800
5787
6341
405
4386
2195
4312
6636
2513
2976
5055
4945
7272
7771
5710
6803
5170
6896
4649
2806
3759
3357
6658
4284
4987
6121
1004
4273
4897
2568
3210
8604
5745
472
3434
6464
1998
8838
2186
2035
745
5672
1024
1076
6140
2688
7888
4878
1788
4401
4976
8961
6768
529
8882
3745
4923
3758
3173
5625
2438
3408
1909
8275
8768
6375
869
5735
7419
2342
407
3354
4262
1161
8589
8835
3889
1980
5611
4709
1320
5365
5413
1819
7619
7577
6047
858
4686
5732
994
4577
2901
7822
839
5400
5791
951
5795
2647
2212
2441
2689
2546
2801
3359
1147
8665
7198
6963
5696
769
753
981
7078
4799
8039
8123
6035
1569
1393
5363
5065
3908
7346
2798
6826
2691
7357
5466
1686
3081
6559
885
1508
3702
3402
8795
341
5940
3039
8640
4477
8366
285
6774
4263
1192
4928
5836
5285
8273
5243
1590
6331
6470
1852
6148
7444
2982
5572
4450
7753
5685
5401
5746
7309
6887
5034
2687
2761
5002
5700
5826
3654
3957
3150
7235
4104
5670
5909
960
1535
6584
4300
3825
5690
6060
963
3668
4929
5003
5796
8828
8921
3499
3497
7063
8197
6432
6732
6754
6105
6850
7947
5517
4832
7153
5736
4677
5577
5667
4889
5678
5680
5686
7702
2983
2582
2347
3632
6645
2184
8610
8371
865
8672
5056
5001
3611
5847
4994
4420
6077
5534
6852
6851
7791
5373
2640
6342
7017
8785
4095
423
8949
3491
8511
8582
5004
8872
3563
695
526
8985
8423
8966
8158
8955
8130
724
1652
1617
4980
1053
8372
8138
2937
7012
6314
2772
7121
4999
6051
6728
232
8892
1931
4428
8157
2835
1660
6533
3851
2236
1721
8387
1479
3241
7786
523
321
535
7979
8336
3096
1057
8927
4834
7263
659
1916
2467
8819
1549
1696
7101
1345
1805
2741
5069
5203
4105
3093
2681
3133
5085
4462
5693
4404
3417
1021
7186
976
6296
915
2892
3999
8914
2460
8633
4833
6571
3127
6985
4432
6827
1006
5202
5846
4349
2473
4632
6690
3370
1624
7720
6290
7340
7502
2481
1750
5352
2442
8228
8121
7757
2752
1404
1657
714
3495
4171
3221
3110
5553
8654
8462
969
8977
6530
5117
1783
4399
5348
3649
5304
2310
3060
5504
1497
1041
947
3996
2669
1552
5419
2829
3428
8751
3051
5146
861
4490
718
725
3643
427
8482
3185
3404
2193
3843
2385
2611
2120
2478
6383
4139
3900
1196
8638
3140
2340
4523
3307
8920
4342
1394
4737
8827
2780
3066
1690
2243
1608
4532
2534
720
4228
7934
1837
3871
4984
6103
5718
3213
3521
6132
5834
3780
1017
7789
1826
2786
2494
7208
1363
2200
1575
5375
8865
893
3281
7899
3880
8239
7177
3199
6273
4511
6390
4979
8620
4190
3223
953
8689
5101
1073
5404
6630
522
8042
4750
4895
5135
4625
7130
3753
7379
678
4748
7139
266
3412
2745
3152
1864
3500
2815
6446
6932
2107
5777
1078
1873
189
2383
7815
8491
3024
2210
6957
6286
929
4643
3262
5199
3784
3892
3159
4888
2880
8808
1844
7764
3420
7115
2639
5538
4936
2214
966
3431
1880
3868
2548
5498
1453
5103
996
4298
4191
7038
2427
6225
2183
964
6525
6612
460
2493
7840
6322
3882
1026
7250
8853
1501
6232
2009
5630
5335
3358
2090
2981
4859
7892
2704
2219
4818
6368
2465
3401
2796
2660
7445
8392
9001
6093
