item_recommendation
25737
8571
8093
7872
8447
8327
8117
8385
7541
8360
7613
8070
7697
7669
7636
7914
8225
7560
8253
8420
8522
8008
8033
980
8661
7738
8056
8290
7437
8961
960
8477
8154
8670
8654
7186
8751
7394
8709
7938
8403
7649
7976
7478
7753
8167
8003
7802
5909
8743
8761
7782
8684
8819
7705
7234
7728
5296
966
5264
7407
5117
8410
5159
6728
8183
8998
8859
2659
955
6365
8879
4821
953
8235
8665
7817
8589
232
3869
8899
1024
2062
4391
8745
8453
266
7786
6579
6791
6826
695
8482
1523
8596
8499
6591
984
5473
3668
3188
8604
8187
775
6521
6550
5017
3368
1046
6390
1744
3232
2374
48
6254
8848
8984
6630
5164
6892
6977
745
7293
6535
6143
4936
1003
4437
4941
3281
8376
8136
7831
7789
7990
6920
129
976
733
4432
969
3324
8854
4920
970
526
8207
840
5815
7272
7099
8633
7380
189
6999
7748
2212
7881
954
5936
45
321
5611
285
5723
912
5839
6703
522
7487
7415
8977
6739
1288
8777
6970
7263
6348
6314
7759
3875
5926
6565
8507
7484
4121
3127
7121
485
6918
2173
2897
6568
7619
8689
957
3882
7299
6559
7204
3816
9018
472
6091
4079
1676
9004
1590
7932
951
731
8191
741
1824
626
4761
5558
6981
4171
3996
5801
4577
6077
8864
6641
3997
5900
8044
4020
4811
3492
5693
7584
7845
6415
8948
8950
4692
5832
6762
8908
4292
2941
6370
7044
8526
5729
4366
7566
2366
1907
7189
6612
3417
7107
5857
8530
2660
6880
8039
8833
8840
4639
6932
3707
3924
7587
7944
7698
3263
7445
3928
8462
3752
7038
6624
5489
7888
7840
2415
3632
8927
7577
2340
6748
3804
4162
7757
659
7282
3845
7771
881
2935
2617
8239
3795
8009
1437
4404
9001
3176
4188
7792
5809
7809
1562
6000
4658
3428
1816
2496
7316
8914
7126
5008
7481
4584
8642
1060
4550
3560
7135
6676
2227
1476
535
5873
2780
4251
5378
994
101
3235
3702
6609
720
870
1507
4801
1531
8261
8857
3714
2799
1767
8491
1281
196
4873
3251
7894
2686
1352
4414
2236
1515
725
5810
6195
4731
1057
3307
964
8511
7878
7311
888
5410
4923
8772
981
9010
2860
6811
6957
5470
1016
1812
656
1771
5888
7245
8404
8629
2981
3587
3207
205
2418
2647
4076
8781
647
1006
5585
2772
3693
3213
8614
7897
8730
3093
986
8650
858
6724
2442
8583
6355
8807
6116
492
3508
2241
828
8620
263
8228
8656
990
6502
4686
7090
1020
3113
1517
6276
1021
1013
8131
7720
1004
880
3351
2396
4262
6636
2004
2288
7020
8699
4316
6223
427
1624
724
4809
6731
2394
7381
6840
2367
4984
4782
6662
4885
1810
5291
4876
8609
2982
2433
6885
5449
407
5834
5012
8574
3420
1569
2622
2516
5588
6536
7743
1042
1019
8392
6760
2605
5971
1125
7818
3604
4914
6695
2775
5165
1026
6684
735
100
8575
6318
2478
2621
6658
8451
3456
76
4638
6207
2344
965
6562
6832
8910
915
7208
2437
6850
872
1012
8827
8142
844
6530
5872
8892
6178
2959
474
4033
6856
1513
1472
3377
4666
2900
6751
2398
7171
1639
5226
7627
2506
8920
1225
4605
8147
2404
8903
5597
6154
8979
5080
8132
5458
1209
1145
1187
3157
7323
5333
7958
961
4427
5952
2687
2752
1030
6966
2937
6123
7034
2504
93
3540
1331
7096
6140
7820
5168
6056
4153
1047
6498
7078
8783
1516
2346
4925
288
6798
2583
5515
6768
7055
5127
2318
4987
4081
2154
2300
7444
4895
6298
5833
711
3268
3218
8169
996
7195
2331
1870
7502
1429
5210
8331
7101
5569
2368
4417
6669
3799
1132
2385
2407
1970
7713
2798
3394
753
2668
5134
963
7211
31
3256
916
328
6803
1438
8580
8636
4603
2581
8016
8718
6964
1652
527
1834
1135
5475
3655
5968
6835
6243
6547
7160
8542
5787
6785
7995
1114
6493
8600
2038
1367
2669
1844
2248
6440
8273
6650
2624
6744
6148
3622
8923
218
3751
1794
4177
6073
893
3871
7919
4375
8768
1582
8850
7583
3895
1529
3431
5530
3296
3863
2689
5882
6509
8700
6367
4846
1053
7386
6643
5498
8263
3854
5329
6686
1777
7456
8831
4632
8799
3615
4238
3479
7155
5840
8612
3344
3761
5122
5097
6566
8712
2434
8525
8133
3639
2468
6985
8795
4161
2801
6114
8968
6718
7130
7624
8388
5772
1702
8722
1419
5850
962
6395
3608
1581
8625
7360
4722
2709
5581
5387
2769
1028
2531
6777
8695
5440
16
8727
7104
6986
1295
7254
2961
3034
5534
4844
6322
3292
4830
7180
5825
8675
1173
8779
971
3805
8810
2026
15
6027
1696
7943
7238
7317
5033
7942
8527
6828
2409
7987
5179
4901
7979
608
8724
4394
3028
274
5980
719
7448
6659
4555
8268
7250
4945
1394
8667
7343
6953
8275
1580
6186
5765
786
2370
3081
8865
2793
7056
1253
6021
1041
1193
3074
4840
5065
8121
861
737
3819
1525
6203
7340
6513
5940
5193
7089
7936
5747
1535
4024
7228
5372
1783
3978
746
3786
6039
4927
7492
5812
1876
5198
866
3427
5139
802
8387
7325
6184
3156
4543
2815
7841
3438
7307
8643
3024
1959
2925
4228
2003
5248
1504
3160
6404
498
5945
401
7305
2458
3575
1497
4135
1657
5965
6400
7036
6774
5071
7075
7835
7122
7450
6315
7265
5538
6477
1500
761
785
7379
7349
692
1029
5715
6516
1342
6294
2204
2829
3129
7439
523
111
839
5752
2447
6902
869
726
2802
1236
1224
832
5061
521
6862
575
5662
8607
904
7892
7451
2427
2609
6858
997
4696
4361
8370
144
4738
3503
7051
5
885
1303
998
1131
1453
2078
5570
1819
6383
4897
5352
5170
7011
8790
6003
6934
3860
5433
1641
6260
6534
8591
2633
4304
550
4837
3947
935
5675
2082
6531
7453
4066
4911
2347
6639
5288
1017
4051
8484
3210
8835
934
8157
8194
7569
5046
3370
7022
7139
