item_recommendation
25737
8327
8571
7872
8093
8447
7697
7541
7914
8117
7613
8360
8056
7802
8385
8070
8253
8033
7560
7437
8420
7407
7669
8290
8522
7649
8225
7636
7738
8167
7394
8684
7976
8235
8477
7932
8751
8183
9018
8003
6365
7478
8207
8403
7728
5264
7782
8154
6658
8008
8661
8039
8998
8665
8819
8511
8589
4121
6850
6636
8491
6748
8879
7502
7753
4920
6703
7995
8187
7130
5489
8670
5980
6178
8961
8654
8745
4552
3232
8482
6195
7263
6624
5159
7705
7293
6669
7748
4584
7121
8410
7228
8761
6650
6918
8864
8810
7282
8499
7186
6276
7817
6579
980
6498
6091
7107
960
8604
5909
7160
3368
8743
8709
4782
7577
7245
8772
6892
6676
8695
7250
7204
8807
6591
6999
6920
7234
5926
6856
8261
7820
6609
5296
6550
6254
6207
4821
5597
6143
7840
7444
6559
5117
6832
7481
6739
8650
7938
7809
7492
7720
5164
8169
8827
6728
5765
7786
7487
5017
7757
5611
7272
8239
7171
4846
6877
6684
7022
8777
8903
8892
6521
7456
3816
5723
8633
8848
7299
8927
7189
7892
8607
6562
7831
6927
8596
6791
7099
4873
953
955
8616
6724
8014
6643
4809
8979
8675
7990
5033
8984
3869
6826
5825
6390
4605
7789
6493
5387
6957
7222
6355
6721
7583
5815
8451
1046
6552
8507
2062
4366
5581
3281
7619
5012
7958
840
4391
4437
6582
5473
5134
8910
8718
8194
5947
6811
6535
5210
8625
7878
4941
7458
4194
8131
8977
6000
6690
966
8629
7192
6056
8392
3235
8600
7415
4188
8422
5850
8859
5458
7090
8362
2268
232
1024
6162
7827
6863
4761
4886
6977
6509
5433
7743
8609
6073
7016
984
7115
4177
6565
4600
6840
6404
8575
7439
3163
8157
5410
7897
7826
3804
7316
6536
4658
7011
4414
6154
6140
8191
2935
7888
8228
8813
5046
7771
5772
6426
6568
775
6662
7055
8699
6077
5125
5588
5008
4849
7034
4686
8583
4081
5936
8524
5025
5839
8899
7766
4577
8121
6695
5888
7762
5942
8871
7759
9010
4375
8943
8620
7380
5515
7624
6203
6981
7311
3698
8636
2212
6367
1676
4321
954
7881
6148
8866
6375
8453
3845
6383
4848
7135
3515
4135
5787
5291
5569
3467
6762
4090
7150
3038
7812
8915
8057
4688
3266
6378
6713
7096
6446
8254
7195
8854
2959
4146
7136
8914
5729
2374
8614
8722
7354
8044
8341
6003
7325
4984
7585
3668
4696
5193
8531
3213
1408
5378
3457
3608
8404
5662
5558
3250
8617
4632
3632
7161
6084
4369
6735
3587
6314
6970
4491
7142
4039
6630
6862
6818
8574
5628
3420
4885
2344
5832
6348
5603
8730
1523
3320
4432
695
2704
5101
266
4765
2659
8795
6718
6954
626
5521
5809
7818
8484
5534
5693
2310
8136
8376
3176
4927
8387
5857
6885
7484
6751
6628
4861
7627
8727
3981
6464
7936
4168
5470
5440
4936
5752
2144
3863
2997
965
6400
4911
4945
7155
8799
8831
6566
8530
7894
8388
4666
8857
8580
8781
3344
3479
8525
8133
3615
8712
3639
3761
2434
4238
5840
5122
5097
8612
6757
3996
7347
8542
6114
7303
969
4161
4738
7584
3997
5177
4178
5801
6283
970
6641
4020
5900
4482
1824
3310
4603
6961
8009
6880
957
4292
2941
3492
8950
4692
7845
8526
7044
6415
8948
6370
8908
4811
5530
6440
3751
3188
7566
6953
4394
8336
8142
3324
7352
5873
3752
753
1590
6322
3431
6803
4166
7110
8797
5954
912
2073
3292
7340
5329
3364
6530
2173
5968
6339
1744
3660
1569
8808
522
7569
6436
3438
4840
2897
45
2860
1513
6502
6974
5971
3875
6743
1352
8016
4002
300
5146
3655
8865
6906
6993
6966
7036
4076
8462
6294
3999
3553
6760
6422
4229
6132
3810
7926
3247
7254
5498
1003
129
5065
6039
3596
1864
6021
4181
7822
6902
733
4024
5438
1562
5304
2396
8459
2647
6940
427
7177
6816
6503
188
4427
737
745
5151
6898
4740
5121
3127
6547
994
6242
6686
4304
1212
4837
4171
2531
8273
976
3646
6318
5917
1378
6031
5198
6211
5413
8768
659
8689
3653
6395
2457
3643
4420
7020
6867
5214
6116
6731
6279
1013
4162
3093
4290
4854
48
1466
4051
6458
263
5548
2038
5226
5102
3427
4709
8790
4830
321
5618
3478
4155
1145
6223
3983
6771
6170
4878
5478
6047
2433
6964
4550
5380
1810
485
1767
6121
4901
2227
285
1472
6416
8700
1193
6835
761
5734
5923
526
6166
3033
6518
6798
5742
8667
6107
990
2236
4515
5139
7787
3920
9004
7792
1639
4079
3441
4914
1476
4148
2605
1211
6995
3927
2594
7372
6744
4359
678
2631
5114
6182
5553
2167
3693
2346
5568
4355
189
4987
3819
7038
6237
3978
3190
5141
3217
1531
4368
5965
3718
7211
4000
735
6442
4727
6932
1804
2583
5655
5715
5585
5703
3560
7208
2340
5038
5891
5619
4031
8850
6722
4417
1437
7564
5241
3207
3854
4555
6612
4923
3882
6157
6896
8537
3377
4306
1907
8147
6051
3296
1288
4139
4033
1844
7095
7051
5161
3268
1612
1336
5699
3459
4731
2371
431
7334
2782
6768
6260
3908
3417
1016
7007
6042
1816
2318
6646
6412
3428
2772
8954
7078
8906
971
7453
1040
8642
5434
3370
5427
1529
3060
4812
4324
2788
7101
3258
6122
8125
4108
7089
1057
2577
7979
2366
2660
7343
7944
7698
8840
7445
7587
3924
8833
3263
3707
3928
4639
4897
1602
5872
4795
4801
4114
7379
2824
5471
2709
4251
3671
4792
5477
5202
6198
5745
5475
647
8266
4814
824
2059
2367
2799
7265
3970
741
5186
6958
8643
1019
2214
2506
1862
6513
6879
1702
7386
9001
1812
6269
3963
3769
2912
2496
3953
3379
8823
1992
4560
7616
3512
4722
7381
2404
5248
4142
3799
8123
8725
6615
3843
6942
880
4952
4451
5981
656
2380
5899
5795
7048
6516
3201
8622
724
6230
6123
951
3474
7419
1794
4473
3975
5538
4612
2676
3773
1154
7315
881
3602
5689
4614
3307
858
3665
