item_recommendation
25737
8571
8360
7697
7914
7872
8447
8327
7437
7541
7613
129
8420
8033
8253
7669
8225
1523
7560
3751
4873
7636
314
1120
7407
8093
3232
8070
4696
140
5410
8056
8183
8235
561
5909
8522
1513
8117
2227
4600
2605
5264
9018
7888
7782
5489
8154
1145
5597
1535
407
8385
7802
5159
341
2504
7394
647
7130
6850
7234
1744
8879
4782
1767
1111
401
5723
5033
1816
8661
4079
7938
615
8743
7649
8977
8859
6669
980
332
3235
4936
9
7263
7738
6918
7619
6658
8684
4584
678
3354
2659
659
5198
3900
100
5515
1562
427
3723
6676
4577
526
6498
824
4821
5470
7204
7272
5498
5980
5588
6636
7932
7222
4262
8899
1472
4437
1777
8751
3338
7976
1580
4290
2236
6056
3238
7016
7840
840
6579
4809
48
8008
3668
1453
144
1112
4658
8810
775
6856
1046
4830
6832
8511
285
294
2318
4605
3456
7121
4731
6365
405
8290
4316
262
1639
4941
522
4121
4634
617
2692
3989
7254
4673
7282
2686
344
4550
7228
7055
6195
3845
7171
1100
3188
828
282
1024
656
4414
6091
5222
6826
1241
3481
3979
4053
4014
4009
4010
4011
4012
3243
2647
5864
4649
3816
7728
5891
4920
2212
4166
8261
3690
6927
3324
793
4524
5558
4886
8362
2268
6863
8650
6582
7827
5947
8848
733
321
6932
7748
6390
3687
888
1187
4404
2481
3720
4738
1281
8943
3368
7444
1211
3754
6178
8700
3067
3632
3854
6970
2874
8169
59
3522
266
1
3127
9004
6728
8039
955
523
1135
4076
6690
1310
5765
4458
4366
1288
1352
1331
7995
4727
8596
184
422
741
10
1397
5164
535
1652
472
3702
1643
483
6077
626
3843
8979
5117
8136
8376
3604
3875
4795
2201
2635
7786
5319
1794
6329
7059
6996
299
8167
6985
1891
3721
1113
5177
3895
1629
199
2496
7293
227
8665
5137
3574
3575
5241
650
7347
4066
3285
8961
1404
6314
1821
3804
8761
4925
7753
6950
4645
5114
7381
2609
5458
5288
132
534
4614
761
3622
1131
4342
7186
695
4923
5534
700
6762
1517
1126
232
6974
2478
8783
3377
7439
1057
4728
1590
994
391
303
2642
1419
2283
1476
3452
5833
8730
711
6493
550
8003
3819
4659
4486
2300
8709
3086
802
8604
3160
7315
45
3608
6243
875
5127
2490
4168
4640
4612
4636
4333
5463
5483
4954
5637
4662
4676
5342
4977
5302
5427
4033
4627
1970
3457
4171
1831
4801
1332
5008
5364
5265
5236
1125
6552
2935
2130
5585
953
1253
6000
2159
8403
4519
383
1711
3307
6114
76
8462
7698
3263
7944
4639
8833
7587
7445
8840
3417
3707
3924
3928
5096
4902
753
3996
6646
8642
2660
4391
6207
2468
2241
2799
3428
3388
3626
2195
7897
2982
597
9001
4399
8207
1006
886
3221
820
1055
8699
8777
6800
6412
6879
2745
5012
990
735
491
966
813
520
7502
2938
2779
3920
164
1826
6367
8772
7038
6612
2681
1575
170
151
2328
4051
6166
4709
66
8745
4101
986
7195
1499
9010
1771
3251
7820
1903
8910
5628
377
3649
7478
4251
984
7831
2772
2214
8654
3563
531
2981
447
4194
861
7881
4552
4663
8410
2966
5346
3745
1287
996
5053
1870
5161
718
4680
7415
3869
3292
1295
4632
4740
778
5341
2552
2567
2937
6706
1437
7792
6404
8014
1030
4191
268
4296
1676
2617
2340
5382
2168
5372
870
466
1907
4114
2465
2493
4945
4169
5787
498
6303
1564
1640
5729
8864
2103
745
2691
2912
4541
2003
5165
4840
3163
7583
960
8491
4255
1892
1894
7299
1569
3714
6877
872
5899
8451
6465
5810
6954
2696
3889
4153
27
2397
474
1320
3210
4625
1060
7878
1433
1263
7720
6920
725
8477
3780
2878
363
3252
4184
3976
3450
1293
3619
4036
3991
3960
2693
4197
639
3565
4274
940
4380
3270
4268
4349
4338
4337
4291
3547
4273
4284
981
7894
8388
7126
6254
3489
2062
4895
8865
3370
1050
1812
963
7192
8920
1047
5478
864
4771
5464
8191
1031
2976
6327
6609
8695
829
2149
3540
3129
2499
6322
205
6509
6630
414
57
5329
4511
1848
4638
1010
8387
2674
661
2689
147
1234
21
4861
1746
4417
2415
1707
1394
263
3156
5182
5202
6355
7011
5611
3685
4984
885
6760
432
1798
2959
6744
3199
8927
3615
3344
8609
8612
8525
8620
3479
8799
7155
5097
2434
5122
4238
6566
8133
3761
3639
8712
8228
8239
8831
5840
8392
5440
193
6140
3880
6032
1410
3441
68
2539
2173
635
2688
4375
2447
1941
4703
1004
4603
7022
2793
2494
3863
7757
4161
2337
2248
4849
3351
951
8266
4761
1614
2219
8689
1147
7316
4143
1657
681
1819
2418
5619
564
1482
6339
3239
1246
2752
93
3113
5365
5834
1837
1300
2458
4890
2929
1240
173
1225
3660
2359
957
3998
1788
8827
3635
1036
2089
492
1393
818
1615
4837
2643
5850
8819
3192
3194
707
7766
5151
2780
485
2310
3207
5449
3256
5258
6449
6344
7002
5039
7411
3903
3902
3578
6559
4927
5377
423
969
1954
8892
218
2669
5518
8194
800
3871
6480
1480
2269
3656
3624
7034
5815
2570
6885
816
7762
6405
6143
1132
4885
2722
6957
881
6999
5
1667
6709
6735
4555
2398
1371
1161
1196
765
3089
5422
2404
1901
2533
4000
4933
2352
3795
1976
1516
6550
8482
4122
2441
1193
8607
1531
1076
6547
2026
287
1342
7137
3859
8453
1980
2152
340
4246
7245
331
4263
1916
2897
176
1654
15
3093
2295
384
5965
368
1983
4774
2622
831
3691
4859
8187
36
4503
5913
101
6684
2138
3274
499
1864
4162
3831
3516
3439
7492
2859
7979
938
288
183
123
5473
731
3806
3218
2700
5527
1549
970
7107
1025
3268
5352
2900
5069
964
2394
5193
2204
4135
3034
481
6377
1883
3281
3515
300
343
1279
1165
5025
4721
6628
4046
