item_recommendation
25737
8327
8571
7697
1120
8360
1562
7613
7541
1161
7976
8093
8117
1711
2745
1535
8033
1145
8253
8056
7802
7872
8684
7914
647
7560
1552
2243
1111
7478
4290
7669
1404
656
8290
387
678
8447
3133
7437
6493
808
7738
1783
8743
4709
793
405
8070
1707
1746
2200
6073
8650
1162
1073
714
2219
1320
2779
2445
2605
8522
8848
1453
8420
7245
6906
3232
6561
1931
7407
8167
8225
5146
8892
861
4920
57
1891
1549
6140
1310
1076
92
8477
8709
2681
3150
1788
324
1196
5985
1880
1165
8511
596
5433
1482
2236
140
2231
8761
1816
3152
1255
6658
2128
8039
2706
121
9018
7958
401
7649
7932
1437
5250
7215
661
5765
1767
8695
8807
2227
8385
2203
2159
2386
3185
3168
1977
854
1900
7394
6850
2031
7228
1277
2832
2935
1234
1353
1425
2310
2327
1099
6582
805
2462
1873
1274
8482
1480
7995
2282
4873
2565
4146
577
3086
1441
4166
1267
709
804
2856
599
1463
1523
272
5333
707
928
852
2671
1180
1237
3166
3148
3070
3069
3063
3053
2921
2920
2918
2916
2889
2810
471
2244
2206
2016
2012
1984
1861
1542
1461
1415
1366
1356
1347
1304
1238
502
2919
216
290
117
514
6579
6547
1938
891
650
1171
1373
8751
1168
2615
458
463
828
8331
178
1957
1361
8600
2297
2967
2734
8542
3019
194
1840
7636
2613
4262
1201
2917
4246
1592
1419
4911
2877
1392
7130
342
1264
148
2275
2372
2002
1256
3316
4486
659
1325
1569
1589
420
1240
3021
5395
1954
8183
7334
7809
2530
3018
2304
1236
8273
2170
5489
5033
2237
3377
1215
2013
818
360
1819
6322
1243
5264
5597
708
3129
186
4584
1963
4203
4296
4114
3146
597
151
858
1692
7583
1969
2620
62
1644
4508
11
2661
5159
8616
5137
8235
2252
18
2139
798
1914
4386
4927
6643
1208
1397
98
2606
848
1971
2397
635
7293
2048
2174
519
2794
3643
1631
262
1921
1290
6395
5864
3060
1206
1652
619
561
2117
488
6365
2959
5069
541
222
2822
4458
4696
300
2855
153
1665
5410
2927
289
896
8718
1194
1657
1744
1878
3040
132
538
6600
1726
1217
7728
66
6203
4515
1932
8827
8014
813
1883
4321
2741
7415
665
4210
5534
7564
1686
5530
484
4600
1979
1739
574
34
4060
1279
357
606
1242
1835
1580
2478
338
2505
3819
679
6452
7282
1940
14
6713
4000
5899
8187
279
2504
8194
648
3011
6227
6056
5025
7171
4552
2819
114
7492
1804
849
1181
7743
6195
4606
775
1212
303
1642
2784
1554
1298
4194
5980
135
5909
1414
1340
4155
6883
6440
8675
6355
6148
122
617
1731
1837
8589
1844
2161
7340
1275
1479
1588
556
8730
513
332
379
2261
2011
1605
4589
2949
2747
2149
1719
1154
412
1777
1848
316
5151
6091
1922
8689
568
8207
8795
806
421
8810
1449
3213
6877
5628
6077
6180
1532
2177
82
1431
2067
7135
6506
6358
6527
799
6586
4810
6525
3354
1902
1648
480
1791
5014
1513
2006
673
6820
4084
7502
1852
1269
1422
2250
137
40
7892
5372
1916
7347
2594
6290
1317
2766
273
7222
4720
700
592
1620
1826
2704
2467
3106
4895
8502
7919
7782
4169
7272
4830
8963
6000
8491
2180
3740
81
6166
696
1701
417
1934
4108
6404
3442
5568
2893
1831
4681
8044
6867
6458
8777
42
6806
7444
1564
1440
1433
6918
6419
1391
4782
2379
3386
5382
1603
391
3857
4270
5913
885
5791
8499
1472
3355
8604
778
1123
6957
4121
3939
309
364
3459
3441
6400
4316
46
304
1537
3163
1427
2633
229
7826
1771
1254
369
7881
2624
1889
4881
3076
2312
2080
2001
7195
5119
1779
4426
2103
1864
7121
184
5553
3320
1329
6159
753
4634
449
6425
580
377
4366
3165
3015
3983
3099
685
5475
879
667
6832
58
3421
68
1332
4046
96
7324
4562
4752
7065
6872
6008
6268
5535
6592
7087
7367
3864
6016
7116
8622
2557
1907
4748
6014
1894
1411
7352
1575
1183
5028
637
4557
5039
5258
3902
7002
7411
3903
6344
5288
6327
6449
3578
1667
1941
5222
1717
552
702
6465
4998
1335
10
8003
445
5989
144
1272
7046
569
4673
5677
7323
6156
3616
8
615
5434
7263
1608
287
183
7042
1539
6695
5503
845
1027
3111
1892
8019
2084
2964
8656
3718
5198
2499
1833
242
3660
464
809
4854
603
1446
1606
3259
8899
85
1199
3747
1223
4757
6961
456
4890
1385
6223
614
2020
2835
392
851
87
1680
3338
6764
1715
7757
2362
1131
6703
7016
1049
3371
1827
1066
7840
2107
8392
1296
1220
3798
8524
3
1460
5134
2997
312
483
2686
5498
452
5076
8596
8711
4302
2329
2369
8943
8266
1389
4755
1090
1658
3594
6348
195
6954
611
1231
6412
1926
3057
454
2272
2647
4849
3142
193
5177
6628
4577
334
4666
8879
4731
872
490
5483
53
2761
6669
6676
6636
2
2176
5926
491
2749
6178
3596
558
1262
4396
440
3804
5062
2786
6162
3751
1885
2702
1684
1343
927
5560
7762
2644
1920
164
3192
1956
4987
2824
2263
5785
7766
4534
4649
6856
882
8261
3091
1464
2007
69
4178
7987
3357
2096
3200
450
6564
4073
2847
5602
209
2041
2707
1639
2610
3310
224
3003
3665
1103
4632
3474
3816
2099
170
2162
6591
381
2664
6650
1377
2204
1621
550
3201
2609
5538
8154
533
2868
437
5803
1178
3235
1175
1999
1372
8644
65
5515
1029
95
2944
156
1856
154
4143
2130
460
4483
8819
1100
1311
4139
1387
1059
3763
61
1566
2946
8903
3706
5588
1798
5117
5087
520
1927
432
2414
3627
281
8239
9010
4628
3194
280
1270
2956
6958
7366
3938
1420
2427
8484
5383
980
4859
2668
1263
697
718
2943
2201
668
8142
2070
1224
976
4822
