item_recommendation
25737
8571
7697
7872
7541
1523
8093
8327
1562
8360
1120
140
1711
1535
8447
129
7613
5410
5597
647
7437
1145
3232
1552
2227
1111
5489
4696
2243
407
3133
401
8253
793
7914
1744
1513
2745
3235
5033
285
980
3086
4782
7802
2779
4262
7636
7669
4830
4658
8117
8385
100
526
7738
7560
8056
8225
2605
8033
2935
4316
561
8420
2445
1767
3150
1073
3152
1437
1404
4600
5515
714
4246
7407
1046
8070
523
6365
678
840
5198
1320
2681
1631
1816
387
8477
4051
2128
1707
405
3281
321
1076
2200
8522
4290
6091
1880
2212
1352
472
427
4634
3213
121
8684
5159
314
1788
1024
1639
6850
828
996
1891
3604
420
5588
1590
5433
6658
3575
5222
2565
1255
232
888
1844
2462
3354
4638
272
1215
178
1794
7782
4414
955
2282
4349
5498
6073
2031
1099
2504
2734
1392
1592
1957
7932
3019
6579
194
3238
290
1304
2016
1180
2671
1984
1237
1238
2206
2012
2244
3053
3070
216
3069
1861
1542
2916
3063
1366
2921
3148
1356
1461
1347
2920
471
928
2810
2918
1415
117
502
852
2919
2889
3166
514
1549
2297
458
2967
324
3522
1168
2002
4524
57
3324
2304
2917
4399
3368
1771
6056
1971
3854
8235
4342
1325
3021
695
2832
1726
2327
2275
6195
2219
422
4920
144
798
7995
8661
1777
48
1256
1281
3210
4577
5
1171
808
854
4079
4121
3996
341
1373
6559
1425
5319
5134
1196
522
222
8167
3292
804
2877
861
1135
2159
4550
574
1472
891
7976
5114
2283
4795
592
1288
4515
2686
6636
3018
1644
8183
3146
488
7121
7394
266
2966
1840
697
3285
709
4727
3843
186
342
7478
7809
5427
6498
2011
966
135
2013
1819
1236
2231
2794
1274
1969
8751
5177
4612
2379
4649
1739
2089
6318
1783
775
4728
6493
3563
10
7293
6140
4645
5952
5264
2340
597
344
7228
1907
2659
953
520
4809
5342
5302
4676
5637
4977
4662
4954
4333
4636
5463
4640
5483
4584
4627
1826
541
2203
656
153
1525
1652
4519
81
5236
5265
5364
3168
474
480
4659
2236
7263
858
5980
1831
7130
6669
1411
8207
615
1779
1812
7753
718
3816
805
289
535
6856
3723
1931
4511
3845
1131
981
4284
6000
4273
994
2752
990
4166
4902
7938
300
3869
3011
984
5611
2642
1003
4731
114
1837
1264
6322
1717
614
886
1277
5923
496
2139
3702
4933
2352
1431
3024
3129
2490
3626
9018
1588
1476
568
1410
1029
1605
4673
2533
1331
68
5352
1206
2241
328
4191
8511
1292
519
1359
2959
3113
7705
3268
5464
4771
986
2860
4337
2062
5909
1900
3632
2499
4605
8819
4162
463
2371
741
1287
1394
3450
2693
4268
639
4380
4274
3619
3547
3991
3252
3565
3960
940
4184
4197
3270
4338
4291
1293
3976
4036
4486
2609
1665
1667
1580
3676
8879
2427
1187
263
3475
3116
6676
651
2467
4404
1731
845
3635
4610
5864
2722
3420
8290
4033
14
4614
5165
2912
5521
3871
4774
957
8410
3081
6243
7649
8003
2661
7222
1212
5341
1361
1441
2647
45
454
3040
1821
1996
6624
5470
4911
2927
423
8654
969
4941
2329
3608
745
708
303
5161
1970
2295
3574
1060
8403
6728
8154
2496
2386
2374
3066
1269
2415
7728
227
7020
5585
3430
2674
8961
7282
1963
4417
2766
778
2107
7186
4761
2468
1791
3587
4625
4740
5538
538
2981
6521
4391
3745
8859
1954
2567
2819
2288
3099
1272
881
550
3163
4765
2003
3388
6571
1938
7299
1310
2793
1620
8261
491
2741
661
4901
3474
4801
5458
2248
2531
1499
6920
7619
2149
870
6803
4873
6826
9
2214
6178
1487
1049
6918
7245
1980
1453
2689
3428
4255
4885
960
3402
2237
440
5012
849
735
2318
1921
34
8810
498
1440
2465
3160
58
3895
2173
4821
6404
2761
3188
4531
1603
1161
7979
659
1715
8761
4680
279
2401
8604
1125
1026
7234
4748
6314
1031
2976
4126
5346
3194
1055
4063
8743
2769
970
3859
5377
2835
5182
338
415
951
1267
2856
1852
3208
1353
4194
1466
3106
1240
2937
1586
3127
3207
2048
6440
8625
4332
1940
2494
2272
2598
2439
7444
309
6207
3015
213
2263
8709
5473
1696
8670
1721
2594
6832
3713
3751
1608
8827
2669
1531
6166
7204
4923
4703
733
6148
6550
6703
6276
6458
8228
1912
3091
1004
8620
62
1914
1273
5850
6212
2250
5117
3377
1165
8650
2493
7481
2704
229
5246
1657
8039
4081
685
6609
3216
1279
1979
195
1295
1201
4886
4296
5947
6863
8362
7827
2268
6582
7577
8482
1253
6162
4171
2001
6840
7757
764
392
1057
8927
5069
1053
818
1464
332
1866
2391
11
4394
1041
4263
2195
1948
7748
2300
1733
499
2803
7107
2780
1270
4168
2620
5422
5296
4114
2829
1221
3142
5556
1480
2613
3668
2949
2747
1013
2372
2798
183
148
1482
3351
963
3804
4319
3852
4458
4437
632
288
6690
6974
8187
6977
6877
2441
2138
4816
6806
215
177
4861
4066
6223
5699
126
2530
5202
282
7759
3521
4366
421
5017
3093
3002
1507
954
8008
367
7720
6279
1225
1892
4267
8979
2449
2799
2786
6473
449
2732
1047
6143
4686
1193
353
4945
1449
2772
3709
4135
7211
434
3112
6294
287
1889
1223
3357
8596
1006
417
7195
2738
679
435
4840
1550
2529
1951
7171
8499
4383
4987
316
2551
8616
6970
5527
1422
885
1878
603
7099
1009
9010
2442
2186
6132
556
2080
1246
6760
7786
4555
848
4552
3254
383
3454
4060
7881
2570
8633
5723
3913
800
1485
5312
2866
101
3675
19
6552
1864
1363
2688
1380
5729
2596
2170
7817
1301
31
3920
1920
3250
1132
3687
2307
6612
8903
2855
665
6638
1922
839
156
1340
6154
188
8589
1554
2483
1993
5025
7713
626
8772
6748
5080
7492
