item_recommendation
25737
7872
8327
7541
8117
8571
8183
775
7697
8093
1003
8447
5515
8290
8225
8403
7613
1513
731
7669
8360
7560
980
6073
4550
8899
5159
8596
8772
6154
5742
7782
1515
6260
401
7437
5186
5715
976
7728
8207
5008
5662
2769
1739
1777
8499
1507
8743
6902
6178
7878
5853
8636
8591
9012
5768
5288
5675
1317
745
8154
6091
8580
6970
5723
724
7914
4731
986
5765
741
1870
5410
8376
8033
8998
4740
984
5597
733
8136
7649
5282
626
8420
3875
8720
5198
1053
1812
5312
6751
6835
2686
1040
3889
5729
5323
7636
2513
2668
1006
4076
8003
6918
7938
5275
4440
7478
869
735
960
864
8522
5666
1907
6121
8253
968
1523
1831
4963
4153
5655
5177
3489
858
5689
8410
1580
8777
6493
3334
725
1636
2300
5968
1624
2798
3232
8859
5365
1626
2605
7234
2582
2983
6513
1750
2982
3377
7831
5752
2183
2359
7245
7171
3238
2832
998
2546
2688
8848
1021
6760
2186
3584
1018
6355
885
973
6547
5808
1767
6579
5038
5139
1059
5577
6103
990
2347
743
2383
1147
5699
2956
2120
7260
3936
5398
4241
5254
7204
4923
1472
8699
4795
1187
969
2651
5710
6047
746
3051
5443
3284
1525
947
5732
5363
8147
4584
951
2741
6408
1192
4765
2227
2937
6404
1688
893
1288
8629
1057
1046
5672
4941
7254
718
6676
2696
6684
2342
5625
4366
5572
8142
2801
1744
2687
2976
748
2892
7771
2659
750
1581
8943
2548
964
647
915
4649
2534
285
535
8882
1145
6436
4727
5936
3188
3307
266
5055
6774
5641
3235
8661
6294
101
1104
5611
8807
6985
8275
5834
6035
5735
6718
875
5462
4263
2473
4980
1508
6803
7357
7919
695
1690
5684
3758
129
1008
4016
3851
3500
5839
8607
8838
6706
5795
4782
4967
5815
6800
4878
3324
1873
8542
6464
1819
3819
1816
8835
4976
5413
8768
2993
2385
719
5466
6896
3173
6498
2496
793
7419
6422
6645
2184
4312
5285
5170
4996
8640
6375
4420
7078
1017
6887
4450
865
5696
931
2764
8524
7198
8872
6341
8921
6342
6331
4477
5373
5836
8372
5400
5401
7235
8949
8123
3611
8130
5670
8785
5847
5056
6432
8828
6060
8955
4889
5700
3497
2640
7153
7822
3499
3491
7791
5690
4104
5686
6105
5685
4832
3957
5796
7063
7017
7947
5517
8985
7702
5680
8966
5826
5678
6963
6852
4677
5667
5034
5746
3654
5004
8158
5003
5002
8610
5736
5001
7309
6754
6584
4994
7346
5940
6732
8423
8366
8371
4300
8197
8582
6851
3825
4929
8672
7407
5218
4834
659
1617
8138
6768
4873
3096
7012
4999
4428
6296
1822
3241
798
5243
1501
6827
3495
833
6530
4437
7764
1721
6232
8665
2772
6225
1084
8920
6533
1771
2118
5085
2428
6314
2912
2441
4801
1047
1852
4903
1752
4316
1020
5419
4511
1805
4680
526
720
1980
6470
3359
48
4095
1042
937
8462
2654
961
2780
4105
6826
5504
2440
2090
1437
888
6728
2288
3408
5203
6286
2647
2761
3656
5291
7802
5498
2478
8961
2159
5053
742
5418
5693
4490
656
105
8879
6368
3816
1493
3093
1909
4638
4981
218
3368
4833
1032
3194
5135
6630
4532
8638
5264
4821
1030
1783
963
4678
2407
2572
1876
3456
802
4298
4979
2399
6678
3417
1092
205
8042
7186
2078
2815
5518
2009
4262
880
213
3759
1014
4736
2835
3081
7208
2134
2981
3649
981
4600
516
2521
3445
2481
3211
189
313
7894
1026
1696
1132
938
4984
1518
4349
828
2770
1012
4171
1225
508
3388
1010
5161
1715
7502
1497
5214
113
1056
1500
2938
1668
3753
1060
2843
4718
8761
2935
2730
1004
7888
1078
2415
6609
5167
3608
1367
2786
4735
1152
4404
2600
4893
5891
9001
204
2427
785
2966
2188
2354
4577
327
1562
1860
1997
4043
7809
6671
1111
7293
1049
5193
3028
7881
8070
3402
726
970
2621
2774
3024
5292
8451
955
685
892
2458
4247
700
2500
5313
5980
479
2465
4920
1608
786
7786
2617
6093
5553
1125
4414
5556
45
8385
3604
879
2146
8261
4079
4639
8840
7587
8833
7944
4895
8633
498
1755
934
2829
8268
1037
2545
5772
962
4691
3805
816
3256
747
2155
886
1834
461
3795
912
171
8576
1504
472
2236
2335
6612
4432
4380
8387
499
2046
2669
5352
1660
2318
5356
1479
3575
8709
3292
2325
4809
1196
2202
1631
2866
3880
2439
2189
2442
1804
6211
2793
1363
7091
2231
4401
155
8589
788
3452
2570
2088
1184
1753
2660
994
3140
8977
1286
5888
2197
2504
2107
1185
485
1841
3702
7445
7698
3263
3924
3928
3707
6932
1836
141
3113
1959
753
348
7263
4246
2438
7394
609
3668
1330
1161
4911
7282
1663
3522
580
1733
1034
4251
474
4945
6744
3563
3150
5440
2633
7379
3948
5000
4645
861
162
3354
917
1346
8642
8781
4686
1429
2416
5117
460
161
2715
3147
3134
2403
167
2596
918
1759
99
3005
3042
3068
1063
2364
2285
2752
1395
5182
3127
5304
2753
2393
1099
1394
872
848
3959
76
1929
2898
8689
2581
2494
870
5604
5952
8157
547
3831
1301
1517
2775
1735
419
6195
6593
274
3125
1779
2215
2922
1186
1226
2074
1080
1616
1388
1233
2789
2766
3177
1204
278
704
2487
2799
965
3210
510
7619
999
4427
306
1973
2990
1422
8865
2690
439
4987
8167
1035
2689
1476
1762
232
954
6832
1013
728
3709
5585
1966
1730
1428
1033
2876
207
1173
714
507
1358
6234
135
3357
1218
3281
1023
2082
922
1951
47
2925
7753
1901
4830
8654
1019
844
243
765
2616
2062
144
2975
2858
2429
6390
949
2674
4045
4284
8910
291
276
1331
2154
2398
1972
3071
3587
6571
1085
4273
4625
5909
2493
337
2634
2485
4925
991
111
1135
3251
1095
2339
4914
5960
4088
1549
3086
2700
7272
4101
2709
95
2207
