item_recommendation
25737
7872
8327
7541
8571
8093
7697
8117
8183
8290
8207
8225
8447
6073
7560
5515
775
7802
7613
8360
8403
5159
8772
7669
6154
7437
8033
8253
7914
6178
8596
8499
5742
1003
7782
8636
731
8899
5765
6970
7728
5715
7878
5597
6260
7478
8998
5186
5410
4550
5662
5288
5675
9012
5853
8591
5768
6902
5729
7649
1739
8420
8943
5689
8580
8743
5198
1317
5723
8154
8070
1513
4731
5177
6493
8477
8522
401
7245
5666
1479
626
8261
6355
8376
8136
3334
5312
728
3875
5038
8410
1515
5008
5254
879
3936
4241
7260
5398
3489
8003
6091
6751
5808
8607
6918
6835
724
5655
5443
7938
1507
1870
7636
3232
8056
6211
5323
5282
6408
4600
745
1580
8859
980
8807
6760
8451
4440
5139
5556
8848
8720
8524
7831
733
7171
5936
6121
753
7932
2300
976
8629
741
2686
3587
2832
4153
2668
5815
5839
8542
4076
7204
8777
5413
2513
7234
5772
2120
6195
7995
2696
986
6579
6513
2769
5710
6404
2183
8167
4727
1750
5365
5732
7228
5275
968
2912
798
9018
2761
3235
5980
5363
5752
1040
5968
8684
3324
3889
1006
3284
7078
6718
6294
3368
2347
6547
2659
4740
7881
8187
4878
2546
4941
5784
6395
5269
4920
5170
3816
5193
1744
8235
6684
3051
735
1192
2937
1777
2159
8675
718
8147
2983
2582
5625
5735
4923
8699
2982
3851
4963
6422
3408
8882
4088
3377
1721
3584
5285
4366
1788
725
6774
4782
984
5672
6676
2741
5466
4976
6035
5572
869
7492
5795
4477
7346
2956
6803
864
4980
6728
3819
6706
2605
5218
5462
6645
2184
6464
4967
865
6498
7254
1021
3081
4834
8828
7702
7771
8838
8872
8835
6105
5699
5700
5696
5684
8921
5373
8949
8955
4889
2640
5690
8966
8985
4312
5686
5685
7063
4300
8785
6047
8768
6060
7822
5796
7919
7198
7947
1617
5826
5746
5836
8123
5847
8130
8138
5940
8158
8197
4450
7153
8275
4929
8366
8371
8372
8423
8582
8610
8640
8672
7235
5736
7791
7017
5400
6331
5641
6436
6341
6342
6800
3499
6375
4994
6754
7309
6584
5034
6732
5001
5056
5004
3654
3611
5003
6432
3825
4832
3497
3957
5680
4677
5517
7419
5002
5678
4104
5577
6851
6896
6963
7357
5667
5670
5401
6887
6852
3491
8142
3241
7012
4428
750
5055
6365
5243
3238
8665
3758
4105
4999
6533
8661
7272
3307
5834
6768
3500
885
4420
4095
1973
1147
3160
2798
5085
6827
743
4016
960
5825
4649
6470
4795
2961
7809
1805
7577
2786
2534
8819
748
8903
2966
3495
3188
6985
6383
2399
4437
5693
4911
793
5203
3292
1472
746
3608
3173
1783
3096
7888
2090
1696
1437
4246
1752
5611
659
5791
3194
5504
1053
4577
7407
4079
1046
5182
4263
4903
998
1059
6103
5134
816
8961
1812
1104
3656
1288
7186
6826
2688
4748
4273
1078
4979
8042
947
3211
2687
8709
8722
2548
3359
4284
8462
6296
5470
3417
8604
4171
4821
6232
2473
2186
5315
1581
4996
4678
3140
4532
2134
1508
2993
2981
1860
4316
964
4893
4490
7502
7764
6932
2866
6077
2118
2654
5135
5291
1852
4298
1523
2383
6678
5304
2704
7208
7753
3753
3434
4736
5538
5114
1822
6314
5419
2976
1624
2342
8920
2188
2835
6390
1771
7789
695
6279
6630
1959
969
4765
7293
6286
129
8808
5498
656
7263
1730
5418
2350
2207
4873
6658
1026
4703
7979
1997
1715
8670
2427
3649
7038
990
101
8638
8039
2507
7101
4680
3150
4801
5777
6037
5404
4404
5069
720
6559
4960
951
1196
2935
1562
4895
875
5846
1873
2801
6368
1951
2521
938
7282
6530
8511
2764
5053
934
8385
8957
2478
1804
1909
5179
2780
2596
2772
6473
1518
8827
1111
7892
2843
2617
1690
2458
5292
3759
1187
306
3093
1831
7826
1057
704
2715
2074
510
1608
2633
3042
918
3068
3177
2285
1616
2364
1233
2403
2922
167
3134
2789
1226
1063
99
1759
1080
2766
161
3147
1186
2215
3005
2393
1204
1363
1388
9001
5909
1688
1841
2448
1834
1816
3780
3370
3653
4809
2496
2385
5264
162
888
278
3880
5356
105
507
1060
348
1218
788
4290
2325
1076
7444
2651
915
1476
47
2062
6612
5585
6609
961
893
2660
7786
1084
4515
8157
1012
2043
8482
2428
5352
1004
2618
1907
2046
3707
3928
7445
4639
7587
3263
3924
8833
8840
7944
7698
1077
8654
1627
3456
824
1819
3127
5433
3948
1017
1184
2440
8336
6571
2429
1014
2939
5518
3256
2227
3006
3071
1972
2560
4251
2799
2078
6636
2753
4981
2647
1085
1286
3445
1767
1225
5850
945
828
2570
6525
8642
2327
7894
3714
8781
4945
4587
3402
2634
2676
5787
3016
1769
535
2146
5553
937
1020
410
4432
4584
3251
6093
3010
3604
4947
2441
1092
2155
2975
3218
2494
3882
1807
2039
2581
7177
4380
2699
1095
647
4570
205
3552
6148
3398
5888
547
3668
1517
3412
1929
372
3113
4638
786
1047
2990
3643
3034
5010
266
3028
6114
1008
8268
4552
4383
3702
5108
4043
5161
131
1429
5117
4121
4932
1689
4247
1876
183
962
8914
8616
2708
2858
880
7815
2189
8689
2465
516
1525
2815
2793
5832
8853
4716
5857
327
1018
4696
6273
2730
3264
8979
2418
4462
4735
7897
6446
5810
1042
4101
5224
5384
3066
1529
8795
4815
5395
6225
8589
685
3404
5033
4833
2594
2365
3996
95
8584
3661
1610
3673
7934
8970
3695
5255
6387
7139
5792
8363
5682
4749
4175
4381
3618
8196
4767
5707
5694
6690
3679
5995
8611
7117
6332
4975
5705
8544
4745
4403
5066
5994
5366
6323
8528
4459
4464
2106
3664
8121
5300
5299
4140
4465
7083
5843
5841
5231
4865
6468
7250
6228
6793
6482
3897
5450
5283
6250
919
3476
920
3992
5506
6936
2697
3326
6238
921
3879
5505
4018
6476
6484
7340
5544
5111
3771
3943
6051
5057
7199
3788
3835
