item_recommendation
25737
7541
7872
775
8093
8327
980
8571
8117
1513
8447
7669
8225
7697
7437
8183
7613
1003
5515
1515
741
731
733
8360
745
1507
8290
5008
735
2769
7560
1523
626
7782
4795
4316
8033
8403
5186
8596
990
8772
5410
8499
986
7914
6260
695
3232
5198
963
1006
1870
8899
4740
984
5159
1288
5597
6918
4414
5723
1057
4658
5768
960
8636
3368
1046
5312
2798
7878
4696
5282
951
725
1812
5715
5288
9012
5853
6154
5675
5742
8591
6091
2659
526
7728
4076
535
266
786
2688
2669
4649
3235
5662
955
4584
8003
724
746
976
4830
2772
8253
964
7478
7649
961
129
6902
1060
1047
6355
3522
285
7234
1030
2741
8661
969
3324
6826
720
3113
472
1021
4801
2288
2912
6121
2937
7938
4550
1744
3575
48
8743
8136
8376
8070
4727
888
2780
1026
3875
5161
2689
5489
726
6970
2605
4079
1352
8410
1771
7636
5611
719
8859
1041
858
1907
8580
8056
5033
2473
2496
981
1525
474
6242
3188
748
2186
4984
2513
1394
3388
2481
3194
2982
8777
6243
7753
1624
8420
1819
6294
3238
4765
3086
8720
6073
4680
869
2300
6760
5177
2407
1020
4941
2248
743
1024
968
2829
870
5968
2183
3402
953
4645
8998
2440
5053
8207
3759
1739
7245
232
4016
2374
1317
4731
2546
8699
1008
5264
4401
1004
3408
7254
4417
8154
893
2227
3854
915
2385
2082
5839
7293
3816
2799
6896
1508
5055
101
7186
2438
1187
4782
1132
3880
6178
1831
1017
1777
947
875
864
3604
1037
4821
762
2686
5218
1053
1010
1844
4246
5699
1125
1581
5936
2687
1690
6684
3160
5815
4290
886
5117
6718
6116
5834
1501
8768
5641
4427
2976
4404
1590
4228
7171
5710
4976
1013
401
973
5365
2340
3269
802
1331
6768
3845
4625
4354
912
2347
8607
4437
2835
6436
4923
2441
7204
5275
916
742
4162
1036
8807
3758
4095
321
1042
8275
970
3611
4101
8524
4440
3456
5735
1980
4312
5765
8640
8477
8142
2570
1078
1639
5625
5588
7357
892
2534
5356
5836
2154
2573
750
7771
1497
8235
2062
5203
5323
3199
4349
5243
6751
8542
954
6728
5443
2241
8943
6963
2764
6498
2651
5940
2295
2654
4524
788
4532
4980
5655
5666
5363
6513
5752
998
5732
5329
3452
2460
3095
407
2609
4191
6404
6800
6609
4844
3608
2415
3307
5672
4420
4136
4861
6774
5729
839
189
885
2647
2925
6464
3668
3869
8961
1876
5689
1619
45
5170
5745
6422
5795
5341
6286
6985
6547
938
6827
5440
3584
1209
656
2721
6375
6676
747
7786
7831
3029
2120
8684
3357
8709
4263
6803
759
4600
8848
1500
3284
218
1836
3417
6645
2184
5038
865
7012
5684
1161
1901
3359
6056
4428
3656
2801
6530
1111
1147
8966
7419
7791
6584
5577
7947
5847
8629
4677
7822
8672
8838
5826
5002
7017
6887
6852
6851
5690
8610
4929
5001
6047
8949
5034
8123
8130
2696
8372
7198
5517
8785
5056
6060
3499
7153
3497
3491
5373
7919
4889
8985
2640
3334
5004
8582
7078
5003
8828
5285
4832
5254
7063
8835
3654
5398
4241
5400
5401
3825
8955
6341
6754
6105
4477
7346
8197
7702
8921
5686
5685
7235
4300
6732
6331
5667
4104
5680
5678
3957
5670
5746
8423
7309
8882
5736
6342
7260
5700
8158
6432
8371
8138
4450
5796
3936
6706
8147
8872
1617
8366
5696
4994
2428
4638
4389
4761
8665
3632
2642
4834
6021
1014
3093
7263
3377
423
1104
16
322
4987
6365
3996
5375
2892
2465
3489
2770
5151
5466
2521
4902
1839
6579
4577
966
4033
6612
7407
2796
5114
4520
1437
5346
3268
1688
3358
3500
1816
3218
5572
3753
840
6103
2278
5080
8522
1023
647
1192
105
2398
965
6225
833
5518
6630
737
4153
931
4706
1367
8819
1438
4612
2212
1822
6232
962
205
4086
8462
6835
313
6035
5071
2504
659
2639
4736
1735
5009
3702
3889
5971
1336
934
2880
1059
5199
4643
3784
3892
929
3649
3159
3262
4888
4659
5193
1031
3804
1636
2983
2582
7619
2339
5222
4901
3285
5242
8761
2236
4873
5236
527
6678
880
828
3428
4636
2548
4718
2366
2668
1040
100
2677
5012
4967
988
3805
4105
1504
7738
5585
4954
5637
5463
5302
4676
4634
4640
4977
4333
5342
4662
461
1056
4999
1562
2003
8385
2956
5017
2531
1750
2433
5462
6314
2832
3152
3127
879
5241
3096
6234
3563
3292
5171
3213
5960
881
764
3216
3241
8654
4833
1794
3024
753
3387
8167
5085
1580
4332
1025
2118
2482
4380
4111
6521
6568
4979
6832
6440
6318
994
1012
1346
3125
6132
3743
5210
5832
6509
5808
9001
8879
2935
2009
2660
5139
4188
3655
1852
2709
6533
4639
7698
8833
7944
6932
3924
7445
3707
3263
8840
7587
3928
3207
6748
5427
5483
2214
8638
4728
1032
6892
3210
2722
3495
8642
4627
4366
6062
378
2368
1016
4519
2673
3799
7099
7394
2394
6862
8920
1019
5296
8865
5265
5364
5377
6591
3751
1064
3852
2860
4433
8387
2283
6850
276
4255
7990
3574
1358
5985
889
3051
6550
1410
531
7038
8388
3281
93
6012
2173
263
4171
9004
793
4809
2202
3714
2231
2188
1517
7888
2494
2774
2331
3173
4673
6446
4846
3819
5693
3498
1499
1604
1327
2567
6493
2342
1556
3871
5214
5449
609
4903
3709
2478
6408
5980
5182
3723
1472
4996
4005
4121
1429
1826
4045
2487
4251
2131
2735
7792
6658
6744
3420
7757
4197
7208
5810
1715
6739
2500
7481
274
4936
8239
8507
2859
2581
3157
3329
6743
2693
3976
1293
940
3565
3960
3843
4337
4399
3547
3991
639
4338
4184
3450
4268
3270
4273
4342
4291
4284
4274
3619
4036
3252
3626
6279
3445
6368
2497
4895
268
5909
9010
1341
7034
9018
1834
2690
1034
4605
7272
1087
3256
31
2335
1307
1526
4756
2981
1281
4911
7894
4614
