item_recommendation
7914
7541
7613
7872
8571
8183
8327
8360
25737
8154
5264
7437
8447
7669
7697
8225
8093
8879
6579
8410
8070
8633
4658
8056
8977
8228
5980
7407
5772
8927
8522
5470
8620
5410
7293
8761
5134
1562
4632
3602
5489
7809
3093
3908
8661
7720
1111
3608
401
8777
2442
2605
2021
8420
5787
4809
2344
8290
8403
2935
3232
8451
1777
5597
5137
8684
5008
8699
8722
4821
4614
1120
4375
1652
4177
5765
7583
4022
3900
8235
1291
1744
2779
8910
4437
7502
2788
4188
8207
7728
4162
4024
6322
1145
7101
7236
6207
4696
6318
1569
1816
8388
6509
1580
5684
5699
3643
685
6154
7155
5122
8392
8609
5840
8612
2434
8239
8864
3761
8169
5097
8525
8799
3639
8831
3479
9010
8133
6566
3615
4238
3344
8712
3368
7802
7619
4161
3777
3863
2664
6056
8033
1463
4584
3427
4861
6800
1739
3438
984
7938
8865
3281
8667
3819
2318
5617
5210
1515
4603
2402
6140
3396
7782
6073
3824
5177
4740
5553
3436
3189
3426
3490
2783
3930
3620
1910
2875
1493
4007
3919
3429
3094
3914
3785
2430
3757
7757
5065
4837
816
3456
3431
5395
6493
3755
5588
798
781
1193
5515
3632
7478
3478
2786
3477
4901
4139
1196
813
6458
4600
5440
2457
2219
1612
1575
2761
4772
2656
5941
7222
3240
6985
3354
1809
3700
2159
6195
8859
2153
3655
3691
3377
2478
4386
8387
3751
4969
3292
2748
8903
7560
183
1535
848
1767
5182
1472
4920
7228
1295
2018
8336
4035
2359
7753
3432
6760
5433
2749
775
2687
1812
1310
1639
4432
3298
2370
6091
4709
5662
2155
5202
3258
6290
4761
4076
2236
5107
5114
7316
2615
4394
7771
4722
2959
2496
3165
835
1804
2396
6223
6748
5198
8261
7011
3334
1476
5443
8998
7245
2536
405
8589
2970
7036
915
5715
2802
1923
7649
8003
5957
3668
2630
30
3793
2942
1499
8848
1361
2436
4612
5585
5291
5888
4296
1060
4885
4928
1907
3213
1549
2400
2799
7878
5033
5768
980
5729
1133
4984
2733
2557
6077
6885
6536
8147
647
673
4941
5427
6327
1721
5069
2173
3010
6211
42
2404
1670
3581
3268
6355
7055
7034
7110
8961
4462
3185
1696
4262
135
1363
2835
3060
2905
7636
1970
5989
3798
5028
2367
3387
1671
3072
858
5159
5570
6615
213
3016
8117
7438
1692
4634
2373
761
1437
3587
179
3786
1678
5705
8625
6460
1260
839
7282
5556
6314
1783
911
1713
1024
4644
8604
5788
8779
1320
2686
487
4102
4084
3111
949
8477
5516
3832
1903
2581
2712
2946
5938
4088
7171
2888
2567
4280
546
4846
4033
4703
2451
2324
2432
4366
6395
2736
2956
4561
3412
2966
6751
1554
5473
3434
7379
2902
5341
4189
3324
5689
6636
2753
2090
650
1479
4171
1916
6413
4787
1876
3653
366
312
6927
3081
3088
5742
3284
5013
617
4384
8914
5222
6436
4854
8654
412
3140
243
1841
6664
1729
3174
2659
8422
5825
2366
1686
2138
875
2981
6148
6963
3259
5710
5339
1833
2609
2075
6294
1086
2427
4659
1883
840
4378
599
575
4896
5382
659
3008
2866
2815
8580
2207
6426
1130
2495
4458
6538
7951
3807
5723
1247
1281
1852
2193
1427
5302
5637
4636
4676
4662
4977
5463
4727
5483
4640
4333
4830
4954
5342
2507
4627
3845
1680
4728
1794
484
526
4911
2180
5628
3489
2752
5364
5236
5265
3616
6571
2350
1608
4519
507
1380
2337
3710
2174
4108
6794
531
861
5269
5784
1848
1218
4030
7204
3428
4844
1507
5677
1771
1161
2839
5503
1087
3534
2548
3051
1950
1419
6279
129
3421
6547
2328
3207
2769
8491
4524
1641
1523
1453
2610
7394
95
271
3747
656
6957
1046
8253
4936
2986
4304
1240
5146
3024
2962
493
7990
1702
1410
3178
1788
4602
2627
1288
1029
2636
2058
1004
6365
4902
8499
3370
327
1835
3127
5038
4771
5464
3192
2043
1839
2498
1329
3031
5422
195
1873
4169
2808
2014
4427
5801
4191
3316
2745
7340
994
4414
2709
6008
5164
4406
209
2401
1483
2668
2393
3042
510
3134
2766
3150
1388
3177
2364
2285
3005
3147
2596
1233
918
99
3068
1204
2074
1616
1759
2715
2789
1063
2922
1186
161
2403
1080
2633
2215
167
1226
704
2819
306
2448
885
6464
7254
1837
2325
439
690
2231
455
2421
3685
4252
1513
2642
1354
6703
278
4748
1856
991
7484
966
6116
1997
1242
969
6231
1602
1275
5518
1730
7415
881
955
5139
3706
3780
2843
6051
3285
4356
2241
5413
3988
3854
5791
6920
4849
6857
2887
3882
47
2858
2433
2246
2624
1688
2141
3087
3844
1946
1210
914
5059
1404
2722
8385
21
4086
6498
1085
2730
1033
2032
2429
132
870
1126
3006
8008
518
990
8857
1482
3175
383
668
6970
498
4051
5666
4241
5398
5254
3936
37
2399
4318
1545
4897
3071
1972
2368
2706
4251
3296
29
6404
1393
299
320
267
2485
2939
3211
5459
5087
1287
2419
2511
2832
2039
348
2076
2990
145
4680
1317
476
2035
3351
2634
1095
4560
1769
144
4930
4207
4534
116
2563
1929
4483
7096
2848
2491
998
965
4426
1878
5853
295
4121
5319
818
4550
1184
3273
2936
7131
8268
1928
2801
7713
1216
126
2817
1586
742
3202
4498
1352
2091
2232
4278
2340
547
1791
2912
5500
1073
1042
8131
986
4062
3574
5186
4181
5372
3182
349
3190
250
3357
5147
4776
6033
3301
4859
2255
108
4308
1465
4987
3318
4880
4254
4352
1858
5568
2600
162
4114
4321
3895
5530
3041
1131
953
1959
1148
3662
1566
1387
97
3594
880
1077
2784
4055
6230
1016
832
759
8596
3160
5846
1980
1689
2806
4795
902
3962
7881
7979
4383
6708
460
7272
8187
3622
1341
5968
5833
7840
4925
9018
711
8730
2975
470
8783
105
1378
4021
4684
5377
466
3120
8899
7932
950
5641
2307
589
1925
5604
