item_recommendation
25737
775
7872
7541
8093
8571
8360
7697
980
8183
7613
741
793
7914
1513
8225
960
1003
733
5410
8327
7636
4649
8117
5515
828
626
8290
7560
6073
7437
1744
5597
4731
5159
5498
1046
2686
778
1562
8070
731
864
8447
7669
4550
728
8253
8661
647
735
4246
875
1040
955
1523
7782
3751
2227
764
3324
5264
1711
2659
1767
129
976
1870
8522
5765
8033
984
2236
4577
8207
1507
718
7728
1515
1053
1907
765
5556
1816
912
5312
1812
1135
869
8859
1631
8403
1111
798
8772
4458
8410
6970
720
753
745
2467
719
2897
1057
4830
5538
2772
8743
8596
4821
4600
232
4366
994
6178
1437
4634
4638
8499
8235
1707
6091
6154
526
7938
5742
8420
1030
861
4703
2340
8056
2173
8879
824
746
1120
2935
1020
990
6579
5315
858
8003
4795
5198
1132
968
2504
5723
7649
1008
2481
726
7478
5087
6195
2745
2212
2668
2741
2605
7802
1024
1819
5008
4076
1042
8899
750
3235
3152
5288
3875
695
8136
8376
6260
1281
953
4658
870
4440
1652
4228
7753
725
8154
7293
8477
401
7234
3338
5772
474
888
7738
961
8654
1317
2545
5752
2835
41
5092
3188
285
7407
2186
1831
5186
2687
8777
8699
8636
4584
724
1750
2815
1023
2669
3086
8684
2385
1804
7245
360
2062
2398
1552
748
2798
4654
986
721
2248
4437
1125
1006
4515
2243
2801
1288
4861
1145
1676
4673
2289
1161
1209
8261
374
16
1036
3368
759
963
836
722
881
5069
893
4696
1657
2769
786
1147
3702
2440
2300
1151
5638
830
5539
4823
4664
4655
4214
5540
532
3520
4516
5501
5043
5047
4282
4674
2770
2937
6918
5177
6365
1103
1569
4987
3232
419
1624
5853
5414
3632
2925
8761
1777
1535
6728
3900
8709
1026
8385
6902
7878
9012
8591
5715
5675
5768
45
966
5662
2438
48
1844
6314
3140
1272
2647
964
3133
951
2696
2724
6143
780
4316
743
762
535
266
2981
6294
5834
3150
880
3281
2874
4188
1739
1970
8998
1021
5489
5909
3831
1076
1479
2546
4809
4782
1629
1581
8722
2688
3816
7619
8819
144
1078
7186
2681
6826
5815
5139
2241
782
27
3125
3417
785
5729
2982
7888
885
3360
981
1508
2752
808
896
1497
1531
5641
760
8580
5372
2231
3424
1721
1016
5787
4936
6658
876
6630
1608
5839
5936
4262
7831
2437
7204
3668
1482
4153
3608
996
6493
2278
1056
1453
3173
2496
801
969
1032
2780
121
5375
4162
5666
1320
4727
656
4801
956
844
833
3456
2521
818
988
6404
1429
4101
937
2751
2787
2527
1177
779
3989
915
4171
916
4572
1643
816
3428
6355
189
8720
2394
2689
2441
4941
1059
802
7254
3604
4748
1488
6077
4873
8187
889
485
4332
6225
1419
3408
886
3452
810
527
337
1472
1352
970
2959
3575
659
3207
5689
3854
3127
1049
528
156
8910
7786
2621
2468
1852
8462
1771
947
1476
3213
8961
2721
435
2985
4326
2183
6207
3754
2295
5588
2427
26
6751
3489
2506
5611
4802
3081
5470
5693
4010
4014
4012
4009
4053
1241
4011
3481
3979
3243
4920
4888
3784
929
3649
4643
3892
5199
3262
3159
2880
5296
2082
2907
2128
3155
2639
5038
3936
4241
7260
5254
5398
3334
6390
2809
2500
1041
1037
4923
5282
2699
3214
1500
1394
3357
2956
5473
461
3587
671
140
1404
2120
757
387
965
1839
3051
2282
6318
7038
2976
6405
6450
1007
7272
7316
737
6408
2396
6509
1331
4765
2692
3500
3113
3269
2107
2796
5443
1702
4079
8977
678
3402
4803
1696
2407
872
2096
8882
1225
6760
2677
2516
7171
2832
5625
1027
6322
5275
2204
3358
954
5324
1501
1025
879
2383
2572
1013
8927
580
2827
1047
3263
8840
6932
7944
7445
3707
8833
7698
7587
3928
3924
4639
1171
1066
3759
2779
3690
8392
5053
2617
736
2660
2004
5808
9001
7583
1493
4016
423
5630
5335
1834
5572
2761
5033
1667
7078
6121
5980
2718
3370
5710
2102
3682
1061
3692
3891
3343
2565
813
2099
3714
8903
8239
555
900
1939
854
2200
2487
2327
312
1010
3067
1196
522
4521
4177
8607
904
2892
3521
8642
1640
181
3244
3420
2155
1582
934
1980
2673
4251
2786
4804
5795
105
4404
2793
4642
2490
5346
2938
3218
787
280
5055
599
4603
4612
196
7720
840
1788
4447
1619
8451
2118
1022
6612
2134
3655
1175
1504
3795
2366
5968
9004
6103
8807
3880
2727
4489
3194
3307
3926
2232
1422
2478
5655
2445
1863
3845
1733
4876
997
2635
6768
2513
1231
922
2344
8665
7817
4375
4401
1529
4462
2802
866
5165
2966
3359
1114
2374
835
2418
1612
1245
714
5440
8228
3344
5840
8609
8133
8864
5097
4632
8620
5122
9010
8169
8712
6566
3479
8612
3615
2434
8831
3761
4238
8525
8799
7155
3639
5161
6383
3339
3863
1518
7484
2583
2817
5782
4161
2288
1639
1663
1876
1099
6395
4976
2829
2573
973
475
1951
1152
4967
3869
2582
2983
5291
742
4432
2799
3758
1873
5114
1019
1105
6676
6498
7126
2439
4563
8388
6803
2485
892
6047
7299
5117
303
1060
1286
3176
6436
1011
5134
707
1805
8689
5810
4686
2479
9018
2354
3142
6513
2368
1755
1665
1104
8848
8142
5363
6718
6559
2661
5352
5732
945
1900
5735
938
2764
4878
4901
7394
1137
3540
3251
8667
1014
7415
1073
6422
7208
463
101
2152
1230
6684
1433
4911
1004
5170
2581
492
7894
2031
7282
2287
1054
1363
6530
2262
2971
3593
2433
2507
5193
1688
1769
5449
7099
3508
5873
2775
7995
5065
4885
6547
1502
2912
202
7759
2207
291
3852
1064
1671
12
761
7577
364
6835
7792
1728
2674
5672
1746
2350
767
531
8768
6211
1641
454
1215
957
1549
2473
2244
502
1984
1356
1180
216
2920
3148
2918
1304
