item_recommendation
25737
7872
8327
7541
8571
8093
8183
7914
8117
7697
8225
8360
8207
7613
7669
7560
980
775
7802
8290
4600
8447
8253
7437
8033
5134
5198
8070
8056
626
1513
8420
6073
5515
7649
6178
5410
7728
8772
5765
6195
5159
1003
6154
8684
5772
741
7782
8522
8403
7636
5742
8477
7478
8003
8235
7407
731
6211
733
6365
8261
8499
8154
5980
7932
8998
5689
6091
960
1870
9018
5177
976
2686
984
6579
6970
8596
3232
1507
5470
8167
5729
7245
8636
8807
7878
8848
7995
8879
828
1523
6355
3368
3235
5264
8410
4911
4893
955
5597
8777
735
4809
5186
6902
8722
7228
4658
8039
5312
4584
3324
8661
8451
6260
5715
745
5662
6918
2227
6395
5288
5008
5853
5808
5675
1515
8903
5768
8699
9012
1777
7938
5038
5723
1046
4782
5254
8591
3334
5398
5666
3587
8743
232
8607
7492
1812
8187
5139
4440
4241
7260
3936
6408
8675
6636
5556
6493
916
6658
858
5443
2062
912
7293
1744
5033
1907
953
5787
5269
5784
3489
6718
2212
526
5611
4740
695
2300
8385
6404
6294
3292
4076
129
8859
954
8376
8136
4051
753
8943
986
4821
5282
8899
3875
8580
7577
8524
951
6676
7394
5114
8709
4366
2605
724
3900
8142
1053
401
966
1816
4550
3751
6322
1057
3408
1288
2659
6547
4920
3608
266
5182
4088
7976
1042
1580
6230
4765
893
4731
5825
7254
6751
8819
746
869
7738
285
5193
720
2769
608
6422
2912
4121
864
750
969
1004
6318
3816
4941
1006
7753
7204
5053
48
4727
8157
5489
4696
2696
2801
1020
8720
3377
7831
3417
8629
4437
4188
4326
8751
8542
7282
2772
5699
4612
4878
5275
3281
7250
6436
970
8511
4246
6559
7171
1624
2687
1026
5352
981
535
647
8761
1030
2186
6760
8604
1739
6121
7121
3434
5718
472
4552
888
5641
7115
7272
4420
2669
1788
5968
6383
4162
7234
8977
5413
6498
4761
6835
1437
4414
5839
5815
5473
7809
6446
7881
5655
1657
2699
1147
6684
7160
915
7619
7888
1771
2513
2506
2798
5936
743
7979
1819
3238
1476
719
7186
4795
5795
6077
961
7444
5707
964
7771
2545
870
5395
5170
1317
8864
990
3854
6826
947
3668
4792
2688
6279
4095
4153
4945
2892
1209
5151
5752
963
934
6148
7840
8914
6375
2668
7789
5027
4972
2241
2956
8961
6051
2496
4901
5891
527
5791
1021
3819
4262
2398
6162
2344
725
8927
1508
1525
6273
6624
4273
6690
485
2546
4284
1132
2780
6473
5323
1024
8768
5625
861
8910
2288
8121
5065
968
1060
6650
5462
2709
1844
2504
6513
2385
8640
7177
880
2340
1013
721
786
7340
5304
3188
7892
7130
5570
2815
748
1497
4312
4984
6896
474
6276
3780
3125
2248
5672
8239
7419
7786
1639
3500
4649
1876
6803
2937
8827
6706
4830
7822
5632
1040
4865
3173
737
6464
7720
1501
879
3051
5710
8665
656
1767
5285
6000
798
5843
6850
6530
726
7078
4101
1500
6047
3980
8616
1529
6207
5693
8491
1365
4079
3140
2481
839
5117
6800
4638
1750
2183
2118
5850
189
3127
1970
994
7101
6862
2935
4976
8672
4848
2752
3370
6331
101
4614
5427
5572
2982
5055
5684
4660
1281
3804
2976
1078
2173
4194
2120
4228
6887
7583
2415
2741
5433
3213
4577
4605
3420
7357
4016
3453
1037
5735
3284
6768
4686
1831
5633
8366
7139
2318
4380
5400
6728
8169
4873
4161
196
6476
4748
8482
6470
8810
4450
8882
5179
5588
965
7899
8808
5732
2236
1125
6840
8008
8275
6314
5010
5940
6084
5243
2082
3194
6035
8123
5636
3758
1192
5363
8633
1111
5210
1352
6155
4619
5538
5777
2829
8147
1652
4603
7748
7263
7346
8336
956
3869
2184
6645
2806
4801
2582
2983
865
872
6341
6482
2770
5466
5046
1010
8014
7919
8228
4263
5034
5003
5826
4929
3863
2366
105
7198
5700
5796
5685
5002
7757
8979
5909
2802
5696
7705
4104
3497
5847
5686
3499
7702
4300
6060
6342
7791
3654
3957
3491
5836
6432
3611
5577
5056
5667
7153
6105
7017
4677
4832
5004
7235
4889
5401
6963
5746
5001
2640
5736
1617
7309
6852
6851
5373
6754
6732
5517
7063
1688
7316
7299
4632
6584
885
728
2154
8371
8985
4477
8785
8921
8610
4994
8966
8582
8872
8949
8828
5690
5680
8158
5670
8197
5678
7947
3825
8130
5440
6414
3656
1504
8392
6450
5544
6286
5315
2827
3452
4680
4177
2459
8609
1769
4936
3081
45
2764
7038
8544
4375
8795
3024
5017
2473
4684
7012
6525
8892
3428
8589
742
1076
5846
6290
3241
4033
8620
8838
8835
8138
8423
8372
8955
4428
4834
4105
9010
4980
8853
1609
1641
4716
5202
5348
765
4925
6827
5518
1676
844
2490
6143
6509
6037
5404
2676
4960
1581
3096
3427
4316
1453
3155
7348
5500
16
3388
3404
3000
5438
5161
3851
6225
5682
410
2441
3354
4947
3786
7815
8638
5203
5223
4492
5629
3658
5991
2882
4974
4999
4593
6832
7155
8612
2434
6566
3639
4238
3344
8525
3761
5097
5840
8799
5122
3615
4493
8957
3479
8133
8712
8831
6533
2828
6232
5218
3438
4846
531
6630
2396
5450
4018
7083
2697
6323
7117
5366
6793
5231
5505
8363
5283
4975
3682
2102
3692
3343
3891
1061
7934
6484
5085
4475
6957
7192
4932
6101
8695
6458
8611
3476
3661
4403
921
4749
5995
3835
4140
920
5994
5255
6332
919
6387
6936
3788
4175
5694
3618
4381
5841
1610
5066
4745
4459
8584
7199
8196
3326
3679
5057
3673
6228
3992
3695
5506
2106
8528
6238
3943
3771
5792
5299
4767
6468
5111
4464
4465
5300
3879
6250
8970
3897
3664
5705
5291
4815
2704
6927
3546
2560
8654
4923
900
4818
4411
7456
5417
3759
2883
3677
7897
2383
6521
2159
2689
3564
7208
7826
4861
4673
3714
5428
2438
4964
3425
6678
4560
3398
1036
6022
205
3552
988
5464
