item_recommendation
25737
7872
8327
8093
351
8571
8117
1003
7541
1513
1161
8290
74
7697
8225
8183
269
1252
775
7437
8360
337
187
1852
1523
5515
980
8403
7560
8253
5159
731
8447
8772
885
1145
8033
8596
7782
8499
6154
5742
6073
8743
741
8899
7613
4550
1317
5186
5662
2769
6260
401
39
1479
1777
8207
8636
6902
7669
5723
7728
5768
5715
7878
1507
6091
6970
1515
931
733
5410
8591
9012
5853
5675
5597
5288
7636
3232
8420
1337
1053
8376
8136
626
6918
3875
2686
647
986
1525
218
1744
724
5765
6178
7914
828
1907
1812
1870
7649
4731
4795
990
4941
960
8998
2659
1816
129
798
984
8859
5282
1831
2227
7478
8003
2668
5177
5198
2605
1739
858
5729
2300
285
6751
3188
4740
1111
4366
1624
8720
7802
3235
8580
720
6355
472
8410
3324
3417
4440
8154
864
735
8477
1060
7831
5968
861
869
4420
976
2688
6294
7245
2761
1771
5275
3816
8070
1046
2186
2982
4076
7938
1767
2815
237
839
2798
742
4765
4727
1631
4584
5672
1580
4153
5323
7186
1437
6718
893
2892
2496
745
7204
746
6760
2687
1721
5839
6684
718
1562
8147
266
719
1346
915
8607
1021
5008
5689
7234
8661
8943
5312
5936
8629
725
5443
2832
3368
963
5710
4349
4801
2545
1688
951
535
2966
8524
5641
2937
8807
964
2647
461
1006
656
6047
474
8777
3334
5038
1017
4316
2546
5808
3489
263
695
2956
3238
5815
1819
5254
1497
2347
2770
4577
5699
714
16
3150
8768
48
4696
888
2441
4923
1049
802
2616
4241
7260
5666
5398
6436
1501
8542
2504
2385
2427
3936
5655
6676
3377
1508
5055
1057
981
1608
6803
6498
4600
5365
6835
2415
659
2696
2935
7254
5752
968
105
947
6826
8462
6963
969
7771
6896
5053
6121
2779
3051
8167
1132
7786
5834
7078
2582
2983
2976
1026
788
6728
4016
8882
4830
1288
2342
1040
2801
3284
2786
6706
189
4312
6513
1059
4680
8848
3795
5684
1690
5170
6404
5735
6800
2651
5243
4976
5795
2383
3758
4414
6887
2202
3152
8235
1187
879
6774
7171
205
870
4450
8699
5161
5462
6341
2981
3819
5466
7419
2288
4437
4079
1047
3081
998
6375
2780
431
3408
3604
6422
4999
2772
5940
6314
8640
7346
5732
8709
6331
2513
8275
3522
750
5625
4477
6464
1750
2120
6547
4404
4300
8197
5034
6105
5796
7822
5746
5670
1617
5736
8123
8828
5696
3654
8366
7947
5685
5678
8785
8921
7791
8371
5056
5847
8949
5836
8955
7702
5680
8966
5686
3497
5826
7919
6060
8985
5690
5517
5700
7017
4104
5363
5285
8672
7198
6851
6852
7153
7235
5577
6432
8582
7063
4929
5401
6754
7357
5400
8610
3957
7309
5003
6732
5373
1365
4834
1696
6470
423
8665
2835
7012
6645
2184
865
6579
3210
1042
8872
8838
4677
6584
2640
8835
4832
3825
4889
5667
4994
3611
8138
3499
5002
8158
8423
5001
5004
8130
3491
6342
8372
4428
1196
8142
3241
6408
1980
2159
4821
5572
6035
3307
3456
4638
2799
4873
1192
7888
4263
2009
1030
2478
101
3388
5033
3086
1020
479
4171
1225
6296
2866
2741
6932
3173
3194
1517
1147
54
1909
34
2730
875
2212
685
2440
4105
1099
5909
1500
2660
5139
8961
2231
4645
2107
2197
3889
4095
1104
5611
4649
213
3656
1472
3263
3924
3928
8840
4639
8833
3707
7445
7944
7587
7698
516
1582
3575
4833
2442
1783
1805
1018
2829
6493
6530
886
526
753
2617
4878
4432
2986
6612
748
9001
183
5085
7263
3127
3096
3218
6243
1363
2534
6768
1004
1438
5518
5980
4658
7881
743
3880
1171
313
4980
6985
961
2494
4246
6827
204
1422
244
6103
5693
5203
2600
3359
1711
8920
2183
2581
7809
7748
7208
8451
1844
8522
1209
6533
2473
3759
8819
1352
3996
1836
4262
2327
2912
3256
953
973
1733
3495
3402
8261
5489
996
2090
3500
2325
1358
4337
1779
8642
2091
3160
4895
4101
2241
4380
1726
1493
4532
2596
3753
8638
9018
492
704
892
2399
3134
918
1388
2715
2922
2285
1759
1226
2364
1063
3147
1204
510
1616
3177
1186
167
2789
99
2403
2393
1233
3068
1080
3042
3005
2215
2074
161
2633
2766
8385
1788
306
1504
6286
934
2689
1667
994
793
2990
9004
2572
1951
938
8684
1552
4718
1730
162
3125
3709
1526
2521
1639
5218
1997
4417
4979
1959
2843
45
1013
5419
1150
2340
2118
327
3668
1834
4625
2243
135
1839
150
3702
6365
274
2492
1841
3211
6232
5504
1034
7038
5888
2467
3028
6225
2318
8654
1549
348
7753
1184
2858
3851
5135
2548
7894
47
7932
912
232
1463
2493
2642
507
7228
3292
444
7995
1972
3071
2429
3843
922
1973
3805
1394
833
275
1796
4342
2335
1218
747
5304
3430
1535
5182
2062
482
880
4691
1804
4399
5449
2634
3006
5952
3445
278
4490
4033
4247
3140
1120
2043
2046
3251
2975
8042
3142
3338
8056
1078
1429
1103
527
2078
3354
95
8781
1929
1901
916
3563
896
3133
5585
5433
2465
3584
1085
779
2527
2751
2787
1177
1794
3714
1073
942
2128
1307
1133
276
1095
991
6318
4284
4319
955
944
8808
6630
4162
4029
5346
1008
2178
1032
4963
1130
3854
1012
571
1125
1822
4298
7407
2289
1518
2039
4273
2200
2567
1056
2764
4401
6744
765
555
1488
4735
499
2704
6062
954
4936
5291
6678
1213
2146
4782
2458
5810
2681
2155
5193
1985
7764
1689
3730
3101
4569
1474
5418
7126
1084
785
1037
4911
1660
2774
1428
2188
6368
3113
460
4511
2946
547
312
8914
1873
3751
4251
1826
131
8589
4945
4515
7282
2775
7379
3223
3357
4290
1286
908
4914
1320
1010
945
1476
1665
6571
2154
816
407
2407
8979
1152
2745
4996
6609
1033
970
728
1064
2368
7293
5117
1880
2207
