item_recommendation
25737
8093
8327
7872
7697
8571
7914
8070
8447
8117
7541
8477
7802
8033
8253
8056
8290
7613
8235
7669
5872
8819
8225
8684
7560
5264
8360
6091
8385
7437
4846
6276
5354
9018
7649
8167
8403
7932
5909
6703
5296
7738
7636
8661
8207
8187
5926
8420
5159
4782
8522
7293
7478
6365
8154
8008
8482
2745
8410
4920
7728
5980
4930
3232
4166
8761
5012
8670
7753
8751
7228
8745
8654
8039
4394
8633
6178
8709
5141
6728
1562
7990
4577
7186
7492
8499
4941
8183
647
7099
8511
8879
2935
6641
3281
7487
8927
65
7107
7976
7809
8491
4945
8625
3368
5558
7817
6390
1767
4809
7415
1120
6739
678
1378
6077
6624
7577
5117
7394
7299
5226
7016
5888
3978
6559
5008
4984
5936
8044
6662
5597
7135
7130
8718
7566
8892
7995
8589
3996
3235
8616
8743
7380
5801
4296
6148
2950
8507
980
5291
4552
7160
7840
4873
6579
7311
8451
7096
8614
5809
7743
7782
6748
3213
6568
5581
6977
4121
7789
7272
960
3816
6791
5378
5882
288
8009
3176
5839
8864
8908
3997
4811
1824
6348
4692
4020
8526
6370
6415
5832
5900
8950
8948
5693
4292
7584
2941
6762
7845
3492
7044
7456
4821
5857
3752
7720
2594
6695
4188
5873
1804
8003
8807
6000
8228
8530
8620
6880
7189
8607
5955
5562
6591
2427
7407
3560
5433
1931
7938
2227
4427
6885
6254
4448
8665
3163
2374
976
4194
8910
6223
8810
4761
7192
1783
5599
5641
8961
8827
3572
1535
3587
8014
4769
3646
6966
7624
5605
8695
4420
7316
6314
5568
8813
7583
6927
5850
1566
7705
5521
5952
8903
3910
4432
4366
7245
6383
6107
3515
5815
4369
3250
4555
7234
1844
880
8675
3596
3698
2840
3038
4090
8979
7150
8915
5046
4848
3266
4688
7897
6378
7812
8057
7458
3467
8336
8254
6355
4515
7136
45
4251
6502
6636
2631
6509
2219
5146
1408
266
6550
2704
2346
6954
8866
6318
5923
5611
4491
8194
1437
6650
1320
3773
1404
8484
2212
1310
7585
8772
8531
8871
6669
1696
5603
4039
7762
969
7826
7161
1003
2779
6961
8977
7892
798
8617
6207
7142
858
7759
2344
8268
1427
1692
6073
955
4002
6850
7569
7055
3632
3152
1211
4437
4658
6458
5723
3387
300
5061
962
8781
984
2144
4177
1046
4842
3320
6785
8392
8899
6646
7208
6957
1973
6162
3637
6516
4600
263
5329
3531
1196
2997
5662
1676
1816
6116
5413
144
626
4901
970
3604
4756
1552
5309
6039
8777
6751
6743
6503
8998
2200
8629
695
885
4903
1066
2782
7786
4290
3660
5069
2243
7787
6021
7121
785
5864
7926
5164
2310
1212
4914
8142
4397
5025
1024
8848
124
2173
7484
872
485
8859
753
6777
5210
3889
6271
7757
2038
5942
6918
405
2557
8857
2445
8016
1425
2073
5102
3819
1864
285
3649
3310
8524
5765
4000
8261
4995
3420
5569
4963
6536
8943
7022
1515
4181
986
6140
7011
1529
2231
1479
6498
6964
3584
2154
8157
3502
1880
4024
4414
1711
1752
3133
1702
2583
4178
4081
6400
6426
8600
2620
1744
1839
3710
714
6684
2062
3247
5248
3379
4304
745
7766
6322
3608
1466
1569
3474
1523
6953
1441
7771
4666
5125
956
2236
5121
3869
121
6798
3901
6143
1145
3927
4355
6686
8808
4161
5947
954
4171
7502
5534
1665
5391
4142
7078
4486
7204
3074
1193
971
6154
1224
6100
2380
4262
4347
4911
3197
3377
1015
4840
3693
4146
953
775
6676
6906
4375
6999
6958
7820
6166
6981
3093
6404
5198
6765
4066
3643
7211
7048
3783
8131
899
3948
6521
5304
6422
3983
2647
6832
3201
5609
7177
685
4391
9010
8239
3268
5628
7619
5530
3653
4368
2551
466
8388
4722
2577
2824
2370
3292
3150
3010
8341
3508
4923
2741
8133
4632
3479
8525
8712
6566
4238
3639
8169
7155
3344
8799
8612
3615
8609
5122
5787
8831
5097
8699
2434
5840
3761
5218
48
996
966
3975
4830
6718
6203
3444
1788
3863
5479
2786
7325
2371
3391
1419
1862
5498
6893
6031
3908
1009
2981
1555
5458
8984
7051
3427
5899
2068
8604
8865
5080
3087
1210
1946
3844
2141
914
3963
1073
2275
1367
2167
4603
6535
8387
126
2159
7101
8779
6811
1715
3854
8147
6630
4584
5292
174
1900
2288
3178
6840
1380
6440
6132
1603
6114
2558
1907
1642
3918
3704
1819
6867
5788
4854
3296
3718
5134
5475
2059
3655
2407
431
2076
2668
6047
2843
3157
6760
603
4135
4458
3966
4844
1391
6416
1791
1209
2618
2396
6170
7894
7050
4893
2681
498
6920
3347
5971
5440
840
5812
8273
2457
7987
1254
6095
5180
6993
4885
8462
580
6724
1099
5473
432
4051
1370
3113
3028
4928
4342
4987
2897
31
6157
4205
1826
912
2535
1019
1363
6051
4814
7379
7090
7616
6263
3431
6818
965
3953
2069
5745
4246
3843
6367
6212
1343
5803
1455
5151
3799
4270
8730
2048
3127
401
951
2959
1296
1717
2832
1722
2761
5866
3478
6446
619
2442
8622
5028
1810
575
5434
6249
4162
6658
7089
4837
4265
3438
101
7263
1111
5033
2037
881
4318
1274
6826
6816
1317
4896
6862
3668
2710
4482
3751
2775
5271
4478
1612
731
6195
6803
8574
1571
741
2170
5965
1288
4019
3118
3598
2100
3696
3506
705
6835
2467
5949
379
8121
2496
7158
2282
7834
28
3895
6547
4678
6121
1937
3199
5945
4076
2664
964
535
7307
3624
597
1453
6480
7222
2340
5208
8453
6772
6974
4235
8722
1393
1580
57
4025
2579
5471
8689
2952
1891
5202
5193
3680
2539
3019
2819
3804
342
488
15
3112
5470
2367
2961
531
7303
4392
2176
526
5585
2180
5384
2021
2520
3970
793
3364
3925
8576
6877
1028
2436
1440
3459
6787
1556
4143
3602
4690
5729
2605
4740
957
1076
6541
7323
761
3033
145
3324
7036
1746
2272
2006
4709
6473
8667
312
8636
5772
2548
8906
3021
