item_recommendation
25737
7697
8093
7872
8327
775
7541
8571
8117
7613
980
8290
8225
8447
7914
7437
5264
8033
5159
5515
8360
1513
8183
8070
8253
6121
1515
7669
8772
5723
8499
6493
1003
733
1507
8056
741
8403
7728
731
7560
7802
8477
2769
745
8235
976
5458
984
5597
5498
5710
4649
7782
5008
8636
735
8596
3232
1777
6025
5649
6730
5312
5662
8207
1739
8819
8167
1523
5752
6513
6260
5655
5275
5282
9018
6178
8420
1317
7171
5666
5363
5410
6154
8684
5768
5732
8899
5186
7502
5742
5198
4967
5832
1831
986
2912
4821
4550
5675
7878
8154
7649
4795
960
8591
968
6314
1812
2741
5356
1006
6207
5375
5715
9012
7272
5857
4316
7636
6355
3816
2428
6902
2594
6225
8661
3377
5888
8607
5425
6073
626
7932
5208
724
7478
5288
5853
2473
2688
1497
3368
964
4636
3235
6091
6383
1762
5466
5839
8003
1053
869
951
2764
1744
888
7407
8376
2481
5489
8385
1907
8807
7254
6103
5323
4984
6950
5968
990
8524
6751
8136
1870
5611
6826
8410
2798
2605
5033
6985
1057
6509
6684
963
8743
7995
2186
2654
3875
4830
2937
1288
7371
2183
6970
1021
4941
4727
3604
1017
6760
3851
1014
8039
875
725
401
746
726
961
4414
4437
1631
4740
7938
6232
6286
4043
1046
3194
3324
1581
3487
2686
2651
969
5365
5646
2659
8720
5296
5909
5936
8943
3584
893
2835
1639
6728
8542
4696
7394
2898
1624
7334
5167
5177
1819
7228
2385
1876
2982
5693
3611
5699
6377
719
2513
5553
6678
5418
1750
973
2772
4736
4765
4801
3880
1794
743
5777
5377
7186
5218
101
2993
4079
4584
3759
5765
4920
5053
7831
6918
7234
1771
5650
6671
2288
6753
8709
2496
5051
1010
4903
2669
720
2227
1008
232
4153
3238
526
8187
3575
2300
8998
5672
2440
2342
748
8665
8511
6963
4380
7204
5443
2212
5291
2689
7245
998
6593
8699
8777
1020
4658
2441
1187
1508
2829
3522
3188
2668
8670
5161
2534
472
3307
1501
2983
2582
1824
2347
1004
2892
1026
4680
828
4731
1030
4016
8522
5055
5815
5400
3854
915
5241
266
1580
981
1980
947
7160
3173
6162
4670
5754
4130
7323
2411
2120
7771
5834
1056
647
3877
7352
7373
6947
7411
4217
3915
4700
3873
1756
7034
4501
7285
1596
7650
2524
4618
7125
6864
4480
6037
5063
5404
6611
6585
6548
5367
6474
6447
5278
5528
5969
5041
6790
5042
5780
6057
5989
6188
5092
4401
1192
8761
3819
4372
4878
5304
2548
1690
3656
8859
6365
762
4960
4076
535
8580
1147
6035
5572
4228
6422
474
8482
750
4957
4552
2704
6835
4981
4417
3281
1060
4121
2653
8616
1042
879
285
5518
3996
938
5735
2976
6596
6598
6630
5243
6242
6579
6243
1036
8961
48
6896
753
3758
5170
6568
955
4951
5641
5801
885
4095
4923
858
5588
3113
218
892
4976
8491
2248
3959
1517
6047
864
4532
8014
6612
7753
5729
3489
6502
1636
1500
3334
6609
1525
2687
3753
6464
1688
937
4105
7990
1816
4980
2801
6060
4104
5401
6331
6498
5285
5746
5689
8147
3654
5034
5940
5836
5038
3499
8366
4300
3497
5690
7822
6375
4477
8371
4241
6887
7063
8610
8768
5700
6732
6105
6584
5398
6432
6718
7346
7198
5056
5003
7309
8672
3936
5847
6676
7235
6341
7919
6754
8848
7357
5670
3284
5696
3825
5795
5826
8197
5685
6706
6436
3957
4929
7078
1059
872
8751
2460
2415
4440
6234
2546
1909
4945
6470
1047
2438
5440
4782
4312
798
8589
1032
2696
7099
1660
767
8142
1367
2504
5926
3086
718
2770
3984
3095
1394
1804
2761
8827
4638
4216
129
2482
6116
7208
4718
4796
8949
8828
8921
8123
2956
5745
5002
8582
4994
5796
8640
4834
3163
8808
5214
2184
6645
5971
659
4420
3702
8629
865
5521
4833
2134
3160
5644
7147
6186
1037
953
912
2935
1721
313
3500
4246
189
2677
2236
1836
3889
5021
7892
785
6530
2609
7016
4263
2780
4432
1078
1504
5483
6800
5684
6533
8675
6404
3649
8781
1844
6624
2721
5625
6296
4963
3269
3467
7812
6378
4688
8813
5046
3266
3515
7192
3038
8057
8979
7840
4090
7492
4848
7150
7897
8915
5139
3491
6851
8838
5667
6852
5254
4832
1617
8423
8785
5577
8835
6803
6294
4450
2640
8966
8872
7702
8130
8138
8158
7791
7017
5517
4889
5001
7419
5736
8882
8955
5680
6342
7947
5686
7260
5373
8985
8372
5004
5678
8275
4677
7153
4404
7136
4428
7012
3241
3250
8254
4999
8892
886
4844
8268
833
2650
7315
6547
4194
2799
802
7263
1755
7585
7096
3698
1132
8866
461
6827
3096
2374
4996
6768
3359
5085
8531
5462
1408
7458
7976
1663
7161
4873
5850
8625
8617
1805
1084
4615
3557
4349
5203
8484
742
4369
3213
1562
2295
6521
4902
4846
8871
6408
1839
5603
3388
1352
1012
8507
8462
2572
2786
4039
7888
6318
6748
2366
1104
1125
747
3329
695
4987
1024
4491
999
4101
4979
5346
783
3456
3495
2118
7130
6368
3357
2621
1696
1041
5419
1438
1331
16
1629
1023
2567
3751
988
2082
6559
4861
8695
2832
7786
881
4354
5808
2383
5080
2966
6739
8638
8576
4761
2642
3801
4577
7456
45
6957
7107
1619
2500
7380
992
5025
1013
7487
4645
2573
2090
3871
870
793
1040
2425
2796
1852
3358
8451
4490
2647
4895
5071
4600
105
5049
2793
1767
213
994
2241
8387
7293
5135
2339
2478
8879
5980
8042
7738
3408
4471
1152
3869
1410
6062
3218
3127
202
867
970
8920
766
2880
4298
5164
7619
4888
3262
5199
929
3159
3784
3892
4643
3452
1035
2144
1437
8810
9001
2639
7881
4148
2520
7044
6077
8950
3997
4020
7415
8948
6370
5900
6762
7584
6641
4692
7845
2941
6415
6348
4292
8908
8044
5558
4811
8526
6977
7817
3492
3563
5504
786
3402
4524
4659
7135
7566
