item_recommendation
25737
775
8327
7872
8093
7541
8117
1513
731
8183
7697
741
980
8571
1507
8403
8225
8290
7437
1515
8772
8447
1003
5515
733
7669
7613
8360
8596
5742
2769
5159
7560
6154
2686
7728
8499
5186
5768
5662
7878
976
1870
5715
1501
8899
9012
5853
8591
8636
5675
6260
5288
6902
8033
735
724
6073
986
1523
7782
7914
746
869
984
745
960
5282
4550
1497
6091
5597
8003
5410
1777
8410
828
963
2798
893
2795
1046
1525
5723
2892
5275
8580
2688
526
1030
720
5323
5008
2186
968
719
1739
1021
1500
725
1812
1819
864
2651
8720
990
6493
1504
1057
743
2741
8154
1026
2801
8998
626
2687
726
7636
6751
1004
888
2227
1771
858
4440
695
1624
3487
915
1317
969
8253
951
1688
1006
8376
8743
8136
2982
742
3875
1008
2815
6970
4740
4727
1020
2770
1508
4076
401
1060
5177
750
7478
6760
2912
748
535
5198
7171
266
964
6121
5765
5672
7831
1744
1042
947
8777
8699
786
8147
2937
6918
1053
5729
6513
1288
5710
7245
5968
5641
105
2385
2347
2546
3232
472
7649
6684
5655
1831
1750
2513
8768
2241
2829
6178
6676
2481
953
6718
1907
8207
2183
7254
285
955
6464
885
3238
2764
6404
6835
6355
4731
5363
5752
5666
6498
5732
7938
2772
2956
6803
7204
2440
2438
5795
2496
8848
5839
6896
129
5936
4312
2668
6547
2983
2582
2383
6294
5365
1192
7771
4153
5462
232
5443
6963
6436
2300
5815
2696
2441
5489
981
4795
474
8807
3489
931
8607
833
5466
5312
5285
5400
1010
2689
8366
8142
4420
2473
1148
765
2534
5735
4976
2120
2428
4263
4967
8524
5243
3284
6047
1032
8070
5572
938
8420
218
6035
5055
1035
5625
3235
48
1078
7012
2184
6645
6706
4980
865
994
4450
1816
4834
8640
7357
8785
5056
7346
3611
6584
5517
8542
8943
7017
3491
5254
7309
7791
5847
5170
3497
3499
5836
8423
5577
4104
8123
7702
8629
8130
4241
8371
6732
3654
6105
5373
4477
6754
8882
8610
8275
4832
6060
6800
1617
8872
3957
6851
6852
3936
5940
3334
8828
8921
5826
8138
4889
8835
8838
5398
6887
8158
7419
8582
8372
8197
5401
7260
5700
5689
5736
7919
8966
5686
3825
5002
6375
5796
5685
4677
5684
5001
7947
5680
5003
7153
8985
2640
6342
7235
5667
5678
5746
6341
4994
6331
5670
4300
5690
8672
7063
5699
5696
4929
5004
7078
6432
6422
5034
7822
8955
5038
7198
8949
2202
2993
4428
6232
1822
2568
101
1580
2774
8638
3758
4105
3096
4999
1909
5085
6768
3495
2288
892
4016
973
5203
7407
6286
4923
721
3241
5693
912
2832
6579
998
3452
3368
2248
1581
4765
6827
8859
4532
6296
3656
793
6774
3751
6470
4600
189
6533
5808
2730
1037
2659
4658
1036
2976
5264
1059
3753
6530
3500
5418
4996
1346
3388
4979
1767
1047
3851
313
5518
2342
4290
6408
4095
2669
2118
2415
4878
1187
802
5834
839
2504
4941
1147
5291
970
1014
4437
16
6103
4584
2212
3880
875
8661
2654
4316
870
737
3522
762
747
961
1639
7234
1104
1980
5139
1805
4366
5504
788
6678
6985
4645
3173
5135
954
7208
3889
4696
5167
5053
3359
8042
2548
4380
2938
3051
4337
4298
1019
2487
3584
4833
1660
937
1017
4680
766
3408
4821
728
6368
2506
5161
1836
1084
4981
4801
5218
5033
205
2090
996
1641
7888
1735
6093
3759
3604
3292
785
7764
5419
2935
2082
1024
1013
3831
1690
6225
8633
1352
4043
966
1132
1031
3456
1056
2134
8879
2494
1518
1040
7186
3816
8332
8576
3093
6826
2690
2709
4079
2340
4984
1582
2009
4625
4399
8056
3996
2398
4349
1173
1590
527
3188
832
4414
3211
6671
4490
2465
3081
5611
3160
1852
2876
2354
2399
2570
7738
2500
2493
8387
1755
5241
1608
1860
3113
1502
2600
3563
1367
1331
1901
8781
1041
1696
3819
1429
2835
647
2407
2799
3140
3402
4736
879
1636
1012
3307
8961
5304
485
4577
840
4404
1783
2780
2236
2572
461
2988
2521
2283
2490
3338
3417
6243
1657
2605
2427
4520
1625
3324
8477
8927
2642
1556
7809
4191
5588
7786
1562
5313
4735
934
8665
2339
3843
1928
1839
4524
7293
2366
3210
1876
2573
5193
2188
3194
1228
5440
3445
3575
4925
886
3547
4291
1293
3960
940
2693
4338
3252
4197
4036
3991
3565
3270
4342
639
3626
4268
4184
4274
1826
3619
3723
3450
4273
3976
4284
3854
1951
419
2159
5585
6062
7802
7394
1152
321
7748
5341
1092
798
7753
4718
3989
2966
8167
1033
5553
4014
7705
1640
337
816
1018
1472
8228
2460
8620
6314
4830
1049
8684
656
2786
3354
6450
8462
2478
6630
2611
2761
1517
8654
1726
1493
659
2363
4636
1125
516
3690
2577
3608
2355
2154
1762
3086
322
3281
4903
6728
3152
5891
3745
7263
5832
1363
1689
45
7757
1085
1437
3766
4963
2442
4686
155
2334
1997
8235
2214
6234
1064
1209
1025
5377
704
531
8808
3668
2155
1186
2766
1080
2074
1226
2596
2715
2922
2866
1233
3134
3042
2285
1204
1063
1759
161
918
2393
167
3068
3150
2789
2633
3005
2403
2364
510
1388
3177
3147
1616
2215
99
5117
306
8422
4326
8385
6056
1393
3702
4638
291
6509
6612
460
3869
1959
1111
162
507
1526
881
1007
5888
1631
7502
1394
5960
2231
2858
6744
718
547
348
8709
1218
47
965
6571
2318
2368
8239
8522
3006
2425
8865
760
1184
6207
2975
3127
3071
1972
113
844
2429
2325
2327
499
100
95
1730
5246
1005
1929
4902
5458
4033
32
327
2581
2843
522
1841
7091
2692
2634
2351
3125
1281
1245
2647
1970
2981
2374
1225
4011
4053
4012
3979
1241
4010
4009
3481
2567
2062
3243
423
3682
3343
3891
3155
3692
1061
2102
2146
5473
872
5009
4247
4447
2925
