item_recommendation
25737
8571
7697
8093
7872
8360
8327
980
8070
7914
7541
8447
7613
8056
8253
8420
7669
5909
4873
8225
5264
7802
775
8522
955
966
9018
8385
232
8235
7560
8684
5159
8290
8661
960
8117
7636
626
8033
1744
2227
8477
994
5723
3751
8154
8819
953
976
129
1003
5558
7016
731
2062
8167
7407
8008
1767
745
8751
3281
7437
7234
970
872
8961
3232
858
7753
912
1024
8410
7782
7938
2897
1046
8977
4821
695
8761
266
3668
485
8709
8879
969
3596
2686
8183
8859
4584
7738
957
2981
954
6728
2659
7840
6039
6091
4600
7186
8511
1057
7728
1562
4437
5164
4936
1513
5489
48
984
3869
1120
2212
5458
733
4920
4941
8670
1114
401
1211
2374
3368
522
526
6314
5296
1281
880
1288
7263
5473
1100
964
4366
840
45
7293
8039
6579
4188
6624
6609
4765
3188
3816
8743
4375
1507
1112
3296
6329
6996
7059
2583
2772
4121
2173
6669
990
659
4658
285
951
8654
3417
1523
1006
4162
7130
6365
1812
5498
2775
735
4391
8187
5210
3093
7817
1816
7228
1013
4925
8604
1907
6195
1026
2407
5534
8665
8482
8892
2346
7107
3783
5470
3598
5611
2396
6630
1515
7976
5803
2236
2310
6254
6636
1042
4304
5248
535
419
647
725
724
956
746
753
5471
916
8730
7619
1702
6974
1476
1798
6892
8848
2288
2668
6920
2366
407
1810
427
750
997
656
741
2935
1209
4663
1053
1624
263
881
5017
3702
189
888
7888
8261
705
3506
2100
3696
4019
3118
6509
8376
870
5729
3235
5926
4171
986
4945
5117
101
2318
6077
7415
786
3292
8998
6390
472
8207
6970
2504
6404
1132
5832
2798
3324
8462
7394
765
8499
8136
196
5693
8596
2535
7272
4144
1676
3320
785
8491
8813
8927
1145
6826
1016
7748
2447
1531
934
2799
4550
2709
4251
4809
8745
8191
5809
3127
7932
8810
7381
7881
4722
2860
2154
2660
4897
981
2617
531
3901
6521
7254
6932
7786
3707
3928
7944
8840
7698
4639
7587
8833
3924
3875
7445
3263
1665
6676
8403
8979
1020
864
3680
5857
3338
7189
1777
5859
2478
2780
5585
4901
2902
761
6318
1060
4079
6559
8783
893
2248
1317
8695
1876
7038
8777
6918
4555
971
1535
6612
1367
1437
2427
2134
3804
4432
8453
5588
1771
5923
5833
711
2186
9001
2752
8642
5033
8910
2442
7126
5127
1516
720
4731
4893
3622
9004
2385
6950
5008
8899
2404
5815
2344
144
8633
6550
3649
6646
344
7792
7757
3420
1030
6591
1652
3307
8451
3428
963
6641
7316
6832
2415
4830
3351
527
3251
1331
6954
2581
6703
8689
8700
5980
5046
1021
474
7897
4738
2437
2241
6207
6322
2669
5134
3508
7720
2506
1253
3243
4053
3979
4014
1241
3481
4012
4009
4011
4010
4326
3163
7705
5810
6739
3795
2496
7831
6856
2231
6000
5888
3819
7487
2802
3895
2398
2394
3863
2418
3900
5899
3754
1821
205
7380
7892
3176
2440
7055
8864
4632
8799
7583
575
2692
1824
8392
8239
9010
798
4404
1012
6348
3067
2801
1525
7171
1419
2340
2594
4801
5834
728
3507
2338
1739
4177
6814
1608
4984
1472
1643
4930
597
7411
848
7789
1973
1696
2605
1225
4895
8675
3989
1636
7204
7492
961
4552
6981
1379
4194
4000
5165
244
4923
1590
5801
5449
7371
3997
6977
8950
2941
6415
7990
8526
5839
8908
8044
7845
3996
4292
6568
3492
8948
4692
6370
7584
7099
6762
4811
5900
7044
4020
7566
2476
8009
2434
5122
3479
4238
8228
5097
5840
3615
8620
3639
3761
8525
6566
8712
5787
8609
8133
3344
8831
8699
8612
8169
7155
3655
3940
6999
6658
5936
3752
4782
1184
2687
8984
4603
1352
6367
3125
3152
1014
4161
3660
5947
5952
3377
2900
1019
937
1640
6536
1004
4369
2982
3632
844
619
7211
6743
6885
5530
2793
5208
6731
2570
828
8650
3698
8388
3714
1834
6440
5703
1111
4076
5325
3478
3038
7192
7150
3266
4090
3515
8915
4688
4848
6378
7812
8057
3467
2367
1629
8254
8871
7894
3690
1602
7136
915
1036
2635
4638
150
6850
6178
3299
422
5410
1125
1007
341
2490
4577
7458
7161
4081
6276
5603
31
885
337
181
3633
3638
3689
1245
8722
1011
8625
3916
999
2500
8866
4039
2622
8667
294
339
5569
5619
1147
5772
321
3540
8600
4491
6148
3113
2600
3268
3250
3213
8923
16
1641
6480
4686
2621
726
737
1037
4696
4903
3845
4394
8194
140
2004
3720
5214
8607
8531
7147
105
678
7762
3687
201
6798
2577
1852
6001
2481
4122
8616
2985
1059
2786
4837
1970
1688
2704
4649
7815
5226
2815
8003
6339
8530
5812
962
1453
76
1581
7195
8914
2975
6650
8865
492
3140
7759
5114
2467
869
1916
1064
7502
146
6056
6791
141
2368
7456
1612
3207
274
7121
2433
7481
965
5597
3256
2959
2487
5218
719
2296
3258
1788
2879
567
3431
1029
5065
7995
1976
5873
4262
218
4228
3860
2155
2874
2457
608
5605
460
327
2997
3408
2043
1482
7649
5356
2144
5452
7022
6880
3854
8920
685
2521
2395
2699
6721
5882
8589
3721
5440
2425
2516
6565
4051
2300
6811
2633
7108
207
4503
377
1639
2331
2370
4420
2428
2485
2539
5378
2130
176
5387
2647
2689
1015
1408
829
721
2400
2827
2937
998
1804
6450
8827
561
4181
742
2038
2073
3882
3017
4911
8903
1041
1959
6582
6498
7827
7222
2268
8362
6863
4886
2548
328
2520
2342
2026
499
5025
760
3600
2573
6927
1582
6535
7444
7011
6143
3981
3438
1502
3560
3347
5864
7585
722
2769
5198
4881
8772
973
3608
2232
8484
3218
5425
2046
1504
5521
3891
3692
3682
3343
2102
1061
3155
4440
1193
3339
8617
1028
1131
25
5
6121
3310
5096
1822
3081
8857
1783
314
4153
4634
1330
4033
5088
7196
6995
5779
5830
5699
5707
