item_recommendation
25737
8093
7872
7541
8327
7697
8117
7437
980
8571
1513
8447
7613
7669
775
1003
8360
8183
8290
1523
285
5515
8225
7560
1744
266
1816
1907
129
8253
858
8403
5159
48
8070
1812
401
526
1507
8033
5662
5410
741
535
3232
695
232
5198
7782
7914
733
745
8899
8772
7478
731
2212
8743
1046
2769
472
4795
955
1515
8499
7636
960
8477
3235
4658
1562
2227
4740
1777
4550
2686
953
647
4262
5597
1771
1288
2798
5186
951
6902
986
5723
2288
4830
5288
990
6091
5768
5489
888
45
3368
1060
1767
2062
1525
7878
984
976
5715
994
8596
5161
981
735
1006
6918
101
7649
2374
626
2605
7802
5177
8420
321
474
969
6260
7738
2415
1145
8003
4731
8207
7728
5742
100
8056
7234
8235
1187
870
1053
2504
966
1021
2340
5675
5710
970
746
1624
7938
7282
407
1024
2300
2659
2688
8661
1590
8636
5033
4696
16
2241
720
3324
2815
1317
2829
140
798
885
1057
957
5008
1870
6154
828
2780
4727
2154
6073
1472
6195
423
6559
1794
3854
6970
1013
2496
263
742
105
1639
1017
3210
1020
2976
2687
3869
6498
881
869
963
7753
5282
8376
5611
5888
3816
1696
2186
7976
1739
8591
5853
9012
6684
6728
6355
2860
8136
5312
6121
3875
7186
7245
8410
5264
8819
1652
1688
189
964
3188
3522
4414
1657
2772
4638
1844
5655
3281
8385
6404
5117
2892
2937
6178
840
3604
4076
8859
5765
3388
6826
328
685
5443
5839
5968
4584
8684
4349
6000
2236
1580
3751
3889
5164
5936
8522
7394
4765
1819
4923
1111
2741
8848
1346
1099
7748
893
1582
5672
8777
4016
4600
202
4420
205
8142
2770
4821
6365
2531
3996
5909
1331
427
7831
4316
2231
522
461
4246
1531
8699
1209
4391
8709
6963
5625
4649
523
8807
5055
2347
725
3420
7487
4941
8838
7619
3575
5641
724
31
3086
5729
2668
1352
1030
207
1032
2497
659
527
915
6513
8154
4366
2982
1281
2248
8943
6294
2761
5365
8629
314
4680
482
2669
3238
656
1702
6243
1831
6318
2385
1836
4417
3584
2689
5980
7254
1500
8665
8720
2935
864
3194
6703
872
1508
839
7407
4162
34
1042
7208
2202
1026
2647
1556
5588
550
1132
5296
2442
485
201
3113
718
4645
6062
1120
2494
4290
5080
4079
743
5689
218
5243
3489
6751
4976
6803
1047
5203
15
1909
3758
1394
3354
5735
3377
3611
880
8607
8761
2956
6760
5053
6896
1631
5801
5009
3292
4404
1437
8998
2546
726
1358
6892
8654
2651
3759
171
2799
2473
2318
339
4801
4686
268
6493
1192
7564
6774
1980
3668
2730
1690
2801
2082
6835
5815
6521
6579
2159
719
213
6678
6856
1004
454
5222
8781
5666
5038
5398
7260
3819
5985
1526
2793
8580
3127
6286
7263
4101
1839
3456
5473
6056
802
1824
2334
6322
8961
4401
1161
196
848
6612
1078
2366
3563
5170
498
1497
2425
954
2204
5
2183
5017
5684
2383
5462
5114
2600
302
1852
2983
2582
6143
4634
4437
8524
7272
144
2534
5699
7919
6768
4901
996
4980
327
1012
1951
4577
2832
276
1501
7198
7419
2696
3359
3216
1104
2975
748
8835
818
5400
4440
6422
2745
499
5745
4612
7346
3408
5572
6676
961
9018
4691
5685
5034
4929
7822
5003
2284
5834
4833
8638
832
2567
2752
6375
1125
3804
2009
1750
8879
7786
8670
3430
5518
8768
5373
5667
5670
7309
7947
5056
7235
5577
5696
5401
5686
5517
5680
5004
8921
8955
5001
1617
8966
7791
5285
8828
8949
5678
4834
4263
3093
2642
4659
4625
6748
2440
1147
5466
204
2912
1959
8039
4524
4171
2775
4532
3649
2966
5693
1608
6630
6547
7038
3753
28
714
6568
8167
786
2786
7995
3656
479
7078
8542
8187
3150
4337
3176
4153
1822
5427
5275
1721
1041
2146
3357
422
8695
1131
3334
516
938
3871
2981
2342
4809
7099
5254
2173
322
162
2120
2398
2399
5193
912
7171
785
274
6390
1330
2779
5291
7204
1019
7293
7817
2327
2427
1970
875
6550
3211
2521
3358
4902
8275
4636
1225
4782
6977
6464
1433
5752
5329
3843
8482
1641
4728
947
3500
3766
4885
1196
3845
313
580
1295
892
793
6077
4432
3936
4241
4718
916
6927
6436
1363
1941
4627
5134
886
4977
5302
4662
4676
4640
5637
5342
4333
5463
4954
5483
5734
3417
6242
4121
5364
5236
5265
7979
3051
2155
2441
4519
7713
1336
4399
2493
1821
3160
7107
7228
3702
8614
7771
934
267
4967
2577
8751
4987
3256
6327
788
6985
7990
2513
1008
2581
1453
2681
8261
1410
2203
6800
1055
747
2766
6100
521
4312
7577
3307
1581
1779
5795
3024
6718
998
2439
973
700
678
1866
337
195
6047
4861
3709
2866
7415
6584
5425
2149
6887
1733
4273
1422
5323
2572
4284
2335
4380
5346
4105
553
2478
50
1504
8511
6509
805
3152
8366
6706
6232
1841
6470
2764
8147
5926
9001
1059
1301
2464
3428
2468
6762
3632
861
2985
6533
2184
6645
865
3241
4095
3880
7705
4255
5002
6331
5796
5700
5732
5826
1783
2570
1367
5413
4033
4963
1726
1018
5954
4984
240
2283
2880
6035
8642
6140
2704
3159
4888
3262
5199
4643
4228
3784
3892
5375
929
3081
2465
8920
6744
2118
4166
2639
737
2195
3957
3825
6105
7702
3654
6060
4104
8123
7357
7153
7063
8130
4889
7017
4300
4994
3499
6852
6851
4450
4477
6754
6732
6341
6342
4677
4832
8138
6432
3497
8423
8985
2640
5690
5736
5746
8882
8872
8785
8672
8640
8582
5836
5847
8610
3284
8372
3491
8158
5363
8371
8197
5940
3723
4428
5585
1089
7012
6314
5085
3296
3402
5971
5521
2003
3096
1810
2792
6827
7720
2660
2633
4999
5960
2901
4111
2843
4911
4761
7698
6932
4639
3707
7445
8840
8462
7587
3928
3263
8833
7944
3924
