item_recommendation
25737
7872
8571
8327
8093
8447
7541
7697
7914
8360
8117
8253
7613
7560
7437
7669
8033
8290
8225
7636
8070
8420
8183
8056
7802
8385
7728
7976
8743
8522
7478
7407
8661
7186
7782
7738
8684
8167
8154
7938
980
7649
8477
8235
5159
7394
8370
8879
8709
3232
8899
8961
4361
8761
6579
8003
3368
5264
8207
7234
1003
8403
8008
7438
6918
8499
7753
6365
8751
8859
7451
6826
8654
7932
2659
6728
4821
5909
7293
8410
8670
8819
6970
5723
8596
8482
8039
5597
8998
8772
8136
8376
9018
6748
8589
3235
960
8848
4366
7263
7204
7299
1523
4437
7705
8665
4417
5968
285
5515
8511
7786
5980
8187
4577
6091
7619
3875
2062
7881
5410
8777
4414
4941
6493
6178
7888
8689
6355
3188
6521
2212
8892
266
4121
8807
3816
6314
5033
129
3324
775
4550
5765
3127
5296
4079
5729
1437
7245
7995
7831
695
6073
5117
1024
8261
6658
5008
7502
969
8827
858
7272
2374
3869
48
4731
3281
1513
1352
1907
472
1744
4782
7720
6636
4809
7809
4873
6207
3377
7099
8507
8491
7897
3417
45
5433
6559
1844
526
745
733
7878
5489
321
4920
6612
2647
3668
232
647
7577
731
5936
1046
7748
984
8695
7228
6609
8903
8451
6751
4171
6143
1562
2300
8920
5839
4391
6850
6154
8636
8699
6624
5473
7481
8864
7817
8462
263
6703
2660
659
2935
6684
8642
953
4605
4076
2340
6932
9004
4936
7587
8840
8833
7445
3707
7698
3924
7944
3263
3928
4639
8580
2605
4696
8977
7171
955
951
6195
4923
6676
6568
6550
6630
7090
8910
966
6404
8604
7038
7492
5611
7487
976
5198
881
8392
6132
4740
8979
6920
2780
8629
3420
4761
8542
3882
7160
8675
1767
1187
6116
1590
9001
840
1812
6832
5588
5662
1288
5815
8239
4600
6760
8633
9010
7126
7789
7757
100
2860
8453
8650
5329
7034
7892
741
6591
5210
4404
4911
7415
7282
5186
3819
7130
3251
8607
5017
6318
4153
5926
4251
5012
4432
4765
3307
2288
3845
6348
986
407
6739
6902
4801
7096
7311
970
5742
6242
6892
4262
5693
7107
6513
6383
3795
3587
4658
1771
3714
189
6077
4984
8914
535
2415
8984
2609
2241
7958
5810
4584
5850
4427
5193
4051
6390
5288
8600
4033
626
7566
5825
5834
5768
3256
8131
1295
6140
8854
5971
6260
964
2227
7340
8268
6562
7121
2897
2531
3871
6395
7840
1777
5853
8387
1161
6803
1006
6743
7990
8157
8795
7323
6498
7456
8194
5772
492
7380
6791
3028
8943
7792
6535
2318
5164
3210
2418
6744
5585
7089
1870
6148
1507
7316
3632
888
3996
4552
7583
6718
4861
5498
3608
522
4885
2617
5952
7771
2799
4316
3540
6985
7919
2622
6254
5365
8169
8524
7894
5752
1816
6509
6957
7444
4795
5139
3207
2982
3456
5715
6021
1317
4162
5675
8591
9012
3702
2772
2769
3213
5177
3370
5787
6440
6896
3693
2478
5699
6840
6547
7208
8927
4895
1281
6114
994
957
101
8781
990
4194
8700
912
6650
6885
2912
6400
6999
3093
4830
1580
954
7979
485
5282
2961
8484
724
4188
3113
6243
656
1145
725
5801
5558
7195
8331
1515
218
7484
4846
1021
1476
981
2981
6977
6056
7051
7016
2394
4914
5449
3351
5470
4177
4638
6835
5888
7762
3854
3218
6223
2798
6981
8273
5832
2496
4727
965
7743
7254
3238
1060
7211
3804
6000
5857
2344
6721
2236
6446
6464
880
8745
6774
7826
5965
8009
4686
5333
2516
1624
4666
2347
6536
8014
2937
6121
6502
6762
3428
1531
2775
8609
8574
76
3157
7095
8865
5291
5226
2688
1438
8142
5254
1047
720
915
8730
8191
6162
8044
886
5241
6641
5038
5521
7458
996
3489
4945
5312
5655
6203
1517
7135
3604
3034
3176
844
8620
8616
1013
7078
7584
1824
3997
8908
8948
8526
8950
7044
2941
4292
7845
4811
4692
4020
3492
5900
6415
6370
5689
4844
7192
5940
1831
8228
8388
3752
3163
1336
2696
6084
5378
6530
31
3515
1794
6662
5161
4375
1125
4420
6027
1004
8813
4066
5440
6880
4135
6695
7818
3584
5165
5666
5985
998
7189
8147
8882
6566
7155
2407
5641
6426
6777
4161
5170
8422
8656
3751
8275
5021
7820
8866
8720
3173
3160
2038
5398
5809
3394
328
5046
5443
4632
1042
6294
2621
7022
8121
6862
7569
274
1057
2154
7136
8133
3615
5122
8831
8612
5097
3761
5840
3479
3639
8799
2434
8525
4238
8712
3344
870
8057
7150
6378
3038
4090
3266
7812
4688
8915
4848
3863
3467
2173
7161
2959
8835
7564
7180
1639
8199
7713
4876
1839
4440
828
5604
5568
3199
2458
8718
6322
1834
8459
5304
3250
2594
5710
8923
3292
1020
5134
2704
6887
3799
6408
7260
5458
1225
3334
5025
3010
1676
5303
3387
6858
7142
2457
678
1429
1581
8614
8576
2801
1012
8838
696
6331
4603
4649
5462
4840
6757
1132
6856
2331
8810
3936
4241
735
1508
8857
5203
6186
6966
6279
3216
2900
6798
5603
6211
7585
2366
2442
4706
4515
6276
4680
205
6686
6690
2004
6768
4246
4878
3560
2581
6724
3575
6283
6503
4024
2404
3402
3655
3698
196
5275
6800
3379
7198
4108
8968
6961
8722
380
8366
2506
5438
401
6531
523
3221
3156
5581
885
7841
4086
2427
3805
5080
1209
4394
3268
7334
6047
6375
93
6706
4511
3508
288
7357
8617
2186
8254
963
8667
4312
962
5684
2497
1135
2668
1120
3354
6234
3438
5625
2513
8625
2248
427
5114
5942
8808
7366
2433
3431
6940
8768
6035
7764
2686
5873
1040
188
5618
1408
8530
4369
8019
2956
8871
4039
5923
1026
3503
1472
6367
6927
5734
6669
3478
1569
7325
5323
1686
5
4691
1702
1053
154
2310
1017
5917
4045
5053
5530
5569
8042
4016
5146
6953
8531
5572
961
6765
916
4114
4290
785
4263
7177
498
3643
8640
3194
6436
8638
1876
5548
4139
3086
6963
5466
