item_recommendation
25737
7872
8327
8093
8571
7697
775
7541
8117
8447
980
8225
7613
8183
731
1003
8360
1513
8290
7560
8403
7437
7669
745
7782
5159
5515
1515
8899
733
8033
976
741
960
8596
8499
1507
8253
8772
2769
1812
4550
735
986
6091
8743
724
5723
7914
8154
5662
6260
7636
7728
5008
1006
1523
7938
5742
6154
8636
984
8420
5186
7878
626
858
6902
5715
5768
5675
5853
1624
964
8591
5288
2798
9012
6970
8376
951
1739
969
1046
8136
695
3875
2937
1021
8070
8859
8580
7234
2300
101
6073
4740
2659
8661
266
8410
968
725
4731
2982
1288
1053
869
5597
1907
2186
535
2686
1008
3232
5312
2227
6918
1777
3235
2688
1831
2772
4076
2440
401
4440
5410
1870
4366
8003
893
7478
7649
526
746
864
961
1030
1004
1020
129
1057
1026
2956
937
6121
2513
2668
5834
48
5198
3324
3238
8998
2741
1317
885
8522
6751
5275
981
970
4941
6728
5282
748
3188
6178
915
1636
2183
4795
2347
5936
2546
5839
5365
1744
1187
7831
1581
990
8720
2780
5765
6835
963
4153
1508
947
3368
2687
973
5729
5264
719
4923
2473
743
2548
5611
2605
3816
4584
1771
2120
6513
998
6355
955
4649
2496
750
8665
2288
1042
6760
1040
1493
580
8777
5655
7245
3408
7171
4821
285
875
6803
1819
786
2651
720
1012
3307
5323
8699
5710
5752
4801
4420
1750
7753
994
1059
8477
5815
1060
3584
1876
485
6826
2801
7186
2441
45
5177
4727
1767
7078
6547
8142
8709
8961
232
7254
6404
4437
6630
6985
8207
659
5641
5666
8807
880
1525
2428
8920
1104
1501
2415
647
912
5732
1037
6103
726
1014
8761
2976
3417
205
886
2438
3500
5363
6676
2912
1017
8607
4976
8524
4316
5055
6314
8654
2901
793
1497
5795
4016
5968
8056
3489
7204
6294
4577
5466
2481
8385
6225
5909
2892
1125
3751
4263
1980
5693
6774
1562
798
3758
1047
6493
2407
5735
953
2385
4967
5572
2118
5291
1690
7771
5672
5699
8943
2993
5139
8235
2770
8542
5625
189
4765
5053
962
6718
6436
3388
6035
2696
5462
4638
2342
5400
1032
1437
6047
3194
6422
2669
8147
3113
8629
7802
4262
4600
1822
9001
1147
3611
1500
8819
472
8882
6887
4980
6609
4079
5170
8275
2829
6498
8768
892
6706
2534
3093
2689
8640
5285
6612
8462
1192
6341
5254
6584
8838
1132
1041
2582
2983
5689
218
3702
5038
4404
2236
8848
1394
7894
6375
5940
2184
6645
3334
3402
4241
7260
5398
2654
3851
865
4782
5684
1358
3284
5161
7919
3359
7012
4312
6963
2764
4450
6896
5443
8835
7346
6800
6464
7198
7419
7822
5034
5685
3936
5670
8949
8921
5696
4477
5836
3497
4300
8371
4104
3654
6331
4929
5003
8828
5401
7309
5680
5678
7235
7947
5056
5686
4834
7357
6851
8366
6852
5847
7017
3957
5796
5700
5826
5690
4889
4832
8610
8197
5746
6732
5736
4994
8872
8123
7063
7153
6432
8785
6105
6754
4677
6342
7702
6060
8672
1617
3125
2383
3889
5243
2647
2487
6684
498
3759
4680
3456
8589
6768
8955
5517
7791
5373
8966
5001
5667
5004
5577
3825
8423
3499
3491
8372
5002
2640
8582
8985
8158
8130
7786
8879
8138
3604
1429
4999
3241
6232
1688
888
7293
2572
656
7208
4718
3096
1078
6530
833
4428
1631
870
802
1367
8670
5498
6286
7587
4639
7944
8840
8833
7738
4251
2154
4171
6827
2799
2570
7764
2504
474
8684
6408
5085
3522
1018
5203
3338
4830
2660
6932
2981
7698
7445
3928
3707
3924
3263
6678
2835
3656
1056
6533
3051
3495
957
2793
3127
4984
3668
785
2478
4833
4761
5418
8642
7888
4432
4105
4095
1580
7263
3173
5117
1816
828
2009
6470
2815
2730
2082
5296
965
3281
2374
4401
762
3377
7407
4658
3805
4873
6744
1504
105
5832
1805
1010
8633
4736
2398
2621
4326
4878
5808
2460
1013
1518
4981
1852
3575
6318
988
2897
4349
2482
461
7881
2573
3256
3996
1472
742
2935
7502
2231
872
1346
1517
881
8689
3387
144
6296
5419
8268
6450
8638
5504
1024
9004
1715
4996
4532
2774
4903
2339
2062
3649
4696
5810
934
1810
7126
753
3795
718
4979
2775
2832
3819
4228
2761
5489
3152
5888
7619
5375
3880
2827
1209
3428
327
5449
2458
8977
844
1331
2617
6368
1330
1660
966
840
700
1836
4645
5585
2212
274
2202
4895
4511
1036
954
3155
2425
3028
2416
2134
3445
2521
2418
8910
760
16
113
8042
8781
6579
8387
3086
8167
931
2465
848
5604
1721
207
4043
3452
1064
5135
3714
2690
3140
2241
2439
2500
1225
5926
2366
4290
3753
1608
3218
5356
6390
6559
1103
155
4936
2938
7272
1031
999
4686
3095
4987
7394
2197
5218
6243
1909
3047
8453
5891
5226
2248
3354
5518
3632
2898
4101
516
1696
2699
2581
1755
3251
3891
3343
2102
3692
3682
1061
2318
7038
5440
2786
8576
6509
3160
4298
1582
4625
4809
419
4380
3081
7705
2354
2188
1145
765
4414
4246
5167
4191
7792
6440
1152
1663
8484
5857
8008
4162
313
244
5553
1901
5960
2078
6624
2427
3210
3357
1245
263
7748
609
2568
956
492
522
996
1019
2494
4247
788
5033
6798
4963
1783
6671
5346
31
1161
896
922
3487
721
4861
747
2493
2622
1804
2442
4447
3869
1438
1084
2090
1639
4427
2331
1629
1111
1735
4490
6521
5304
3852
938
1301
7817
8039
4925
5745
6365
2340
3854
1762
4014
900
8865
3358
1997
15
2925
1023
4691
5352
8187
6832
4678
3989
2880
2843
196
3159
5199
5588
2673
5650
4354
3176
2399
1363
4735
916
302
2985
3207
1016
6000
3608
2131
2700
1834
1488
3292
2577
1873
479
2334
2394
3709
1092
6207
4342
2335
997
1951
1502
3024
1590
1702
5458
1863
1959
7107
8482
2766
1824
2155
5021
3211
1028
