item_recommendation
25737
8327
7872
4854
8117
7697
8093
8571
8033
7541
8225
7437
7914
8253
8290
8360
6201
8772
7613
7802
8183
3232
9018
6073
5515
8499
8056
7560
7669
7728
8420
6178
5715
5597
8403
5159
8447
8636
5980
8684
8235
7228
1513
3235
7649
7782
5186
7478
4873
6154
8167
8003
5410
8899
5662
1463
5768
8207
3010
7878
7932
5742
4920
6260
4584
2558
8943
8607
5008
8154
3024
6751
5675
8591
8596
9012
5288
5853
6902
8477
8524
7636
8807
5033
5282
1777
2271
8542
5641
4414
3194
8580
8039
5275
1003
4550
5684
5699
8827
3284
6918
5177
7995
6835
6800
8511
4782
8720
731
3816
6760
5723
8070
4121
4878
401
6498
1365
5198
2769
4795
3238
6970
8616
8136
3368
3843
5323
8743
8376
3875
4696
4552
4740
3173
4051
4076
3563
4731
4420
4727
2227
861
1852
2318
6031
5850
2961
1870
8998
4180
1111
2186
6985
6365
3643
4263
1317
5968
5433
6684
6493
5146
8819
7840
1145
6436
1161
8410
2618
986
2069
7938
4084
2659
885
6404
2605
6547
8014
3522
6422
1826
4830
5291
1831
1523
5462
2575
8848
7234
7204
5553
4709
2388
5710
4645
6676
3604
1767
5765
3489
7192
3763
775
5489
980
30
2589
5672
3013
3210
3819
3354
8859
8491
647
6957
5312
4146
6963
8625
8629
4941
3250
3357
6162
405
4366
3515
8699
8777
8482
7245
3310
5443
1213
8751
2704
6774
7492
4399
7888
4625
7976
3388
1508
2441
881
4511
5942
6121
7160
3035
3163
4319
6225
6355
5055
8675
7150
7812
4688
8057
6378
8915
8979
4848
8813
3038
5046
7897
3266
4090
3467
1507
8254
7136
4987
3402
2144
5989
6502
8892
3656
4016
4194
7771
6140
2956
6559
4680
7016
2696
1187
8451
3698
5625
8531
8866
7394
659
1408
2513
5735
3665
5936
3575
2976
7161
7458
8617
8665
4321
3334
5521
6706
8147
7892
5808
5243
5815
7171
4369
8871
1804
5952
7585
858
7254
3660
6470
3758
4490
5839
4386
5603
4039
8484
5518
4229
6047
8142
2090
4976
5752
3089
4316
5568
4761
7822
7346
7919
1192
4834
6803
4491
6513
5398
5038
5689
5666
864
7130
2371
3983
7012
8261
2300
5588
1310
7078
4428
2799
7357
2189
4432
3324
4068
5729
4241
3936
5254
7260
5466
5053
5365
4105
5161
6091
8366
1771
4980
2582
2983
4765
6105
8949
5401
5400
6060
8672
5170
8610
7063
5685
7198
7235
5746
5696
4300
6375
5732
6718
3497
5826
8123
5034
4104
8828
4929
5655
6887
5056
6331
5285
5003
6754
6341
7309
6732
3957
6432
5836
5670
8921
3759
5572
8661
6294
5736
3611
1617
5847
8640
8582
3654
7419
5373
2640
4440
3825
7702
6342
4677
8423
7791
5795
5796
5363
8785
6851
3499
8966
4477
8955
5680
6852
8371
5577
4450
5678
6584
5001
6896
8872
3491
4994
8882
5517
5004
5002
5667
8130
8275
5686
7947
5940
4889
6464
4832
5700
7153
8768
8197
8158
8372
8985
8835
8138
8838
7017
5690
4312
5134
6645
2184
865
4691
2288
6056
3281
4923
1580
3241
412
4999
4079
3096
8903
5304
2475
747
7577
431
3851
6408
1980
964
5085
6768
6148
6035
7831
4109
973
3292
4560
1053
3160
300
2383
4337
2088
7456
6533
6296
3495
4846
1525
6827
3247
3635
1805
140
1212
753
3359
5504
2688
2832
4005
3406
2642
3060
8810
1021
4349
2347
5419
4002
3384
4095
2473
4515
4658
1422
6458
2210
4833
3996
5139
5377
6530
4284
4273
8808
1739
7315
6954
2548
3192
5135
2476
1996
4155
5470
7826
5021
4091
4532
5182
4153
6867
4148
4437
4462
8600
379
2966
6650
4632
5193
960
3377
1047
5611
2089
4486
4859
4792
4262
8332
2073
7263
3188
741
4355
2212
6416
4885
4482
678
2458
1812
2478
3981
2532
4191
4178
650
998
4158
4380
4290
3626
3450
4291
4184
3960
3270
639
4338
3991
4342
3252
4274
2693
3723
3619
3547
3565
3976
4268
1293
4197
940
4036
2180
4979
535
6114
3753
8042
4401
7881
1569
3417
4801
8695
4298
5617
2533
2084
3889
4115
6223
2807
3171
4404
8638
2415
2283
1479
2779
2082
188
6103
2982
2643
516
1750
7502
3093
2546
5203
1466
3185
561
5834
3086
2664
3535
4181
3927
4933
2352
3307
2231
3702
3036
2159
2700
3909
4524
6368
5693
4718
3113
6961
6286
2496
2197
4247
7787
735
3190
2120
1549
6051
4280
6232
5382
2107
7142
3320
1017
8194
4840
4608
2687
8576
1636
3379
5214
8730
2798
7208
7236
7766
1398
2801
6093
3653
6442
4735
4017
8187
651
3116
3475
1835
3676
6390
8961
4996
4561
6503
5121
6243
150
5352
7222
2656
4772
5137
5941
4600
7809
2153
4821
2774
8589
5313
724
886
4015
1517
2654
1031
3444
2616
2273
745
990
2892
7762
7293
218
8268
3700
6426
1726
3608
1056
1631
1816
4577
6198
1535
2545
981
1836
4235
6862
5025
1591
4062
1387
2188
1862
3309
5483
8879
8781
6678
4356
4045
2780
2748
8387
1446
2741
1733
5891
1515
4035
6283
947
976
4967
3465
3880
1006
3057
3289
3766
1639
5799
4254
2009
6826
4981
725
2219
1992
1735
2439
2937
4111
378
4659
4963
1066
2191
7186
258
1722
4776
5147
1465
3318
3301
108
6033
4880
4308
2255
4352
6728
1120
5418
8920
5960
7764
2214
4787
3662
2534
3668
3218
8191
4644
1391
4936
6571
2154
5107
6021
7379
4531
3777
3885
1864
1624
2497
4914
4523
8870
892
2363
2993
3988
2495
1713
3859
915
1690
938
3718
2365
4021
1351
2236
3793
1152
1909
3712
4984
7894
5069
2782
788
6166
1288
7705
3364
3801
9001
4610
8865
1437
129
3882
3745
5677
8341
2644
322
7091
5114
4000
1438
2706
4143
8462
5888
6612
984
3219
1378
6630
2167
2615
5957
2493
4686
1035
5965
4969
2176
1680
626
5599
3223
8689
3854
6703
6433
5101
720
1104
714
5341
7941
3732
5812
2360
2481
3127
