item_recommendation
25737
8571
7872
7541
8093
980
8360
8327
7697
7613
8447
775
7669
8117
8183
7914
8070
7560
8225
7437
7636
7782
960
1003
8522
733
8661
1523
8290
8385
731
8420
7938
8154
626
984
8253
976
7234
647
745
5264
8859
3235
953
2659
741
4550
4821
8879
858
8207
266
955
8709
8743
8033
1744
232
285
7738
3281
48
1907
6091
8899
986
828
6579
6918
7407
7186
526
8403
2227
6970
8761
5159
6728
3368
969
5909
3188
8410
888
8477
951
966
7728
1507
485
1042
5723
8961
1006
7649
1437
1053
7293
4437
695
2062
6195
720
189
6073
8056
3324
916
1812
7478
4262
1513
7753
45
1777
5410
8376
8596
7802
8136
7619
2769
129
6355
3232
912
535
8499
1288
3875
4366
2780
4584
2605
964
915
1816
401
5765
4941
8654
472
3417
4600
2415
101
1046
2686
6318
7394
1020
1024
970
6826
1771
4577
954
5611
4162
7263
4638
872
659
4936
6630
8235
6609
2212
8819
5772
3751
2374
2647
8604
2288
8670
8003
2300
8998
5296
4731
3127
5515
735
8665
8684
7831
1021
5742
1624
5834
4984
3869
981
4873
3668
3377
4801
196
4432
2935
4782
4188
8977
2506
4079
4809
4658
8689
3213
5473
8751
724
725
7204
7881
2407
2173
8777
1562
1057
880
5729
7786
6612
2385
5117
5033
1111
6314
4923
1132
3816
2798
1030
893
870
6178
8848
3795
3307
2496
1187
990
746
8008
5008
5597
1120
994
1060
6154
718
2660
4171
7888
7272
7282
793
1040
1844
9001
7254
3263
7587
7445
6932
7698
4639
8462
7944
8833
8840
3707
3928
3924
2340
750
844
1767
6624
8699
2669
3714
1281
6636
6365
7894
531
7171
3819
947
2236
3587
8633
2186
5839
7121
6322
957
8772
8642
3207
419
2937
1026
2772
881
6676
2396
5936
2241
522
4076
8722
4649
1352
2622
527
1367
9004
4440
6077
869
1429
1517
8187
861
1004
4404
6390
1515
1013
6000
2688
1870
2668
1531
4740
5810
864
4251
1739
8910
4391
5787
5186
2982
1676
5352
4911
263
5210
5689
1476
6348
2418
3238
1209
407
2442
7126
2801
6440
7789
5134
6892
1358
16
5449
1317
5
6985
6211
6658
4901
7107
1581
2815
3428
1145
3152
8920
5693
7792
3113
575
1047
6498
7038
2154
1497
6568
93
2533
1726
3632
965
8927
7817
802
608
5226
999
5470
968
3804
5312
963
840
3456
7878
3093
4920
5662
1824
4417
2860
7583
2082
2897
6260
6902
2398
2741
5768
3702
2513
1657
6703
7990
5288
1147
3805
1652
798
3251
2827
4895
218
2504
2366
7487
2617
4414
5715
719
748
721
492
714
3608
5888
5218
1508
885
2651
7316
5980
423
6521
2687
5017
1010
2832
656
5556
1819
8807
2793
6850
8636
726
3693
1788
3218
962
100
205
1876
5365
5585
4686
4933
2352
4765
2727
2159
321
753
5815
1049
6835
3655
5853
886
5808
2193
1500
8261
4427
7748
4153
1504
866
1008
8591
9012
5699
8169
3408
5198
4177
1393
499
5675
2318
1569
7245
5443
6143
6977
6242
2699
2437
1696
1301
961
1017
2516
2468
2835
785
2709
6684
2956
1236
2433
8864
1822
3489
274
2347
2912
5801
1125
5139
2500
4326
1631
1019
4632
8392
1193
1041
1702
8453
1076
1834
6591
1253
5177
7415
15
6493
6760
998
2621
6739
1404
3081
6294
31
5291
2183
7757
7720
6408
816
7099
5926
2892
9010
8239
4718
1295
7976
1721
1641
6513
6404
6547
140
2752
6744
2394
580
2473
6121
4246
3268
244
1590
2799
6885
3420
5558
5588
1419
988
938
1032
6207
2517
380
5458
7444
7809
8142
762
2248
8589
1711
2231
1438
7135
7380
7195
5604
1482
6395
4375
697
1582
2521
1970
2674
8228
3863
6751
2440
3584
6509
2478
3676
973
1029
8712
4238
3639
6566
5840
7155
2434
8609
8525
8831
8799
8133
3615
3344
8612
5097
3761
3479
5122
8620
651
3475
3116
3024
3351
1330
4161
474
2344
4603
8451
7481
6559
2573
6132
5254
2925
2439
6718
2346
1794
8387
144
6243
1535
3900
5666
3996
2368
1686
3936
3334
4241
5398
6791
875
5832
5857
8865
6803
2609
5038
7260
786
1472
2427
7566
6832
6669
5952
327
6415
7845
5900
6370
7044
7584
8044
4811
2941
6641
8950
8948
3492
8908
3997
4292
6762
8526
4020
4692
7078
7147
1996
7208
3125
956
253
2425
34
6920
3752
5285
154
5672
7211
8580
2775
2802
141
6116
8268
5275
824
7705
8667
5968
3157
2004
2900
2779
3500
3155
5641
5809
1228
2202
5707
3256
1831
3292
6550
313
1433
5538
8700
111
3540
1114
461
2038
5971
8614
2730
4761
996
3611
1852
7932
5378
328
4051
6450
6774
2438
1061
3343
3891
2102
3682
3692
135
427
6530
1148
1580
1320
761
7759
7484
2009
3431
1552
2786
765
1516
4263
1931
849
422
3150
6690
1518
4844
1783
931
2519
3854
1529
691
6743
728
4837
3799
839
6798
6186
3882
879
4462
4088
1526
2764
2981
2331
4878
1104
2197
6422
5655
1037
8388
1012
8720
6856
1941
818
8914
8273
5395
183
8191
2243
4748
1502
6731
3508
121
3768
2745
1101
2481
4310
1011
2404
8943
900
8838
3880
1016
1131
1422
3140
2583
1633
2959
5164
937
5065
3908
1453
742
934
7299
3743
2548
387
3387
5282
1501
678
7340
1873
5710
8009
4885
2026
2581
2128
832
6331
6482
836
3394
6254
8781
337
4511
5269
5784
1665
2482
2624
637
4897
268
8923
5825
5165
2046
8650
1866
7311
3296
3210
6436
4914
8745
1027
4024
3133
3427
2118
2370
5315
2761
390
6880
1608
5087
788
3593
7979
7764
4654
5873
4447
4108
1991
2383
7115
1173
1707
1059
4086
5214
1196
2204
24
778
2282
7180
3339
892
2770
6286
5015
219
2976
6981
2120
6536
5530
479
3452
28
1103
3845
5752
521
2262
2971
