item_recommendation
25737
7872
8571
8093
7541
8327
980
7697
7613
8447
8117
8360
1003
8183
775
7914
8225
8070
7669
7560
7437
960
8253
7782
7636
1523
553
50
240
984
8522
8290
8033
8420
8661
1744
745
285
1513
5159
8403
1046
3235
626
7938
733
731
8154
8859
647
8385
8207
955
8477
401
976
8743
1515
1907
5410
48
951
5264
2659
8899
691
3232
2227
4550
266
695
5515
232
1507
7234
2686
858
526
1053
953
6970
986
741
4821
7728
1777
1812
969
981
8003
7802
8879
129
8410
8499
870
4731
535
5723
966
3188
7407
1816
7753
8596
45
3324
7478
4638
5909
6728
8761
1006
964
8654
8235
5008
1288
881
3368
1562
990
7186
8961
5597
4437
7738
2605
6073
2769
6579
8376
8136
485
828
8709
1767
472
4941
3875
7649
5765
888
1020
1771
8056
1099
2300
6091
1870
4262
101
6154
724
2935
2062
1004
8819
1021
735
8772
1017
5729
8998
1317
2668
3751
3816
2937
8684
8665
6826
2780
1024
1624
380
1187
912
5742
6918
2288
1437
6630
1026
1042
4076
2186
5198
5662
4782
4809
5772
5296
7293
1831
2415
205
659
4366
189
8777
171
3668
798
725
1060
2496
1030
4873
196
6195
1145
970
6355
3587
1472
880
720
954
4801
6314
915
2647
994
3281
2688
1057
1013
5936
4740
5186
885
656
4584
7831
2504
5611
3292
6178
2798
8670
461
5177
5117
3377
4432
5312
1132
198
2173
479
4923
2772
5839
4079
893
2687
3702
7263
6902
4577
2982
5715
4658
4404
3428
3996
5815
2212
3417
2385
8699
6365
8462
4171
274
5834
6260
968
7786
719
3604
7878
1581
5768
7619
8187
2752
8633
1739
5288
1111
844
2374
3210
8636
872
2340
7204
3127
3238
2815
1824
886
8008
7245
963
8589
718
2981
3307
2236
1525
3093
8977
1125
4349
3081
2318
474
7272
1652
7881
957
4795
5980
8604
961
1012
2660
3869
204
1209
4251
1281
7888
5675
5689
8833
7698
8840
6932
3263
7587
7445
7944
4639
3924
3928
3707
2799
7038
5853
8261
6493
4600
6077
1721
3795
965
135
5352
4911
6751
2478
1031
9001
1531
140
8591
6612
5693
9012
8910
1059
2617
407
4414
302
2966
793
1580
1008
1794
6559
6000
276
5473
864
6609
875
2621
1676
2912
218
2761
1852
6760
8689
8642
4936
1834
753
7894
1508
4511
869
2241
6676
2427
1819
321
2407
996
5556
1517
1582
1476
1047
3805
267
4984
260
4153
5787
746
2793
6211
7789
522
998
8722
8848
4649
7705
2159
7299
840
1352
1608
322
4162
3819
1876
962
2829
5033
2775
1844
2366
9004
16
2786
7316
2741
1497
5968
7394
5888
7817
2347
3575
2533
5489
5139
4920
2897
3882
6985
2689
5588
2442
2154
938
8920
6390
5808
3632
5365
1367
8580
4188
5470
6498
4246
6318
748
263
453
3608
6521
1631
5038
1688
1696
2439
714
1040
5666
3408
4830
3113
2801
7487
5398
4933
2352
7260
2770
76
498
5443
2976
1590
4761
1394
3889
3354
2396
6885
7282
4440
3176
2418
1331
2468
7809
6395
5810
3714
999
1702
3213
7254
1750
3150
5291
1147
916
3334
3584
2440
3456
3024
3251
4241
3936
5254
3522
4316
6568
7099
5282
2494
3051
2433
3207
6835
4895
5801
3489
7126
6550
973
8629
423
144
1225
742
1810
3218
1037
2082
5053
7208
2696
5926
6243
1032
1028
5161
1690
5832
7748
275
6892
750
785
802
4391
5585
651
1980
7792
8751
1970
2546
3086
3676
3475
3116
5449
5655
7078
2342
1569
1016
7757
8927
7171
8453
6294
1295
2674
8943
105
6591
1135
5710
988
15
3611
4051
4686
4696
1120
7990
6636
6774
1657
3028
4727
4284
1783
6509
3194
1996
8864
6513
2155
2709
1363
2344
6408
1479
9010
2545
6404
8142
1019
8914
2583
1639
937
4632
5134
1502
5413
2651
2197
7720
482
8607
4375
6803
2441
6684
6762
2779
6703
4718
2398
8720
4263
419
4861
1346
4427
2669
6977
7415
6207
4273
550
5558
2202
2473
1501
8903
2231
2832
31
8228
8620
1429
2900
8807
34
1959
7380
7107
3140
2204
7121
4420
100
7577
527
1500
6348
8451
786
2572
947
8167
444
4016
6624
8239
1504
4765
2004
1010
6739
6121
726
3693
7583
213
6744
2892
3388
313
7979
3508
8157
1161
2622
4101
6658
6186
934
5226
5017
2802
8482
5440
2600
8044
2581
5857
492
7932
2078
2866
4033
6748
1636
824
7566
4337
244
2956
3997
4292
7845
4811
4020
6641
6370
6415
2941
7584
8948
8526
7044
3492
5900
8908
4692
8950
6116
5825
2570
2404
5672
8609
1788
207
4290
5164
3799
5285
3709
7995
8009
5170
2506
6530
5498
1453
4603
2843
2368
3759
5809
2513
3563
2437
1660
4417
4645
8169
685
162
4191
3752
1951
2925
2331
5193
5055
3880
5625
3430
6341
8268
1078
7771
3843
4748
5275
5210
1419
8799
6547
5218
2248
3863
3359
7976
1438
896
2183
2730
8392
5269
5784
3160
943
2521
2394
5699
1715
4673
4312
3351
5315
2860
1076
1711
5323
2483
1836
2009
778
5538
2043
2766
6791
422
861
2146
6731
2633
2827
8388
4380
5752
4680
1041
8147
6566
8612
8525
3479
8831
8712
3639
2434
5840
3615
4238
3344
5122
8133
7155
5097
3761
5114
1049
4177
6920
6963
5
1301
2596
4161
5080
337
8542
1779
3845
3758
8781
7135
2975
6047
4703
1973
4893
8524
3649
2465
8865
1330
608
2325
6880
816
1730
4844
4401
5873
4088
3431
3655
1196
3284
4987
2403
2393
1388
99
2364
1186
2215
2922
1063
2789
2285
1759
3177
1233
1204
3147
167
1226
161
2715
1616
3134
510
2074
3005
3042
918
3068
1080
704
306
327
879
1826
5952
1104
7444
2207
5641
6436
6279
3387
1320
7180
2507
2327
6143
2350
8275
2120
1184
4976
8768
5378
580
2548
4121
8614
3900
6706
