item_recommendation
25737
3596
6039
8571
8327
7872
2227
8093
7541
2897
6404
2100
4019
3118
5803
5471
6148
5248
3680
3292
2310
7914
7697
5729
4144
3320
3598
705
3506
3696
8360
7613
5210
3901
3299
4722
8447
3017
4701
3783
4765
8070
2346
1602
5859
5534
2467
1767
2535
8253
8056
4897
5264
696
7669
7802
8033
2435
8117
4000
6170
4304
8290
8183
2992
1692
8225
4188
1379
2025
3832
2997
7560
3861
8684
2396
5809
5470
616
7437
2583
7636
2757
8477
8522
8154
8235
619
8420
2894
7407
1562
3602
4984
8879
8661
575
3296
7478
6365
8410
1015
450
4930
2214
7738
8385
2115
3232
997
7782
1608
7293
971
8207
5159
5936
1665
1744
6579
7649
980
4584
3371
6314
8761
5569
3281
7728
3524
2380
8819
955
4821
5980
9018
956
4920
7753
775
7938
953
5772
2241
3804
432
912
966
2552
4368
5473
2935
2338
3890
7976
8003
4809
3093
994
8403
4462
5765
2173
5588
8859
5117
4081
8709
1031
7809
8167
8654
7932
8927
5008
8743
1161
4437
8261
8751
954
4189
7394
232
485
6195
1676
4135
8451
5909
8187
2062
2779
6636
984
8977
3810
7234
1699
1569
2621
7720
7228
5597
8008
1523
4911
8633
2407
3178
8589
1145
3368
6073
6624
8499
3751
6178
8777
7619
3044
6559
1595
2476
8961
2344
1437
7583
1317
4945
4658
5296
8228
6850
6728
8039
7995
8722
8620
5787
1046
6918
4177
4873
8910
8239
6091
522
8491
2659
8903
6703
1259
1816
7299
2959
6493
3033
3268
8392
5723
7757
7245
4321
4432
3235
8864
798
8511
4577
8848
3324
5611
8482
1529
7272
8699
960
6276
1798
4121
3668
5926
647
9010
4782
6509
4632
816
4941
6077
2236
2605
8665
8169
6658
1003
8899
3165
4366
5433
1513
7840
1024
401
129
1777
3587
8670
7492
4162
2427
4375
3863
3632
4290
6970
828
7186
5489
4262
5410
4161
7990
5134
7130
1812
626
3182
8609
8827
8604
2442
7204
6322
7316
7577
4076
2159
2981
3816
3188
6440
1575
8799
1571
7155
6566
1783
8831
3639
3615
5122
5840
8712
8525
5097
3344
3479
2434
8133
4238
3761
8612
1916
2761
3685
2686
1696
6000
4166
8388
8695
6355
2668
3428
4761
2318
2956
4936
4885
1907
1580
3608
7099
1487
6424
7135
8616
2133
3427
3655
4603
7121
4060
957
5387
7487
4709
6318
976
7107
7415
8772
8998
5065
7036
1111
7817
6395
6669
6211
8667
1721
8044
872
6630
5440
6748
753
1652
7881
731
1566
6390
1120
2404
6458
2704
659
5177
3127
1612
1029
7484
4600
7786
4837
8675
8376
7705
1515
2155
8136
7789
3431
6739
5850
8865
3258
3478
1193
1639
2786
2453
5498
718
6977
7282
4550
7254
4024
8596
8892
8387
6885
1824
4171
5038
656
6826
3438
1739
2457
6591
4846
6162
733
5864
4552
3581
761
1472
5839
6803
7171
5923
678
8807
885
1114
3207
3213
3869
6154
8625
2478
970
1476
7444
840
1873
824
2433
5198
4861
4194
8607
3133
6609
3420
858
1310
6695
3150
5699
4079
5815
7101
5888
6348
741
965
6207
5515
2374
1794
3081
3377
3819
695
3996
6650
1288
5033
1573
3875
7263
266
951
969
2709
880
2402
7011
1852
835
3176
8914
906
5662
7892
7888
8157
7211
8730
48
8336
2802
8810
1819
2366
6140
5202
5707
5693
4731
2219
498
6927
7759
1453
2400
1484
2835
7160
3807
2752
4394
4251
6536
745
2772
526
2021
2712
3671
6751
3354
2631
4696
7038
5585
1209
8979
2942
1042
6762
3417
1876
6568
5291
1507
3051
2902
6760
6662
990
2504
1702
6426
7894
2745
4051
870
8014
2687
7502
7897
5558
6950
8689
5581
8462
6383
144
2788
2212
6906
1959
2300
4592
685
3845
6571
6676
881
7831
964
7055
6957
4895
7380
5832
2370
1020
2398
6031
5568
5825
5193
1671
7192
2367
6114
1196
2617
3752
2596
1549
7762
3060
6294
1643
7110
4686
7878
4901
2660
2620
5395
6641
6550
1670
2633
8950
7845
6415
7044
3263
7587
8833
4639
7944
7698
3928
3707
3924
8840
7445
6932
3163
3653
45
5475
8745
5703
7566
5556
1320
5438
7584
2780
5801
6370
4811
8908
8526
4292
5046
5101
5857
343
707
3997
1804
8948
4020
3492
2941
3908
2775
6840
8524
1833
2180
7195
4414
1711
2799
6422
1016
3349
1053
4692
5900
7016
405
2327
6920
875
7748
6832
3643
4638
5795
5628
7743
3970
8009
3560
1535
6877
6056
5791
8642
7979
1004
2766
3412
5114
2496
8574
1363
5378
2624
9001
2186
915
1970
7456
2630
2832
8600
3251
5012
5952
531
6880
1225
5521
2647
5570
9004
6612
4893
3298
2975
6290
5226
2437
2905
1281
6279
4923
8943
5846
735
861
4835
5069
3882
3646
5873
2727
2401
8650
2961
3900
1903
1040
3693
6547
2900
4231
2866
3456
2793
2966
189
8191
8636
263
3338
888
879
7458
4039
4876
4404
986
2581
213
6498
1831
76
2506
4246
2350
8273
7147
3483
8614
6690
2439
3515
724
2207
1779
7189
7771
3983
3351
2545
7585
2485
2325
6856
2200
2507
2925
7126
5146
2337
4848
6116
1973
1076
3134
3147
2215
2403
510
2922
3714
1073
8580
4473
2577
8813
1759
205
1730
6974
3702
1531
4108
6525
704
1186
1063
1226
1233
99
2074
3068
2285
2789
1616
3042
2715
2364
161
1080
3005
167
2393
1388
3177
918
1204
7020
7177
2664
6143
306
4555
1057
3307
5603
899
1870
2548
3370
7340
8194
785
8542
1771
1788
6892
6981
1218
7820
507
196
5059
4914
864
2801
1479
2912
4515
6995
5139
2043
4088
131
8422
3152
2843
3387
5689
1997
991
1184
3786
8254
3467
6378
7150
8915
7812
4688
4090
3266
8057
3038
8920
8530
2429
2447
6473
7136
4740
3016
1880
8795
4139
2600
5810
2399
7787
2004
8866
5636
5784
5269
3795
7250
6452
4420
3250
7766
1408
162
2946
6791
793
3028
