item_recommendation
25737
8571
7872
8093
8447
8327
8360
7697
7541
8070
8385
980
7613
7636
7669
7560
7437
4391
7914
8522
5017
7782
8008
8751
8661
7938
8225
5909
8056
232
7407
955
960
8420
966
953
8745
8961
8154
3869
8859
2062
8253
7753
2659
7394
6728
8033
5473
4584
7234
8670
3188
4821
7186
5264
8403
6920
7738
1046
6579
8879
4941
3368
4437
8654
1523
8709
3668
5723
695
8477
4936
6365
1744
6892
7802
8410
5164
2374
4873
3281
2860
1024
733
8743
775
5159
526
7263
8819
6195
8604
7478
48
5296
984
7786
6748
8183
745
6636
266
3127
5611
7195
6550
7728
129
3804
8998
8665
7481
970
8977
8761
6850
957
2212
1562
8596
45
3632
5558
840
6143
888
6743
6612
6498
189
285
8235
7888
522
6390
8453
5458
7705
4923
2647
4079
4432
2340
3324
1057
8899
6559
8376
4162
6630
8117
4171
8136
994
6826
4686
1288
3875
6970
472
912
8854
7619
1352
6669
6568
2366
1907
2173
4550
7748
8689
485
969
7038
2660
3928
7445
7587
4639
8840
3924
7698
3417
7944
6932
3707
8462
3263
8833
954
1590
1281
7649
6091
5012
8290
8684
1676
3351
626
659
9004
6832
4658
6314
951
4901
3207
6355
7817
3751
6856
8187
7720
6643
6624
1437
4577
4801
741
8642
2799
2415
3232
3251
5619
4404
3816
7107
4262
4121
976
8191
9001
4366
8167
858
8927
7881
1060
9018
2617
8633
3534
6535
2981
4188
3714
8003
3307
4782
3420
6207
6791
321
196
964
8700
8499
5210
870
5936
1771
5810
5585
3235
2897
8914
3795
6658
7381
6676
4251
4920
2418
2935
3456
7293
6254
7135
6242
7444
1209
720
3845
4417
6918
6367
1003
5489
1006
1042
6999
427
2407
6609
492
7126
731
1476
3895
100
5815
881
7204
2772
7380
6739
3428
1569
2622
7840
6116
7439
6521
527
7171
4076
6981
2496
5127
844
1021
5801
5926
5839
8984
4731
8848
2268
8362
4414
916
2516
535
7789
5168
3508
7121
7894
7130
2780
1004
2900
1816
4984
7316
3702
7831
990
328
3157
7415
6077
1472
2437
6536
5470
5117
4814
5329
8044
8131
1125
7299
1020
5440
2404
8650
5947
7827
6582
7222
6863
2331
7990
5888
7189
4886
6318
8783
1047
1824
8730
1507
2236
2394
3882
656
4925
6123
263
1812
4605
2227
4738
1030
3693
2288
3033
711
5833
5165
6415
4692
8948
8526
6977
6762
7845
5693
7272
3996
8908
6370
8950
5900
7044
4020
6348
3492
4811
7487
6641
2941
7584
3997
5832
7099
4292
2433
7566
6000
996
5033
2241
5971
8810
2709
1114
4638
6322
5857
15
5729
5452
6811
3752
5834
1438
8857
3176
725
8228
4987
6276
4895
8009
3819
1013
6565
1581
2478
3540
3113
8620
4375
1016
407
7484
7759
6339
2396
1767
965
2775
5449
6186
6880
3622
7022
7011
5008
7792
8923
205
6690
76
5873
3213
6724
3394
6591
2367
6100
1419
101
5588
1029
4407
4632
6785
5534
1145
4555
961
7311
1531
1624
981
2669
6178
274
915
3199
8482
8864
8777
8699
1516
8169
3655
986
2621
7932
6650
8511
4696
8614
4787
7016
1187
4603
5809
8530
6757
144
4228
8589
4086
8575
5940
1012
1393
1193
1032
7583
5378
3805
2004
1640
3218
2959
4033
6974
3964
8643
8507
3296
93
1132
3608
4846
3487
6298
3863
6985
2583
4332
5134
2506
5
4849
5141
2368
2409
6957
2154
4177
2982
6395
3370
5840
8712
8525
8133
3761
9010
2434
7155
3615
8831
5122
8910
5787
8799
8612
3639
8609
4809
3344
8392
4238
6566
8239
3479
5097
8979
1173
3093
4161
4081
6562
6509
3431
7142
6132
724
3268
8388
4592
839
2344
5291
2689
5530
31
7059
6329
6996
7826
8920
1225
3587
1295
828
1513
1380
2533
5433
4528
1041
2318
6659
7101
5952
1135
6885
3457
2710
7036
7809
5600
4666
3377
2442
7254
1686
1303
2003
6858
5570
3675
5527
8722
4389
5772
2687
988
1810
2500
761
4911
2038
4706
1026
2605
7056
5009
8574
7757
1515
7936
6502
6744
2798
3672
802
2531
2346
893
4663
2385
1647
2370
1100
2937
1844
6243
1331
880
2581
2457
1017
7211
1375
3503
1053
6183
1641
2300
4024
8865
7624
1253
4837
7055
7372
6966
872
4722
6440
111
1009
1517
6056
746
6776
16
6383
6516
7180
4798
2902
7976
575
861
2186
2769
3081
3160
1799
7147
3507
963
5662
8667
726
5812
6703
2447
4427
3871
4830
7090
2490
2793
7502
5819
6711
7366
1798
6021
1028
3478
1876
6684
7449
2517
7089
2303
2398
998
4406
523
5065
6893
7245
3427
4844
6027
1342
1292
2248
4600
8583
1777
2752
2609
892
3452
4394
4153
6814
4066
4101
4135
5021
1429
2776
1011
5387
5569
3256
6964
2458
4885
4168
7818
2052
4721
3292
7108
6772
2438
3720
4748
3210
1500
7347
8261
4029
3101
4569
3730
4349
714
1474
6552
6786
6807
5400
5980
2686
3951
619
4585
5882
3438
1019
1484
6731
1257
7000
8451
608
3399
4927
6001
2436
4054
5040
4589
5825
5985
1224
6803
885
5703
6940
5410
1794
1379
6751
6879
5828
1497
886
1572
3787
2401
1022
2859
3709
3028
1652
1985
2103
6003
3913
719
3129
8491
2347
6230
5923
1643
390
474
2402
5548
997
3460
1639
4367
5365
2513
3156
2801
276
2078
419
6373
3560
735
3553
5777
5080
7305
244
1479
1482
499
5609
4462
2232
8781
1535
935
2741
6162
647
2925
5478
2906
8629
3900
753
3860
2682
7208
4371
6539
4751
4454
5297
3908
6695
2427
3258
5471
4897
5633
2692
207
275
3347
5515
785
5803
4108
597
6154
3034
3602
5581
5715
2323
5360
4304
5352
2063
1525
218
4736
4928
869
3649
3880
5966
4947
5893
4511
5597
3799
2380
1935
8207
8387
6686
4876
6927
3079
5420
4347
5768
6735
4270
3920
1367
5917
7352
1504
3998
6760
1327
1582
6016
