item_recommendation
25737
7541
7872
8117
8327
8093
8571
7697
8183
1003
8447
775
1947
5515
7613
7437
8225
8207
1515
7560
8360
8403
7669
2590
731
401
5765
980
6154
5159
8290
580
8899
5742
8420
1317
1812
2668
2300
1777
1739
7782
8743
5723
1507
1513
5662
4550
8522
5312
1523
2798
6970
5186
6902
858
8596
6091
8499
8772
986
7914
1907
741
2761
1831
984
2686
2769
7649
8253
5198
2832
1715
6260
626
1358
1721
6178
8033
2937
6073
976
724
4731
1562
101
745
2482
1870
1744
7478
4366
3235
8154
4941
7802
2659
3051
8477
885
1816
5655
4740
2688
4795
1053
3324
2605
7636
1636
733
6121
8636
2912
951
1089
2786
7878
5729
7728
8998
5715
5288
5675
990
5410
5853
5768
9012
8591
5008
4246
1006
8136
8376
3875
3081
3816
875
3150
718
2982
1330
5689
2775
964
8859
3188
1059
4649
798
5666
2546
746
938
535
4584
2935
960
4076
8629
1852
2464
4638
1783
7938
5980
6918
3489
4440
3377
3408
2120
869
998
1104
2772
1288
8410
2966
647
2976
2159
2780
8003
5254
1021
1580
1111
1696
1690
5177
1688
1046
8070
7245
2427
7234
685
2288
3232
8580
3584
6211
1624
2342
6047
1187
6493
512
2183
3086
5275
2981
213
4420
1196
6355
735
1472
947
5834
6826
5161
5597
2956
1437
848
6760
695
7282
2815
266
4262
2835
5398
5038
7260
2227
3028
4153
5772
4241
3334
3936
4600
725
6314
2843
6751
1997
2548
1750
2647
5139
4316
2687
2347
2186
6408
1788
5365
828
129
3604
2383
3125
2766
8261
5443
113
1822
2582
2983
205
1873
8661
886
154
714
4801
5839
1020
1631
8920
3238
5672
3368
135
4923
526
3211
8777
4349
7831
327
2866
5808
1508
6103
2399
5413
1951
6513
1549
2385
6195
1012
2325
888
306
2789
1363
918
167
161
1233
1759
1186
2922
3177
3005
3042
1063
1226
3068
3134
3147
1204
6225
2699
5710
3140
3587
5193
2793
1099
105
2534
2696
893
1730
469
7881
4809
1959
5611
1225
3307
3194
8848
6985
6835
7407
8720
1608
659
5291
1080
2074
2393
2633
1616
1388
2364
2715
2215
2285
2403
2596
99
510
1834
1841
704
2378
1017
1040
1767
1161
8665
750
267
6404
2741
656
162
8761
5888
5732
6678
1819
2521
95
5936
507
2858
879
5053
4577
3759
2134
991
743
6062
4016
915
2155
6547
3500
7171
3071
1972
2154
2429
2651
3889
3417
2146
1184
748
45
5825
1218
2207
48
2128
6728
4765
1367
1771
8633
5752
2507
2043
2829
4284
1073
278
2496
5968
4821
4911
2327
285
1929
1860
8462
7272
2231
1192
5055
8142
302
1026
5323
3702
547
2572
2504
2440
2634
1085
2350
8943
5556
2078
4171
6630
6676
2753
3006
5363
4830
1394
47
1147
5815
2676
8589
5264
4718
2284
969
3805
3649
4273
189
4251
1145
348
880
1060
5745
131
1057
793
3292
2975
2009
516
1320
7254
6395
5784
5269
2090
5909
6579
2986
4401
3359
4437
2730
1095
2439
2600
5282
872
3758
6365
968
7038
2473
2689
4976
1004
816
4380
2478
1501
2990
207
6530
1130
742
2993
6774
949
2441
5699
5795
5625
1047
2039
1076
2062
2046
5375
2091
8699
7346
2577
6286
8157
1689
2946
5735
498
785
2494
2407
5572
7577
5466
824
8607
1037
6232
1909
8147
474
962
1033
3795
504
5243
4462
3402
2178
7809
1518
3218
1836
3819
1428
3016
3575
1429
243
6035
8451
5352
4079
6294
864
1286
4263
2801
1517
8838
6609
2892
8882
4312
961
2779
8709
1711
2415
1077
3041
6803
1078
7078
8961
1084
8807
2674
472
4727
8366
4045
4095
6243
4228
1858
8768
3851
1120
4532
6684
6718
183
907
4450
8235
3152
1301
1581
7198
7786
2704
981
2583
6498
4980
6375
2513
7764
9001
2118
2654
4404
896
8524
973
6887
8542
2184
6645
4987
3852
8121
4101
865
945
700
861
6896
6706
720
1526
4326
8275
3387
4477
6464
1980
5356
1150
1762
7293
2617
1476
6768
870
3388
8187
707
4680
4088
4873
3522
1493
1197
4945
492
1804
5641
4432
8977
937
8268
2573
3611
1552
8042
1784
7771
2465
5170
1014
6612
2628
6559
2182
2282
5462
4834
7894
1617
8828
5696
5056
8921
7919
7309
5001
7235
7791
8966
4929
7822
7947
5670
5577
5373
5400
5401
5517
8949
8955
5667
5285
5680
5034
5684
5003
5685
7419
5686
8835
5004
5678
84
2442
1103
2864
71
7012
7153
6584
3499
5940
5847
3497
2640
8123
3957
4300
3491
8985
5690
5002
6060
6341
8582
7702
4994
8610
6105
6342
4104
8640
3825
7357
6331
8423
4889
3654
6422
8672
6432
6436
8372
4832
5836
6851
6963
8158
8138
4677
8130
8785
5746
7017
6852
5826
8371
8197
8872
5736
6732
6800
3284
7063
5700
6754
5796
499
2820
5693
485
4428
3753
218
3173
3241
4833
988
4861
2567
4105
4999
2243
8642
6470
2660
3210
1660
2204
7186
2422
4337
7587
3924
4639
7698
3707
8840
6932
7944
8833
3263
7445
3928
833
2014
3128
8385
366
3096
4782
1844
2032
6744
313
1479
1586
479
5085
965
3113
970
6533
2939
4967
1554
1707
2428
1667
589
1925
999
892
6509
5810
1525
5203
4111
802
3456
6077
3996
3127
6827
6383
1042
8689
4033
2296
2424
6658
1981
4761
274
3357
3358
8879
1032
2880
7888
1535
1013
1018
2581
4888
3892
4643
3784
5199
3262
3159
929
3064
2764
2467
372
8910
2082
5346
2977
7976
719
3434
2639
2770
6450
3093
1529
5117
5226
955
29
1132
3495
4029
4569
3101
3730
1474
6296
3709
5419
291
6798
3133
844
439
3668
6318
3007
1556
5134
8903
4427
8484
3773
3256
1653
1500
5791
2796
201
7487
5470
5846
3445
4383
5404
5777
6037
2432
2451
2324
1346
2418
2374
2202
5449
375
1876
5418
2200
1295
460
5504
950
