item_recommendation
25737
8117
7872
8571
7613
8093
7541
8327
7976
8225
8477
7478
7914
8207
7697
7560
5765
7437
5825
8183
7245
8447
8596
8684
8360
8070
8522
6355
6178
6132
6624
8420
8253
6195
647
6154
7802
8709
8056
5909
8033
6579
8633
3368
1711
2236
9018
8167
3213
7669
5134
8743
5254
6365
980
6073
3232
6211
7407
7649
6658
8670
6143
8853
5980
1145
4716
1562
1076
8290
4600
8699
5597
8903
7099
1552
6242
8892
7932
2243
775
8451
6970
3133
5264
5772
6395
1513
1437
2745
2062
5689
5556
1003
5033
8722
8187
960
8261
7228
1535
4246
798
4088
1404
1767
6547
4911
8761
793
5553
2779
8819
8228
8927
2935
3235
5515
984
8542
714
1523
4290
5269
5784
6743
6493
6021
6383
8403
5159
8235
5146
1320
5348
824
7728
695
5210
5410
1120
8998
3587
4210
7340
7110
7782
6568
5754
6207
7577
5791
8650
4417
976
6706
4139
6077
3494
6695
7636
8003
745
1788
6636
7272
7492
8961
6419
969
7995
5433
8154
5932
5413
405
3066
8772
5312
7881
7502
387
4809
5202
8410
7282
3224
7293
1580
1053
7826
4086
8661
8823
8954
626
2824
5193
266
1744
5038
8879
858
1515
1707
4748
140
5139
6862
2565
8910
5600
2545
1844
6183
4302
8711
7334
480
2659
6620
5787
2300
6446
1488
4427
7938
3964
2527
2751
779
2787
1177
1667
4638
6281
1549
5177
4945
8121
8499
1631
5179
5742
8208
7790
5933
8240
2641
3872
8373
7625
8623
7959
7925
4538
4281
3098
7076
4213
8577
7143
8899
7121
2231
1693
4201
8807
3377
1073
678
8689
2374
845
8273
121
3489
6718
135
5470
5398
4108
7789
5729
880
2219
6051
2647
3459
6559
3608
2212
6279
875
5498
5707
6440
6318
4550
4840
3150
1715
5296
4121
8544
8943
2445
1880
7260
5666
955
101
4366
5012
6957
7115
4920
7583
4552
7160
2200
7888
4893
3434
526
6091
3028
8039
5352
2486
8695
5117
3955
6245
285
1012
2186
401
3404
6728
5715
8462
1196
8848
3936
4241
3334
6525
2128
2282
912
1111
8157
8654
3142
1352
8484
854
7327
4709
7107
3972
2483
6484
964
3152
2681
300
4821
1529
3643
6609
3816
6850
8795
1419
1147
1099
2031
3799
8482
7809
5315
5945
15
1006
2605
1739
5902
1168
8607
7958
1779
6533
2826
2227
5655
5617
7394
3168
3837
45
861
5081
5065
2832
5101
4414
818
4682
2915
804
8675
3292
2379
8977
5443
2244
117
2918
502
2919
2012
2920
2921
2916
2671
2810
2016
2206
928
3069
1238
1304
1347
1356
1237
3166
1366
1415
1461
852
1542
3148
1984
3070
1861
3063
2889
3053
1180
471
290
216
514
1957
2297
458
2734
2967
1392
194
6155
4619
7899
272
1592
2462
7878
2621
1373
4658
2485
3019
2917
324
5832
2306
5538
2197
8629
4703
535
4987
178
2340
8777
1325
7101
3882
5198
464
7444
2002
3021
2275
5059
1236
8511
5114
1256
8604
968
2170
4437
6426
996
1171
1026
8491
1971
574
5723
1215
2979
5795
986
2676
2467
4555
7234
6826
8813
144
1812
3632
6832
1024
5293
2159
57
1444
4632
3309
1466
3719
922
6690
3018
5926
1870
3869
568
420
2877
1367
1900
7897
367
5291
8665
733
6408
891
196
3822
3893
1713
844
2327
1079
222
2717
592
709
1209
2557
3146
5544
1046
1277
1903
4084
232
2304
1840
5226
5404
4818
8914
6473
8385
2481
7250
154
7979
3780
1726
8859
342
6782
4706
7078
1624
1042
4584
4865
6535
2427
2386
8044
3370
6873
5839
5182
5662
3324
1670
5936
614
6748
186
6902
8589
48
4782
2594
2154
8376
8136
3857
3264
4787
5099
1699
970
1125
5108
1969
2305
1387
4815
2856
5438
1777
1267
3349
1269
3398
3552
153
5057
1610
8528
6387
8196
5231
8336
6332
7815
8363
4381
5450
6250
6476
5111
3476
5283
5299
8584
6482
4403
5300
6468
6323
8611
4960
7934
4745
5255
4932
5366
5505
3992
5506
4767
8970
2106
5777
5792
6936
3835
921
5808
3326
5841
5843
5846
8957
4175
4140
6037
6793
2697
3879
3897
3943
5995
4018
5994
4459
6228
920
919
3618
4464
4465
3661
3664
4975
4749
6238
3679
7199
5066
3673
5682
3695
7139
5694
3771
7117
3788
5705
7083
5417
1980
2769
5428
5224
6101
4318
3086
4475
954
7487
1769
2828
4570
4411
3546
1876
4964
750
7011
3564
3276
1255
2959
2883
2937
1644
3702
4273
4262
6286
1785
5718
3677
597
6022
834
3425
1361
410
541
1059
951
2294
7177
2011
3868
380
7753
1268
1663
4284
2528
5010
1938
3163
3281
3412
4941
6798
6219
4970
3875
2618
582
7348
4873
6261
1152
4723
1007
8920
1907
1608
4177
1810
2289
7299
2560
2927
1164
6650
81
3210
4971
899
2620
3113
2884
4895
2203
1288
4992
2041
3011
7263
1727
886
2708
3548
2780
2288
1487
1274
4375
4830
148
5421
4989
2318
2548
5069
3185
870
129
1963
3057
1264
8638
2237
1660
3545
2793
7123
6707
6985
4047
3259
787
1017
6595
6429
7211
4420
1008
785
4306
2523
6829
4854
997
5339
4710
5633
1441
885
3399
2441
805
1665
1831
3408
3655
5989
4441
1187
2741
5288
6513
1998
1047
2139
731
5834
2013
4386
8132
6162
2407
2067
5699
2912
4055
3165
316
4251
5008
4947
7186
808
764
2696
7254
4587
953
2982
5734
4389
6521
2551
2490
708
6000
2272
7713
1954
7757
828
962
2478
7990
7034
2860
251
1207
3284
998
1731
1581
7316
2699
6676
2668
2936
205
7305
7195
4626
2440
829
3357
3176
6093
2855
3221
4769
840
1620
5000
6056
1295
3401
1353
3584
3307
1588
2609
1411
3040
6562
3169
4278
5747
7095
2686
659
981
7627
5308
1921
4802
2688
1263
2496
2250
1206
3207
1824
34
6684
2269
7073
1030
1259
1891
3908
888
4608
3786
155
1330
6612
1852
3653
6273
