item_recommendation
401
25737
775
718
2686
1317
1783
1472
2761
1513
685
816
3751
7872
2935
7541
1711
1744
1819
731
2786
1562
828
885
2832
2668
1721
3150
8183
798
1120
129
1425
647
8327
213
2835
7914
8447
3900
2227
4550
1580
1739
2159
1779
793
7613
1852
8571
3051
1523
1608
858
8360
8093
5597
2445
2843
8117
2451
2432
2324
1196
2427
1841
1777
869
714
2647
1696
1549
135
8225
5548
1833
1507
2327
2128
879
2596
2866
348
2155
1771
2779
949
6073
746
47
1816
2325
707
1907
1552
1665
7437
7669
2429
2789
918
2215
3147
3177
2633
1233
1226
167
1080
1186
3005
2403
2074
2364
2766
1616
2715
2393
1204
3068
2285
3042
1759
1363
1063
2922
1388
3081
3134
161
510
99
704
1972
3071
306
5765
2243
733
1688
986
1858
1535
2373
1796
1730
162
741
2399
1997
2858
742
4366
2282
2753
1286
724
2594
1959
902
1767
1099
507
3211
2815
3006
2981
2605
1184
1218
412
1515
1909
1667
5498
1437
1586
105
1073
1085
2600
945
95
327
888
3041
2634
2687
278
991
1404
1788
1812
990
1086
1951
1130
580
5264
1831
2201
7560
493
3324
2986
8154
2043
1929
2236
3979
4009
3481
4012
4010
1241
4053
4014
4011
1095
8403
1643
243
7697
1040
1111
2946
1809
547
984
3243
372
2039
7782
2975
2400
5410
291
205
1689
4649
5008
131
3338
8410
2966
1928
476
366
1274
778
2231
2284
1010
2464
4515
2546
1726
2582
2983
603
5742
6579
968
2704
1161
824
4246
1707
2178
2545
2207
1715
2982
8879
2820
1639
1791
3133
1222
2197
838
2888
1046
2990
3067
8033
2021
2031
3754
820
5553
1033
875
1978
1966
589
1925
2375
2091
2310
2498
1658
915
8070
1228
976
2655
3690
2692
2120
1974
7938
1225
2014
1297
864
1870
2350
3016
3044
1859
2467
2937
505
1163
1447
2057
710
1772
2335
4577
2318
1525
1003
4349
2421
4458
71
3831
1613
2890
2816
3125
1860
1668
664
765
2383
3093
907
2521
1690
2443
1671
753
2046
2130
2146
4731
7728
656
2494
2681
2526
4584
2801
113
2507
2583
4401
2628
1598
2385
936
558
1428
3086
1197
2874
1497
2240
3989
2976
1699
2210
5581
5515
5038
1150
375
2630
1804
1981
342
2446
4654
2878
4316
1320
586
497
905
3456
2048
27
764
6400
34
110
2579
4740
516
1104
84
1612
390
4437
728
1493
4076
5588
2924
2829
1349
3128
2135
3543
2791
2000
1927
2182
2572
2424
1441
5087
2956
8661
1076
2342
891
1081
1059
371
387
376
2548
1296
1554
8899
2745
250
2688
8290
94
659
418
3932
2959
3064
5752
5210
1611
1167
2495
2812
719
337
611
1285
3007
1311
861
8699
8777
2453
1589
1653
2052
405
6042
1631
11
1845
2772
4095
1449
2892
416
1784
2219
2770
201
927
2152
673
8859
893
1891
626
2781
6035
2481
2090
1053
2565
1097
29
1875
339
1797
1880
1605
1545
690
688
2570
1077
8003
5275
4183
7478
2296
2977
1333
220
721
2422
3709
2300
8499
1982
4029
2709
6091
330
2010
6355
681
2651
1342
982
2535
1629
393
571
2927
3072
3213
1358
938
2525
1379
1474
4569
3101
3730
464
4673
2864
1192
4638
4462
2193
2007
998
451
5980
1985
8596
1822
2689
1750
1801
743
1916
5159
3155
434
2585
2798
674
1346
3008
748
1655
324
1175
349
2478
1894
735
1518
1975
3179
2769
57
1878
2577
7293
4197
2439
2078
1900
947
2534
8235
1979
364
2817
1504
599
1183
922
951
1873
2053
2485
737
439
4173
1310
2518
1683
5729
1145
313
3980
911
6260
761
1456
2915
482
2462
5387
5662
1440
3889
5853
7636
835
460
419
2979
4718
6902
2741
453
4378
2200
3188
121
373
870
1240
638
3408
1353
3805
3152
1649
2289
2659
2616
4821
1168
5438
44
4600
2919
1347
1356
3148
1366
2918
2206
216
1861
471
2920
2671
502
1415
117
1461
1180
2889
1542
852
2921
1237
3063
2810
3069
2016
2916
2012
1238
928
3070
2244
290
1984
3166
3053
1304
514
5433
1957
2297
458
2734
2967
2134
1135
1392
5715
2461
194
725
272
16
253
1171
137
2763
1373
189
1223
2465
8580
3019
2917
8743
1114
720
592
1884
3816
461
477
224
2015
7878
5672
2635
1325
2493
3021
2275
696
499
2501
2569
1609
1008
1256
8772
950
1148
1717
804
1692
2344
5772
2649
8761
1147
6154
1544
1971
574
7487
1215
526
350
872
8684
3232
9012
8591
5675
43
5534
2301
854
3292
3011
2479
4585
178
474
369
379
6509
7619
2442
1066
4153
1640
8522
994
944
3795
2855
2755
1876
1895
160
2775
4765
7407
785
420
906
1269
2962
2504
627
2085
1826
2800
423
4101
1236
2674
2291
2691
6404
1401
6803
1004
5186
1794
1592
41
1621
4804
2938
183
3146
76
3360
1526
3168
37
1028
2514
8636
4207
980
3880
7753
4795
498
760
2328
1030
2431
5489
3687
5787
2139
247
295
469
5312
2118
3207
2555
141
6143
6021
1625
312
2388
289
3604
1624
8865
614
2257
709
4632
4984
2447
6
211
2457
4844
678
5323
1642
1322
8387
1264
5556
164
1969
4703
1018
5723
1128
5288
4121
597
2615
467
5315
2490
8253
2084
2943
3723
5170
3520
5501
532
360
4214
5538
5047
5092
5043
5638
5539
5540
4674
4823
4516
1151
4634
4282
4655
5069
830
4664
2787
779
2527
1177
2751
6242
5768
6039
7234
3798
3176
2621
1255
153
8388
2877
222
480
3608
1652
1042
5414
144
4440
3163
2552
1020
6571
780
4251
1644
637
370
2699
541
569
2567
2416
766
2011
3120
1087
1429
361
1414
1306
5864
4254
48
1277
2050
4521
374
3489
463
1488
5632
3334
4354
2067
5440
4546
4139
