item_recommendation
25737
7541
7872
8183
8327
8207
8571
775
8117
8093
7914
8447
7669
5515
8360
7613
7560
7697
8290
6073
5765
8225
980
6154
8403
7437
1003
5772
7802
6211
731
7649
5742
626
7478
8522
6195
5689
6970
5312
741
1515
8772
1513
8261
8420
6355
5410
7407
6178
5556
8154
8070
1523
8998
733
1507
1870
5159
7782
8596
5715
5177
5008
6579
7245
7728
5729
8499
1739
5662
984
5853
5666
6395
5784
5269
3334
8003
6902
8033
5038
2686
3587
5134
5398
5723
745
7260
4241
3936
5254
7878
8899
6408
1580
5186
8722
5139
6493
5808
8777
2605
4088
4584
7636
5675
5288
9012
5768
6260
8636
8591
1317
4911
3489
5443
8477
401
976
8629
1744
2769
8580
5193
8848
4550
5470
828
8157
5198
960
8743
3608
5825
4809
750
8451
6365
7938
5264
968
5787
4731
3368
986
5655
2300
8661
8253
875
4246
6091
7282
5980
1147
735
5597
869
2696
1040
3324
8410
5791
4748
1812
3408
6918
8699
8376
8136
1816
6404
3875
1046
3377
7272
5282
2912
724
3434
8943
5538
1057
3292
1006
725
8720
951
8859
746
7577
1831
4941
6121
2062
1788
6636
4821
2798
7250
1907
4740
6658
7881
8187
8385
6077
1030
5413
964
6294
4765
3284
7831
3051
5315
3140
5777
2676
864
990
720
7171
7234
5752
4076
4600
8903
8604
1750
2966
7789
1721
6279
3611
6436
8879
3081
5182
7254
726
719
798
2159
2801
5968
2937
2772
6446
7932
6718
1053
2761
1777
5839
2513
7121
8121
6051
526
915
793
5114
2481
1624
5707
2741
4153
893
6690
5718
4703
2546
1004
695
5404
6037
2347
4960
7293
1010
4316
6826
7444
7995
4945
4437
2659
3819
969
981
5936
5710
6484
4649
6473
5275
786
858
8607
7204
2448
1288
1479
8914
5323
8768
2560
5352
7101
3404
5846
7979
7186
7139
6751
947
6273
1472
2186
3751
6547
3780
5815
6835
2669
2982
5365
7078
2183
410
953
1042
6768
4383
2866
1769
4619
6155
7899
647
2983
2582
6525
3370
5641
4795
2668
129
5699
2956
2981
833
955
4095
4727
2815
3188
879
6498
6676
2688
232
6513
5363
1020
5732
5224
1497
1012
2892
885
7115
3677
5417
888
4818
4767
3664
6238
3879
5066
8584
920
919
6228
921
6793
3835
8611
7809
3771
4403
6482
8675
5283
6476
7815
1610
5111
6468
3788
3695
8795
3673
7492
5544
4932
3679
5843
5505
5179
5841
5506
5231
5450
4865
3326
3897
6323
7117
5694
4745
5995
7340
4459
8363
7083
3992
4464
5682
4749
5255
5705
3618
4018
5299
7199
6936
6332
5366
8957
8970
4465
2697
3476
7934
4381
4140
2106
8853
4716
8544
3661
6387
3943
8196
8528
4175
5792
5300
5994
8336
5057
4975
6250
6101
1192
1021
2828
5400
4411
5428
4570
4815
4475
7771
2884
5053
3564
1508
3276
2350
3546
3425
4964
963
762
4947
5010
3194
4921
5466
4055
6022
3456
1077
1132
285
4366
2883
4923
3264
1060
2651
748
2687
912
5170
6509
4273
1268
4440
5440
2473
4284
6047
582
6803
2935
3235
6383
5498
6464
8387
6760
6375
4984
3401
5625
2780
4976
753
4577
1437
4658
5611
2120
743
5291
4967
5285
5735
8142
7177
5055
816
8422
4632
3786
8056
2440
474
870
48
3851
6035
5572
3138
2207
6148
3668
5202
824
1581
1501
2507
5421
2647
1852
5693
3552
3602
3093
3398
961
670
2306
1026
2774
4016
3357
3816
2184
6645
2625
4980
5348
6429
3758
3066
3173
3900
3702
4989
931
1059
4970
865
7012
2427
2835
1008
4079
4834
5690
5686
5685
5684
7822
5680
4300
8955
5678
4104
4994
7063
6963
5672
6706
7702
5940
5034
1617
6800
5670
5667
6754
8949
3654
3825
6732
3957
5056
8985
5796
5746
6896
5736
5002
5001
5577
6852
4312
7153
8966
6851
5003
5826
5836
5004
5700
7017
7419
5696
7791
5795
5847
6887
8158
8807
8672
5373
8123
6060
6331
8275
4477
6584
7357
8423
8872
8138
8882
7919
8640
7309
8838
2640
7947
6342
8835
8366
8828
6105
4677
4832
8371
6341
8372
8785
8130
5517
5401
7346
4889
3499
3491
7235
6432
4450
3497
8542
8197
8610
7198
8524
4929
8582
8921
6422
8147
5462
6322
7348
4428
6774
1819
1690
8273
1834
3241
4278
1688
218
5161
2496
2528
4710
2708
8761
1078
4638
5243
3096
2504
4987
4971
266
1783
1125
3759
2976
1076
3483
2786
5085
2699
1013
251
6559
8865
7123
8235
4226
954
1771
1608
3060
2617
5103
1037
4999
6533
8589
4162
3495
2939
1104
728
8709
2072
535
7748
6827
3412
2548
3238
3545
4262
1575
2726
1476
970
6140
183
3253
7459
6684
2764
1562
4105
3349
7753
2342
3500
765
965
4139
2936
4801
1980
6232
4696
2385
2689
8977
6728
2118
2596
4587
1444
3428
7786
5203
1032
2241
3656
2832
892
7394
7038
8654
7738
3584
1049
4979
4101
7263
788
2278
2523
1876
7888
4310
3307
2236
1500
1951
101
2383
8684
4802
6470
6296
205
1187
5018
3359
4936
1111
5308
2500
5241
4833
1017
4188
3653
1794
1636
5117
988
6630
4626
911
6405
4263
3113
1014
4190
1696
8638
4893
2770
8961
6595
2570
8239
7757
6103
5834
2442
4680
802
2134
2993
1959
1047
2393
3068
161
2364
1226
3005
2633
1233
1063
1388
2428
2829
2032
2478
4386
5294
1525
1805
105
4420
2340
3269
6390
7619
3868
2090
4878
4060
1085
1363
2459
4861
4084
6225
5065
6530
2736
5108
764
2721
4830
4709
2654
6985
2305
685
2288
4535
5459
656
2581
4432
1529
2630
2429
2516
1970
8665
2485
1320
1950
3165
2441
2227
2754
3889
1997
1582
348
5747
973
834
4972
5027
3649
6318
325
704
3150
3147
2789
3177
2285
1080
2922
2715
1616
510
2766
1186
2074
167
1204
99
3042
2403
1759
2215
3134
918
6032
306
1549
966
4652
2248
3402
504
5135
2802
5427
