item_recommendation
25737
8093
8571
7872
8327
7541
7697
8447
8360
7560
8070
7613
980
8385
8117
7914
8183
7636
7437
8056
7669
8253
8225
8522
960
8290
8420
8154
7738
7802
966
8661
8008
8477
775
7407
7753
8033
7728
8235
8819
6365
8751
953
7649
955
8684
5264
7186
5909
976
8167
232
1003
5159
3869
266
1744
8410
695
984
7234
48
8003
8670
7938
3232
1046
5296
2062
1523
3281
7782
912
6676
7976
8654
6748
8961
7293
626
6579
7478
4391
8879
8761
5017
3368
6850
1024
9018
954
8709
733
6521
7263
8859
6728
4821
2212
7394
2659
2374
7817
526
6636
745
8207
5611
951
6918
969
6826
6091
8665
6920
731
6892
5117
45
7481
8039
522
6624
7705
2340
285
8998
6143
8499
5458
8187
3188
8672
7786
4920
8403
8604
3324
5980
4761
8743
7121
970
5473
1907
6314
7748
6658
7130
6832
485
1816
6739
6650
129
5926
858
7932
7415
6591
8596
1676
6195
4437
1209
2409
4162
880
1057
5008
4984
101
4228
6027
4658
6318
4121
647
1288
4188
7099
472
1531
5597
8745
2433
321
5164
5440
5923
8977
4941
6609
2173
4987
3668
964
7299
6630
5134
8633
2686
189
2288
994
4584
5723
2227
3816
4936
957
1281
2780
840
8899
6322
535
6498
2935
870
6559
1507
1006
872
4407
7107
888
7189
6535
741
4873
196
4161
1352
1042
5815
6178
8927
5558
2772
8453
1013
6440
5839
1590
6568
3213
986
8491
6550
4782
2004
4432
6840
1515
7272
4366
8482
3799
7831
8462
1513
4577
4809
6791
7990
8910
720
1812
8810
4901
1767
6000
7380
7619
5801
3751
1020
5936
4592
6762
1016
881
8142
2860
8589
1367
7566
7487
7484
1810
3176
5729
6502
3235
5693
8511
7311
6077
6966
6970
5819
6230
5832
8009
4638
990
7577
8367
3845
2154
3127
3996
2331
2241
725
5809
3113
5765
2344
3420
8136
8376
3875
1824
6669
7195
735
3417
4550
6276
1030
263
8526
7584
6370
8908
6348
3492
7845
2941
5900
8950
8948
8044
6415
6641
3997
4292
6977
4811
7044
4020
4692
6856
724
828
5857
1844
5864
981
2496
7316
8854
2346
2897
4731
6116
4414
6207
1060
6703
7171
5971
7135
7115
6662
3632
8451
6862
1026
8507
4251
1777
4765
963
7444
205
2981
2366
1437
7840
2605
915
8777
8864
4076
5378
1132
1012
8772
6254
3804
1581
6355
996
3752
1624
1125
2709
5210
1562
753
6880
3093
6154
7789
3428
7204
2669
659
4326
4427
2236
8169
1004
2506
2687
6612
4686
6021
4079
1771
4270
3508
5329
6536
8614
7792
8700
7254
8699
2752
401
1021
8191
4171
2798
1114
7245
8984
656
7029
474
619
1696
2415
1702
7126
527
2038
5470
2660
8392
7878
7211
7881
7698
3924
3263
4639
7445
6932
8840
8833
7587
3707
3928
7944
956
5226
7502
6981
2647
6885
7759
2437
2617
4600
1472
2396
8689
7038
1053
407
3795
2404
100
4649
2801
5947
2504
6816
1028
1819
2407
5271
7096
5985
7720
866
2668
962
8131
4792
4605
6367
2248
4045
893
6751
2583
6695
2385
965
7888
4801
8228
3307
7995
1040
2370
2418
1032
8695
4552
3702
7757
4404
3157
916
6390
719
9004
7222
1476
6999
6798
2442
9001
8650
5873
3882
6731
8642
2799
6582
7743
31
6383
3587
4923
2268
8362
7827
6863
2478
4886
3854
6223
6039
5968
971
8620
5569
5888
6562
8640
6721
961
5012
4925
2925
3125
8239
5410
5080
6400
6786
6807
8609
7160
3351
5449
7771
8892
8914
427
1019
8530
6957
5850
7439
7818
328
5810
5588
934
5834
1870
5585
6643
2427
1582
3296
3207
4846
2368
6100
3251
785
2829
3714
4420
2900
6690
8781
1331
4081
16
7016
737
5699
5515
5795
2398
869
5498
3560
4945
5843
8979
2775
2318
7381
5389
6927
7228
4177
5489
8807
2689
746
4814
6565
7583
1652
3503
492
4603
6084
7147
5772
4738
6509
15
7282
844
4911
8848
3457
786
2622
1517
3655
288
8388
4375
2815
1876
5787
1336
3863
3604
5291
8268
2982
1794
4895
1047
2802
6395
9010
3608
6811
8827
2300
7022
7894
2521
2367
6446
4885
7208
2769
7766
7180
6760
8831
4632
8799
6566
7155
7386
6294
4051
5337
7055
2434
4238
5840
8525
5097
3639
3615
3761
3344
5122
8712
8133
3479
8612
2621
5891
3431
8194
4262
5619
1225
7897
6782
7250
839
1970
1497
8857
5952
7569
1608
8865
5061
6940
8607
6659
4153
5521
5970
2624
6777
1438
2959
5703
7624
3268
2937
2975
7809
2026
4304
4844
5901
5333
8015
5193
1973
2581
4722
5033
76
864
1641
7056
2155
3693
3900
2394
1516
5712
7089
5168
3871
6339
5266
4462
761
1500
6242
1035
8906
6047
1145
3819
4417
419
5046
3427
1739
3292
4927
726
8730
5882
5387
6148
8722
6480
8667
4893
3394
2531
4840
5530
5475
1569
7820
1504
2516
1834
2468
6493
5165
1193
4033
1187
6803
1393
274
1529
608
6684
4168
218
3504
6530
8783
8625
575
7034
2186
2447
6243
8923
422
1224
6887
7708
6724
5352
6260
8121
1253
8157
8484
7347
5312
7078
1029
2902
1394
5198
3377
3860
3434
7011
8903
6123
832
6552
6993
5859
1721
3028
8261
1959
6950
998
4848
2764
7104
5914
7257
968
5812
899
7458
7101
8132
4194
1639
1120
4440
802
6132
8574
5534
750
997
4837
2741
521
6776
5707
8636
4740
1295
105
4666
5065
2688
3646
1010
861
5248
5127
1783
5662
1330
28
6953
2438
885
207
5229
2310
4024
1184
3438
5214
988
7456
3895
1482
3540
4135
6995
1525
2457
1041
2600
1037
711
5833
2770
6073
4887
1629
7979
798
4795
2793
3783
93
3210
7492
8813
6003
5570
5830
7371
5088
3163
5899
6531
3387
5779
7196
3596
5734
743
7340
1100
4394
6283
8943
5
2371
6227
1657
5854
8727
5568
3515
1798
5742
5605
5438
2704
3927
5208
