item_recommendation
25737
8571
8327
7872
7541
8093
7914
7697
7613
8447
8117
8360
8253
7669
8033
8056
7802
7437
8070
8225
8183
7560
8290
7478
8522
8684
8420
5264
7636
6365
8477
8207
7407
8385
7738
7649
8235
4920
8154
8003
7976
8167
8879
6579
7728
8661
9018
6195
7932
3232
7293
5980
6636
8403
6748
7394
6559
8761
5597
7782
5159
6178
7809
980
8751
8410
7245
8819
3368
6207
6703
6981
8743
4812
6609
4324
7753
4809
8187
5815
5772
7938
5765
8709
8261
7228
7299
6493
6073
8998
7995
4821
4121
3769
8039
7577
8961
8903
7705
4782
8451
5909
7492
8511
5433
6390
6355
6122
8008
8777
8848
8491
8482
6658
8589
7234
8654
6140
8927
3281
984
960
8670
4873
8499
8633
6624
6148
8772
8859
6211
5008
3235
7282
8827
7272
7720
6091
3587
8722
6383
8977
6850
5378
2062
3632
5825
6154
775
7619
5410
7121
6470
5787
4861
6458
4437
4911
1744
7583
8604
6918
7186
4584
5489
8892
5515
8910
4600
8864
6739
5117
8899
7204
5850
6927
5012
6970
8228
3608
8239
5146
8665
6395
6728
8699
6826
5470
8675
5723
8596
5134
6920
1003
5033
8695
7840
3377
3213
8807
1523
4658
6162
6550
7757
3816
4761
6114
7881
4577
4290
6521
8607
5926
2935
4846
3292
6686
2659
5210
955
4885
7160
2605
1046
4414
6562
5296
8392
6077
4177
8620
5729
7979
7130
6751
5611
3324
7099
7444
4366
9010
8616
6143
6318
6760
4941
6051
6509
8169
1513
626
1562
953
7789
5568
8609
6335
6650
2212
6957
7263
7888
7316
6132
4188
4552
2344
6056
695
5198
3882
8014
7484
6892
5101
2374
5177
7897
4632
6676
4984
840
7107
6446
266
3093
6223
7990
8795
1437
8943
1767
6906
8157
5556
1024
6669
4696
8914
7340
6840
3668
7892
4375
966
8745
6498
4166
7826
7878
285
232
5689
6832
7786
4161
5440
745
8625
6440
8979
8376
8336
4051
6314
7817
4076
8136
6630
3364
7502
5193
647
5413
3188
6404
8810
3863
7456
6591
2038
7171
3163
7155
6566
6203
1145
7192
3344
3615
3639
3479
8525
8612
8831
4238
3761
2434
8799
5840
8712
8133
5122
5097
8387
6885
2236
5968
969
1844
7748
5269
4603
5588
5784
526
8273
6568
2340
48
976
4162
3786
858
8388
5065
4194
8650
7135
5473
2227
8121
733
3869
6695
8600
6426
4394
6743
3370
7115
5936
5791
6684
7016
4936
4550
7831
6724
3428
4262
6513
3624
7011
6279
45
3420
4731
1515
8542
5965
4605
7101
5312
7038
7487
4024
3996
3751
3268
6536
4088
1870
954
5329
144
8865
129
8044
2686
7055
6000
6835
4840
5164
5017
7762
7458
1816
8813
8484
2173
5046
1907
6571
6242
3643
4830
8580
4391
8524
4945
3845
8636
8667
4427
7958
5581
1812
5742
7177
5202
3953
7189
4432
3875
5303
912
1352
5839
3431
965
3515
3908
6718
951
3210
731
7415
8629
5254
4686
1288
4066
7585
2300
3947
1281
3221
880
4837
2647
5521
5038
3438
6615
6803
6977
8689
881
4079
2318
6116
7771
6547
6662
3804
321
8718
970
659
5114
6348
4848
8131
4740
4108
6877
5662
4666
5628
6442
2427
3655
6408
7136
4246
6690
5139
3127
4688
4090
8915
7150
7812
3038
8057
3266
6378
3467
3379
6999
6322
7036
6473
6721
6413
7096
741
7250
3060
2457
5534
8254
6535
2159
2288
4171
4638
3698
7195
3799
5398
5952
6400
1676
2772
2704
2396
6862
6525
1580
8507
5498
3250
8866
5538
4081
6944
2860
1777
1193
5530
1408
8871
3334
3354
3653
4417
6294
7020
4369
2433
8531
7161
7743
8730
8574
6254
4709
6856
5666
6612
1575
1004
816
3913
4039
7254
6422
8194
3427
5693
2609
1529
7894
3417
5021
3434
6762
1612
4139
8617
7899
1788
7841
3604
3602
1476
4251
2912
5603
2436
4420
7380
2780
5808
4491
5182
6502
1911
6283
2631
5707
8920
3819
8462
994
1794
986
2144
5888
4765
5438
2824
3936
6816
5832
753
6942
7787
7034
888
3320
2442
3207
5558
5348
1771
7260
3478
4241
140
7481
7211
3489
5801
7706
6617
7844
7355
7843
6185
2241
915
8984
4923
522
5857
6791
6641
5443
6416
4897
6643
1111
6461
7142
5945
6031
4801
6932
5655
5569
1125
4748
5352
1864
7759
2404
2779
6902
5942
4273
2788
5641
1317
6276
6039
996
3113
6731
5291
8142
3258
1590
2752
5179
7820
957
4284
5404
678
990
6021
2745
870
4795
4316
5585
7139
1380
4368
8453
1804
3868
1135
2594
3387
6231
1507
6954
4404
5025
7566
6707
1824
2769
7311
7110
3028
1187
2478
5864
2371
485
5108
3459
4002
3854
4895
263
3780
6961
7815
3920
8614
2660
7713
5699
196
7698
3928
7944
7587
3707
3924
8840
4639
7445
8833
3263
189
2802
9004
8642
4135
1016
4178
1639
8009
2676
7627
4649
3997
7584
8853
3176
2897
5069
5900
2496
1120
761
824
4619
6155
8950
7044
6415
7845
4020
100
8147
5226
4229
1531
4814
1569
5809
2095
4818
6367
6290
3296
1076
3492
8526
4292
4811
4692
6370
4716
1652
2941
5777
8908
9001
8948
8191
5080
964
6436
15
535
1466
1876
4181
2073
7564
8268
3702
472
4987
2402
4947
828
2311
7334
2506
4515
5475
2366
6552
2799
8857
3404
3660
1404
3752
7766
6484
2900
300
188
6880
4486
8781
4849
7325
4901
3194
6482
5458
1020
5186
5548
6107
1060
4555
4703
6476
3871
1819
1472
5843
7934
3310
8854
1320
7222
2021
7050
1696
1057
401
4255
2617
3981
1006
2687
5846
5718
5315
3307
2415
5873
872
6974
7045
981
6503
5715
3646
5127
2959
3251
656
6896
7792
3349
4769
4191
2966
2981
4914
6985
5923
6273
5288
3010
101
7126
2310
2531
5834
3216
6708
3843
2826
1444
4865
6530
5151
6794
3714
5553
6744
2727
4482
3522
835
5161
2696
3795
3408
8019
1336
3963
2884
531
4235
3895
4086
2186
1295
3238
5705
1739
