item_recommendation
25737
7872
8093
7541
8327
775
7613
7697
8571
1513
8360
7914
8447
8183
980
8290
8117
647
7669
401
8225
5410
1003
741
8070
7437
1523
5515
793
1744
4550
2686
828
1562
129
5597
1907
2227
1317
5159
718
5742
5198
1812
5264
7560
2935
733
731
5489
4795
8154
285
1777
1507
8033
1711
984
960
5186
4649
2159
1111
976
986
2832
8403
1816
526
7782
48
6073
3150
858
8879
8056
266
1535
742
8253
4731
4658
1639
2212
888
1046
1120
626
535
7649
8661
2745
4830
1552
4654
5723
1099
8772
4584
955
8499
1515
2779
8410
4577
2243
7728
5008
5765
3324
3368
232
1631
2668
2605
875
1767
423
872
4262
2798
3133
990
714
5672
1525
778
2504
8743
7636
695
472
2128
8899
5275
745
3232
720
1145
4696
5177
7938
2761
135
2688
1472
885
4076
5715
816
735
4634
1707
2786
3086
8235
6091
1196
4246
2769
16
8003
8596
2241
798
1040
953
6178
4821
1870
474
3751
5288
2288
6684
2659
1739
7878
8684
6902
3889
8777
213
8699
2829
105
746
45
1721
7478
6918
1819
7234
2687
969
951
1363
2467
4600
461
34
5662
915
1852
1161
4740
1006
4765
189
5588
1288
1844
5768
2892
1526
4727
4638
1771
1608
724
1688
2815
6062
422
861
1831
1549
7407
3235
1076
1821
5033
2202
870
8859
1794
4111
8761
869
5498
1073
7619
1696
966
1437
2496
2770
8636
1750
8477
2155
419
2300
7802
1187
2801
237
407
2506
1497
6260
5675
9012
2427
5853
1030
121
8420
685
1783
2681
1286
6579
1590
196
802
3816
2415
4101
1020
6286
1060
896
6243
2741
1624
313
2374
3875
3753
968
1059
2385
387
2062
4414
1916
5087
7753
1500
3152
2248
1021
4532
8591
3211
728
5161
405
5312
6404
444
7293
522
2956
3377
4437
2976
5888
1017
5553
1504
482
753
764
678
101
4337
263
2327
3081
218
5839
5021
2534
8136
8376
1880
268
2399
6970
879
162
4316
1057
204
1779
1346
1024
3188
5346
1053
6154
4987
2282
1320
2730
4809
2647
1836
864
1580
1135
1010
2340
938
4861
8142
1652
1479
994
2780
5282
6294
2966
8522
4673
840
4612
970
656
725
954
1726
747
3821
2494
1209
2442
348
1453
2669
3854
2689
321
222
964
328
2600
5092
3604
2766
3093
743
4366
835
5117
205
8961
1508
2146
140
6678
2866
963
704
918
1388
99
2922
3177
1226
3042
1233
2715
2285
161
1759
1616
1080
2403
2074
1063
2789
167
2364
3147
1204
1186
3005
2596
3134
3068
2633
2215
5936
7186
100
8998
2470
2031
278
2982
5069
8819
3575
880
6000
479
7245
531
8977
5699
6513
7738
6509
2937
1501
659
2651
1331
4511
947
2186
5447
1401
1225
4632
28
2981
2582
2983
5729
3357
2545
5980
1970
6728
4920
4515
8207
6121
7147
2975
2753
5968
5053
981
2478
1352
893
4984
5473
2490
719
2393
510
1997
306
1635
3969
54
4474
4873
3194
243
1033
3358
1032
2959
5611
7254
3649
1004
8654
7583
2325
6797
207
2752
507
1730
5222
31
1667
1171
339
439
272
8807
171
5772
1042
599
8709
1218
2154
3281
287
1959
1909
912
3024
1841
527
2521
499
4680
5655
721
945
1103
6195
302
5909
2445
57
1026
360
1582
2021
1013
4162
372
5538
5684
2858
996
1019
854
2236
8838
2204
178
2318
1256
4524
5243
2173
2775
458
6436
2772
4349
4458
8910
7771
2634
998
2734
1392
4703
275
1951
2671
1366
2012
1304
2889
1347
2016
1984
2916
1356
1238
2918
3069
2244
1542
3148
2206
2565
1861
3070
3063
1415
3053
1180
1461
2920
2919
1237
3166
2810
2921
502
928
216
471
852
117
290
514
5055
274
47
2297
2429
2967
5641
1957
1788
194
4375
1569
608
4563
8385
1980
5710
8580
6751
8943
6355
7263
755
2917
2383
8665
6365
2441
2275
27
923
3522
201
5170
2120
276
4965
1733
498
1625
2200
3021
1228
3210
2439
6187
2219
7831
991
3019
1929
4401
785
2583
6056
804
916
6232
2799
6440
1325
2284
707
1192
4941
5815
5372
1410
5114
3163
4636
3284
5038
1373
8720
1215
1281
3388
4188
5556
4228
3213
1592
6826
71
337
3238
454
7720
2835
2107
420
4016
8848
1644
1948
8865
1049
6042
5375
574
8387
2462
1822
2793
5296
1184
374
5666
1055
1971
6803
7204
4537
5315
6318
485
7976
3852
3051
2546
6630
2481
2002
3071
1972
8864
1147
808
1197
4440
820
5795
26
1404
4923
934
2310
5518
1641
2620
4664
4282
4214
5638
1151
4823
5501
4674
5043
532
3520
5540
4516
5047
4655
830
5539
1264
3113
2630
327
4177
2683
687
1824
2986
1078
2567
1657
881
2178
2615
4179
5323
1612
3869
6985
2843
5414
1085
95
5134
965
1168
848
1419
780
1255
2704
3018
4801
198
2927
2696
6800
688
2203
6341
1860
523
2043
4149
614
380
931
1131
585
737
3127
7316
1236
7171
3428
6896
3006
3758
765
3106
547
5218
6207
8670
1367
5787
2039
1581
427
389
3360
5568
839
6547
592
3420
748
1365
3611
2366
4105
4659
2817
4121
1784
8620
2304
1047
3125
3146
726
8228
6760
8927
6835
1130
8388
3668
32
805
6493
782
671
3584
2531
3168
5097
3344
3479
9010
7155
3639
3615
4238
6566
5840
8799
8525
5122
8712
8133
8831
8169
3761
8612
8239
8609
2434
8392
2673
4911
2344
1095
5210
5735
3863
2897
7394
4161
5009
3256
5443
722
8629
1394
5
1689
4728
2342
2577
2912
2398
2581
922
342
3016
957
5427
2864
6322
2877
4603
5462
15
2347
6612
4263
5440
314
425
183
5752
4977
5302
4640
4662
5483
4676
4954
4333
5463
5637
5342
2570
5365
2407
5363
2611
2497
1839
1148
4782
801
4420
5732
2860
7208
4627
