item_recommendation
25737
8093
7872
8327
7541
8571
8117
8183
8207
7914
7802
8290
7697
7437
8070
8477
7560
7613
775
401
626
7669
828
980
8447
8225
647
6178
1003
8253
5765
6195
1816
6073
8360
1317
7478
5980
1513
718
6154
8033
8499
6211
8235
1744
4600
7293
916
8522
5742
5410
5159
2686
7649
5772
6091
8056
7728
8819
8772
960
3587
2668
2761
8261
8684
861
5515
2935
5556
2786
6355
8187
7932
1523
798
8403
7636
8410
8420
858
2212
8807
879
5264
6579
5689
8154
1721
1812
731
8709
285
6365
7245
5597
8998
733
4550
5296
1145
608
327
8451
3051
1852
3150
4440
2832
527
1472
34
8848
8167
526
7738
4911
1739
1783
1562
7272
2427
1608
1120
885
6077
6970
1870
2545
5839
6395
984
741
2506
8636
5186
6000
472
1657
5936
7228
8661
7407
2835
976
2159
8722
1046
2521
1507
3081
4809
8385
5888
5038
8879
5825
521
1111
7995
5269
5784
1907
2966
1059
934
2815
724
1696
848
5134
6493
7809
5729
1209
3377
746
4941
1020
2699
1788
196
2046
1363
1779
1767
2583
872
4658
5470
2504
5254
4366
1196
5177
5198
4649
232
150
8899
5718
2062
7753
6902
750
1053
793
4241
7260
5398
3334
5666
3125
1580
5443
6408
5815
3213
4748
7878
8777
7577
4088
2300
6260
7789
213
3368
2704
1973
2772
5139
7299
8761
135
330
2866
1076
5715
6658
8654
1057
6718
953
1777
735
7782
8003
419
348
1951
3936
955
5538
105
8903
966
5611
2155
219
5693
2687
8607
3489
1286
9018
8591
5768
8596
5675
5853
9012
8675
7817
2128
7492
4638
824
5315
1641
685
2843
5662
8157
869
1959
1147
1652
3408
638
6636
1688
3235
2600
5808
5787
1529
1453
2975
129
1497
2325
189
945
1388
3042
3147
1080
2766
510
2596
167
1226
2715
2215
918
3005
3177
2364
99
2789
1186
1204
2393
1616
1233
2403
1759
2633
3068
161
2285
2922
2074
1063
3134
5909
6422
704
306
507
6473
2227
2186
4326
1365
162
1707
1040
1218
3041
1730
47
1997
970
7121
1699
5291
5288
4945
4414
547
6318
2858
893
6751
5053
1929
8482
328
742
3420
48
1253
4703
2981
8670
5193
2178
1184
1549
2399
4782
3996
1841
4515
7815
2204
2581
900
8943
2494
1972
3071
2956
2429
278
28
2154
2546
7078
954
1130
2039
423
912
2043
312
95
5182
2892
5312
8699
6121
8604
8121
2634
1085
7899
7107
922
2102
3891
3343
1061
3155
3692
3682
1702
1860
4731
7444
2753
482
3140
3608
2014
866
4246
7099
2983
2582
3417
2769
372
5968
6568
1437
29
3016
6728
6230
753
4901
870
1095
405
6450
956
839
8629
2120
6547
2990
2327
2207
7282
2284
728
2946
991
5087
5926
2752
2507
1225
2350
1428
1804
1970
3066
5723
3292
3006
1077
4262
7208
7394
6383
6322
888
8580
1333
1032
2986
5791
4765
6294
1689
1449
707
2091
4380
1844
2779
2572
1750
1502
5218
2519
1515
5707
949
5323
84
467
875
8524
2971
2262
3593
743
5413
1104
6559
778
476
243
3281
6760
1796
4188
8720
7487
1639
460
8039
3804
8336
1784
1081
2342
1073
7101
376
1711
3232
6591
131
1066
1624
899
4740
2146
4076
5672
2241
7881
2820
3211
3133
6977
986
4273
5655
714
2864
5395
2688
6690
1171
2437
1444
5275
4284
7979
5795
205
7938
1535
287
535
4447
695
896
2696
362
990
4577
2674
1479
721
1125
2296
1504
950
2078
8273
4865
1476
266
337
479
43
5498
4923
1320
2827
2286
2149
1026
3007
1631
4101
7250
321
4972
5027
8781
6498
996
2288
720
45
3044
7254
6918
3176
1925
589
8633
37
2398
585
1099
4920
7115
5633
2202
5572
4162
3339
366
1101
218
1161
2801
1213
1831
201
5699
2628
5734
844
3434
7311
816
8136
8743
8376
1552
2745
8892
6414
1525
291
2090
4095
6446
250
7380
121
8147
5282
71
5832
880
2422
2243
2200
1866
907
2976
4821
6482
1033
7566
469
1834
981
1148
6375
5801
1667
2182
3128
3492
6415
1824
6348
4292
6370
7415
7990
2941
8908
4020
8950
4811
7044
8948
7845
6739
3997
6762
8044
6641
7584
4692
5900
5558
8526
7135
1518
5339
5857
1586
2134
2676
1023
32
222
4932
2498
6162
7619
1821
5433
4654
2669
8009
1582
5151
1036
833
6880
8142
504
3008
1018
580
1049
474
6404
4584
2534
1653
3324
4673
1981
8511
1916
670
1192
6084
339
2231
444
202
2248
864
2730
5304
8542
905
1686
3152
7177
5873
994
2535
4878
6541
2442
2424
4801
4432
8491
3173
485
764
2340
5170
5069
3500
1429
183
2346
7771
3819
6047
3064
6624
968
461
8008
802
4462
1676
6684
1297
1633
8808
892
410
4686
951
4458
835
375
961
3875
204
785
7307
531
3752
5065
3900
6155
4619
6530
3120
7748
6676
4399
2560
3223
1288
5224
7147
1177
779
2527
2787
2751
5033
6263
599
5799
6835
5809
2630
2439
6662
4135
2798
1078
2383
1991
6927
988
5636
1500
2374
1346
1197
1132
1150
5462
2152
5226
8927
1358
1501
637
1794
5285
3000
2282
838
8530
2118
5010
1030
3404
656
113
214
3238
1025
7186
947
2982
1041
3869
1978
6513
8275
2937
2236
1028
1873
6850
3560
259
3515
4684
4846
8576
3766
1728
6132
6678
4475
6279
6936
7340
5682
6228
6238
6250
7199
7934
4140
5404
6332
5505
8970
4175
5544
5450
2106
6323
4749
5506
5843
8957
2697
5694
4018
3476
5841
3771
3780
5846
3788
8853
5792
3835
5994
5995
3695
5777
6037
6051
919
920
3879
3679
921
3897
3673
3664
3661
8795
3943
1610
3618
5705
3992
5366
4745
6387
4403
6468
6476
5283
6793
6484
4459
5255
5231
4464
4465
8196
3326
4975
8363
7083
8544
8528
5057
5179
5114
5111
7139
4960
5066
