item_recommendation
25737
8327
7872
8571
7541
8360
7697
7613
8093
7914
1111
8447
7437
8056
647
7669
7560
8183
980
8225
8117
1562
1523
8070
1145
1120
775
7738
7636
8033
8290
1816
7407
4262
4873
8684
4290
1535
1767
6073
3232
7478
953
1744
7782
7976
1161
8385
7293
7728
8522
7802
6579
8154
405
793
960
6493
5597
2227
8253
1711
7649
828
6850
3751
7394
5159
685
401
1777
8751
8410
8420
5264
6676
6195
7245
8403
2935
7222
2605
5553
1652
7171
6395
2779
861
4584
8235
955
1552
2741
5177
5458
6856
4920
1482
7130
8596
678
1453
5489
9018
4550
6440
3133
4486
8879
4709
232
976
6498
818
5980
7932
5515
1707
2504
5765
2745
2243
1404
5909
858
6091
8772
864
626
1726
1513
808
984
5723
7720
6365
2219
714
8499
4696
5410
8661
2203
7121
387
1631
1507
733
6341
5288
5699
5008
6412
6355
6800
966
6658
5662
6918
4076
659
3643
798
1783
805
6582
7583
1437
526
6906
8743
1433
7263
753
8777
8650
3368
2310
8810
4821
7254
1029
3150
2231
4194
2686
8699
4166
1277
7228
2467
1053
6877
6643
1657
7938
4984
34
5137
2959
4782
7195
8167
7753
656
6985
3235
144
2159
5684
1779
2173
2681
1819
3185
741
1907
1941
4658
5250
7215
4731
731
4911
2769
8848
1264
5534
5473
7204
1320
1771
3188
8977
7878
1317
1900
3863
2478
8927
1030
2062
5198
360
2615
6636
8008
4014
1812
1057
1234
3668
1831
2386
1076
4600
4437
6547
5628
872
8761
2212
1073
745
8511
5742
4515
6290
57
7282
48
1003
4169
3129
3086
7234
8892
695
1049
2128
912
1791
6561
6154
915
121
1236
6669
266
8636
8003
5588
6140
6832
5715
4316
661
6571
1746
3152
1497
1196
353
6000
1608
854
552
4830
3869
1549
92
3060
1739
5729
599
709
16
813
6166
1209
2786
6628
8899
650
4366
7347
5772
8477
7619
129
561
2445
1382
1361
285
8451
6806
6863
7827
8362
5947
2268
132
4886
7444
1240
5853
2236
195
3281
5498
3816
1042
954
7995
1100
720
1515
888
1686
522
3456
8136
6458
8943
7757
3819
189
8376
8604
8169
2427
2956
990
2506
6178
2241
5186
4121
4139
1701
1422
2200
1024
1046
8859
2300
1880
778
4246
891
8961
2468
1310
707
8616
6373
2031
6522
5233
2669
3900
2282
4577
1665
2659
6422
1201
2149
1419
7016
1891
6056
8695
2415
719
2496
4168
513
996
6970
3190
5538
802
540
6404
140
1931
4148
4885
1480
1215
1099
597
6552
6260
8591
5675
8580
2832
2180
3831
2344
541
5899
994
9012
5768
419
6902
4177
4458
3875
4849
6305
951
801
3093
2275
4673
1279
765
1493
564
4895
427
1253
485
2513
3700
893
2130
5038
4649
8524
718
7831
391
548
287
3213
4552
7840
8998
324
8607
2668
2801
1027
1788
2877
5913
4114
8807
6718
696
472
1243
1472
483
2481
1870
1060
1827
2706
4936
3632
1135
7439
5033
1114
2687
8709
614
6276
2013
3338
2647
3238
4414
1246
844
5433
2565
1717
45
1391
6690
885
8207
6452
5222
5808
3168
463
2855
2390
3457
5210
1171
4927
10
2318
5117
2761
8633
1397
2396
4051
577
1006
986
870
1667
1883
1852
910
4296
721
4632
8387
3015
1168
1957
7186
2889
2244
1304
852
1180
2016
3166
1461
2206
3053
2921
3148
1237
3063
1238
1861
3069
3070
1415
1984
2012
502
2810
2671
1356
1542
1366
216
2920
117
2916
928
1347
471
2918
2919
290
514
535
2297
8228
5611
420
272
2734
2967
1392
1866
1036
2462
3019
1580
458
6920
194
869
1059
1373
4162
6768
105
2327
1008
2917
2794
1592
3474
4391
7036
423
5069
178
5282
3292
4727
4432
969
3804
2981
2893
3066
8819
3072
1255
1938
6706
5936
2002
8044
1256
3324
3441
4483
4508
6721
5548
1325
3798
620
2202
62
804
1844
181
3421
198
3895
2385
3111
4101
3018
558
1848
617
1132
2
574
2606
3207
1463
735
3021
4462
4035
653
2397
4738
18
2372
3354
708
5558
435
4634
4146
2304
4638
7352
4809
1103
8392
8239
9010
2168
7135
6367
6035
5319
2536
1575
6390
1940
3320
4881
3057
4703
2447
2835
6803
8720
728
5214
2438
4312
1431
2401
1281
2780
2107
8491
2153
3777
4188
7502
879
881
4603
849
2822
2798
2656
4772
5941
7236
4155
2400
1639
1007
538
1021
8864
8620
8865
3723
3146
963
4765
6436
8542
8654
1569
5395
2624
603
690
1275
2770
5787
6322
1449
230
135
1501
3608
1500
7762
981
332
2103
349
1353
527
1345
2490
8261
840
1876
1629
7340
5021
2204
1460
573
1217
4375
6509
1864
5619
4181
6684
7055
1101
2748
3142
7419
726
1840
2966
1970
1165
294
5053
5803
5164
2366
875
1532
5285
4681
5617
4740
8133
5122
3639
5840
3479
3761
8799
8712
8612
8609
2434
7155
5097
8831
8525
3344
8910
6566
4238
3615
1963
7748
1916
303
1010
2186
2897
3593
4111
186
761
4161
4401
2616
3989
5732
1376
8589
5017
1969
1641
3843
3885
6051
1804
1640
488
3243
2374
3481
3979
1241
4009
4012
4010
4053
4011
484
6303
8388
1193
5470
942
184
4143
697
2912
1837
6957
4720
1363
7346
441
2692
7411
1267
2181
490
4654
5101
5151
816
964
3602
1798
1440
2815
6077
5107
3067
4477
3754
326
2892
4210
1980
1464
2248
5815
196
7316
2252
7759
5839
8722
2938
880
3428
1105
5926
1257
1020
8482
916
2197
4878
575
8014
5046
2617
1733
4555
1329
4686
970
8194
5025
7815
4079
1794
4941
8730
8667
5475
316
3165
5585
3660
8039
262
1181
1004
156
4923
5383
1663
7381
3171
279
1295
6751
3431
1934
7022
7415
1504
2237
137
1582
342
2856
3316
3655
941
3438
2709
5434
3334
2398
1017
280
1839
764
667
