item_recommendation
25737
8093
7872
8571
8327
7541
7697
8117
8447
7613
7560
7437
7669
8225
8253
8360
8290
7914
980
8033
8070
8183
7636
7782
8403
8420
5159
8154
8522
1003
8899
7478
8477
6091
7649
8661
8743
3232
8003
8056
7728
8772
5515
7938
6918
8499
7802
8385
5723
3368
8596
7738
775
285
8859
7753
8235
266
5597
7234
2659
6826
8410
5662
5117
5264
5909
695
7186
5008
960
5186
4941
969
4740
5611
2288
8207
6365
5372
1513
731
48
2374
2780
8819
6154
1907
6728
7878
1288
4731
7293
3324
858
1515
4550
8961
8761
6970
6760
6178
745
984
3281
6751
3235
6902
3875
8376
8136
6609
8654
6355
955
4821
45
953
7407
951
733
8665
5899
976
8684
8709
4076
6073
7245
6260
1744
8589
535
8998
1777
8633
1046
2062
8670
4761
741
6835
647
6318
8636
4795
3816
4584
6559
5742
8879
5839
526
2769
5288
5815
5853
5936
4366
5768
5715
626
724
1812
5296
970
6223
6579
1006
880
8167
7831
6630
5675
9012
8591
5410
6676
7263
964
232
986
7809
6314
7705
7394
5968
1523
129
6294
5765
1844
4577
101
6121
4801
2212
1024
1367
6521
3188
4437
1870
5980
5729
2300
5198
8777
4427
4414
2340
1187
954
5312
4809
7204
6624
4162
1352
3854
263
4923
472
4432
4873
3417
3377
4765
6748
7619
7786
189
1507
8462
1767
5888
6116
8699
2154
4316
3869
6513
6143
4658
8268
4649
8580
888
4901
966
7976
3093
3668
3127
1816
3113
7817
725
1624
4830
2688
881
2772
2407
1053
5161
7208
3799
5693
912
5641
3604
8008
2496
2605
4984
485
8920
6832
5329
659
1531
7299
2937
965
8977
8720
1209
5699
5012
401
4686
4782
1013
5655
5365
8751
7107
4255
4638
6892
7888
7487
840
6612
7254
6440
321
962
990
2173
8910
1012
522
6568
6000
2798
6530
2236
4079
915
2982
6636
7748
1771
5625
3428
7272
6803
1021
1057
2687
6550
7038
8607
4417
981
6718
5489
8629
735
7099
1004
957
3028
4440
5752
1042
7171
5282
31
1317
1060
5834
8147
6207
2660
1437
5568
5226
8807
6744
7894
2793
6932
4016
4188
9018
6243
4121
6774
994
6684
8833
7944
4639
3263
7587
7445
8840
7698
3924
3928
3707
963
2935
3359
498
4251
2799
8642
998
5926
6798
8142
961
3238
6739
5832
7771
5055
2546
9001
5291
3632
8039
5193
8827
4936
6322
2004
4391
8187
1508
8524
6493
5710
4228
5053
2442
2647
3702
3387
4153
4976
5952
6047
2775
5498
8781
3218
885
6498
6885
8689
3804
5139
5275
6547
7078
2976
4404
3795
2801
8453
8482
3176
4171
3759
5795
3307
870
4262
5473
5891
3819
947
7316
4727
7211
4833
8848
5735
2241
6706
6404
3889
864
8943
720
6390
5214
3845
6464
4420
5080
6985
3996
4920
5466
5732
3758
5017
3210
3199
2347
15
6896
886
3489
9004
3584
6840
5033
2860
1017
6862
8604
2730
6436
3402
2318
4846
7792
5134
6591
4312
1702
7757
1562
6375
2415
6535
6562
205
8542
1834
5810
5666
3125
5177
8768
7346
1581
5801
5323
1059
2478
2473
7577
3714
1472
5940
6703
2617
6920
6762
2120
4987
4680
7126
1125
4045
7932
6225
8574
4101
7822
2548
5850
7311
2227
8640
7990
7415
2183
3173
8984
1676
8927
7502
3194
5440
872
7720
1824
5164
3693
4696
6658
8695
1019
6195
5285
7096
1590
2248
4844
1030
5443
1696
4401
1980
869
968
5585
7380
3575
6777
1636
5857
5672
7881
7135
6103
4477
1047
2609
8484
5588
2186
8838
8044
5254
7034
5038
6242
4861
5449
6422
1020
4895
6509
2418
2686
5243
2581
407
6377
1739
5689
5170
2427
3522
6021
3611
6768
1839
6963
7357
1831
8914
2981
1192
6887
8228
7260
1040
1281
8614
7764
5363
7419
6077
5684
4980
7789
93
8882
6800
1819
4098
785
2983
2582
7897
3882
5398
7198
8507
3500
2082
6641
5971
5572
1161
196
5021
1132
5203
6850
4450
2956
5558
3420
8620
3251
5923
100
1295
8157
7481
5400
5001
5056
8966
8828
5003
5577
8835
7235
7919
8949
5004
1617
5034
7309
7947
8921
7791
5670
8955
4929
5517
5462
6743
2534
746
7228
2513
492
2078
1690
6977
1330
4241
3334
3936
1104
1750
5413
1225
1026
2531
3997
2696
3157
6731
656
7584
8451
8009
8387
474
5378
1394
5667
5686
5680
5678
5685
5696
5373
5401
8275
4834
2458
7282
5604
5530
3492
6348
3268
748
7566
6584
4246
4292
7044
4811
8908
2941
8948
8950
8526
4020
5900
7845
6415
4692
6370
7160
2433
7012
6827
1438
6331
3649
2184
6645
865
6140
8123
274
6695
5433
7995
8865
5836
6132
1135
6286
218
2621
4911
4428
743
3445
2829
8366
5825
4605
2668
875
3213
5210
7017
4300
5796
8785
5826
3499
3497
3491
3284
5847
8985
6852
6851
8672
5002
4889
3825
4104
6754
4994
6732
8423
3654
8610
6432
4832
3957
7063
4677
8197
8582
3160
1336
1525
7743
6650
76
4263
2383
5419
2394
171
3456
3608
8864
2897
5218
3256
5375
3860
3207
6791
6686
6470
6105
7702
5736
8372
8371
5700
8130
8138
8158
2640
5746
6060
7153
6342
6341
8872
5690
3587
8576
5075
3752
6966
7484
3408
4498
2441
4963
1476
5808
2118
5304
3805
8625
934
6234
5458
5346
973
6035
2912
7379
5745
2009
7840
1517
3540
8638
7189
4600
6678
5356
6114
4999
1876
2385
5165
3656
4840
1429
5569
3086
1145
7315
996
2752
4290
8854
2892
5809
2570
3241
6880
6446
3351
6782
6230
1569
4532
3357
4878
5703
893
861
4718
892
6148
719
4945
2366
5151
3096
4105
4511
8903
3851
6408
154
2090
3388
6232
2689
2038
916
6927
6296
2346
1078
2622
6957
7979
4033
5518
5470
844
8492
7180
5009
3560
2880
6283
1783
8530
5199
3159
5965
2639
5873
2440
6383
499
3508
2900
5734
1518
144
2497
2404
8808
6981
5085
