item_recommendation
25737
7872
7541
8093
8327
1513
8571
775
8117
7697
8183
7613
980
8290
7669
8225
8360
8447
741
7914
7560
7437
8403
731
5515
1003
8070
5159
626
7782
6073
8033
7728
8772
526
858
1812
8207
8499
6154
5742
1816
5410
7636
1523
1507
828
733
1515
960
735
6091
8596
5765
1657
5662
1777
2668
8420
1744
2686
8003
7478
1907
401
1739
745
746
2101
1317
8410
7878
4600
8253
1580
976
8899
7649
6260
8154
6902
6178
5186
893
724
5597
5008
2769
5177
8998
8636
5715
1046
984
4550
6970
5729
8591
5768
8522
9012
5675
5198
5723
5288
5853
5264
1639
1870
8661
8743
6918
7938
720
7802
6579
869
8777
8477
955
1053
934
6355
4740
888
4731
1652
4440
970
872
6718
953
986
3232
798
1057
2912
2227
8580
2212
2798
2186
5282
1288
8376
232
7407
8385
2398
5772
5312
3324
8136
647
2761
6195
535
2300
7293
4076
5936
5689
1020
969
7245
8848
285
4366
5839
3875
1624
2659
1771
3235
1006
695
1831
7738
7753
2815
5275
4658
864
964
2935
8699
5038
8720
2772
129
1042
725
5398
472
2687
1026
8859
8943
8879
7234
4584
4795
990
1021
2605
892
485
2513
266
1472
2835
2956
994
8235
5666
1562
2342
718
3368
1608
2496
5808
1767
2937
5815
2832
8056
6121
2982
48
8709
8807
916
3334
5909
1688
2688
2801
963
2546
7254
4821
6493
1120
5489
4727
6294
1721
2504
6404
6751
1060
912
885
7204
915
966
8629
1497
2786
968
1641
1699
750
5655
951
5254
6498
4437
1852
4241
3051
3238
839
5443
6547
7171
5980
7260
3489
2892
2062
105
5323
1004
1696
3936
743
5139
7282
2383
7831
2288
6436
8819
1030
6676
5693
8768
2082
5134
2200
947
6835
189
3408
527
4765
2154
1111
833
4941
3608
8761
8684
1041
5968
2983
2582
954
656
1437
961
870
4782
1819
2241
6530
2120
1750
5672
6047
5795
875
2741
5611
6408
2159
2183
4262
6513
1783
5641
6728
3819
327
2981
3081
8589
832
1078
6422
5710
7078
5033
3188
4153
2427
2347
1147
1525
1040
957
6341
719
1059
101
8261
5193
1036
2440
2385
5752
8607
2696
879
1909
5170
981
8654
6803
3125
6684
3587
786
742
5699
5291
1822
5296
1501
1125
4095
5572
474
1500
2481
6706
2976
1582
4649
7888
608
2669
8142
4809
5365
3500
3377
1145
45
824
2399
1363
880
5053
3751
1508
6760
8524
205
1876
2521
4696
4923
4188
4984
2506
5834
5285
5732
1453
5363
7394
748
6035
2548
2204
5400
6768
1008
2155
1018
7771
3417
2545
7757
528
4911
8781
1192
7186
3900
6000
2651
2975
3140
6375
726
5055
7786
5625
4976
7272
3150
1047
7208
2340
848
6774
4101
6103
522
7419
3093
881
5735
6365
7822
3284
6211
6322
1702
1132
6314
3889
1873
3758
6331
7346
1032
2407
5117
4432
8640
1951
2766
1037
4016
753
8147
1104
2473
793
3292
5462
2236
6963
3816
2118
7919
2039
8275
3211
8542
1970
4162
4945
6896
2494
4878
8187
6395
7748
2600
8366
5243
4830
4980
6826
5940
6800
6887
2441
4680
5413
3281
1150
6645
2184
5684
3851
2134
865
1959
8961
2572
2993
2415
2770
8838
1609
5182
1024
5161
5114
8672
5466
7198
2689
8670
6432
4300
6732
4929
8949
8123
3654
7063
3497
5401
5034
7235
4104
8610
8828
5056
3499
3957
8921
6754
8371
5003
7309
5826
5685
6060
5696
6105
5847
5746
5836
5670
1788
8665
4801
6658
2439
2596
938
8882
5518
8008
8451
1187
8966
7702
8872
2640
8985
8197
2046
5470
816
1759
8955
3656
2780
2633
1581
4312
4638
213
2866
4477
1476
4450
7357
861
5002
8158
7153
4889
6584
5700
8130
7791
7947
4832
6464
5001
3825
5736
7017
5796
4677
5690
5373
5667
3611
5577
5678
5680
3491
5004
5686
8785
6852
8582
6851
4994
5517
6342
4834
721
162
6077
3854
8423
8372
4612
2699
5473
4105
8835
4901
3177
3042
1204
1186
2789
3134
4577
1617
1233
1226
3068
1063
3005
161
2922
167
3147
918
998
306
2403
1080
2715
704
2647
2173
1388
2393
2364
6630
2074
99
2285
2215
510
1616
1010
6985
1013
4999
3096
2325
2438
7720
8638
7012
6232
3173
1672
4967
4920
3584
1225
516
1730
8138
3241
1572
4428
1209
6286
218
4420
1997
5787
6318
5832
7619
3456
1660
7881
507
2231
5085
8604
2897
2764
659
3307
6568
1218
2327
1690
1860
1184
6470
5203
2374
3495
2090
2829
2583
785
8462
2043
4263
2966
8387
2534
1640
16
1429
4316
1281
3155
6533
47
5588
2843
2858
2318
6591
1518
2248
6827
3152
278
5556
3006
2442
2478
1631
196
2202
2654
2507
2500
4532
2207
32
1686
1980
1504
6296
3996
2429
5498
4246
728
8722
2793
8239
1084
2709
1493
6636
3359
1095
8977
1196
3604
2350
937
4873
3759
973
1805
531
3668
965
5888
4033
2567
7121
1367
4833
5857
5419
1085
1346
7789
6450
3420
4893
1130
2730
95
4326
3071
1972
6279
2366
348
1689
7705
5395
2753
3338
2577
6624
1841
6225
700
547
5210
1929
2799
4079
8865
5418
6509
6932
5504
5218
1916
8689
8633
2146
8910
6678
4979
2752
1428
2802
2428
337
1973
2634
7316
7817
4963
3753
1636
3702
2009
1014
1556
419
3891
3692
1061
2102
3682
3343
7263
6290
996
6559
2335
3127
1866
991
1056
8121
460
2178
3402
4171
1941
802
1393
550
844
113
4380
818
2621
3632
2573
1017
2925
1834
3016
2827
1676
8042
866
5926
3194
1433
1647
2425
1482
3869
2986
3575
1286
2581
1549
6368
1531
5135
3766
4404
5440
2774
131
2368
183
2775
1012
5846
4490
6440
1028
6703
3452
5784
4447
4686
5202
8914
6977
1148
2990
2946
5718
1358
4914
1035
8576
4414
6739
4996
2396
4981
2284
4298
2674
747
1245
5553
956
1352
