item_recommendation
25737
8327
7872
8571
7541
8093
8447
8117
7697
7437
7669
7914
8360
8290
8183
7560
8225
7613
5515
1513
8033
7478
7649
8403
5597
8253
8056
5489
7636
5410
8772
7728
7802
8070
8207
7394
5159
7407
5765
6073
8003
8420
8385
7878
8499
6178
7782
6154
8596
8167
5742
7738
8998
8154
5177
5662
8522
6260
4696
8636
7245
775
6579
1523
5186
8743
6918
6355
6091
8848
5853
5282
8580
5715
5288
8684
5675
4727
4740
6902
8591
5033
9012
8899
741
5198
4795
6365
5768
4600
980
8777
5723
6493
5808
3368
8410
9018
7976
6498
6751
8751
4121
6850
7171
6559
4830
6760
7932
6970
8235
4658
3232
8807
6404
5980
8720
8607
6676
8136
8376
6547
6636
1639
5968
5008
6658
5752
6835
7938
8477
7831
5729
5275
4584
4414
6748
6957
7204
8943
5699
7293
4550
8524
6195
5815
3875
5312
5264
1120
8542
5689
2605
8589
5588
5836
1562
4731
7234
7228
4076
6375
8827
8699
5473
6294
4680
8961
6121
5666
5611
6718
8879
647
5038
8142
7771
6341
6896
3489
4873
8451
8670
6609
5936
5114
1507
8511
960
5518
731
7840
1777
6513
5323
6826
7263
5161
8008
5398
5839
401
7254
3334
7919
3936
4241
7260
8661
6422
3854
3608
3819
4612
7705
4686
6803
735
8147
4391
8261
6684
5641
8629
5170
6408
5572
2769
5625
4920
6140
2912
5462
5655
5433
5254
6279
2696
1870
5684
7958
7186
6242
7822
6436
5710
7809
5017
8859
5203
5772
1317
5443
6832
869
2642
5672
1111
5909
3870
5139
3235
8768
7888
8039
1580
3324
3845
8604
6768
8745
5021
7753
1515
8761
5291
7121
5236
6568
8709
7130
5940
3656
2513
6395
6800
7272
5732
6047
4440
1711
7995
1046
4782
5427
5795
4033
129
4878
6440
2956
8123
5400
6706
5466
5363
8838
6464
4153
2062
6920
3420
8131
8835
5182
4552
4605
4765
4316
3377
6887
5012
6724
4976
7419
5193
4016
6728
2779
5055
4636
7357
4967
6207
7444
4634
1003
6056
3575
4246
8640
4524
7282
4417
4051
6669
8482
7346
8665
8882
4101
3758
7078
8819
3284
5377
5735
2200
5483
769
8366
5053
2496
526
8275
5034
5685
5826
6331
4929
5003
5002
7160
864
6624
6035
892
986
3816
1805
4833
4941
5210
4312
5693
2659
4450
5670
6105
5401
8610
3611
3491
6963
6584
5285
4300
7198
3825
8371
5001
7235
7947
7309
8672
3497
3499
4889
6342
3957
8921
6432
1617
8828
5746
6060
5056
5696
3654
4104
7063
8949
4677
4832
8197
6754
6732
4821
5222
1631
745
1145
4290
6645
2184
1816
2107
865
1931
7492
5700
955
4659
6132
2227
8387
733
6470
4333
5463
5342
5637
5302
4954
4662
4676
4977
4640
3086
4728
6927
8675
2686
1819
3173
3851
4627
3281
8423
7017
8582
8985
5847
4994
8872
5004
6851
5686
5373
5577
7153
5690
7702
5736
2640
7791
4477
5667
5678
5680
6852
5517
5825
5134
4519
3871
5304
626
5796
7299
6743
3522
4614
4420
5265
5364
4761
3285
1733
1352
7012
8650
6827
8785
8158
8955
8372
8130
8138
8966
6774
3338
3388
875
4428
4834
6296
3241
1771
5243
4923
3096
3402
3759
1535
6234
4980
6143
4999
8638
5117
7208
8810
2935
5365
6533
969
5085
4902
8491
7577
2212
3194
7881
5346
695
1657
3843
3604
3495
4095
5329
8187
5891
1410
2681
1047
2236
6892
1739
8191
5504
6290
4645
3359
6550
7619
3869
6322
861
1909
472
3238
8984
1060
5419
6103
1192
1404
2832
2722
828
8654
4105
5585
1752
1288
2609
7107
8808
4263
6562
5458
5440
1831
1794
6530
8864
6571
4984
6383
2668
1076
7502
4437
285
8977
4936
4366
7748
953
8903
7990
7222
7481
6521
5470
839
4401
4809
321
6840
5341
6148
788
4945
8892
4490
1161
4432
232
1508
4706
1057
3574
840
4925
1382
5009
4861
2860
3889
2473
7195
2365
5498
6690
5942
2340
6739
2546
4911
3500
2490
7764
1024
3292
6114
2983
2582
3142
6856
4462
1552
966
1873
2774
7250
6944
5553
1437
1767
8781
5135
6051
4846
2993
724
2441
8576
5850
8865
888
8616
1750
4801
4901
1499
5413
4979
2347
6877
4079
793
8795
1287
6985
6390
7786
8014
984
4298
893
6225
6643
3587
1078
2243
3882
6211
8462
3804
8332
990
7456
1744
3766
720
6650
954
7340
3188
6276
4531
4139
2959
8979
4649
2183
5418
1980
6318
2186
6077
1788
1187
5422
4914
2241
994
2188
561
7115
6232
6314
1041
2548
6862
8157
1525
6162
6535
1590
5319
8121
3093
7484
2318
4375
1812
7826
1627
6203
3632
387
4108
5313
2798
5164
2197
4577
6093
4981
4262
8722
6368
2009
1049
474
832
7022
2745
8239
1320
3221
3983
3133
2003
1147
3668
2531
8790
7979
2118
7757
2481
2231
4771
5464
8695
2801
2504
3113
6031
8042
2892
4532
4229
4996
3996
2654
4228
6254
3408
3163
1844
5787
3354
2360
5832
3417
7720
135
2090
2159
5600
4273
3152
4086
4735
3643
8689
2772
5080
2415
7091
6367
7189
2445
4956
7379
1329
4284
5241
6721
6286
7135
2567
3999
3213
4177
833
3753
6116
1652
1641
1479
7817
8507
7583
522
2976
6671
6999
963
5025
6678
5534
8392
8194
300
7011
7096
7789
2120
4194
8914
3031
3307
2383
7892
6981
6426
786
7089
3649
1453
2688
6630
1030
4081
3751
3127
6612
4963
2300
824
2467
7894
9010
8169
3210
947
8910
2835
5438
4885
6243
4188
6879
879
7016
961
2189
5971
7311
8854
3964
8600
976
5628
6552
737
4840
1056
3254
4774
5387
6582
7352
4895
8453
3626
3370
3239
8273
3445
8633
1690
2031
1686
5556
1907
6591
8920
1021
5101
2492
2374
7206
1084
5151
2497
4399
915
747
2278
8620
1753
6021
3268
1807
3207
2088
2282
1826
4482
2458
1476
8730
4987
6906
4359
6412
3452
7458
1529
1365
7773
3687
2283
4389
1331
6628
4968
7034
1864
816
5791
5947
