item_recommendation
25737
8327
7541
7872
8571
8447
7914
7697
8360
7669
7613
8117
8253
7437
8056
6365
7802
8033
8093
8420
7407
7478
8070
6658
7560
8225
7738
7649
4584
8183
8522
6850
7636
6918
7394
8684
9018
8235
5980
6559
8751
5597
7976
8290
8385
8207
7932
7228
6669
7263
6636
7293
8167
7782
6650
6178
6195
6132
8154
3232
4121
8003
8879
4920
5433
6140
7130
6974
7728
3281
8039
7840
8261
7245
5193
3804
6294
5159
5723
7204
3668
8511
7995
8477
5534
6832
7299
4873
6826
7577
8745
6721
6021
8772
8848
6579
5264
6609
5012
4552
8827
6927
5611
6806
7753
8491
6454
6493
8008
7121
5134
7809
4366
6091
7705
3368
4911
8604
8977
6148
8810
7619
8661
7034
4941
6484
7282
4577
4709
6840
7720
8961
4782
6892
7938
6162
7160
6884
8743
4936
7481
8403
6676
5825
4809
7492
5878
8695
6355
7171
6877
5117
3816
8616
8451
8169
4821
4765
6207
4414
4166
8998
8665
6073
5850
4605
8014
7444
8574
5864
5151
6458
6748
7186
4984
5765
6803
5772
5473
4840
6422
8864
3235
2605
4901
7583
6446
8607
4081
5008
6273
626
8859
6718
4135
7748
7022
6322
6031
980
6624
4761
8777
2659
6318
5146
6476
8239
4066
4194
6995
6143
6552
6276
6509
6957
6690
5210
8482
7340
4686
7040
6166
6440
5380
6722
5470
7222
3686
8650
7757
4162
6498
7881
6856
7878
8943
4246
7502
8730
4945
5703
5101
5033
4658
6970
8903
3324
6703
8979
8675
5923
7458
2626
4666
7888
5017
6242
8121
5787
3060
7897
8589
6906
3349
2062
4846
5699
7250
4417
1844
4925
8722
6564
8194
6426
8914
6950
5729
8157
7958
953
3188
3377
3908
4885
8761
3712
5707
4177
6695
8819
6404
6643
5489
6920
7055
5458
6582
6154
5521
7147
3420
3163
7272
984
7946
5515
4051
5498
7786
8524
4205
8362
5947
6863
7827
2268
659
7190
4886
6121
6760
5046
5628
7979
8699
954
6743
4437
4188
7892
3216
7456
7372
6383
8191
2780
2374
5202
8892
3588
6329
7762
6735
6231
2647
7016
2180
6416
3515
6638
8927
5021
5903
8807
5329
7743
8596
5387
6460
7234
6059
7376
3108
7369
6114
7579
6537
6064
3946
966
8410
8507
5025
8709
7192
5177
8499
4039
6211
3213
5128
5568
7354
7195
3643
6314
8797
8783
733
8609
5564
1003
7787
6686
7258
6728
45
6157
7381
6290
4515
3033
8871
6000
5477
9010
5095
4600
8813
3845
3427
7820
5952
8629
6684
4369
6961
2599
5125
6550
6999
4000
5395
695
5734
4200
8910
8136
8376
1531
4148
6436
2288
4632
7439
5843
8899
5833
711
4290
4375
6400
7627
8700
7585
5985
4801
3474
4696
8187
955
3457
8392
7211
7316
3467
3038
4090
8915
7150
3266
4688
7812
8057
6378
4848
4731
7136
7303
4228
7142
6051
6571
8254
5413
8625
8718
8795
4173
5440
5102
3953
5312
4076
6591
6473
3698
6390
5581
4101
3250
4602
129
6339
3417
5909
5662
1408
4861
6615
3875
5372
5438
8531
1437
8866
1744
8462
5478
5127
3093
6395
4355
2144
3428
4048
8984
6012
753
4550
6254
6198
775
4391
4491
2344
7161
4384
6566
8799
8831
2434
3761
5097
7155
5122
8525
8620
8612
5840
8712
8228
7826
3799
3863
8654
7352
7025
5965
8388
188
5603
3653
3869
6107
5619
2935
6182
2236
4927
6944
5569
5742
3608
7073
7062
3292
4649
4427
6930
5655
7315
5932
4086
6003
4178
7894
5186
5348
4168
3219
8617
6237
3895
1907
6203
4610
5556
2772
647
6536
232
3344
3615
3479
3639
4238
8133
3622
5548
971
5808
5271
4161
266
4740
2676
8580
6521
6940
1161
5304
4690
4603
6879
3632
6230
48
6630
3718
7038
2333
4849
5588
2318
4262
4270
6279
7371
976
737
8600
4142
593
1819
3310
5096
2870
7036
816
7238
7196
5088
5779
5830
4887
4024
8622
4002
3028
6870
6751
5065
8670
6954
720
5745
1352
1209
5161
285
4558
6932
1248
5298
3354
4108
5689
6039
2704
7487
3173
1466
4181
6724
6816
5791
7334
4555
6612
8643
7484
4830
1046
6357
4304
5917
8854
6898
3854
7212
4321
7926
5538
5859
263
2997
5942
6410
2897
6628
4482
8790
4795
2631
1804
6516
8808
4342
5795
2709
5108
8636
731
6902
4229
4857
2932
7177
1535
7844
7355
7706
6283
7843
6617
6185
3906
5141
2506
960
2154
858
5074
2394
3685
3553
965
2167
5038
6513
5522
6525
5164
8667
990
8387
7448
6367
5784
5269
3981
6116
6244
6562
3434
2212
1839
3671
3587
1870
4255
2176
4171
1862
5899
4146
3983
2073
1523
5214
2894
6213
824
5926
7771
2624
4865
8833
3928
3924
8840
4639
7944
3707
7698
7587
3263
7445
3320
3970
5198
5633
1193
2660
5410
6530
6056
4691
1288
4267
7254
5618
745
2959
6303
427
1640
9001
5971
8642
299
8142
4155
6862
7934
6800
2371
4316
4226
2577
6480
3809
6197
7766
6442
7011
4088
3127
4661
2346
300
1336
5080
4836
3999
3431
1513
3194
6218
4031
4420
6243
8341
4608
3199
6084
5069
761
6993
916
3882
3975
6739
3190
5434
4114
8336
6822
6867
522
2620
6502
3710
4079
4897
4816
6223
274
7135
4895
5828
7348
2310
9004
5247
2396
7325
3780
3156
5250
7215
2609
4060
1472
7841
1575
8453
7817
2860
4537
7008
6047
5121
8273
3927
4720
6858
7126
5018
1580
5968
2594
3251
2531
8865
4153
8484
7311
6062
6713
4486
7139
3217
8768
5891
3218
6985
6247
5075
1848
4837
3441
1015
1024
2887
1812
3351
3810
3296
3380
7020
321
2407
5600
912
886
2038
5275
4703
4987
818
1212
3714
5179
1973
3483
8633
1549
3334
3129
4404
7189
4878
5114
3602
3207
3660
6433
970
6768
7115
3024
685
5810
4062
656
724
3125
5938
4183
1703
5475
2219
6771
3186
3534
1948
1643
2401
6952
7614
7570
8266
5913
3964
5523
1816
3307
4167
6706
5888
4458
6835
7026
6159
6782
986
