item_recommendation
25737
7872
8571
7541
8327
8093
7697
8360
8117
5159
8447
7613
8183
7914
980
5498
4893
7560
8225
7669
3689
3600
8253
7437
4992
8207
8033
8290
7802
3638
3633
8070
775
8522
8420
7782
7636
3508
5470
5515
3702
8056
3232
8154
3296
7478
1513
5765
3052
8385
8403
976
1523
8743
8477
2686
1003
7649
6073
5410
7407
1907
7728
8661
8899
1744
7938
6970
6579
733
955
3235
2659
626
5729
960
731
3940
3368
5264
2062
953
4738
8859
984
8684
6154
8596
7234
7738
6195
5980
5198
8499
1562
8235
6091
745
3324
8410
8772
8998
6178
5723
7753
741
8879
4600
4821
232
4366
2227
8003
5597
5489
5772
2496
4550
1281
6211
6355
1870
5742
8709
8261
8376
6493
6365
1767
8136
1507
1515
858
8961
695
4941
129
8777
2300
4437
5909
4873
7881
7245
485
6918
4731
5008
970
1437
5177
1916
4809
8761
6728
966
957
3875
3377
3816
1812
5312
1816
5117
4830
5134
3281
4911
1046
1288
735
526
3587
3292
1024
7293
6636
8848
4246
2605
5038
3188
1777
4658
8665
8451
266
4584
7932
969
5689
7186
6559
8604
840
4076
2248
8636
8187
994
7809
2407
4795
5662
4262
2212
6395
951
8654
2769
8167
7976
5288
8819
6826
1006
535
5186
6902
6658
3688
6314
786
5825
8722
964
48
6404
647
2772
828
4251
5581
1831
1050
7831
7272
3632
5611
7282
3699
6077
7228
659
1580
5556
2780
6630
4638
3819
5033
401
4696
5588
7878
1810
2374
912
522
7577
5139
5787
5936
7204
986
5715
8008
4740
6676
8751
1057
7394
2912
8699
4577
8462
3213
3199
2236
1739
3608
7995
3417
4920
7786
4079
5114
4432
4316
6260
2897
4923
8589
3656
3751
2935
45
285
4801
7888
5398
5784
101
4765
724
1004
5269
6408
888
3489
5666
1624
2337
4420
3668
2288
8580
7492
5254
7260
990
5768
2173
2799
5853
3334
2981
3936
4241
8670
2982
7263
3869
437
1053
8943
8807
3238
1125
5675
8591
9012
6850
2647
1771
880
1020
1145
3210
8607
5473
1639
6183
3127
1245
7619
8689
869
725
5413
1060
7038
3093
5834
7789
656
1531
4782
5808
981
3307
4162
2696
8903
8482
2159
4171
407
4649
885
4121
9018
5815
6148
7444
4153
2504
7171
2937
8511
8675
7121
2669
8629
6751
3428
5839
1317
8633
1476
2478
5443
2860
8157
9001
3882
1026
7299
189
5193
1042
1021
2668
4984
4088
2798
2660
5791
5182
4727
4639
6932
753
3707
3924
3263
7587
8833
7698
7944
7445
3928
8840
2396
1132
2354
881
5433
1472
870
2318
5699
6547
2340
5655
1788
6498
3113
2687
3604
8920
4440
7748
864
5210
2241
6612
2956
6390
196
1030
5161
1111
4404
8642
2415
2775
2366
6318
2513
8039
1187
4861
1209
6609
915
5641
963
8914
4101
3634
7894
1161
7254
720
1040
2617
2481
1018
6985
2186
6760
5296
8524
3408
7757
1834
1676
8910
4188
6279
893
7720
6835
472
4936
9004
8927
1135
6273
1232
8977
2966
8542
3251
798
7705
5202
1844
6624
2688
5282
1047
1352
872
1702
6140
2793
6803
1453
3471
4033
5585
1970
1652
3795
8795
205
6051
5291
7126
6550
2398
4139
3889
954
2154
2385
3194
4401
750
5365
1876
1023
6000
7101
1631
961
1124
3868
3125
4895
3714
6322
8121
2347
2741
1147
3354
785
1590
3370
2427
1012
3140
4462
7419
4686
988
6800
844
6703
8336
474
3671
6509
8142
4878
5352
2801
4945
5053
5179
6920
8720
1819
7583
3173
4761
1581
2442
8453
4414
5810
6521
3028
2418
8239
4166
5693
5553
3081
6143
3434
1721
7130
263
6892
726
2440
6440
5323
5356
3086
7979
4051
4391
3575
2752
5752
6690
2621
144
1225
3051
8147
3854
2959
5707
5170
7078
3649
4885
1696
6271
7919
875
4273
4228
2473
1525
6422
1120
6706
4947
1013
4284
5968
965
8491
5275
2344
2467
5438
6243
5684
2622
6446
4901
8827
7250
7817
6513
8228
7792
3996
6957
8392
5427
4728
8620
7340
886
1331
9010
824
6473
1008
4511
968
7487
7415
4987
3456
2699
746
2676
6035
4897
2458
8273
7771
947
6121
4290
5218
5065
5926
2004
7990
6744
2689
6436
1529
5795
1076
2310
3420
1608
4632
962
998
4680
3351
6718
2350
5548
3338
4312
2404
1508
1657
2817
6047
2835
3256
3268
3596
8864
2829
2761
3805
5346
2516
4016
6341
5625
3218
8169
6774
5538
7139
6530
3863
6383
1394
3845
3584
7502
274
2548
6056
2961
6684
3060
2438
4427
5449
996
4748
3759
3780
3207
7107
1032
1750
6832
4914
916
719
4394
8387
3190
6207
1419
6591
4177
5462
2082
7899
7316
8892
2439
5404
4194
2546
5101
1367
2583
6568
7177
492
4161
5952
4375
6748
3359
1131
2433
8695
140
7892
5055
498
1769
5017
3763
1320
1804
3522
4095
1783
8882
2207
3404
3402
8609
2507
1114
5888
5672
6768
4703
4349
4818
7208
5718
861
5315
2815
2506
1794
5777
5165
3540
7115
1010
4619
6155
2581
1479
1444
8979
1517
938
3880
2560
5285
2069
2976
748
1980
6162
8799
4278
1016
2038
6525
7897
2394
6571
2770
8838
2786
4190
8275
5832
4846
8865
2745
4612
2437
8835
5836
1636
8268
4304
3427
6885
8984
3284
8768
7815
2494
1569
5843
6896
4865
1711
5732
5846
3643
2709
2342
7934
3799
1017
3024
8831
3344
5122
8133
3639
3615
3761
8712
3479
4238
2434
6566
5840
5097
7155
8612
8525
3066
5809
15
4652
4255
6375
8388
3152
7036
3758
6039
3786
4709
973
956
6331
4603
5530
321
1582
3804
8781
3401
6464
2465
4844
8810
5940
2120
5400
8640
5103
721
3155
8544
2570
2681
2231
7840
5440
527
8616
3900
3163
218
2500
183
8700
2521
2331
4626
6037
2582
2983
6482
4976
3602
7346
8123
1504
4932
76
5518
5226
4477
5108
4310
3357
5021
2929
7357
2459
2368
6887
5710
