item_recommendation
25737
7872
8571
8093
8327
7541
8360
7697
8225
8117
775
1513
980
8253
1523
7613
7782
8420
8183
1003
7560
8033
7437
8899
731
741
1507
733
7669
5515
8447
8290
1515
8743
2659
1744
8596
5410
8859
4584
3232
8403
5159
8070
8154
745
3324
6970
8477
986
4550
1907
7938
990
3235
4740
7636
4731
735
5198
8499
984
3188
5723
7914
858
1771
1816
2496
8661
9018
2769
3816
8136
8376
6154
4366
3875
8207
8772
6091
6918
2686
7234
2798
1812
2300
1777
7802
6073
5008
6826
1870
960
1060
5186
1053
2937
695
1288
626
4658
4936
5853
1562
6314
5980
1021
8261
2982
4801
5909
472
720
8709
8636
1020
7478
1046
129
4079
4076
1057
2241
6178
3368
4923
1006
888
4649
5834
3417
5742
6902
724
526
828
2688
4795
6728
6195
7728
964
4941
976
401
963
955
4437
5729
1004
2772
8522
4316
3127
3238
7186
474
4821
3377
3307
7228
1525
6355
981
725
3408
2799
8848
5597
885
2687
8684
6985
6260
5765
5312
7881
8665
4638
1132
5662
4404
5218
659
2546
1831
7407
2605
2415
2780
746
8961
8056
9012
5288
5768
8591
5715
5675
7878
1497
4600
1437
4577
3456
8654
1624
7263
5177
5365
7786
2669
189
8410
1026
6322
656
3702
1517
1580
2340
915
2159
8235
893
1657
232
7649
870
4153
3668
7976
218
2660
3194
1352
9001
2236
4830
6243
6630
1017
869
1472
3795
6612
2647
1187
5053
2347
5282
5161
4162
3263
3924
8833
8840
8462
3928
7944
3707
4639
6932
7587
7445
7698
1508
947
2227
961
3218
4251
6365
1047
7245
2385
8607
2120
7932
7738
535
2440
5689
4262
8943
8998
2668
8819
8642
1317
48
3575
3880
266
5489
285
1104
4101
6676
719
7995
3160
2741
8920
8807
7038
3714
4696
969
9004
726
527
7888
7204
4680
5254
8580
6498
7894
4440
5936
647
1686
2212
521
6706
8542
998
4033
2186
8524
4782
2617
205
101
6927
3489
3051
968
951
1819
5810
6294
1042
7753
2581
938
5033
2473
2407
4727
4844
6493
6000
5839
6404
1688
7840
3759
2478
4171
3113
4016
1125
1429
3388
3522
4312
5611
4401
4414
1394
7126
7502
8699
7130
2331
7748
4765
5038
3584
1024
5585
3604
105
1013
5641
802
742
3028
2689
1504
6547
8003
2976
2062
1209
2183
5815
2504
7831
1641
879
1331
953
8187
7171
8008
4873
2892
966
3805
8892
988
1341
7254
4920
8777
994
1111
2651
6658
8167
5449
1582
4241
3334
3936
5398
5666
7260
3338
2521
1500
3608
2770
3256
6774
3889
786
8629
1030
1078
3843
3086
8720
2442
8451
2082
6744
1690
3656
875
1147
5572
4349
886
8879
6408
4614
5443
1438
2815
8385
6211
1037
3251
8039
1346
1358
5139
492
2829
8751
4911
2609
3268
931
8689
1032
2721
1581
3359
750
3210
5055
748
1639
4432
864
970
2438
833
3081
1161
5772
6114
743
4901
2248
5356
2009
1501
2696
5684
5699
6751
3399
3199
1834
6140
5264
2078
2418
2981
2912
1739
4736
8142
3500
3093
2513
2366
8979
8275
6636
2642
4976
5117
6800
274
7792
322
6579
954
881
1301
6533
2801
5655
3420
912
4645
6559
2534
7394
818
2288
6422
1023
3819
1225
7492
5735
2622
839
5134
2335
2368
4095
2573
8147
2494
2118
7034
2897
5170
6530
1518
4420
880
3996
1852
4354
1980
3758
1041
4612
5625
1453
5275
16
4673
1433
4246
4984
8903
6850
5080
1476
6395
4809
3428
3643
407
5346
7078
1422
5323
1951
4263
2493
6390
5968
3854
7826
4718
8882
8640
2481
6375
1535
2441
4290
5518
2394
8511
2465
718
2154
5808
1493
1008
8977
5462
4895
76
1767
5114
6318
1531
1696
3587
934
6035
1941
6803
762
3125
3157
2827
6690
6768
1010
5165
5296
7577
5182
6650
5825
1652
3540
337
7771
3402
2935
6121
3900
8768
6684
5203
6718
7121
6513
2231
3869
3163
3292
788
2149
6225
7897
1916
5243
6609
840
5556
2458
3868
4532
2437
1148
3060
2956
313
7444
1526
8730
5433
3508
3173
3207
1192
2699
2517
4925
3394
3753
4255
5352
1735
5782
4506
4980
861
4511
3649
1640
4284
6721
4273
1699
2184
6645
865
1750
8670
7619
5693
5553
1590
7192
8158
4104
4832
5667
8828
8872
5670
5672
7702
5678
5680
3491
5685
5686
7017
4994
7419
5577
8123
5003
7235
6060
5002
6047
5001
3497
8985
8785
7947
6760
5363
6732
2640
4929
5690
5700
8610
6464
8423
7822
5795
5796
7791
5847
8949
7357
5696
8921
7063
4450
5836
6436
6432
5826
3957
5752
8130
8955
8835
6331
5940
5056
5710
6341
8966
6342
5285
8838
5732
6584
5736
7309
5746
5004
6754
7346
5517
8197
6896
3499
8582
8366
6887
7198
4300
6105
3825
4477
4889
6851
7919
6852
1617
8138
7153
3654
3284
6963
5034
5373
8672
8371
5401
5400
3611
4677
8372
6835
5604
7012
4428
8453
2202
6856
5534
1120
4834
4659
4625
3515
4999
4105
5202
3152
8482
892
2835
3445
1487
2195
6286
5466
1281
3216
5085
2983
2582
1901
785
2468
6620
2204
1794
3804
7272
4552
6232
1131
8157
8675
7208
6077
1327
3096
3241
6521
1909
6827
1866
4228
2197
8810
4861
2567
753
2433
93
721
872
7815
2545
1827
2352
4933
5377
207
1014
7099
4051
1668
4967
7809
4427
5226
1502
747
8625
2138
2482
3281
6695
965
6279
5588
276
1019
7222
2342
6116
5168
2764
196
8616
423
3387
2439
2374
3024
3269
2761
6450
4166
3751
1726
8604
6021
3224
4761
973
4709
7180
2295
6669
1636
5440
4876
461
832
5473
6957
7381
4399
2570
5832
2398
6162
3563
4482
1876
2404
3831
2621
2975
1059
5341
2786
5470
5101
7458
711
5833
2427
8783
1305
1040
2318
4524
1031
3351
4987
2396
4417
4878
5500
8014
3140
1036
2278
962
4326
6502
8722
5269
5784
2752
6031
798
