item_recommendation
25737
8327
7872
8093
8571
7541
7649
8117
7697
8447
7914
7613
8253
8360
8290
8961
7437
8751
8056
8225
8033
8903
7802
8684
7560
7897
7669
8968
8183
8070
7976
8527
6828
7713
8695
7942
6513
7238
7478
6056
8235
8477
7636
8420
7728
8207
8167
8154
8403
8772
8385
8003
7407
8522
5159
6365
9018
7340
6223
8499
7738
8661
8899
7782
7245
6493
6178
7394
7932
6873
8410
6073
3232
7228
8039
8819
7878
7293
8596
4414
6579
6091
8743
8998
5264
7099
8879
4920
5968
6794
8589
6154
7892
6751
3368
6918
8636
6559
8511
5980
8482
7034
7995
4121
5515
8607
6748
7809
6355
8761
7160
8827
8491
6760
5597
8864
6521
8451
5715
8665
8654
5433
980
8008
4498
7938
8670
5193
7577
8777
8807
7204
7705
6676
7186
8580
6260
8910
5723
6832
5742
8699
8656
6826
6902
7753
6609
6835
6658
3235
8157
5662
8524
7492
5008
8917
5625
6970
5850
8507
6721
7130
1003
5765
8616
5288
5853
6684
8361
8943
8633
5815
8892
5675
5768
8591
6195
5909
6207
7840
4552
8625
7234
8709
5936
9012
7456
4782
960
6728
7299
5186
8927
7831
3816
6624
7771
5839
8014
8675
8261
8187
6636
7263
8376
4873
8542
5117
4290
8136
4809
285
5926
5296
6718
8979
7888
8848
7096
8813
4821
3875
5410
5729
7051
6498
6294
7171
6464
8859
4941
6383
4740
7016
7192
4076
6850
8810
2062
6162
1295
6803
4194
7786
7583
321
6547
7619
6404
3163
8484
6703
4984
775
6739
4731
7585
6650
7458
8147
3515
5046
7272
4878
8228
6708
4550
7817
7136
8057
7150
8915
6378
7812
3038
3266
4688
4090
4848
3467
6898
8866
8808
266
4420
6422
5693
984
3698
5012
5304
8600
8254
5177
6896
7078
3871
6436
6140
8720
7121
7990
5689
5521
3250
7502
8854
6927
1408
647
7161
7757
7762
5146
8366
8142
6318
4437
6906
5033
4369
7254
3281
8871
4039
2659
8531
8620
4761
6562
5603
6395
3213
7135
4885
8268
5611
6426
6116
5699
8640
1513
6423
7720
3284
4491
5139
8239
8977
4584
6446
5655
4846
2212
7789
3587
5282
6695
8629
3173
695
8617
5398
5942
6591
6203
6000
8044
5254
6686
6367
8781
4002
7282
5038
3608
2374
7208
5025
969
5825
2531
7826
3819
5940
6862
4632
4366
45
8604
2704
3334
2144
7107
4709
8387
6440
5329
6550
5808
7260
7316
1310
4153
526
6568
8768
5684
5666
3936
3324
6800
7881
7419
8194
5752
6375
6768
2038
6981
6920
745
6662
6331
8169
5772
1844
1515
129
2935
5198
6470
8131
6877
3489
4241
6530
5312
4427
7979
3194
6706
1523
8882
6416
6077
7822
6121
5134
5291
8275
8865
4923
9010
8576
6408
5836
5443
4417
3845
3996
3377
6148
5787
5323
5641
7484
7766
7748
5170
6132
3632
2696
7919
6630
6885
3310
4177
7357
6840
3127
6571
1317
8638
1024
1352
2605
7487
6977
2073
6765
2300
4440
731
8838
6957
6502
48
8609
6999
880
7820
7142
1046
300
7055
955
4727
5275
8273
4482
6954
8123
3981
7380
3660
3379
5378
4976
5710
6503
401
8392
2371
5440
7346
4178
4229
4980
1744
1437
7198
188
5696
4854
5568
6535
3643
6509
3093
6254
5672
6961
4895
6273
1870
659
858
4146
1580
5732
6047
4686
4477
7444
6314
4181
1145
4051
5965
4914
5795
8835
1767
2956
4577
6031
6887
4188
2344
6856
3882
953
5735
3028
5101
6348
8984
4795
6892
2769
951
5400
4312
3927
966
6762
3414
753
7481
3889
5971
5164
864
1804
3247
5203
1466
5466
4911
626
6400
5462
6791
4450
7894
4263
7235
5680
5686
7791
5678
7309
5685
5401
7947
5055
6442
2288
5373
5670
5667
5517
5577
6341
7379
7195
7415
6584
7818
4658
4861
6963
1192
954
5363
5226
3611
6732
7063
5736
6852
6342
6754
2640
7702
5826
5847
8610
5746
6432
6851
6105
7017
7153
8722
5796
5700
3825
8197
4994
5002
8372
8582
8785
4677
4889
5690
4832
4104
8371
8388
6060
4016
5365
5558
6242
4515
232
6669
8949
8921
1617
840
7090
5210
915
7038
5004
5034
5001
5056
5285
5003
8828
4929
8955
8966
6390
4105
881
724
6035
7311
4834
3758
8920
1562
2513
100
1212
2860
7566
5243
741
1812
7787
5572
3188
4428
8872
8672
3387
5832
8423
3497
3957
3491
8130
3499
3654
4300
6645
2184
865
8985
8138
8158
6827
6458
4756
7012
2167
7325
7354
986
7841
4079
6641
6774
6283
6993
6533
6536
4490
3668
3176
7219
733
6944
8453
4375
263
5801
8404
1907
3241
3096
4999
976
2496
3646
2594
7101
8341
7050
4987
1824
2824
2780
1288
1862
472
1805
8009
7089
6985
3364
7759
4765
4135
3761
8799
3344
8831
8525
5097
3615
5122
8612
5840
8133
3639
6566
2434
7155
3479
4238
8712
4161
1569
4262
3604
6798
7958
5085
6880
7764
6143
7189
3863
3370
3417
8336
8526
5900
4020
4811
4692
8948
7044
4292
6415
3492
8908
8950
7584
7845
2941
6370
3997
4432
4603
5888
4024
899
3752
5857
1777
6296
3799
3307
5834
7222
3751
3113
1980
4560
3238
3190
4696
5891
7177
8462
2801
1187
6103
3869
7303
6107
3843
6021
6279
7020
3010
4840
5021
5413
8614
3656
6612
3359
7040
2782
7215
5250
4108
6942
6166
3210
3653
6286
6643
3851
3420
6816
6743
1590
2983
4792
6615
9004
3402
8530
5504
2609
6211
8857
4171
5419
5581
3495
2582
3560
5518
5069
2687
7212
3665
3963
8795
3854
8689
4605
4251
2318
1336
2631
5470
2186
4355
7453
5917
965
5017
6617
6777
1507
8667
535
4162
8650
6198
2688
4844
3320
4316
970
5873
4166
1771
3804
2340
7355
2347
4691
7110
7211
7844
6185
7706
7843
2660
3983
5053
3292
2173
4600
5952
1508
1365
5734
431
4837
1021
3924
8833
8840
7944
3707
3263
7698
4639
7445
3928
6932
7587
5604
1992
4680
1973
4532
4148
3512
5458
3718
1006
2183
5791
5809
