item_recommendation
25737
7872
7541
8183
1513
5410
5515
775
7697
8207
8571
4600
5765
5489
8117
8327
2159
5198
5177
5662
864
5597
1580
6073
4696
6195
6178
7613
8225
7649
5772
8093
2686
7560
5114
5427
1507
7802
1639
4727
8360
1870
7478
8290
6154
5159
3232
5470
5742
5282
7782
8261
5853
4658
7245
5033
6970
6091
7437
741
7669
6211
1816
5483
1523
5689
6493
731
52
7914
8596
1111
5182
735
8743
5134
5222
2605
6404
4830
8772
4634
2227
5319
8403
3338
401
5556
4612
2504
626
1657
1120
6395
4636
5464
4771
753
3854
1287
6408
5265
5236
5364
4627
5846
1777
5588
4977
4954
5302
4640
6056
5637
4333
5463
4676
5342
4662
4728
8499
2642
6902
879
828
869
4519
4033
8420
6918
4246
5038
1003
8033
8998
2912
5254
7815
5269
5784
1873
858
6355
8522
4659
5186
1744
5666
5729
5808
1423
2300
6223
3687
1515
5377
5288
5312
7899
8636
4902
5980
3936
3334
5398
7260
4241
4524
1497
1907
980
1504
3587
7228
4731
7282
6365
5462
3751
647
5715
6322
2085
8477
1410
6579
8943
7728
5139
2193
5825
3454
4740
4911
5675
6260
9012
8591
7878
5768
5443
7976
5718
8848
3489
1970
5585
1767
3404
4680
2892
3285
8899
8447
4761
1500
8253
1525
6547
5438
2741
8136
8376
4531
2567
7809
3574
7934
3608
733
2171
3060
6159
798
6513
129
7272
8451
8580
5193
6279
2801
3875
7881
2138
793
5202
4795
2647
5791
5341
8273
135
1055
5723
474
7932
3408
8892
4088
7636
1433
4550
2496
5684
2770
1331
1476
2669
6148
5161
2204
2769
1688
1060
105
5346
183
1147
5699
4673
2032
4440
2815
4614
8838
690
1652
2696
1819
5308
2438
750
3983
3377
848
8589
4703
1499
8542
3575
6800
6140
990
483
5008
3819
4649
1148
8675
8720
724
6525
5518
6051
8629
2722
2832
1881
2173
7407
820
765
7492
1641
746
3239
1317
2459
2635
7995
5433
6294
1015
1479
1771
968
5348
6482
3432
6273
8795
5275
1320
1312
1696
7564
2092
1053
5752
2929
1495
4774
3434
2259
2956
37
4366
325
1040
769
3656
1909
1827
719
4153
728
3066
2290
1472
5422
7340
1046
2241
5458
1562
5315
5323
2839
1866
5538
4809
6751
1941
1848
4076
8070
2611
2478
341
7831
8903
4312
1812
8187
6201
5899
8807
4171
976
2035
656
4278
7115
3421
6452
1076
839
6077
4945
2799
6690
6431
3794
8607
742
788
1145
3254
7204
5413
650
720
2600
8853
5677
4716
1131
5404
2936
7444
745
3031
4223
3977
1701
3051
5655
1339
4748
1739
8524
8604
736
2806
5553
726
7738
3900
4290
5672
1942
6000
2774
529
2181
8157
8003
5214
2546
6835
8722
4432
8056
5524
2972
4624
1995
3780
7822
901
12
6658
5053
6037
5777
4960
2939
4411
7250
8094
2366
8859
6636
8699
6906
2687
3223
7379
10
1103
4294
3292
7101
8336
251
7171
1346
1791
4709
3831
5843
5787
4818
8121
6706
6684
2617
6446
1021
2513
1502
1246
3889
4920
2812
2180
3324
4970
8142
2442
2779
2481
1349
1404
872
6476
7234
960
6121
3425
721
2829
4014
4947
8777
7619
2835
6985
3546
6383
3768
2385
5218
1934
3677
834
5992
8154
2883
2295
2062
4475
3140
5866
5878
1026
2995
1950
2305
5428
1769
3326
8363
3618
5506
5505
5066
7199
3835
5057
5450
4932
7117
8970
5544
5255
8528
6250
8957
7083
3788
4865
8544
3661
3664
4975
8196
2106
6323
5283
4459
5792
3943
7789
4464
3476
5707
5705
5841
5694
4465
6387
5682
6468
6473
6484
3897
7979
4745
3879
4749
3992
5994
5995
6332
4767
4018
3673
7139
5179
3679
1610
6238
919
6793
5111
920
921
5366
2697
8611
3695
4381
5299
8584
4403
5300
6228
4175
5231
4140
6936
3771
4162
2828
2676
5417
8410
4316
2798
1008
3564
3276
833
737
4964
1258
8147
3370
4815
986
6422
3219
2306
7919
4921
2560
2688
410
4976
3398
3552
6101
748
304
2415
4139
1508
6571
6290
5010
1516
5165
963
3845
1268
4989
1788
1640
4619
6155
984
3500
955
1437
2659
3417
818
7177
4587
3989
3401
5836
3249
7419
888
6016
1750
1453
4873
2982
1329
5363
189
5732
8709
5291
875
915
6436
1004
326
786
1726
2523
1686
7888
4339
6341
6375
2398
4310
2490
2609
5735
2113
5466
7577
4971
5055
5572
4273
5710
1192
947
2440
5352
3238
7123
1501
3043
1998
7121
1444
2736
7334
8835
1030
5384
8039
3975
885
3758
2468
6302
1783
3284
2884
3452
3668
2130
1624
6768
982
5795
5421
893
1241
4012
3481
3979
4010
4009
4053
4011
3243
3368
7771
1699
2708
3253
766
8275
2187
3766
4016
4878
5815
1692
1077
4799
520
4626
4737
6869
2582
2983
1702
802
2441
4437
3522
722
2435
5170
2118
6035
4304
344
5382
4570
4284
2133
969
5243
4710
4765
6498
3268
2344
5018
951
3807
3754
299
1059
2431
7720
1010
805
1078
3185
762
7938
1878
6645
2184
994
2938
3453
5818
4251
6676
7063
6432
7078
1617
8949
8955
6718
3957
5685
8828
3654
8966
6732
5826
8423
7153
8985
3611
3825
4929
5700
6105
4832
7017
8921
5736
7702
6887
4889
6896
5034
8672
8872
6803
5746
5285
8640
6963
8882
6851
8610
4104
5796
7791
5373
6760
6754
8768
8582
5400
5401
6584
4994
4450
7198
8138
5003
8130
6331
4677
5002
7309
5847
5690
8158
5839
5577
7254
6047
5001
7346
5056
5004
4477
5641
8123
6342
7357
5667
5940
8785
7947
5670
5936
5678
5680
6464
3499
5686
7235
2640
8372
8371
6852
5696
8366
4300
5517
6060
3491
3497
8197
2699
2548
4834
2486
4428
4999
2448
7012
5625
7186
7348
1854
670
2692
865
757
1463
3224
2516
5968
5395
527
2655
1330
3264
6613
2203
1057
4980
1839
3399
3241
4660
3096
3538
2651
2816
76
2691
6856
2176
1341
1627
3934
