item_recommendation
25737
7872
7541
8327
8093
8571
775
8183
8117
8225
980
7697
8360
8447
7613
1003
8290
7914
7669
8403
731
1053
5515
7560
1513
7782
7437
984
1515
1523
5159
1507
1777
986
5742
8207
2686
8596
8033
741
6154
8154
8899
8772
1812
733
4550
5765
1907
8499
2769
401
960
8420
5186
8743
6073
858
745
5662
7728
1744
8253
6970
626
976
5008
1317
888
5723
6902
8003
1831
1006
7636
8070
6091
1870
5312
915
5768
8859
7878
6260
2300
7938
3235
8636
2937
990
724
869
951
8661
5675
5715
8376
8136
2688
1288
5288
2659
8522
7478
4740
8998
9012
5853
885
8591
1624
8410
695
3875
1739
2668
969
3324
4731
5410
6178
2385
3232
735
964
266
535
2982
8777
2798
7649
2227
1046
1042
1771
4584
8580
647
7234
4076
2605
5198
6355
4795
5264
6918
4821
5597
746
798
1816
5729
48
2780
1021
3188
725
4440
3816
4638
2687
968
1020
6579
4366
1060
8699
4649
4437
981
893
3368
1017
2546
5689
4765
2288
101
1767
1187
2772
1026
8720
6751
2935
5275
947
742
998
7245
2761
285
1721
3051
864
129
2186
4801
5177
718
218
963
2976
8879
1819
2815
5666
1132
526
1004
802
1057
2496
4153
2801
8477
4941
1472
1834
2912
3238
1508
5282
7831
3489
1852
1688
3334
3604
3377
5254
6826
5038
6835
875
8629
4262
1030
1562
5839
7407
1525
7802
748
5398
828
720
3936
4241
719
5936
3081
5323
955
1580
5968
5834
7260
4316
205
5443
1696
6121
2383
8961
870
5672
656
1690
6684
189
8761
6493
7186
6408
6760
2892
880
2832
3408
5772
5655
1059
4809
999
4984
2829
2651
2956
7254
105
1582
2120
2415
5139
8848
886
2082
5365
2582
2983
6728
938
2696
2534
1104
474
3417
2689
2427
5699
1608
750
4246
1980
2647
5909
1497
5710
1750
6630
4923
1437
472
6530
2347
2966
2183
6404
3194
2786
1501
2504
7786
5752
5053
6718
8235
2441
5815
2342
7171
8768
912
1517
4349
8709
2741
931
4263
2770
1783
4016
4079
6498
2513
4600
1192
8142
6436
6547
4830
3292
953
1901
6195
4404
743
3702
659
1581
5808
7771
2521
2407
6513
4911
8147
2981
3281
6294
6803
3759
1631
313
8385
1125
3584
6676
5055
8665
2202
7204
6314
2548
3210
3086
961
5732
1147
1429
4976
8607
5611
5641
8807
461
816
2494
5625
7078
5161
3150
1111
7888
3758
1013
5363
2473
5735
4727
5795
1876
1040
2572
5243
3307
6774
6963
1959
6047
965
485
8943
232
327
4532
6706
2440
1518
4577
8542
6896
1363
8056
5285
2078
2793
872
6286
8589
1822
3819
3575
6985
6464
7293
2399
3668
4312
2236
6422
881
3795
785
7919
1047
5218
8524
973
3388
1037
1997
1504
1873
3428
1012
1909
7753
2159
1225
1346
3611
5572
5693
6331
4718
3753
3211
1394
2155
1500
6612
8451
2009
8462
1010
7419
3284
7346
9001
5684
4105
7822
2212
6375
2766
1008
6341
7357
3522
6800
3805
5940
5466
2866
5170
8920
5836
4477
6584
5696
5400
3497
7235
7198
8366
6887
7309
4929
4300
8672
3500
4450
4171
8949
5700
5003
6732
8921
5746
4104
5034
5826
5847
3825
5690
5401
8371
6432
6754
5056
3654
6060
8197
8123
5670
8610
6105
3499
5685
3957
8828
7063
8882
3608
970
1367
8633
6225
3125
3587
6035
499
3851
2570
1209
2154
4420
2660
2325
937
2478
8275
2617
1759
6645
2184
865
2789
1204
3177
3005
2922
1186
3134
1226
1233
161
1063
918
167
3147
3068
3042
6365
141
306
2633
3889
16
7702
8582
3491
5686
8785
4889
8966
4677
4832
8130
5680
5678
8985
6342
7947
5004
6851
6852
8872
5796
7791
5517
8158
7017
2640
5736
5373
7153
4994
5001
5002
5577
5667
2600
2146
8654
3359
2439
5462
3173
1078
6232
4980
7881
7944
3924
7698
8840
4639
8833
7445
3263
6932
3928
3707
7587
5787
4380
2090
6211
2062
2465
2730
1032
6678
3093
5193
1014
8261
704
479
4861
8838
954
1616
99
2285
2403
1080
2596
2364
2074
2215
2715
1388
8640
2835
4680
2118
8684
2393
510
1617
162
8423
8955
8372
4834
4228
934
8642
8835
1841
6103
1018
1301
1331
6768
2669
3880
4251
4095
994
8977
6470
3096
4432
747
460
4833
8138
2827
1184
4878
3127
1951
6609
4873
962
1730
2975
7012
4999
1161
3456
4428
1836
8387
3241
3751
498
337
6243
2046
2442
213
2197
1358
1428
5440
2858
6827
3354
4658
3649
4401
2429
3006
8910
6296
833
3996
5203
3113
3402
2340
7208
1839
113
1660
6533
7619
1972
3071
3656
2993
507
1085
2634
45
4782
5356
1218
5085
5556
2709
7282
2134
879
4337
726
2843
5375
2374
2799
1476
892
4696
2764
278
5980
2775
8722
4284
4101
4273
4162
1531
7272
4511
3495
2318
4936
4414
988
753
1084
4987
1844
6062
516
47
7038
2699
3218
1095
3357
4645
5419
7757
5352
2654
1526
2327
3430
5291
6509
9004
2284
7764
896
6744
2043
2802
8239
274
966
7894
7809
1145
714
2428
8187
2752
8819
15
2621
8042
1196
1173
786
1689
2990
3028
8865
3358
4490
276
8689
95
685
2178
2573
1130
8638
2493
348
5449
1805
131
547
7738
5518
2581
2986
5117
2335
2774
1636
1092
2467
492
1929
8927
2880
531
2366
6395
4691
4888
4643
3892
929
3159
5199
3784
2583
5810
5504
2938
3709
1479
4979
8228
793
3262
2207
2639
2339
1056
1794
4326
7263
3852
2507
5784
34
4996
844
5346
2674
6186
2344
6390
5418
2368
3563
6077
5269
1019
5135
2350
3445
2481
4967
2352
4933
1352
6318
3160
4191
6636
1286
4111
2796
8620
3199
5891
4045
1033
2195
6450
1668
7126
4298
2458
4625
3714
1702
4188
1863
2039
8157
196
1049
2925
991
1788
2946
2567
5413
7789
2418
3155
2204
1330
5033
93
8914
