item_recommendation
25737
8093
4067
8327
4121
7872
8117
7697
4061
4069
8571
8253
7541
7613
8290
8070
5553
4106
8033
8477
7478
7914
5548
7560
7437
5581
8447
4262
4880
7802
8225
8360
8684
3232
5146
4194
4920
6091
6641
4025
4084
4366
5980
4005
8056
7738
5134
4254
7636
9018
7976
8819
8235
8167
8385
4139
6021
5038
8420
5989
5628
6073
5489
3057
7669
4321
6365
4584
4789
4386
4197
5159
1161
5956
5387
4709
8499
3798
3235
6140
5438
7649
5588
4987
8003
5715
5909
6035
5568
4844
7050
4401
8709
8482
3763
4117
5296
1569
3125
8187
8039
3563
8207
8522
3313
5382
7299
8761
4232
5597
4506
4854
4873
4146
7394
5621
4652
5059
6584
4183
8670
7099
4859
3357
4414
3024
8751
2609
1299
4553
5502
1457
4225
4360
5105
5093
1227
2276
4133
3284
4221
2605
4108
5291
3849
6559
5943
7228
4787
1463
7728
4632
8183
6658
4878
3723
5801
4840
3665
8827
1992
5971
8807
7932
4046
8892
8511
4233
2186
4885
1680
4357
3179
3368
5433
4600
6703
4352
3289
8772
1387
2255
108
3318
5147
3301
6033
4308
4776
1465
5033
8410
8661
4705
8654
5850
3662
6930
4021
4356
3377
7705
3988
6909
8008
4782
8743
3981
4114
4332
673
6646
409
8491
4644
6906
1371
5677
6195
1145
980
4023
1351
4207
3996
4091
1310
3281
4661
3078
6256
3194
1549
4969
5395
7892
6806
433
7809
3909
3674
2495
3587
3790
6056
412
6125
1523
6728
8596
5936
8542
3406
3090
7282
1835
5264
6977
2644
6178
3793
4723
8633
5888
7577
7272
3349
3165
7817
7990
6591
1896
4911
6458
3355
7995
5839
5560
3962
3604
5008
4432
5534
6695
7130
6751
1203
4252
2371
3060
6355
4051
1826
3646
7407
6000
7293
3010
7245
4088
4047
6148
5902
5177
3643
6276
3834
6624
3238
1321
7492
3951
2647
5926
8636
296
8927
1537
3310
4748
8848
7484
3535
8650
7826
5410
6718
7107
3940
6498
6348
8607
6568
8675
5083
5857
8154
4682
4367
6077
668
5515
3705
4017
8943
4914
1722
6260
4761
714
1580
3886
7840
355
3932
6739
8484
7789
8524
6760
6203
7121
6710
6582
379
5561
5693
6840
5815
1880
4002
7753
7020
2664
3560
3973
8810
7585
4378
2227
7487
2819
4826
5521
6762
5617
7016
7096
5475
8600
8044
4158
4552
7380
3752
7759
8903
4015
7192
7415
6154
4148
6114
741
5013
8604
6880
3701
4101
7135
4555
8950
3997
3492
4811
4020
4292
5900
7044
2941
5832
7584
1824
5558
8526
6415
6370
4692
8908
7845
8948
6400
7566
3192
7334
3885
4022
2369
4846
3163
3176
3653
5873
1223
2657
6862
8625
960
8979
6187
5119
1801
8695
5383
8009
7456
8014
6502
647
405
6318
1414
5765
8530
6016
3972
2037
5046
3390
5809
4515
6850
3460
6832
1785
4290
5582
4577
3816
2370
7841
3354
8616
6493
8910
7762
7897
4060
4638
888
4941
4426
6040
3515
1852
8777
8589
8745
6516
1097
8866
4688
3266
7812
3038
4090
6378
8915
7150
8057
4848
8813
3467
5564
8254
6713
3698
6676
7782
6791
8531
4347
1539
1377
188
4263
8617
7958
1713
1816
6390
5985
4396
6547
7142
6103
5603
7136
1926
7160
7311
5312
1408
5205
2839
7161
8614
4369
7979
5069
463
484
4589
5022
4200
5530
976
3938
4310
6571
1365
4420
8871
8268
6662
2824
1393
3721
4945
6918
5378
861
2741
4491
4605
324
2391
4696
1862
2310
2749
3843
5872
1111
4691
7078
5522
626
3983
3185
2149
1073
8403
5025
619
2704
3649
2706
6803
7458
6298
2168
7743
8998
753
5222
2352
4933
2170
3086
6748
243
8016
3182
5965
6294
2681
2970
4349
2449
1889
8580
8781
656
5391
7786
5825
1369
6966
3037
7204
6180
3412
6957
881
6684
4355
8142
5938
5352
4342
2144
6954
4543
4235
775
3819
6820
6283
6617
7844
6615
7843
7355
6185
7706
7878
1453
7748
1003
3116
3475
6944
3158
651
3676
2300
8451
3161
695
3459
1187
1525
8699
8879
140
1777
3783
7820
4178
6116
2193
3250
2250
2073
4765
8507
858
5942
1996
4511
6650
4039
4792
3975
6166
3386
2575
799
6358
6506
4810
6586
6527
7888
18
1012
6999
7444
6242
8261
6636
3213
8665
4849
7211
3317
6561
5304
1639
1214
7171
4821
7008
4135
7208
5745
961
2018
969
2533
1120
6440
3046
7186
2769
2961
6706
5254
3660
1744
3202
2843
2439
4169
3309
3210
5710
3216
377
6961
1794
8194
5164
1047
8808
6856
1335
879
3074
1767
8576
6404
250
6768
3939
300
840
8730
8899
6254
1011
3575
3320
3777
2407
7502
1374
5932
4830
5608
5993
4717
4237
5742
4658
1696
3188
984
3775
7234
3190
2753
5186
3000
3949
1699
6227
3626
1317
4229
7938
164
2893
6503
4000
4399
6132
2908
5014
1181
854
5662
8136
8376
2131
73
4851
2249
4795
3494
3508
3259
198
6513
6530
232
3292
5092
7881
7222
5015
2583
3859
4359
1046
1885
1508
2727
2793
1193
1454
5803
2311
2415
6822
953
2779
3088
7713
6970
2367
449
4181
6143
5462
1208
1529
2286
6669
8977
2700
5198
2620
2063
3247
4550
1575
4383
2615
1870
3927
3708
1606
6686
4963
6579
6533
4141
3895
3857
6322
2006
6223
2180
5864
533
5641
7624
5768
2782
648
6107
733
3693
2902
7919
363
3358
5117
3430
97
5585
6395
1652
3593
891
170
3306
3809
6350
6216
4992
1057
6835
8228
316
5699
4427
3113
4143
6031
6993
4557
3160
899
2674
2038
3133
1197
3324
4188
4809
1438
1907
964
996
4391
3294
4866
4901
5348
7323
659
309
5208
5434
5498
4026
6953
6800
1998
4168
3461
6124
3421
3580
5572
6811
1833
635
2659
886
5602
5151
2236
5021
3854
2513
746
5288
2935
2630
3503
3156
1729
5473
2468
331
3566
5684
6290
2966
564
4273
3338
2848
3114
3245
3483
189
6299
2062
2613
1476
4198
4606
5372
1212
1242
