item_recommendation
7541
25737
7872
8207
8571
7914
5410
7669
8183
6195
8117
8327
5515
5489
4600
7613
7802
5772
5198
6211
8360
8447
5177
5597
8522
3587
8261
7697
7407
4262
6395
5470
407
5114
7560
1145
4830
4696
5765
3232
3292
4658
5556
8420
5825
5784
5269
140
8253
4911
4246
6579
4088
129
1076
1120
8722
2966
3608
4809
5033
7649
5182
5980
647
7782
1523
798
1513
4342
7636
5588
1744
7478
6970
5427
5689
4273
4284
1046
5134
6690
285
5787
5222
5312
2686
7809
7979
3235
3368
314
984
3854
626
1767
3604
5348
4771
5464
1580
4524
8859
3210
561
1320
7938
6658
8157
2300
980
5413
4399
8477
8225
4577
522
2605
427
8033
6279
1816
1777
8903
7282
6493
7437
1870
7577
2659
8879
8003
3324
6073
6636
2912
1111
5352
6473
405
1639
5791
6140
3285
6365
7245
5159
5193
2676
8661
7121
3370
2283
7995
1476
2227
3434
4945
8070
2062
3377
8385
5319
1003
4051
10
4626
3522
6482
135
8795
5264
4748
6154
4634
2779
7444
775
1562
4171
2504
8403
4383
5398
8914
4404
4366
6056
4761
7234
5202
3563
4821
4977
5463
4662
4676
4954
4636
4612
5302
5637
4333
4727
5483
5342
4640
2494
4728
4627
4865
341
1354
4519
6559
5666
5038
7260
1826
888
100
5364
5265
5236
6091
5777
8451
8604
7932
745
6051
1907
4079
1515
4290
1701
5729
4782
6355
5538
4033
5723
7115
48
3140
7789
1287
7177
422
7139
3489
4941
535
3751
266
840
1950
1970
8998
7293
1721
3859
4645
299
5808
3687
4902
8743
3398
4703
5438
6077
8675
7753
2883
741
5139
6446
4437
3723
7492
695
7619
5346
4278
3552
1055
5315
3160
4191
8187
996
1444
6178
4659
2459
523
4932
5065
4316
1652
5707
321
5008
4971
661
8154
7272
5254
7250
1739
5179
159
2212
5498
3546
6525
6408
4861
7340
4475
2935
2929
1794
3780
5718
1575
4339
3996
7899
6155
4619
3425
5161
4815
1288
5428
3066
5682
5255
3476
5994
8363
4459
8957
5846
6250
8336
6238
7117
1610
7815
5841
7101
4464
8970
7083
5450
3618
2697
6037
6228
3404
8611
3326
5366
3334
8584
4403
8196
5299
8544
5300
5995
5694
8528
4381
5283
5792
7199
5843
8853
4960
5404
5705
3943
4465
3788
3695
6387
5505
4975
5057
6323
4767
6332
5231
4175
4140
2106
919
3771
920
4749
921
6793
4745
3679
3835
5111
3673
3936
3992
8121
6468
6476
6484
4018
3897
4716
3661
3664
5544
3879
6936
5066
7934
5506
4241
6101
3564
4795
4818
3626
2828
1769
4411
5417
1187
6404
2726
3843
4964
3276
4614
472
4414
1608
3677
3127
8777
2563
6022
3239
7881
4291
4274
3565
3991
3547
639
4337
4268
2693
3976
1293
4036
4197
3450
3252
4380
4184
4349
940
3619
3270
3960
4338
1077
1268
582
4731
3702
3575
4947
1821
670
1670
2306
7738
3635
526
1135
2786
5010
960
8899
1298
8235
1590
5421
1812
2427
8056
6850
401
1671
179
2761
2642
5433
6595
2448
6383
1702
2560
183
3668
1437
2089
2159
5585
3388
6429
3408
1410
1161
1310
3086
872
5443
735
3807
4710
3745
3845
2350
4625
4737
8273
8961
659
4587
1696
1788
849
6509
2305
6243
2507
2207
3354
1329
990
3264
4066
1631
6390
986
344
550
1499
2793
6032
848
7720
2465
5103
474
1024
6826
955
1196
3401
410
4190
1363
1004
2754
2340
3081
2516
4310
45
2937
2236
3882
1507
2186
6121
4989
2366
870
4970
3763
1472
3438
3770
733
7583
571
2806
3889
4987
965
3357
969
4709
617
966
4632
302
3428
232
1535
2259
4570
1980
885
2939
2647
6612
4774
339
7123
2752
68
1713
5742
5422
3238
7757
1525
953
4801
4921
5
1253
2204
3349
3474
3768
2884
1771
6728
7228
4923
615
5473
4638
1057
3868
8848
2581
948
3207
8761
4649
3521
8290
3253
2490
15
4139
1394
2486
8864
101
2241
2674
8699
3430
8093
1657
6148
9
2708
1423
2497
2467
4740
951
1819
2722
4531
2483
5655
2511
2072
834
4992
4375
251
5298
8684
4558
4873
1404
7011
2318
1248
2688
8620
8977
1059
2807
1569
994
6314
1951
2976
2155
1031
4660
4920
2288
2344
2689
2567
2415
1006
718
5069
2772
4226
7976
4511
2032
4162
3194
4584
2600
2496
3412
5308
1785
981
1479
3169
3453
8629
3150
5018
4076
2146
858
7459
2295
8574
327
3402
202
5101
1030
6273
328
4605
3643
201
1839
2798
5146
5053
3024
268
3809
1221
7748
3051
2732
5395
8642
2545
4121
196
4885
832
1549
5021
828
6207
1453
3113
2799
2848
5246
1225
3254
3213
2531
8910
880
4386
5294
1026
2829
4267
2173
3574
4803
4046
935
6927
454
5224
1359
2130
1060
2373
282
656
162
4101
8772
5715
2219
3632
4401
881
7786
9010
1317
1331
1099
2284
4168
7888
6414
2021
4535
2149
1508
504
3432
2528
938
4420
7020
3816
512
2374
5440
7587
8840
7944
3707
7698
8376
8462
6932
7445
8833
4639
3417
3928
8136
3924
3263
3875
8387
1209
2138
2441
2352
4933
1834
2660
5611
7299
6000
3759
6630
1281
3188
4673
1021
8865
2571
1726
2043
2981
970
1013
8169
1852
2717
3858
785
8388
6132
1193
7263
8019
5449
4836
845
3786
7878
957
3031
4642
1831
1959
325
2572
3869
8709
3822
3218
7394
4166
6400
3871
2612
7038
3649
9001
4984
5459
227
3161
8654
875
5339
5564
3545
2311
6957
2468
7186
1967
8239
5335
5630
1791
1715
4936
1020
315
2533
915
4503
2982
375
2936
3775
787
5810
2521
2527
1177
2787
779
2751
2570
7316
4228
2248
2769
8228
6566
8609
5122
8799
3479
3639
8525
8712
8392
3615
3344
8612
3761
7155
5840
2434
5097
8831
4238
8927
8133
3955
1053
6822
1147
1219
2985
4161
1704
4526
3731
9004
2523
408
383
7348
4573
3917
976
4251
