item_recommendation
25737
8571
8327
4290
7541
7613
7976
7478
7293
7245
8093
7669
6419
1317
8117
8056
8684
2761
7697
7215
5250
5980
6906
6493
8225
8477
4486
1562
401
7649
7872
8447
3459
6073
7914
6564
1816
7192
718
4210
6561
5568
2786
7815
4051
4709
2686
3051
1739
1721
2327
685
3813
1535
6571
7888
775
8596
7151
647
6107
6440
9018
828
3150
879
6743
7437
1111
6695
4873
92
1453
8253
8695
6676
2236
7036
1549
2779
7411
6806
8033
7346
5732
4477
4508
6480
1523
6473
1744
2704
8892
3232
2935
6628
5214
7560
7456
6810
4143
707
885
8290
7386
6256
7811
6095
4768
913
7319
3791
5344
4466
5883
5574
2855
2668
6609
6195
213
8616
8044
7135
8167
2832
2745
1639
1711
2966
1196
5913
6525
7583
2159
2600
4895
798
8622
7046
2427
6579
5395
6395
1777
1608
5926
3071
1972
2429
2504
8070
6796
1833
1363
1852
1783
8360
2856
2915
2766
1267
1696
2325
6643
1812
2979
6132
2294
5932
6718
7367
4562
3864
7324
7116
360
6016
4752
7087
6592
7065
4270
5535
6872
5791
6008
6268
7195
6883
6425
6014
4600
6877
5391
4684
6764
366
3177
918
510
99
1063
167
3005
1759
2922
1080
2074
2215
2285
161
3042
2364
2393
2403
2596
2633
2715
2789
1616
2866
3081
3134
3147
1186
1204
1226
1233
3068
1388
704
2835
306
507
1310
1218
1730
2128
1951
1472
162
3718
47
2858
3006
7219
1997
7624
148
2824
6600
8403
299
626
4998
2399
1184
1841
2494
7802
1657
2946
278
456
3211
741
2753
2386
5867
3072
1333
6835
2605
4500
95
2227
1788
991
4203
6404
6422
3900
1073
6290
2634
1178
4135
1145
4881
3553
1085
4166
1120
1545
6452
2200
2043
2843
6458
7840
4262
348
4101
2243
7099
1699
1929
8644
8003
547
1095
1959
2204
8499
6355
2039
3371
839
2986
3210
1779
1858
8235
8670
7228
2284
3939
1938
3627
2103
243
4697
1689
2815
372
6918
2521
571
2869
2207
2091
504
3016
1130
2507
6684
6832
558
2348
5433
1081
7005
6091
8451
2975
1916
7826
6862
3168
1873
270
6148
6603
8542
610
2583
1719
4178
2990
8807
854
5534
1449
1552
2155
1974
8183
1055
3044
4720
656
5602
6426
2046
2820
7009
291
3185
8524
8410
3740
5765
1667
131
2959
1404
2178
6140
1033
858
619
2135
6294
816
6624
5553
7334
2146
1686
6322
1652
2424
2170
3646
4690
7062
1796
7738
135
5825
6547
1784
2981
1099
6123
659
3420
2567
8699
6115
6154
6599
3041
1860
7636
1573
6201
2864
57
1086
1609
4681
2350
898
2195
71
1240
1925
589
350
5101
7204
945
3133
3128
2535
6281
1428
3221
742
5909
1077
2201
250
7055
8709
5662
534
905
4386
872
2628
1909
184
5151
1286
110
5560
6867
1907
7492
1440
4432
6219
2498
5383
5434
4755
467
1981
1688
327
2130
1150
4840
2164
8819
1513
1580
2180
6143
2194
1271
833
6725
8743
476
34
2182
2400
2210
5023
733
1715
375
6412
405
8927
1377
1874
6620
2310
6431
2014
6721
2439
2746
3706
1586
107
8228
3048
6273
2422
5119
5254
8491
3064
1554
1880
3008
2674
5470
2478
460
1379
2048
5899
7198
1878
1794
7407
1365
1297
8607
2324
2451
2432
1970
1978
3120
4774
1671
220
8580
3007
3174
2983
2582
735
4696
1620
1653
888
2626
3386
4605
2296
4885
6031
2212
3249
2968
1296
3421
1804
8420
2630
387
6735
435
521
3643
6857
673
44
8650
1197
2546
8522
6954
8827
1066
6021
996
7190
627
432
1437
6706
2120
2577
2078
2342
8633
2738
2292
230
2282
202
3216
6958
373
2977
3596
4414
688
1025
2231
861
1243
393
347
6940
2615
1767
2752
4859
4399
2572
331
1854
4141
5620
376
949
838
911
6662
3494
980
994
6961
1394
1059
7625
7143
4538
7790
8711
8577
2641
3098
8853
8823
8623
4281
7076
7925
8240
5933
3872
7959
8954
4302
4213
8373
8208
1040
2421
8239
2870
4897
3861
264
493
2383
4201
6502
3895
4716
3294
3972
1417
3751
2816
2052
7951
7038
2976
6162
1750
6800
4555
5198
4158
5264
6416
2090
6245
6763
4369
2964
3439
349
7502
7958
8813
105
4584
4035
5159
3710
330
2328
2219
1866
2868
312
1631
3155
3142
1353
2927
211
617
3338
3798
2115
1649
183
2465
1354
907
6935
737
4031
8392
8604
2565
2373
7924
6182
6365
1384
902
18
2177
2687
3235
8511
1046
6559
5210
1225
6909
3060
551
1343
32
986
2445
7782
4234
1456
1228
8008
3196
1673
720
5527
4515
869
3004
8848
1390
3259
5632
2193
7354
1391
6927
1076
3660
361
1361
4920
6114
1020
1641
1598
4139
2726
653
6039
3963
7327
3893
1322
7305
2476
2506
5754
1884
6498
2611
2071
8730
2168
2897
2629
7932
4342
848
5516
3217
1645
5012
5902
8772
494
2134
285
3066
5850
5617
129
1582
3074
6064
6454
7946
6537
3946
6329
413
7579
1292
4704
7481
750
1859
1717
6957
7720
4329
2762
1593
846
3107
3204
753
3955
1408
3980
1713
132
4076
2672
6686
7299
1275
72
1051
371
295
8014
7577
2741
4062
7340
1097
4606
2956
4231
1483
731
6410
6424
6850
550
2085
2010
2021
6760
934
8207
6722
2681
4686
4701
2861
6703
3000
745
1126
304
225
1397
899
1684
3292
5026
498
7265
1894
7728
2132
678
6552
3837
2937
4973
1660
824
3511
2388
3947
2733
976
950
1335
4782
6669
1507
2939
3474
3219
808
1556
3176
1640
6751
1078
205
482
2290
1973
7822
6930
328
7995
43
1975
2525
1089
559
3913
1104
2877
2649
227
3086
7110
784
3190
8482
337
7701
1647
1931
1644
2051
956
1583
1819
5636
714
4047
1702
7013
2826
5581
8340
674
1726
5500
5723
1264
4169
49
5033
1324
580
3324
5293
936
832
5991
