item_recommendation
25737
8093
7697
8327
7872
8117
8571
8447
7541
8403
7613
7914
8290
8253
7560
8225
7669
7437
8360
8207
7802
8033
8070
7649
8183
8420
8056
8813
7478
8477
6609
8684
8235
8638
8385
8273
7728
8154
8167
5159
8743
6751
8522
7976
7888
8772
8499
7636
8861
7782
6178
8003
8535
7186
8899
6154
980
5980
7878
7293
8998
7771
1003
6355
8596
8039
6091
8661
6579
5723
5597
8600
5662
6073
8819
6826
5515
8410
8689
6918
6365
6718
6902
9018
5765
8589
8636
3368
775
6829
5264
960
6970
3232
5742
8761
7938
8665
7407
8670
8482
4941
7234
7245
7394
8507
5186
8961
8654
8709
6493
5715
6260
731
7738
7932
8695
5909
4550
8008
8376
6314
7753
5968
8136
8859
8580
5008
4920
7786
5655
7228
6242
5853
5768
5288
5839
5675
9012
8591
4414
6728
8807
724
3875
8187
6103
4366
745
8607
3816
4417
6684
3235
5936
6121
6047
6568
647
6676
5296
5117
7204
2659
1515
6760
8879
8629
5926
8633
8777
2769
8491
8142
266
1317
4731
4420
5033
5433
626
8699
6835
3281
6446
7272
8943
4076
7577
5693
5815
5729
8366
6531
7502
976
8451
5413
7099
7809
695
8462
8848
7831
4844
4821
2374
4873
4427
8542
8157
4740
8892
6513
7817
6703
7096
3377
969
7487
4846
5275
1513
5312
8147
5193
8511
741
8524
7171
6624
5291
7263
5888
5323
5410
6547
3799
7743
984
7160
8827
5732
6521
6294
5139
6743
7995
8781
4984
7182
6195
6695
4765
6862
5282
3584
8625
6404
3324
7078
8675
7456
8751
3819
4153
285
7208
6748
8864
8121
8720
986
7748
5752
6464
5198
2300
8910
880
5666
6331
6591
2186
5689
7254
5940
7705
7311
8903
951
1046
5825
8920
4782
7897
6630
3213
7354
6798
7492
5971
5038
5625
6132
5254
4945
7881
1012
1907
5203
733
4878
7299
1523
6530
4437
5710
8194
8484
5210
6116
5365
8268
3489
7822
964
7346
4440
4795
6408
4552
6436
6612
4923
2038
3307
7789
401
6223
8261
990
45
4477
4577
6803
5808
5699
8768
1870
6498
5832
5641
6559
2780
5611
7919
129
5177
1744
6832
8979
4432
3173
1006
8576
7107
7334
5161
3028
5099
6000
5834
659
3334
3196
3188
7840
7260
3936
7990
5304
48
5398
8906
4241
8808
7135
5363
1844
5672
4251
8640
7892
4809
101
6035
4121
5012
8838
5836
526
2288
6286
8882
1816
6375
7833
2062
7619
4584
6383
5443
1507
7764
2764
5795
3417
7055
7419
6774
4194
864
1187
5226
2548
3284
6077
4914
6896
4086
725
3127
6509
1367
6219
998
5572
8604
6887
2183
3996
2696
6390
5696
3587
8275
5857
6400
858
1767
6318
8614
4262
5735
5466
2982
4108
2654
7016
6706
3113
6550
8835
4976
5046
7192
3176
5285
4761
2824
4980
2956
5134
7282
1053
5055
8927
7415
5009
7380
5850
1437
6768
263
2347
5329
6422
5214
7198
2688
6985
5548
1288
3758
4316
3387
5462
962
3194
7051
1192
1777
5600
5243
6502
4638
4895
4903
1812
535
7357
4801
5170
6791
7038
6850
3515
3646
2418
4840
4312
8392
4079
955
8984
6470
947
5085
6426
4016
2935
6348
4967
2212
6662
1021
4848
956
6800
8616
7316
2513
6963
2704
4450
3163
2120
5080
7012
1739
6827
8044
4706
6678
4727
8422
6584
8009
8672
5801
7309
6645
2184
5684
6062
865
7235
1104
735
4929
6207
4369
8977
3889
8123
4300
3497
4263
4228
1059
4428
5400
5401
4999
6732
6754
5685
4105
7063
6341
3957
8949
4104
8828
6432
4834
6636
3467
3038
4090
8057
7812
7150
6378
4688
8915
3266
3499
5847
5517
3654
2640
7136
8785
8158
8423
8955
5736
5678
4994
5373
5002
5001
5700
5003
1617
5004
5746
5667
5670
7947
5826
7791
3611
5577
4832
5686
6851
5796
5690
3491
5056
4889
5680
7153
5034
7702
6852
7130
6885
912
8610
6060
8921
8985
8130
8138
8966
8372
4677
8197
6105
7017
8582
8371
3825
6342
8872
6650
6840
1624
965
9001
3698
6516
8254
1057
8866
3241
7458
4987
3495
5745
3238
2660
1147
3096
6641
1581
5553
2154
7585
2937
8840
8833
7587
4639
3924
7698
3263
6932
3928
7944
3707
7445
6296
8642
4649
7566
7894
6658
8228
2407
1408
3851
7161
6533
5585
3250
2798
6762
2647
3604
7045
485
4491
7757
1636
1024
6739
6225
4404
7583
7126
1352
5952
6234
3157
6744
953
6977
7818
4039
4171
8871
1508
8387
1580
753
2594
3093
2340
8617
2546
6535
3608
1824
6440
5558
8948
2941
7584
3997
3500
5603
3964
2605
1805
189
5378
4020
4292
8950
7845
8526
3492
5900
8908
4692
4811
6415
7044
6370
6203
2496
4188
2983
2582
5810
3752
8459
3668
8718
6232
3359
8531
2772
7792
5899
4490
8620
8014
3632
961
9004
915
885
8042
7379
8810
4002
1831
5568
3795
3882
5504
4911
7826
7189
2231
2668
2473
1047
6162
1040
6880
2976
7481
4792
970
7569
5102
5569
8745
5053
5449
1013
6021
8914
1531
4963
2534
6254
5873
6183
1973
2478
1752
5581
8239
5891
968
8530
4901
743
2188
1804
4532
3871
872
5809
8453
6953
1834
6261
5164
3560
6395
8857
7624
4936
4680
3656
4095
656
7762
3256
5419
3125
8131
4996
3869
3693
1702
1750
4045
2118
6927
892
4686
2801
15
6981
1562
4833
954
3860
232
6782
205
7340
2730
5604
5075
3218
1783
2144
2617
6686
4298
3702
2651
3210
2173
4658
6243
2577
5521
3759
8574
8854
2981
1569
5218
3714
3854
840
1125
2687
5458
4401
8865
3753
1771
1336
3927
4290
1017
6562
1060
4162
4389
7616
4885
720
1078
748
5882
6765
2458
6966
5440
7958
2581
7121
498
6920
1010
5605
6940
2993
3445
5418
5021
4678
3402
2799
6114
893
2073
4736
472
2078
3649
931
4066
7090
6571
4051
2686
7820
5772
788
963
3456
6777
2383
4691
5718
886
3981
5703
3408
5945
6140
6771
5498
4981
888
