item_recommendation
8403
7872
25737
8327
1635
8256
5276
8533
7481
8183
8117
7697
8093
7541
8571
5279
8447
4981
8290
7613
8147
8225
7914
7560
7669
7299
7437
8360
6154
5135
7782
5159
8772
7649
4464
8459
5515
5742
6930
5765
7247
6528
8596
3286
2932
1629
8899
8499
5662
7728
8033
775
5723
8207
6260
8154
5186
8253
8003
8743
6047
6073
8998
6902
7878
8070
7636
8636
6970
5715
5768
8420
5675
5288
5853
8591
9012
5597
7478
1513
6918
6314
6760
6121
4550
6178
2668
980
8580
5008
5177
6493
5729
7407
6091
5968
6751
731
3875
1003
8376
8136
7293
8235
6835
7938
8720
5264
6355
1870
4740
5655
8410
4731
8462
5710
3495
6103
5666
8906
7245
8777
5282
7234
8385
8629
5808
8522
8859
5275
4153
4076
4941
7831
5312
7802
5323
1515
6513
7171
6579
5752
3819
6676
8661
4945
8121
5732
2769
5363
6718
6547
5466
5839
8477
5357
5936
741
7186
8589
5815
8768
7254
5410
1317
8699
4821
5365
3851
8387
3489
4795
7502
5689
6341
6826
4967
6803
3377
7394
6684
1507
5352
1777
8607
8275
5038
8848
5291
5699
2659
401
8056
7078
6850
7334
7888
5139
647
986
4450
4923
8961
5413
8142
7753
2654
745
6498
5398
7260
6436
2347
5254
7771
976
3334
6404
7311
4241
3936
5443
4895
7419
3307
4980
869
7055
2696
3324
5625
8943
6896
8807
6728
6464
5735
8167
3232
4765
8882
2956
8524
7204
6530
960
6840
5611
6774
5102
5888
3368
984
3889
7786
5672
6035
5483
724
2513
5198
6408
7263
6025
4976
8879
4727
5243
8665
6827
8542
5055
5795
6294
5940
5693
1192
5641
6375
6985
5836
7764
3758
6887
8654
3611
5572
864
8366
8670
6422
7208
6963
7346
5167
5170
7198
5834
8838
6706
4016
4440
4963
5400
4477
626
7357
4903
5909
3284
2184
6645
865
6331
8828
1617
5285
5680
4929
5517
5001
5667
5003
7947
5670
5577
5034
7235
7919
5678
7822
7309
7791
5056
5686
8921
8949
5696
5401
5373
5685
5684
6768
4414
8835
5004
8966
8955
4834
5462
5718
6732
6060
7063
5700
8672
3957
5746
5826
4832
5690
2640
6754
6851
8371
6852
6800
4889
5002
4104
8610
3491
7153
3499
8123
3497
6105
3825
7702
4312
6432
4677
4300
6584
3654
8197
6342
5736
4420
7012
2183
4428
7017
8582
8640
8785
8423
5847
8872
8138
4994
8158
8372
8130
8985
5796
2188
6377
4999
1805
3241
695
6470
4984
6296
5203
5117
4105
7743
3359
3584
526
5504
733
8638
5085
5458
2418
3188
6533
6286
4873
4437
2605
3096
6225
2473
4432
6400
4878
6232
8709
6658
6365
947
8781
1580
5214
5899
5053
5193
6678
2548
6383
2582
2983
6832
7272
4801
4680
2651
5810
1508
1739
4490
1523
266
129
5161
3093
4584
3759
4263
5377
8761
285
2798
5021
5033
5419
5418
4045
2688
8689
8194
6467
3971
8576
2832
3500
1021
4920
969
2300
2764
8920
6920
2496
3445
4844
1812
2009
1047
8451
5832
1733
2982
3656
6243
2189
7748
4649
6207
8854
4095
8042
4121
8008
1006
4219
6630
2458
7894
4532
4366
4833
659
5489
1187
3194
6100
3173
5498
3238
1907
2478
4316
1437
4957
6368
5313
5518
1147
2120
4979
2993
2801
3816
1750
915
2650
8684
2546
2107
1053
6506
4736
6744
1581
5553
6234
6195
3753
4298
8268
8129
594
4195
8820
7080
8819
4686
2892
4246
7705
968
3608
1980
4743
8392
973
8157
2912
3402
6609
6509
964
2976
1382
3668
2441
5304
4462
4079
6730
5649
6521
101
753
2428
6612
7881
2118
5891
3028
951
5745
1624
8808
1049
3127
2647
4043
6591
725
4401
4996
8642
1005
735
2774
1057
4670
931
8914
4678
1367
2374
858
5585
2227
1017
4417
2780
743
4427
48
4066
1046
2687
5857
4735
2660
8984
4885
3869
2534
6093
6568
748
4914
263
1012
3928
7587
3924
4639
8833
7698
3417
7944
7445
8840
6932
3263
3707
6671
6624
2730
7619
746
5772
1771
535
1104
6116
4171
9001
2898
1010
5296
3256
7738
747
6940
8261
6395
875
1562
1084
1014
3456
5473
1822
893
8633
2062
7809
5644
4577
8865
2088
990
965
4911
4809
5425
1438
892
4936
7089
8604
2288
6440
472
7379
953
1752
6559
963
4251
1479
2090
4173
5980
5650
9004
7282
1767
6892
4511
1762
802
3281
2365
1024
6862
2186
1288
6211
6242
7034
998
232
189
788
1059
2935
1501
6798
888
5971
8332
4840
2360
4033
4404
1517
6390
7091
3142
6114
961
4718
5952
1744
1819
7577
3394
2500
6748
2937
7757
5449
4901
3766
2433
7126
2383
6571
6950
5440
516
5588
6062
5375
8453
6550
8187
719
45
8574
1690
3882
6021
7792
7038
4247
1689
5926
1753
4262
1631
1092
1078
2938
4956
1056
4391
4101
2617
3444
7624
4925
8751
3795
3913
1909
1873
4552
3235
885
7371
3693
3213
3714
1844
3587
1018
1060
274
1008
833
3985
3388
5960
3959
4159
3854
5384
155
3157
5009
2686
8239
171
1831
4638
3575
7444
2318
955
6636
1518
8977
3408
6957
5182
2415
3702
840
5356
492
3251
7817
2799
5241
750
844
1839
2407
4228
3487
5017
5801
3207
5165
6822
7160
5777
1636
879
8910
2159
5329
205
218
6279
5404
6037
6593
2481
4846
6186
5604
8482
880
4960
8491
6650
8609
5208
3140
7932
2981
2236
3452
7789
4130
2741
6473
966
15
321
7995
1301
7107
7487
2241
2482
6791
3351
656
4471
5151
2212
6273
6290
2772
1711
3218
5923
7316
5277
4859
5646
720
8675
8614
2331
1735
2471
2642
7976
3522
16
3871
2797
6757
1472
4968
6662
1807
4636
6858
1816
6077
2622
5164
5754
7215
1531
6143
1019
3604
4520
2409
970
6446
5607
1042
4355
5799
1004
7990
6223
2609
981
3632
1352
1173
962
793
2860
872
2077
1152
957
8191
1030
105
113
573
7099
2594
4761
6966
4691
6535
7096
