item_recommendation
25737
7541
7872
8327
8571
7914
7613
7437
8093
8117
8253
8033
7697
8447
7636
6559
8360
7669
7478
8003
8225
8290
7560
7299
7705
7738
8056
5597
5159
8183
7802
8070
7809
7407
8420
8827
6751
8385
7649
7782
6760
8154
8879
6148
5850
7979
8522
7484
8477
6840
6365
5568
8684
8207
3232
4761
8403
6944
7841
7843
7706
7844
6318
7728
8772
6748
8235
5965
6283
6178
6615
7245
6617
7355
6185
8167
8743
8661
7938
5021
5264
4885
8751
6918
3281
7976
980
6686
8670
7577
8410
7293
8998
9018
6835
8499
6579
6294
6826
7932
6571
7394
8910
6390
3368
6091
5980
8899
8761
8859
5515
8589
7020
7888
7204
6728
8709
5765
6073
8961
6513
6803
8596
8819
6493
7753
5723
7186
6970
8491
6154
4873
4821
8777
8927
2311
4920
6195
7211
6207
7160
6636
8654
2659
7234
8903
8008
7831
8039
775
6355
8665
7619
8261
2779
8268
5909
7038
6440
8482
960
3402
5008
8187
1003
8848
5815
6658
984
7878
3158
7050
4584
4809
8376
3235
1513
8136
4782
3816
5611
4437
5588
7995
8511
8807
3587
4941
8451
3882
2688
5117
745
8699
7786
3324
8636
5164
4366
5729
3875
7228
5742
4577
5410
1523
5867
6612
5662
4550
8633
5772
3428
6624
6981
2062
6609
7881
7492
7502
7099
4801
4731
3210
8607
881
5968
7282
3632
7892
8239
6902
8864
8580
7720
7263
626
2227
4600
4076
8604
7171
1329
7748
4121
266
8892
6832
6400
5186
7757
2318
5952
1870
7272
129
3522
8977
2772
3188
8157
4911
731
976
5177
6383
8695
2212
7585
5296
8675
1744
858
659
6850
2374
6630
5936
695
3127
3377
6547
6550
6314
6676
2340
6892
5312
5288
1907
4984
5198
1437
5534
6999
6260
8542
5839
4740
5715
7316
3361
8629
6774
5581
2295
5433
3608
8745
6404
5926
48
3668
7840
5489
6521
1515
6718
2935
5787
45
8131
526
5012
1992
6703
2605
4420
2727
7771
7583
4765
6039
6591
2300
3417
5768
8228
2686
7897
5853
6684
8914
4290
8524
7789
7121
5689
1046
6077
2288
8689
1816
5675
6162
8591
7456
647
955
9012
6395
733
3292
6731
8507
4846
1812
6957
6535
8979
4079
741
7055
8722
4696
2436
969
7334
1777
1767
6140
5038
8609
4414
3093
4923
1317
4936
8392
7189
5825
5254
7817
6211
5473
6509
954
6498
285
1562
4171
8943
953
4432
7177
5139
8462
8616
6116
981
4658
6862
6739
2236
6143
4153
5413
4861
5193
8387
8920
3913
5699
7130
1507
4795
5693
3604
6114
2506
8620
6121
5655
1580
840
1288
4047
986
5666
5134
1844
7068
7713
7011
7990
4262
3996
994
6927
6446
5470
5398
6595
6408
2769
232
6877
966
7325
9010
7107
5033
401
6530
6858
3205
6932
4830
8132
1024
5808
8169
5210
5440
6568
2620
5641
3334
1696
5291
3489
4194
2780
8625
8642
2860
3160
4108
7444
3924
3928
3707
4639
8833
7698
7445
8840
3263
7944
7587
2660
9004
4188
3819
7096
6920
1026
196
7894
2687
6436
7254
951
7826
3307
2609
971
4404
7260
3213
8984
3936
1021
4241
6650
8014
2344
7415
3420
4552
2647
7135
4756
9001
4304
7078
5945
4316
5752
3869
8768
3751
8191
8574
724
1624
6536
6562
5443
5888
6203
4251
8147
970
4632
6985
965
6422
7192
5282
7195
4895
8865
2521
7487
8453
8810
8720
8484
5275
5834
1771
7016
1193
5599
6552
4440
915
8781
5365
8600
2912
8121
189
6906
1590
6000
3702
5046
2668
1006
8142
2982
6279
990
6021
4177
4246
7340
7303
964
3163
321
4878
7919
4649
4417
6982
4427
6744
8854
6695
1187
2617
6977
7366
8044
3194
7219
6885
2496
7762
7208
535
2478
888
6662
880
2173
3251
7458
4375
1352
912
8388
6298
6458
6896
4945
4638
3708
4161
8799
6464
5097
8525
8612
6566
7155
2696
3863
5556
3344
3639
4238
7958
3761
2434
1004
5840
5122
3615
8712
8831
5832
8650
1145
5553
3479
8133
3207
8813
6798
4162
3804
2937
5585
5161
6791
5810
5795
735
5521
4848
3238
3515
6768
2981
3113
4391
6051
2347
6132
2427
2704
2581
656
4603
3714
2897
4727
3028
7380
7034
288
8795
6348
7627
1831
8057
7812
4840
3038
7150
8915
3467
5625
3173
2799
7136
4090
4688
6378
8882
3266
8866
8194
2801
7792
6375
4051
101
3845
6254
8254
263
1125
3799
3698
4914
7126
7481
6426
1794
7419
1209
8273
7448
5628
7036
6706
816
1281
485
6442
4686
3250
8667
6470
6263
4369
31
1408
1476
1472
7212
5449
7161
4135
3854
2956
5784
4024
8871
3364
8275
5080
2798
5857
5269
885
140
2513
8718
5498
1531
8531
3487
1739
1060
7759
5304
6047
4039
3795
5226
8336
7250
864
5558
1040
4704
3693
1161
5801
2241
4709
3379
2186
1819
8617
6502
6341
5603
5684
753
5462
3408
5017
4394
6123
4987
3431
3256
1053
6762
5710
6223
1487
2418
3176
2038
1132
2248
5791
1980
2407
6641
7343
8808
6887
3456
6800
1020
861
6516
8835
5202
5707
100
6669
1804
3843
2415
6243
561
5323
5378
8614
3354
7101
5732
1824
4491
2433
4088
4284
725
1581
6816
4273
5065
7566
7822
3438
3584
492
2404
870
1612
6035
8366
3125
2159
5940
6031
6242
4876
4837
8640
144
8730
5466
2144
6367
3655
15
5923
828
472
7198
5170
5836
7311
7110
1135
3218
998
4166
4016
3646
8576
7089
1876
2622
6331
875
5146
8009
4976
2366
957
5285
5672
1834
8123
2516
2396
4033
1057
798
5114
3284
899
5055
3643
3602
1569
1225
3157
3889
2925
4228
3351
1336
4897
6690
4312
5971
4002
678
218
5151
785
886
996
7180
2371
7584
1042
5363
7346
5053
5900
7051
4255
7044
4292
4811
947
8526
7845
8950
2004
3997
4020
2546
4692
2594
5809
8948
872
4515
6370
6415
2966
3871
1529
8908
2941
3492
522
3710
1652
2394
2457
1508
4101
4401
8638
