item_recommendation
25737
8327
7541
7872
8571
8093
7697
7802
8117
7914
8207
8253
8183
7669
8033
2286
8360
8290
7478
7613
7560
8225
1523
7437
6073
8056
8070
7649
1816
5765
3763
8447
775
8477
1333
6195
3232
980
5515
259
1580
7976
7245
8167
8684
8420
6211
5410
8522
6178
7492
7932
626
5980
7407
4600
6154
1513
6365
8261
5772
5597
8235
2686
7738
6493
3377
2885
5159
6395
7995
5556
8848
9018
401
5134
8743
3587
7809
8675
7728
6355
7636
8998
2159
8772
8892
7228
1777
5312
1870
2605
5177
8039
6579
8807
828
8187
6091
1507
5198
5689
4290
8499
1744
7282
3529
5269
5784
8451
6636
731
1003
5742
7272
8903
7577
4709
4696
4088
2455
3368
8511
6970
5825
2565
8607
741
8003
4246
3235
8403
984
2769
1739
735
1111
8273
7293
3420
647
6918
4121
6658
6148
4748
3122
4911
7340
5033
2212
2764
5791
8385
976
3163
3334
8819
8795
4414
3868
3292
8604
8596
798
592
5729
8943
8722
858
5808
733
527
8709
7444
2912
2966
4809
5254
960
5038
34
8636
5433
7782
718
4873
7815
1317
599
2504
8616
3324
2062
986
6559
7881
1147
2668
8482
6408
4273
8121
5193
869
5470
5398
7394
2506
5139
3936
7260
5666
981
3511
3999
4658
1515
5715
6077
1120
7979
4649
213
5182
5489
521
4584
4241
4795
1839
793
1788
8542
5413
8827
7934
183
1444
4284
3889
7892
5538
8336
8154
1794
5114
6383
1907
4366
6850
5315
745
1831
285
1453
6513
1657
4731
1562
5395
6525
8777
1320
3604
6279
5264
8695
885
888
5443
5787
8761
608
3060
753
4550
8751
6906
4552
4920
1076
3408
5628
8491
8524
1812
4703
839
6690
4830
2310
7192
5718
7899
3238
8410
1472
3051
4316
6140
8879
2227
5404
1721
4386
2186
7789
5046
743
7130
2761
8014
4638
2835
3210
7115
6473
5352
1040
7334
3816
3608
5008
2300
2829
2704
990
6446
2688
1053
3563
3515
3489
1145
1046
4941
875
3900
719
6273
4945
6162
893
6835
6440
4818
4740
6760
7564
673
4782
7177
1057
6751
6422
4262
5069
7139
5662
955
472
5146
2832
4987
5186
3643
963
6482
3434
2826
7299
1652
750
5846
8580
6260
6132
7101
2935
1852
5288
135
1525
1819
969
5498
7878
3653
3357
6237
7458
4051
7840
4848
1440
3081
3459
8853
5777
879
3194
129
6484
1639
3780
7121
6957
1020
1030
7160
7204
5850
8661
2696
474
5723
6294
2786
3370
3819
7171
2741
4101
5101
5707
4716
3404
1688
5968
2815
5853
1401
8625
526
5926
6400
7897
3066
8376
1726
7234
5348
3522
6404
1479
8157
1767
6718
5544
4194
2687
4166
1713
695
3843
8979
8600
724
3086
4626
1844
2545
4972
5027
1497
6051
1549
4865
6896
8544
7456
8136
4570
4207
6431
5304
5010
6902
7585
7619
4511
968
7250
232
8629
2560
5675
5768
8591
5427
3213
3140
8915
8813
4688
3266
3038
6378
4090
7812
2676
2669
8254
1771
3552
3398
105
3281
5053
2562
3264
6476
8808
2779
824
6322
5843
1500
2801
4815
2892
951
7762
3879
6684
4960
3354
5108
6498
1004
4203
6703
4475
954
5506
4175
4140
5682
4018
6793
3992
3943
6037
3835
3788
6936
3771
5179
5694
3695
7117
3679
5995
3673
3664
3661
3618
5994
7199
5705
3476
3326
5792
7083
2106
5450
5111
5066
5057
6250
5231
6323
4975
6238
6332
4932
6387
5255
4767
6228
4749
4745
5283
1610
5841
5299
4465
5300
4464
4459
4403
4381
2697
5366
6468
3897
5505
919
921
920
8611
8196
8363
8584
8970
8957
8528
3546
4515
2448
953
7958
1394
3543
6101
2883
1696
667
996
8589
5291
7826
5611
1006
4146
5417
1026
3284
4947
3996
9012
2699
2306
4349
1769
2828
4411
6318
1631
1598
6022
6547
3276
1970
8699
3564
5282
8650
4964
8838
4861
362
1783
410
4440
5151
5428
4971
1288
5655
916
915
678
964
6031
2494
2976
1699
1310
8810
1035
4921
4380
5202
8899
5458
3425
4482
7016
1041
4963
1268
3677
8617
1826
582
6840
6595
3751
3467
8057
7150
2097
8194
2772
7136
2427
2559
5989
5899
1608
299
4508
2513
1013
923
1209
2798
3698
659
3250
7919
8866
3807
8914
2633
4027
4042
640
4495
4006
4415
4402
6427
2340
2486
1161
4727
2507
5224
2478
2241
4084
4055
2288
2770
4369
1801
4399
6414
321
8019
3882
7254
3150
1363
3349
1196
726
4002
1404
1408
991
8531
4765
7161
8871
3768
7787
4989
881
1042
2193
2647
742
6000
872
2350
2231
2546
8689
4178
2752
966
1619
670
1463
4383
4612
4684
1352
2313
2204
7123
6676
2600
4139
2481
2371
5421
746
3412
778
3575
961
1077
1437
2496
1951
4710
4039
5603
2207
818
3024
1641
6826
6571
7215
4577
4846
816
1529
7753
4278
266
7055
2523
7583
304
5323
4895
1690
5839
3854
720
4177
3421
6669
4619
6155
7705
7419
6877
2144
3983
3185
5521
2681
4437
2521
8147
3000
1575
2983
2582
5161
1504
1834
4587
3521
5942
3169
1060
48
4045
2689
463
7743
5018
3871
6121
4076
4970
5936
6416
2860
4954
1909
6314
1582
3859
4632
6159
2609
4634
5329
2327
360
1535
1135
4690
5087
2843
8670
2531
1449
7459
1476
1894
3875
5568
3402
721
3273
5250
8123
5117
16
2088
6806
1804
3913
4337
6442
2385
6458
8142
2528
251
2305
6290
2248
2726
8008
7348
2253
2516
366
4228
4235
4802
5170
2618
1202
1132
6927
2611
2459
3602
2936
1502
6390
4821
1017
1187
6706
1948
945
2708
4190
4491
1779
3660
4342
6721
3173
2236
4417
6056
3745
8927
939
3545
3538
3963
8341
2649
1590
1103
5308
5119
6405
4854
2866
5909
3759
3626
1078
3224
1281
1569
1501
1686
2437
2098
9010
1125
2806
3317
748
714
1785
1660
1184
7379
2839
1346
2072
196
7142
3804
6728
3125
912
3401
6047
3646
482
