item_recommendation
25737
8571
7872
7541
8093
8327
7613
8447
980
8360
8117
7697
775
7669
7914
285
7636
960
7560
8253
8070
8522
1523
526
8420
8225
7782
8385
8183
7437
976
1744
731
8033
48
626
8154
129
8661
647
535
1816
1513
7234
1003
7938
266
745
953
8859
741
5159
733
2686
1046
984
7738
888
1907
8899
858
2659
955
695
45
966
1812
5264
986
8743
472
4821
2227
969
8056
7753
1777
232
1507
7186
8290
2062
4550
401
828
7802
2935
735
3368
196
4262
6195
8403
1006
3232
8654
8207
951
8879
5723
7407
2212
8477
8961
8761
485
205
3188
5909
2504
718
844
6728
8003
5410
6091
872
3751
4437
3235
5597
2300
1288
263
1020
656
101
880
8008
4941
2605
970
5611
2374
8235
6630
1767
6609
8709
5515
498
3324
1652
964
1437
2288
912
870
1515
1562
1771
4577
522
8665
869
6970
2780
8684
1317
994
659
189
720
5117
8977
407
1024
1624
6826
6365
4079
6918
4076
4809
5008
1125
7728
1101
990
7293
6579
4638
4731
724
31
7478
8410
8670
981
1004
1472
2772
1053
1057
2415
2769
8589
1013
793
8376
8136
4658
881
2496
1580
8910
1187
2398
4366
1030
5765
2937
1831
4584
1042
2407
7786
725
2248
2173
2981
2775
15
915
1060
7649
1145
4801
885
916
1739
2427
2982
638
8596
5489
16
3127
2688
3875
954
554
4984
274
7705
1021
2798
1099
3816
7619
4936
3869
8819
7263
2340
1696
1132
893
2687
140
1721
1870
996
3668
4432
5198
2815
6390
7748
3417
7121
7394
6612
8998
276
4923
1639
2801
7881
840
4251
419
8604
321
5473
2761
5588
2478
3702
798
155
4873
6521
1225
2689
7282
2241
957
8499
5296
1531
2385
3428
4761
275
29
2506
1657
474
2669
2786
3307
2660
482
3377
2793
8633
4404
963
1111
8689
6932
1970
1028
7299
1010
7587
7445
3924
3928
3263
7944
3707
4639
7698
8840
8462
8833
1026
4391
968
105
9001
6318
965
4795
1209
1059
785
2617
6658
802
1040
962
726
207
8777
3028
8642
934
4649
2154
479
3113
1008
6143
2439
6314
4895
219
1582
5834
4427
6559
8920
4171
3456
1367
2204
5
4600
2966
1834
550
527
7894
1331
998
461
5139
3093
866
5810
2458
3632
3795
1012
746
1702
2347
5772
7817
427
4162
9004
938
6832
3281
5470
1819
5585
1032
492
6774
6892
5365
2494
7126
1581
3608
3854
4414
2622
1352
7888
3086
4782
3051
5449
8261
7038
2159
2897
4696
6000
1517
2668
7831
2236
7487
5498
6355
7204
2647
1676
8699
3210
1497
3150
3176
861
2318
2799
5177
100
2366
3714
2752
1428
1688
6885
6207
3799
5839
1131
886
1997
3804
3604
719
6550
6748
244
2418
7792
1047
7316
3238
2892
3587
685
5729
6985
4740
6624
8268
1161
1844
1876
5021
1500
3081
6676
422
5312
1147
1535
947
2843
268
2674
1608
5787
875
4246
2155
2186
6498
1504
3996
6509
7789
742
2741
1078
5164
7107
6077
1393
6243
3805
2621
2442
961
5742
3213
8187
5186
1363
6436
2399
7759
5936
3211
5556
8453
2468
2335
786
748
5161
6798
1358
2976
2465
34
7577
4188
6154
4316
2570
144
1810
2331
2829
6791
2770
2481
1852
3140
7976
899
4830
4911
157
1438
6493
3251
6073
7272
2572
1330
2078
6744
5952
6591
2832
1783
7484
1590
3218
5538
6858
3584
1959
531
3522
5926
6803
2912
1281
1346
2583
2433
4844
8751
2146
4634
1794
2521
778
4920
2548
8927
2779
7189
327
1184
162
1525
218
1196
2925
580
7245
2609
2473
6056
1476
8864
3292
6751
7583
2860
6440
1518
7809
6977
753
4885
6703
8157
2082
5815
1636
1017
6116
8482
1120
6178
6636
1429
3152
135
6186
2342
4033
2546
1951
8167
7720
6400
5017
7444
3575
1779
2195
832
313
3351
3989
4673
2368
4153
8169
6920
2866
5968
743
2437
8392
2202
4515
760
3845
1036
1501
213
561
5980
2900
5604
2284
1433
7380
3160
5165
2730
1453
2383
8848
3819
1866
991
2692
1750
6395
3207
4458
879
8614
1941
267
8781
2026
9010
1569
2128
5114
700
2201
2600
613
4420
7208
6927
8984
2651
7932
154
3489
5291
1286
2231
5226
7099
2149
7211
5693
7171
372
7878
704
3068
1759
2789
1204
167
3134
2596
3042
2922
2715
2403
2633
171
2490
3157
2404
2709
3388
348
6760
2325
1104
113
8722
95
1493
3687
7979
2394
3649
3243
322
8388
3199
721
510
1063
1080
3005
2393
2364
161
1616
1186
2766
2215
1233
3177
2074
3147
99
1388
2285
1226
918
4645
306
3882
7990
5662
3481
1241
3979
4009
4010
4014
4011
4053
4012
1394
1114
8228
5558
423
5888
5352
5222
1689
3863
1173
4727
1055
945
4375
6731
8865
2447
1730
8580
3900
6835
1508
5971
848
5053
4135
8133
5122
3761
7155
8609
8620
8612
8525
2434
8799
6566
4632
5840
3639
5097
3615
3344
8831
4238
3479
8712
8239
1092
2858
4603
2120
7078
3354
3431
4161
8131
4680
2582
2983
7757
6535
3860
2500
3452
6981
6562
6739
2396
1631
7415
4290
1025
4228
835
1095
28
3067
2577
7096
1449
2581
8772
2207
5413
3194
1824
507
3402
2438
5241
5440
6850
1041
6536
2327
6856
4914
2507
5000
32
2567
6902
6530
3754
1218
8507
2835
47
1085
5315
7311
499
2043
1788
1841
2440
2634
3256
2178
2350
3508
126
2956
2429
5655
2534
816
8451
7011
824
5832
5288
8387
8827
2334
8574
328
2533
1711
9018
6294
6121
3071
1972
278
7195
2986
1641
1980
5689
5254
93
761
6686
183
7254
956
864
4121
1549
5809
2038
608
2441
2344
833
6348
8044
4703
6777
2753
1629
688
3540
2975
937
3296
4263
3387
2946
291
6211
1822
5857
2517
1482
6568
2039
4177
1821
2764
7502
1900
3006
1715
999
