item_recommendation
25737
8571
7872
8327
7541
8093
7697
8360
7914
7613
8447
8117
8253
7669
8033
8225
8056
7802
7437
6559
8070
7560
7478
8420
8290
7636
8183
8522
8684
6669
8477
7407
6365
8385
7738
8207
7649
7782
8154
7976
8235
6743
5952
8167
8743
9018
7728
4830
6579
3232
5159
5264
6091
8403
8661
7932
7394
6178
8003
7245
8879
6051
6195
7293
3347
5980
7234
8751
7228
6636
4873
8709
7809
8008
8848
5765
5597
8761
6493
980
4842
6850
7938
3368
6073
5433
6748
8961
8410
8261
8859
4920
7492
6918
8998
4600
6826
4821
7753
5117
8511
4584
8819
8499
8899
6624
8039
8596
4941
5909
7995
8451
7186
8892
7840
6355
4121
8772
8482
4437
6970
6658
4290
5723
5012
8589
6140
4846
8604
6383
4809
8977
7720
8777
6695
2659
6521
8670
6599
8187
5772
6154
8665
2062
8654
6927
8827
6832
6728
7881
5625
4366
7299
8491
8927
3324
8633
4911
3668
3964
7130
7577
7705
7583
8807
3281
6609
7282
7786
1562
960
5008
7204
8376
7619
8136
5489
5515
4577
3235
3816
6920
6207
8616
1046
8903
5611
5410
6148
5729
7263
8695
4782
6390
8675
5473
6143
7121
1437
7272
4166
6458
6650
8228
8239
6314
5470
8607
6286
984
4936
6550
953
2605
7444
955
966
7888
8699
6703
6132
4709
5926
6404
6395
7757
5825
5210
8722
3188
5033
4171
3377
6440
3875
3420
7038
6211
3869
4420
1744
4885
4262
4761
5850
8650
6957
5787
8392
6077
5080
4552
8864
7502
7892
2374
7195
5134
8910
659
8620
3608
4194
1003
2236
775
7748
7160
4686
3632
1523
8625
8979
647
4391
232
8689
4658
5689
2935
8730
4177
1024
6892
6212
9010
1145
6630
8810
4081
7958
3127
8273
4895
4984
5534
8014
4741
4731
7897
4550
3804
6760
4251
7192
3587
5458
6676
6721
7878
8745
8524
5198
6751
129
6547
7171
8462
5177
6906
7831
1767
4414
4394
695
5913
266
5017
1120
6816
3417
7484
6902
7055
6162
4079
8542
7762
3163
5588
8943
4375
7340
4696
6000
3292
8336
3819
7189
5151
8169
7135
3845
6612
745
6835
6408
5791
7826
6535
2478
6498
7222
6422
4076
6643
3213
6318
8580
4188
8636
7016
4555
7789
2212
8914
2897
6718
9004
4923
6114
7099
5218
1676
3093
8609
7316
7990
6739
5193
5296
5440
522
5662
2647
4690
8795
3655
5101
3882
6242
626
6166
840
3707
7445
3928
7698
4639
3263
3924
6932
7036
8833
7587
8840
7944
5864
4135
2660
6856
7107
6503
1844
6509
8600
8044
2227
5585
5581
7894
6803
7456
1580
3643
45
8642
7415
5742
5521
7142
5250
7215
6840
5968
5046
6690
6568
7177
48
2173
2344
6981
526
858
8920
7115
6279
8387
5498
9001
3428
6686
7458
7101
6877
4432
5815
3251
969
4632
733
5936
6525
6123
976
5038
6446
4139
1816
4945
2981
6276
5923
7481
1569
5288
8718
8484
5553
6591
6885
3901
6426
8813
6116
5329
8157
3207
4162
4404
6961
6367
5254
2860
4605
3515
7979
965
5556
4417
994
7487
8453
5548
6684
5699
5398
4765
285
6779
8147
7817
8194
2366
2617
970
6502
3459
3714
5391
5065
954
912
6776
8121
5164
1513
4603
5839
5628
3250
3863
8799
1907
6566
7155
5840
8831
5097
8612
8712
8525
5122
3761
2434
4161
5413
5312
3467
7150
7812
4688
3266
8915
3038
4090
8057
6378
4848
7161
7136
7126
5139
8388
3615
3639
3479
3344
4238
8133
2159
2396
6322
2038
8254
6724
3060
3307
1812
7792
3354
2340
144
5069
8866
5810
3698
4178
4491
7254
6806
4840
2300
1472
8629
957
1288
6260
7585
8865
5808
1111
6571
6021
5269
3895
5899
1804
7011
4861
1408
2318
6031
6862
8871
401
6999
5784
1476
4369
8531
4051
2704
8984
6513
6954
3702
4153
6348
4246
1771
7034
7787
6552
3351
4066
1788
7139
1777
3028
2772
2594
1352
1515
8131
6536
2516
8191
5025
5603
8617
4039
5942
7771
3370
5853
4024
1575
6985
4486
5438
8574
4427
1453
6254
741
2404
3431
3889
5619
880
2745
6416
4901
2799
4925
951
5202
1531
8507
6977
3334
8142
5834
4229
3718
2144
6562
7899
678
8700
2780
731
3795
3320
7096
6400
8857
5666
888
485
263
3868
798
4801
2457
6223
1870
4002
5449
4270
656
5114
4638
3438
2367
6056
5707
3489
6974
5568
8667
492
6867
3751
4515
4482
2418
7919
5443
5558
3268
4114
3764
7260
5165
7250
5641
5752
2476
5538
189
3034
3434
2427
2496
5888
3936
7743
3660
4241
5291
5333
4203
1507
7020
7564
4033
2310
6744
7759
7820
1535
4837
5715
6791
5021
7419
4876
3156
4169
3474
3427
5475
753
4088
7766
6662
2686
3296
2288
2433
6039
2912
1193
2407
872
4740
6442
3693
4878
3113
8331
5609
7334
2622
427
3653
6638
4508
5655
5693
1281
8808
5146
7815
300
3221
3387
3646
1466
4368
1652
1479
615
1161
5304
8854
885
92
7366
2853
5380
5434
824
100
4316
2073
2394
6944
6950
6473
1320
6375
321
6305
5965
3983
1021
5127
7381
1187
3854
7211
8783
5186
3780
5947
4101
5404
5387
4210
2581
3310
4844
3478
8591
3981
1819
2961
4181
76
6271
7380
4666
3256
3247
6290
5352
5348
881
6711
2779
2436
1440
844
2982
3602
5768
870
2180
1310
5378
761
1783
2900
5214
3963
8923
4748
1404
2788
711
5833
2769
5569
3238
9012
3996
3908
2004
140
4296
5675
5182
1076
2442
5940
6768
6735
6412
1012
5777
5108
3596
1057
5179
1006
986
4914
4462
6896
5125
5095
1295
5945
5137
6798
1590
1487
1612
6436
188
1419
4756
6197
3622
1212
6706
6294
2959
4818
5809
724
1240
1317
5395
1225
6615
7311
6796
6641
2775
6016
7147
8622
3190
8779
407
4146
4086
6424
8019
2631
2241
990
7379
6762
535
1125
5141
101
4795
1696
4792
7566
4458
6772
4602
6273
6800
196
5703
1438
4987
1020
6530
4727
7713
