item_recommendation
25737
775
7872
8327
7697
7541
8183
8093
8117
731
8290
1513
8403
741
8225
5515
1515
7613
8447
8571
7669
8772
5742
1003
1507
7437
7560
8596
980
5186
6154
5159
6073
8499
2769
5662
6260
7878
5715
2686
5768
733
6902
8360
8636
5288
5853
9012
5675
8591
7728
875
7782
4550
864
8580
8899
745
2774
5723
869
735
6091
5275
986
2876
6121
5765
1497
1777
1870
8154
1739
724
1317
8720
4740
1508
5410
5282
746
5323
7914
5008
2798
6751
401
1750
793
976
6178
5597
2690
984
968
2546
5312
750
1500
8033
1523
960
1501
8743
5666
626
2513
5655
6970
2741
2982
8998
1504
8410
8003
2302
2651
8207
4440
2441
5710
6493
5752
7171
6513
4076
5672
4347
8376
8136
5363
7649
6835
7478
5732
1495
2832
4731
2392
2989
3875
2688
2354
2988
2801
2892
893
1046
6918
8777
719
1812
5198
1008
5177
6355
1030
6684
8699
2383
5729
5038
5466
726
1057
4795
1053
720
7245
5968
743
5689
947
833
3334
6760
4153
1006
828
990
2687
915
2227
7254
4649
3489
4967
4727
2183
728
5254
6547
5365
765
2956
4241
5398
748
7260
1010
1624
1822
5936
5443
8142
1525
3936
5839
7636
8848
762
6436
1819
725
7831
6404
5572
8147
6035
5264
4976
7771
1021
6294
2937
1831
4312
5055
5735
6718
6676
2696
1004
8629
6047
2120
5641
2347
3851
5625
1192
5815
2582
2983
7346
5808
3284
4016
6498
7822
5170
3758
2473
6232
8943
3611
7078
6103
5795
6464
2184
6645
8768
6963
5285
5699
865
2355
6331
6408
6706
4450
7198
3238
6896
5243
8607
6375
5696
6803
1744
5462
3500
6422
885
1688
4765
964
8542
2300
3140
8524
4477
8807
2640
4929
3499
7419
6060
7309
4300
6341
6754
3497
5746
5847
6105
6432
7702
7919
6887
7235
5034
5401
5400
3957
7063
5826
6732
5056
5836
5003
4104
3654
6800
766
8882
2993
5940
7791
5577
4832
7153
4889
5004
7017
6851
5686
5736
5667
5517
6852
4677
5001
3491
5373
6342
1617
5684
8949
5670
8123
8966
8921
8872
5685
8672
8366
8275
8371
8828
8985
8197
8610
786
5139
2490
5002
5796
3825
8582
7947
7357
5700
5690
6584
5680
8130
8158
8785
4994
5678
6286
4980
4834
8838
8955
8640
8372
8423
6768
8835
4999
8138
105
7012
4428
2689
3241
2440
3096
2976
6225
4105
951
2428
742
2534
2912
963
757
2438
2770
7204
5085
998
2668
1771
2496
695
6533
3495
5053
7938
6470
1580
4532
1026
1907
4263
1042
2385
2481
6827
6774
2465
2654
2548
6678
6579
1059
969
4316
6296
5418
858
3359
1909
1020
4095
2573
1078
5203
526
2764
1805
3753
4878
3751
3759
5693
2186
313
2118
3173
6530
2772
3408
129
1147
2487
3656
2815
4584
101
3889
5504
4420
1104
1980
535
4680
5419
1060
5291
3194
5498
2419
1014
938
973
3584
4979
6985
931
1690
4923
722
4996
4984
5135
4490
8638
4981
888
2829
2605
1084
802
8042
961
3051
8070
4833
4298
5161
1581
8859
1056
1288
755
7407
2202
6368
5834
3324
1032
3452
1040
2938
4043
3402
5518
5167
798
718
2009
2504
747
2342
3235
872
3388
7208
7764
3819
769
2669
2761
788
892
4735
555
3338
1816
2659
1852
5553
937
474
6671
3377
3880
3445
7293
2090
1017
189
1876
461
2188
1187
6093
1037
5611
5218
3456
218
1036
3188
4401
8387
7234
4801
3831
8420
6062
753
8661
5375
4437
4941
1631
4821
4366
5891
378
955
1873
2521
1518
266
3307
2935
1636
6314
5304
8253
3093
3232
5313
2572
1735
1721
721
5356
2786
2241
2288
16
1608
1767
1035
5193
912
1018
1660
1762
8451
2835
5458
5960
2730
1860
4600
3211
1148
3081
1152
3608
4736
4903
5888
2134
1755
1836
4830
3816
4925
981
816
6025
6730
5649
2407
4718
2600
1472
1023
7888
4963
2399
8865
2780
8576
3604
4686
2159
48
2500
3575
647
1493
3900
2248
1047
1951
4577
6234
736
7379
2898
3522
3487
5440
7091
5832
1125
1012
7502
5092
3959
2966
2415
1111
886
232
516
113
1346
6509
3113
879
8808
8781
8522
4247
205
4246
1696
2570
1783
6593
3766
1092
1394
2189
4380
419
4638
2236
2866
1049
4101
4520
785
4414
285
4337
2493
5650
1132
4956
1363
1526
4079
2416
2427
2398
8879
5241
1928
2146
3150
2494
5214
4696
4678
1625
2107
6207
3702
4111
988
3086
1429
1063
659
934
2766
994
4645
8332
472
3368
1204
3068
918
3042
2922
528
2155
7272
870
1233
3134
3177
2789
1226
161
1186
3005
1759
167
3147
2212
2046
3125
162
2715
99
1616
1080
2364
2403
306
704
839
460
2215
2596
1388
2285
2074
2633
510
2393
6753
6571
4654
4861
8665
3357
1382
2673
2325
922
8462
953
6826
2458
3444
5346
954
8961
1562
2339
5489
1959
1997
337
2197
764
1730
1733
2858
1033
3989
348
507
5772
6728
1161
213
531
1367
1807
5377
1184
1218
2616
1841
1331
4462
5384
4130
3006
2429
1639
1019
7394
327
4014
4914
3071
1972
2981
1085
4968
7802
8920
1437
6450
656
4349
3417
2482
4691
3095
6630
970
47
2365
2709
2634
547
1517
1301
2201
4658
2843
3152
3358
95
7753
1055
2647
1025
278
4987
1095
4809
1209
2642
1225
1582
759
965
4625
4873
2545
2460
3649
7786
1689
3171
1627
2594
1479
4290
880
2327
2425
1103
2178
4228
609
291
1286
2439
6037
5777
5404
2799
3916
1502
2467
2368
1064
171
3243
5754
3481
4009
4010
4053
4012
1241
3979
4011
1005
2975
7186
2088
2363
4636
1556
2567
3292
5425
2231
1663
8268
2078
2082
2318
1929
3690
2366
1839
4404
5857
1013
1133
155
4432
3269
861
5182
6383
1711
485
288
1245
1428
2478
4960
2990
1635
3354
131
760
4045
5051
4262
2735
3754
2946
2077
7894
