item_recommendation
25737
8327
8571
8093
7541
401
7872
8117
1120
7697
1562
3232
8360
1523
7613
7802
8253
8207
7437
7478
140
2605
7914
647
1535
1111
8070
8477
1145
8033
1711
8056
2159
7560
1744
8447
1552
7669
793
129
8420
2243
5980
1320
405
980
8183
3133
2745
4290
798
5597
8684
6365
1580
2227
407
8290
1783
8225
5410
1073
7245
6073
2779
4262
6493
3235
1404
7809
8522
1777
1076
183
1788
7976
5765
321
4911
2445
6195
387
7228
7649
561
100
626
714
5433
1707
6091
121
8261
3086
3152
3150
5159
1513
7932
7738
828
1003
2219
7636
858
7282
656
4782
314
7995
52
678
472
2935
285
520
3354
4920
1844
8385
659
4414
3238
491
2212
1816
3281
4830
4709
1590
5515
6355
2327
1425
526
4246
808
8235
5033
299
2231
615
3377
4600
8848
523
1726
5772
1779
1196
1525
8761
8167
4658
1767
1493
8187
2681
2128
5395
6559
599
1437
5319
1880
1352
2686
6348
3420
2565
1255
8743
1819
7407
48
519
3368
4638
4060
9018
272
673
2832
824
1472
6579
592
6211
1907
2282
6395
1667
6850
996
775
3587
1281
34
5556
8709
7272
707
5134
1453
5527
2504
135
2966
5198
6906
178
2031
342
4696
1215
4673
1099
229
6140
2200
3889
6154
6318
1771
635
3292
6658
5909
287
7394
6482
8819
222
6148
6077
8499
891
420
2786
741
861
5177
1161
383
695
571
8273
6178
1686
3213
1631
2304
1971
2340
4349
5470
3019
3210
5069
1392
2734
266
2462
3913
1794
4166
58
8410
1957
1592
2062
7492
522
427
5538
2297
199
2016
1180
1542
2012
1984
2671
3070
2921
2920
3069
1461
3063
1861
471
2810
3053
3166
3148
928
2919
216
2889
2244
852
2206
1238
1237
1415
1304
290
2916
2918
117
502
1347
1356
1366
514
1168
2300
458
2967
1721
854
2917
194
888
262
2615
417
8892
1839
3604
8695
820
418
3011
3021
6322
2002
1167
2647
2275
6458
326
3843
8675
955
986
5218
1325
1826
1644
5
5864
8807
2761
437
3127
1256
2860
885
1479
1373
4550
879
804
36
7293
1549
1046
617
2386
1274
7979
5202
818
5346
8511
2877
1665
2288
4273
480
227
3831
1171
1295
4284
2557
213
574
4564
4312
1870
840
341
650
3996
8827
1236
10
1126
4171
2769
470
709
2011
2130
438
606
4809
1940
1812
984
6143
3146
3168
2981
1288
232
463
8003
5352
3370
8451
344
8336
289
1411
3081
2149
3522
132
1878
331
1310
328
447
454
4748
1292
1024
7340
1652
718
981
1123
8604
2478
186
2427
77
5791
496
1739
3024
8903
92
8482
7139
2236
2594
365
1586
1852
2252
4121
990
4734
697
2959
361
2704
3129
1264
7121
1427
661
377
3140
8154
816
3917
2371
3632
9
1554
1840
6970
1480
4885
603
577
1363
597
6440
2032
68
224
294
4703
2379
4740
8625
3294
4486
7177
316
960
6918
3015
2203
5825
541
7782
5689
4051
690
529
6051
3871
5269
5784
264
1353
2620
1969
1854
8633
849
2186
81
6636
423
8039
1954
6525
151
813
5264
3060
1821
338
3113
1359
1639
951
7881
2531
8998
5250
7215
153
969
5498
7020
110
4088
881
2173
2659
5312
1135
1482
3040
7728
805
2706
324
4194
4584
2661
3349
8616
2139
745
3018
845
300
3205
177
215
667
4645
2490
8600
8772
3163
685
500
7101
6000
4351
2819
4719
1201
2374
451
2835
1059
4737
137
966
6561
1441
1963
7577
184
1431
1950
5038
5012
4203
456
6760
3857
8589
6166
5114
8661
3798
1267
8795
3816
1463
2468
4649
8044
4515
5137
1212
7234
1891
8147
1331
2514
2609
8777
8722
4296
4255
1620
5729
335
8943
1317
5699
3575
1077
2741
6826
735
2197
2048
4332
2241
1938
1692
848
3563
1866
4417
8524
4511
4901
2893
1605
6806
549
8542
3216
3016
1361
708
1206
114
2793
4992
381
5315
2856
5489
6404
1165
2752
2207
8650
6832
46
648
6840
3508
1440
45
145
2507
360
179
2350
2442
6473
1277
5899
3869
7135
4316
1259
8636
8403
7299
5101
4731
42
83
60
2855
2784
57
5815
1769
953
282
7444
8899
3780
3072
1251
2839
270
6803
3845
1026
5742
1029
5296
1394
2089
4933
2352
3859
5926
312
4873
5850
4248
3608
3430
2191
4399
2633
6957
1731
464
614
4197
8484
159
8157
1837
6031
7130
2780
4406
6856
288
4941
190
5246
1053
954
1301
6498
4366
3675
1476
4761
193
6977
366
2283
911
245
3051
5193
6874
4108
6547
8751
242
4383
4914
1243
4634
1799
4162
1603
2007
1
4795
1254
303
3852
5952
3324
3428
1090
1921
1931
87
4625
3626
6279
1717
6571
5222
5151
1240
1728
5182
1423
2822
125
2248
2237
6591
2329
1049
1060
5846
2013
1298
535
481
4139
1894
2194
7415
1079
3188
476
7195
126
1883
332
1873
147
5146
1013
7892
4339
3434
6695
538
1791
3034
3160
875
3854
6751
4895
914
1210
1946
3087
3844
2141
336
4380
309
3008
568
5611
7222
2287
432
3385
148
778
4101
1704
441
325
5329
1733
2939
1131
2193
6422
886
2927
1380
7186
1393
3723
6242
2279
8596
1588
4391
5139
1132
4508
4143
2596
5288
2174
6669
3635
6800
4524
4458
1055
367
5684
1263
5398
2138
2766
2791
3316
82
144
1193
6690
3388
2946
3334
6867
8376
8136
4577
3879
3208
238
5968
231
2204
2076
5427
4404
1608
5438
2351
3515
80
4098
2579
3807
1555
4342
1886
8121
2483
3627
1269
3412
2436
637
2094
880
44
347
5254
6568
1125
195
2820
1487
1272
3028
3402
2606
11
2829
1419
6446
2373
66
96
5585
4030
4691
4191
5553
6985
1934
1297
422
2494
961
1696
6294
927
896
3066
363
5662
1130
8779
4818
5404
4614
