item_recommendation
25737
8571
7872
7541
8360
8327
7697
7613
8447
8093
7914
7669
980
8117
8183
8225
8522
7560
8385
8070
775
8420
8056
1523
1744
7802
8033
3232
7636
8253
7738
1562
7407
8154
1120
960
7437
7976
5489
5264
1513
5410
647
8661
401
5515
7938
8743
1816
7782
7649
953
955
984
232
8207
7234
733
8879
8684
8290
966
1046
7728
2227
4600
2605
8477
5597
4658
6579
4821
4696
7753
8596
129
4830
7478
8859
1111
2935
5008
8761
6195
976
3324
695
4584
1907
626
5159
745
8235
3368
2659
8751
7394
6918
798
8709
6091
7619
1777
2686
1024
2159
1145
8961
1515
2062
1003
7186
1767
8403
526
840
741
8167
8003
5772
5198
5765
7282
5033
828
1812
5909
522
5117
4437
2504
4246
8899
285
1507
3751
8008
8410
48
3869
656
969
8998
6365
5177
2236
888
8848
1114
1639
3235
8977
990
2173
8604
1288
4316
6850
731
1057
8654
951
793
6728
266
3188
2212
659
718
1771
6073
5588
4809
994
858
4873
8777
1652
4577
3668
8670
2496
6970
7293
1739
9018
735
1472
8589
970
1453
2772
2981
7932
4550
6178
7263
1476
3608
5470
3816
427
4366
7204
912
1060
1437
8633
1783
407
2478
535
7272
8927
5723
7228
986
2761
4795
4731
2366
2241
8650
5473
2669
4649
870
4162
1535
2374
7130
474
4262
957
8699
885
915
1631
872
6630
1721
1053
8499
1317
3150
4801
1184
3702
5114
8376
8136
6658
1020
8261
2786
2912
4079
4941
964
2769
6636
3377
5312
1831
5980
5729
6395
954
2687
6521
1870
6056
1131
1006
4920
1281
4634
6355
2300
483
2427
5611
1030
2219
5787
1352
8665
1320
5134
2396
1608
880
1004
4391
4432
1042
5498
189
7121
4188
3113
2780
1580
7757
2647
2689
8228
4121
7995
1209
981
4727
4076
3081
6154
2415
8239
8273
1970
2204
8722
4782
10
8039
1657
1819
879
1135
4171
1161
6322
8819
2741
6826
45
8511
2799
8187
7881
6159
3875
861
8169
2801
7720
4936
2668
1676
4375
6920
1100
7171
1125
1021
3575
2310
963
4638
2779
1240
6314
3632
5585
6493
6690
6609
144
3845
1590
8689
6550
1217
485
2340
4414
3428
5483
753
5017
725
599
9010
5427
4954
7444
4177
6318
2385
7748
1624
1013
1196
3093
7831
4861
1711
3281
2398
1497
8620
4761
673
5210
2866
881
6077
816
1531
7245
7334
321
8392
2506
2860
726
4612
7222
8910
4923
101
1047
724
3086
5433
4632
1363
6498
1331
7786
720
3268
7316
2344
3854
6832
2982
6676
3127
7809
1696
7583
2633
5556
8807
719
196
472
1419
5222
1076
2985
1482
4984
2798
140
3292
4987
2617
1026
2596
2897
304
405
2442
8453
4404
341
8892
1582
1016
7705
5182
2600
2752
8462
3338
7888
4728
2407
6143
2567
4166
7789
6612
844
8387
6243
8864
8772
5834
893
8865
4101
6404
3194
1788
6669
4901
3819
1404
3687
527
6279
3587
8810
869
2937
1187
1916
135
6892
965
2318
2288
3238
1132
1852
1073
15
4740
3051
6207
6440
1794
2966
8451
6390
2438
8482
875
1449
3804
3210
1959
9001
4636
4524
2642
6885
1951
3207
4977
5302
5342
4333
4662
4676
4640
5463
5637
2327
6932
8542
5161
3863
2660
8943
3307
2793
1253
8642
1040
786
6547
6509
5164
6791
4519
8388
1147
6536
2186
3604
2815
1876
7934
8609
7155
3344
8525
5840
8612
8712
3479
4238
8133
5097
8799
8831
3615
5122
3639
2434
6566
3761
2835
7817
696
558
7698
4639
3924
7445
3417
3707
3928
3263
7944
7587
8833
8840
1019
4603
1686
5053
4228
4627
4161
1549
1759
2922
3042
2789
3351
3213
996
678
2766
1569
2609
1204
2715
3134
167
2403
1433
1012
2155
1552
6254
5236
5364
5265
849
213
2745
6856
4659
5440
6985
95
2285
2437
3068
2248
2325
5296
5282
704
2215
99
1186
918
3177
1616
2074
3147
510
1080
6140
5165
685
3431
5464
4771
2404
5619
4945
1032
183
2439
2681
2902
6211
1525
1707
2925
7038
2570
1055
1388
1063
2364
1226
161
2393
1233
3005
1934
3655
8920
2207
1410
5689
4673
6513
615
2494
6000
2688
1779
3357
306
8984
2507
4614
839
5538
3882
3354
8131
2350
1730
8675
4394
2231
8667
2243
2976
4703
3133
1839
991
4033
3420
1941
1010
1873
1581
2829
3456
9004
3900
5288
1479
7840
7894
3251
5065
4911
263
864
1692
299
4748
650
2946
5458
3438
7502
1702
7492
2026
2465
3060
8636
5742
5534
5346
3714
8730
1085
3795
100
746
7011
2858
5628
7487
2481
661
2433
4680
2418
818
1516
4024
1688
6879
4427
3649
2513
162
1997
4552
7379
8838
1798
4895
205
2399
1287
16
5438
2624
3160
3908
2770
714
1077
4401
5254
1500
4844
1394
3540
5038
4902
5810
1103
5329
2900
1517
1504
6906
2583
3152
5069
2468
5825
5449
3427
7990
2043
3211
6582
1834
2709
886
2200
7564
988
2342
3522
6132
619
571
3006
2990
8903
3140
6703
1234
7101
507
961
7195
2004
2429
2581
1980
7126
1218
7792
7481
998
4515
2986
1900
2634
492
4666
2975
1701
460
4709
5947
8362
2268
6863
7827
1246
3408
8914
4927
387
4886
8600
5025
3508
2447
2146
8854
2572
1099
7415
4251
5936
4066
5
2704
4290
105
2630
750
8795
2843
2091
121
2154
627
2368
4837
201
6568
1059
1367
6281
2521
2802
4462
7107
2402
2516
3185
8191
2621
1575
5553
3489
3857
2039
1791
1612
2128
6731
195
3759
3889
6412
5839
529
2138
6341
8580
3296
6408
2832
1225
824
2203
3402
5662
778
4296
5315
4153
761
1841
7115
3285
916
5784
5269
4605
2674
5462
2195
2445
4925
5715
5186
2880
3892
4888
3262
929
3784
5199
5375
4643
3159
2611
7347
4686
2467
3507
5395
1310
7577
6739
7919
617
2929
6373
2639
3071
1972
441
519
