item_recommendation
25737
7541
8093
7872
8571
8327
7613
8117
7437
8447
8253
7697
7669
7560
8225
8420
8033
8290
7914
8360
6918
7636
6365
8070
8056
5159
8003
6826
7478
8385
980
7738
3232
3368
7728
7782
6559
8772
7705
5597
7186
8403
8499
8183
7753
7649
6091
7802
8477
5611
4761
6294
3281
8522
2374
5723
8661
7938
6178
6355
8154
5117
2288
8819
8410
7293
8596
7263
6624
8743
5699
7299
8207
5012
4873
695
5515
8998
6760
266
4765
285
6521
8961
6636
3799
4584
7038
8670
5080
1907
6995
7394
5968
4911
7234
3324
7481
8235
2062
6728
7211
5329
6116
48
8859
9018
6140
6974
2659
1367
6803
8039
7577
5909
960
8589
8167
7245
5980
5568
6609
6000
4414
2780
5715
4417
1783
1744
3854
7817
5815
647
6454
6143
7878
6920
5296
5625
4846
4427
7748
8899
4920
1352
969
1696
6242
4121
3377
4795
6021
4255
6568
6751
8709
31
6630
6073
8376
8136
3875
45
7160
6550
6676
6970
7786
6446
951
4731
6260
6591
3947
8914
8008
263
8684
5641
6440
6902
7809
6927
6840
8636
8984
5839
858
526
4987
2427
5433
6862
5186
8665
4045
5742
4809
7107
6530
8827
6436
4830
1336
5850
6154
731
6650
6748
4984
2154
5069
953
7932
1777
4270
6535
8574
5395
3869
6400
1531
5021
1003
4577
2860
4941
1288
5151
8187
5936
6718
7484
2340
976
6148
6132
8777
2159
1839
5033
1317
4228
5853
8591
5768
9012
5675
5288
1844
5264
8761
4498
8768
8482
3816
4171
3503
3889
7204
5662
3668
8654
741
5926
213
6579
7099
3188
4101
6537
6064
7946
3946
6329
7579
2761
5952
6612
6957
4076
964
3113
4821
2605
7831
4251
3804
5923
1024
6885
1046
2981
6744
1816
6739
472
4391
7190
6782
8633
4437
8751
5729
7034
1053
970
8879
6564
5008
798
6318
7407
6207
3357
6458
1852
955
6547
6223
321
984
129
7212
5971
1513
4936
6832
6966
8462
4801
8607
6695
7228
7619
724
2626
2769
7757
3213
1437
4550
879
232
6722
522
5017
2531
6331
5074
4840
6743
3127
3173
5210
6404
6798
6390
7171
1428
2668
1225
8848
3284
7282
7771
5214
954
3235
7502
5765
4432
7380
1767
1739
965
4782
5864
8910
1590
7371
5830
5707
6950
5779
5703
5088
7147
7196
2087
5684
4366
2334
2609
8781
3176
535
8239
7089
775
15
4098
2772
3428
4842
7272
1006
2935
6162
1472
6731
3604
2407
6985
6121
4861
3417
7415
5985
1040
8268
4316
8009
1523
8453
8642
6243
6892
1145
4394
7254
7789
4262
5891
5134
1013
2346
101
4108
2775
7840
733
4135
7135
6686
1804
7189
6422
5693
2236
6762
5801
966
8524
8507
5888
2950
718
8807
7841
7888
1721
3194
2478
4740
6493
5965
7792
7487
3964
5782
3649
7208
3882
5600
401
1033
2786
8979
7843
6185
7979
6615
7844
6617
7706
7355
6283
5187
6774
8491
1831
205
7897
3860
881
7881
6777
3819
5164
4086
7195
4312
2870
8943
5177
1063
6827
3034
6977
880
2799
4246
4686
7088
5226
6662
885
5655
6800
485
6684
8451
1363
5291
131
3871
8629
5410
4404
8977
4923
189
5689
6835
8745
2155
6932
3924
3928
3707
4639
8833
7587
7445
3263
7698
8840
7944
7990
6562
7126
1173
1598
2660
6290
2004
6896
4706
5203
6234
659
2212
8604
7349
6791
1819
2078
5618
1012
912
840
7180
6638
8720
1812
3845
1959
7311
6383
8142
1997
2976
76
725
4887
2433
5752
7078
100
8542
6981
9004
8147
2497
6084
2409
3251
3218
5548
4666
7121
7833
2436
4079
861
6195
550
3978
2704
8580
2399
3216
2688
1196
2753
5110
5055
6940
6261
6887
2325
5312
5304
923
5075
6850
306
7627
6571
2617
6768
1365
6724
5795
5585
2766
3134
161
2789
1204
3147
3150
2922
3177
1226
3081
1186
1233
1759
918
3068
167
3042
2866
3005
5809
8576
6513
243
6012
3714
7822
1730
6300
1810
3759
3402
4696
196
8699
288
4833
4401
6370
1824
7044
8044
6415
6348
8950
6077
6641
5900
4020
5832
4292
3997
3996
8526
7584
4811
2941
5558
7845
3492
8908
8948
4692
4649
347
5053
1120
745
2043
6880
2178
1330
3752
1690
6620
4506
8808
7566
4605
1187
3632
5672
5882
6822
6658
2832
9001
2318
656
6244
5825
2579
1841
2835
6516
8275
492
3587
4153
991
6273
1870
6942
5346
7354
5139
5945
3199
1794
5569
6426
4166
8614
5857
6476
5378
7096
2394
5799
3693
3349
6498
5810
3256
872
3800
7016
2546
6314
5009
990
6703
6757
888
5275
4901
1692
5440
3307
7995
6203
507
1438
4162
1342
4885
4321
5146
2912
5859
6464
1549
1218
2038
1295
5161
6930
3163
3016
4016
8920
7316
4084
250
2843
3296
6031
5198
599
6298
7198
3051
2418
2284
8484
3024
5562
678
2745
4296
5955
998
516
5449
4803
8638
8583
1562
6993
3420
3211
3028
5170
2639
962
4220
1580
3093
1515
5243
5710
4844
5599
2628
5588
4895
2146
3359
3795
8625
1047
3351
2986
8511
2331
278
1608
2829
4389
1624
2880
816
3159
3262
3784
5375
5199
4643
3892
929
4888
4355
6460
2982
2596
99
2633
2364
2074
2285
1388
2715
2393
510
2403
2215
1616
1080
704
2383
4265
1378
1507
3560
5038
6408
3508
1668
907
1161
5372
4727
7892
1197
5475
4980
47
1569
785
3010
162
6944
5989
5489
1401
2687
2983
2582
6122
1620
2937
2300
2932
2779
6816
8675
3702
348
3157
2120
603
4397
1948
2863
3768
3006
2342
3160
8850
1184
2090
1310
3313
7012
6384
685
8864
5087
1801
1297
4194
3379
950
848
6377
7818
4081
1750
4207
1554
8123
7017
8371
5323
5034
5285
5678
5666
5667
5670
3825
8130
4677
3334
5680
5254
7063
5685
7919
5373
5363
4477
8372
4450
8366
5056
5517
3654
3611
5443
6852
6851
8197
5690
8138
5577
8158
5401
5400
3499
3497
5398
3491
6963
