item_recommendation
25737
7872
7697
7541
8571
8117
7613
8327
8093
8183
8225
8207
8360
7560
5765
775
1003
7669
6154
5515
7914
8743
8596
7478
7802
731
4550
8403
8477
8253
8033
8290
6073
6178
7782
6970
4324
5742
7437
8420
4652
8447
5159
5312
980
3377
4638
4584
5008
5723
1523
8899
5689
7245
7976
5254
7728
5410
4608
8772
5275
626
401
7649
6902
6195
2659
4600
5666
6211
1513
8998
8154
733
1870
986
5177
7636
8499
5186
984
5772
8522
6408
6121
745
6260
4740
1317
1515
2300
5198
6091
6493
7407
8376
5597
5556
8136
8070
8261
3587
6579
5662
6355
8859
5264
6395
7234
3188
8709
3816
5729
3875
4941
976
1907
5825
2686
5715
1744
2769
1812
1507
4649
5980
2605
8636
6547
3235
7888
3324
8003
5655
1739
8699
3368
960
3232
1831
5784
5269
3334
8684
7502
7272
990
5038
8777
7878
2647
4241
5398
6051
3936
7260
7938
4821
8591
5675
5853
5288
9012
5768
8542
8661
964
5909
3417
8410
4911
1006
8848
7881
6826
5808
7171
5139
6751
4718
4731
1053
2937
5553
6513
4153
8629
6286
8451
1750
4795
718
750
4873
5323
7228
5413
741
1777
8580
2798
4349
2982
2696
8807
3489
6103
1132
5641
5710
5498
6918
4960
5404
6658
7932
3584
5752
5754
798
5834
1040
5193
7809
4801
6383
4366
6365
1580
1816
5365
2966
8633
4716
6559
8853
4262
2496
4967
6636
5443
6314
8187
627
3292
5777
6037
3408
8943
4246
6678
5458
1624
3819
5363
5732
885
4088
6706
2120
4437
6021
951
724
3140
888
725
3051
7577
7786
1021
1060
5470
4079
5466
7831
695
7334
205
5282
4076
735
3851
6533
5134
869
8720
2688
3805
7282
2385
5672
7995
6132
5839
2482
6404
6985
8167
2594
535
2236
7492
915
2546
3081
2772
2668
8462
3434
6225
2912
2780
3307
5791
3889
7038
8607
1472
947
8056
6684
9018
8675
2761
7186
1834
3238
886
7101
2009
864
6279
3709
8903
1046
802
5787
3608
2478
6760
3795
4380
2689
8147
5021
6232
4923
2654
1771
4440
659
8228
2159
6612
4290
2183
2090
5352
1017
2428
8927
1517
2983
2582
5291
1721
2473
8722
4809
4414
2347
129
2062
1111
4171
6718
1059
4984
968
1690
6031
2651
5315
8121
8961
3702
8795
3487
6774
1288
8761
1437
8892
3194
7738
998
4748
714
8914
8336
4432
6753
6728
2534
5114
858
3210
4263
2935
8665
1788
218
4830
8235
656
8879
5795
5182
938
8273
6243
4273
5538
5888
6077
6932
4284
6630
5936
4404
647
5649
6730
6025
4316
1909
4932
1020
2188
4546
4639
7944
7698
3924
3707
3928
8840
3263
8833
7587
7445
4577
5348
2660
2832
3113
988
7078
5846
8524
8042
5375
5693
2775
4101
8642
9001
4029
1822
1104
1581
747
5968
266
1438
8768
8670
2676
6341
48
2504
5625
2687
1508
3604
4963
5241
893
4782
3730
3101
1474
4569
2513
6207
4450
6035
5572
7919
969
8142
1192
1014
1852
5544
2976
6695
973
5418
5053
4532
4878
748
1429
1562
1985
1026
6509
4727
3284
6835
3753
101
7444
5718
880
8920
8604
1135
3882
2383
4980
3127
4976
6484
2465
5356
6803
3173
2741
6143
962
1004
3401
6446
3384
2956
7979
6436
5243
6473
5932
472
7934
5170
3649
7753
8385
2350
7034
875
4190
6464
5103
4903
4818
1057
7340
1078
743
1187
7254
6294
2560
4045
2271
6887
4691
6676
7789
5815
3500
1876
4626
5085
8838
1030
2521
6047
1608
6186
5735
4310
8835
2993
2799
1476
3093
6062
3425
5117
6114
4278
6422
5202
2440
7894
4736
5745
720
4696
2883
2212
6476
4139
5179
410
2207
7204
981
165
8689
8157
2786
2617
5167
4337
7250
2507
1209
1769
7815
6498
7139
4095
7826
1042
5462
3677
207
5055
3879
4570
2416
999
3959
870
189
3758
3495
2835
3546
2570
5810
6584
2427
5285
5707
2407
5224
1125
7012
4475
4420
1367
5611
4865
4703
3086
2494
1145
8650
793
1526
6690
4105
3646
8957
3404
479
5699
5010
5214
7771
3370
2573
6645
2184
865
3552
2231
4945
3398
3066
4749
5682
5066
5841
5299
4745
5843
4767
4975
921
3695
3664
5450
5705
5283
5255
3673
4464
4465
5366
5111
4175
5057
5231
3788
1012
3256
4251
135
7379
6375
4680
6827
963
8882
8275
5417
6101
6624
5203
6323
5694
3326
4140
8584
8970
5506
5505
2106
6250
3771
3780
7117
3992
7199
8528
3661
6468
8363
5994
5995
4381
6387
4459
5792
6332
6228
6482
8544
4018
6793
3943
8196
3476
8611
3897
919
1610
3618
6936
6238
5300
7083
2697
3835
920
4403
3679
3218
5218
5684
1531
6525
2828
8123
6896
4411
5428
9004
2633
3253
4016
2898
6800
4417
5989
6022
6768
1358
3456
5832
3276
5161
4964
4996
2448
1444
2078
5034
5056
6963
5400
8610
5401
5696
7198
5826
7309
8672
3957
5847
6060
5836
5670
4300
8371
4104
5685
6331
7235
5746
7063
7346
6732
6105
3654
8921
8949
6432
8640
4929
8828
3499
7822
3497
6754
5003
3564
5940
4834
4936
313
3241
3668
2306
7899
4999
955
3759
4815
4043
4832
7357
1617
7947
4994
3825
7419
5001
3611
5002
8130
7017
8138
4677
2640
8582
8158
8197
7702
3491
8423
6342
4477
8372
7153
8366
4312
5004
4889
8955
5796
5577
7791
5686
8966
8872
5373
6851
5517
6852
5736
5680
5690
5678
5700
8785
8985
5667
1783
2441
4971
937
3459
5650
2925
6620
4428
2146
582
2981
1268
2708
6671
8589
7348
2186
4921
2915
5799
6470
45
2548
931
2288
6744
4531
1225
7099
746
3521
492
5092
3096
2979
1873
4511
7177
2118
2331
4970
1363
474
785
1008
2939
4585
3868
6957
2399
844
753
2766
7293
1819
1047
4339
4989
8954
1394
5857
7459
1037
1479
2227
4619
6155
788
879
251
4947
3880
1997
3150
3264
833
2046
965
6368
3465
6638
2829
6530
8823
2774
