item_recommendation
7872
8571
7541
7914
8327
25737
8360
7697
7613
7669
8447
980
8183
5264
8154
8093
8879
953
8070
8225
7407
8522
6579
7782
8661
7636
5008
7938
4821
8056
8410
955
7560
7738
1523
626
8859
7293
4584
8033
775
8977
8684
960
8385
7234
966
7753
4375
4437
3632
2935
984
8008
232
8927
8290
4984
2659
8761
7619
8235
7720
4177
8961
8751
7728
8777
3608
1744
4809
695
526
733
8699
3368
3668
8392
5729
1812
3093
6509
5210
5787
745
4188
8253
7802
4101
8403
1024
485
2227
1767
7757
912
3188
1777
8420
9010
8239
4076
1042
994
1057
1482
7437
3292
3324
2897
8388
4632
7583
8910
7155
3479
5840
8712
8228
5097
8525
5122
3761
4238
8609
2434
8864
8620
3344
3639
3615
8133
6566
8169
8799
8612
8831
3863
2344
4161
2605
976
48
5470
3596
1419
1816
4603
5723
5458
1515
6207
1562
5534
266
5473
8667
8865
3869
741
1876
2062
1046
4936
872
7171
870
6039
3431
5159
1513
5772
951
7649
8003
828
1003
731
5440
8387
3428
4722
8633
4837
4024
8743
7316
2496
8722
4873
3655
6123
4658
3232
7186
8604
4782
2433
6920
2173
7204
8117
816
8848
2404
7254
990
8654
2366
5909
7036
1437
6630
3281
1004
2099
1132
954
2241
1581
1209
6636
3895
858
2096
659
1193
2396
4391
2457
1907
964
1771
647
3438
915
5611
2772
3751
880
969
1030
888
6970
3478
2467
965
4861
1281
761
5065
3207
45
2212
5588
5471
8451
6885
970
6536
4162
6493
2709
2318
6314
2310
2981
7011
3268
3258
6918
3832
4316
1114
4696
1652
2402
7786
996
8709
3296
5803
285
864
522
8376
8136
6195
8191
1320
144
1612
8596
1873
5248
2478
1060
5017
8665
3427
957
6624
1145
2925
3875
1831
896
1120
2021
4019
3598
3118
705
3696
2100
3506
2687
6658
6728
5515
1013
1479
1290
8745
2624
1507
8899
2401
4941
7195
4765
2506
196
3113
4920
3680
881
2374
3320
2647
8462
1739
1575
2799
535
2669
5765
7888
472
720
2788
4144
1352
7894
2346
3417
2367
575
3235
835
3901
1016
4079
6826
1288
427
4366
7831
3702
7748
1686
6550
656
4897
2617
1111
3804
1029
4801
2370
3816
2427
7840
3819
2801
2902
195
2398
2368
2900
189
4600
2802
2400
2438
7444
2418
129
8689
4731
6612
3307
1246
3127
1798
2236
2407
832
7101
401
5202
6143
6892
2660
986
1253
1590
2583
4830
7394
2798
3602
4262
916
7698
8833
3263
3707
8840
3924
7944
6932
4639
3928
7445
7587
1006
6186
2513
6404
5489
1866
981
4550
2780
2340
5834
893
1608
5570
1047
1676
4171
2385
5585
2232
3913
531
111
1517
9001
6676
274
4304
2155
1665
8998
5947
7038
1476
4462
2769
6367
9004
1021
7263
1100
7381
2860
2288
7809
4885
5527
5980
6498
2415
2200
6091
5452
2437
1497
8642
580
3675
6850
8903
7792
1473
696
2248
1303
840
725
8650
5619
4404
4143
5809
3370
735
6056
1026
3420
2686
3714
4740
1970
997
7126
527
3783
6521
1020
7478
2436
5810
2052
8131
7484
2231
7055
7177
3238
6243
1433
4251
5198
8643
1660
419
1631
8670
609
6552
988
4649
3507
7121
5117
1010
8700
7110
1292
1794
2752
8207
1641
844
4332
1037
5165
5859
6339
4528
4923
3129
2500
7438
2442
3508
6148
1317
422
5312
1734
3299
3845
492
8854
2942
5127
726
2622
1624
263
4414
8730
7881
5936
1602
1453
6985
1531
6073
321
1041
4432
460
4189
6669
3218
5
753
6116
2761
1404
8491
4795
2741
3351
930
2380
6832
2490
8783
869
1941
1438
2186
3251
2331
3540
7189
474
2440
1379
8923
1903
3095
2775
2786
1161
746
1779
328
6395
2535
3795
6999
2327
2026
4925
9018
5833
711
6000
1573
3033
3983
5433
4911
2268
7827
7222
6582
6863
8362
7130
1663
4886
1032
7878
5498
1640
5628
2394
1125
2912
8499
1726
2710
4577
839
2664
2581
7976
7192
6643
8477
7932
7151
3152
3081
3017
5449
1019
3649
6748
8914
3456
1236
4166
724
6178
8336
8810
1639
3671
2681
3140
1799
3622
1380
3459
2621
3720
1011
608
1580
8453
1053
3150
407
6365
276
8580
6856
1390
7481
5597
5742
1361
6703
3394
2516
1040
2898
4638
7705
5177
2468
6077
4857
7771
1240
5410
2668
1009
4135
2985
6154
277
3908
1643
2203
477
875
1487
1135
1500
1393
2024
76
8167
6100
4368
1480
956
3457
2570
5168
1721
16
101
1819
2504
2473
4121
3197
4081
7352
7347
962
1917
2300
700
861
500
4895
1746
6690
6858
1446
2689
4987
5285
786
1285
1431
100
7439
910
4927
205
5808
5214
2682
2004
2793
6047
8574
6609
762
5053
963
5968
6803
3044
885
1224
4686
6170
2399
2075
2712
2546
2982
4406
1493
736
2154
1582
6559
3298
5926
718
5971
6436
1449
3377
15
2609
1804
3086
3672
1891
1717
7272
2727
2893
1951
4458
5985
4803
2953
5288
3721
5569
5352
1033
1696
3133
2447
3157
798
805
3213
4246
3160
1295
2735
4394
7990
5164
2429
2976
1363
5296
8819
8422
1502
619
5752
5241
2548
5236
1472
155
131
2363
3211
6791
1504
1076
5843
1569
2674
892
4814
6318
1331
1184
2630
275
1429
1870
2905
4947
824
499
7245
7817
8857
836
5375
4033
6731
904
7022
5812
7759
2053
2990
6211
2239
6426
1022
1257
3587
1621
4893
7419
6981
721
2221
4901
7061
5923
942
2517
7147
1821
793
5425
7487
2120
4709
719
1692
2596
1148
5475
1112
961
6659
2552
685
4605
1549
4168
31
3838
3156
5356
1535
4969
5703
5699
3387
3860
1791
1196
5377
2202
1131
1783
3880
6440
4526
2521
3210
2287
3051
2817
6896
8123
1583
2219
6835
513
750
587
838
4555
7056
2460
3452
1027
6547
5218
4452
7216
132
4738
6003
1087
8589
2959
615
999
