item_recommendation
25737
8327
7872
7541
7914
8571
8093
8360
8033
7437
7697
8225
8290
8253
8117
7669
7613
8447
775
7802
8056
1777
7636
7782
7560
7738
7478
8183
5264
8070
2227
8403
1513
7407
8684
2236
7492
1145
5765
3596
6091
8154
401
6365
2668
6579
8420
7728
2310
8003
5159
8743
3232
6039
8235
1562
1739
2815
7130
8879
1523
5288
5597
7809
6195
6493
1816
8772
8661
6148
1580
3632
6178
8410
7649
6073
1819
7234
2761
5534
4366
1515
5899
2159
1812
6404
1744
5864
6918
7204
3354
4984
9018
4782
1317
8499
1003
4600
3819
2835
7932
8607
8167
2897
3093
1696
3125
8899
6559
7976
875
7995
6547
858
6271
4920
2779
1472
6850
2766
7720
741
2686
798
2786
1111
5210
6223
5980
8511
8819
8859
7222
8477
1804
2605
2427
7419
4155
6927
5729
1196
1120
3320
8827
8451
8761
6835
2935
2583
7938
4885
6703
8777
4440
1507
8848
4121
8636
8892
8699
6162
6458
7394
6751
915
828
3051
1453
5471
980
3602
6077
8491
4873
8522
2946
1437
8580
1602
5248
4437
869
718
4722
1554
3118
2100
3506
3696
4019
3598
705
1844
5515
743
7171
2801
7757
3680
4765
6314
4584
1876
1487
816
6760
6294
6636
3608
2600
7245
7415
2727
5803
1608
1363
1046
8589
753
5008
2659
4821
5715
8807
1073
8910
3712
731
105
1040
685
8620
2327
1020
3150
1907
2704
6669
2021
990
6390
2399
7878
5723
6440
8385
626
2772
8039
8207
2155
3292
1771
8709
6658
8136
8376
4632
4761
1721
2535
7254
4144
1032
2832
1688
6856
8616
872
5186
4166
659
5752
2981
984
6676
6322
6498
4188
1575
2687
1783
4550
1525
8864
3643
7293
1549
8169
8596
3155
3900
1086
2752
5662
1404
4878
8927
5440
2193
3889
2300
735
4649
6143
5489
4251
2467
2966
835
2546
6260
2874
745
4177
3006
3324
3408
8387
5782
2741
1852
1841
7160
5291
3875
2866
3804
8751
1209
3211
6970
2892
1713
5850
2633
2709
7577
2596
8810
2975
3783
4024
1066
2090
1767
2630
6197
7299
3428
2521
6056
4941
8261
5458
2346
6896
8123
8609
8865
4194
724
960
1951
2325
6957
1060
1624
2688
6803
8977
4552
1053
893
8625
4076
4577
5588
474
4840
1652
912
2843
3468
8633
2513
7894
2798
1026
2620
3963
1582
8482
5936
7411
3578
6449
3903
6327
3902
7002
5039
5258
6344
8228
5137
1612
3901
5410
3798
5475
129
1676
8998
5433
5033
885
746
8388
4806
8882
7583
6721
6877
5910
6337
7158
7458
2894
3005
2215
99
1616
2285
3068
510
3042
2715
1186
2393
3081
1080
1233
1063
3177
918
3134
2403
3147
2364
1759
1204
2922
2789
167
2074
161
1388
1226
704
6318
306
213
2396
1870
2478
5611
6450
1556
2997
4687
8239
4447
3235
994
507
3060
1429
5046
3299
911
8524
1057
227
1730
4809
9012
5853
5675
5768
6154
5742
8591
4731
162
1218
6902
6422
4135
1667
6728
6114
2451
2432
2324
2572
2046
4740
47
2858
6509
1997
366
7456
7228
2212
3925
2429
2925
1295
4890
7619
870
3163
8979
7753
7121
7786
4051
5834
1569
690
1021
1959
7705
2130
1085
2696
1184
8187
2231
5125
2186
3165
678
900
1973
4458
899
3071
1972
2400
4897
2006
2699
4326
2102
3692
3682
3891
3343
1061
1967
2674
6552
7192
2753
7347
6684
7444
742
3368
5177
5076
1288
95
1931
6132
8612
6566
7155
5097
8525
8799
3639
5787
4238
3344
460
997
7831
854
2634
2442
48
3710
2977
2902
8147
484
8943
2983
2582
6571
3281
5609
6207
7484
2120
5038
3420
8194
2241
1502
7892
3445
3510
4603
1500
785
3671
278
2398
7897
7888
8542
3832
2800
966
2545
3238
547
6465
131
4923
951
4321
1095
1726
3593
1788
2439
2344
4262
907
6800
8336
5625
5548
879
2039
2669
7084
2094
5146
6413
1702
2519
1042
2118
7263
2496
348
1641
1929
4658
4146
3268
8903
2091
526
1006
953
5062
2990
1059
2986
726
2567
1133
7840
1689
2342
2976
2368
4701
3816
493
3500
4914
5473
8014
2204
4304
2062
1821
5926
5282
647
1240
7899
4473
7131
3044
7366
6840
733
8695
243
1479
8720
8961
7189
7826
4171
2827
3017
3456
1130
2494
1030
2318
6470
905
4153
3877
3016
4000
956
1508
2128
8650
829
7766
2440
1033
4534
2504
6768
3024
2176
6739
6436
2829
2424
6426
4169
762
2770
4081
1346
1909
3349
7282
2570
3653
8199
3427
5214
1657
1504
1535
8008
2296
132
934
1493
2051
5568
8665
1980
2774
2664
2912
7881
8654
888
5134
2262
2971
4420
881
6084
1354
4426
1103
2146
5285
1150
1932
9010
8392
2826
996
2435
3417
5628
7265
6276
7564
1590
3284
6832
1024
3983
3007
7042
5387
880
1779
6743
5859
140
3764
8675
6454
3194
1193
986
1305
6211
976
2790
4857
3216
349
832
8484
5968
6140
2476
4332
2219
8629
6170
721
759
1004
4696
3927
6974
4039
4686
619
6774
3890
5139
4162
720
1539
4822
5839
6290
2385
1194
6826
2043
3441
6201
1839
1615
949
1669
3086
1148
4392
5151
8341
2202
1225
327
8600
7016
4529
971
1864
5772
558
2338
824
6530
4296
6582
696
4727
6355
5693
2178
188
8268
5218
1581
3743
7771
2710
7585
864
963
2948
3173
955
322
4814
7020
947
5395
7142
3334
2479
1501
5815
2757
8768
3511
2436
3128
2183
3402
405
5365
3192
1796
7036
8531
1379
8915
8813
7150
3515
3266
6378
4848
4090
4688
8057
3038
7812
3467
4130
2982
2465
6718
8254
3660
1041
7136
137
4060
813
938
42
2284
2340
6166
609
5304
1518
3294
2819
1690
1253
4846
5809
2738
4375
3471
1680
3908
1482
4952
4451
6042
189
6442
5498
5025
2383
2180
7919
3698
2776
5122
3615
5840
8831
3761
8712
8133
2434
3479
1310
8866
8808
7139
2992
6035
1883
412
3001
