item_recommendation
25737
7872
8327
8093
7541
8447
980
8571
7697
7613
8117
775
7669
8360
7437
7914
7636
1513
7560
8225
1003
285
8183
8290
8253
8033
129
960
741
745
7782
647
8403
526
1515
535
3232
472
695
1523
5159
8420
1744
8899
984
733
8070
232
888
1907
5515
266
8661
48
1046
986
858
969
8003
45
8522
407
955
7938
5264
1812
2659
7234
1288
976
3368
2288
5723
953
8154
321
8385
8859
7738
2212
5597
8743
140
2769
522
4740
1507
6091
626
951
1006
2227
7728
2374
4550
3235
828
2686
401
996
1777
1024
2340
2688
731
101
1767
7478
5410
966
3324
7186
5611
1816
2062
880
5198
7407
8772
1125
964
5008
1525
6826
8499
1053
4795
840
2687
4821
870
981
6318
970
1352
4577
1060
5117
963
1771
4658
8761
2798
8879
4941
6918
4262
6728
735
1021
1187
6365
6559
263
1624
915
6521
1562
2300
8477
5662
1020
954
990
7753
3869
881
2780
8235
1042
1026
4731
1057
196
2772
725
1145
5909
6902
2605
7878
6970
4830
8654
8596
5186
746
1013
1004
8376
8136
1132
5312
8207
100
1844
720
7649
1870
6751
2801
4076
1819
4809
1590
4801
1030
7802
3522
724
2236
6835
4414
2496
3875
3210
2935
4391
5161
3113
1531
968
5288
2241
798
2937
4923
7705
3816
2248
8777
1209
5715
4782
31
872
6121
6143
8709
893
189
2815
205
5968
2860
2982
4638
6195
523
1120
869
6579
1017
485
8056
423
886
2892
2186
912
4162
7293
218
1581
1437
6609
4584
474
3604
3188
8699
3377
1472
3127
6355
8961
5742
7263
4437
1702
3854
8670
6207
1281
1582
3402
2770
5675
498
527
3238
1980
1367
885
6774
6154
4649
2689
6498
1059
994
3584
2504
8910
656
8410
7245
6748
4366
2154
1631
1652
8589
3086
1639
8268
2415
6294
2730
5177
1696
7831
7619
2829
5655
105
1688
5768
2976
5498
7254
461
7394
3093
6760
1012
748
719
5
3281
3799
268
2741
8636
1508
2546
5815
2385
6612
742
8977
422
3751
5365
2441
8591
9012
171
6260
8580
2442
6073
4404
1497
6798
5017
961
1099
6509
5053
8665
1147
8684
1032
5765
6803
4246
2793
4696
6658
3632
5853
2572
3194
5839
8998
6630
2347
6892
7786
5936
328
6440
726
8819
7888
7748
1394
934
2120
16
4016
314
1657
4417
7208
1831
3428
1580
4984
947
3759
5139
864
1500
34
7171
6314
3608
2669
1501
6243
6513
4316
4101
6178
5021
1010
6550
1794
3702
998
2440
4079
4761
4967
5296
2398
957
3845
6390
743
965
15
1008
3489
5588
5164
3575
1111
6493
5473
2531
3307
4263
4427
2621
2752
6676
659
479
1876
482
3354
6116
5752
785
550
5440
962
1750
5055
5282
6562
5641
5489
2647
4727
4680
4171
5466
4349
6985
3649
5666
4342
4645
3668
1690
718
4976
833
2779
3417
28
832
2407
3176
8720
2082
2183
7204
2651
3388
3996
1019
8629
7299
2981
6436
7976
2155
8008
5735
1078
2660
276
1517
1331
8848
7316
4987
6535
1047
8642
4255
3420
5375
4873
3758
2173
8920
3928
7445
3924
7587
6932
7698
3707
8833
4639
8462
7944
3263
8840
7107
3871
302
2473
2494
1225
6547
4844
1317
938
427
5888
1834
4420
861
9001
7282
8689
4686
3889
274
973
4228
2617
8387
6832
802
5243
5203
3805
4432
1330
144
5033
4861
2318
2478
5834
2427
3213
1104
5275
3359
7979
1192
1295
3160
5625
5729
1135
2570
4765
4401
6896
2775
7720
7487
4885
3804
2342
3795
5689
3157
6684
1346
8781
8167
5400
5810
3152
3211
7809
5672
4600
499
8865
4936
516
7272
3500
2202
2799
244
3430
2399
8453
3387
5291
419
1504
9004
6322
4980
866
4605
6920
5710
1676
844
8640
1018
5080
1161
6404
2146
6731
2497
4901
454
2581
4051
2197
4718
5693
1358
5449
5458
7894
1028
1824
5346
700
2609
2983
2582
4312
3357
4251
1569
4166
202
8604
8827
8614
3611
4914
8807
7121
6375
3714
6744
5038
5398
7126
4803
4833
1836
3819
793
6530
1535
207
7792
1301
1739
7817
5585
7577
786
7260
2335
8169
2200
5193
2956
9010
1608
2468
5226
2159
1476
714
3199
8157
3358
7099
155
1810
5732
931
6234
1839
5832
5170
327
916
5363
8142
2600
2545
7919
6341
8768
7771
1721
2517
3784
3159
929
5199
4643
3892
4888
3262
3408
2880
6568
8633
6718
2366
5971
2639
2425
7346
8388
2465
2383
4511
6140
2118
2548
1380
3081
1037
2493
2458
2149
5699
1909
5462
8943
7822
2038
892
6850
3456
3709
5443
1959
615
2195
2418
3150
3024
6591
5980
7419
2287
6862
5772
5352
4153
1040
6777
4191
2078
4678
5685
5034
5003
4929
2792
5684
1493
6225
922
4625
5787
5952
7757
8239
6885
5285
7198
8828
8921
8955
8838
5670
7235
8966
5056
5401
7309
5696
8949
7038
4290
3723
2534
1556
7311
1641
1852
8835
7211
839
7502
4963
4945
2513
3852
288
5857
2521
1131
5577
5373
7791
5680
5686
5004
7947
5678
5517
5001
5667
1636
8864
1866
1429
1660
7034
2009
8620
8607
7881
4188
1617
1821
5850
4834
8187
7078
6000
8392
1951
6678
7764
8927
7759
1041
8576
2727
275
835
7583
4642
5734
2004
2352
4933
6963
2204
3125
5254
7380
6148
5527
3218
3920
2368
1901
6624
8275
999
5518
4241
3334
4319
6286
8228
8609
6464
5568
8638
6615
7932
6077
3292
6422
3766
6706
4375
2912
4337
1752
3656
1552
6636
2696
8574
4489
3936
6768
5134
6977
2344
3693
89
6739
1518
6827
313
3508
204
2674
6232
2745
3843
6123
27
93
4121
1438
1036
2668
4332
8524
8507
3978
4135
8147
3882
1488
113
2439
2925
460
6566
8712
8133
8525
7155
3344
3615
4238
5840
8612
2434
3639
3479
4632
8799
5097
3761
5122
8831
6062
1647
3863
7789
937
6800
4161
