item_recommendation
25737
8571
7872
7541
8093
8447
8327
7613
7914
8360
7697
7669
8183
8117
8225
980
775
8290
8070
7636
7437
401
7560
1744
1562
7782
5264
8661
8154
1739
5159
1523
2935
8056
8033
2761
8253
2786
8403
718
1317
2668
8522
731
7938
8879
2227
816
8420
8385
1120
960
7728
1816
1003
1513
647
1873
798
1777
8410
1721
7407
1767
2981
2686
8859
8003
1812
5597
1046
7293
2745
3150
4821
745
7478
2605
1363
5008
1608
1783
828
953
3093
232
858
8899
8596
2427
5723
7234
966
129
984
976
6091
8761
6579
2159
8684
7738
4550
2659
2832
7753
2236
4262
8961
8743
8499
955
626
1907
8235
7649
3081
1145
793
6073
3232
5410
526
4731
1515
4437
5515
1472
2327
2835
2766
733
1437
1196
872
994
6970
695
1852
685
8777
2596
3051
2866
2155
1111
5909
990
1024
213
656
4809
8376
8699
2772
6728
1959
1184
5662
1696
8136
951
8977
7245
2633
8772
970
6918
8709
3134
1204
2715
2922
3042
1759
2403
167
2789
4873
3875
986
8654
969
704
3147
2285
99
2074
510
2215
1186
1616
3177
918
1080
3068
5729
1040
1233
2393
1388
161
3005
1226
1063
2364
306
2128
2687
2399
8665
2325
3281
888
3368
7619
2504
1730
3324
48
3235
2815
1997
875
507
7878
7583
1006
1288
266
1218
3632
1951
2043
348
1711
724
6154
1507
4076
957
162
885
2779
8998
3006
1580
4375
912
3211
2937
1057
8580
285
6314
2986
1053
2521
2439
5765
2858
8008
1286
2956
7802
2975
8477
2600
7254
1020
1652
4984
991
1085
879
2990
5186
95
1225
2966
45
2429
2212
2634
1453
2344
741
824
1549
2897
7831
485
4366
3016
7204
5772
1535
3668
7186
47
3608
278
4577
6365
1667
1771
4941
1095
4782
2039
6355
2583
725
7171
2946
945
8589
7705
2173
1831
2204
1909
2843
3188
907
2982
6803
1030
2091
2959
5742
3071
1972
3751
5936
8670
2478
4584
547
372
6559
2021
6404
2062
2753
3128
5288
2494
6630
4290
8864
1929
869
6207
5853
954
8910
2513
4649
1819
2582
2983
4171
964
3428
6318
2046
659
1281
6902
522
2793
1841
2186
1876
6509
1970
4658
1689
8207
8636
2674
1042
2342
5839
205
864
915
1788
3869
1004
2798
4079
2374
4920
2207
5715
6260
5675
8865
1688
2507
1419
1073
8927
2284
2318
1130
4188
1059
2912
6751
840
746
8819
1060
880
735
2396
8591
327
6178
2350
6493
2617
1676
1870
1320
1125
870
2146
861
8239
2801
2681
460
4162
5834
2340
4923
6521
5787
2769
2546
2976
2120
5768
9012
8392
3417
1554
131
7786
2820
2219
9010
1860
8387
531
835
1750
8167
5815
6760
6826
7720
2741
2496
6195
2902
1612
8751
5611
785
2398
2200
5498
8848
1449
881
2197
7394
1624
1581
1240
2178
3816
8388
535
1552
1066
2567
5177
1033
2241
6850
2925
934
5296
2630
2802
2243
3041
7757
893
1931
2799
8609
1707
144
1209
5440
4638
3044
3863
5210
243
474
6148
1026
8462
366
4432
2288
4740
4632
8799
5470
8169
8604
4603
2400
3702
8633
4936
3008
2090
609
1021
1631
1404
2570
2134
1479
3596
4177
949
1114
3307
2182
5473
7155
8831
8612
8228
2434
8712
4238
5840
6566
8525
8133
8620
3344
5097
3479
3639
3761
5122
3615
6835
2535
71
3238
3889
3213
4462
2422
105
4161
3133
2572
1844
1476
750
1497
965
2031
2752
905
896
4440
4801
1779
3127
2300
7316
7888
1784
1981
3354
5117
5693
4391
2864
2660
4304
981
2442
2465
1859
7445
7944
4639
7698
7587
3263
6932
3928
3924
3707
8840
8833
1013
101
1150
2780
1081
4153
8720
2647
3207
3819
848
1135
2366
3152
2548
4246
2014
1192
6440
3296
7038
3140
2078
6676
1197
8807
2669
2620
2581
2193
9001
2977
8642
4600
1428
6498
3431
5968
6832
700
2704
1582
1104
1653
2415
2282
3292
8667
2481
2432
2451
2324
189
2130
998
196
2655
2296
4761
4765
5534
2231
1132
2709
769
4404
6550
1032
6294
963
7299
3602
1794
1586
6039
201
6422
6609
1517
2688
2467
2985
7107
1639
6513
373
2385
1925
589
3534
6892
5926
5285
996
720
1796
4024
291
337
1590
5164
1078
3086
1487
2424
3489
84
753
6624
1012
113
2239
2628
2404
4837
6322
6612
3007
2378
2201
5795
5489
1702
1531
1297
5198
5558
1715
1660
2135
1187
1077
938
690
3804
44
911
778
8451
844
1099
29
1028
1019
6341
376
714
476
688
1810
5365
516
3113
4251
2154
4895
6000
371
493
7817
6375
1878
5655
968
5400
2696
5291
2347
6920
742
2498
2534
1086
5312
8044
4414
2860
5752
6121
5666
2383
5803
2915
5696
2133
3210
2816
6684
6985
472
375
5282
405
8689
813
5588
5585
2577
2438
558
1112
2335
3176
7771
4316
7484
947
2407
1076
6706
2493
7881
2421
3714
135
3268
1833
726
916
6974
5323
627
1544
3587
571
6718
121
1310
7126
2900
349
2368
6774
250
7055
3334
5689
1525
34
5017
1333
330
3508
6536
5641
2506
3882
477
427
833
2445
7011
7263
7135
866
2689
577
9004
4861
7036
339
4901
5809
3438
6390
8920
2624
575
886
2812
1050
3120
7272
6254
2473
8187
1699
3155
7415
5810
3427
8722
1367
6436
1804
1508
7789
2418
5038
7195
6077
387
599
1545
3507
5254
2533
1556
2310
1668
1379
3655
4458
580
4885
1834
930
4945
1690
7894
2775
7976
1500
8142
5053
5170
6143
407
3251
2433
8607
2552
7078
3478
761
678
5275
2979
3783
5475
7419
1016
6791
808
2052
1518
1429
419
360
4727
5398
6547
1686
1029
5352
550
3106
1346
8453
5069
4696
728
7099
1875
2788
2458
2622
4795
5832
2621
2004
5732
4673
498
4976
4241
6748
4967
2727
838
3456
1295
6395
1493
57
1193
7748
