item_recommendation
25737
8571
8327
8117
7872
7613
8253
7541
8447
7697
8093
8385
7976
8360
7914
7802
7649
7560
8056
8033
8183
7669
8879
8654
8751
8600
8420
8070
7478
8225
8290
8695
6521
7636
7437
8684
8019
8522
7407
8207
8167
7216
8666
8477
7738
6365
7932
8972
9018
8235
8917
7394
8491
8848
8743
8003
7228
8727
8154
8039
8575
7782
6868
6178
7728
7186
8827
8511
7502
7245
3232
7995
8403
7505
6927
5159
6658
6850
6918
8194
8709
8772
8366
8008
8665
8482
7130
8892
8499
6269
6195
4552
7204
6493
8998
6636
8261
6650
8187
7234
5980
8596
8807
5597
7178
8783
8819
7817
7263
8661
8961
6559
6154
8899
4920
7492
7809
8589
7938
4121
7577
6609
5765
6073
8761
8670
7878
8604
8854
6826
8410
8650
7840
6579
6162
7831
7705
6748
7481
7121
8451
8903
3368
6464
7753
8675
7881
6676
4584
7250
8607
8979
8810
5515
7820
6970
7282
6703
6091
8014
6957
980
7293
8169
7444
5433
7171
5410
6832
6314
8943
6722
8542
7160
8616
4873
8745
8636
5723
4782
8859
8777
7272
3816
5117
5264
960
7897
7958
5825
5909
8273
6498
8136
7892
8376
4600
3235
6920
8507
5033
5489
7826
7888
5850
7748
8524
6728
7299
7192
6684
7786
6669
8699
8689
6211
6856
4821
2659
7619
8864
6355
6721
5729
2605
7099
6690
8730
5438
6276
8795
3163
7334
12
3643
5772
3587
1024
7456
8625
6395
1513
7340
8927
7743
6751
2062
4941
7564
6877
8331
6390
1523
5742
8121
4366
5177
6840
3875
4437
3060
6201
8813
3377
3515
6513
4414
5611
775
4911
5046
4194
7458
4709
5458
3668
8484
7720
7762
4936
3127
7016
7222
8580
7789
4846
4550
5470
2704
6383
5125
6404
5193
7055
5689
6294
6547
129
4809
6999
8462
966
5198
3188
6892
6378
7812
8057
7585
3467
3266
7034
8633
7771
953
659
4848
8718
4090
4688
3653
6148
3038
8915
7150
6114
7136
8254
8392
8871
6140
1998
7766
5101
4731
7142
5164
8977
5942
8617
6422
8914
8866
3698
7195
984
3219
6077
3281
7177
8531
2647
5808
6760
1870
6591
6739
5968
5815
1408
6624
7822
7757
8838
6254
6400
6243
3250
5662
5296
8157
7161
4369
7115
6408
4696
3324
6552
8453
4039
1003
5926
8142
1580
4491
5008
6143
6816
3608
3882
6630
6718
5603
5254
6835
6000
6446
5146
6902
6056
6735
6031
2144
232
7792
7038
6695
8857
7354
9004
8336
4482
3459
4076
626
8239
6906
6582
6550
4079
8920
7189
3819
647
8722
7919
4135
3869
4945
6207
1816
5936
4146
7979
8191
7787
955
3868
6484
6132
5134
4923
8341
6436
6535
4761
4290
1437
4391
1848
5025
5186
1744
7238
5853
5839
840
8984
4878
5534
5947
5329
1777
5715
6021
6260
7107
6628
7894
4171
5038
5017
4321
8362
2268
6440
6954
7484
6863
7827
6791
4886
6502
321
8147
8629
4927
4229
5556
745
4153
3224
5473
6416
5413
4178
9010
5108
6458
4002
5333
3417
6713
7254
3660
5398
3310
3307
8131
6898
5312
2300
5521
5288
5139
4155
3804
5387
6237
2159
6612
8266
7439
6273
4432
8910
733
8228
5787
3334
3489
3247
6203
7487
6279
5666
1046
4577
6884
6932
3981
7096
2236
5675
4241
4885
8808
724
2073
8700
6367
300
4895
6564
7303
6166
5784
5269
8387
266
6981
7934
6961
753
5282
7311
5693
5699
3936
4639
7445
8833
7587
3928
7698
3924
3707
3263
8840
7944
7990
4114
6985
7022
2660
7260
6803
3292
6643
4177
8591
7352
6283
8642
5619
5588
4740
1804
5114
5768
9012
1562
9001
2212
4088
6562
7135
731
8906
4486
1573
6348
1466
6879
5291
4658
6503
1111
7090
2291
8640
2374
6662
5304
741
1212
7569
2310
1317
6862
4765
2594
5791
5012
5182
4849
5443
5718
6047
401
954
6995
5834
2478
7415
6571
7101
1472
7899
8422
7379
5899
2409
4727
7583
1907
6159
3457
5843
5121
6812
2418
6806
188
3983
1120
7007
4139
3845
3028
7126
6706
3251
6003
4420
8752
6051
4404
4605
6442
5021
1507
969
1476
5462
7946
3213
1788
6322
4666
1575
2799
6568
2219
6290
6811
3718
5585
7815
6977
5903
5074
6974
7764
1639
656
6724
5965
8781
5404
3093
3780
2496
6896
4984
4355
695
4801
7713
828
1310
4168
2516
3194
8044
8574
526
2686
5810
2935
2912
7316
6476
7419
4051
6958
211
4818
3217
4181
8620
5365
2180
8404
4031
1453
6686
6375
6867
4830
5538
8459
3996
8656
4033
5427
8720
5440
4251
4925
5923
1240
7089
3843
8609
3320
3927
6744
7325
4515
5888
4914
2696
5553
4854
7323
6944
2782
7078
3646
3751
8835
6536
5655
976
6281
7347
1515
3370
6565
8537
6768
1812
7759
832
5151
3441
3190
3963
1590
4246
3714
4000
3207
1060
6121
6757
3173
285
1862
2617
431
4066
1771
4690
6993
2318
7020
5752
8768
6530
1352
2824
1686
7380
858
7381
6318
4840
6027
7357
3428
3420
3351
1145
189
5952
5434
4166
6182
5581
8502
6765
6426
7926
4738
2371
6454
7448
5625
6423
1336
2997
48
7987
7774
5684
6460
7051
7190
3192
981
4555
8853
10
76
1652
6431
2241
4686
6646
1864
735
5707
6433
1767
5477
5558
1479
4716
4795
4262
3434
3632
3364
6107
5568
6223
6244
1531
8123
6800
5832
3854
2167
140
965
3702
6525
737
8865
4188
1934
1404
5128
2897
6774
2959
6227
3216
5170
5449
492
6230
1657
2059
2668
8614
6942
2982
427
2631
2210
8544
6116
4142
7343
3693
5210
2826
3379
7208
8882
3201
1211
5352
8275
7818
45
3795
888
986
3553
2347
6339
2860
7841
3256
3895
6869
1535
7139
2065
1569
6470
3456
5857
5628
1288
2415
1019
1076
1021
2618
994
5127
4359
7627
8530
2822
387
5165
522
4169
4162
6509
2961
824
4148
844
8583
5569
2070
2779
7211
4792
1057
6533
1391
6731
7095
6950
2366
7198
6329
1941
5102
4203
1529
6419
