item_recommendation
25737
8327
8093
8117
7872
7697
8447
7541
7560
8290
401
8183
2761
7669
1317
8225
798
7437
980
7613
5662
8571
2786
775
8403
2668
2159
718
1744
1783
5159
2835
1777
8772
8499
4782
6154
1739
1580
6902
2832
2866
2399
731
8596
1721
1816
685
213
976
2427
3211
1003
1696
1472
1959
3150
1093
1997
7728
7878
2983
2582
6260
5853
9012
5675
8591
6178
1608
3081
1363
1204
167
1616
99
2922
2766
1233
2074
2393
3177
3147
161
2285
1226
1759
3134
3042
2789
1063
510
2596
2715
1080
3005
2364
918
3068
2633
1388
1186
2403
2215
306
704
996
8899
6073
2120
1841
507
291
1218
2284
2325
3051
1750
162
1730
2052
6121
1028
2858
5742
1860
5515
8636
5715
2546
1852
1184
2990
991
3006
3889
278
2327
1951
95
2634
1046
348
1104
2753
205
5768
5288
2091
2975
2429
3071
1972
2935
2043
2986
833
8033
8142
1196
1066
1095
647
5186
8580
1929
5008
5655
547
5597
7649
8154
2146
1562
2155
1515
1689
2090
47
1059
7782
3016
2134
8360
8743
5527
3675
8070
960
2946
131
1556
2686
785
2439
2981
1192
1125
2342
626
3632
2600
4366
7914
1197
4332
2572
2521
5888
2820
482
1012
5723
907
1286
2843
1831
2567
745
4761
6513
3128
2494
4967
1799
6676
2178
2628
2966
6436
285
1582
945
2383
5765
8410
5498
2937
1380
3895
5936
1225
243
1653
5839
84
1513
2039
8629
2182
8720
1873
4577
5038
2976
5466
4420
526
2451
2324
2432
1092
2710
1130
2046
879
885
2548
141
8003
4528
1053
1297
2236
5275
1909
7478
1812
1078
3913
6751
113
5264
1009
6047
5291
71
2982
8235
5732
3851
6835
899
741
5666
1518
5752
7171
7293
2793
1784
2864
816
1014
1089
8477
3041
5553
8777
1688
7186
4440
3197
888
6035
7078
3584
724
6355
2204
516
8207
2993
1428
219
2118
4976
3008
2534
327
6970
201
947
8522
3875
986
8136
8376
7802
6091
5815
1796
1292
969
638
44
372
2977
2513
1006
1981
5282
8699
1690
6918
5891
2956
968
8420
29
2674
2347
984
864
2422
1549
1033
5363
2424
858
105
4740
2183
3007
848
7208
998
366
2577
5365
2647
748
5139
8524
8253
2078
2014
8607
8998
1022
6498
8807
656
6800
2704
535
2128
5693
2504
7636
4945
7245
5458
2769
784
1020
4458
2126
725
479
2478
870
1660
5413
4550
2815
250
2360
6103
1810
1978
1150
2239
6803
1572
4963
4432
2649
951
1554
1040
2912
589
1925
3611
448
5323
7254
8761
6294
6404
5710
6422
938
5198
6760
3173
5410
707
5689
688
5672
6140
8039
155
2421
4428
7260
5398
3334
4241
7346
460
6493
8848
1797
2696
5285
4477
8943
6331
7919
7822
6375
8542
8640
8781
2135
838
5056
4450
4727
7947
8366
5847
6754
7017
3497
8123
8610
3499
4832
8423
8147
6060
8275
7063
6732
8138
5034
3491
5940
5826
3654
6105
5746
5003
8372
8130
5836
8582
8371
8197
3284
8949
6887
5641
2640
7309
8672
8921
6896
5670
5685
6464
5401
6706
7235
1617
7198
4889
6432
4104
8882
4929
8828
8835
8838
7419
6852
5577
8785
5170
7357
8768
6851
6342
3957
8872
6341
5684
5400
6963
4677
4312
4300
7153
6718
6584
5696
7702
1833
375
2498
2088
949
905
627
4326
135
3500
735
2630
4731
1667
3176
5504
4903
3064
3238
2296
973
3359
2687
904
5968
2540
5572
2473
349
7764
7831
1598
376
1032
5161
1008
6547
4878
6985
733
990
1715
1404
8576
970
1084
937
4814
2816
4490
4980
1545
2212
6296
840
5729
129
1962
4511
6232
5980
3489
4920
2207
893
3044
2507
6645
2184
865
7616
5177
1804
5735
5389
603
1870
5834
7771
5795
2772
5699
339
3936
5254
5443
1647
4834
5462
4066
5004
8966
5796
8985
5680
3825
5690
8158
7791
5678
5517
5373
8955
5736
5667
5001
5002
4994
5700
5686
2378
7012
5625
1248
3241
5298
1010
4999
3307
3096
1145
4558
2350
7204
4076
1147
8819
1425
4105
2583
2774
6470
4923
1367
8670
961
2344
1966
2801
5085
7738
6768
875
7743
4836
6827
6530
963
6684
5055
886
45
6533
964
1973
2428
5243
2133
6408
2493
5313
5899
101
3495
3504
1120
1099
3758
3452
2340
3232
659
8589
2231
5418
6509
6286
4941
1822
4342
6579
4153
4263
955
2481
1449
5053
1801
7753
2938
2932
1085
4016
2300
872
4267
3368
6678
6774
5203
8638
4981
5808
6728
5296
5564
1455
5909
4043
1453
1333
1975
1437
8661
7487
4925
5832
3916
6207
202
1401
5135
220
2441
3656
4996
4495
1005
869
500
6798
2465
6314
5167
4979
5193
8042
3120
571
1288
4765
2570
828
1479
1652
2009
7386
4298
1073
5333
5901
8015
5271
6225
2654
4833
2189
3948
493
427
1240
5581
4821
695
4509
1586
4532
2594
5025
8665
1026
7938
2535
1805
4803
1508
5312
3608
1581
467
2173
5970
743
1161
3816
5518
6671
2335
3445
4680
266
3543
494
196
2953
558
2458
5146
330
844
1834
4795
8684
1980
1544
2800
6107
2169
2186
3819
3753
2791
880
4367
4735
1057
1088
337
1858
3798
7888
1752
957
3377
6062
609
1735
1018
4678
8859
6695
3953
5521
7272
3959
4914
8910
7976
3163
1187
5857
6591
962
2876
1431
2688
8633
1523
4743
1152
28
5649
5102
7394
934
4555
6143
4200
48
2400
498
4251
8977
8614
1645
981
2985
2201
2130
5117
3759
6630
7311
1717
8462
63
1440
8385
8268
1917
5644
2021
965
4006
4402
640
4027
4042
4415
6427
667
4158
8920
5522
1456
7091
7748
2939
1819
3496
753
5348
2725
1043
3093
747
8695
1135
4130
8808
6521
6658
7180
3004
1624
1668
8906
5292
569
2188
1699
7234
2310
2651
312
2902
1097
1839
1365
7502
3724
1762
5866
635
835
8709
2291
4166
750
