item_recommendation
25737
5241
7872
7541
8327
775
4079
8571
4316
7697
4290
8093
2214
5341
7914
4433
8183
2549
4231
4541
5490
5242
3841
4103
1754
4630
4488
4641
3789
8117
3942
3029
8360
7613
4520
3806
3659
8447
3990
4506
4673
4215
2677
4696
8225
3743
5515
3573
2912
8290
1513
7669
1523
3574
4389
4136
718
3998
980
7560
4649
8207
1046
5238
4216
3437
7437
8033
7802
741
5410
8253
1515
2696
2488
1497
4721
1831
2594
8070
8403
1003
6073
3757
7782
5765
733
7728
5159
8056
7649
2689
731
8154
8772
7478
2717
5597
990
8420
1711
2859
6154
373
753
5008
5198
4600
5742
3232
6178
7407
3010
4515
6579
6091
8499
8522
2686
5177
8596
5312
5264
3452
2692
1870
5489
4584
1744
3512
7636
8003
5470
4091
6970
984
5715
1507
1057
5420
1739
960
8998
4795
5723
5662
3368
8899
8684
626
5186
2605
8636
5772
6355
2227
8410
2900
8743
994
8477
7938
8235
7878
4051
963
735
4550
3235
3324
4605
6493
7245
5980
4731
3281
6260
8661
986
824
725
2186
8777
6195
5729
2481
5689
2003
4246
8879
1580
2097
6902
745
4830
5282
5288
401
695
5853
5768
8261
2669
5675
8591
4998
129
2769
5033
8859
1562
3456
4658
6365
9012
2300
4821
1036
4727
4101
6211
5666
5038
4414
888
4076
4417
1812
8699
2659
7932
1586
1317
6918
976
8376
3608
6404
5134
8136
8848
8167
8580
1331
3032
1020
8451
3875
955
1145
3334
4920
3292
8385
1024
4366
864
4809
4617
3816
5114
1767
4873
2062
3377
8943
7995
1053
5254
232
7234
4511
3751
7228
737
724
875
3408
5275
3787
7171
4878
3936
3194
4241
2668
3587
5398
5459
7260
3338
4440
798
8722
9018
8607
5808
2741
3604
7293
1907
647
3489
4121
736
4437
5556
1639
6121
5443
7394
7254
8807
4861
1006
6408
1437
5182
5139
2241
6395
6751
869
7831
4987
3140
885
5655
750
2937
4508
5161
2504
1288
1147
5787
1819
2772
3575
4610
2688
5752
4262
4386
7204
828
7753
1631
5053
1816
1777
3086
1019
2935
3357
3364
8524
2513
5588
5968
951
407
8961
8629
858
3113
5168
8720
2982
5825
1976
8903
4577
526
3284
968
1788
1111
3238
4801
1771
969
2687
2159
915
2496
4638
5936
5498
5611
5224
6513
2966
3188
2798
2546
4941
1525
6718
8187
4680
1030
5433
786
4782
6547
3819
6498
1393
793
2779
6636
953
5291
5839
7272
4765
1980
964
5193
4088
5699
8761
1047
1040
3522
7881
2801
5641
4740
4153
6056
2647
1021
6676
1394
1624
7738
6760
8589
3908
6826
8675
4380
1135
8542
4273
5815
2976
5269
5784
5710
7492
5427
5323
4284
947
4632
1060
6658
2385
4401
6314
1041
3239
474
4033
6279
2440
8665
4911
3417
6835
3093
966
961
2956
3759
5834
7888
840
6294
870
266
4016
3051
5172
7186
7809
4984
2441
1508
5363
5732
7619
6684
1026
6436
719
3702
7771
4923
5375
3210
3793
5672
6728
285
5462
5365
5684
5055
4945
1125
6383
4634
3388
3563
5466
893
6985
1010
2835
8819
746
4976
3851
3402
5400
1161
7577
2415
6225
7786
4228
6803
4321
2642
2467
981
3649
1852
726
6243
720
4636
912
8604
6422
748
4420
2473
8709
1008
3854
3869
8387
6800
1472
5518
7976
3173
656
3081
2183
7720
6850
2120
6509
6207
6464
2347
7502
6896
889
535
8142
2829
8768
8654
2561
1750
743
8882
4155
6375
3758
2770
4432
3668
4748
5777
7282
2799
8147
659
6035
8927
5909
7822
8864
5791
4967
5735
2366
4612
2212
4263
6706
3656
5380
3268
5483
3428
5940
8865
1120
3359
3125
886
4645
7919
3882
1476
8751
1078
1794
8239
1042
4450
8039
135
5285
1187
4349
472
2699
6132
5795
3307
8977
5377
3632
2570
5170
2815
6559
2398
5572
3996
1352
3354
1501
5017
2983
2582
8914
3871
1783
4524
7757
2780
321
2478
48
5352
1132
5553
1608
816
5625
7078
4404
7263
2318
6768
5836
6341
7444
6140
1192
8838
1581
101
2173
2981
3024
3611
1037
954
5387
1059
988
7198
8835
3880
6077
2438
5413
5210
6047
3688
7419
965
3900
8275
5696
3705
5203
3500
1876
5236
4462
6630
2490
7357
6331
6887
2521
6051
3223
5585
5440
3521
6774
2925
8123
5538
4761
3434
2236
3358
833
1017
6584
6963
5002
5056
7947
8672
7235
4929
6105
7702
3497
5577
8828
6732
5700
7153
8197
5034
6432
5680
6060
7063
4300
5667
4104
5678
5746
4312
3957
5670
3654
5685
5686
5001
5826
7346
5003
5401
4677
5736
7309
6754
2545
1281
8640
8511
5004
4994
5796
7017
5847
455
5690
4477
3499
4832
3825
5517
7791
6851
6852
6342
2640
5458
5202
8872
8785
3491
5373
4095
8366
879
5693
8582
5222
1721
4703
8921
4191
2761
4889
7583
1429
3843
1617
2283
2832
2880
2567
4643
3262
3892
5199
3159
4888
929
3784
7789
4954
5243
8462
4686
6645
2184
8157
2639
4834
865
8228
6103
2993
5989
938
2609
5346
8609
3889
8949
8610
8371
4980
3427
4391
1104
8158
8966
8130
8955
8423
8985
8138
1004
2548
4251
9010
8620
8372
8633
7101
4552
7979
1569
7121
4375
5464
4771
3370
8795
6470
5404
6286
5315
8910
4709
2796
4999
3453
3127
5085
1826
4342
7012
4428
4659
998
2534
764
3723
3786
5146
3845
8388
2465
2295
891
5304
2802
5438
4728
5348
1575
5065
3241
3160
4936
1834
5117
2370
1032
4833
4399
5473
970
8169
2428
6533
4676
5302
4662
5637
4333
4640
4977
5342
5463
1014
3285
4337
1479
5718
4902
1410
4627
8392
2892
3687
1688
802
189
4139
2118
5846
4519
3643
4190
6037
3404
880
3495
6162
2572
4171
6242
1690
5364
5265
3213
4045
7177
6827
937
2905
4960
6690
3096
5630
5335
3584
4614
2427
4105
742
4394
1529
4188
4084
2248
8491
6148
1209
1031
6530
1363
3852
3989
6296
