item_recommendation
25737
8327
7872
7560
7541
8093
7697
8117
8360
8183
8447
8571
8290
8225
5597
7613
7437
7669
8403
8167
5515
775
5765
8772
8596
7728
6154
5159
5662
7878
8499
5742
7649
5186
6260
5853
4153
5288
8636
5768
9012
5715
8591
5675
6902
6073
5323
8154
6178
7782
731
8899
8580
7914
1003
4550
8003
1513
6751
5723
8998
8743
6091
4462
7478
5282
6493
7636
6676
6918
8142
6121
8720
8033
8207
5275
745
6835
6047
8640
1507
8410
7171
4740
1515
724
980
5940
5008
2769
6970
5655
6579
8376
8136
5752
3875
6513
6760
960
6547
5710
5968
6027
5363
7245
6684
8070
741
968
4450
5666
5732
7771
5839
5577
4731
8699
5795
5410
5808
7115
6355
5936
5729
7831
7254
7822
7786
8253
4984
5815
4885
8672
7976
5693
5285
2764
5843
4967
1870
5177
1777
8807
5699
4076
7938
6498
6887
4095
6103
5891
5312
5458
6365
6706
4440
626
7419
2956
5443
2513
864
7346
401
8366
5365
6294
8777
7357
8542
5254
7078
2409
3851
5625
5672
5641
986
5466
5198
6803
2654
869
6035
5572
5337
4727
8056
5038
6331
8629
8275
6718
5400
8607
8943
6404
8882
5836
7204
3334
6464
6314
7293
6827
6896
3495
8524
1317
5398
5462
5735
3489
5170
6375
8838
6768
6533
8848
2184
6645
865
7198
6232
6422
6436
6748
5696
4834
7702
3825
5700
8921
7153
5826
5004
5003
5002
3611
8123
4300
3284
6342
8147
5796
5056
8158
8582
8138
5517
8130
5746
3654
6432
4312
7260
8966
5034
7309
7947
8197
5736
8955
7235
8949
4477
5690
6341
8872
8768
6754
7063
8423
5001
4104
4677
2640
6800
7017
7919
3936
5401
3497
6851
3957
5678
6852
4889
3491
5373
7791
8610
5670
5667
4832
3499
4929
5680
1617
4241
5689
8985
6963
5847
8835
8828
6732
6584
4994
2696
8371
6105
6060
5686
8372
5685
5684
8785
4428
7012
4999
3241
5243
6470
3432
4765
5085
1739
976
4980
3758
3096
6296
1508
7394
4795
5055
2993
4105
4976
5291
1192
947
6286
6774
6678
7502
7234
1805
5264
2347
8008
6408
4996
7407
5139
2183
4878
4045
1750
733
2651
4016
8670
4228
7764
5214
101
3819
3500
3889
2798
6832
5418
6530
5203
3584
5504
7802
4532
8665
4923
5611
8042
735
2892
4743
8462
4490
2832
5419
5440
8522
5167
8859
2995
6985
2982
4407
7888
5413
5923
4263
5135
2548
3753
7186
3656
4420
6609
4979
1006
6502
8638
7753
6225
2188
2582
2983
8385
2801
875
5271
4903
893
2428
647
5834
4298
2120
984
3307
4680
1819
2473
5909
4437
4981
2774
4043
7208
4792
1021
1501
695
5819
3359
8235
3173
5518
4686
973
8961
2009
6368
1010
746
4945
998
3324
2107
915
8420
2189
4925
4963
1581
4941
1624
2534
2688
4987
6850
5193
5053
5553
6093
951
4735
1084
2659
1822
1057
1752
5218
969
5888
3238
2546
5117
725
2118
964
747
1367
3759
8661
4251
4920
3880
6728
1049
5356
6826
2300
4833
7379
5980
4873
7334
5313
4761
6671
2496
6840
5832
4736
2741
6025
1733
2481
788
8451
5161
526
8684
1690
961
5352
4718
4895
8808
3377
5304
2186
8039
6395
3445
7263
8576
892
2730
1523
2365
8781
6230
748
1056
5649
1047
743
1008
266
6377
6659
4678
2687
1005
3452
1012
720
3188
5498
2227
7738
5960
6383
1014
8477
7056
8906
1032
3368
4956
1147
4801
1104
3959
4511
1812
2976
1059
7091
3093
5343
8387
6862
3194
6084
3142
105
1636
5650
6730
1909
1187
2441
6234
4649
4821
2938
8709
1026
6521
4414
8920
8689
833
6650
6630
2500
6957
3971
2090
802
750
1771
3281
8268
4691
1525
4577
4800
2686
4326
7272
48
6593
3402
1807
659
719
1017
4782
2433
6062
1053
6798
3816
5489
4247
5377
7818
1030
1626
3766
2236
2458
2780
879
937
2088
4391
1078
6207
1092
931
8507
1004
2440
8865
1497
1980
5712
8332
2416
2374
218
1023
3831
7311
2383
4584
5857
4914
1042
3235
5604
888
1753
1735
1580
7481
5384
2331
1018
3256
953
129
7305
2650
4158
8819
1382
4130
1479
189
2418
990
7386
1688
7894
1518
4316
1152
8589
1040
4262
2937
5745
6114
6535
766
7180
155
3456
1288
2360
8761
535
962
6440
171
3444
759
1060
7411
8453
2077
858
762
6624
6571
4520
4840
955
912
8121
3575
1437
516
2898
880
5333
8015
5901
5389
5017
7189
8633
4427
6568
4033
5012
6400
1019
8879
2342
4432
1035
45
6021
1500
5021
5051
2770
7034
726
4638
7121
5033
4968
232
7354
4366
6721
2647
1046
1907
5296
4101
5971
2478
786
5375
3171
567
2407
2772
7258
7371
6950
992
1036
5970
3608
2471
8984
1627
3113
6227
885
6531
2318
6612
994
5329
832
966
1755
5754
3702
828
1762
6658
981
485
6753
7282
753
2799
3869
4401
4901
6765
1301
6816
6591
7055
7135
6559
205
7096
6636
274
7743
5292
5092
2482
7099
7029
2876
840
8654
7315
3028
1504
7705
4161
5425
2355
2415
3487
2062
2815
2487
5926
5241
3417
1020
9001
5480
1860
2594
6966
7444
3232
4951
656
6240
4592
7817
1498
3799
5102
4798
7572
793
5165
5646
8131
963
5025
2668
3127
6940
2700
5607
2354
2520
5009
5521
954
5585
5669
5048
2349
8751
1715
872
5473
728
3140
7415
7619
6100
2385
7038
2935
2134
4270
6664
4271
6243
3668
1631
3408
3039
5449
285
4670
3621
4171
619
7792
3924
7698
7944
3707
3263
8833
4639
8840
7445
7587
6932
3928
3877
4079
7352
5899
2660
7299
3948
5989
2690
5801
8827
7323
6279
3388
4518
6744
6433
2340
2642
4367
5076
7881
938
1024
1928
6509
6254
1831
886
2197
1526
6143
6467
5071
8194
4936
6506
8642
2288
5644
8695
742
5777
4636
2202
1810
5718
2988
390
6791
2616
6127
2572
1365
3329
4844
7126
844
1034
2344
7147
113
