item_recommendation
25737
7872
8327
8571
7541
8117
7697
8360
8093
8225
8253
8447
8183
7613
8290
2271
861
7914
8033
7560
1365
7782
5159
5515
1213
7669
7437
3035
8743
8403
2659
1513
980
3417
8420
3232
8899
1003
4068
8772
7802
8207
4550
3235
775
3218
8596
5723
6970
4109
4584
3324
5186
8859
1907
6178
731
6073
5742
7636
7728
4414
5008
6154
4731
3377
7478
4795
8499
7938
5765
1591
1438
8136
8376
8154
401
2475
5198
7649
3816
3875
8522
4941
5312
1523
1777
3188
6225
7234
5410
3024
6902
5662
6260
6918
2605
8636
150
1870
7878
4740
3368
6091
5597
8003
8070
626
4366
4101
2769
741
733
5729
8661
4319
8056
1317
5980
4076
647
986
1812
6243
2300
3795
4830
4873
4316
2872
858
129
6826
4437
3223
5715
4638
8998
1515
885
5853
886
2647
2178
984
5288
976
1507
5675
1744
5768
6355
5275
8591
9012
4649
492
1288
745
1437
1631
8961
2545
2686
8477
1831
7888
1816
4246
1852
4821
8235
4600
960
4801
4262
8879
2937
7786
659
6314
8943
1053
1739
4153
2227
2415
5641
2683
4079
8580
8684
7831
2668
1401
8462
1767
7186
4923
7881
6579
2780
3194
7245
7204
8709
8261
2288
990
8665
2982
5177
3604
5033
724
516
1562
8167
1006
4577
5161
2368
3702
6932
2798
1187
4765
2976
535
1358
888
5834
6718
266
5689
4171
6728
6751
8410
8777
4696
8607
5053
4792
3086
3307
2688
8807
6365
4440
5909
8920
695
1161
6612
3819
656
5038
5282
3127
1021
9018
5611
3173
1771
4404
8720
6121
474
8629
1624
2660
8524
951
5365
3028
101
7038
6493
3575
8840
4639
3707
3928
7587
7698
3263
8833
3924
7445
7944
3489
479
735
5346
7228
8689
8848
8642
1472
6835
3238
3668
5570
4016
6630
3210
3759
9001
4228
8385
2546
2189
5655
7263
2407
7407
1173
218
2496
4401
1046
4782
969
4723
5666
798
3081
5254
5323
4560
5968
5055
3334
4349
5672
2772
4420
7254
1580
998
6609
3646
964
3649
2832
4241
4861
2347
5398
7932
6408
8699
3936
8542
4895
3199
7260
2617
2956
4911
1057
6195
1508
9004
869
1846
6498
8589
2761
725
2696
973
947
6404
4680
2981
8882
7293
6760
3402
189
6676
5443
6547
1352
4727
48
5699
4251
2478
6774
864
8451
5810
2120
4312
3758
1834
5139
3805
4987
2966
2935
5808
3359
3125
6684
6294
2062
7171
5710
5134
8142
4761
1111
285
6103
3357
7995
6744
7976
3714
4718
2186
1750
6985
4976
6047
3051
4432
4936
5936
6390
4878
313
718
7894
2154
1517
5839
4833
4005
2616
5193
4511
205
5735
7126
1135
7282
7619
4045
3251
3408
5449
2799
5117
981
1446
3854
1721
3292
3456
4263
1636
3428
8761
2385
8768
2983
2582
3889
5625
1060
3358
1017
5772
3256
2473
2009
526
4051
8914
4098
6803
6513
3522
7753
8654
1047
828
6530
5375
1529
915
8275
2318
6211
4809
6636
1145
1330
1690
1394
5732
955
2418
875
5752
2374
5815
6422
4984
3354
2639
1104
5952
4658
7809
1225
2687
1004
1192
8675
6706
714
5243
7771
938
8039
4691
2622
7502
4417
7919
3892
4643
3784
5199
929
3262
3388
5165
4888
3159
2880
2159
2504
5470
1059
5218
8147
7577
6035
1844
3281
268
5462
5413
6436
2513
3584
1476
6031
720
6286
4920
8979
2829
7897
5795
802
5585
7792
1020
7346
452
5572
879
3207
6331
746
4255
5489
5940
2796
7394
2912
4642
3860
4980
6768
2427
2801
880
2334
2689
2835
5588
3150
1147
5264
1696
3284
2078
3799
2786
8838
3880
7822
4477
1525
3351
3885
6341
7078
5466
6584
93
1301
2212
4033
4450
4290
5363
3157
6896
4162
5170
7012
2458
2441
213
7419
2383
2394
7357
2534
274
5304
2183
3656
5285
893
7492
3608
5696
6800
6887
962
1980
8835
2184
6645
1836
865
5684
6051
4337
747
963
5356
472
8640
5400
7198
2342
6375
7309
7235
4300
1363
1042
6240
3160
5685
5034
742
6162
2897
4563
45
8366
6678
4929
5670
4104
3957
8828
3654
5401
5746
8921
2340
1429
76
968
2521
2961
3497
6963
8672
965
5836
896
4963
5003
5796
5826
5700
5002
753
2558
6464
5745
2090
8819
2467
2516
8966
8985
8372
8423
8158
8785
6852
6851
4832
7063
7947
6754
7791
8872
6732
3611
7153
8371
3825
8610
8123
8130
7702
8582
8949
8955
7017
8197
6342
5667
5373
5847
4677
5004
5736
6060
5056
6105
5690
5686
3499
5680
5678
5001
5517
2640
3491
5577
4994
6432
4889
3158
4532
5352
68
8511
3882
2581
4428
3093
157
4645
4095
2548
5473
8138
1617
4834
8638
2793
3113
2651
3852
685
748
1819
953
6470
6230
2775
3430
3753
4999
3851
2447
8484
423
5203
6062
2331
2843
1783
892
4427
1608
1132
4355
8187
4273
8903
4111
4284
3587
1688
2236
2704
3096
1012
3241
113
3540
4380
2494
1369
4029
4105
2609
8633
5085
5518
5604
6533
499
6242
1805
6395
6827
327
3709
3521
3500
232
961
4121
2654
4354
461
5291
1581
4686
844
5825
1026
5433
2621
2892
8604
6296
2197
6114
1804
1526
4515
1040
5799
2399
4933
2352
1518
3843
1788
4608
6658
1873
8453
6132
2815
5182
1024
485
5693
2440
2118
4399
6318
3338
1209
8482
6368
743
5504
848
2497
1569
8977
2985
2827
2866
3465
5556
8387
8808
2792
2335
3495
4945
3216
312
5630
5335
299
8781
3394
3211
5419
3213
1860
7180
3996
6832
5080
1346
2741
1951
1822
3163
970
2439
7764
1196
700
2146
3152
8695
4490
8332
8268
6559
870
8616
4546
39
2779
719
2669
8042
498
2371
263
6198
2188
1018
4736
1013
2990
1479
872
4462
4846
1997
2003
7748
1733
2681
1839
2633
8827
816
1320
4876
5324
2327
7208
3632
2730
5214
2366
5891
34
3693
2533
7738
4840
4803
2770
923
3926
3869
6858
2493
