item_recommendation
25737
8571
7872
8447
8093
8327
7613
7541
980
8385
7636
8360
7437
7914
7560
7669
7697
8070
8225
8522
8117
775
7407
8253
5489
1046
8420
5017
953
232
7738
7394
8661
8056
966
955
3869
7782
960
7938
4391
840
1523
2212
526
8033
3368
2062
8961
8751
1024
7753
285
5611
695
1513
6748
6143
8290
522
8003
7234
6521
129
7802
4658
48
1562
8183
6892
7186
5597
6728
5909
8670
6091
6365
1590
7728
5264
266
1744
8654
7478
5410
5473
954
5159
7705
984
2659
3845
2340
1352
2374
969
2860
7649
8879
6724
407
3804
8008
8859
733
4696
4121
472
6550
321
8403
912
3420
745
4605
1003
8477
4821
5723
6920
8167
6195
1288
3232
8154
45
8665
6850
8596
6579
6207
4262
8998
4414
994
4941
858
1281
970
888
5117
8743
7263
3281
5515
8235
5164
2241
6826
5296
8819
8761
4873
1816
8709
6318
6355
741
6535
6562
8410
4686
7107
1907
1767
7748
4162
7481
6609
957
4437
647
427
7293
5033
6559
2173
6658
8899
2227
1844
7817
4079
3127
8604
6254
4577
1120
4584
6636
8499
731
5008
828
3188
1676
189
1145
8745
951
4901
2288
4600
881
5134
8984
3324
6314
1639
6568
5012
1507
4830
263
6832
3235
8589
1057
6791
6970
6630
4417
4923
100
6242
3213
4809
4550
3632
5815
1531
8376
8136
3875
2531
7786
996
2935
196
1125
4033
535
2415
2686
5558
1295
7831
5936
7299
4782
485
1777
1437
880
1187
8131
7245
3668
5198
8854
5588
5210
1476
4761
7976
2236
4427
4801
7204
7254
6739
5530
8462
1060
6498
4366
1569
1516
2437
7311
626
5839
5498
7189
6624
1006
6743
990
5329
474
6676
7619
6669
4171
4076
1771
2959
870
8453
101
523
8684
725
2780
986
6322
1004
861
328
6116
527
7099
1515
2442
981
6612
3417
1812
5825
4081
3996
4727
7487
8977
3816
1021
5765
1020
1013
3854
5729
720
4638
976
6276
7011
3268
4188
6932
8864
2003
4404
1525
735
4135
8642
2660
2647
2799
656
1794
3113
6811
4795
7380
915
8633
7272
8914
6404
8575
2801
7888
7316
3263
7944
7698
7445
3928
8833
3924
7587
3707
8840
4639
1336
1042
5226
659
2506
4731
1019
4432
2609
2772
3251
2038
7789
7932
965
2496
3608
6132
7121
4524
6918
2366
6056
2605
8187
724
3702
8689
6999
6440
7990
2248
7195
140
5693
3819
2396
6565
5241
3871
3307
4936
5470
8507
9001
6077
3508
6957
964
3351
8574
1047
3604
7038
6536
2709
1253
7484
4666
6981
6731
7135
1870
1131
401
144
288
3575
7881
1012
3522
2897
5585
3210
7720
6591
3370
9004
5752
2912
6000
6762
7878
7415
7022
5177
1702
5832
5926
2752
1819
2300
3587
8009
963
3428
3751
7444
3207
5968
5
8777
3176
3795
2154
916
7818
4728
3574
4740
6243
7089
6798
2318
2798
7055
5378
6375
6744
1209
4086
5291
5440
3093
8699
6977
961
5222
1030
2981
1016
7090
6348
2687
4920
6178
8772
5114
4673
4902
7566
6390
31
4316
3377
7171
1367
5857
6140
2793
5801
1497
4020
8526
5900
7044
8908
4811
4292
7845
6370
8044
8950
6641
2941
8948
3492
3997
4692
1824
6415
7584
1624
7759
3714
6154
714
7130
3882
6294
4911
5165
8583
6643
2779
8169
3256
3033
5834
8511
5236
8910
3752
8700
7126
1173
3456
7820
5186
6880
15
6974
4861
4375
4612
4659
1472
1135
5569
2617
2004
6760
8920
5810
4846
2418
7894
1504
6690
5021
4634
9010
2622
4051
5282
93
1652
4954
4977
5637
4636
5342
5483
4676
5427
5463
4662
5302
4640
4333
5715
2775
7757
1026
4614
5809
1193
886
8614
2669
4627
1111
5433
7211
2730
6383
2427
2689
4519
3799
8482
8923
4814
4984
4251
5303
8239
6183
3086
5364
5265
2433
5009
7096
2688
4632
3157
8392
6367
5917
5971
4246
6684
1394
3534
7439
3296
1132
1535
6751
2504
5662
3560
6840
6777
4945
3438
7583
3292
4394
5319
1114
8609
5873
6260
5285
6757
492
785
7577
2516
1810
737
1032
8388
7979
6509
135
4228
5600
6985
2937
2642
1029
4771
5464
678
6279
2338
8207
3964
1970
6803
5214
4738
2398
205
1711
1500
2829
7502
5947
6885
4349
4066
6856
5548
3805
2159
6339
6298
2404
4552
8848
2407
5772
2478
5742
2268
8362
4603
8530
7282
2982
5609
1028
3908
8865
5346
8268
1410
3655
314
4680
4987
2186
8927
7160
3285
5628
1438
1393
6100
839
893
4290
1148
6021
5161
3540
962
5675
5787
2900
2815
7936
2394
8620
615
1552
4706
8797
1346
742
1657
872
3863
5139
498
3693
2892
4849
7792
844
5449
4177
2741
6582
6686
6513
7222
2283
4332
6001
5387
3028
8781
8722
2344
2138
1499
4342
4389
4895
6964
1317
8191
8831
3615
4238
5122
8525
3761
2434
6566
8612
8133
8228
5840
3344
8712
3639
5097
8799
7155
3479
2745
4153
6230
3720
3081
4161
2839
1053
5945
5619
4748
8650
7827
6863
3687
4473
1331
341
866
6114
5882
4886
7995
6003
2468
5527
3399
6966
1580
6862
1041
5568
9018
5288
7208
521
7115
7958
4555
5065
8810
3152
3431
561
1236
1866
6902
5170
6203
8636
5853
8591
6186
798
5734
7016
2331
3427
4649
4312
5888
6516
550
6493
761
7809
1484
1686
1076
2243
1161
6718
2769
4844
2583
1380
5341
8387
1287
1419
1517
6896
4166
5365
3125
5952
5850
3133
5899
2668
5458
8580
380
6927
5954
4191
6835
8667
5080
7034
5940
1678
8827
2490
5352
5053
6329
5422
597
1493
5518
8807
2621
3150
2533
1224
1009
5570
422
6395
8795
6223
5641
6695
2770
968
4837
6073
6042
6084
5618
4024
2819
5218
496
8491
1329
4108
786
5438
423
608
4124
5312
2149
9012
5768
6234
1055
8979
2567
3675
4897
4223
3977
4645
76
3920
4765
3394
1739
1641
4304
6530
4168
2722
1931
6148
7826
