item_recommendation
25737
8571
7872
7541
8327
7697
4246
8093
8117
8360
8183
4332
775
8225
8207
8447
3567
5515
7669
3331
7560
8253
6073
5159
980
7613
8033
8290
2394
1214
7782
7914
6154
7437
8403
1515
8743
7802
8596
733
6970
8772
8420
1513
5765
1003
626
731
5742
5312
8899
1507
3324
6178
1870
3232
5723
7478
4731
1339
2686
8499
8998
5715
4316
7649
6918
8522
5410
4649
7728
8376
8136
728
5186
4550
7636
5729
8636
2659
3875
4795
8154
3223
401
5177
6091
4584
735
6355
741
976
4830
8859
129
5198
858
6260
745
5689
5662
8261
2769
5853
8477
5288
9012
8591
7878
5768
5675
7938
1777
1523
4941
984
8003
1744
1831
7234
7809
6902
5134
2605
1739
724
5666
5008
695
3194
6579
7881
1907
4366
864
8056
885
986
7245
8580
786
875
6121
3377
8848
6493
5597
1057
3357
8410
5772
7831
6211
8385
4873
7204
4153
8070
1812
1317
869
1288
3408
8720
5254
1779
1006
5038
8661
990
4987
5398
3936
3334
4241
7260
2780
7407
8451
8961
2300
4076
2912
3801
4600
2798
3816
8777
4821
4801
8709
3489
7995
1631
7186
5443
6826
6195
5556
6404
4079
8807
4696
798
960
2647
6314
4437
5611
6760
2696
2688
5655
3235
4101
659
3188
2227
6408
3368
4740
4171
8462
8607
1437
5752
2982
7932
3284
3854
6751
5139
3702
1046
8147
2772
3218
951
1624
6365
5275
3051
5808
4765
6294
2937
5282
8943
7786
2546
8524
5980
4440
2976
720
2669
3417
3587
719
7263
4228
8542
656
3759
4401
5053
1053
3338
998
8684
8167
2687
6225
8629
2741
2062
947
5375
6728
3081
4911
7171
5161
3668
6395
4923
4727
2385
4088
7228
746
3127
1476
1021
5269
5784
5834
5193
1161
725
5699
1750
2660
6612
3751
8604
4658
3819
968
1040
2668
27
2473
969
3307
474
3263
7445
8833
7587
3924
3707
7944
7698
8840
3928
4639
6932
6498
1472
4404
6609
8235
4016
2897
1147
3604
3456
750
5968
5323
753
3173
8665
9001
1525
7038
535
748
6658
2617
526
2956
5641
8275
2801
5732
1135
3402
1066
6676
7888
6718
8699
6636
6243
8920
1767
4859
5470
8642
3649
1008
8142
6464
8187
1771
3086
5365
1562
2689
2761
7492
963
1394
5356
189
3575
6513
2981
5055
647
4861
2513
1030
8675
1187
5363
2183
5936
6547
7919
2892
2639
9004
1026
2880
3892
3159
3784
4643
929
4888
5199
3262
2496
5839
5625
4251
1508
2347
5466
4577
893
2829
6630
312
2581
886
2478
3251
3358
5433
1816
3880
5710
7822
8768
726
915
955
4414
7293
4638
5585
4162
1839
3758
4748
3795
8882
6375
964
4833
5825
6774
9018
8336
5346
8689
7254
285
2796
2481
2534
2490
5672
3359
2770
8722
5170
101
3714
8879
2504
4976
7272
3434
3292
4809
7101
7577
743
5810
7126
8654
4312
4432
6803
5413
4920
5735
8835
5335
5630
3521
4680
718
973
6047
492
1580
793
5498
1500
2582
2983
1721
5684
3238
5291
5795
7502
6446
6800
7619
7346
4477
5462
8039
2236
2651
762
6684
2288
8589
5909
2186
6422
1020
8838
6706
1060
961
1479
1192
266
2441
7078
1209
1501
7198
2440
5815
8903
2516
3140
3522
4878
7753
4428
1951
1504
8273
6645
2184
5791
4834
6835
865
5667
8640
5690
7063
8921
5678
5686
5034
6963
5056
8785
8872
5736
6896
6887
6852
5680
5004
5700
5003
6584
8672
7017
5002
5001
8828
5685
5670
6732
6851
8949
8158
8123
8130
7702
4889
8138
4104
6331
5285
8197
6341
6342
7153
8366
8371
7771
3825
5796
5836
7947
4832
5373
5940
5847
4677
6060
7791
3957
2640
5400
5401
6105
5826
4929
3654
8372
8985
5577
6436
1617
3497
3491
7309
8582
6432
7235
8966
8610
8955
5746
4994
3611
3499
7357
4450
5517
8423
7419
5696
4300
6754
6985
2418
6103
994
7012
6768
4980
6322
5243
1819
2985
2415
1047
2120
8121
6827
4420
1225
2843
1004
1497
3351
7792
5114
1980
1017
7894
4782
953
5033
1518
1834
1104
1042
3851
2407
1145
1852
8914
3281
3024
4321
2600
3889
981
4045
5449
4354
5989
3608
6390
2961
5404
5504
6148
4642
4936
3829
2374
2835
7979
4095
4084
7250
765
16
892
4895
5952
1783
3584
3210
3500
3388
4901
8625
888
5264
2442
802
2154
3113
5315
896
5707
3256
3780
2938
2383
4967
938
4999
3656
2786
1668
1690
1429
2966
1438
5304
1235
2159
8453
3241
7789
1581
2774
5572
2815
6296
2799
1010
6035
48
4563
1024
423
5992
1804
1688
5182
4121
1569
988
516
7976
3900
2398
3882
5085
499
2366
5324
4736
1549
6383
8511
6476
5538
5203
5693
3852
4386
3495
5080
3125
5787
3428
105
6533
3160
2295
2832
6470
1059
6037
5777
4105
2078
7340
4273
5165
4960
7444
3096
2118
2494
4284
2993
2753
1103
6678
8795
1363
742
3452
232
5846
2428
4703
1836
2368
2654
1713
2458
970
828
1346
4893
6077
5419
2545
6273
5718
4803
2248
6051
2493
4298
1909
1125
4490
8808
1012
2699
833
1032
1860
8979
3540
4844
6279
6744
7379
2438
3831
4532
313
4984
1880
5179
6473
4876
1063
1014
6530
243
8761
2467
4248
3207
7034
4263
2567
2548
2350
4417
2935
2335
2633
2616
4146
2708
8638
7738
4709
2622
183
8157
76
931
205
3028
7208
2427
6484
916
113
4310
2134
1056
5135
2465
1805
2521
2511
3445
3693
6286
8819
7115
7764
2207
4945
461
5418
2507
4818
7748
1358
2572
5518
6232
4254
6056
6690
2354
879
4262
2730
1037
6318
4111
4979
5151
1301
1841
1036
5427
2764
1111
1077
4515
2090
7177
7892
2990
1876
1901
880
8751
2376
5218
3404
5352
1132
1608
6571
3093
3563
4033
2241
1769
6234
3394
965
1636
3401
7897
844
20
7815
8633
135
1367
7282
4718
2331
2373
4568
8042
2766
412
1184
848
2497
2866
4462
