item_recommendation
25737
8571
7697
7872
8360
8327
8253
7914
3232
8033
129
1744
4262
1145
7437
647
7636
8093
7541
8447
140
7802
1120
407
5597
2227
7613
5410
4782
8420
2605
1523
980
7560
3235
4696
4290
8225
561
341
401
5489
7407
1562
285
8056
793
7782
5033
7932
5498
314
1777
1816
1711
1111
1535
2935
8385
6091
4600
6195
6850
4577
4830
5159
522
8235
5198
2159
7938
718
8522
6658
615
526
2659
4342
1767
8859
5222
984
3150
798
1046
4638
7130
7263
1580
4550
7995
1135
678
2966
7888
2761
1437
4079
4349
3354
1826
1472
4316
1552
8661
659
4634
2786
2494
3723
3843
1076
6636
5588
1320
405
7121
8810
8117
4404
4658
7234
5515
266
4051
10
3368
2504
3081
4399
7738
3086
2243
888
6669
4941
1073
8684
3816
2981
3292
8070
6877
1240
144
3133
1453
1187
1739
1721
5319
656
3563
1513
840
3324
3210
2686
4605
3522
1608
321
2779
9
1281
4168
3604
4194
1590
4731
695
8477
7222
4649
1288
6498
4673
1639
2647
3845
6559
7809
5947
6073
100
5952
996
1783
5433
1196
714
2478
4873
6579
953
2766
8167
4191
6056
6365
4515
3188
1696
1667
8511
5177
282
6166
1404
4246
535
2212
1024
3127
3996
4821
2745
2283
2674
848
4524
7228
626
1707
4645
966
778
1569
6412
6676
232
2300
1652
1476
294
7753
523
1055
3702
2214
5069
6276
886
4911
7444
4268
4337
3252
3450
4274
639
3960
3976
3991
4291
3547
1293
4284
4197
4184
4338
2752
45
8207
6440
4437
2427
8879
1003
885
2567
2200
5611
3160
8183
6690
9018
1812
121
4121
6826
427
1880
828
2445
2465
986
4886
422
8362
7827
2268
6582
8650
6863
4552
332
8899
4584
1352
955
3632
6000
5864
4171
4920
472
4801
6143
733
8751
4625
3281
5264
3152
1363
8961
3285
7478
7976
1549
2937
5585
4709
4486
1970
6856
1821
4166
2128
3428
7204
2866
7649
5114
3238
858
1031
8654
3430
383
2340
1852
3854
2493
4511
4366
1310
6314
7669
8604
3377
7171
1184
870
1099
8743
6609
1253
969
2327
2468
1794
1006
7394
3619
3565
4380
4273
4036
3626
940
3270
2693
2439
7186
7293
4414
2772
2533
2062
3668
4840
775
6970
6748
6918
1951
550
3869
1225
1125
1907
496
2793
1771
7748
3635
2089
6728
387
2600
1631
6932
498
4146
162
2318
1844
881
8709
994
263
3370
5458
1085
8003
4992
5470
2325
1788
6612
5352
745
5909
7705
7439
1331
951
2352
4933
2704
324
981
1388
1233
1226
918
2668
3005
1616
99
2715
3042
1204
161
1063
3068
1186
510
2789
3134
3147
2922
3177
1080
2215
167
2596
2074
2364
2403
2633
1759
2393
2285
3163
2570
306
5473
704
1730
617
8616
2149
4728
8827
2612
6552
2173
1020
1980
861
4954
4977
4676
4636
4612
5483
5302
5637
4727
5463
4662
5427
5342
4640
4333
3859
5850
4627
227
3211
5346
2617
2982
7347
7195
1425
3575
4703
5025
5236
5364
5265
880
2681
3457
2013
964
1397
4519
960
344
2799
651
8261
3116
3475
4809
991
48
3745
1287
3676
3920
990
1033
485
8819
2155
6207
2429
5556
1255
2146
4923
5134
6832
938
875
2304
1900
7786
6162
849
7299
1482
2342
6395
1171
3113
1132
4391
1819
2186
3016
1440
252
808
2399
2219
2565
2288
4895
1317
3351
1886
4417
2780
1554
1996
1997
5021
2496
1779
854
1726
764
1359
1644
4033
1130
1077
289
4458
3417
8376
8136
7944
3875
3924
3928
8462
8833
7698
8840
3263
7587
7445
3707
4639
7272
7245
483
360
327
4771
5464
1717
5723
2660
1525
8642
6318
1517
9004
4135
3251
891
4659
5246
520
4066
1671
4902
1676
499
299
8194
9001
303
829
6178
1959
1976
507
707
34
6630
949
92
1193
1218
2441
3071
1972
1298
1864
278
4614
1
222
2860
1272
7820
7881
195
6806
1891
4084
3809
6216
6822
6350
6180
101
2769
2753
2642
68
2634
5
1841
5765
1295
4987
3456
205
2130
272
3185
700
2815
3213
3357
4851
2572
3574
2594
7728
3019
8403
4162
4748
2507
8154
2204
2207
7619
8979
1831
7036
1531
6473
818
1215
7766
1004
194
21
4483
3024
1592
7038
213
2734
1057
1168
2462
2374
2689
1957
1026
1392
412
2741
8625
2877
2946
3587
2889
1237
216
1542
2918
2916
1238
2244
2031
2671
2919
2016
2012
117
471
1984
3166
2282
290
3148
1180
2810
852
502
1304
3063
1415
3069
928
3070
1366
1347
2206
1861
2921
2920
1356
1461
3053
514
6920
458
2297
2967
6243
3687
420
2816
4795
2002
423
2350
4936
3804
8665
2912
1301
6367
735
1929
2917
2819
3307
1515
6077
14
2858
3254
558
1361
3021
2986
2726
4885
253
5315
76
4114
1021
447
1209
1131
7792
3714
2275
8014
4155
3540
1954
4632
1256
5980
1665
2195
2843
1373
5538
31
4761
367
5628
824
1274
724
178
6985
1394
2311
3388
2990
1095
7126
2832
4296
1325
4263
3805
5117
1221
2078
2026
2397
872
1499
688
1410
3194
2784
1463
1586
954
196
1971
2835
1228
1243
5449
6140
8670
2688
4321
1030
164
4383
4564
3199
5834
2722
5395
725
5810
368
3751
1017
1340
3006
1684
3140
6355
804
7897
1354
5521
8453
2379
6322
4876
8700
342
8943
6493
2820
2043
2976
592
131
2007
4861
3441
8451
1657
488
7894
8903
3146
3763
8920
1297
3168
574
8410
7492
1081
184
4327
5799
2902
1269
2961
463
3852
8169
6390
366
1086
6550
2794
3011
709
5182
1840
3207
2415
731
3420
7583
300
650
1029
2807
970
474
2241
7055
47
3072
3608
186
5146
963
6339
1866
2248
1969
5803
2407
1419
2598
6279
18
3051
2418
3643
3018
156
6123
3250
2583
571
491
8675
270
5891
440
4927
4046
5008
4394
8689
