item_recommendation
25737
7872
7541
8571
8327
7697
7914
8183
8207
8117
1562
8360
401
7613
647
8253
8225
1111
7802
1120
5515
8033
8420
1535
5765
7560
5410
7669
5597
6073
2605
775
8447
1523
7782
3232
2686
1788
8093
7649
793
1783
2159
1816
4246
2779
1145
7437
1711
1003
6365
6211
8056
6579
5556
5772
140
8261
2935
8522
1777
2745
798
731
5177
1317
1507
2668
7407
2832
1513
1076
6195
718
885
4316
5198
1320
5312
3150
1437
7478
6395
1767
3377
8003
2761
6154
1744
1580
678
8403
2966
1739
4731
1552
6850
1161
2227
2243
8477
129
1652
1707
7228
1073
6918
5980
1196
6178
6970
4830
1549
828
1870
5159
2504
135
3324
7636
7938
3133
3587
8290
7245
8772
8684
1404
5689
8070
4296
8859
7932
4809
1721
984
5264
6493
4600
659
816
4550
8743
2786
980
599
3235
4088
183
3292
1472
8899
5008
1907
4873
8235
7995
1819
2912
1515
7809
5742
5269
5784
1453
4649
2231
3086
1831
8879
5433
986
405
4911
4584
5729
8903
2741
8154
2981
2128
8722
5538
2815
990
1812
858
561
1771
3081
3354
5470
7282
1852
2427
5038
4290
2478
2327
685
7728
213
4920
8451
1726
2659
1608
1873
3604
8998
1970
7881
661
5134
3194
1791
5315
2200
4696
4273
3066
4703
4284
1688
3816
1123
3643
6355
285
2615
3051
2300
2236
6091
5787
1696
407
8777
2282
872
879
5791
9018
2835
144
5825
5723
2681
422
6658
3368
5398
7492
626
1135
1099
2445
5254
1779
3608
714
8675
8661
1631
5715
6051
4795
299
105
7260
5666
7234
3334
3152
4861
869
2976
121
896
3408
2204
5489
1363
4515
7121
5202
1310
4821
2766
3072
2704
4709
1479
4638
3936
4241
5033
5641
4060
2546
7577
2647
3349
558
875
2937
5114
480
4987
700
4577
4366
2688
3489
778
1046
724
2031
6636
1545
2982
1900
8914
4079
8943
1657
4262
3357
6690
2596
66
4166
474
1354
656
1880
3210
1954
4941
8499
8596
2385
8848
4748
7263
945
7976
4414
5139
808
1826
1040
854
3060
7444
824
2494
845
366
3616
1784
7979
5503
1288
7619
6148
5443
6408
7753
6077
1532
2207
5069
1225
4458
1951
6476
2219
6571
1150
8385
1794
526
2486
861
1184
6559
3747
2843
113
8136
8376
5808
733
95
4437
2393
2364
2285
2633
3068
2922
3042
2789
2866
3005
1759
1233
1388
161
1226
1063
3428
47
1060
2350
2706
3370
2784
2399
2507
7757
2864
507
915
976
162
5352
314
1204
2715
2403
99
3177
1186
918
1080
167
1616
510
3147
2074
3134
2215
704
278
2465
1891
306
1218
21
2325
205
3093
387
2342
7272
1525
3434
1059
5662
1077
6404
420
3111
2696
1667
2379
1835
707
348
3238
8187
1286
1020
1959
1730
7738
5288
3594
1422
1397
303
3211
3563
335
2186
2858
6279
4101
8167
5182
8410
741
3316
1997
673
4634
7204
2946
4658
1586
7878
4782
8039
8607
2203
8636
991
4399
2986
7934
2600
209
3213
7130
2687
520
202
550
3127
3188
1240
3879
2990
2620
615
6525
2155
464
3660
3875
2400
7786
3006
2043
1104
1690
2448
2429
3071
1972
1804
891
8121
1131
3889
3417
2753
3140
6383
6390
4394
1026
48
1796
764
5193
2798
2634
4404
5053
272
53
1130
3273
7171
3019
998
2091
1931
8273
100
1057
2062
5413
2565
8699
1171
2212
2146
1841
947
1053
4923
3780
1639
172
2560
3843
1769
1085
888
785
5846
1346
690
7340
3185
34
10
1425
3852
342
1277
2347
6803
1033
5427
1215
804
3798
2892
835
1957
1686
4534
2090
5186
2983
2582
4121
502
1238
1461
1180
1347
1304
471
117
1415
1366
1356
1237
1542
1984
2889
2916
3148
2918
2012
2016
2919
2920
2921
928
3070
3069
216
3063
852
3053
2206
3166
1861
2244
290
2810
2671
514
194
2297
2734
458
266
2967
2939
7139
1449
6473
1392
373
2415
178
1021
2120
2039
4278
3522
6482
2975
1095
614
1168
8524
2570
1497
1004
750
1750
4349
2877
818
2496
8604
2630
5952
2917
1592
574
1929
1444
3041
650
805
516
5568
1264
3649
6985
806
2772
195
7101
2801
2820
1971
3819
547
1373
746
327
3021
1529
7888
8807
2275
4626
3626
222
7394
4769
2002
1274
1858
215
177
4673
870
4401
353
345
2032
2306
4885
4076
1883
1165
8157
6676
1441
4632
4740
5103
8336
2117
742
2130
3207
5853
1554
6422
4802
6498
2485
5101
3857
7293
2283
1256
1978
8629
3668
1834
1419
1713
2822
1006
3016
592
1325
2195
3168
1624
5768
1648
242
5864
1187
3412
6031
3404
2089
1979
4191
4190
1297
4051
110
709
7250
1268
4727
4486
447
2021
7748
7115
6405
2493
5655
1090
4386
911
5498
1482
3398
840
6273
189
1689
3868
300
57
372
2284
2880
1844
5588
4171
2883
316
4228
3262
3159
929
5375
5199
4643
3892
4888
3784
2985
6314
3859
243
1644
5777
1433
2676
2794
7789
2859
2462
2372
2617
2639
4932
349
2807
4570
5346
5179
1575
7177
2340
535
7897
324
6902
3018
2467
3702
2386
3264
4801
7038
3163
3786
6826
4251
325
5718
2149
4139
6446
1840
375
4380
8511
3552
4016
948
8795
2304
179
2134
3575
1569
1833
8853
4716
3146
4197
637
5675
8239
6260
5438
3521
1269
1081
8665
3653
1715
1212
6294
5010
938
4153
2927
476
2829
2567
1508
7831
1255
5834
337
360
1361
3546
6140
4475
4432
951
833
5108
4815
2572
2769
7583
147
5365
441
2730
2182
5417
4818
5994
5682
3695
7199
3664
5506
3661
5995
4960
3679
5544
3673
4975
3618
8970
921
3476
5705
5300
5299
7117
5283
919
5707
5255
7815
8584
5231
2106
5366
5404
7083
2697
5843
5792
6037
5111
8544
3326
5450
6936
920
5841
8528
5057
5694
8611
5505
5066
4465
3992
