item_recommendation
25737
7872
8571
8327
7541
7697
8093
8360
7613
7914
8447
8117
7437
8225
8290
8183
8033
8253
7669
7560
980
7782
7636
5159
7478
8070
8403
775
1523
5515
1513
7802
8420
7728
3232
8003
8154
8743
8772
3281
5597
7407
8056
1003
8899
8596
7738
8499
5410
8207
5723
7649
6073
3235
8385
7938
8661
8522
5016
4584
6579
6091
4740
6970
8859
6154
6178
8879
5507
1777
8998
6918
5264
5186
6355
5033
1507
7878
7245
5765
5489
2227
2659
7394
8410
8376
8136
8477
8684
5198
5742
4262
4731
3368
731
7234
5662
4873
3324
4550
3875
8636
4795
5715
5008
4437
5611
4696
8235
6751
4821
8777
4366
6260
5968
4316
6195
2605
6902
4830
4076
5288
6559
4079
8751
4600
8961
1870
5768
7753
4941
5909
5729
984
6365
5853
6493
8709
1515
7809
129
960
4417
4782
1046
7299
5177
9012
5675
733
5980
6826
7293
6658
5282
7263
8848
6498
8591
6760
1744
8167
4920
5312
2769
6728
8580
858
7786
1907
745
4765
6636
7888
741
4577
695
2686
7705
2062
3816
3188
3238
5815
7171
3869
6718
7976
986
7831
6314
7186
8665
7204
6294
4121
955
7932
4711
8699
2912
1771
647
8654
8261
5473
3456
4809
8589
6676
1812
626
8807
1187
1057
3668
2186
4801
2780
8943
7881
4984
3127
9018
990
7254
4290
1288
6404
4911
2688
5936
285
4727
8761
5699
6121
6513
2212
3377
5839
4923
969
4658
976
3417
1006
724
735
1580
4098
659
7757
5588
2300
7619
4936
526
1437
2801
4649
3575
954
1053
4171
5689
4391
6140
232
8720
5752
7995
48
4440
8451
4153
951
5117
8607
6440
5666
953
6835
8819
3420
1508
4414
8670
472
3194
5458
5038
6612
1024
8827
8008
5134
6207
8524
1562
1844
6143
2696
8462
5834
5254
4051
4686
1831
6748
3702
915
2496
2668
5193
828
1317
4605
6530
2798
5365
4761
3845
6932
1352
5398
266
2415
5161
189
8187
5433
6630
2241
2513
5641
966
1021
5323
8542
401
1047
5498
6684
6624
1060
3489
3604
2935
5772
3307
3334
3751
5544
964
6148
6279
981
2340
2982
5275
5139
8768
1525
8629
1819
5017
4511
6132
7034
4638
5808
6547
2772
3882
7260
1767
6803
4312
6706
6375
2660
864
4987
5443
5053
5795
7748
2937
881
8840
3263
8833
7587
4639
3707
3928
7698
7445
3924
7944
6985
3125
3632
5655
8642
888
1624
4680
6390
2347
6609
8039
4241
3936
6243
4246
3854
3093
6408
7078
869
9001
5346
8482
1145
4878
4401
6957
6896
4404
4432
2976
2647
2609
5710
3402
947
4016
8142
8147
7228
720
8882
3759
963
1042
2956
7720
4033
1590
5210
4222
7771
3819
2236
5055
8239
5825
8914
5693
1816
3284
6318
9004
7919
8604
5732
2318
7272
3804
6395
2385
474
4861
2799
8275
5241
7038
1020
965
535
8920
656
5352
1004
6774
5850
6035
7282
1794
1026
3210
7894
6242
2860
3251
5466
3587
4251
2374
6850
3608
5021
2173
6341
2892
5214
5363
4833
1569
6892
2288
3758
7160
2352
4933
5568
961
5940
6568
3218
6669
8511
8927
6422
2687
321
5291
4895
3522
1839
6436
4263
912
3428
4945
5735
840
4976
5114
3024
6225
1281
5684
6768
996
5672
5553
6920
8689
3359
5182
5572
6743
8675
1209
1161
5462
2669
2533
2473
8387
3173
218
1472
3113
7502
3388
6800
8977
6211
5285
1497
1173
7107
2546
3851
886
1030
6114
3292
3357
725
8781
7211
7577
4081
5787
3880
7198
893
5243
4885
407
7419
6744
5170
4101
3889
7484
7357
6047
7130
3584
6464
970
3086
7444
8838
6963
4228
5585
4162
5296
6509
4450
5625
5836
7121
485
885
7979
2617
994
5628
1032
3116
3475
2829
8609
7840
651
8835
5400
8633
5440
3354
8903
1631
8864
3676
1476
5985
5203
5518
7346
4477
6286
5810
3351
2689
1639
3714
6162
7822
5341
1996
5012
7126
3256
968
1500
2709
8910
6383
4954
6331
6322
8640
6223
100
6470
5085
7208
2458
6887
8366
8123
6645
2184
865
1192
5696
6754
7063
4929
6105
5826
5577
8949
6342
7791
4677
8828
5056
3654
8371
5401
5796
5034
8921
6732
5517
4889
5685
4832
7702
2640
5373
6432
6852
8610
3825
5847
6584
8582
6851
7017
8966
8672
8985
7947
8785
5690
6060
5746
8197
7235
5004
7309
5736
5680
8130
3491
3957
5003
8872
4104
5002
5001
5678
8158
4300
5700
3499
4994
7153
5667
5686
3611
5670
3497
1739
4188
6550
3216
6103
2371
1617
5548
1135
2407
3408
4980
2741
8984
101
6056
2197
3199
2764
2897
1147
8745
6077
5329
7481
719
6832
6000
4632
3996
8423
8955
8372
1013
2478
6840
4420
7135
6521
2183
4045
5888
4428
45
3096
8138
3656
8638
4105
3693
5165
4834
2752
8979
8574
5470
3452
8228
3160
105
4999
7316
2622
5218
1501
2481
678
1876
6533
8865
2120
6827
7789
3563
7195
2396
1688
1581
4840
8491
4876
3500
1429
3207
1017
3795
3495
6591
1504
998
2815
4673
7099
492
6116
5151
7012
2981
4552
1394
6296
5375
2993
7492
7583
861
798
2961
7897
1518
2642
5202
2366
5025
1836
6690
6400
2770
4709
2418
4462
1517
6739
5009
5504
8453
6571
8620
8892
8392
5419
140
1980
1805
4194
2441
743
4844
2534
6276
3241
1301
2779
4967
3649
6703
7792
5080
6885
1132
1125
9010
6232
8042
2504
6944
6290
988
6021
6950
5965
2594
844
3338
522
5952
5483
8722
938
6298
8169
5449
2500
2344
4095
1531
2582
2983
5304
8695
4636
3540
5604
5413
5832
2331
4736
8810
2727
6678
8388
2439
1438
4375
2516
6615
2009
6535
6686
8650
5707
4066
880
2202
6650
3081
746
2467
870
5146
2468
4532
3268
4247
1331
4691
3438
3753
4925
5534
5857
2118
7011
5926
16
5395
2214
4901
5530
1393
4490
5777
5891
2440
4520
2394
2159
288
1016
3831
4161
786
802
4787
1111
5427
3885
