item_recommendation
25737
775
7872
7541
8327
8183
980
8093
8117
1003
8571
731
1513
8225
7697
8360
5515
8447
741
7613
8290
7669
1515
8403
7437
1507
7560
7914
828
1523
2686
8772
6154
976
733
626
6091
745
6073
5159
8596
8207
5742
7782
7728
5662
984
8499
5410
8154
6260
724
960
1739
8636
1870
1812
6902
1744
7878
5715
5675
5768
5853
9012
2769
5765
5288
8591
401
1777
5186
8899
8033
4550
1816
1053
5597
858
735
5723
1317
7478
2668
1057
893
968
5312
8580
6970
4440
7649
4731
986
1046
5008
746
8003
869
1042
6178
719
8410
725
8998
969
2687
1688
1006
5729
720
4740
2227
8743
2688
2798
915
5282
1831
750
864
1624
8777
1907
1040
2801
6751
2186
6918
2546
5323
8376
951
8136
5177
695
885
2937
2772
990
6355
7636
1021
2982
947
5689
1030
7245
1580
955
5666
2815
5198
3875
743
535
5038
526
964
1497
8699
8253
1288
4076
1020
3235
798
6294
8720
1819
266
4600
748
3051
1525
1060
3334
4241
7260
5398
888
2385
6579
2183
1501
2761
5254
4649
963
981
4366
1750
3936
1026
5655
7254
6121
8420
786
2120
3232
2741
1852
105
2892
4795
870
2300
7407
2582
2983
2976
2912
2513
1037
961
48
5443
1771
7171
1004
6760
2832
2651
2440
2605
912
2383
5808
8848
1078
718
3489
2521
1508
4727
2696
5772
232
1472
8859
6436
5968
4153
5752
7938
6408
5710
953
1690
6718
1608
1008
7771
2935
6195
1696
2572
726
129
474
6676
8629
4765
1104
2956
1032
3408
8607
6513
7831
6547
5275
5139
5285
6404
2427
2347
4976
1192
101
5365
2212
7802
1783
5732
6103
4316
2399
8879
1582
2786
2496
5363
1018
6493
5839
1014
2764
5055
1125
6835
5264
4016
833
5815
5936
875
742
3324
5699
5834
2770
8807
7204
5795
1059
1500
5836
5641
2118
8943
8147
994
3081
938
8070
1767
8661
6498
3758
3500
8768
285
4584
5572
2993
2829
785
5170
1504
8524
8522
1013
5462
937
973
8142
7078
998
5466
2134
5053
5735
2548
6422
5400
3368
1951
3759
3211
2241
2473
3238
2534
4967
880
7198
6803
6047
5684
5696
6706
6035
2155
7293
1721
5672
6341
218
6464
8451
647
7346
816
2689
6768
6331
3284
1010
954
7919
4300
7017
5685
5686
6896
6963
6887
8921
5056
5700
5690
7153
6852
6105
3654
6851
7063
8828
6060
5680
8197
8785
6732
7419
4929
7702
5401
1617
5940
3957
7791
7822
5796
5847
5577
7947
5373
6375
5826
4104
5034
8582
8672
6754
3497
5736
5678
7235
7357
5670
5746
5517
6432
5003
7309
2600
1209
8966
8366
8371
8949
8610
8123
8985
1147
8275
6800
3611
3188
2184
6645
4477
3851
205
8542
865
2835
3499
6342
4994
4312
4677
5004
5002
5001
3491
3825
8882
4889
4450
6584
2640
5667
8872
4832
3150
8130
8158
2669
2504
2866
4941
2159
1652
2046
2780
1363
8640
4834
8955
5243
3816
793
879
4999
4980
3194
934
6774
2428
1909
6225
2659
6684
2398
8838
8835
1047
3125
3889
5625
1657
5203
8423
8372
8138
4428
7012
3241
3359
8261
2766
2633
2596
5161
3068
3042
2789
1080
2393
1204
2403
1186
1233
1388
2715
2364
3134
1226
3177
327
704
3096
3751
1759
2922
1616
510
3147
2215
2074
918
99
2285
167
4420
3173
162
1063
3005
161
1084
306
3402
3495
2774
872
4833
2236
3584
656
4923
5556
1873
4437
1959
5693
4262
765
3656
2827
1429
2325
753
4105
6533
1184
5085
4821
2654
3608
931
2506
6827
4801
6296
4680
5418
4095
6470
2858
2146
1017
1689
1876
2340
1581
7234
507
6232
6985
4878
1085
2202
1502
1631
1730
5611
4263
832
337
1997
1218
4658
291
4979
2966
6530
1056
1012
2288
1980
4326
1518
2481
892
1660
5504
1841
5193
1367
1805
2090
1111
3140
1148
6211
2634
996
1187
4981
95
2981
1132
1428
8056
6450
3292
1860
4809
3452
1822
4782
547
3006
460
348
2327
1562
16
5291
5135
2975
966
8042
2429
2570
2342
1286
1095
4996
2441
3071
1972
6368
1120
8961
2709
970
2752
4984
5419
886
4696
1437
3113
802
189
8477
8722
2438
1035
1556
839
6630
4638
499
7208
3445
4925
531
4401
1788
3155
5787
1479
2009
1225
2802
419
2102
3692
3682
3891
3343
1061
47
1970
3307
900
4911
6286
2500
866
3587
3702
1839
1346
2925
2478
844
8462
2793
2204
485
8387
1301
472
196
5167
6826
945
2494
8235
5033
4043
8865
2415
2078
4101
2231
659
4830
861
5980
4735
2699
721
4298
2154
12
2487
916
3575
2442
1636
4246
2458
2407
6678
2439
7263
1173
1394
2843
3456
3417
1929
4247
1834
8638
527
4228
962
6314
5498
278
7764
5518
1531
5440
6671
4532
1019
4736
4873
3093
461
141
1135
2946
4861
6728
4490
5182
3152
516
2990
5489
1639
5134
2577
965
988
3604
4079
6093
824
2545
3819
4171
6395
4577
2368
2730
6509
113
6658
7738
8684
4936
4380
7619
3880
8903
3338
1735
2248
5114
5784
5269
762
5352
2354
2985
1041
1331
1152
2082
372
2938
322
2178
3377
788
7881
1196
728
999
2182
2465
155
3428
2335
4432
5313
6365
2735
2043
1245
5470
8157
2799
8665
2188
4903
2396
131
8761
3388
3900
3024
8977
2493
5315
1033
4963
4447
1064
1702
1066
1024
1794
4375
2207
5604
2507
2674
8633
45
881
7888
1049
1161
1092
2350
313
2284
1036
7809
2062
2416
3649
3668
1103
784
4686
5413
7379
700
7272
5538
2197
2366
685
818
4462
5375
5117
7786
5891
2567
2642
3281
1663
5553
7186
5304
1023
2775
4933
2352
2026
3753
3086
3127
8589
7753
5377
7932
5218
829
9001
4188
4511
2583
4920
1973
778
2173
896
2800
3357
5210
4691
3016
6390
1145
2131
997
1836
4251
1114
4045
3354
7282
2581
2986
