item_recommendation
25737
7872
8327
7541
8117
980
8183
8571
8093
7669
7914
8360
1513
775
626
7613
1003
8207
5515
8447
7560
8225
7697
8420
5765
741
5198
1523
7437
8522
1515
5410
1053
4600
984
3235
4246
5312
733
2668
1812
4795
4649
735
2686
2300
5742
3324
8290
6073
1870
8033
7478
4584
4316
731
858
8253
1831
5772
2937
8154
1006
6579
5980
1777
6091
4830
7649
6211
8403
7782
1288
8879
8003
4782
5186
8070
5008
1739
5053
2688
8998
3086
6195
8743
1046
4366
4809
2798
2659
3604
724
7802
976
2186
4861
401
718
6970
7282
745
2605
4638
5159
960
8848
8761
4941
8261
7293
285
986
6154
1744
2832
1317
3125
5275
4101
8709
8899
3408
1020
1507
5151
2966
2935
1907
695
4440
5689
5597
6395
4076
4731
916
1721
6178
1631
8777
951
2769
4658
5346
2912
5033
3232
888
3587
869
4380
8722
6355
1111
1187
8772
4911
5729
5134
5161
647
8661
2780
3292
875
8477
879
4550
3649
608
1696
6718
2976
5254
1147
3081
535
3051
2288
5264
580
7619
2521
798
746
5413
4801
5470
5177
1394
3377
6121
3358
8977
4696
4111
1358
4401
6547
1819
7809
3575
8807
947
7636
2227
4821
1624
1562
2827
8629
2761
5556
5723
3194
101
4337
656
2046
6318
6902
8499
5269
5784
3816
2793
1852
5443
1816
1042
3854
4273
7938
2689
4437
4284
2573
1161
3759
5787
3702
964
828
5352
750
2385
2772
934
7407
2546
8410
5218
4873
4987
7728
961
742
5718
8596
990
3417
1037
3489
720
8633
2982
4228
1834
8910
8689
5139
4326
938
3522
3357
6365
1040
1437
4045
2786
885
969
8235
2639
870
8121
48
1767
5666
3936
3334
7260
4241
3188
6493
6658
1132
266
886
526
531
3150
2880
4888
929
3262
4643
3892
5375
5199
3784
3159
8451
4765
4088
1526
1428
1788
5611
4262
725
8859
2494
34
7881
7234
1363
2439
5038
5834
1429
4399
3028
8580
5114
2835
1017
2062
2467
5662
472
8920
3155
8914
1104
2796
6062
1636
1004
5193
1026
981
3339
6918
1330
5825
8699
3584
955
1525
2415
8684
6684
4016
2669
965
3875
1476
7878
988
1021
1668
7245
5853
2699
5672
5356
8136
8376
6422
5808
2981
5398
4577
461
3354
7786
1060
129
1073
9012
8239
1688
3218
2102
1061
3692
3891
3682
3343
1608
4563
6225
893
3368
4645
3238
6450
6051
2427
743
3388
1951
2154
2440
3024
4642
2779
5839
2183
6408
327
1508
5768
7272
6000
747
2829
2441
3066
900
4420
6728
2674
1580
1076
6243
1225
4162
1014
7888
3430
3210
4051
4893
4349
786
8142
2155
474
8157
1059
2482
5055
6260
6751
4933
2352
748
4932
6263
2975
2120
4945
802
1973
3000
880
2534
3852
1367
5323
6294
4404
1120
1472
2843
2545
4740
6760
6322
1479
1836
2581
1690
685
5288
244
4079
3996
3359
5745
485
2207
2507
4447
189
5909
1012
1844
2687
4984
6047
2078
6170
1196
3608
8187
3093
5335
5630
6148
2350
816
6826
970
2478
3521
4354
8273
915
2090
8042
1750
5675
8591
6084
3926
2609
2442
1057
3152
6850
2676
968
5655
5202
2327
998
1078
4833
8636
2197
7976
8768
1997
6314
423
2577
896
7979
2815
2082
4680
3758
8903
1301
105
1077
2383
2347
7932
6609
6286
2504
2971
2262
3593
3753
5715
6803
4532
1794
4188
6077
2633
4161
3281
1991
6473
2231
5447
8268
5324
1453
7492
2983
2582
6414
7757
3402
2802
6279
1549
1959
5182
937
2134
6927
375
1726
2770
7789
2465
7186
785
881
4427
8056
3211
4568
1783
2200
1089
3140
1901
8665
2340
2342
4976
2429
1980
1771
2146
5243
5707
6591
714
4901
1972
3071
7577
6530
2202
6636
912
2789
918
1204
3068
1226
2766
167
2715
1759
99
3177
2215
3134
3147
1186
1388
2074
2596
1080
2285
510
2922
2866
2393
3005
2403
1616
161
2364
1063
3042
1233
704
4171
306
1135
1876
2399
16
1041
864
218
3880
2496
507
6509
1501
8462
2473
4153
6514
1218
4033
3428
5365
2325
5735
4046
4727
5282
2817
2986
5641
793
999
6458
9010
1047
956
1103
1970
861
4612
1730
1209
2363
1529
4865
1841
2212
7340
8336
7101
1066
7934
4197
162
2284
7995
2858
5795
2497
7502
7753
1996
5791
1556
4792
4191
2398
5530
276
1346
7115
3006
8589
2422
4263
2318
2152
892
4923
1184
3723
47
7831
1085
1145
313
1711
6230
498
2339
5027
4972
439
4625
8228
4190
1320
8620
1779
8795
1609
5010
3714
6132
2493
2696
8927
2801
6232
2647
6155
7899
4619
2128
1518
5103
1826
7764
2993
3626
322
6140
5226
4511
95
2634
6031
4878
2130
1715
3412
5799
1535
5291
3016
278
2721
5936
6513
2548
1633
2533
1099
7316
6678
232
6476
5489
5888
3199
6835
954
4803
3500
3565
3270
3252
3547
3991
3563
3976
3960
4274
4290
4268
3619
4342
2693
4338
4036
4291
3843
4184
3450
940
639
1293
2753
6162
3916
2407
651
3116
3475
8642
3676
7228
1235
8604
7738
5080
1652
6433
2600
2651
7307
2694
2570
1860
8147
7139
213
2946
1839
7147
1095
3387
2043
3401
1657
6744
547
5065
8385
3908
8492
2428
922
1929
2799
5843
3341
3434
7705
6559
5404
8675
4818
3325
3307
2335
4718
7123
1689
2283
6985
7444
2990
205
348
4936
4654
3173
4947
1497
6104
8484
2741
275
2892
2735
2517
8392
2091
460
6706
2039
953
3655
5734
2752
1101
3349
1327
28
6103
7419
410
1639
5949
719
6207
4537
1084
872
3656
2628
5315
5699
2939
2321
2060
1399
2566
1192
5473
2519
1133
6482
1010
113
4626
3821
2563
2368
4921
1804
2560
7614
5477
6952
7570
3780
4319
8544
3735
5705
5544
1517
2837
2243
4748
93
8609
3969
1635
444
4474
2730
991
3456
2470
1660
5538
6787
1552
3602
1444
4095
550
