item_recommendation
25737
8327
8571
7872
8093
7541
7697
8447
7914
8360
8117
7613
7669
8253
8056
8033
7437
7802
7560
7478
8070
8225
8290
8420
7649
7636
8183
8385
8167
7738
8684
8522
6920
7407
7976
8477
6365
7782
9018
7728
8207
7394
8403
8235
8003
7299
8154
7932
6940
6579
8743
6757
7366
4873
8751
7245
8008
3232
8848
5159
6893
6636
7293
980
6772
6178
7000
8499
6650
6195
7228
8511
6850
5264
8709
6559
8661
7481
8039
6493
8998
6748
6091
6918
4121
6832
5980
8772
8761
6355
8879
8807
6073
4920
7995
7840
8819
3368
6760
5012
8482
8961
5433
4290
5909
7186
7938
4584
8892
8589
7234
7809
6658
8410
8596
7753
7444
5597
6826
4414
5723
6669
8899
8670
8827
7492
5765
6609
4941
8187
8491
6743
7130
3869
4391
8607
5033
8665
7705
8261
6154
6383
6957
7502
7204
6703
5611
5017
8616
6498
8604
7263
6751
3235
5117
8859
6140
8451
5968
7720
6728
5515
8654
7160
4782
7786
8745
3281
8675
2062
6624
8695
6684
7282
6676
8977
4821
7577
5329
7121
6162
4846
8636
7892
960
4552
3816
8777
6207
8376
8136
7016
6970
7272
8633
8903
4709
8524
6927
7439
1523
8810
5926
4417
2659
6254
695
7826
4600
7881
7831
5489
6892
4696
8650
775
6550
7456
8730
7171
6835
7888
7958
5850
8542
8014
6686
6143
7878
4437
7619
7192
6148
4809
8580
6906
6390
6242
8600
7897
7583
6718
4936
8625
4262
6404
6132
8979
5164
5410
4394
984
6856
6440
6521
5008
6721
6395
6276
7748
2212
8689
6568
8239
7195
3163
2374
3668
4166
4686
5825
6422
8943
7135
6961
3875
8864
6114
4577
5473
5296
5662
955
3804
3377
5210
3420
6999
7990
2860
5815
4731
6896
7099
8484
1024
7089
3324
8927
953
7142
129
4605
6803
8273
285
6958
8699
4194
3188
4658
7817
7757
4984
6877
266
8813
6547
4079
5742
5729
4550
8392
7055
6840
1046
7569
6816
7189
232
5534
5151
8147
6458
7107
4911
6739
1003
969
6314
8131
966
3127
5839
5288
8194
7419
1844
4251
7415
6318
6077
745
6260
3845
8044
5772
6502
6211
6643
3515
5458
7458
5558
5046
5186
5198
5936
5134
9010
4848
7038
3882
8910
5952
8228
6535
3819
7789
6400
5715
4366
6322
1744
4177
4830
8718
2605
7340
6412
526
5101
5025
4895
3266
8915
4090
8057
4688
7812
6378
3038
7150
3467
3871
8984
3643
6724
3587
3250
472
7136
840
7585
647
733
6562
8866
3698
5521
6116
6591
7762
6000
6294
4135
8254
7034
7161
659
8871
3632
4923
321
1352
7096
4945
5440
45
6902
6223
2704
5177
6031
8620
2531
8920
5699
8617
1408
4369
1513
6513
3608
4076
7215
5250
8531
4051
8462
4081
5942
6426
8640
48
4840
5603
8169
7820
7115
8507
6630
5568
7894
6056
6954
5768
1187
8336
1590
4761
4178
8191
6981
4316
1437
7919
5628
5193
4039
6695
7484
7771
2935
5282
7766
2236
2647
5470
6806
6735
8808
8629
6571
5675
8914
8795
4427
6612
3996
5853
7254
8591
4491
7316
8387
5899
6348
9012
8854
6690
4740
5291
5693
5808
5923
8609
1580
1907
5689
6791
5304
5146
100
6464
4108
970
5787
4171
2144
6867
4153
4482
4486
7222
4146
7036
8142
9004
4188
6536
626
4795
2769
8453
6156
3417
3895
6290
954
2340
6166
4420
7090
6974
7311
731
4432
6446
4885
4765
3718
6436
6203
8857
5791
6424
7564
1562
7250
5585
5312
2660
5971
6977
5619
7487
3964
6416
5641
6800
4515
7787
888
8833
7587
7944
8840
3924
3928
7698
4639
3707
3263
6932
7445
986
5382
7979
7743
4086
4925
6628
5940
4404
8722
6885
5254
4229
4270
8642
5530
3459
1507
6230
4002
5398
6662
6051
4914
3292
6858
3238
5021
6279
7380
6552
3028
2227
4901
8123
741
2609
1804
858
5127
2073
1288
8121
5214
1145
263
5588
3060
7177
4375
1515
6516
4162
4066
4632
965
6879
2594
6883
5333
3213
7381
7334
8574
5141
3093
957
4878
3310
1211
1310
7818
1317
6509
4555
5387
2912
7211
1057
6762
6375
5139
8341
6582
6021
2038
6503
1767
6525
5038
6862
8781
6985
6561
5600
5391
6944
188
3854
6408
3489
4706
3963
5655
5752
5888
6950
8331
7126
5434
5965
3660
7198
4508
2173
1864
8157
9001
3251
2288
4727
3307
2300
1870
300
2371
522
6706
4638
976
6107
3210
3334
4801
5666
1281
3714
6121
5947
8268
8720
3751
3843
7764
5443
3604
4690
5413
6016
8614
2478
7022
3379
5378
951
189
5801
5810
4101
3354
6744
5832
8882
1816
3936
7260
678
3646
4666
6646
1466
3247
5125
753
2617
4987
3981
5836
8865
6641
4849
8835
990
4241
7815
2780
4844
7325
6329
4203
8838
4861
4321
7219
6942
2344
5864
3113
5684
7051
7379
2214
8700
5365
1812
5913
5009
2631
915
6273
5985
6898
912
6032
3351
5917
7208
3207
3983
5449
1569
6183
5834
2268
8362
5080
8768
4389
1777
7011
4139
1476
3699
6768
7624
2897
3216
8783
3795
8388
15
1212
1824
4033
3173
3653
4169
711
5833
2696
1794
2496
6887
724
5625
4228
7951
3863
964
6047
1006
2418
492
994
3194
7346
7759
3320
4161
1771
7792
2318
7827
6863
7305
7822
8799
8831
6566
7155
8612
2434
5122
8525
5840
5097
3761
8712
4886
8009
6811
7899
8133
3639
4238
3479
3344
3615
4603
6283
3534
6564
407
5857
1440
5096
7566
2516
3157
1060
1839
5170
5795
3702
3997
1453
6331
7078
7584
3868
2799
6565
6003
5323
5710
1021
4024
3456
535
3799
3268
5900
4020
881
5498
3999
7713
3492
5372
4927
7101
144
1336
3622
5203
5478
3441
6367
3655
7044
8948
7845
4692
4811
6415
8908
2941
8950
8526
4292
6370
8583
6796
3199
1472
7987
4246
3810
101
3033
2241
5581
3752
2415
8779
5400
2686
6798
3927
5732
5462
6470
6234
4235
5226
6880
6765
2622
5275
6473
2394
8275
656
8643
