item_recommendation
25737
8327
7872
8571
8117
7541
8093
7697
5641
5275
6031
5008
2271
6051
8290
8183
7613
8225
3465
8447
6021
3732
6875
4531
4584
8360
7560
6163
3384
5980
7437
7914
5812
7941
8253
8033
4523
5799
7669
5599
6753
5515
3417
8403
1870
8772
7888
4098
1513
6989
1398
5159
8332
7782
7228
3646
6433
7315
3377
8207
5742
7728
8596
5186
7478
8899
2659
8499
3731
6154
4136
5765
6073
747
8420
8743
8003
7649
6178
4873
7802
7636
4550
8636
4718
8154
7878
1845
6260
4608
731
6970
4546
5662
775
6162
1750
5723
5288
6902
7193
8070
5853
8998
5715
1003
5768
5675
8591
9012
2090
5597
4355
4795
741
3498
6918
4740
5312
5413
6547
6774
5198
7343
5410
4731
7938
8136
8376
6091
3875
8580
6225
5729
7245
8056
6132
8859
7234
3324
4076
4511
6355
4723
3368
1422
4878
6579
7204
6751
8720
5282
5323
5254
6493
2318
3235
3816
8477
980
4414
947
1021
2478
401
6835
5607
5177
1777
8410
8777
4691
5839
4840
7831
1515
5038
4316
1907
8684
7407
5689
4153
8943
3232
8607
5021
8661
5952
960
5666
8807
6684
2769
8522
8235
4842
6760
3188
1317
5672
5625
8167
8524
4941
3882
6121
1507
8699
3489
6718
4440
3194
5655
5470
6114
4923
2696
8542
5808
3819
8042
4366
5398
1996
5443
2300
7260
3334
4241
3936
6513
5936
5795
5365
5968
8142
5710
8629
6404
7012
6706
7180
2605
986
2069
4016
3173
4765
4255
8879
6826
8848
5055
5304
7171
1812
8768
4830
4727
6408
6676
733
4515
7786
5053
5699
7254
950
5815
5139
6294
7771
4801
3758
8882
4649
8665
4976
8261
2647
218
5735
4319
5752
6803
6047
5264
4437
7078
976
4246
6035
2956
724
8961
2347
3702
3359
4600
5732
5161
2982
4821
5363
3199
3759
6365
2688
5834
6498
6422
7932
4101
5466
8275
4680
4450
7419
6728
6436
8709
984
5243
2976
4401
9018
6314
6896
6103
4833
659
3157
5696
6800
5909
2082
4577
3238
5684
626
2546
2513
4696
5462
6331
7502
7293
1739
6464
3307
7881
2003
2496
8147
5170
4312
864
5940
8462
6341
7263
5611
6533
4532
6243
5836
7919
4980
745
6375
1508
963
1831
8366
5572
3284
2798
6887
6678
7186
5033
3851
7346
8640
2639
3889
8835
7327
6116
8838
8638
7822
5193
3402
5850
4427
6584
6768
7357
3753
3584
2473
5847
5826
6963
6985
7063
7198
6470
6645
2184
865
1523
4477
5285
7309
5291
5746
3654
5401
5670
5685
5034
6851
6754
7791
6732
7702
7947
7153
6852
5736
3499
5517
5400
2640
3611
5577
5667
4832
5001
5003
5678
5686
5056
5680
4889
5004
4929
5373
3491
1617
3497
7235
5700
5796
3957
4104
4300
8123
4994
5690
5002
8828
8423
8672
6827
6060
7017
6342
6105
6432
8158
8130
8197
8138
8872
8985
4677
8610
8921
8582
8785
8955
8372
8949
8371
3825
8966
4834
8589
4105
2288
4428
1437
2009
4263
6530
1192
4420
4079
3656
6286
3241
2334
4999
1580
5203
5960
3096
5745
8689
1624
7995
4984
5693
5085
2937
3575
1006
6296
6195
5504
5553
4920
2120
3500
7753
2183
915
6630
1805
1771
7219
2832
7208
4967
3495
5772
3408
6232
4095
8920
3608
5518
2983
2582
7394
2912
1053
990
3854
6211
5419
647
8451
2780
7809
129
1288
6559
6812
8422
4490
1690
4432
1047
4179
8654
3086
8385
6612
4945
1161
4638
4895
4861
5117
4963
9001
885
4171
3028
735
4792
1187
3604
2118
5135
4782
3456
8670
2188
8039
4979
7038
2227
8819
725
6744
2686
8827
2654
6368
7976
2668
6932
7619
2772
858
9004
5489
4045
8387
3880
5825
8840
7698
7587
4639
7944
3263
7445
3924
3707
8833
3928
7705
4981
8914
4262
3668
4228
5313
8781
4809
869
5346
2660
2186
8187
5375
4885
1631
4298
8675
3649
964
8642
1104
7577
2801
7299
802
7894
3218
6240
3795
3127
3587
6062
8576
2458
6093
3093
4996
5418
8808
4987
5891
969
4251
3358
3357
6390
888
893
2774
4911
2441
8761
2799
3251
6571
879
7764
2892
3445
8633
7282
1017
1562
5588
2687
1980
4002
2993
3256
951
2563
3388
4735
4404
1517
7492
753
720
1147
892
7738
6395
5182
1438
6957
4686
2534
8979
3125
8903
189
3024
1060
2415
2651
1822
1819
1744
8482
101
7897
1733
8157
4652
1135
516
2897
2107
6609
7091
746
748
3210
5810
6862
7748
3714
695
886
7272
7160
788
3428
8511
3262
3784
4643
5199
3892
929
5888
2189
3522
1057
3805
998
2154
4462
4111
2935
2880
5449
3159
4888
656
4417
266
2062
5585
2407
4051
5167
1844
4936
535
8268
1518
7126
4736
7379
968
2617
5352
6279
1472
875
965
526
2796
1004
1301
5151
973
1479
5165
6234
1581
8865
8121
492
6658
4761
1526
2548
4247
1753
6832
1752
4121
2236
205
3207
8616
5356
3292
3766
5218
2938
2383
1056
2418
1365
4310
5009
6170
3452
1225
1834
4956
1767
7757
5134
5473
2622
7792
1010
1394
2829
8491
8892
5604
1059
5971
6039
4033
6077
3338
3081
5989
6148
5791
6290
4354
3281
1084
961
4349
4043
3051
938
7979
5269
5784
5556
743
2500
113
6671
5440
5202
1046
8008
1501
2497
2365
4846
3142
2689
2467
6695
5377
7892
1352
8910
5787
2416
4194
4520
4903
2700
1788
3521
4290
6840
6516
5324
5335
5630
8751
8484
828
2331
4642
4658
2704
1173
4568
5479
714
423
1909
2394
6207
2385
8722
2088
2642
1429
8239
2077
6927
2966
4914
3113
2440
8984
48
4678
5114
3160
5832
7789
2981
8695
4932
6442
981
8574
1367
2961
1358
4552
474
5458
896
833
8507
2159
155
1721
1639
1836
6591
6273
8864
8604
3354
4088
1382
1476
3927
861
6383
3351
8453
3163
2482
6446
2516
7096
1860
1049
4337
3632
7340
5080
5214
2764
2594
2521
2481
2374
3959
2824
6084
4876
5433
1816
1152
750
