item_recommendation
25737
7872
8571
8327
7541
8117
8253
7697
8360
8447
7613
8033
7669
8225
7914
8093
7782
8743
8899
7560
8859
2659
8420
7938
7234
7636
8290
3324
5723
3232
5159
8403
1003
1437
8183
976
4941
7437
7649
6826
8772
7802
6970
6918
980
7186
8003
3875
8661
129
8961
8235
8136
8376
8056
8154
4366
8462
8879
7263
3368
4821
7728
659
8596
4437
8207
3188
4550
8665
4731
6314
7786
3816
6091
266
48
731
3417
4923
5008
45
775
745
5715
6728
8167
6612
8642
9001
5611
7698
3928
3924
8840
3263
7445
7944
6932
4639
7587
8833
3707
2660
1777
3307
3127
6630
2478
7407
5662
3668
8709
8689
6178
7831
1873
7753
4171
6902
4079
76
700
3584
7878
3889
2605
5288
2621
2099
7619
5515
8920
9004
1288
8477
285
4076
8684
5810
7478
1515
1006
2146
4153
7748
5909
5198
5597
1907
1472
953
535
2647
8499
864
6744
2780
4873
695
2062
2374
1870
6121
7126
1145
1816
6154
951
5980
4404
2617
3256
9018
7038
3714
4801
4251
8998
7881
733
5186
5365
1750
1767
4577
2096
880
4162
6365
1225
7894
1581
647
6390
580
4920
2154
656
5729
7897
858
8636
4963
1744
1317
8589
8522
232
4936
7888
2394
7792
5165
2458
1824
5458
101
724
725
5449
3251
2288
6260
5675
401
2418
1783
6774
5117
8070
2799
3218
1771
3795
960
6073
5413
8807
1739
3194
8943
626
6294
8039
896
6985
8654
8777
274
4450
2900
1696
1479
3351
485
741
2347
885
7293
5655
3428
4782
2594
205
8720
966
990
7245
888
1562
7577
1419
6493
1624
2407
6609
2236
970
5038
3377
6243
2982
1209
1812
1438
4414
8453
965
998
986
3207
189
4792
5834
8699
969
3702
4432
2668
5742
2981
1507
3693
2415
2335
5161
5850
964
4876
3157
631
698
6957
213
955
472
1046
4895
2404
2581
3235
8607
5923
6047
5641
6559
935
6579
4901
7976
7228
8979
1810
1021
4420
2761
3456
2775
1342
8261
2078
1012
2140
3799
962
5765
1034
984
872
1523
7932
8914
3093
8827
3402
3359
1187
5768
5853
8591
9012
5312
2334
7180
1430
7809
3649
4678
1395
2417
5177
1040
3611
947
8574
6760
8524
685
1844
8984
2798
5521
460
7034
4795
2582
2983
7254
1482
4765
3163
1409
8385
499
5083
4885
3869
4228
5710
3489
1060
5585
6283
7502
1301
8629
1024
4987
2340
6751
2651
3854
2300
3804
2622
1161
3281
6103
1425
277
720
2120
4846
2897
6748
5568
1702
603
1819
8882
5193
1517
3028
5075
2284
516
2937
3160
207
6813
4016
8275
3632
8768
5055
7705
3051
5410
5588
2935
4552
4980
6355
2704
1290
5689
2090
1959
5745
6318
8142
2155
5053
7995
1854
954
28
321
5952
1013
6143
678
753
4736
522
2318
6920
2159
4961
2366
1569
5313
3199
1801
4121
1192
2399
5291
5735
8511
6892
6123
3034
162
8157
2741
8638
3758
4255
1721
5398
5666
7260
5607
2496
2772
5696
4984
6602
6550
8751
2473
2975
5264
1794
1746
8542
2368
1686
2531
8580
3759
5466
5170
2860
260
8848
3394
8819
2212
1580
7299
4976
8422
4740
2331
2241
31
2493
8700
957
1513
7204
263
327
8008
3819
743
8695
7627
1598
7419
4584
1042
4840
7346
844
968
4518
5243
2686
2852
4391
4686
4098
934
2546
5017
6840
5
3751
4200
1556
8903
1197
2425
7738
4834
2786
1454
3502
5686
8949
4929
5003
5034
5684
5004
8921
8955
5056
7919
5001
5517
5685
7791
5680
8828
5667
7822
7309
5401
5577
5285
5670
5400
5672
8966
1617
5678
5373
8838
7235
8835
7198
7947
994
5968
4658
526
111
1059
1320
2409
7481
6509
1066
1099
5699
1531
1446
8670
5473
944
3540
5009
1352
5000
422
5060
4135
1859
5734
6195
4833
2976
6521
8616
6858
6636
3284
1991
8491
4045
2824
2427
785
5134
3211
1011
2961
881
6322
1422
1894
7160
5839
1097
5225
475
3357
2173
5504
7022
1297
7055
5334
4826
3181
5820
6233
4442
2166
2596
204
4033
1125
8121
6803
5462
8482
3766
492
4092
1104
6114
2815
8387
1367
718
2497
8906
2188
1752
1636
5021
4246
8923
1676
2521
6547
4743
2892
4271
155
7016
4355
1951
100
2291
8194
6835
2793
1057
1033
1375
8604
1970
474
4247
5059
746
3414
3310
2046
840
2063
963
5337
68
4893
2687
15
2577
4262
8640
6440
4809
3860
866
5254
2649
4859
2791
196
5203
1336
8199
816
6850
268
3173
5323
3044
870
5168
1135
44
5460
4039
1063
1078
1788
2517
8014
3296
2654
2183
1440
2792
1525
5046
1652
6012
7095
2516
6422
8410
5936
1590
5703
2769
1508
2753
154
6684
2572
1834
4495
1286
5246
4427
3882
2835
832
4478
7492
1132
5440
6650
4316
3213
5815
1688
105
735
407
6718
6286
3113
379
168
5795
1120
175
8892
2504
4903
2985
4967
3216
1401
7208
1973
6676
1668
1053
243
1456
4002
2383
2859
8672
2688
3083
8675
6862
6021
482
1008
352
2052
4878
6798
3081
5275
2600
1027
1862
550
6242
1715
1018
2088
915
5603
2422
4649
3757
3543
8718
202
4415
4006
640
4027
4042
4402
6427
3814
1997
34
667
218
1295
2204
5164
1690
2820
4440
4347
1549
1050
1281
4848
3780
1310
8392
2059
380
1841
16
6404
5033
1017
4803
2325
3334
4241
3936
1032
5940
4114
3975
2866
167
3134
2922
1363
2766
1759
3042
3150
1186
1233
3147
510
2074
1616
1226
3177
2403
1608
2364
2789
1080
2393
99
1388
1204
2633
3068
2285
2715
918
3005
2215
161
704
3192
3176
306
6031
835
5205
2843
2436
4632
3918
3704
5947
1582
7136
1408
5618
4101
8813
8057
7840
3266
4090
3515
7150
7812
6378
8915
3038
7192
4688
3467
8254
2494
5443
991
1476
507
2043
1730
945
47
4084
4194
278
6207
276
1218
201
798
3698
