item_recommendation
25737
7872
8327
8571
7541
7437
7613
8093
8117
8360
980
775
1513
7697
8225
1523
7914
3232
8447
741
8033
8183
8253
1744
1907
2686
2307
1816
5515
7636
7669
8290
731
1777
285
129
2769
7782
7560
858
1507
8420
5159
2212
5597
828
1812
1003
984
7478
1562
888
5765
526
1852
733
2227
2605
3324
4584
5410
1472
8154
1515
401
472
986
4696
8743
8899
647
1739
8596
1145
2659
1831
1120
2159
1657
2504
798
4830
8070
6073
4600
695
3368
266
1767
735
8003
1771
3235
976
2300
2288
8859
5008
869
2808
4795
3377
8403
745
1870
1580
1652
8772
951
626
5198
1111
7728
955
885
1352
4262
8056
7407
8661
1288
5723
5662
5742
2835
535
969
1046
990
2668
4550
232
3086
7938
996
2761
5715
48
6918
3816
2688
981
8499
3188
6154
2496
6195
2798
1437
8410
4658
3604
2340
7878
1696
7802
960
2829
872
8522
1060
1053
4437
7649
2478
6579
1688
2815
3522
1525
7738
1006
4366
3210
5033
2427
1026
6091
6365
2786
2935
213
8376
8136
5980
6970
8477
1004
5117
8207
3751
963
5288
5968
7282
742
875
5186
6355
2241
4821
4101
4316
5489
3354
8879
1317
7234
8385
1839
1819
105
1866
4740
953
2318
1132
8589
2248
964
1639
5264
1624
474
2741
2385
407
4873
2669
1844
2374
724
1794
4731
1970
861
2687
6559
1187
3875
45
7204
2062
4246
720
4171
6260
5768
2565
2494
4076
4761
4577
966
3889
746
6318
7245
3238
1013
4404
3420
656
2981
6178
3150
870
1147
2832
6826
101
3563
321
1030
8961
6902
1721
527
2772
915
2647
3900
1057
6243
8636
8684
2780
4861
2937
2689
2912
1017
1836
5498
5177
4414
1363
499
7976
5395
5312
4349
2752
1582
3357
725
4638
2186
2766
3456
4987
2779
4079
6294
3081
6760
5346
313
719
8591
840
7394
2415
1641
4645
6751
1024
4923
3649
5611
4941
3160
8709
1131
5675
9012
189
4399
3152
8665
3113
7293
8699
8235
2770
4801
5134
5909
7038
1346
522
1590
2506
4649
2892
1225
5853
1020
2982
2342
1021
886
6436
2082
2799
1504
1500
1493
998
8167
3388
4727
3852
100
6718
6498
1531
3127
8654
3854
1997
2801
3575
1497
3702
5729
7809
718
3338
5772
912
7186
3028
1042
8777
659
2442
1209
2609
6140
1393
2236
2570
1161
6612
4051
3402
2219
1549
2231
4417
2200
5672
1320
196
32
15
1826
1980
3632
1453
1554
2154
523
1010
2195
8998
2617
6676
8761
726
16
8633
1196
954
2866
2204
2966
1047
1951
1686
685
2202
848
1834
970
880
6932
7705
7299
2600
2383
3281
4162
3292
5699
1078
2440
881
205
864
461
1556
1783
1012
2193
3428
550
7786
1281
2860
1148
2221
2407
3211
6404
3284
6322
6728
263
2465
7254
1331
7753
4809
1501
2976
3194
6684
3804
6143
3173
8943
3996
4920
1295
2531
8977
2398
2327
2582
2983
2399
1193
1822
6132
2775
3251
1401
721
991
714
1959
3417
34
5161
7831
6513
4153
5053
5588
1608
9018
1569
37
1821
3843
2155
4612
2347
4936
893
6835
3351
1433
3213
8848
3177
3147
2922
1186
3042
161
3068
3005
2789
1226
918
1063
3134
1204
1233
1759
167
8580
306
1125
5218
4625
1730
802
2325
3668
2730
1598
8261
6390
6630
8462
1535
938
743
6800
4191
6056
3819
4337
2793
1690
1032
4895
2481
5080
5752
162
439
4121
135
6985
1033
1631
2146
7979
1750
879
12
4380
427
8607
4386
6493
1841
5433
5684
2956
7228
1779
5275
2439
1873
4312
4440
3489
4782
5936
2467
7995
6609
6658
5210
4765
3016
4290
5689
7881
3006
3051
1916
3714
968
4135
2572
498
328
1025
1218
7171
31
507
5839
5021
1941
3845
2596
6896
4427
9001
7771
3140
5365
923
4632
4342
2441
8807
2546
6000
2567
1476
4332
916
2178
2660
3869
2649
516
6636
2548
1479
558
7445
3928
3263
3707
7944
8840
8833
3924
4639
7587
7698
3805
1394
8910
2043
6242
423
892
7619
4511
3125
2283
3358
5254
753
8920
1336
839
2696
1428
1702
4284
4273
5585
8642
5815
4111
1804
2364
2285
2393
2403
2215
1388
2074
1616
510
1080
99
2633
2715
704
6207
2545
1059
4605
961
8751
1184
1726
4401
965
1341
1660
1901
2534
2120
3723
988
1073
95
1517
9004
2138
3334
2513
2335
6803
680
2843
6314
2069
1876
957
667
2021
2753
2651
2819
786
4016
4228
2858
202
144
3871
485
4911
274
218
1487
1095
4680
5625
2149
2173
1827
1192
2946
2557
5443
4045
962
4432
3024
2639
521
2078
6530
994
7263
2796
5146
8882
4391
4319
5710
2880
8827
2128
1333
5850
785
1689
4888
3892
5199
929
3262
3784
5375
4643
3159
2295
492
7720
748
7932
2009
3218
6706
1085
243
4563
947
2710
2438
1301
47
8542
2039
1099
907
2366
4885
2630
1801
816
4614
3199
2764
2052
6464
5038
3947
1018
7888
3759
2310
1087
2975
1711
2429
8914
4098
2990
1246
1640
4524
2541
2611
155
4207
4263
6678
6116
278
3859
207
1055
6521
832
1508
1972
3071
8275
700
3587
3216
793
4255
5641
1247
6840
2473
3163
8819
4718
482
201
1008
6744
6148
6963
244
8008
5182
8927
1135
454
2634
5952
1367
2986
2497
6568
2284
121
5055
7577
6832
2468
7419
4197
1427
2152
2350
1636
2583
5568
349
2437
3936
7260
1502
6743
5170
5666
5398
4241
5989
7222
3880
276
3430
2704
3763
1929
8524
1036
1380
4642
2203
2134
6375
9010
131
3408
603
3608
4188
3626
8147
6550
2201
3795
1310
1285
5139
5114
3745
1667
8228
322
348
8268
7748
3753
3252
940
3270
3976
639
3991
4036
4184
4268
3960
3619
3547
4338
4291
3565
1293
2693
3450
4274
8451
1449
268
973
2681
2493
2573
1482
6458
6774
2507
1240
6850
