item_recommendation
25737
7872
8571
8327
7541
8093
7697
8117
7613
8447
8360
7914
8253
8225
7560
8183
7669
7437
8033
8070
8290
8420
8207
7636
980
7802
8522
7782
7478
5864
4840
8477
5159
6473
5799
8743
8056
8403
8661
7649
3232
4327
1003
6178
8235
6091
8385
8859
3377
4649
6365
3368
6970
2659
7938
8003
7728
5723
8899
5264
5980
3773
8154
6579
7234
1744
5765
4638
6826
8684
7407
3235
5515
7293
6918
4550
3445
4809
7738
4941
626
984
7753
8499
775
7186
5909
4821
5597
3324
4262
6154
3624
8772
6355
6073
8761
6322
6314
1696
2780
1816
960
5117
8879
1523
5729
6728
8596
4366
5008
6195
8709
3816
731
8961
4437
5611
8819
6559
4782
8376
3281
7245
647
266
8136
2062
401
1907
4911
8410
3875
745
4873
4584
695
8665
4731
8998
6609
285
2647
2300
8261
858
1767
48
3188
7786
8654
2374
733
8167
6383
5410
6636
951
1046
8462
1437
7976
1812
45
5662
2288
1513
2346
1777
969
8187
4984
4577
7577
5198
976
3417
6624
5742
4427
880
955
1844
6211
7888
5312
6658
6493
5772
2674
4600
7299
7878
4920
8633
1288
6902
4761
1317
6630
7881
5134
129
1515
7263
7932
7809
7282
912
7038
3587
953
4162
659
8589
3795
2935
6550
9018
4079
5186
4251
4740
8670
1006
5033
2605
3668
741
3799
8777
2407
4076
8008
6143
2340
5012
4814
1472
6932
5296
4458
4765
986
4801
3028
724
7272
5825
2769
263
1562
6612
6390
6318
3127
2937
5413
4171
8636
5839
964
7204
526
5689
1870
5339
6395
5952
7619
5193
2227
4846
2686
2212
4432
535
1834
1187
3819
5936
4310
3924
7698
7445
3263
3928
4639
3707
8920
2660
8977
8840
8833
7944
7587
8910
7995
8642
7394
4923
1053
7502
1024
5834
1367
7254
966
1531
5139
6077
8722
872
2793
101
8689
990
8157
656
3584
970
5470
6000
2427
2154
7831
1973
5926
6676
4414
7705
8629
4945
6748
3702
8943
3213
3292
3199
7228
6850
8451
4228
2932
888
5177
3125
6260
1739
3307
8699
9001
1012
2772
6446
2617
4404
4936
954
232
8607
485
8482
189
1624
5038
6760
1145
7487
6440
2038
4153
1507
7121
3093
1580
5655
2981
5254
3608
3854
7789
6404
9004
4795
3869
6703
6121
3081
1352
8848
8903
5815
6751
3632
7492
6207
6718
2982
4316
8039
5433
4246
965
5853
8751
5715
7748
7126
4658
6047
5810
5666
3805
5288
5226
4895
31
3428
8914
4830
8121
8604
5787
2668
8580
6835
2478
1831
8591
5291
9012
1484
2897
5641
3714
2688
6568
5556
5699
5352
6148
1021
4417
3334
8268
725
3251
4903
885
2761
1476
798
7894
2159
4420
3210
5968
5923
5768
3489
5675
5210
8807
2418
7107
6140
5449
6803
205
4241
3804
2912
7260
3936
5398
6408
2078
7171
6521
3387
5888
5693
5365
8675
6744
2775
3604
6509
4440
1771
5808
472
1676
6294
2798
5498
2799
492
5443
4901
1721
962
5707
7792
1013
1209
3889
5568
7817
7099
6832
5585
718
2496
8484
5269
5784
3238
498
6243
6985
1059
4121
5850
2236
4349
2173
7583
5795
6591
1225
1788
886
2517
6695
3408
915
3218
7771
4861
8781
2622
3051
4188
7211
8827
1517
6840
3996
2331
7979
4987
522
6231
1004
2318
3649
4255
7415
7316
870
8695
6242
6513
1147
1702
5161
3113
6116
8927
1429
1060
4290
619
4885
5752
8524
2581
2752
6892
840
28
8491
2516
2966
998
6927
2546
2415
1581
3351
1040
3882
1057
6051
3256
2696
2241
8979
6530
4686
1020
8864
6547
1135
6498
2347
6021
714
6774
8511
7757
3176
3207
753
947
7078
4893
7208
5588
981
144
6684
1330
6798
7990
7897
8239
1111
1569
15
5473
6885
6132
7720
2786
4963
7311
4391
735
5080
4226
8542
828
1479
2433
7135
3693
3783
8392
5857
76
6114
4718
7743
8142
207
6400
3646
1042
5832
4696
6743
685
8044
3456
2186
2676
5703
1132
6862
1019
3540
5791
7115
2976
2687
2548
1852
1125
2004
4033
4101
5625
7444
6739
2394
1529
6535
4088
8453
1608
5604
3194
1438
7484
4135
1783
4878
2120
6186
957
4029
7096
2442
6977
2631
2439
7130
4045
7055
5214
5114
4511
8892
8720
1824
5718
5000
4394
6422
8574
3420
7160
5165
6981
8228
5151
2521
407
5021
1017
5053
93
3157
2704
1636
2396
2009
5202
2155
5801
861
844
881
6084
5378
7481
3709
6650
785
7380
321
879
2621
4161
6225
4166
1161
5323
6920
4194
3150
7566
720
5581
5882
4066
6662
6436
8507
2404
2583
3860
5218
5745
961
6103
1690
8614
8009
3845
6706
274
1394
5440
3024
4865
3354
2843
7189
2832
2925
3140
7195
6348
1363
5275
5046
996
2961
5558
8620
5017
3086
8273
2699
916
213
8147
5458
196
1508
8336
5141
4914
3575
5732
2860
5809
8609
5179
4876
6887
3163
5282
3394
5285
2745
1804
5548
869
8387
7340
7764
6162
1794
6525
6762
2504
3370
5710
6641
6331
5971
4051
2183
2609
2582
2983
5065
2956
5329
8882
2231
1876
5985
5530
3730
3101
1474
4569
2594
6375
934
8640
6768
5940
8923
864
1652
8795
1104
3997
4947
2900
2082
4284
7034
2709
8768
2835
746
1047
3434
1281
2344
4401
8275
2232
1026
7584
3296
1985
4020
1959
5489
7177
3492
2577
4177
1750
1336
4691
2467
4263
4016
4727
4273
474
5900
2425
4375
5569
7845
8908
6415
4292
8950
7044
2941
6370
4811
8526
8948
2801
5734
6502
3173
7180
5538
3359
4844
140
994
6286
1819
3913
816
4692
7899
1997
1951
2766
9010
8638
4005
4552
218
7840
6516
6966
7815
7250
2385
1196
1715
4270
5075
5182
893
2350
8813
8865
3978
4632
6690
1444
2458
3863
4528
2730
2513
8616
5605
968
5055
3611
963
2399
2866
5843
7759
5356
7419
3402
7101
1173
2409
6950
1590
3752
2494
2975
7346
439
4108
8042
1752
