item_recommendation
25737
7872
8327
8093
8571
7541
8117
7697
8447
7437
8290
8183
8225
8360
7613
7914
7560
980
775
7669
8253
8033
5515
8403
1513
5159
4795
7782
8772
1003
7728
7636
8070
731
7802
7478
8499
8207
8596
8420
5186
6154
6178
6073
5742
8899
6260
1507
8003
8743
5662
6902
7649
3232
5008
8636
7878
8154
1523
4550
5597
8056
6355
5723
5715
3235
5765
6970
4833
5288
5312
5853
5410
5675
2769
5768
4584
4731
8591
9012
3368
8477
1777
8522
7938
6091
976
1515
2605
3324
5985
8376
8136
8998
733
3875
5198
984
1870
6918
745
960
4740
5980
2659
4316
8410
8235
8580
6751
5968
6579
2686
6365
8661
986
4076
4873
7245
5729
626
1812
858
8684
6225
1744
1053
6826
8167
3816
8859
401
5282
1187
4941
2227
5177
5611
1317
695
7831
8720
5033
5275
741
285
8777
6835
1046
6760
8607
1006
2688
7407
7234
5689
951
8385
1816
2780
3800
5936
969
3173
9018
5641
6718
1907
5815
5161
5839
6493
955
3194
7254
1831
5053
1288
8848
4782
8807
6294
4830
266
2798
8943
7738
526
2300
3188
8524
4016
5038
2976
5655
893
8699
2186
5264
3430
48
735
3759
7204
4153
6404
4765
8629
5666
6559
6676
1021
3238
7293
6728
6498
6684
5323
7186
8879
724
7394
4649
189
5254
6121
7171
2937
1057
6547
5398
4414
990
864
4440
5055
1508
1771
8961
3334
4366
5139
5710
5808
2288
5625
1624
4241
7260
647
3489
4401
869
888
3604
2212
4821
8819
3936
5009
1739
8542
7932
892
5752
5699
2696
3575
6513
3359
6408
4801
4727
4101
6803
1147
4638
5433
4686
963
5443
4420
2772
3377
2513
535
3758
6103
6195
8665
2546
5909
2801
4696
5193
2982
2496
8142
5735
7888
6242
3819
953
129
2062
6341
3402
4246
7078
5672
4976
5693
5365
5489
1767
4417
7753
5834
101
4923
4680
981
7419
6047
5940
8709
725
6896
719
885
4920
4437
720
232
4121
7263
4987
8768
5413
915
7771
8654
7786
4878
5795
6464
2347
8451
4809
6800
3284
4262
8882
2668
2956
6375
1301
8640
954
5134
6035
881
947
6774
5170
2340
1013
5732
8261
5203
1020
4263
2912
3281
964
6706
2647
6331
5304
3417
7228
2473
6530
961
6436
5684
748
4980
6422
2183
8275
4312
5363
2892
5466
2829
1631
5243
7822
1192
5285
1047
3649
4861
8147
5291
2687
4079
5572
6609
7919
5836
4450
1819
4658
3889
7357
6314
5400
6887
7198
7995
4228
7299
3210
2154
8761
6470
5117
5971
8366
2415
2120
7346
6963
6658
7012
2184
6645
8123
5462
865
7153
7063
6732
2582
2983
3357
6636
472
1161
4300
3497
4929
7235
7309
3702
8187
4477
1844
8835
7017
7791
8672
8838
45
6342
1617
4677
7702
6754
4889
6432
5826
6105
5696
5736
5746
5003
3654
5034
4832
3957
4104
6060
5056
6851
6852
5401
5686
4834
7947
5678
8828
8371
5700
5670
5690
6584
5680
5685
8949
8197
8610
8921
7208
6768
3388
5847
3491
3499
5373
5577
5517
5667
3611
5001
2640
1352
8785
5796
4994
8872
3825
5002
4600
6271
4428
746
968
5004
8582
8372
8985
8138
8966
8158
8130
8423
8955
1060
8751
828
3307
2241
3584
1004
7881
1580
4999
6985
659
875
1437
6286
886
8039
5473
753
1042
2385
3241
3086
2374
6612
2441
1690
6630
3668
1032
743
1017
3408
5080
3656
3096
6827
8462
912
3522
1012
7577
1030
5085
7038
7809
3869
6296
8670
1531
474
6157
1750
8638
6678
6533
6568
4105
3495
1562
973
1024
2651
1525
966
5021
2009
6318
1026
3851
4691
4963
7705
3587
970
8827
4095
5504
4577
5419
2654
4532
6198
2689
4051
6243
1394
5772
4404
2770
1980
880
5568
1209
4936
5375
6211
8689
4911
4511
3127
1104
5210
1059
3500
1497
1805
2935
6232
5518
1501
3292
1472
2504
8675
3354
5346
8589
6300
8042
1852
7748
4349
8511
16
4432
3753
4984
2741
1836
5352
5825
4171
3024
5891
4718
8808
7840
2118
2440
3854
6932
1582
6368
3081
656
8482
3608
998
6000
1367
5915
8920
4045
7272
1688
5199
2880
802
3159
2407
3125
3358
8642
938
2660
3996
4967
3707
7698
4639
7445
8840
3263
7587
3928
3924
7944
8833
205
3456
6162
1078
8781
2799
7160
9001
2318
6743
3784
3262
4979
4888
7492
5296
2383
2534
6832
996
218
2639
7764
4996
5850
747
4162
5135
4515
4643
929
3892
994
3093
8903
2730
1135
8268
105
7894
5745
6132
4981
2993
4490
1008
2236
6140
7976
742
5553
7502
3445
1517
550
6207
4462
6234
2352
4933
5418
1010
870
3213
4895
3218
1794
6390
6748
1125
8008
8576
6395
2497
861
2521
6143
5618
6077
750
3028
2458
840
2796
4298
5012
8977
6290
3882
4251
786
3795
485
2938
9004
798
7619
2478
5888
4391
5017
3428
6521
2188
5313
321
1056
7897
6279
1132
2548
196
3880
2774
4645
1346
2764
1518
6624
4319
1281
1657
2815
1581
8633
1834
4761
4901
2669
4427
3338
3805
6116
8910
1040
2832
1500
8604
6744
8979
2981
3199
2468
8157
2090
788
2793
2617
5470
8491
3845
3452
2500
3714
7130
1145
5214
6383
1752
1590
1019
4098
7099
6440
4846
8387
2533
5810
1569
3804
1839
965
1476
6093
1111
3256
2609
5832
3251
4642
1504
2427
5960
1173
2173
6550
1438
6850
2966
3420
5356
2481
2418
5588
3632
3051
879
1909
896
5182
2082
7126
7979
2709
7892
4735
7789
4086
8722
726
2860
5548
7487
4903
6062
833
785
3766
2985
3113
3852
1429
2439
1084
5114
461
1733
3751
8914
3521
516
6892
4284
4706
5449
651
1479
4736
937
2467
1225
4194
1636
8616
5585
931
7444
4563
2366
2493
2371
4273
7282
3843
2572
8695
5329
8484
4945
5377
2752
3475
3116
5787
7817
6957
6148
957
423
5151
2159
3676
7720
5556
1608
844
4255
2622
4678
2038
4111
