item_recommendation
25737
7872
8093
8571
7541
8327
8447
8117
7613
7697
7914
8360
8253
7669
8225
7437
7560
8070
7636
980
8420
8033
8522
8385
8290
8661
8183
8056
7782
3368
8154
8403
8235
8477
5264
5159
7938
7802
7649
7186
7753
7478
6091
960
7234
7728
5909
7738
8879
8743
8859
6728
3232
8207
266
8654
6365
2374
6748
8761
2659
7407
8670
8961
8003
1003
8899
5117
4821
745
5723
8819
8684
6559
6826
285
8589
45
695
5008
6579
969
4941
8709
5611
8167
8008
984
48
775
2062
6918
3324
7394
6318
4550
976
4437
7705
7293
6609
8665
4809
3869
4427
7299
8998
3281
6521
6970
3235
733
6355
4782
953
7263
7619
8410
731
955
8633
1024
1046
5296
6624
951
647
880
3816
2780
2288
526
6207
5597
8910
6178
8596
4391
6314
8499
858
6630
8136
8376
3875
4366
1288
1767
4658
4984
8977
6143
263
4577
5980
535
1907
472
4873
8268
232
3188
8772
8187
101
9018
2212
6550
4251
3799
7245
1744
4414
4262
5926
6892
5952
1006
3377
6390
6116
6612
129
8920
8507
5765
724
7976
1515
8462
7786
6751
7107
1437
986
964
3127
966
626
1187
6535
7888
8482
4432
2300
8751
3417
1844
4846
4417
4761
485
970
1523
7817
4584
4162
5164
6568
6885
8689
2340
659
2154
8777
2935
2647
5515
4079
3882
954
6154
6195
7189
7748
7577
5839
4171
912
2038
5662
6073
4740
7583
2769
4923
4731
6798
6760
2660
1816
8699
3668
522
1531
5226
7587
3928
7445
6932
7698
4639
3707
8833
7944
8840
3263
3924
8642
3632
3795
1812
189
31
7881
2860
3213
4076
3387
7502
4188
5568
3307
3028
5198
8864
3584
4638
7831
957
6242
7487
9004
1367
7316
5936
3157
4801
8453
6509
3819
2173
5473
7272
5834
7932
7096
7126
840
1352
15
3854
1012
1021
9001
741
7990
1624
5033
3113
6636
321
725
965
5968
7878
7484
6920
5850
4844
6777
7038
7809
7789
5585
4394
6850
2688
5291
4911
5971
6400
5693
6562
8039
2605
990
5017
8827
7311
3608
962
6862
2772
2478
8604
196
7099
6840
7204
5012
8984
7792
2407
4404
8781
2937
7380
6902
1125
994
6440
915
881
5810
4920
5588
3093
6000
7211
6744
5815
6077
3714
7481
2418
8614
1824
8491
3996
3176
7894
6791
5888
2496
5558
8745
2775
3805
1581
888
6739
5655
498
8927
5641
1771
6981
1870
100
7720
5134
6743
5882
5825
6774
6703
205
8854
4901
5329
5440
5772
3199
6835
2982
1013
6446
2236
5530
5449
5433
8261
8228
6591
2617
7415
3587
1209
998
5729
6493
7282
3693
7121
3702
1507
2793
8009
8392
1834
4121
5787
8387
1562
6803
1676
5312
2798
5378
4936
4885
5410
4895
7208
1060
1053
5021
3428
4316
6686
6762
7771
2415
872
8865
4153
5186
6977
8131
8451
6684
5857
8044
7011
7160
4228
5000
1472
7566
735
5832
5210
6832
2078
5801
3604
5413
4375
7757
2227
8620
2427
7979
6676
6322
6021
1513
6985
4830
3649
2621
1020
4603
1330
3251
2344
4795
6383
8484
1590
5742
1438
656
8609
3256
1702
3210
4765
1145
8169
8388
3751
7254
3238
5945
6148
5365
2622
7180
1057
8157
93
1295
981
1429
9010
8629
274
6260
7584
2941
7845
4020
3997
6415
6348
8948
7044
8908
4292
4692
3492
8950
5900
8526
4811
6641
6370
3218
4842
1004
3207
4177
1225
844
1696
3752
6536
1042
407
6283
8239
7897
5965
4255
144
2186
4420
5080
492
1040
4220
8607
7135
4161
5752
4632
8799
6566
8831
7155
2581
6243
1059
1030
5139
2799
8574
2900
785
3351
6658
1281
4649
6957
2981
8580
4024
4349
6132
6294
6650
2687
3804
5605
380
1569
2442
4238
3479
8133
5122
2434
3761
3639
8712
8525
5840
5097
3615
8612
3344
3863
2548
4066
885
2730
218
2531
3871
4086
3889
870
4600
5715
2318
5193
5569
5161
8636
5288
8979
6966
1810
6186
7228
6331
1317
7818
1739
2394
4914
4903
6927
6121
7034
5923
2347
7195
5604
2331
720
8511
886
1017
5489
2433
401
5768
8722
7624
2404
6615
5675
6731
4033
8530
3845
5734
1358
6223
3125
2801
1804
2897
1476
4045
7841
5165
3978
1019
678
1973
1508
4840
8695
934
6254
6880
4963
1517
288
6404
1336
8142
7759
5521
4194
6114
6513
207
7492
5699
5458
6695
8914
2368
5809
8492
2241
6547
4718
8943
8591
5853
2609
8903
9012
1777
6662
4666
3560
3489
947
5985
6276
3508
7016
1132
7171
1636
5745
4861
3964
8576
2248
6375
7130
7995
4511
5873
1032
3655
3431
963
6084
4792
893
6047
5038
76
5352
2385
3860
5177
5625
5599
2458
3402
2004
714
3160
4552
6261
4166
5254
961
6104
8848
28
140
3456
6234
7089
3296
1752
8813
5498
1794
5053
4987
3773
4686
3503
7355
7843
6617
6185
7844
7706
2366
6286
3709
5203
8807
5689
1876
1010
2396
3420
3474
1980
4270
866
1047
6203
4440
5443
3445
1839
7456
8667
8675
7078
2398
154
6498
6103
802
6718
1173
1819
8404
2120
5947
5581
1455
5282
7743
2950
1161
4515
6858
700
3394
2183
3359
5548
2843
5703
2668
861
4893
4450
2745
7840
1831
2009
8422
3515
5
3101
1474
4029
3730
4569
2651
2436
4876
6516
4296
5666
5600
1026
8892
6944
968
2497
8720
6896
5292
1525
8810
2506
6953
3163
5940
4585
4304
5218
2473
5055
7115
7764
3268
2546
5710
276
6426
798
1147
4837
4263
3522
1419
748
2956
4945
4706
4878
6669
2335
8638
4135
5799
746
5864
2925
5562
5955
2689
3646
4691
8121
6724
8524
7055
171
1985
4967
2912
2513
2686
4016
2741
6051
2752
1612
5795
5398
7260
4814
2709
3194
5618
4401
743
5241
4389
4976
419
2457
111
4696
753
5009
2155
2437
6502
4246
7192
5275
3611
7458
4933
2352
1529
327
4108
6395
155
8625
3540
5046
5735
4448
5141
8718
4290
