item_recommendation
25737
8327
8093
7872
8571
8447
8117
7541
7613
7697
7914
8225
8360
7669
7437
8290
8420
8070
980
8253
7560
8183
8033
8522
7636
8403
8003
8385
7782
8056
8154
8661
8477
960
7649
7938
5159
7728
8761
5264
7802
775
8235
8589
7478
8998
8743
8772
7186
7753
8410
7738
8499
8596
5723
745
8859
8961
7234
5909
1003
8207
6728
8819
5008
8879
8670
8899
7407
4821
984
969
7705
8684
8654
8633
2659
8167
731
8709
6918
266
4941
6826
7786
8665
6970
695
7394
8910
8977
8777
5296
5515
7282
5117
7293
5662
6630
7748
6154
6178
3232
733
8376
6609
8136
1515
3368
7878
4809
4437
4550
5926
6902
6091
3875
6579
101
6365
976
1907
5597
955
6591
5839
7976
4761
2374
526
4427
1024
8008
6798
6318
951
5936
8699
3235
45
6521
4366
7245
1513
840
5980
3324
1812
232
858
48
953
1288
7888
964
285
3816
986
8629
7757
3281
3188
1046
741
6073
8268
7817
5765
724
6559
1006
8984
8239
1012
535
5186
6314
1523
6624
6355
8636
6195
6260
6832
626
8580
5611
970
6530
5742
5715
2780
4731
4873
7204
6835
880
8462
5410
7831
129
7619
1187
4262
8039
5853
7487
4432
5729
2288
8187
5815
1744
4076
5768
7096
8591
6731
8864
5675
5288
2935
966
6718
8920
3668
9012
6509
3028
6550
965
5291
2300
6751
7316
8768
2062
6760
7107
7263
5226
725
1507
7990
5693
3417
4638
659
4984
7099
8609
189
4923
6676
4577
7577
5655
6121
4782
4658
8484
4079
4188
6207
3632
962
4153
2769
1437
485
5888
7272
6744
5834
1021
3093
1330
1004
7299
2647
3869
3113
4251
3307
2937
2340
4740
7254
6568
6791
9018
4801
647
2173
6047
8642
8914
8927
1367
2227
6000
6612
915
1767
4920
6862
912
7789
2407
5968
3799
4162
7038
5832
15
3377
8807
1771
8142
8574
2344
8453
8781
3263
3928
3924
7698
4639
7445
3707
8689
7380
6932
2660
8833
8840
7944
7587
9001
5312
2605
4414
8482
3996
263
5440
8751
4171
7415
7720
2772
1777
1636
6390
2415
6748
990
1624
7208
888
2730
981
2793
3127
2982
2798
6077
1531
1042
2548
5164
4420
4404
6977
2688
7583
2212
1125
6892
1562
735
8387
7171
1053
8121
4895
5139
957
3608
8604
7894
8228
1870
8576
5558
1581
7881
6684
7771
7627
998
886
5365
7160
1020
6436
1824
3176
8865
2478
3238
6739
5857
5198
1060
5801
8492
3702
6294
2496
8044
6641
4584
7818
8607
4936
6803
6885
3428
3584
3387
3819
6104
6254
5772
472
6513
2318
401
6535
6348
5787
6762
4391
3751
7078
9004
6985
8131
8620
5254
2418
7126
7566
6143
5699
6547
5810
2236
7189
1059
8720
5177
2186
994
8908
8950
3492
4811
7845
2941
6415
8526
4292
6370
7584
3997
8948
4020
5900
4692
7044
2617
3795
7502
8507
205
3882
1057
6498
8157
5473
3587
4632
3251
2686
8614
8009
7135
7764
2433
656
8392
1739
7311
3752
1816
8388
6658
6536
5752
2801
1317
1030
2347
5161
2799
8695
5285
5588
5689
5038
5666
6404
6695
498
2981
8542
8524
4765
4375
881
5710
1352
6850
6774
8638
2513
3714
5323
8491
1019
3805
7809
1508
522
2956
7484
954
9010
5413
961
2912
8169
5625
7792
6375
2154
5641
5604
5971
5795
5017
8943
4901
7155
6566
8799
870
4440
5021
6243
1676
218
3604
5850
8525
8612
2434
3639
5097
4238
5840
3344
5122
3615
3761
4161
5275
6440
6703
196
5033
4121
1026
5449
4914
1810
8848
3646
5581
3489
1047
872
4727
8831
6887
8827
6706
3479
8133
8712
7211
5398
5940
5745
5378
6103
6331
720
2897
3207
4177
3936
4241
1013
6880
5873
7822
154
885
7260
2668
6493
3863
3334
7180
6840
4967
8530
4312
4840
8147
2621
3218
5443
2404
864
4846
5732
4603
7346
2687
4861
2385
6422
746
947
893
1876
844
5193
2860
2775
5809
828
2082
6636
1017
3456
1590
1438
5134
4228
7011
8511
6777
1010
5400
6446
5210
8854
5498
4417
6920
4795
8790
5282
6464
4306
869
8903
6035
6341
3284
5363
6678
7995
2120
968
1844
2183
4649
5836
8745
2241
3157
2473
3860
492
1225
1476
4024
7826
3693
6408
1517
3611
274
8275
4792
3560
5489
6186
5672
5585
4511
6768
8640
4450
4911
4976
963
7481
1750
5352
7932
4263
1580
875
5703
5569
8882
6896
8954
1472
3210
4844
8823
3402
1569
938
8667
1980
2654
1702
8366
8261
7743
6981
2394
1040
3431
6021
6963
4945
5684
2900
6822
8722
1834
8451
2696
7759
1612
2231
2004
2581
5170
8838
6800
1819
6584
3351
5466
1209
1336
8672
7919
5572
785
3758
6286
7198
2622
1281
5952
2442
5001
7309
5056
5401
5003
7947
4929
7235
8921
8828
5696
5034
5685
8949
5670
3256
8923
3655
1804
1016
5735
7357
5055
2396
8123
4104
5002
6754
8197
8371
8610
8372
5847
3825
4994
3654
8423
5746
5826
3499
6732
7063
3957
3497
4300
6105
4889
6432
6060
4832
4686
4016
7419
2366
6116
4477
5004
5678
7791
5517
5686
8955
5667
5373
8966
5577
5680
4980
2331
7055
2533
7349
6811
2741
8422
3194
7897
719
8872
2640
6342
8985
7153
5690
5700
4677
6852
6851
5796
3491
8130
8582
7017
8158
8785
7702
5736
1715
937
1831
3213
321
2651
4837
7354
4987
6645
2184
865
5462
1008
7453
8835
1617
4756
4834
7121
5165
2506
1696
5882
7004
6999
3438
4830
5000
8138
6827
8583
5475
1104
407
8850
6322
5605
3845
4963
2764
380
5243
5891
3889
1192
5553
6182
2546
5825
3359
5085
6400
1032
2802
3096
6148
7979
8958
8907
3737
7573
5879
8529
8465
5568
4903
7012
7456
4316
2078
6533
748
3292
3851
3268
4255
1037
4718
6470
1132
3508
3575
7219
4999
1525
3241
93
2976
2441
6565
1145
2892
3199
31
892
2925
2829
4600
816
3978
5808
4878
798
6966
