item_recommendation
25737
8571
7872
7541
980
8360
8093
7697
7613
8183
7914
8327
7560
626
7636
8447
960
8522
953
8070
8225
232
7669
775
8385
955
966
7782
8661
8154
733
2062
7407
8879
6195
8709
8207
8420
8859
7938
1003
5264
1046
4821
5159
1523
2659
916
1744
7234
7437
984
994
912
731
4437
6579
5470
48
7753
266
485
8056
7802
5772
6970
745
8117
695
8410
8253
8961
3188
1024
2772
951
8604
129
5729
8751
3668
1042
526
6211
4809
8722
8008
6091
2981
1507
970
976
535
7293
7186
3281
4936
285
3368
888
1437
656
8033
6636
6658
5611
8848
7738
4366
5723
4941
3324
870
8596
1513
6918
5134
1767
7121
8684
1209
1288
5765
1145
8477
5787
741
3869
1515
1057
196
964
1812
8977
4162
1816
6630
7619
8761
2374
6728
45
4251
7444
1476
4171
2366
1132
5473
8743
8136
8376
3875
8998
858
6826
4600
3428
981
7263
880
954
4658
8462
8927
5909
7038
3292
4375
4584
5515
3417
522
7786
2897
472
2686
1006
3702
2173
6365
4076
608
8261
957
8777
6314
1907
3587
1026
8235
2780
725
4577
2212
1281
9001
872
2288
720
2398
988
4911
4188
6612
3804
2775
7748
6000
6395
4079
7649
7728
4391
2617
1253
2935
6676
1870
8654
2660
4550
3127
3263
4639
8840
7944
7698
3928
8833
7445
7587
3707
6932
3924
969
2300
746
1004
8699
4262
1013
2407
6318
8670
1114
8633
427
1020
6892
6850
844
7204
893
7478
3602
2581
1676
8899
4801
659
6920
5198
750
3232
6669
1030
1060
828
9004
8665
7881
2687
3307
3863
4923
205
3816
724
2427
934
7888
3351
189
8910
1037
101
8642
8807
7126
8403
4731
5065
5585
5689
2227
1624
6322
3251
2516
879
5458
8290
990
2752
7792
735
7720
8392
2418
6498
1970
1876
1739
6690
5269
5556
5784
869
5312
2396
4984
6559
7171
144
263
7101
401
881
956
2478
4893
2621
8689
3714
2496
7789
492
6254
997
8187
7272
2248
2709
2404
6077
2442
2798
419
786
5810
328
965
3632
6832
1581
3268
7254
3113
4901
5017
6154
5210
8451
4177
8819
5296
1562
7831
2647
2318
8612
7155
6566
4238
8712
8609
8799
3479
2434
8525
4632
8620
3639
5840
8864
8228
9010
5122
8239
3344
3761
8831
7583
5097
8133
8169
3615
7705
6718
5718
1019
1771
6367
4603
8923
4161
840
5117
527
7307
6263
4404
4432
2385
1021
8499
798
6422
963
2605
2799
1777
5825
1429
3431
6624
321
2154
1652
2583
6143
7894
2340
474
7195
2769
8453
4947
7055
1834
274
6803
407
5053
2669
3608
5742
6084
2433
6521
5139
3795
864
2004
3334
1352
8700
3377
839
4246
5597
5410
1032
7250
8914
986
2241
6856
1531
7817
5949
3125
4462
6243
5254
5177
6355
3456
3207
2500
996
4649
2186
5803
4873
1225
1125
6787
6178
832
1608
6885
7809
2506
2344
968
1193
4024
3427
337
961
2860
2801
6863
7130
2268
8362
7222
7827
8650
6582
5947
6473
2982
2668
1053
5449
7316
2394
4886
3296
8003
647
3786
6541
2134
6116
962
5834
3093
4088
5839
4638
726
2902
6514
6100
7036
7932
2802
6509
7011
7299
3655
4925
1493
3370
2622
1831
2912
5114
2346
4895
4440
8667
4842
4153
6609
2368
2900
6316
8745
6039
6148
1641
76
5619
4304
2370
6981
3140
2231
4748
2975
5843
1419
7107
6073
915
3152
1367
4241
3936
7260
5666
5398
5038
5693
5952
6547
1303
8903
8388
5707
5164
6536
6207
3508
6408
3540
2415
2331
6550
5570
6414
1472
7115
5588
141
6458
1111
761
4837
1497
7979
1590
5808
2155
3489
7757
3213
2236
3081
3507
8191
3845
2338
5936
8157
2437
3478
2699
7282
7484
5498
6731
4316
2925
575
1916
4830
6339
2467
1702
3751
3438
275
1245
1331
6290
3908
2741
1798
100
1569
7245
6751
8810
785
1529
5815
1810
5443
6170
6056
4920
719
5534
2350
7381
1951
1047
5182
3596
5165
6641
1040
5471
4885
1064
2689
2402
3420
7759
7189
244
1008
4987
5
4722
5285
1482
7481
2046
2367
5809
1016
5168
3819
3394
1678
1011
3720
1688
3780
6493
4765
4555
1844
1246
4782
8336
6552
5923
2572
5777
3408
3051
1028
422
5179
5008
5214
4686
3457
2570
1500
1502
6436
1438
4865
973
4897
6051
6390
6155
4619
7899
4932
1041
6230
7487
6591
8121
765
866
4795
2438
3235
1014
7081
4696
3901
6791
6276
7577
3900
7099
2788
2026
1100
3034
4861
5489
16
1504
2718
2453
5971
971
2078
1668
3157
1612
2457
6760
6977
5248
7439
3721
6985
5538
7394
504
1320
1517
1852
1059
2563
1525
2513
2866
1696
900
2624
1077
25
276
1686
8854
5352
3138
2335
3412
3264
2835
1061
3343
4326
3682
3155
2102
3692
3891
5323
4033
5812
1783
2448
3693
2207
1821
2521
6629
5346
2447
2507
2487
2504
4055
1788
4921
885
6450
5010
1012
3506
705
3118
2100
4019
2310
3696
3598
5186
6643
1487
5348
4945
28
1147
2884
1029
2676
4844
4121
4954
2573
1479
6264
410
6186
2560
2534
7347
8783
638
1295
5151
2998
3313
5927
7048
802
1453
3169
3593
3677
4502
521
155
7211
3860
1582
4144
7108
7022
4475
3835
5544
920
7934
921
6037
5255
4767
8363
8970
3673
4465
2697
6250
4464
3434
919
4018
7083
8584
8853
3695
3943
5111
7340
6484
3618
3661
6482
6468
8611
5366
3664
6476
6446
6228
4975
7995
3476
6936
5505
5506
4459
5231
5450
7492
6387
6238
3879
8528
3788
4140
5057
5066
7117
8675
3679
1610
4960
5315
7199
5300
5705
5283
3992
3771
7815
5841
8795
6793
5404
4381
4745
8957
5193
5995
2106
5792
3404
3897
8196
4749
4716
4175
6332
7139
5791
5413
5299
8544
6323
5846
6279
5682
3326
5994
5694
4403
4818
6101
1484
5417
7380
3546
1769
6525
2828
1670
4411
3425
2883
