item_recommendation
25737
8571
8093
7872
8117
8327
7541
7613
8447
8360
7697
8253
775
7669
7437
1513
980
7636
8225
526
7782
285
7560
8661
1523
129
8899
8070
7234
472
8859
741
401
8420
8385
2659
6728
976
8743
1003
7938
960
7186
733
8654
6826
8154
8403
5159
3324
7753
8290
3127
828
7738
7914
48
8033
1046
3232
8522
735
8961
8879
888
232
986
535
2241
984
8709
745
5909
4821
4923
5723
695
3368
7478
2686
1816
1024
1771
321
5410
4366
8477
3235
626
966
1507
4079
2340
1907
140
4550
1744
7293
521
1060
1639
3417
647
8376
8136
8183
4437
3875
4577
953
6970
3420
4731
8665
4941
2212
858
6195
955
6091
8670
1288
4404
5515
4171
4414
5198
2227
1812
7786
522
5597
885
189
6612
6918
8589
3188
5264
8761
731
45
659
4658
6630
7817
8819
2415
4076
7748
1187
1437
720
5611
1020
4417
4600
7619
2605
969
1317
3604
407
8596
2149
5296
4432
994
1777
3996
1006
1021
2688
608
870
328
1525
3307
8235
5489
6521
2300
6314
1767
8499
4801
2798
7263
2660
5585
9001
2496
2769
3263
8840
7587
4639
8833
8462
6932
7698
7944
3707
3924
3928
7445
423
8642
1870
5033
4795
990
2504
7894
4696
3456
135
954
8008
5117
3869
1352
218
274
8920
7831
1013
2799
964
2506
5810
4782
7728
981
4936
3854
6073
5980
5834
1057
724
3816
474
4740
1515
6609
725
3702
840
5365
9004
275
263
2186
76
3668
3714
268
7204
1657
8056
1472
4638
7107
5936
6390
3160
3218
3199
4895
2288
482
3522
7126
7881
7299
5588
6568
1145
3751
427
6243
1125
8207
523
1641
527
2374
1004
8689
7888
912
6744
3238
4251
100
2173
266
5742
313
492
2982
5186
7792
2860
963
444
4612
2772
1047
2418
8410
3377
2780
3795
951
461
3113
2981
5008
1590
7394
2236
6985
8003
1040
6591
2248
833
4645
6579
101
4337
2617
4391
8453
1580
2937
1517
8684
3251
7802
3428
4033
5080
1562
839
4511
3540
4262
8482
2478
802
996
7208
4162
5165
742
5839
4984
1394
4830
15
6774
1819
7038
6000
3210
2437
5729
4399
3693
2062
5815
1053
915
748
1032
1652
2829
656
1401
1438
8998
719
970
2956
3176
31
1132
886
4873
34
7759
2347
931
4153
1346
6977
1331
7649
7380
1017
1624
832
2581
6355
5693
2366
2441
7487
880
6559
5226
3845
5449
5177
3388
881
7099
196
498
4876
5888
4191
726
4051
3889
957
2621
205
2815
1030
1173
6121
4420
4680
4380
7990
1866
2730
2331
2669
1225
2687
1026
1531
938
935
5282
4727
1042
1010
1120
849
302
1019
276
4290
2801
5053
3575
1696
4649
1508
2458
1581
4809
1059
1640
2385
3900
1504
3394
8614
5899
171
8275
961
3871
3882
7180
2407
2202
4319
8984
2727
8781
3216
8157
3086
746
314
2892
155
1631
5952
869
998
1686
2494
7878
2500
4101
4885
5
79
844
4761
3804
4135
1131
1901
3799
5161
3256
146
1688
947
1750
1018
2609
3489
105
3207
5675
3028
6835
89
6318
5395
965
5672
585
3843
2398
422
4736
4263
528
6535
8580
1636
893
4584
8772
2283
3034
8261
237
7771
202
2647
32
50
553
8187
322
3354
1429
6862
2082
3194
2622
1253
8910
419
3399
2078
157
5203
501
653
694
670
2770
962
6530
2154
6365
5926
1497
6242
7502
879
2976
2689
718
5218
820
1008
4765
3632
4427
4987
7282
240
2521
4349
125
16
5968
5985
27
4614
8142
5605
786
7078
6260
1582
7147
1147
4844
8604
207
6436
5765
5275
7311
1649
1676
7415
6077
6902
785
6440
866
1699
8777
2779
1831
2195
4914
7484
3656
1702
1518
4440
637
327
2775
5857
3745
499
5662
1500
2668
7566
7044
8950
3492
1824
2941
6370
5558
7584
7272
4292
4811
4020
6762
6415
4692
8526
6348
3997
8044
5900
8948
6641
7845
6739
5832
8908
2394
1826
5801
2764
1209
4634
5715
2545
6892
5425
4016
6927
6695
4636
2935
6880
5055
5873
5243
3408
4524
7135
1794
4967
2396
4625
6550
8009
1078
236
1839
550
5021
1341
1031
339
1293
3270
3450
2693
639
4184
4036
4197
4268
4273
4274
4284
4291
3991
3976
3960
4338
4342
3723
940
3252
3626
3619
3565
3563
3292
3547
1104
2026
3125
1980
2368
3338
3584
1358
5971
4188
721
442
3758
916
6498
7407
2793
405
1101
2534
6896
5473
5518
1161
8977
3819
7245
1148
8199
2433
479
4840
6858
6953
3430
3351
3508
6856
8699
2517
1626
2531
5735
3024
3093
1111
6624
8574
3402
3587
6132
6791
7705
201
5312
2897
8636
5291
872
2546
4846
6114
2900
2089
6920
3608
743
7316
1367
380
1036
737
3766
2465
3763
3752
1836
2404
8530
688
195
4920
1647
1287
3223
141
3157
3635
1678
7481
1822
1012
5604
1393
6116
937
5809
7577
2440
1834
5288
6294
6178
5151
4045
71
1099
2827
6684
1379
2335
2159
4228
3978
7976
3285
2600
6186
2183
3560
8633
485
4976
1135
6751
93
2839
7764
1034
6154
9012
5768
5853
8591
6803
2120
2204
1014
3268
1037
1087
2318
341
2966
2752
3880
454
6103
287
5075
1476
3860
6957
3980
1501
691
2138
5139
5017
700
5114
2442
4519
6062
6748
2983
2582
4235
5302
5222
4333
4977
5463
5427
5483
4954
5637
5342
6056
4662
4640
4676
4728
4627
6533
6760
2473
2088
5364
5236
5265
2741
3977
4223
2352
4933
1298
2383
2651
1422
1821
750
4659
1668
238
5548
1453
892
2533
5378
7219
177
215
934
3500
6678
6375
3687
291
1281
956
8131
467
4095
7789
753
6966
2438
3690
1973
304
6721
3794
4316
2497
6322
5625
531
54
4684
8854
213
144
8892
2359
5341
8268
8167
6768
8882
2642
5458
4046
973
6658
3989
6798
7211
1192
546
2481
5799
