item_recommendation
25737
8093
7872
8571
8117
8447
7541
7613
8327
980
8253
7636
7914
7560
8360
7697
7437
8225
8033
8385
8070
8420
8522
960
7186
8661
7669
7234
7938
7782
8003
1003
6728
6826
7753
3368
8403
285
8154
8670
5159
695
745
2659
7705
8235
8290
8859
5909
7738
969
8654
2374
45
8183
8899
8961
7478
8477
266
535
8879
984
8743
526
7786
8709
775
8761
7299
6521
1907
8819
8008
4821
48
5117
3232
951
976
5296
2288
5264
129
8684
8207
6535
6143
1288
2062
626
955
6365
7619
1046
953
7649
7888
733
647
232
7976
6390
7263
4427
101
6591
4417
8589
6630
472
1187
1515
6918
4437
3324
6609
8665
2780
986
8998
880
6314
741
6091
7728
1024
4761
263
189
724
731
1812
6559
964
31
1006
4941
7293
1744
5723
6612
7748
8507
8268
8136
8376
7817
485
8056
725
8910
321
6318
3875
6970
3188
3235
1352
196
3127
6892
8499
1012
6798
2340
6446
3799
912
2300
1513
858
2688
3869
1767
1021
4577
1523
4432
5008
7107
981
7394
205
8689
966
5611
4076
970
4550
407
1367
8462
2154
8453
4801
2769
3816
6748
4414
2415
6568
8642
6355
954
840
6116
962
2212
4171
659
498
6579
1507
7484
4391
8920
2660
8410
1053
218
1624
6932
7445
8833
7698
7587
3263
3924
3928
7944
4639
8840
3417
3707
888
6777
4251
1531
4404
1042
7126
2937
6744
5971
915
7487
1437
4731
3668
7311
3632
1771
3871
7282
3795
990
8633
8751
1020
3113
4923
7407
9001
5839
6774
5936
7802
3307
9004
870
4079
7380
7316
522
7099
6803
6550
3157
4809
7577
5597
881
1004
3176
7415
965
7990
100
7180
5588
2772
6751
6562
4844
4740
8574
7792
1525
3210
735
6977
1013
5765
6624
3377
5139
2617
140
4873
3882
2801
2798
5164
8772
8699
1581
6731
7894
2418
2935
7135
6840
3693
4885
3428
7189
8596
5449
8984
5815
8187
5810
4936
4162
7878
5926
963
5834
7272
5952
3714
5021
2982
5729
4366
8977
8614
720
7881
5226
7789
8914
7831
2647
6862
1844
4638
6718
2981
1030
1816
6440
7208
1026
5965
2686
3996
1125
3845
2621
7204
7979
656
886
872
2860
2687
2799
2478
5801
1057
7211
8827
5693
8781
6243
2407
6835
6760
4895
6530
1132
2241
2941
4692
6370
6077
8950
8908
5900
3997
8948
6641
8044
7044
6348
6762
8526
6739
6415
7845
7584
4292
5558
1824
4020
5832
4811
3492
1517
7038
3752
8009
5857
7771
461
7566
4782
5882
3251
3702
1019
1810
7502
6000
8854
1330
492
4914
1870
2622
6885
5080
7818
171
1060
7759
2078
8239
1777
1676
479
6703
6880
7757
2775
8167
1590
3560
3584
6531
8039
6178
2227
8745
5017
268
5
2385
7932
3387
746
3456
7096
802
6242
885
2433
3604
5752
1225
844
1059
3854
15
6791
961
274
93
3028
3160
2082
1209
869
1834
2236
6234
5378
2496
5515
8482
2829
4795
3238
6985
5850
3540
1582
3218
4876
4255
6148
4262
2442
748
893
1429
2581
2344
7809
8604
2730
302
76
8629
1017
1173
1569
423
8609
3522
6832
1438
5365
5585
996
1819
5968
7841
6207
3587
2347
2331
2900
244
3805
2793
8132
998
719
4987
8777
2038
2186
5198
742
6686
5873
2605
6981
1472
5888
994
3819
6154
1281
1702
5312
6283
4420
934
154
1040
4984
931
1331
7505
2517
3508
3370
700
1696
968
6400
2366
1508
4228
3207
5568
5473
6547
8261
3394
1358
2752
4188
2394
3402
1336
8530
2609
5809
5413
3351
2120
8131
6964
5440
6982
1016
2248
3213
7706
6617
7355
6615
7844
6185
7843
7583
2497
2892
9010
482
8142
1295
4658
527
6944
2689
1476
1147
6195
276
5186
474
1010
5203
34
6254
8121
2335
2770
6186
380
16
743
1973
8451
8768
916
155
422
6920
2409
2004
2741
1394
105
2815
3199
4263
7245
4045
5214
6536
3281
8576
1876
5291
1028
2961
1346
2897
4066
957
7020
6294
401
5329
8484
6676
4645
4121
7743
3093
5165
5352
4963
2441
5498
4451
4952
6084
6042
4473
828
4846
8387
7624
28
3354
6662
4861
5000
8157
8927
1752
6695
6966
1980
7011
1037
5241
8492
1636
5569
7764
4840
1099
1504
8392
1135
7078
6436
947
1032
89
1500
6123
327
2521
8638
4920
7121
419
1836
6104
8864
1501
3649
3489
5787
4153
5292
1078
5625
3430
7386
1419
8491
5410
5945
4086
2404
1839
6858
8580
619
6957
6953
2155
1018
8865
5161
6513
499
2572
2792
5303
1518
4706
5271
8366
1901
2318
144
4033
550
141
24
3125
1959
4765
7089
6509
6012
2976
2546
6223
2026
3194
3575
4649
718
4511
8979
5662
8388
5009
2531
2183
2368
2437
5033
204
8636
2396
973
2516
3608
2668
935
2440
8807
3081
785
6375
5530
4933
2352
6902
2342
2458
6260
5872
1008
207
1688
4016
5980
2674
2709
7028
8544
5193
3034
3709
5055
2570
5825
2494
8591
3978
3408
3860
3759
5053
848
2651
3221
4718
4135
4375
313
3646
111
7349
5874
3863
1317
5210
6331
4349
5097
5840
8133
2434
3639
3344
3615
8620
8228
6566
8831
4632
8525
7720
8712
3761
4238
7155
3479
8799
8612
8169
5122
4603
454
4161
4191
5768
5475
3388
4024
2195
1690
999
4680
1375
5940
3889
4177
6658
2439
9012
5675
5715
5742
4976
1047
5899
2427
4401
4584
322
2925
8790
6724
1087
6822
753
6887
3758
5605
1041
3086
7111
3727
4316
8850
864
6114
7055
5061
8640
3431
2548
5735
5288
5853
1715
7068
4678
1145
6047
899
4903
8583
1997
8981
1497
2202
3256
5604
7453
8529
8907
3737
8823
7573
8954
8465
5879
8958
5218
6516
8331
314
2436
3359
6182
288
7995
5356
7481
516
832
2473
1034
7315
726
3500
2600
580
1192
5581
2146
2506
4980
2425
904
3920
1721
938
1750
956
2173
892
