item_recommendation
25737
7872
8571
8327
7541
7697
8093
8117
8360
7613
8447
8225
7914
8183
8253
8033
7669
775
980
7782
3078
8290
3232
7560
7437
5159
8420
8743
741
888
7636
4254
3940
8070
7802
7478
8403
5515
8522
8899
2659
8596
6073
1003
8056
1513
5723
8207
7728
1744
8003
401
5765
8154
8859
7938
8477
4310
8772
8661
1523
7234
7649
5597
1907
733
1515
3324
984
746
6970
8499
731
6091
1739
858
4437
4550
976
6579
6154
1507
4262
8376
5742
1777
1812
8235
8136
8879
1317
8684
4941
5008
4873
4316
695
4821
6918
6178
1831
2686
3701
4584
960
7878
1816
1046
2668
3875
626
8385
2605
5662
745
3816
3368
7407
5312
7186
8709
1369
5186
5264
1562
986
5410
8961
4079
4366
8636
2835
872
7976
2769
129
7738
5198
4731
526
8167
5909
4830
5715
8998
2761
6902
8410
1288
6260
798
4394
2300
3093
990
4795
4658
1472
6826
2647
5729
885
5980
3188
6195
1053
953
2131
8761
4600
7245
6355
7204
951
6493
1783
4076
1437
2159
1006
3377
8777
6365
724
266
1696
2935
8848
3235
7753
2982
4649
2937
535
1771
969
2772
6728
2912
5675
4171
1580
8699
659
8807
955
5288
5177
4354
7831
2786
2981
7786
1060
8943
964
735
8591
3886
4577
6559
7881
8589
1870
9018
6314
48
7809
2798
2843
647
4005
869
1024
6932
1721
8665
9012
2780
8580
7888
5768
1819
5853
1852
3604
2288
4920
6630
3417
4923
3668
3281
4162
725
2227
3081
718
1145
2966
8462
4696
7619
2832
6760
4809
4740
4246
1020
5611
4801
966
970
1767
2688
963
5834
5038
7254
4153
8607
2687
2236
4782
5689
4404
8261
8654
2427
4101
2062
2504
7038
3238
3889
1021
285
1225
213
656
5772
2478
232
3051
7282
5134
5655
6318
2186
3125
5275
3632
2407
2660
4414
7587
3928
3924
7944
7698
8840
8833
7445
4639
3263
3707
3127
4251
2689
3819
8642
1699
1057
3428
7228
5282
3292
3702
5323
6390
2546
3307
2374
6609
8542
8689
1624
4638
720
9001
5433
6718
1120
2212
3540
4861
4765
8629
6612
2385
5839
1363
3608
2494
880
1004
7293
5254
7995
994
4121
5161
8524
6751
785
1042
101
1834
742
6121
7932
3194
7171
1608
870
4420
5666
7263
2496
8819
8720
2617
5033
915
2340
5936
3895
3334
4987
3489
5672
2633
474
5365
2829
45
5489
2976
2799
4984
8633
4936
828
8977
472
2975
6803
205
1959
9004
5398
6684
2347
2596
1026
3584
998
5117
4911
6835
8920
5952
1476
1187
1639
5193
6322
189
1702
6243
968
2155
1951
5641
879
875
6498
2581
6294
6513
2766
8751
2582
2983
8670
6985
4241
2120
8039
1209
1690
3936
3150
2248
2415
3211
6571
7757
2866
3408
1692
2399
7492
7260
2956
4290
4432
1804
7894
3456
893
965
1525
2521
2464
5588
957
5699
1059
5810
848
4727
2442
6547
2231
981
2704
4349
47
8187
1125
3042
167
1759
2215
1080
510
1204
918
3134
2789
3147
3177
2403
2285
2922
1616
2074
1186
2715
99
5443
743
1791
704
840
1226
3005
2364
2393
3068
1388
1063
161
1233
4901
306
7748
2078
1794
162
327
2383
8892
3210
1479
4061
4440
4761
1184
3251
3522
1750
1652
7919
2741
6408
3759
6676
3028
1839
7705
522
2325
3714
1997
6850
8604
947
7126
3086
2570
6422
861
4895
7502
1730
485
7394
3649
4228
1688
5053
507
6143
8927
3351
8511
5585
1331
2342
1531
5968
1844
6404
2696
938
1218
3256
3354
2154
748
5498
2801
6509
1196
3160
6636
2146
7577
1013
6706
1796
5815
2418
7720
3795
5752
8451
2513
1394
43
8147
3357
2039
954
6211
5787
1631
3113
5710
3587
7792
5470
5291
2043
1192
685
516
2669
2178
1453
8914
4401
3207
2134
8882
2440
2858
1161
2173
816
6047
8768
1132
7272
3284
2284
8827
8910
1841
5808
5139
2534
1030
1980
2577
2793
2335
2398
3173
2548
1085
1508
499
2897
8008
8722
6744
2775
3868
1104
2753
2441
2429
5449
531
1822
3006
5795
886
3996
3575
1352
6436
95
5732
278
3140
1582
5850
4095
4318
2634
1676
3016
2572
3402
4098
2394
3880
8675
1147
7771
6375
864
2404
1114
1517
3218
263
1438
5462
337
4016
4515
2046
2481
4337
1111
1095
2366
5285
8903
2327
934
4284
912
6584
6896
3563
2183
3869
6550
2815
8142
6774
4273
1972
3071
2986
6148
2090
7346
4235
5625
1017
5440
1130
1518
196
4399
105
5170
2493
3611
8228
1281
7419
5888
1556
7299
786
3216
2609
2473
8239
6464
3845
1929
1012
726
2004
3474
4033
1078
218
547
6062
5055
5375
492
1019
5825
5400
8482
1689
1581
5413
4188
5684
8275
7822
6624
5693
8838
2439
6341
1429
2091
2946
881
5553
5243
8453
8387
6678
8123
1135
6800
6103
144
2052
1040
1037
991
4885
2600
2583
76
6207
6286
2241
5940
4375
8835
348
4477
7078
3646
8484
2204
2318
3854
5836
1726
5363
2465
1978
2396
4686
5696
7198
4632
4976
2621
5735
8157
4391
2507
1569
5685
7309
5670
8921
7235
5401
8949
5568
1367
2207
6331
3268
962
2573
802
2295
2182
2082
1428
1860
5003
4929
8828
5034
5056
3163
1010
2350
2880
3262
4643
3892
4888
5199
3159
929
3784
3388
7897
5021
8979
1549
7487
4312
2425
1826
2368
1365
3758
3213
1660
6768
2639
8392
719
1047
1497
5210
6658
907
8864
6887
1033
2860
3602
7979
2436
6035
5218
6530
1779
2900
3882
4486
1975
1197
753
5745
3358
8609
750
3751
3199
1909
4980
8366
6920
243
2651
5746
5826
6060
6732
6963
7063
8672
6432
5847
6754
6105
8610
3656
1715
700
4263
4045
2344
5572
2925
6521
3957
4104
4300
8371
3497
3654
3499
1788
2721
207
5466
3420
4191
5680
8966
7791
8955
5678
5686
7947
4846
9010
372
8574
4450
3799
3693
2422
5165
