item_recommendation
25737
1120
1535
1145
647
1562
1711
1552
2243
1111
8327
2445
678
3133
1891
7697
2745
7872
8571
1073
2779
1437
401
1404
8360
1425
6073
1549
1783
405
1076
1310
121
1692
324
1320
2200
714
1880
1788
4084
2741
1707
7914
1900
7541
5177
1441
3152
891
8070
3232
7613
854
1196
673
1274
1277
599
387
4584
8420
441
6412
798
793
2219
2236
1726
2128
7560
3185
5989
3150
804
6395
1168
8093
2231
7407
8253
1234
5489
3019
6305
1264
7802
8447
491
1957
458
272
2203
1791
338
1940
2206
2916
502
471
3166
3148
1861
3070
3069
3063
3053
2921
2920
2919
2918
2889
2244
2810
852
2681
2671
2565
216
1984
290
2012
2016
2031
928
2282
1180
1356
1304
1366
1347
1542
117
1238
1461
1237
1415
514
1099
2297
10
1373
2734
2967
1392
5677
194
2605
1256
2917
463
1767
391
4386
420
8117
178
3086
1592
342
574
1215
2275
2794
5433
2159
2002
1463
1954
488
316
1819
137
2877
661
1223
1361
1325
3021
2304
1353
3018
2706
379
377
6850
1644
805
7
2530
2935
8033
417
2832
5069
1480
2462
1255
7932
3168
7669
7738
1931
186
650
808
1240
7976
8522
3146
861
418
5233
6522
4246
1427
4709
8056
1840
6195
9018
5146
65
849
1569
5980
287
5382
1826
561
1969
828
2386
2927
2819
4296
3129
6440
818
1835
1921
1844
7437
5765
2250
1351
8751
519
8684
4146
1979
541
1171
289
1449
2959
1414
1296
464
8650
614
1236
5159
685
296
6341
1658
36
1971
4748
4321
1165
1889
8225
1746
4262
7222
6056
709
1605
8385
1532
353
637
1254
18
1482
34
1717
4632
3563
4486
4166
592
7130
1816
3451
597
4849
2280
1589
4854
8477
4121
1382
6373
4987
183
659
7995
552
3165
4782
2067
7636
5134
1771
81
3357
4920
1652
1131
3057
3474
1642
4515
2594
3161
8290
1779
222
11
1837
6669
2664
813
132
66
1279
568
533
7228
564
8167
2139
1620
1566
2369
8511
3705
2372
2505
2007
1885
1097
1896
5473
2661
60
3213
8810
2149
365
1892
635
215
177
2561
6493
2579
1588
1555
2048
4356
7394
5395
480
6658
1523
2174
1397
140
1631
1894
224
2011
1269
6033
5147
4308
3301
3318
4859
4880
1465
5715
2255
108
4776
4254
6579
3284
4352
8235
2446
451
299
1453
5028
4787
4316
3662
427
1387
1206
409
4830
4394
4600
4696
1839
1713
2237
326
4021
1201
2000
1212
1100
3988
1068
1926
2613
1963
2227
1731
144
83
1246
114
1029
3665
7121
2606
3066
1194
125
4366
2615
3289
824
2272
694
2839
1378
2644
611
2170
927
4969
520
483
300
696
1123
229
1922
6091
3112
1564
2738
484
879
4023
1833
4644
96
1912
708
2401
135
4332
8589
1657
2013
2749
7444
412
5952
6125
1575
2835
1431
1680
4207
1902
279
2086
3313
2499
2550
3090
3909
1126
2791
2379
3790
3775
1179
77
1311
1217
4091
3015
5021
3011
262
4126
4610
1739
3674
303
76
8207
4063
5059
1852
2263
1983
4816
415
3643
433
2041
6636
2598
2327
3713
82
1563
57
8892
3763
153
3406
5846
1864
1848
1242
4114
2413
2113
209
1433
3194
5597
363
538
1603
2478
6877
615
369
6279
3962
1479
1273
1460
1270
3087
1210
1946
3844
2141
914
2557
603
1464
1920
151
3040
1297
6
2495
2467
606
513
5772
6458
4
2240
6690
667
4252
6498
3310
3834
147
7171
46
2732
5083
364
6212
304
470
2076
1665
4088
3857
1621
1914
5568
1878
1298
4927
1290
1785
1941
1253
1161
1537
58
1539
5410
2551
1938
3889
9
1895
100
8362
7827
7263
2268
6676
6582
6863
5947
5119
5319
3142
2893
4605
4886
1329
1667
7649
5033
1831
1804
4873
2103
6365
4414
3106
2856
1267
6571
577
2620
145
617
69
80
5785
8848
4017
1916
3441
6856
273
4155
2951
2375
5718
7840
6000
312
1167
2130
2803
626
1883
3535
5475
1422
2840
2717
1411
656
775
5222
4194
164
8014
328
3163
5955
5562
2247
6650
1175
3355
8943
3316
97
1639
184
2952
1684
1181
62
481
1704
6031
4168
845
3572
7439
245
357
3099
170
309
332
4432
444
5458
8154
8482
4378
2107
7478
6832
4015
1485
23
5521
1137
7347
5291
1472
816
495
68
3368
1458
1342
496
5012
1231
4426
1332
500
2001
6303
885
1306
5619
341
85
8604
1827
1345
6452
4022
3858
3947
486
122
44
2310
1359
1974
1340
858
227
2186
3091
3457
1886
523
1809
8807
4682
753
3895
2625
558
7826
2252
1715
98
4552
1287
261
3951
8709
1686
172
1188
1977
1792
1856
2668
5125
806
181
1999
5553
2397
665
1419
1208
199
452
8261
1049
2529
3158
8616
2329
148
1466
529
1317
3349
5025
7782
600
6552
8194
7245
2050
2084
4158
2193
8743
4139
5384
5503
1882
7492
282
3111
1937
5515
2370
3002
3616
3794
2610
5013
8819
3192
2887
6643
2080
454
367
2569
334
3205
2642
4051
1243
3893
2168
3747
190
1162
3793
4573
1377
440
4634
1955
1224
1440
612
2164
1733
6918
4658
3807
8761
509
1919
25
2657
2504
8675
1529
2970
1554
8169
5151
2609
3977
4223
5198
1473
2360
4290
2964
459
697
4135
2855
3421
5524
2972
4624
5662
1995
4534
5992
3463
333
8094
5137
2948
2344
8187
997
4294
588
4911
437
2486
4673
248
1580
4347
7381
1601
6404
1798
8039
2944
8183
40
3386
2647
7878
1112
5264
8600
2427
3660
3377
6927
5096
2333
94
4359
1513
5087
809
3259
5205
3843
2180
42
7728
156
8827
1614
1924
569
6628
2718
1550
2848
8903
3024
389
5617
6721
5498
6156
1199
3685
392
6961
7137
8008
6084
4329
258
548
573
3037
2391
4339
2420
6559
2784
1272
