item_recommendation
8571
25737
7872
8447
8360
7541
8093
8385
7697
7636
7613
8327
8522
7560
7407
7914
980
8070
7669
7437
7738
8225
8420
8751
8661
7938
953
7782
8879
960
8253
4391
966
8154
8056
7234
232
7394
8961
955
8033
7753
7263
8008
7186
7802
8859
5264
3869
2659
6850
6658
4821
2062
8117
8654
6636
8183
1046
6920
8604
6195
6892
6143
6728
1744
1024
5909
4437
3368
5017
5473
8670
775
8709
6521
6748
5611
733
2374
6579
840
695
266
6669
984
3668
8665
994
6550
3188
7481
129
7748
5159
8003
745
1523
8743
48
7649
4941
3281
5489
4584
7478
1676
4121
7705
522
2212
8235
8403
957
3232
7786
7121
970
5723
8998
3324
7619
7728
6826
45
8745
8477
7293
8453
8761
4162
526
6609
3632
1562
5458
6365
6314
2173
285
4658
8899
6630
6207
6676
7976
3804
7444
4079
6498
4936
3845
3127
8410
954
6091
6559
2860
1288
7022
7299
5117
1281
6832
5947
189
6612
5164
485
1590
8977
4577
2340
6970
8169
7817
7204
7932
912
6932
6367
8596
7827
2268
6863
8650
8362
6582
7222
7130
4886
8290
2897
8462
8700
1816
4171
7888
6856
2772
8684
3417
969
427
1057
8689
7439
5296
8819
4873
6535
6918
6643
2366
6690
2647
1003
6981
2935
2660
4188
1907
4432
4639
3707
7587
8840
3875
8376
7698
3928
8136
8833
3263
7445
7944
3924
7195
4366
5008
888
1476
7171
626
7038
659
8167
5729
4923
472
9004
8642
951
321
8984
1472
7107
6562
1531
6739
1437
2617
3702
3428
6254
8810
7831
5210
9001
4404
1352
656
741
407
2415
7126
263
858
8854
870
2799
4801
4809
8927
1060
990
3351
2981
6624
535
976
3816
4686
5470
6791
3307
731
3420
3795
2241
7316
6276
1812
8187
5810
4550
6390
8914
3251
5588
1767
3714
6318
6568
4251
4375
7881
2418
3207
1771
4920
7792
4901
6724
7189
2780
8633
5498
3113
1209
6743
8575
4782
1125
3457
3235
7720
3268
5815
2236
880
3093
2227
1507
5012
4414
1019
8699
720
8777
7487
965
1042
3751
5597
881
1004
196
5772
8589
5585
4849
7820
4731
8239
8228
2496
5787
6339
6242
5834
1006
8864
1021
3882
6552
1569
7583
2442
8620
6355
4738
3608
5558
2394
7502
1020
4076
6536
6565
6509
6811
7894
100
2404
8910
2775
2516
8609
6322
981
5165
7789
8392
964
1253
4605
6056
5449
4984
3157
5619
5033
5134
4603
7011
2318
4168
2686
3693
492
5410
8131
2407
2288
2900
6650
4262
6999
1145
8511
7034
2344
2959
2396
3863
7272
2433
4177
3296
2478
986
8722
3615
4238
9010
2434
8799
6566
8133
5097
8525
8831
3639
5840
8612
3479
3344
5122
3761
4632
8712
7155
8574
1513
4161
5825
2622
6123
2621
7250
8388
4417
725
1016
101
1624
2583
4927
5530
2982
5440
2398
3218
844
328
6957
7757
6885
3655
3540
2581
6116
1702
76
6731
5569
7347
274
3431
2154
1114
7380
4830
1013
3370
3587
5765
3213
8191
6591
915
1516
2798
6744
2669
6927
1810
1135
6077
1824
1026
8491
8920
647
8857
4666
7135
3799
1012
4885
6703
2709
6877
5378
7415
5936
4895
3176
2689
1515
2437
2801
1438
5952
3553
4081
5857
6721
4696
7990
8207
5809
6762
872
7311
205
6243
2367
5926
8865
93
6003
4135
1517
4638
144
3996
1030
1225
1187
2004
15
474
5168
5065
3256
5241
724
3456
2687
4761
1295
1581
1970
9018
4024
3292
5888
2331
2368
5832
8667
7484
527
7759
7099
1193
996
8009
3508
8044
4600
8923
828
7352
7036
2752
4033
1652
2793
8979
6000
7566
7381
2605
8848
8526
8950
4692
7044
6977
4292
3492
6641
4811
7584
6415
6370
6348
3997
4020
7845
5900
8499
5839
5693
2941
8908
8948
5801
1834
3394
4394
916
1032
4911
4555
2248
3752
7577
6132
7055
6985
5873
4066
2937
1047
7809
6440
2427
1173
735
2038
1794
6880
31
8530
3156
8583
1132
4153
2300
2624
2504
1246
8614
6757
3920
7211
4837
1429
5387
2457
6178
3964
3819
3081
1777
3160
4304
3033
6186
7245
5127
2346
6140
6964
2436
111
6858
1876
4427
963
3895
2506
1419
2668
6395
1639
5021
8387
3604
5570
2385
3427
6114
4897
5600
998
1844
499
5752
6183
1131
8507
5303
4861
3438
3377
7090
3028
3034
6039
2925
5291
5214
5965
5515
4368
5179
7180
4086
5413
8482
6628
726
5703
4987
7115
4925
7840
6400
7147
7878
935
1041
6803
6777
861
8783
1331
2026
4722
1484
2531
7101
6798
4846
3970
2902
3854
4389
16
3210
786
6042
4952
6084
4451
2338
5329
5452
753
7818
4706
6974
3596
761
711
5833
8730
5
1055
5980
6695
6718
1696
3199
8451
6100
5534
5352
2409
5475
1641
6493
6001
1500
1870
2003
1303
1154
4114
6383
1100
2458
1582
746
1525
4228
5193
2204
3805
2401
4552
6966
7089
5471
3478
1224
5433
962
6027
3217
4473
2985
422
5365
4893
6516
5080
5198
401
1657
1686
5843
2402
1367
3258
3786
6404
5226
961
6686
5803
7627
3534
5812
1236
839
1453
7995
893
5114
4316
3602
1029
6760
6375
5954
7979
4814
2815
2347
1504
2468
4945
785
7936
8795
7624
5248
1612
5009
8261
341
5971
419
2521
6751
5923
1678
6869
2609
3622
218
8781
2975
6840
1959
988
2159
1379
5903
575
3901
5917
1721
2500
3221
2802
1688
6231
5734
1028
2570
2186
1556
5139
971
6502
2788
5782
886
1739
2310
3506
3598
2100
3696
4019
3118
705
5478
2533
2447
6662
288
6446
2078
2517
997
7095
8643
3860
5568
2370
5000
2155
4844
1053
1798
7841
2600
832
1479
7826
7958
1951
6148
2741
4359
3871
1665
866
2769
1401
3507
4246
4765
1329
4592
6722
934
5609
5628
2232
1502
3680
1608
2912
904
2467
4290
7282
1050
4524
8266
2043
7254
2335
2761
4660
5777
1317
5633
1010
1433
869
