item_recommendation
25737
8327
7872
8093
8117
8571
7541
775
7697
731
8225
5729
7437
8183
8290
8447
8360
4550
8403
5159
8596
7560
7782
1003
8772
6154
8499
5515
6260
8899
7613
5752
5288
5662
8636
5768
5742
7669
6073
8033
1515
7878
8591
5323
976
5186
6902
5715
5675
9012
5723
8253
5853
401
7728
6970
8743
1513
8580
1317
8376
8136
5282
2769
5008
3875
6918
8154
8420
8207
5597
1739
7649
5765
745
724
725
980
4731
741
5936
626
2982
1507
8998
4153
6103
5312
7938
733
1750
5275
2668
4740
8462
5710
4941
7636
6178
2937
2659
6091
2832
7831
8720
1006
1812
8859
3188
7204
2120
6835
6751
1816
2347
3819
5655
2546
5365
2654
746
6493
6121
3377
2983
2582
2188
5693
986
6047
1822
1040
4440
2798
2183
6314
1078
5198
7234
1059
5839
998
5666
1192
1021
735
984
2993
1870
748
1288
2651
8410
8607
5443
6547
5732
5410
2534
947
101
5641
2956
6331
8522
5834
3816
969
8807
8524
6963
6684
8142
7478
8003
2761
6513
7171
5363
4095
7914
6294
4076
2300
2647
6676
4923
3235
4420
4963
2686
8961
5466
2478
4980
1744
3307
2548
3489
8943
6985
968
5611
864
5815
1472
7254
2383
1777
7419
750
3334
5254
5398
5038
5689
4241
8542
6355
5672
2428
893
7245
5699
3851
3584
4873
5795
6760
1831
961
1951
5055
205
1104
2090
8275
6436
6774
5735
5170
1860
6803
4996
3758
6422
990
6408
4765
5177
7764
3936
7260
2407
7346
5572
6035
4976
5625
2496
3495
1873
743
8629
3173
6800
4016
3500
1057
1909
4903
5139
2786
1187
6404
8882
6826
2688
2288
2589
1624
1636
1053
3241
4428
7771
5826
8197
6896
5696
8371
6754
8828
8147
4929
8366
4300
6732
5836
5056
5685
5401
8123
5400
7309
5034
3284
6887
6432
7919
7235
5285
6105
6341
3957
7822
8921
8610
6375
8768
3654
6718
6706
7198
6060
5670
5736
6498
8640
5003
3499
5746
7063
4104
5847
8848
8949
3497
8672
3096
8661
6286
1014
6232
2780
3324
4477
8920
858
2118
1084
4878
1688
2696
5498
1771
6645
2184
1046
4366
6728
2078
865
6678
6368
7263
2976
5808
1005
1012
5462
5243
4834
4263
5680
3491
5684
8158
8138
7017
5678
8130
8777
5667
6342
5686
7078
8699
4450
8955
7947
8966
4677
5004
4994
5002
3611
5690
5796
6584
8985
8582
4889
7357
7791
5001
4312
2640
3825
7702
8372
8785
8872
7153
5577
6464
2513
5940
5700
6851
8835
4832
8423
8838
1617
5517
4727
5373
6852
7012
4801
535
2521
3081
879
5968
4999
3238
2772
964
2399
1363
5418
7293
3417
4437
1063
4967
5291
6609
951
3880
5218
6296
5085
4979
6768
6533
3889
892
8070
3211
833
885
4577
1997
8638
4105
5891
1852
6827
2764
6470
4349
4949
1767
327
2418
659
129
8689
720
788
8709
5419
2146
7888
1581
1562
5167
6630
2766
2473
4490
105
4298
937
4925
4895
5413
5832
2801
938
2605
5053
8665
7802
1225
3795
1690
3656
3359
869
4833
7208
4251
1047
2741
4736
7881
1580
6530
1517
695
2990
1805
2617
1608
5504
2774
5203
1627
888
1438
1367
1819
4043
8235
1233
2364
161
5356
1834
113
4262
5135
1959
8042
9001
6671
3006
3051
2189
3445
1901
4718
2775
1017
1437
2843
2009
8477
306
2159
7894
8761
4079
2134
1721
3342
704
4532
99
3068
2596
1388
2285
3177
3150
2789
3147
2215
1616
1226
918
3042
510
2393
2633
1186
2403
2922
1080
2427
1759
2866
1783
3005
2715
1204
2074
167
3134
2335
1730
1018
3668
2687
2660
162
2981
3263
4639
7786
7445
7698
7587
7944
3928
3924
3707
6932
8833
8840
2154
4981
7502
4691
7038
2385
485
1807
3379
1715
2975
4066
5180
95
3408
2327
3368
962
266
1060
47
880
766
4404
8642
4247
2858
218
348
2946
5343
2634
7186
6612
4958
5117
867
507
1841
2325
1735
1218
2730
4821
2046
516
3753
3028
1184
2365
5553
2342
3127
1085
4795
2570
1972
3071
2429
1752
3805
1395
4399
2186
3194
6093
3232
2935
2938
6593
4171
1147
934
3256
9004
2227
4432
6579
3759
4735
802
2082
786
960
6798
3140
785
1020
4782
1556
6744
2793
2815
278
5909
915
1286
7180
3649
1095
4414
848
1696
3251
7394
547
5264
816
3452
111
798
1428
3714
1907
1796
7126
1042
1518
1929
2440
5810
1689
1523
8654
718
2600
2892
2487
6446
1301
2898
3702
2155
1010
8261
372
5585
3218
1004
1429
131
5604
48
4732
2799
2912
2820
8819
945
4936
285
2354
700
492
4401
3709
1327
3402
8906
2416
2650
4569
1474
714
3730
3101
4029
4584
1132
4678
3199
5304
8670
76
656
1092
2753
1026
7792
753
4638
366
2334
189
2458
6225
337
3157
2655
4920
8879
1173
1526
719
5000
8268
7334
171
2504
742
8977
6104
6390
8453
728
1508
291
4427
3456
2622
2581
973
4316
5449
4045
2441
4051
3113
1365
2394
498
4342
7753
2897
2494
1668
2628
531
8167
5214
213
2482
1034
5899
2415
3540
4680
6140
8808
2829
1755
2763
875
3604
6084
3996
832
3016
647
8684
2961
5292
7282
5913
5980
3387
1479
4649
1985
3354
3160
5650
1037
4326
2966
8589
2792
1762
8039
8484
2577
8700
5888
3034
7315
4792
5518
6114
2439
2464
8121
1008
4585
2360
4945
2541
9018
1657
1980
1991
872
2091
5926
2500
4984
3093
965
3428
3394
3125
1130
963
6077
2204
567
2899
1030
685
6450
1035
944
2422
3152
7228
6365
844
747
4686
580
8451
1330
3971
688
8923
2043
2465
274
5952
6027
7311
3693
5296
6858
8781
5313
931
2374
5521
6703
8056
2835
7272
2572
2621
4417
2900
1394
188
1788
5458
3522
5801
1033
8194
991
2986
2195
4546
1935
4600
769
5352
1626
2331
1453
3388
1501
896
1409
5071
1125
2371
8187
7619
5168
4033
