item_recommendation
25737
7697
7541
7872
8093
8117
8327
8571
7613
8447
6970
8225
7914
7560
7669
8183
8360
980
8253
7437
8033
8207
8290
8420
8522
8998
8070
7649
7636
8403
7782
5159
7478
8743
5515
5723
960
1003
6703
8003
5264
8477
7802
6154
5765
8154
3368
7728
8899
7938
8385
8772
6178
8596
8661
745
3232
775
4550
8859
7234
5117
2659
8499
3377
7186
7407
8459
6365
984
8235
731
6826
695
5008
266
6073
8056
626
6314
5312
976
6918
6121
3959
5742
8961
969
4821
6579
7245
5597
6493
6355
4941
3913
6091
951
7753
8761
8136
8376
3875
5909
2374
964
6609
7293
2288
2062
4427
5980
4045
5662
8665
7878
1515
2300
101
5666
7272
733
6260
6195
285
6728
6902
3324
5655
7282
986
5410
2780
8410
48
5729
7738
880
3816
7976
8670
5198
1907
8795
8709
1006
5186
535
5611
3795
6513
8819
2769
1513
45
4809
8636
3235
8589
6559
6862
5715
6630
724
4740
8654
5689
1870
3819
3188
5139
5288
7786
4731
8684
8462
4638
2154
8879
7502
7888
8167
647
858
6751
962
1288
6521
8261
7394
5752
5675
4957
5498
741
5768
4649
1367
4366
7263
5853
8591
9012
2605
8777
4437
8121
3799
1507
6676
5839
6207
3587
1834
7831
1812
4761
2407
4076
2382
5413
6835
4417
6624
526
5177
6103
4801
953
7254
2647
1046
4873
8580
3028
6383
6047
7881
6211
7705
5254
5825
5936
6390
8920
8142
6760
5968
7171
485
1187
6612
7577
725
7569
5772
4584
1744
5926
5732
5888
5710
8633
8629
4984
6798
7771
5038
3489
8187
5815
1012
8689
955
5275
5458
4153
1523
8910
4414
4945
7334
1636
5296
5291
4911
3307
3584
1317
5398
8699
4795
965
8039
7260
129
2688
3417
3334
6446
4251
4923
8507
912
3936
4241
3281
1024
5134
5365
4895
1624
6748
4432
2937
401
6636
5363
7789
1053
5693
1021
7204
5834
8157
6509
6985
6408
5832
2418
8943
1352
1437
8268
7038
990
7619
659
998
5352
5443
2982
4577
3854
3668
6077
263
6318
4765
6591
8482
2775
232
6718
3882
6550
2798
3213
6395
2478
7748
4079
970
3127
189
5857
8642
5466
5193
7093
2660
4262
5556
3263
7587
7445
4639
3707
3924
3928
7698
8833
7944
8840
6932
8008
1147
2347
1336
6530
6404
6658
1581
8848
6243
6684
7299
1844
6840
4420
7034
8914
2654
1831
8607
4171
2772
2912
6744
3608
472
8977
4967
2696
1777
7809
6832
1767
4246
9001
7078
4228
4404
3805
5699
888
735
205
6774
5777
4963
8781
8903
8720
5808
3387
1739
8722
2574
8951
8195
5323
1059
6225
5356
2548
3113
6294
7487
3702
1004
4782
3428
7311
6286
8768
5269
5784
5021
7932
1580
968
7208
9018
2212
6037
5404
954
2183
8638
6568
2496
2186
7894
6025
1017
3889
3157
5649
1014
872
9004
4846
8604
6730
5226
4600
5214
7126
1438
6803
3218
5375
6436
5161
4920
6850
8807
31
4903
2433
915
1042
5625
8984
6547
3140
881
3238
6535
947
6116
981
3199
6331
7979
1330
5787
4960
6143
656
5282
966
8453
5641
6186
7346
2340
4440
6768
7817
7107
840
4316
5033
886
7228
1125
1771
7121
5718
1508
8524
4162
4936
3210
6885
6892
7096
2686
8542
3714
5810
864
2482
6678
7099
5795
3851
2935
2617
1026
7316
5449
7792
3604
5588
1132
2793
3869
7990
7764
2799
6440
4727
4830
8451
6375
3632
6242
4088
2038
3194
1531
2120
2473
7822
7180
3845
15
3093
1816
4016
8675
196
4718
6232
1047
5952
6377
2651
8838
492
3292
5971
498
5053
5940
8484
2415
4980
6498
7492
4477
5470
6422
8906
6473
885
5553
7008
6706
1020
7189
7995
5791
3408
844
6148
3649
5735
5055
7160
8275
961
1040
6035
1209
2331
4263
973
6887
6950
5672
7757
5707
1517
999
3251
274
3402
3996
3359
8827
785
4736
3611
6977
3176
2668
1013
3284
7371
4658
5891
1476
8366
8882
1057
5203
5243
5572
1980
2009
5000
8273
4680
2764
2385
3758
2622
2004
6000
6896
2621
1010
4901
4914
4861
956
8576
2981
2318
8574
4987
6279
748
3759
4312
5836
4349
4976
5241
8864
5604
6470
753
2730
4450
1192
5568
7415
6695
892
4844
5754
963
750
5170
4878
7419
2513
5745
8147
5585
1225
5462
720
5285
5179
8640
8387
4885
7198
6400
6464
870
3173
8491
5684
2801
1750
1762
5080
4066
1060
6584
3081
2956
8828
5400
5686
5696
5685
8966
5373
5003
5004
5680
8921
5577
7791
7947
5001
5056
5670
5401
7235
8949
5667
5517
5034
7309
7919
8955
4929
5678
4840
2441
1696
5440
218
7380
7115
3693
4043
4188
7211
5538
937
7357
499
2173
6739
2227
2082
7411
3207
1030
5850
3971
7743
8672
6963
6800
2594
1173
6981
5182
2428
7702
6754
7017
8158
6851
6342
8372
6341
6852
8423
5847
4104
7063
7153
4677
8985
6105
5736
8130
4889
8123
5796
3825
5690
8872
8197
5826
3497
3491
5002
3499
4832
5746
8371
6732
8610
8785
8582
6432
2640
3654
4300
6060
5700
4994
3957
1472
4696
8835
1617
1876
4834
7012
4686
4255
7323
1824
2458
2676
2897
2184
6645
6957
3860
746
2394
865
1788
957
7583
8614
6827
7815
8695
2898
5378
8009
7818
8138
1295
321
6791
5202
5418
2546
8044
1752
1839
3540
7055
7897
6051
6731
1562
207
5489
2078
1690
3656
5114
3256
154
3456
5899
893
2236
2976
4121
2188
5085
2961
8239
8392
8865
4380
7386
6641
869
2993
5329
6533
8751
3434
3096
6525
4981
4095
5801
1529
5558
2983
2582
5167
2383
5164
8492
2687
3487
5208
380
7135
4893
1358
4999
4833
5425
3241
743
2516
1019
1008
4284
2440
4428
714
4748
6234
4033
1104
3160
5650
700
6104
7566
2581
2344
6762
3500
5882
4105
7250
4292
6370
2941
8908
4692
3997
8950
6415
7845
7044
6348
7584
4811
5900
3492
8526
8948
4020
3783
