item_recommendation
25737
7872
8327
7541
8117
8183
8571
8093
7697
8225
8290
8403
8447
775
8772
8360
7437
5742
7613
8596
7560
7669
5515
5159
7782
6073
6154
6902
8899
5662
5186
1003
4550
731
8499
5715
5288
7728
8636
6260
1513
5675
5768
5853
9012
7878
8743
8591
5723
8033
6970
8207
5765
2815
401
8580
1317
6091
8136
8376
4740
6178
3875
5729
8154
8720
8253
5275
6918
7914
1198
1515
8998
4076
5282
7478
7636
4731
2668
4440
1053
6835
1739
4366
8003
741
1812
7245
8859
7938
6121
5655
5410
7649
6355
980
1104
6751
976
5641
5666
1777
4153
1507
5038
5689
1624
7831
1870
724
516
986
6706
3489
5177
5008
8629
5312
5672
2416
2982
5198
3334
5254
4241
7260
3936
5398
5323
2956
4584
947
864
733
7204
2769
5752
8777
2832
2761
6493
5443
5597
8410
7254
6404
8420
6047
8607
8848
5968
5365
2696
6408
5699
5710
2347
6294
6547
984
2300
2659
6684
2546
4923
5285
5808
2983
2582
8882
5732
1192
6760
2686
7171
6513
6498
1750
5363
8524
7419
8699
6774
745
6718
4976
8807
3284
858
6035
8768
5684
6422
6803
6800
6896
8123
802
8943
7234
5055
5839
5735
8275
2786
746
5936
7771
5139
2120
2183
5815
7198
5466
6676
4727
2937
2688
7888
626
1006
7346
4477
6584
3584
4016
4312
5572
6436
2513
7802
3377
2184
6645
3758
865
8542
7078
5795
2976
5400
3816
5940
1907
8142
4300
3499
6105
3825
3957
3654
3611
6331
6341
3491
8985
6464
4104
6375
3497
1617
6432
6342
6887
8966
7063
7791
7702
7822
7919
8130
8147
8158
7357
7309
8197
4450
8366
8371
7153
7017
8949
8582
6963
8610
8672
8785
6852
6851
8828
8872
2640
4677
6754
8921
6732
7947
7235
5685
4994
5746
5686
5373
5004
5680
5796
5678
5056
5670
5667
5401
5826
5836
5517
5577
5690
5847
4889
4832
5001
5736
5170
4929
5002
5034
5003
5696
6060
5700
6579
3500
8640
5243
3188
5625
3307
2798
2534
893
4801
4941
4765
6985
129
7012
5462
2009
4834
8423
8838
8955
8835
8138
8372
4105
3851
4428
1822
3241
4980
4999
1021
3096
915
5834
6768
1744
6470
5085
990
6296
2118
3238
6533
3819
3051
1508
3495
848
6827
4878
3081
5419
6103
4420
205
950
2090
3889
5053
218
6232
3417
5161
2801
2892
1472
1690
725
8638
2496
885
4490
4263
998
1523
1518
4967
1688
2651
5193
1721
3656
327
659
1288
4577
5291
3232
1805
2473
3194
8661
2993
5203
7786
5504
2647
2383
5135
4979
8665
1042
3359
1018
960
720
2399
3759
5418
1816
1049
4532
1363
5980
4095
4795
8042
6286
4680
3173
1860
2774
6530
8961
5693
750
4833
4298
4437
2427
3445
1696
833
3408
1059
5611
3368
3324
1608
6728
1580
8920
718
3235
748
5518
4821
869
4996
968
3753
7764
647
8462
1084
4262
6368
101
6826
1225
4981
1501
5909
964
700
2866
747
2521
113
798
1783
2654
2596
7881
5891
2938
105
5167
6314
2935
742
6678
2458
6225
1852
2780
3150
816
6195
6062
3880
4984
1819
1997
167
3147
2922
1233
2789
3042
2766
1186
918
161
3177
3134
3068
1226
1759
1063
3005
1204
8451
306
704
1017
1909
1388
2403
510
2285
99
2633
2715
1080
2393
2364
2215
2074
1616
1060
4718
2548
2325
6630
788
2159
735
9001
2981
1057
1730
213
2799
4686
1562
2687
507
8879
1959
6612
1301
1951
969
162
7263
2605
1841
7208
2772
828
1218
2188
4735
1437
3452
888
949
1831
2660
1873
2912
1040
47
3707
3263
7944
4639
8833
3928
7587
7445
3924
7698
8840
6932
3006
6671
1047
1771
1184
743
4171
2078
8261
8642
3795
8332
1046
2342
5313
2478
95
7186
278
685
2835
1173
4043
4079
547
2858
2966
8477
695
938
2634
7894
1085
3125
2500
1147
266
348
3256
2284
3127
6093
189
4600
2725
2441
951
1187
535
3071
1972
4251
2429
2146
1517
931
3093
2843
1130
8522
1078
1095
4247
2288
3456
4963
3199
5810
8387
2134
5772
6744
9004
785
2572
4678
8781
2440
1008
2407
2327
6211
3668
4936
8709
1980
7091
2428
963
1429
1428
48
1752
4873
1020
2046
1929
1581
2186
719
4736
1012
4691
5553
965
4911
141
1753
8589
656
1796
2335
390
7293
3218
2753
2617
131
3211
4920
474
3766
2043
2600
8070
879
2178
4404
4649
6571
2946
6234
2975
2493
8576
3402
1014
880
8689
2986
1689
4401
2504
4316
2689
3714
1037
1582
2331
3702
1056
1807
4903
2415
243
1026
2154
7126
1286
526
5218
1196
5888
7407
973
3251
5960
5264
6390
1358
2091
2365
7379
2990
1032
2704
2730
4462
1525
4520
2318
2418
1834
5117
5413
3016
2360
961
6450
907
1004
1556
2385
1767
5604
1367
2039
3805
1123
492
1549
5470
2227
1636
4945
5556
6243
1030
3044
4158
937
5202
2077
1152
6114
4914
7038
944
7792
714
5304
3155
6395
991
2876
1382
8056
2622
5449
2189
3587
1526
6609
4349
5134
8808
1010
337
912
1762
2155
1784
3041
7394
2062
3608
3593
1474
3730
3831
892
8235
3428
93
1092
2864
981
945
3140
2236
2494
2567
875
4809
1005
7502
999
2820
8923
2439
4414
5784
5269
7809
2741
2394
707
8268
934
71
2676
2764
7619
4956
6365
1197
372
232
2775
84
2583
4569
3101
4029
3709
2481
3388
2581
1422
4895
6636
4088
1985
4968
76
5498
4166
250
8157
2422
2368
2770
4638
1981
5021
1668
1631
1653
291
6593
366
8167
4255
2204
6051
2482
3064
1438
8654
2424
171
2699
1081
1660
8675
905
970
6509
3007
8453
7180
2897
1150
1735
2082
150
7577
2324
2432
2451
4546
155
460
5585
3394
3384
2014
485
3540
7492
8865
2197
765
1061
4326
3343
3891
3692
3682
2102
3128
7753
2827
955
1228
2334
5791
4925
1500
5182
2616
1928
201
