item_recommendation
25737
8327
7872
8571
7541
7697
7914
8360
7802
8253
8033
8056
8420
7613
3232
8684
8183
8225
8447
7437
7669
8207
7228
9018
7932
1120
1562
8117
1111
2605
7407
8093
7478
7560
6493
4290
7649
8522
8235
8261
7995
6365
8070
647
5765
1535
6195
7976
7636
6579
6395
6073
5980
4873
4709
1404
678
2745
2219
1437
7782
7245
7492
7738
7130
1310
8616
4121
6636
8511
1145
6178
6850
6211
2227
1788
5264
2779
4584
4920
5159
4696
5470
4166
3643
4246
4782
3235
1453
1575
1523
5772
4911
8167
8039
8477
5198
3368
6918
8879
3816
8751
3060
6658
4262
8743
4600
6906
4552
7282
3354
5515
1320
8451
7840
5489
3086
7293
1552
1711
5033
2236
3324
2659
1076
1826
8810
7809
2478
7728
5410
2310
7577
1767
8675
1482
2243
4809
8892
5101
5597
1240
5433
7881
1744
3133
4437
3163
7619
5791
8661
6877
7444
8979
8859
129
4194
8604
8290
6970
3292
7234
8014
1931
140
2681
8903
2445
7583
3653
8385
7222
387
3587
8943
7121
1783
3377
6669
8607
7897
5498
2935
7394
3983
1425
2180
4821
6355
5729
7016
4830
4296
8154
5534
4316
8722
7215
5177
1397
1652
3660
6957
7938
5250
5864
6404
5269
1463
4366
6166
6148
1819
5137
4748
6077
5909
5556
561
4146
6440
3456
3370
8008
1419
6954
4060
3515
1864
5114
2062
132
1196
5784
6525
4079
6031
4486
5787
1880
6690
4178
2647
1194
407
2594
8695
332
5134
5202
2159
7192
5723
6091
8482
1739
8848
5899
5850
3602
7753
1816
3247
3459
3066
1234
3150
5312
5825
6162
1746
2606
8819
3819
8524
57
7458
1243
1513
1883
1900
626
2094
6458
6140
7195
2997
1073
7263
2966
3843
8827
3718
6961
4177
8961
7204
4936
5588
6056
1777
4039
5942
3900
4941
3165
1549
1363
4139
793
3188
4229
4577
5046
3668
8772
4251
4088
5434
2467
8977
1279
405
1954
3441
3250
6314
4171
7766
7787
3467
7150
8813
7812
6378
8915
3038
4688
4090
3266
8057
4848
984
7136
8254
2704
2170
8650
714
3152
8491
2981
708
300
8003
2530
2200
2819
1580
4101
2959
2505
7934
659
8531
7340
1440
8625
980
8187
6473
2386
7892
4169
8866
1161
4000
3310
3185
5008
3190
6416
3649
3608
8871
4369
3702
4284
4273
1408
1921
2065
7720
1844
7161
4984
8194
2006
4491
6643
6832
3908
2176
92
1391
8899
7272
4649
1707
5012
4399
3417
1932
2612
4923
4414
4051
4861
3963
6582
3127
1639
5689
4386
6051
6826
3751
2832
2144
3033
1631
5193
1354
3210
7347
1922
6390
1135
1472
5603
8273
7786
2897
2231
6000
1891
2738
3192
5146
4658
3194
8617
4062
1480
1937
3213
4731
3780
7815
1361
1507
5458
2855
1589
7115
3879
2686
1564
3201
4681
2504
2161
7171
6498
3238
2031
1275
1644
1046
4482
7762
7979
7757
6985
1833
4632
2128
650
1902
484
4666
3698
8807
2625
6676
6279
1274
379
4404
8998
845
6932
6114
4394
144
8376
3168
5182
6143
6856
5025
1387
1466
6412
5108
7564
1809
2516
966
854
6561
324
8484
1343
3412
7585
7899
8136
4895
184
5210
885
891
179
7888
4987
8795
2372
4155
209
121
1256
597
8709
5038
2174
538
3434
4720
617
4321
1804
8665
7055
1934
1684
5718
8600
8462
7177
5382
3875
2784
4849
1264
1791
5413
464
7038
6728
2596
1569
1236
1914
135
480
6958
2660
18
1831
1848
2741
8840
3928
7944
3263
7698
4639
3707
3924
7445
8833
7587
4684
3111
1852
9004
4508
8341
2565
4795
3604
1940
1983
7036
391
5947
1242
2877
76
2397
2059
3221
8336
3981
4161
1432
3282
3302
1284
7186
8642
1267
3596
1277
5352
6552
2427
3421
3072
6322
5521
1353
8689
232
2856
5391
8777
2282
4148
1420
1389
3563
4168
2786
1212
5553
8169
2462
3357
577
1912
1253
6559
2252
6612
4002
5473
4846
656
5179
9001
4375
1168
5117
1924
4278
5478
1129
2304
5913
5926
3334
8730
440
2244
117
3166
2671
3148
3070
502
3063
3069
2916
2206
3053
2810
2921
2920
2919
2889
1180
2918
852
1304
1356
928
1237
290
2016
1461
2012
1415
1984
216
1366
1542
1347
1861
1238
471
514
3616
798
6650
458
1099
2967
6646
1957
1592
690
3320
2297
2048
4114
1870
2203
194
5568
1837
2007
6383
272
1422
463
2734
2359
1979
1392
3028
818
1325
7826
4854
7250
5628
1165
1916
4703
222
7042
4885
3408
2300
2275
1441
861
5398
5119
3081
2752
2002
3804
5682
6154
1798
178
3019
8362
6863
7827
2268
3882
2615
2917
8864
6159
611
1719
3747
804
5065
5427
3646
3021
2846
4886
4555
1373
8121
3489
6132
5346
163
6084
148
432
342
2272
5449
3110
3869
4270
4947
4945
3798
5611
4203
96
6721
3129
5139
8761
1938
4801
6927
718
3632
488
805
1224
3420
6482
3714
8700
574
338
828
6237
4738
4881
6344
2893
6442
2327
392
3218
383
5808
7789
1907
4893
3783
3259
2620
1970
661
1290
8957
7502
8914
6039
5503
1171
2617
3316
2318
2448
3251
4840
2772
3723
2084
7743
3018
8596
2912
1295
953
1680
6571
1835
2212
4927
7415
4205
5288
401
7334
4690
5952
341
6446
6806
4190
6883
5810
8745
3338
1223
1795
1493
7142
568
4515
2329
2415
709
7126
3146
7135
3868
6426
619
1670
1515
1686
5103
1854
2265
1332
3011
3428
4135
6422
1317
1621
9010
66
3404
808
4143
5641
2579
4458
1894
1342
5846
42
2749
955
2486
1771
1840
1350
6872
3522
360
5315
7411
4228
3786
420
1969
7792
2139
2021
2961
7299
1255
8392
6816
8239
8927
4534
2130
2117
1658
3626
6465
4638
5404
4818
6800
4055
1588
4383
1812
4605
1476
5303
5348
1024
8044
733
2446
3296
1971
6484
294
7894
2340
2337
3710
7131
3903
7002
5258
6327
5039
3902
3578
6449
4033
2379
1586
153
1692
