item_recommendation
25737
8571
7872
8093
7541
7613
8447
980
7914
7697
8360
8117
8327
8225
7669
8070
8420
8522
7636
8253
8154
7560
8385
8661
7938
960
984
7186
5264
7782
7234
8859
8183
7437
8033
8961
1003
775
976
695
7753
969
745
4821
266
2659
8879
3368
285
8056
8761
8003
733
731
5008
1907
48
8899
2374
8235
45
5909
5117
6579
6630
955
6728
7407
1515
4437
8670
3232
8403
986
2062
101
626
1744
7293
964
8654
953
6826
3324
526
951
966
1288
8743
8665
3188
7728
1006
1046
6609
8709
2780
232
7478
5159
6521
7705
7738
858
5611
8477
4550
1024
535
7619
965
485
8008
880
8910
8977
7263
2288
7786
4941
912
647
1812
8819
8290
6970
6365
472
741
8410
1053
724
8684
3668
2935
6314
4809
1523
8589
970
4251
3869
5723
8633
5296
1507
4761
6612
15
189
3235
6550
7316
3816
1367
1352
4427
888
6918
2407
4801
4984
4079
6355
8998
6207
1042
3799
915
6885
725
1187
7649
3377
8462
2154
990
8376
8136
129
1004
4638
1021
962
1030
8207
7817
4162
1581
840
6318
2433
3875
196
4584
3428
870
263
1624
2300
2772
4188
981
2660
4432
872
1012
4404
6116
1767
4936
1125
2937
659
2340
6091
7748
8689
1437
4417
8642
4577
7888
3924
3928
7445
7587
7944
3707
7698
6932
8833
8840
3417
3263
4639
3795
7299
3307
5834
3632
4076
6624
3127
2769
3113
8596
8920
2212
8574
954
4923
1531
6920
2647
6535
1057
2418
6143
1020
1771
9001
8984
2478
6568
7583
8453
3213
8864
1876
7881
7757
6892
8239
4171
3028
2344
2385
6744
3702
3882
998
4873
2982
7802
1026
8507
6591
1209
7038
3281
7792
522
2415
6242
7126
205
5210
6559
2173
2798
881
4414
7789
8699
9004
1834
6390
4391
2688
2605
4731
957
8777
4658
4366
6798
5440
844
5926
3157
7394
735
5787
8604
5772
3093
720
5810
2617
6536
7481
1132
6791
7831
5952
6509
2496
5449
7204
4895
8609
4632
1330
3714
6243
6195
5971
8927
656
7990
7894
7189
2621
1013
2799
2775
963
2900
5588
3218
274
7107
8499
6731
492
8914
1777
6748
1844
8187
4375
3387
3751
31
7272
5017
4177
8167
5597
498
3199
4649
1870
2404
4161
1017
6186
7487
321
2318
5839
8865
3819
1010
2860
3608
2427
218
1060
961
7180
5080
1281
785
3805
8722
2981
886
2912
8388
4603
2801
1438
4228
3207
3860
6777
2347
5164
5312
2548
6985
7380
6077
3863
869
1816
8620
3344
8228
5122
8712
8392
8799
8169
7155
3761
6566
7720
3639
8133
3479
2434
4238
9010
5840
8612
8831
8525
3615
5097
6562
7415
746
885
6676
8268
2186
5729
8751
994
1040
6254
8387
1225
3251
4316
7577
3210
2741
2004
2227
1037
719
4255
4740
2368
1513
4782
2394
2802
5226
2687
8131
5365
2709
999
2366
1019
2793
3854
4844
7484
1824
3584
893
2241
7011
1676
3693
6446
3655
7502
3431
1590
5021
1059
3176
3456
4262
6981
2331
6739
5515
2897
1517
7099
6862
1032
3845
2622
3996
3587
5832
3160
875
1476
4920
5585
4024
4045
1810
4987
4861
1047
5693
407
1739
8667
5857
100
5968
5936
5134
5000
1636
2082
499
6440
6000
5033
2078
5765
1831
2686
1147
1696
1173
5815
5378
5801
7135
2396
2752
419
2236
93
6762
8908
3492
8044
8948
7584
4692
5558
5900
6415
7845
6370
4292
6977
7044
4811
6348
4020
6641
2941
8526
3997
8950
7566
7211
3752
1562
968
2609
5329
5198
7121
1472
8854
5530
988
2581
4153
8772
2570
2038
8039
3238
7195
3351
6636
1358
6774
2440
7311
8009
6840
3604
1980
7282
2155
3540
2689
5809
2925
4795
207
4830
6743
5165
7976
1429
5888
4911
2730
4837
1016
2409
1582
2442
2829
3649
5945
1008
5882
4846
4246
5825
4901
4086
2248
380
802
3508
6751
726
7096
700
4718
5473
3804
1014
4394
3438
5604
748
973
2669
916
5873
2651
3258
1193
938
6880
8614
5065
7979
5568
7771
1331
276
743
1702
1690
5980
3194
2473
1508
1497
1336
1525
1569
16
6686
1419
5413
5218
3394
5291
4840
3268
1612
5168
474
5498
8903
7245
1028
8121
7036
947
6835
1087
8482
2770
5
4349
6832
6132
3560
4389
4765
1295
76
6760
2183
3402
3709
7878
5139
401
4876
6400
7932
275
8745
8530
4098
1500
531
6234
6718
3575
479
6803
3357
8781
6966
6658
5458
155
5600
2425
6178
6493
1652
7809
761
313
6999
5241
1501
144
575
892
2764
8484
6858
2398
714
934
4066
3081
937
6530
828
3427
8492
4706
5985
3478
1819
1504
7759
750
2346
2120
5410
1836
1631
6225
2335
2668
141
1852
4191
6322
1750
3292
2792
6073
8827
5352
7438
461
8191
4696
6021
2506
6516
6703
3522
3430
5202
1029
5850
7627
6850
996
7208
2572
8142
1161
7254
5186
786
5356
3646
4108
5569
4885
931
6084
4736
2494
6103
4401
5433
7110
1301
5375
3759
6261
3086
6104
4029
3101
1474
3730
4569
8404
5053
1997
6154
3908
1660
2352
4933
2583
1839
1104
6211
2458
2457
8583
5899
2441
2383
516
5214
5161
3964
848
2533
2815
3256
3880
6757
4101
1303
327
3408
7818
1985
4121
1688
6695
4220
2437
2342
1101
3489
2370
6383
439
4903
171
8700
1959
866
268
2516
6565
6724
1901
2976
2546
5965
3152
3503
527
2892
8261
1145
793
1715
4326
6957
4420
8848
244
1041
5891
1518
2639
2880
3296
1131
5475
5199
929
3159
4643
3784
3262
3892
4888
1428
2399
5556
5271
5075
4270
337
8923
1099
4893
742
6436
3358
5752
105
154
111
2796
5470
9018
798
6513
6811
6940
1394
7004
4666
1018
2504
879
2146
8422
2517
2465
4957
2863
3034
8580
4945
5742
4842
7078
5812
6183
423
4686
1608
7764
3024
6650
6662
7034
5570
997
7055
1973
2902
1380
2600
