item_recommendation
25737
8571
7872
8447
8327
7541
7697
8093
8522
8360
8420
7560
8385
7636
8117
7613
8253
7437
8070
7802
980
8225
3232
6195
4577
7669
8477
6365
6850
7407
7782
7738
8751
1816
1120
6636
3869
7914
8207
7938
8056
8661
7394
8033
129
5597
5159
1744
4658
7186
526
7263
5017
6140
4941
4830
2062
1145
8743
3368
8859
4584
285
5909
5489
8961
647
953
4782
1046
7234
8604
2659
2212
1562
8670
5611
6318
4366
6091
4696
263
7121
6559
5410
955
48
6728
7932
7478
966
8709
4262
6658
1767
3324
7976
1024
6832
2374
8654
5134
960
1513
1472
5515
5498
6498
6609
4873
7753
232
6579
4809
695
6826
2159
5723
1003
6143
996
8596
3632
8589
5473
266
8008
4162
341
957
3281
8154
6970
6920
7444
4605
2340
4748
840
6669
4923
4911
522
5765
5198
970
888
535
4731
4166
4600
7786
407
6355
8235
8167
1240
2605
718
6322
3351
7995
7881
4121
5585
8899
7282
8819
4821
4987
2860
1569
1696
6748
7705
994
1907
4437
8453
6690
4171
3668
5980
7481
5952
8998
5033
8511
7748
2981
144
4901
4332
1288
798
6550
7107
6676
7272
7789
3127
4135
8700
7130
1437
4316
4550
1476
9018
733
4795
3377
31
8187
8761
8684
1831
7038
321
5117
4246
100
6000
6404
6395
6624
775
8665
1125
4945
8650
401
6056
5164
858
6630
3587
656
2761
7222
6400
6390
8003
3188
8183
6521
1891
793
969
5556
2647
1253
6612
5947
745
1317
6918
8462
7649
6493
5772
4079
984
2478
427
1783
7577
1702
1009
2660
8376
7587
8840
8833
3924
3928
3707
3875
8136
7944
6932
7445
4639
3417
3263
7698
45
2772
8642
5296
7728
5146
3804
4432
2268
8362
1352
659
8261
2935
3854
472
3816
8403
4391
2427
6276
1523
5161
8984
6856
4251
1676
8290
9004
4936
1580
5114
196
6073
5348
4703
8810
8633
6132
4801
6211
1225
1657
3895
2236
5588
4634
7195
615
5069
1531
9001
5312
4765
6367
1020
4066
7439
2835
6314
1135
6703
4081
6077
3251
1549
5810
4404
3256
1209
1013
954
7022
678
2819
6582
6863
7827
4886
1401
2288
1131
886
3357
3702
6892
5433
1721
1590
8879
7126
8977
498
6743
3081
6535
2780
7171
3028
626
7888
3307
8745
861
1449
2843
6178
1608
1187
2866
5264
1739
7299
2173
3913
5012
5926
1639
485
6739
7487
2617
3428
2793
1281
4342
4394
4088
2204
1777
4414
7619
2609
4920
1028
5427
7809
140
6162
4558
1248
5298
5538
5177
2052
5025
7502
4846
1453
6877
2766
8920
3113
4033
6562
2398
2531
881
2300
7189
6568
6744
4895
2504
2516
5825
4503
3649
1012
6148
4649
1652
2897
1246
2710
3845
3608
6650
4555
5527
2900
7792
5888
561
4638
4228
3714
328
4803
2596
5449
7204
1060
8482
3150
1482
4146
2775
2415
844
951
4528
6762
2581
1132
4458
3176
1722
3675
189
213
6116
6207
7099
6798
5222
8914
6985
2394
8157
4267
1184
1440
7211
5470
205
4666
4709
4310
2038
2786
6254
6446
2567
3235
6339
976
870
4761
3975
8910
2622
4515
4051
6571
5784
5269
3213
3773
483
1161
492
1812
872
3210
1320
6001
550
6552
7250
5558
6724
7245
5628
2207
7115
2982
5193
1380
2689
2507
1962
8484
1970
2912
5530
4865
1804
8689
2350
3152
4849
7894
4771
5464
1852
5315
5483
6279
1788
4984
1791
1006
258
4076
3795
4296
7831
2418
5729
3799
1799
4836
2798
6957
2686
2227
3434
1810
1
8979
2668
6643
1951
6383
3457
3140
5165
1077
2442
7228
964
5458
5139
5707
2985
778
8614
4207
4738
4084
5564
4101
2704
5053
5846
4168
1834
101
474
5718
1033
1041
3693
4614
880
3474
7347
3575
2959
6791
1997
7135
7826
1363
3207
2975
4139
1076
5689
6999
3016
1196
1073
741
2669
6565
1794
2146
731
6981
5080
8675
2815
1487
4636
2694
7820
2439
1433
1507
4885
1410
7492
2494
3889
8903
9
3584
1057
7817
507
5291
5834
5985
1554
2200
2624
990
1959
8499
1730
5008
1218
6977
5179
2248
4927
4861
6412
3093
3819
2284
2231
3882
6811
2325
8722
725
18
8268
2399
3857
4728
523
6440
991
3604
6641
2403
918
1388
3147
3134
2364
3068
1226
1204
2393
3042
2285
1186
3005
161
1080
2922
510
1063
2789
2633
2715
3177
1233
99
2215
167
1616
2074
1759
6927
1021
306
2642
704
4673
5619
2745
6628
2436
7055
3004
6154
3211
5236
5936
4659
965
4552
1556
4612
4676
5637
4954
4640
5342
5302
4662
4333
4977
4727
5463
2366
3420
1771
1839
5478
899
3006
1287
3034
1055
1894
47
3296
4627
923
2493
4304
4519
2572
8169
278
2676
667
2976
422
3868
6777
162
5791
963
3402
314
5413
2990
1844
5226
4524
2295
405
7892
2465
1404
2149
3163
5265
5364
429
3349
373
3456
7897
8574
2404
1329
7380
8131
2600
1295
2448
558
324
3408
6721
8410
1040
5655
6243
2429
8507
1499
2937
2570
5329
7293
6458
305
7034
2182
3071
1972
2331
3157
912
7979
1330
3086
2154
3394
531
2674
2858
4716
2966
8854
4155
95
5569
5662
2634
1085
5857
332
1941
2577
2799
6114
1359
5568
1480
8039
2628
2128
8044
3292
7415
2039
2327
2043
1581
5677
603
5843
2155
132
499
1438
3051
3194
8451
6123
1022
2986
5352
5319
2342
5254
8853
2839
5703
1827
2630
1535
4947
3996
8194
5182
4153
6242
6186
3218
1900
547
1123
4226
3268
4427
3285
270
135
6803
5199
3262
4888
4643
3784
5375
3159
3892
929
2880
6731
3964
2130
2583
5534
2335
2362
5787
201
4511
885
3370
2318
617
6974
3503
1095
1990
3715
6100
1631
5828
7139
4814
4632
2496
2026
5210
7840
1689
282
2094
818
7090
7180
4371
4454
4751
6539
5297
1427
1931
720
3871
1841
5
4254
1929
4859
1934
3008
288
3197
