item_recommendation
8447
25737
8571
7872
8327
8093
7541
7697
7613
8360
7914
7636
7669
7560
8385
7437
8253
980
8225
8070
8117
8056
8033
8522
7738
8420
953
6748
7407
8751
7802
7753
955
8008
8290
8661
966
8003
6365
3368
3232
7938
3869
5611
960
5264
8167
4584
7782
5159
5909
4873
8961
8183
7478
232
1523
1046
8654
2062
7186
6559
7649
8684
2959
6920
7705
7293
1024
8154
2374
8670
4391
5489
7234
5017
2745
8879
7728
954
695
733
6826
8477
2659
775
7394
5473
5117
6579
6892
4414
6143
6609
5008
1562
6636
4121
8709
8998
1744
266
4658
8235
526
8859
994
48
6550
5597
8410
285
8604
6521
6195
8743
2212
4821
7299
6318
912
1352
6728
1003
3281
8665
3845
8819
745
522
2227
7263
4941
957
1767
7481
6918
840
4686
7932
321
647
969
3213
3804
45
4162
5012
5723
3324
8761
2897
6850
3188
4984
8589
3235
6091
970
2605
3668
9018
8596
2173
984
7786
5210
485
1676
4577
4437
6116
3420
6355
1844
1816
2860
5729
5134
129
1288
6927
4368
4901
976
3596
8499
881
6562
6832
7976
6254
6981
8899
8403
6039
6739
1513
2467
3632
4696
6669
2340
4830
1907
6624
5164
858
6658
8453
2780
8745
8207
731
6322
4920
7619
5296
2241
6630
7121
2288
6276
8511
6535
7204
7817
4304
1281
7195
8984
3816
2935
1437
3417
4846
626
2396
4782
741
4936
5815
7022
3268
263
7831
4262
4079
4188
6724
5498
1590
1209
1057
8376
8136
951
4897
5329
2772
6148
7748
4761
6242
472
8187
5568
6314
3127
8131
7038
1507
5410
535
8977
189
2415
2407
5558
6791
888
4801
6178
6970
1531
3296
3875
5151
6676
6000
5515
6207
5980
4809
5765
7099
3854
2310
8462
5458
3320
4417
5033
1870
7130
7272
5470
5809
4228
4432
8827
100
6056
2366
6612
2004
4171
6568
1060
7888
7484
4246
2496
4550
1569
7577
2799
4795
4923
3428
3702
6643
5936
3292
8633
8239
1476
1019
4081
990
4366
7820
2660
6230
5080
5471
6493
5248
2154
5926
6440
4666
3207
5440
4427
8772
828
7881
7944
3263
8840
3928
6932
8833
3924
7698
3707
7445
7587
4639
6957
1812
6140
5585
7016
659
2346
6498
7245
5569
2236
8854
5803
6650
7789
5850
6703
8689
4076
1006
8848
3819
7792
1042
4404
1771
880
3882
1145
1047
4166
6404
720
7034
656
9004
5618
5530
3795
1535
8810
6695
8482
407
8777
4731
5378
964
6743
5588
3093
6243
6294
6999
1777
5198
1438
4987
1711
3508
6383
8642
7135
4394
4316
6760
3113
6390
9001
8927
4600
2038
8491
196
7171
981
3351
7990
3598
3696
705
4019
3118
2100
3506
4638
7160
735
5952
7840
8650
3680
6856
7126
3714
2779
3799
971
3218
2442
7380
7818
7107
101
1021
427
1295
7444
4605
7189
2609
7809
8392
3033
4135
963
6840
6021
7878
4765
3307
6762
3251
7487
6686
6367
6816
2669
288
6502
5971
5923
5534
1004
7757
5433
6751
678
753
5641
6012
3783
31
3604
1624
7316
7415
2617
6123
2647
6536
1516
8864
8700
2798
961
5834
4251
5839
996
2775
1135
986
725
2248
1515
4407
6731
6662
6803
1016
6565
6084
916
7211
3996
5947
1253
1639
7439
6811
6077
8730
6942
8910
4101
3901
6591
870
7894
5021
5165
2394
1336
6132
1131
3152
3534
7759
474
1236
2709
7055
5810
3157
8044
1132
8039
2427
2437
2418
6721
4861
5795
4033
7995
1020
5214
5825
8979
2981
8507
4144
8169
5812
6290
4885
2318
6162
4840
3587
7222
8009
3377
1187
2516
5985
9010
8699
1552
2409
5312
7720
6260
8575
8892
5226
1125
5752
1831
2243
1013
6777
6615
6966
6885
8191
4738
1173
4290
5438
2622
6348
5241
4849
492
7090
3086
4592
6027
4555
8807
3540
5168
3608
5229
5888
2752
6582
8362
2268
724
3649
6329
5832
2436
861
6863
7827
5965
4886
3431
328
7583
2478
8857
3456
4842
8640
1193
7502
1026
2367
5859
2583
4603
1631
6395
5046
6906
2912
3199
5782
4066
1317
4255
2621
8920
93
144
6974
3176
4177
4375
7340
7979
5186
714
844
962
965
5449
3256
6183
4895
4945
6977
5193
7584
3997
1824
5801
7566
3133
7958
4161
7843
7844
6283
6617
7355
6185
7706
1114
4722
4893
6641
6415
5693
8908
4811
7044
2941
4292
8948
8950
3492
4692
4020
5900
8526
6370
7845
7036
2404
2433
1472
8643
5857
5
1029
7096
5387
2003
7089
8451
4024
2982
1665
2686
5873
3964
1120
6880
3752
2581
6339
3575
527
4649
6279
2398
8923
8914
1367
6509
3163
2380
5772
2956
8609
2331
915
7147
7841
274
597
3160
2689
8388
5071
7381
7897
785
8228
997
7311
2925
4632
839
5478
6659
16
8620
3920
786
1100
5146
7254
8614
7068
4963
6944
5141
7456
3028
4051
1931
2741
2801
3655
4108
5523
4462
1031
2344
4086
3863
6516
5599
2950
3024
2769
6877
3457
1030
5819
7303
7056
3522
2531
5703
3947
6446
3129
1111
1517
6223
2458
2338
1794
205
7354
2368
619
5945
2434
7155
8612
5097
3761
8831
5787
4238
3344
6566
8799
8712
5840
3479
8133
5122
8525
3615
3639
3370
832
5628
3427
4927
3210
1702
5605
5899
4814
5968
7624
2819
737
575
5400
1810
5303
1834
2128
387
5745
3751
4727
8530
2402
6985
7250
5319
8636
5452
1819
7115
4552
8865
1329
3769
6433
6757
6706
3194
6103
2401
6690
6718
2186
6552
2506
4925
6684
1375
2490
1032
5291
4952
4451
6042
5161
5114
76
793
2631
6121
6513
4706
8583
1161
7325
8722
3805
8607
1733
1224
6157
5570
3895
5619
2900
8903
696
6940
3394
8667
1419
5170
7347
4614
2275
4296
6001
5053
1394
2793
2687
3438
3150
6807
6786
8574
7892
6051
7228
8600
1652
401
8795
5127
2159
5065
8783
6073
7059
6996
4812
4324
3402
300
5562
5955
2457
2069
5600
4701
521
2385
