item_recommendation
25737
8093
7872
8571
8447
8327
7541
7697
980
7437
7613
8360
7560
7636
8070
7914
8385
8253
7669
3869
1523
8117
4391
8225
8420
5017
3368
5909
955
775
8522
232
8056
8033
7478
2062
1046
953
695
8477
7394
7782
2212
960
8661
285
6365
7738
472
6728
966
7802
1744
2374
3281
48
7407
4941
2860
8751
1024
7753
7938
266
7186
3232
1003
526
6091
4414
745
129
8961
8290
8008
5611
2659
4121
2340
5723
1352
8403
7649
1590
100
6579
969
4584
5473
7234
6892
8654
6748
3235
733
8670
5159
8819
5489
6143
8154
970
45
6355
8745
3420
6920
4658
1816
4417
6242
321
5012
8859
6826
4262
8709
5264
4873
5033
8743
1907
7728
954
407
6521
8167
8235
5296
741
840
1844
1562
1513
858
6559
1288
6195
5164
3127
6743
888
5329
4696
881
3845
4821
6550
1281
984
3324
6568
7705
5558
8761
6318
8003
7299
522
951
8183
4079
6116
6440
5410
4782
6535
4437
2288
912
1057
994
8899
1569
957
3188
5597
647
8684
2531
5134
1295
1794
1006
7107
3804
6636
4686
8879
3871
1060
535
4901
8665
731
2241
3213
7976
4987
8998
4605
6624
7263
7786
4366
3113
7245
4830
3632
5008
1145
5515
7481
3668
8410
4923
5980
5433
1767
8854
8187
4936
1125
8589
427
4162
6207
990
986
1013
6832
6612
2605
7817
8499
7099
981
5936
626
3996
996
735
976
1187
2415
2780
263
8376
6850
3854
5117
6970
6390
6132
2227
6562
3210
189
7487
4638
6724
5815
964
725
485
3604
8136
3816
3875
3456
8596
5926
4171
9018
1437
8633
523
4432
7990
1531
1515
4577
4600
31
7293
4086
6314
4290
4228
659
6739
6630
2173
4550
196
527
2935
4809
2038
8131
2437
7748
1472
8977
861
1771
961
3417
5210
5
4033
7272
1507
8604
7380
5839
6000
2236
1676
2609
870
3534
4801
1004
7135
2496
7016
1030
1777
8462
1021
7038
15
2660
7619
1639
1525
4332
720
8453
8207
4404
3587
1012
1824
1812
3707
7698
7445
3924
4639
8833
7944
3263
3928
8840
7587
6932
6757
6254
2772
1516
1870
5971
5968
4316
8044
6077
828
7720
101
9004
6791
5530
7211
3377
8482
5588
5198
7311
1393
7831
6658
2003
2300
1839
7888
6609
6322
2647
6918
8984
1047
4984
7415
6957
2186
4706
4920
1209
7881
8689
6641
1331
8642
4427
9001
328
963
4251
1476
880
4389
5009
1624
3238
8614
4911
6498
2154
3882
474
7089
7789
6383
5801
7826
6880
5021
5600
4731
6762
5765
3964
5291
5693
3033
2798
3799
6977
2669
3176
2686
6183
7195
5810
1053
7577
5832
3997
7584
6276
2937
3522
1041
8009
2912
7566
8526
4292
8908
8950
6370
3492
7845
4811
8948
5900
6415
4692
4020
7044
2941
6348
3157
5834
4844
5378
140
6760
3351
8507
4761
6404
2504
2617
6974
6643
4135
6178
7316
3752
6123
3702
7160
3307
3649
5715
5825
5857
2769
2959
4188
3370
6591
3751
7126
2248
5440
1132
7809
3251
3795
3487
7818
3399
7894
886
6669
3575
3714
5662
4846
6676
5527
1336
916
3819
1020
2793
7189
7936
7932
4555
4051
1111
5458
8848
8910
5226
724
6021
5585
1026
7995
1581
4666
1042
4748
454
656
2688
2506
6243
3207
3895
4632
2533
5498
1131
5177
3357
2497
4511
6516
6493
4814
8772
6502
4076
2366
7979
6395
839
6186
3563
5193
5888
2981
7444
4795
7254
1380
3693
2689
6964
915
6073
4740
6777
4246
8864
1394
6744
6751
5236
6798
3086
844
2490
2741
1686
6536
2829
4721
1580
6893
8920
4787
6981
4933
2352
3920
5449
2418
6885
3508
4895
5241
314
8039
7840
1726
2799
5940
7484
1702
4528
4081
3675
1438
6294
6650
3503
5186
7096
2478
2442
1517
965
3268
6140
4349
288
1016
550
5312
5165
2775
4524
1009
5161
1657
1032
6999
7011
4727
8511
6056
3805
3763
5080
6329
7147
5352
8927
5873
8695
2752
2513
1739
8827
3024
144
6996
7059
3428
2516
7759
4375
2149
9010
6162
2468
2622
4084
3354
4394
1017
5952
401
7090
3218
93
6985
8268
1429
7130
1799
8575
3540
5633
1647
5882
6811
8914
2839
5303
6298
6776
2004
1120
1582
5146
2159
3216
8530
4663
4552
4649
2473
892
737
3194
4101
8228
205
5548
5850
6940
4255
872
8620
1292
1652
8699
492
8979
1508
7502
2709
5729
1500
5618
8777
885
3947
5703
3199
5127
4645
3560
6966
1040
998
2394
2710
3388
4709
6856
7208
7142
3093
521
1028
5222
8781
7366
3584
4612
2730
6840
4592
1810
6896
3608
6154
7624
1549
7878
2371
16
2279
3908
1970
4861
2897
7439
1367
1317
6509
2331
869
5568
7228
1161
520
5619
3387
1819
5470
3975
6703
3951
2407
1831
7055
5917
4235
7583
423
4124
714
3913
8574
785
4108
7121
244
3028
5179
6662
4342
6223
1135
3160
8191
1419
1631
2396
3256
8857
2621
866
2197
4738
3163
1224
4420
1330
5114
7282
7792
8491
7171
4166
4399
218
3977
4223
7204
651
2900
34
5965
2779
832
2385
1173
1078
2687
3402
1876
7456
4765
6902
1973
5420
4659
7841
6260
3284
4634
6100
5387
1663
422
7381
3292
2231
1059
3475
3116
5319
8643
6803
7000
2082
6686
6690
3430
2801
8583
597
793
1329
5288
3889
3676
1433
4603
988
5427
802
2792
1734
5772
6565
5752
4954
6339
943
1019
6659
5734
1022
3655
2517
5483
4321
6539
4454
5297
4371
4751
135
5989
1996
5400
4636
1826
2727
7022
743
4849
6148
4407
2195
3081
8700
274
1572
5609
1287
2982
6234
5828
2052
893
2906
3504
2976
1834
5302
5637
5463
4640
4676
5342
4662
4333
4977
962
1640
1193
2438
2458
3379
1821
7056
3296
4347
746
4627
6772
3723
2283
4728
4673
719
2642
726
678
8404
5569
4925
4177
1941
3285
4519
276
5809
5364
5265
5365
6279
6513
561
1497
968
