item_recommendation
25737
8093
7872
7541
8327
7613
7914
8571
8360
7697
775
8070
8056
8447
7738
7669
731
980
8117
8225
8290
8183
5264
828
526
966
960
953
2686
7636
976
8684
955
7753
7802
872
8235
793
2212
8154
8385
7394
7437
7782
718
1652
1744
2506
7720
816
1003
984
8661
7407
8879
6365
4920
1816
8410
888
7560
8522
647
778
8253
741
8477
2605
7293
1040
7728
2935
4550
1812
285
858
733
4584
626
8420
266
4649
485
531
2437
745
8977
8033
8761
912
8819
48
3632
1696
5538
1523
419
1111
6091
4458
1513
4366
951
2786
695
8008
1639
196
986
9018
4731
8167
1739
7282
2159
2173
7583
7121
4577
2521
2668
3155
2092
6348
4821
1020
401
8751
1057
2655
996
2761
1024
954
2241
915
2062
1686
1777
8003
969
1317
2227
2340
5159
2832
970
870
2374
3235
7649
3895
720
8499
4782
2504
45
818
7228
1042
2439
893
785
5117
8961
5980
7757
8654
1046
5498
1286
945
6579
7938
7817
8777
2427
2398
6977
5296
1907
1449
8699
5008
2798
327
5410
360
7762
5597
8927
472
2204
1013
1030
1909
8670
7748
2959
1916
4188
4703
535
6000
2431
8864
522
824
1970
2772
1657
7478
328
3869
1641
725
1721
6195
8604
8403
685
6892
7976
4262
189
724
1660
3655
1193
1875
7186
1507
3608
7759
3368
6703
84
769
1281
8998
6624
4440
746
4638
7234
2155
348
6440
7990
1380
5473
527
750
1982
1608
1676
129
947
374
7316
7840
1006
844
2046
728
4326
6207
832
3420
4437
866
4885
916
4391
3051
1518
5527
4177
7020
721
1647
205
2745
2396
3675
1078
4121
4632
8745
4290
4603
15
2154
5926
3197
308
5069
8511
4809
4658
1363
599
8169
1624
6850
7245
8910
3804
7619
4515
8392
4375
474
678
707
4673
8239
9010
3232
3863
8228
1019
671
881
880
1429
4332
8612
5787
8609
8620
8525
8133
3479
3615
8712
3639
3761
8799
6566
5097
4238
8831
5122
2434
3344
5840
7155
5372
4936
6178
6509
2205
4166
5909
6856
8709
8859
2812
2860
101
2731
2330
4161
1288
2622
2710
6728
6999
994
1022
5611
1807
4634
6073
5087
2344
7171
8388
4654
2021
2755
1114
2128
4674
4664
532
4655
4823
4282
1151
4516
5043
5315
3520
5047
830
5092
5501
5540
5556
5539
5638
4214
1148
659
8596
1016
3190
7195
247
780
6521
278
94
2052
4709
5414
8207
243
1103
742
2197
1859
2105
6390
2687
4600
627
2704
2624
7222
7254
6140
2801
8667
924
1701
840
761
8848
802
1497
3751
6630
2288
7932
2763
764
6450
5834
1627
5772
5046
1433
4162
3668
5210
1939
1066
1822
2468
241
2248
3478
1833
1799
1453
2236
7484
3125
2659
3953
957
2699
41
1661
3885
5017
1053
3343
1061
3891
3692
2102
3682
8865
2802
1866
4984
4837
8044
1767
2897
782
4143
4528
2370
3360
8191
1562
8772
1504
5723
1026
2764
2399
5839
4432
339
3188
5936
1125
2937
753
7135
372
1848
8722
1783
6768
1516
1771
8783
1941
1531
1707
4447
7107
2496
8451
869
801
1625
3150
3424
2433
4543
2526
5226
1251
2769
930
2738
4414
1844
12
201
2583
2982
1582
875
5127
8807
1021
1085
4076
885
232
1240
2925
1010
8387
1750
1959
3296
900
2366
1590
2546
608
3816
219
1804
950
6658
1482
3060
2866
835
3431
2540
321
6536
6436
1367
2028
1004
1997
4394
5809
7386
2633
79
965
7099
3081
3913
6591
6791
2922
3042
2596
1759
2789
3068
6985
704
1028
3916
2478
263
1226
3005
1388
2364
2393
2285
161
1063
1233
1204
2715
2403
167
3134
3211
1515
2215
99
918
3147
1186
510
2074
1616
2766
3177
1080
162
1292
4873
306
1472
7130
848
1333
1870
1135
2752
964
956
861
3408
427
1009
1876
1873
3127
5699
2180
1730
3306
521
507
798
4814
382
1029
4564
140
1951
7831
5684
8643
5641
4462
1218
2519
5282
105
3281
2348
8261
2365
1184
6107
2892
3593
735
2775
1852
2688
5662
1145
26
2858
5319
2709
5534
371
4572
5285
5734
990
2429
2674
3500
1526
3857
8810
4802
2971
2262
211
1081
8616
8482
2130
144
934
2815
6404
5888
3071
1972
8695
2793
5218
2753
375
2325
2956
2835
7011
4605
2082
476
910
3427
810
4878
2193
1105
7078
1209
6493
1131
2600
141
2634
4489
2669
7204
585
6609
6906
3214
6405
6800
1917
7878
2975
2120
3294
1128
2284
743
6422
3006
8633
6254
34
1007
6885
3176
2900
719
6669
567
1104
2817
1726
2443
16
8636
1788
6322
2091
2407
2733
4024
1352
28
1929
547
6143
1301
982
146
8524
2809
5470
829
879
2946
1841
7705
1688
5729
2031
5588
837
8730
1633
2014
726
1640
5440
906
8743
1130
4181
2780
4740
6920
8491
1689
1437
6676
1419
2442
656
6458
2043
2727
2026
2827
901
6643
3207
7381
8665
711
4925
5833
5164
61
6927
1183
1860
7380
7481
1962
2453
47
2800
8136
1132
1991
6748
8376
765
2039
2986
1196
575
6918
2983
2582
7311
8187
3875
1500
3534
5558
407
6498
6970
2976
1253
1272
3996
1702
2422
5433
1612
2146
6077
7415
3743
2548
3041
8607
1517
2981
6739
6550
786
3428
482
7566
7487
6840
6114
7272
2282
253
95
131
3016
2300
295
839
228
6380
5458
2990
633
5832
5065
5107
422
3518
3048
5782
7450
7075
7122
7265
6477
7307
6315
7835
8948
8526
4292
1824
5900
6568
6370
8950
7584
4811
7845
8908
4020
5693
6641
4692
3492
6415
6762
2941
7044
3997
2178
5801
1231
5291
1699
864
938
589
1925
4696
6186
2494
7208
5857
2843
500
3417
3438
2327
6880
3129
1228
3292
3752
3140
2135
1556
536
7189
3004
499
8009
8781
324
5971
8263
24
2497
3044
2385
6547
4686
2966
2953
