item_recommendation
25737
7872
7541
8571
8327
7697
8093
7613
8360
775
8117
8183
7914
8447
8225
980
7669
1003
8290
7560
7437
7782
8033
1513
8403
8253
8154
5515
731
7636
5159
741
626
733
8743
984
7478
1515
960
8070
5723
7728
8899
5264
8003
8661
6073
8207
5008
8596
4550
976
8420
1507
7938
1523
858
8772
8056
3232
8879
8859
8522
5410
745
2686
1812
1744
2659
6154
8410
6091
8499
5765
6970
1777
7649
2227
3235
3324
5742
7407
4731
986
4821
1046
7802
1907
6178
5729
5186
6918
8777
4584
5597
7234
955
6579
8376
4366
8136
5662
6902
3368
2769
4076
724
695
6260
1053
7878
4437
3875
1870
4740
8636
5312
4649
1288
951
969
3188
2780
266
735
8998
828
4941
8684
526
5198
1816
2605
48
5288
953
1624
1042
912
5715
2937
8699
5853
1006
129
2668
5768
720
1317
5675
3816
9012
990
7293
7245
915
8235
401
8591
232
7753
7738
8580
964
2300
6195
8477
2688
4638
535
954
3655
8961
5772
4795
2772
2798
6355
4658
1771
8761
6294
2982
4600
1040
285
870
1021
1020
5177
2687
888
1209
6121
725
6826
1831
6728
864
1057
4440
2801
6314
1739
2288
6365
869
8709
885
5980
966
719
2935
4984
7254
5611
2186
3377
8385
8848
7186
4577
746
4809
3751
1004
7619
1819
6751
2496
1060
6404
5038
6493
7204
101
2799
4801
4765
3417
7831
6630
1437
3093
893
875
5689
1767
880
4782
4262
2212
5666
8665
2173
4873
6760
5275
4162
2647
2241
2385
1030
1132
7786
2815
7171
981
189
968
3292
5752
2340
5655
947
2062
4188
3668
659
3428
963
4911
872
7720
5834
750
8589
1026
4923
4830
3489
2407
965
2546
485
647
5936
8807
2236
1508
5139
1582
4316
8720
8629
4153
8261
5282
798
6509
5365
5254
1562
5839
6835
6513
2318
7757
5815
8654
970
994
1187
2415
8633
748
718
5117
5787
998
5134
3125
8910
3334
6718
3702
7809
6559
6318
3608
6436
5699
4079
961
7260
3281
5398
8607
5909
886
4241
2347
6985
5498
7771
3936
2976
5053
6547
3632
7888
2504
2709
2912
8722
8977
793
1013
3408
45
816
1024
4861
1472
3307
7263
5210
6207
1525
6422
4462
7881
3127
1010
6803
2696
8462
8239
656
2897
5443
5968
4246
2956
5641
4936
1688
4727
5808
8927
8451
802
1147
472
6408
2120
5710
8524
6676
1581
1876
2155
753
1580
8943
6498
3081
205
218
9001
7976
6612
1037
2892
3194
7583
3238
5440
5161
2396
6684
2829
8142
4016
4171
6932
1125
7282
7587
7944
8833
8840
4639
8920
2183
474
1497
1047
2374
4696
8542
3924
3263
7445
7698
3928
3707
2660
8228
6774
2741
1135
419
1531
1721
2473
8642
5732
2082
1429
4920
5795
3051
2770
8147
8387
1367
2669
8768
2513
5473
5055
2440
5556
7038
4404
1608
5363
105
742
5470
6609
3795
2442
5323
2651
2735
6341
5489
8609
5466
1834
5285
8620
6530
5672
2366
2521
2398
5588
2761
4897
6768
2617
2154
7316
5033
4976
8865
743
6225
6636
1104
9010
4414
6390
1750
6211
1008
1517
1059
531
5625
3456
4761
916
6800
938
3575
1352
8167
2981
2427
8689
5684
16
4177
1017
4101
3584
7394
2983
2582
1161
3869
7272
4251
2925
7419
786
881
7919
1012
1690
1852
3758
4228
4401
6035
6395
6440
2689
3604
3759
2159
1783
5462
8882
2344
8903
2478
5735
7078
3889
1032
1501
8819
4878
3218
4312
973
3173
8864
6148
1696
6103
7894
2368
4432
1657
8275
3359
2548
4632
8392
9004
6243
4263
1980
7705
6047
1192
6706
4375
3113
1676
2500
785
5170
4603
5940
4901
8169
6464
6896
1078
934
1500
4161
1844
4718
6375
3819
5572
1652
6322
1019
3284
999
1173
765
2433
1111
3863
3587
937
6286
1346
2802
3402
5193
8123
4349
726
2786
3500
7822
866
4686
5243
8640
1504
2581
1225
8388
8838
6331
5585
5836
840
5097
3639
8799
7155
6566
8525
8612
4238
3344
4895
5400
2727
3854
8914
4420
4680
3761
5122
3615
5840
2434
962
8835
2752
196
4247
1476
3479
8831
8712
8133
7357
5696
3805
7198
2009
1145
1394
2835
844
7346
6963
2248
6000
6744
8604
3714
861
7932
2383
7235
5686
5577
5373
7791
5517
5810
4980
7309
4929
6887
5693
7502
5401
5003
5056
5034
5736
7702
7017
6060
7153
5847
6432
6852
7063
6851
1617
2184
6645
4300
3497
8966
5678
5680
7947
5670
3207
4450
2506
3611
4477
5826
4104
6732
3957
3654
6105
5746
6754
8921
5685
8828
8949
865
8985
8582
8785
5700
5796
5690
8672
8366
5004
5001
5667
2004
8371
8610
8197
2699
4889
4832
3491
6342
4677
2640
6584
2775
3499
3825
8158
8130
4994
5002
8872
1702
3851
6885
1014
2441
7012
4987
3024
2118
2793
3251
8187
5553
8955
6624
5888
3649
4095
4833
5375
2404
2534
8670
4834
879
4290
2832
498
8423
8372
6658
8138
7577
4428
728
2439
8667
527
5346
7126
6143
461
7208
3199
1631
5538
4999
2342
6470
2600
1612
3900
7748
4045
3256
5449
8008
1836
3445
988
3210
3522
2827
761
1281
4380
2481
3880
5352
4051
3086
1822
3241
492
1873
2966
721
3268
5114
4837
6678
4326
2078
1301
3438
1569
337
575
3096
4427
3804
5291
3388
892
2197
3656
1970
4105
5203
3357
956
6232
1639
6827
1951
4532
4024
2494
2570
3354
7299
778
7995
8638
2654
3427
3596
3028
5202
2202
835
1193
3338
3431
7792
1011
8157
2467
9018
3140
3213
1363
4885
5085
2572
1016
5356
4736
2418
15
833
6279
1502
6533
1438
4967
2583
957
2134
4511
1331
2993
1794
2046
2900
3882
6077
3155
2596
2975
1518
3150
2866
4033
6550
263
5419
6039
2633
2766
2545
3452
3478
3387
4933
2352
5458
7492
2399
5315
5065
2609
3495
6521
1660
7979
5825
4691
2674
5433
274
8574
2428
6296
