item_recommendation
25737
7872
8571
7541
8327
8093
8447
7697
8360
7613
8117
7914
980
7669
8225
8183
8253
7437
775
7560
8070
8033
8420
7636
7782
8522
8290
4658
1003
6318
8403
8154
3232
7802
8661
8056
8207
8743
5159
7478
7938
8477
1744
6322
1513
4162
5264
7407
1523
8385
4901
8859
5515
8879
7649
8003
984
5134
960
5723
2659
3368
733
8899
7728
1907
955
8235
731
858
3281
7234
6091
4821
626
5410
6579
6195
4941
1816
5597
976
6970
1046
741
1562
745
8410
3324
7738
8596
6073
695
7753
5008
1288
4366
8684
8761
8961
953
8709
5765
526
2212
2686
1515
6365
3235
5909
1777
5980
6918
4437
8499
7186
1507
1812
266
4584
8998
6154
6294
129
2227
6728
6178
7293
8376
6355
970
8136
285
1767
5729
4188
969
2062
232
4600
8772
4550
4809
6826
5772
1024
8654
401
1060
951
5611
5489
3875
2935
5198
48
8777
8589
4262
1437
647
3816
3188
986
4731
2340
2236
8665
966
5662
2605
1006
6559
7245
1209
2780
2442
4873
990
1476
8633
954
2374
3093
7786
2173
7976
2668
5177
7619
45
6314
735
4782
888
7809
8819
8261
4577
4076
6630
5742
3417
2396
828
1870
3668
8699
1739
535
840
1020
2300
8167
8977
6609
964
2772
1042
1771
7878
6902
2937
957
5312
3377
1702
4079
5033
880
7204
5473
724
7831
4911
7881
3869
3127
2769
994
7394
4740
7263
6636
1053
4984
3268
2647
8670
1317
981
1531
2798
4696
3632
659
4638
5117
1004
3292
4171
8848
912
3608
8187
4801
5186
7888
1187
189
3428
2669
1624
4936
8910
2415
3213
1057
4923
4830
8462
4765
1580
3587
7705
2496
1125
101
2687
798
7038
5787
2241
870
4432
6658
915
1472
6404
5470
2912
656
5936
2982
4920
472
1021
5834
6612
2793
2288
3351
8451
6509
1831
8927
5588
8636
8008
4795
4246
6493
725
4761
8722
8604
869
6260
2660
6932
1281
5715
963
1676
2981
720
4251
6624
4639
7445
3707
3263
3924
3928
7698
522
7587
8840
8833
7944
6211
5296
5210
3702
1145
8629
5689
8689
2581
7272
885
2617
4404
2761
3307
7254
8642
2186
7282
474
6395
7748
2799
8920
7932
1352
8239
7299
1013
8751
2688
3751
3081
5839
965
2159
9001
3819
8580
4414
5288
6207
7757
6390
861
8228
6760
5193
2975
2897
485
6751
3256
1639
1040
2407
3238
2504
7720
746
4649
4316
5530
1569
4391
1120
1696
9004
1721
872
8914
881
9018
6077
3113
6143
5815
1012
2398
263
1026
7577
5853
2801
5675
718
2427
5655
5038
8620
5768
1819
5161
1783
9012
8591
2366
205
998
196
3051
6276
4861
5585
3854
4153
2478
2815
7316
7171
8807
1608
1834
7583
5433
5017
6440
6850
3795
1132
8864
4121
5114
3456
8157
3210
8903
3334
3427
6148
934
2786
7487
5254
7502
3489
5139
1844
1225
3028
7995
7789
6121
6676
5398
5666
4727
5810
6000
4440
7894
886
3604
3714
4033
1030
1525
3296
2385
6718
6748
8392
2546
2344
2835
7126
218
2318
5291
4086
5825
5440
1652
6140
6744
6550
3251
6803
5413
785
2155
527
962
844
7817
8609
7260
5641
893
3207
4895
5365
6230
3908
5926
9010
6521
4632
2609
3936
4241
3408
3882
2004
916
5282
5556
3420
3150
5699
1581
8169
1970
6436
6547
4375
2959
4427
7107
6498
6408
8607
875
864
2860
8387
5808
2154
3996
1047
1111
6290
1641
5693
2347
2741
6985
961
5968
2418
2521
1135
4177
6132
1429
816
8453
2752
1590
6920
5449
996
6243
93
3804
1657
2404
6568
1852
8039
938
7228
5443
7492
4228
1582
3218
947
2775
1367
6835
492
4161
5498
3584
5888
8482
839
7792
8865
8943
6892
4304
1059
4108
7979
1019
2689
3575
2956
7121
2621
1959
3354
8388
1876
4051
3199
3863
5352
321
6885
1363
3194
4987
1104
4420
2709
7099
4603
2976
2766
6513
7990
2439
4686
6279
4290
1508
8799
8525
2434
5840
8612
3639
3344
7155
3615
6566
5122
3761
5097
4238
968
2120
3298
7771
2368
1794
8133
8712
3479
8831
2248
1517
2829
2082
16
6591
719
8574
6684
5053
3540
4945
2696
1161
3522
5784
5269
1497
750
4846
5226
6242
1688
3845
5952
4897
3799
3655
2513
8147
4417
15
144
2394
1330
498
2633
2506
2433
3157
1015
2494
3176
8542
1066
8720
1951
427
6774
2832
2078
685
407
2866
1147
6422
1631
748
5182
5165
8142
6047
2966
4885
2745
5387
2204
3693
1997
7444
2699
2892
4024
726
2622
8675
2925
1041
8827
4462
2583
6446
6116
879
8695
742
8524
5752
1750
8984
327
105
2038
7101
1017
3125
1037
4394
3602
5795
6703
5065
1394
8268
2399
7078
1032
1438
753
2843
3431
2548
2596
3387
8121
1980
4101
2802
1295
1063
2342
2582
2983
3086
2676
5569
3160
6706
6223
1556
1331
2327
793
6530
8768
6739
1759
7484
8667
786
3805
5275
1196
4088
3889
3438
1233
2600
2922
2393
2285
3005
2789
1388
2183
2364
161
2516
2403
1204
1080
167
2715
3042
1226
510
2215
3068
99
2074
3177
3134
918
3147
1186
1616
704
2473
5707
306
5202
6056
2284
2325
2730
5568
7415
5021
7011
4680
2440
7250
1612
8511
162
1824
4837
1730
5427
2770
2350
5012
6536
6383
2570
6464
1184
5558
2422
1516
743
6375
5703
76
3140
5832
3649
8336
2900
2335
5534
6832
3031
3759
1010
4605
8044
1788
2727
3402
7055
2231
7135
1193
2046
507
4016
4612
1529
4255
7036
1500
1690
971
6977
3211
1218
207
4349
7208
5164
2043
6051
1916
1479
6690
4166
7481
2437
274
213
7919
4844
3860
7211
6186
4511
988
2533
8491
6341
2567
8614
2674
3152
2507
6039
2827
4666
3370
1078
7380
2207
4284
4273
7130
1016
1873
1726
5625
5850
2577
5170
1504
5055
100
3006
1841
5710
2634
8882
1085
2352
4933
4878
7340
802
