item_recommendation
25737
7872
8571
7541
8093
8327
8360
7613
7697
8117
7914
980
8447
8183
8225
8253
1523
7669
775
7560
7437
8033
3232
8070
8290
7636
7782
1744
8207
1003
1513
5515
8420
5159
3235
8522
7478
7802
1907
984
8661
2659
8477
8154
741
8056
733
8743
5765
8403
7938
3368
5410
731
8859
3324
626
960
858
8899
2686
1562
6970
1812
1046
8003
976
1816
7649
745
5264
6073
955
695
1515
888
8879
7728
2227
6195
4584
5008
5723
6579
6154
401
8596
7407
1507
4821
1288
129
4550
8410
1777
7234
5597
953
2300
8385
2605
951
5198
986
8499
285
2062
8684
4437
3816
6091
232
4262
7738
48
4731
4366
6355
5312
526
3188
3281
6178
5909
8235
8772
7245
647
4658
8709
990
3604
266
1831
2769
4795
8376
4600
885
8136
7753
4941
5729
4830
5772
8998
1053
5742
1767
1006
2772
6365
4316
1771
2212
3292
4577
6918
1870
966
4638
7186
970
8961
3875
2780
6728
4873
3210
4649
969
2937
4809
8761
8261
735
2935
994
4696
7809
6826
2668
2288
535
4246
1437
1060
1132
964
870
4076
6559
5186
981
4079
828
2340
5177
798
5611
8777
1739
472
5134
3587
2981
1317
5980
3377
2688
1281
4801
1580
1024
6318
2504
3508
2687
1472
1004
1624
724
3702
4911
2799
2496
1020
5662
2647
2912
4740
6211
3086
1057
8654
7878
3081
2236
2186
2798
8699
1209
6493
1145
6902
1352
2241
4782
3417
8819
5689
1696
8665
7881
2761
963
954
2966
5470
1013
5715
2982
2374
8636
7786
4290
3127
725
7293
912
4861
4162
45
2494
6314
1021
5489
3428
7932
6260
3238
1026
5033
656
4404
3522
2415
1525
8187
1042
3869
1187
6395
3668
659
840
6630
4349
1852
3996
881
1394
8722
7888
1721
869
1476
4923
3554
1111
880
5936
7831
2427
1135
886
7976
4171
4414
5288
6636
1844
8633
2248
2689
8848
7619
2159
6760
189
1794
1819
485
2173
5038
2385
3113
5787
720
718
3408
474
7282
3575
4765
4251
5254
2617
6751
6612
7038
5117
1040
8670
8167
5853
4284
3194
1125
5556
8462
2669
915
2793
4987
4936
1608
2786
3051
5161
1834
8604
1030
7272
5825
7394
101
1631
5768
5834
3489
5675
6932
4432
8591
5839
7263
1783
2829
2442
3420
3632
8589
3334
2660
3160
3751
205
4273
988
9012
4101
5666
6077
872
7445
3924
7587
7698
7944
3707
8840
8833
4639
3928
3263
7705
5398
3608
3093
8451
2478
7204
7254
5139
8977
957
2860
8927
6322
6294
8910
7260
2581
522
875
3649
1531
7995
2976
7299
8642
4440
6658
1582
4920
9001
5473
2396
2721
1017
4241
996
2546
1161
1331
3150
3402
5498
2815
6404
8807
196
3936
4228
1590
3819
6143
1639
6390
8903
2154
4051
5815
9018
1652
3354
5296
746
1225
3307
3357
5114
4030
3795
1788
3563
2318
4761
7979
6243
2521
8580
5588
5352
7577
9004
1120
2696
6408
2366
1479
2082
2752
5053
4380
7720
5269
5784
1951
4401
2835
961
8751
2570
864
4391
893
1047
7228
719
3759
3125
6148
4342
3388
8689
3218
5282
4153
8943
8008
8228
1980
2801
8920
2741
4645
6440
2440
5193
1363
2155
6624
938
4901
4727
4984
527
407
5443
6609
998
321
3456
1012
5641
8629
8607
5585
2467
1517
2004
6803
7789
4033
5346
8157
550
8914
1147
742
3199
6207
2956
4337
7171
2407
5365
5808
861
2513
1970
947
4191
263
1114
2897
4399
3804
3843
5968
2775
2609
7748
7492
4462
5210
2699
6835
3723
7894
5275
5433
3714
5810
1876
2766
1429
2465
1959
785
3854
3028
5655
6498
6676
1826
5791
1508
2596
5182
816
8675
7126
1497
4016
1690
2120
6985
4686
2866
4121
965
8542
2975
3213
3024
8620
2347
100
3268
6718
3173
4945
1657
2633
8524
748
3430
1688
1676
5375
793
3207
2342
4088
6547
6513
7502
1059
6051
7757
3338
1759
4632
1581
3521
1702
4680
1032
2439
2572
3805
2880
753
3140
5199
3159
2770
6279
1569
213
4420
5449
144
2078
3251
218
1031
3852
3882
2922
929
3784
4643
4888
3892
8239
2832
1997
3134
2325
6748
2789
3147
1233
5017
3358
786
1063
6509
3262
1204
3042
167
3005
161
7583
3177
1186
918
3068
2327
2399
4188
2639
1226
7101
306
4625
2283
726
274
5693
916
3845
750
492
2600
499
5699
3370
4045
2403
1037
510
2215
2285
1730
2715
3211
6132
1388
2393
2364
2418
704
8720
99
1616
2074
1080
4417
7316
5752
4319
4885
714
2473
2925
4511
7121
2350
2622
162
5672
6684
8827
1320
1184
6774
1196
5413
824
4895
2344
2507
8147
5055
498
327
8142
2207
2352
4933
2583
6436
6116
2985
1836
2796
2204
6850
934
2959
8864
6744
2779
4197
3880
743
2441
5850
6550
5323
3296
968
6568
5440
2231
3351
2404
16
6521
3889
962
2493
879
6140
5080
7792
1841
1131
5021
507
6121
8336
7771
1453
1104
2043
2506
6000
8482
6706
8453
9010
1218
3152
2621
7444
4748
844
6892
2533
6920
5888
1556
4263
2295
7099
2516
8392
4375
3252
3960
4268
4184
3991
3976
1293
4338
3450
4291
3547
4274
639
2983
2582
3359
7990
5218
7817
7107
2709
2497
1041
6422
1295
3626
8039
8609
1085
105
2146
2900
2674
8268
6591
5462
5165
1750
2429
5795
4036
3270
3565
940
3619
2693
5335
5630
1549
1839
1518
2858
2046
2134
802
6896
5538
3256
3284
3863
7078
8169
523
3006
1367
5926
2892
5625
4833
2368
2681
5952
7487
4177
7340
1078
685
2458
4976
95
896
7919
1346
423
3176
6225
2634
5356
2704
4095
6383
1972
3071
3434
2202
2394
5170
991
2197
2383
2335
47
8387
427
5291
2843
1438
2817
2468
1726
4255
8892
2727
2481
278
4844
6885
4642
7208
4603
5400
5710
8799
4190
140
5735
4161
8795
3800
4312
5065
4893
3344
8525
8612
