item_recommendation
25737
7872
8571
7541
7914
7613
7697
8327
8360
8447
7802
8093
8207
8117
7669
8056
7437
8183
8253
8225
8033
8522
7407
1120
7560
129
6195
140
8420
8070
980
7932
8235
1562
6579
8477
793
5264
647
1145
7636
2227
8879
7649
8684
285
1111
6365
2605
3232
2745
4262
4911
407
1437
1711
5772
5410
1523
7782
6658
6211
7478
1707
8385
5556
5980
8661
7938
4809
984
8003
3632
1404
427
227
1744
1535
8154
7995
314
8290
401
6559
5597
7809
5470
7738
2935
8261
405
775
6073
8859
3235
3751
5765
6850
1552
48
7245
3587
1788
4920
4821
5159
7121
2062
7753
3292
2686
1320
5787
2243
8403
4782
266
4638
828
1580
7228
45
321
4290
1816
7234
1076
2659
4577
7394
6091
6207
3133
4550
561
7293
522
6636
4246
4437
6178
6493
8604
472
8722
5433
659
6395
2212
7444
626
3608
1791
5909
7272
7976
526
496
885
4941
7748
7619
2504
1771
1819
678
8167
8903
7728
955
695
2128
3368
232
4273
1652
4284
8777
4251
1024
6970
4458
7299
8899
7263
1907
3804
5269
5538
4885
7577
741
5784
7720
3210
8228
8743
745
824
615
1472
9018
1513
861
4515
324
5315
1281
1590
6279
3086
7583
2300
1812
8927
5723
5825
4316
1135
872
1003
4079
4703
2681
523
840
854
4984
778
8187
5008
870
4600
5588
1777
422
8761
4731
8699
4060
2647
5198
7888
6690
5689
4366
294
6355
4088
2282
3428
4649
6077
121
183
1046
718
2236
7282
2445
1453
8620
3604
1739
4873
3816
8410
6154
960
858
2340
7130
6148
4486
3377
4748
5515
6509
3213
969
144
966
1783
3723
3626
5611
7979
3843
196
2219
4673
7492
1844
5791
5177
986
6669
3127
6473
4632
1891
2231
953
3152
1288
2159
1726
1970
535
184
880
951
1125
7011
8169
8675
3188
5033
4380
1073
4584
1826
7316
387
5202
4194
4404
8864
3370
818
100
733
8914
341
1099
5413
8654
8943
5193
1880
2779
8451
714
1425
3996
531
685
4658
299
5038
123
6405
2031
6440
5952
1272
4191
8961
3324
2620
1586
6748
9
332
2741
303
8709
7115
8810
7222
2860
3489
2374
4383
8910
4349
8336
3474
480
8998
6143
1507
8977
5864
6521
3281
965
8819
4414
8157
875
2499
6728
1004
1255
6166
3869
5498
57
6624
3434
5352
881
4197
34
888
6571
4696
412
7186
6000
2819
1171
9010
2379
1954
6482
7881
845
970
2304
3238
4310
2149
2565
6918
2966
3066
5134
1380
6390
4605
8392
4709
3863
8239
4603
808
1794
835
3780
3761
3344
8133
6566
8831
2434
5122
8799
3639
7155
4238
8612
8609
8712
8525
5097
5840
3479
3615
1569
661
3563
2200
3060
4432
4375
656
1696
4161
994
1006
1020
2241
7705
7204
7789
3093
1029
820
1644
1821
6051
2288
5312
193
2676
3431
8511
4121
5729
3354
4861
849
5850
3420
6498
2478
3522
4865
1676
2311
1769
1243
2344
8665
8772
1310
2398
1575
1419
5114
485
4802
7786
2173
2283
3140
4139
7101
1394
1900
5
8695
3150
6885
6630
2506
6322
2893
1713
2772
1132
6550
272
6985
3895
4945
81
6612
7340
3913
1971
4391
4168
1079
891
915
3019
1215
5398
1026
1515
1187
419
194
4801
8633
19
6383
2462
186
2496
4634
4840
2359
1592
5182
2734
1957
1168
132
1392
4837
2486
7260
5666
1883
4462
2732
420
2877
2206
2916
290
2918
2919
2920
1461
1347
2921
2244
3166
502
1356
1366
1415
3148
3070
3069
2889
1861
471
2012
1180
852
1984
2671
1237
1542
1238
3053
2016
216
928
117
1304
2810
3063
514
458
2297
2967
2248
3879
6525
1193
6446
6856
1693
1779
2002
7195
7038
92
3021
6826
8574
3456
731
2917
7757
222
6932
5655
1429
5246
3635
344
1870
2011
3859
4740
1631
1411
263
151
5065
1525
1147
1373
2275
1440
7897
178
4024
2606
3857
1256
5553
3637
1030
6892
8827
2021
1531
3207
5846
8751
4162
6927
335
8273
1431
360
5707
2318
5489
1848
8616
8957
4342
7892
5254
5125
4399
2832
2327
498
1165
488
1325
5718
4686
1717
5734
3106
1274
3408
8650
1352
4830
3671
2246
1031
957
3450
4338
3547
1293
4291
3252
4268
4184
4337
4274
3960
3991
639
3976
1422
1767
2013
3889
1397
7250
816
2089
1057
6676
5117
1270
1657
1449
2794
592
3643
3565
3270
4036
2693
940
3619
2386
538
3819
8589
804
700
4716
5224
279
8667
3168
996
342
2727
6032
5473
8670
4626
8853
3702
8387
2982
4177
574
5458
1667
300
328
3798
209
954
2752
3011
6476
3146
3113
1269
709
3786
4188
7107
8865
463
2780
6609
735
3773
1605
8388
3745
7502
981
2252
2786
3334
2010
2366
1903
5069
2688
5440
4923
964
3051
1240
2373
1840
4146
1480
1444
3668
2802
1624
550
1361
14
7036
5139
4076
199
3882
3194
1969
4992
6877
6957
7139
2769
8689
8979
2570
1876
708
8642
3018
189
520
1221
7177
2531
650
1066
440
1196
5161
673
597
6458
7254
2897
8625
2687
331
4378
6400
1264
1937
8376
8136
3875
8482
2594
3655
5179
93
3349
1612
7899
3770
4921
2883
9001
3398
3552
7458
289
9004
1340
156
720
6162
4587
2516
499
1277
4278
1834
4619
6155
368
947
2203
5947
7944
8462
7698
4639
3263
3707
8833
7587
3924
8840
3417
7445
3928
2660
6197
5438
2155
6582
2846
541
1837
2490
1931
4932
1878
3307
147
3809
3852
4886
5319
5808
153
4171
15
6863
2268
8362
7827
976
206
2494
1019
2710
7171
2204
3936
4241
1212
7815
1466
1010
8848
135
6408
2139
3546
2617
697
5151
6552
4570
2481
1476
4417
5777
2829
1463
2161
4475
6762
1704
3425
3160
690
287
423
635
1588
2937
5834
614
3478
2263
4737
1090
2385
1979
7878
2738
5581
4818
4403
5682
