item_recommendation
25737
7697
8093
5752
8327
7872
7541
8117
7560
775
8290
4949
2589
8183
867
7669
3342
8447
8360
8225
7613
5159
7437
8571
1003
7976
8403
8033
731
1040
793
7728
4649
5515
1513
7478
8253
5498
6091
8207
8499
8772
5597
7649
1711
7802
1317
7914
1562
6493
741
8848
976
6073
5008
8743
4550
980
4958
8003
401
6121
5765
6178
1515
6154
5662
8636
5729
2686
8142
647
735
733
2815
5198
724
7878
2741
8807
2668
875
960
5742
7171
968
5180
6902
1739
7636
7738
6260
5186
626
745
2832
6676
2769
6579
4440
8580
8899
5312
5288
2243
4731
1552
8596
5410
8777
5675
9012
5853
8591
5715
718
986
5723
5768
5218
1523
8070
3051
4782
1507
7407
5655
4246
2227
1535
3150
2935
6547
8154
5458
5275
5333
5356
1631
8542
3133
5936
1870
869
750
8522
3152
4326
2745
1120
748
3584
743
1831
387
7919
4765
5732
5666
5264
2835
8039
4987
2546
8167
6918
5291
2231
778
1750
3649
8684
3851
2761
864
2200
1819
1707
2183
5282
1006
1788
5710
2772
3408
8998
8385
2513
2779
8477
5795
798
6027
8720
1196
4967
6047
4984
8629
1078
6513
828
5323
4795
5363
3086
2786
8376
7254
2128
947
7782
1111
1812
7502
3140
1008
6225
786
8056
1907
8761
5214
1549
4903
2120
5092
1046
7272
746
5611
1104
8420
2186
5940
5466
2440
6084
5699
3500
2620
1715
1816
2504
4228
4316
6502
2327
8709
8008
1404
8410
1147
4366
2481
1744
2428
6498
1073
2681
879
2521
1026
2473
8650
6751
3173
2669
5139
4420
121
4963
7419
824
8136
4893
1057
1755
8147
8835
5888
961
5839
2236
1020
1721
3889
7245
1099
6530
6671
2605
6355
1076
8768
893
1320
4577
2798
764
8640
2993
726
6718
2219
6103
1873
728
4251
6408
753
5947
2956
1752
2159
762
5398
5462
2801
2118
3338
5572
4600
725
4925
2937
2572
2633
2912
2582
2983
1783
5815
5375
5372
2107
8607
2409
1021
3377
3232
6591
8892
1844
2687
7357
7334
720
854
5689
1030
2594
5832
1878
8331
6294
719
885
4016
6025
1049
6232
3281
2134
1777
8943
5891
2976
7078
6887
5177
8589
1852
526
7771
5161
4076
6970
5055
8838
984
4678
1192
6450
833
6835
4996
8699
2445
3155
8524
5170
7352
2654
951
7346
5649
6730
5254
7371
6950
6395
5053
3379
973
2696
5923
1876
5980
8482
3759
4153
4043
4477
4976
3758
6768
1010
1053
1733
1014
5365
5193
4740
1880
4911
3334
5038
7260
4241
1636
5693
912
6383
2596
1624
2548
1437
1240
3489
8121
129
6035
990
5418
3936
1931
7204
8672
1135
2385
5556
934
1363
2982
6684
5968
1805
3445
1394
1125
6803
7764
785
2688
695
937
3194
8366
6286
5443
5735
3751
6436
5285
3238
1012
5292
872
7831
1581
4380
8600
6404
3125
1696
8187
1056
1023
2383
7958
6760
4945
5404
1665
2282
405
6706
348
4584
2031
4981
1804
1767
8123
6896
3831
5672
7786
963
4515
4914
7198
945
5808
5271
6636
4736
3959
1037
3891
2102
3343
3682
1061
3692
2467
6827
2764
7932
8882
5167
900
3359
8235
5241
1215
964
7577
5641
5834
892
6422
8511
808
3452
1951
2046
1286
3339
1479
1171
1518
5538
6678
4458
7323
6703
707
1373
6464
8275
1132
4095
816
4980
4447
1042
2438
57
759
685
6645
2184
8638
1059
178
1957
2918
2889
290
3053
216
1366
2565
1180
2671
1984
471
3166
502
3148
1304
1542
2206
2916
3070
1347
928
2921
1461
852
2919
2244
1238
3069
1415
1356
1237
2920
2016
2012
3063
2810
1861
117
514
2297
1325
6584
6331
458
3402
4761
6375
2734
3704
3918
2967
194
1392
1168
2399
865
3019
3948
3269
1592
272
5069
135
4428
7743
2462
2917
6432
1617
5746
6105
6060
2640
5696
5400
4677
4727
3499
5826
5684
3284
5401
5847
5836
5670
6341
6342
3491
3497
5685
5577
7822
5034
5003
7947
8610
7063
6800
3957
7702
5056
4832
8785
7309
8828
8872
8921
4300
4312
3654
7153
8949
6851
8582
4929
4104
4450
8197
6963
6732
8371
8138
8372
6754
3611
4889
6852
8423
7017
7235
8130
3875
5926
7394
4401
714
2925
1092
2465
4670
3095
2300
4999
4834
804
8158
5736
5700
5690
5686
3825
5373
5796
7791
5678
5004
5002
4994
5517
5667
5001
8985
8955
8966
5680
5625
2002
2959
6314
7012
5243
765
3604
1036
3241
2275
5315
3021
6533
3966
1971
1256
574
1894
3495
1608
1629
992
2866
2068
1730
3096
1288
2133
994
5085
2892
2078
535
1032
2354
6985
4130
4995
8491
2689
3018
6296
3081
8718
2427
3819
2898
1779
4680
5782
888
6850
1735
969
4703
2534
4833
956
2735
4878
1508
6095
4572
2325
1973
420
5413
2877
6365
1667
1272
1004
222
101
6658
1840
7208
6470
3146
5843
5208
4951
2699
7995
592
7386
1959
1626
2577
5857
858
2304
5553
1066
507
7809
162
3487
5000
105
186
5504
6211
1218
1997
2441
2770
2704
2858
4654
2347
342
1018
4105
131
3880
8042
3168
938
614
41
7293
5304
2398
3134
1233
918
1204
3147
3005
2074
2766
2215
2789
2285
2922
1388
1186
3177
510
1226
2715
2364
161
2403
3068
2393
167
1759
1063
3042
1616
99
1080
704
1047
306
3656
609
266
6440
6624
6966
2985
34
1762
709
5087
5419
6774
3324
5650
1095
2600
4979
1501
8194
6659
7056
1161
2573
2201
4101
1472
915
8795
213
47
1860
4073
4830
1245
461
5135
8273
6593
2091
2966
6748
1236
3016
1969
6598
1145
3142
7753
3040
8751
153
3006
1028
2500
5203
1603
2496
2082
8819
2651
4920
6832
7121
1277
2011
5414
7487
2204
1644
5540
4634
4655
830
5047
5043
4823
532
360
5539
1151
3520
4674
4282
5638
4516
4214
5501
4664
4673
1580
8906
891
2203
1493
372
1184
5882
4532
