item_recommendation
25737
8571
7872
8327
7541
8093
8360
7613
7697
7914
8447
7669
8070
8225
8117
8290
8253
8183
7560
8033
8056
8154
5264
7636
8661
8522
8879
980
7802
8684
8385
7782
7437
7478
775
7147
5400
7407
8235
8420
5777
7938
6579
5703
8743
4821
7728
6373
8477
8761
8410
7738
8859
8403
3079
5159
1523
7234
3188
8709
5909
7753
1744
4920
960
2935
7293
8008
4437
3232
984
7394
8961
4911
4873
953
1046
955
5723
8003
5168
8654
7649
7976
8777
3368
1562
8977
2659
8819
5489
8167
8899
7619
5008
966
6195
7720
7142
7245
8848
8699
8596
6728
3869
232
526
8927
8751
6365
9018
4658
8499
4391
3668
3207
1437
6856
4809
129
3324
4584
2900
1816
2404
5473
4741
7186
8207
745
1003
8633
733
6970
5597
5410
8228
2959
6091
8864
1513
4079
8376
970
4177
8910
8136
2062
1812
6207
8670
7204
828
6073
8665
4731
7583
8392
9010
1024
4941
4632
8239
7316
5515
7757
695
6509
4375
4696
4076
2366
872
4550
8620
1580
5787
3608
5017
3632
4936
6920
8892
5296
3281
3235
4366
840
2344
6703
8589
6624
731
1515
8609
3093
2647
3875
4262
4188
2905
2236
994
8169
5588
8388
8604
6826
6630
266
8482
3863
2212
8187
5440
6314
8387
1639
3751
7932
2367
4161
5097
7155
8525
3344
8712
2434
5840
8831
8133
8799
5122
8612
6566
4238
3615
3639
3479
3761
4121
6918
6748
957
4984
8689
976
5210
5772
8865
4603
8722
5033
8807
965
2668
3127
401
5470
4600
5729
870
2368
969
8998
7786
2686
741
48
2605
1472
7831
1767
3816
6178
858
2902
2374
4577
2227
1907
2478
4024
2159
659
4782
6390
4162
8511
8261
5170
1652
4432
6355
8772
45
6559
5458
1676
888
7881
2318
6550
2401
7888
8667
3428
3417
2981
2956
5611
912
2173
2400
1288
4830
8451
7263
3431
485
3292
951
5980
7894
1317
6636
4837
8491
3655
5117
1145
915
6885
7840
3258
5433
5936
8745
5926
8462
2402
5134
816
4171
1777
4923
626
7299
6612
8903
522
6322
1739
1020
7809
3420
4290
4555
5177
2457
6154
2799
3478
5012
2340
6521
718
6892
2897
472
2860
6739
2772
647
3438
5839
1057
7990
8039
2433
5558
3924
7944
7698
3263
4639
3707
6932
7587
8840
8833
7445
3928
1111
285
2660
7272
4251
5662
7038
6568
1193
189
5815
3804
990
9001
2745
7254
2155
7011
986
2617
1771
3133
8642
2761
3213
7878
954
2832
761
6536
3307
7016
8607
8914
5198
5065
7036
7099
7171
7492
2241
3996
7817
835
6114
2496
7484
1004
1281
4765
4861
9004
1006
7748
656
2982
8636
1507
6143
4404
6132
4740
5038
3351
6056
5888
1476
6977
5765
8453
3223
4316
2396
3251
3150
4885
3081
1060
8574
964
4686
5114
3702
3795
6000
4033
3268
8580
6493
5693
5810
4801
2021
1042
725
2427
735
5282
7189
4414
7228
4638
7126
6743
7282
2300
2802
1125
5585
205
3587
2912
5952
144
8542
1876
1120
6669
6348
5715
5853
6318
2418
1831
7487
7705
3456
8191
5092
793
1696
724
7995
6404
4876
1581
6850
798
7502
6077
5834
2370
3176
880
1030
2937
2186
8979
7130
3427
6498
6721
7107
1535
6658
5968
3377
6609
1013
5164
1844
321
844
535
1380
7771
7577
1021
1063
1016
2709
2904
1569
1721
4727
8730
7135
196
1608
2788
2780
4153
2415
5832
4462
1225
2942
1516
7899
8044
1711
3693
6832
7759
2622
3714
8920
8650
1135
2633
6148
4895
885
7826
2437
1026
1794
4945
6591
1010
8616
7121
1590
5742
1029
4901
8695
2442
5448
3534
2779
2516
6436
7792
1959
4761
7958
7481
5825
5291
1783
7110
1624
2835
3895
2398
6957
3819
8142
6684
3296
3845
6440
8882
492
8827
2786
7415
1810
2966
1852
720
1824
2327
1012
6985
1196
6835
6186
5452
2687
7195
7380
1352
1886
6276
6162
2801
881
5046
3163
5202
1549
5186
5483
76
6458
6676
4081
7762
6751
2775
2394
6902
7789
15
4795
2531
5857
8854
2583
8524
5288
263
2798
3832
1970
531
961
7820
3218
2621
5241
407
6641
7444
4235
2504
5801
4515
5165
6383
2581
3854
8014
5534
2925
4605
3882
6254
2766
427
8675
2439
6803
4060
3364
8950
7044
6415
6762
7897
2288
7845
981
1047
8908
6370
4692
4811
8526
2494
5899
5675
7584
5900
4292
2941
3492
4020
8948
3997
7566
4987
4051
6744
4634
5449
8943
8157
4649
3211
6896
2975
2399
3602
6999
3752
2567
2866
1531
6695
4194
6260
8009
3010
6426
8614
6422
4846
2704
1209
5570
1187
2624
2596
101
6981
7627
2824
4673
2793
5768
3908
1612
869
5365
3604
1053
6880
1429
3210
2043
1040
8591
9012
5581
2347
1980
4925
3412
8984
7919
5378
2200
6650
6791
678
6123
2407
875
2689
4135
3007
7438
2681
2712
3508
1388
1233
2393
3005
7055
1870
8131
3540
2506
7815
161
1226
3068
2364
6535
1575
1363
7265
2769
1951
879
6395
5809
4191
5873
5222
8700
2789
753
6927
7160
2243
7456
1660
6290
2922
2285
3134
3177
1186
2403
3042
1080
2715
1204
704
4189
1750
8600
2752
1552
4246
4420
100
1616
510
167
918
99
2215
2074
1759
3147
998
162
306
8530
6547
3256
2385
6294
7892
2310
527
2630
4612
8781
6242
2342
6211
6760
474
3028
1730
714
7078
2570
507
2976
8199
5498
861
274
2548
4417
1997
707
746
3306
2815
8810
7208
1393
6862
1841
6243
4098
1218
3560
963
1132
5866
6201
5312
893
6502
7419
4531
5530
7180
6223
4394
1184
1517
5850
3157
1518
3238
2429
4039
7311
8147
5127
2325
3051
3489
1114
2120
6718
1819
8123
5254
4914
1073
3160
996
278
2600
7192
213
8923
5161
2331
1041
4552
4440
4228
1438
6562
2669
2154
2858
3394
1404
1497
685
1028
5398
839
3959
5059
2500
6367
5172
8795
4814
3889
2521
5333
