item_recommendation
25737
7872
7541
8327
775
7697
8093
8571
6091
8183
8117
1003
7613
8225
8447
4440
8290
8360
4366
1515
7914
2668
7669
731
8403
4600
7437
5515
3125
7560
3408
980
6450
4649
4326
1513
960
5159
3891
3343
3682
1061
8772
3155
7782
2699
900
401
2102
3692
8033
2686
741
4447
5742
976
6154
1523
2827
8596
7728
6073
984
8499
626
5662
8154
735
8899
3500
1788
2546
3051
5186
3417
8207
2183
2300
4740
5218
1812
2937
5723
1777
6902
2186
3593
4550
7878
2521
2262
2971
750
745
6260
724
5715
5008
1870
947
8636
1507
733
5765
1046
5834
2912
4584
2118
986
8743
5853
5288
5768
2519
5675
9012
8591
1317
3339
1040
2982
8253
6178
1053
2046
5312
6970
1037
915
2688
1739
1429
8003
2047
2798
1991
2687
2772
7649
8410
4420
7636
8580
4380
7478
6547
1633
5264
893
8070
748
1104
1006
3743
3235
2440
5734
327
858
5410
1624
4731
746
5782
1844
1816
4878
4076
8376
1021
2800
2120
6121
1394
8136
8998
5597
8777
7938
3875
2428
1437
5282
1744
1020
5275
1819
6751
2769
8420
5198
5729
937
8699
1057
8859
6579
1288
1876
743
8720
1907
7802
1026
1014
5655
6918
8661
3445
5666
1831
6225
951
6493
5323
964
6355
5177
8522
1004
3232
8879
7245
2956
990
3584
2659
5689
869
934
1518
2802
969
6835
7171
1042
785
4976
2832
2573
8056
3324
6513
5038
2347
7407
4153
7254
6760
4821
5752
4795
3489
5710
531
113
7831
1750
8629
3609
4801
474
3334
2513
961
5254
864
2801
3927
695
725
2605
5398
2761
875
4941
1060
7260
968
1508
4241
2582
2983
5732
2935
6440
885
5839
3936
5365
526
5936
7234
8848
8235
2227
718
2976
5808
5363
8807
4437
5443
4316
2696
6047
6294
8477
7204
5672
6408
7293
4638
1078
3851
8943
8607
6132
5641
1230
5139
7771
4765
5466
1358
6436
3816
998
5699
2837
2496
6718
1192
2482
1771
5815
6404
8524
8142
129
5968
266
6498
4016
1562
2236
5055
6684
870
3238
4923
2399
4033
6676
2741
888
2534
8147
3188
5053
8542
2815
5795
6035
1125
786
8684
218
6803
1721
3284
2993
6422
4727
3758
7078
1132
955
2385
2651
1834
3611
798
6103
5735
2548
5572
3387
8768
720
1973
2473
824
4911
3819
5161
2892
3400
1852
1580
828
1059
3081
3194
2925
4967
5772
2835
2786
6706
8882
5285
880
938
5625
1690
567
1529
6464
1472
912
1767
4450
6774
5356
4312
7919
1030
3769
7822
2383
7346
5462
816
7419
5693
6768
6341
5170
4925
3452
6963
5684
3377
6375
5400
2581
6985
5243
6800
5836
3359
8640
6314
6645
2184
1951
6331
5291
5696
865
3759
685
2342
3093
6286
6887
5940
8275
6896
7357
4477
101
833
7198
7309
4809
7235
5034
970
4104
1822
7791
3497
4300
5401
4929
5577
5517
5373
5686
4984
5670
5685
8672
5056
1617
5003
4980
7063
5847
5667
8921
3654
6754
7153
6851
7702
6852
6432
5826
8949
5736
7017
6232
535
6732
8761
8835
7947
5746
6060
6105
8366
5680
5678
4263
5004
5001
8371
8838
3957
2640
6584
6342
4677
4889
4832
8966
5796
8582
5700
8828
8785
5690
8197
8610
3499
3491
4834
5611
3825
5002
4994
8985
8123
8955
2780
8872
8130
8158
7012
8372
2155
3368
8423
4999
8138
4428
3241
1627
8961
2370
105
8451
3307
3096
1526
2594
1608
6470
963
1715
2427
2090
6533
4105
4051
1008
2082
1501
5085
8665
3495
6827
1726
1688
1860
6530
2441
6509
1702
647
1783
3889
3608
2572
1581
1980
2398
2689
3173
659
4782
881
6728
6678
205
7888
4680
2504
6296
2159
4101
3211
793
981
4228
4532
2368
5193
48
3656
5980
2654
2981
2212
994
3150
1525
719
4095
742
4246
5203
1909
988
4833
1805
7753
3751
4079
4577
5418
1012
2134
6826
5504
762
8709
2966
1696
5419
8638
656
485
8387
6630
1497
4401
2829
2669
3604
8261
285
141
2866
3753
965
1363
5498
8462
973
1873
2009
4873
3402
1084
7208
6195
7619
4996
8042
3281
2764
2647
2766
4979
189
5135
1147
4830
4490
2774
4903
4981
4861
5787
1032
3702
7786
4262
872
953
2633
8589
1582
1959
2596
7502
1997
1225
1063
3456
1047
1226
1388
1233
2364
2393
3068
2215
510
3147
2403
2922
3134
3989
3005
161
1759
1080
1186
918
1204
2789
1616
99
2285
2715
3177
3042
2074
167
704
2770
306
2340
2570
3575
1631
2325
5909
4920
6207
4298
2146
5518
7764
5440
8633
7809
726
162
802
1056
1517
3649
8920
956
5553
879
1187
6368
8977
2600
2494
2188
5226
3292
747
954
1636
7186
2478
892
3880
3388
7272
832
6433
1730
507
8865
886
3668
1184
5375
8910
5167
2858
8654
1218
2563
962
5888
2415
2078
2727
5413
1841
2793
4045
753
2975
5891
2439
7881
1500
3140
352
4718
2248
3428
2062
2327
4658
3006
1762
2730
8722
8927
6559
4404
232
2303
1281
3587
1085
547
2429
2465
7738
2481
8385
2416
47
2634
6211
2288
348
3071
1972
1066
4043
6365
1111
9001
95
4736
278
2843
5134
1130
3522
1018
4792
6612
2493
2407
1929
1092
1367
3086
8228
2500
2674
5352
4171
8167
2938
4735
4414
4987
916
2506
6932
4432
8903
5304
3127
1286
7394
4686
8620
1095
2077
7587
4639
7944
8840
8833
7894
2458
6093
4462
2660
2799
1209
6062
2284
7445
3263
7698
3707
3928
3924
2990
4963
3863
3357
1161
2043
1689
2335
6671
4349
1504
8819
4632
8642
5313
4251
460
2344
7757
7720
2617
5458
4696
2318
5556
8239
1103
1145
1752
516
5832
1970
1017
1516
6609
788
1152
1013
3795
1660
1196
1301
2753
8781
2946
1428
131
4678
8187
4936
2178
945
1549
8576
2039
7282
7583
2231
7038
4761
1840
6390
931
4945
3210
2986
8864
5960
1556
1992
1652
2354
