item_recommendation
25737
8571
8327
8093
7872
7541
8447
8117
7697
7613
8225
8360
7669
7914
7560
8253
8070
7437
8385
8056
7649
7636
7478
8033
7738
8420
7802
8290
8183
7976
8477
8522
7407
8207
7394
8684
8167
7782
8154
7771
6365
8743
6918
7245
8403
8709
8003
7728
8751
7932
8661
7186
8596
6091
8008
7753
8879
9018
8670
5159
8998
5765
7938
7809
8961
7263
6579
5264
8235
8654
6658
7234
7293
7889
8848
6850
5909
6748
7705
7204
8039
8589
6195
980
6636
8410
6154
8859
8819
5825
6609
6826
7502
6178
6559
6073
7282
8665
6355
4920
3232
7121
6493
8761
8482
7817
1562
5723
8604
8899
8187
7878
5597
7034
7481
6728
8633
4821
8499
7299
8772
7272
7228
4121
2659
5117
8261
8507
6970
5980
7831
8807
6521
4584
6624
2062
7888
7577
6143
960
3368
8511
6676
8650
647
8927
6718
4873
4437
7786
7619
8273
8376
8136
5433
6132
7881
5515
7995
4941
6550
5012
8228
6684
5772
2745
8699
8777
3324
8892
6703
6751
7820
5296
6920
7748
8491
5611
7130
1744
7099
6207
8827
1437
6695
5033
6927
6840
6892
3127
6254
2935
7171
7444
4782
3668
8864
6669
4809
3875
7250
7826
6547
8542
6832
5729
7789
6114
6650
7720
6294
6314
7840
3188
6568
3587
6739
6743
6957
7492
2374
7990
5926
6498
3869
4414
4417
7958
6591
8689
659
7195
4885
5329
6862
6760
8795
3235
4391
5936
5662
129
5815
7757
6630
1024
6535
6211
5410
8695
5489
4432
5017
1535
6242
1046
5164
7160
3377
6077
6981
7340
4761
2647
4936
3804
4290
8903
8607
8636
6390
8453
3281
4911
8943
6395
4600
8745
984
5008
6000
6021
3816
6612
5742
953
8977
2236
6140
3420
8810
8600
5968
8675
7107
5839
955
8914
6791
8462
8979
695
2605
8142
8984
8580
5254
5850
966
232
7189
6856
7334
3417
6977
6562
4076
8620
4366
4846
4731
3632
8451
6440
1111
1120
5210
6148
266
4552
4550
6436
4171
8147
8910
6690
6276
9004
7135
8625
3608
4577
6932
7979
840
8239
4923
7583
7487
7038
8857
5952
6446
8336
1145
5473
6513
4262
3882
8169
7415
2860
8854
8131
8014
1590
8392
285
5413
1523
5787
7792
4696
6906
8121
1472
8044
8642
7897
8616
5470
3845
8157
7759
3924
3707
7698
8833
7587
8840
7944
3263
4639
3928
7445
1816
2660
6999
8404
4251
8722
1580
8191
9010
321
4135
8920
526
7743
6383
6116
2779
7762
6422
3207
7892
3060
7020
4079
1317
1844
7055
6464
2344
1352
6724
7380
7101
6203
7222
3251
7316
3307
3213
2212
6643
6803
8813
6995
1767
6051
4246
4605
7126
7311
1404
7115
7022
6283
5458
472
626
4166
7484
678
4686
8781
6877
5965
9001
2959
6615
2478
4427
5693
5186
5198
6404
5177
6348
3714
6641
8524
401
1783
8574
5857
100
1513
8700
7833
4666
6721
3996
745
7456
4830
4984
5125
5193
969
5288
7096
8575
1870
6536
6974
1711
7894
4153
5853
4177
5947
1907
5641
2704
4840
45
6811
5139
6400
6260
5689
6458
4765
6686
5038
5832
1076
6564
6768
4404
5699
5558
4188
6279
2219
2516
7090
387
3693
2981
8591
9012
3334
5568
3795
970
2128
4194
4690
4801
1320
5666
2288
7439
775
5923
3489
4162
5585
6762
6744
7946
6408
5021
48
5675
5715
6706
7260
7254
4394
5588
6375
6273
5151
8609
2300
189
6662
2617
5801
1003
4895
7566
3163
4716
8730
6885
8853
5378
5768
1552
6985
6722
6835
5556
1295
8194
5810
951
7822
6162
2340
8422
6902
3936
4241
5398
6896
6502
2752
3895
6565
4709
8954
1336
263
6509
6318
2531
6757
6735
828
7089
3459
2622
4945
6552
8009
2173
2824
7919
6898
3819
4020
7584
5900
3997
5808
76
4861
8387
5873
6003
8908
1824
4292
2941
8950
4692
8948
6415
7845
6370
3492
7044
8526
4811
4066
5134
5784
6419
2243
5834
5080
6880
6944
965
7016
824
7827
2268
6582
6863
8362
3702
522
3752
7325
4886
5449
5600
656
7818
7212
6879
3150
5752
5888
3854
5440
5101
8530
7307
427
7211
6329
6476
3428
733
4114
5179
731
724
4914
2318
3964
5553
492
3133
8638
6966
4139
7078
2594
4108
7934
7379
8838
7177
5538
5269
4316
1288
5443
2418
6281
6516
1281
7192
2366
2404
144
7095
3221
3351
5333
954
7354
3646
7011
7569
2897
2780
5791
5836
3370
976
2227
7766
4876
1812
3871
2394
5312
5025
2038
7841
407
912
1476
5619
8720
3218
8629
4515
1788
5569
6367
2799
8779
7987
6454
7142
6121
4927
5846
8266
6244
5275
4706
1810
5365
4051
3256
2772
3534
8768
8865
3028
3176
881
4740
6816
7458
4161
4632
1453
1652
8583
2624
1236
8388
2956
3515
4088
8484
8799
8831
7155
6566
2241
1676
2427
5226
4849
8459
7110
6798
4210
5170
5146
7139
8823
7190
7180
4086
8882
6628
2761
8866
7585
3157
2609
3643
6107
4375
7386
7323
5940
3292
8366
2686
2433
5165
6525
4168
5046
8656
4238
5840
8133
8712
3761
8612
3479
2434
3615
3344
3639
5097
5122
8525
4033
3863
3034
885
5809
798
3751
2180
7579
6064
3946
6537
1135
1310
858
7627
1549
3216
4024
1196
4229
7564
4658
957
4081
8268
1777
2982
3798
4296
5843
8331
5114
1794
6930
7208
6887
6806
3780
4602
8275
3698
5718
1240
1131
5618
3467
3038
8915
7150
3266
8057
4848
6378
4688
4090
7812
6617
7706
6185
7843
7844
7355
7036
7136
7352
4795
4312
5945
8617
3560
2626
2200
5065
3250
5684
4603
5655
4727
7161
994
6290
1225
888
2159
6530
3086
2621
7419
8254
6056
5534
2966
1531
8718
8019
741
2696
6533
328
135
3799
5291
3438
1408
2912
5942
3457
8727
4039
6482
6182
6953
2668
2961
6571
8871
1057
4638
8835
5971
8531
1073
1931
4368
8614
405
3185
3604
121
5304
6473
6183
1771
3152
8724
1686
3660
5625
5404
1479
4270
8123
6800
861
