item_recommendation
25737
775
7872
8093
7541
8327
8183
8571
8225
980
1513
8117
8447
7613
8360
8290
7669
8403
5515
1515
1507
7914
733
741
1003
7437
7697
8772
8596
7782
7728
5159
8899
8499
976
745
7560
5008
5742
731
8154
6260
986
5662
6073
960
8636
735
6902
864
8033
7878
5853
5768
5715
5675
5288
6154
9012
5186
8591
8003
984
7636
8580
4550
5723
1053
626
8743
8410
3324
7938
2769
968
8777
1497
8136
8376
963
1870
719
1812
6918
6091
8661
8070
828
4076
8720
3875
6970
5282
858
5312
1777
893
1006
969
1501
8699
8859
7478
1057
5410
4740
2801
915
4795
1030
724
695
1042
4316
1624
5765
1021
526
5597
4731
7254
720
7649
2688
1008
6178
6355
725
6294
2513
1907
1631
990
2659
964
2741
5264
3751
8998
2770
4153
2441
2481
1288
888
8253
5275
2892
5839
2347
748
750
232
7831
726
5198
6579
1831
4821
1771
8879
1508
2798
535
1060
7234
48
5968
953
2227
2982
5323
5365
4440
2687
1980
951
961
6751
2605
5936
1020
2686
2496
4727
869
2780
2183
1819
1010
746
8420
2912
786
973
5815
5672
7771
947
912
5611
5177
5699
6835
7204
6760
2473
2764
4437
4923
1739
8768
5641
6718
875
266
4941
4079
5053
5729
3611
6728
5752
4984
2651
5055
4450
6436
5285
4016
1523
8961
7245
885
3758
16
2956
6684
2937
5572
5735
4976
8607
129
1004
101
955
1744
3489
1047
1317
8807
6404
4765
5710
218
4649
1032
6774
7078
5693
2186
981
6547
5795
743
4801
2385
3816
5170
802
1017
1500
6513
8235
6121
5655
2173
1209
1046
4830
7753
833
4584
3238
2815
2241
5243
6035
2184
6645
5462
865
1026
8387
4677
7346
4312
8785
7309
5940
8524
6803
8582
5517
7063
7947
6706
3825
7357
8985
5004
7419
5002
6800
8828
8130
5577
7153
5003
8123
6676
6754
1617
7919
4994
5001
5254
8275
4241
5443
3654
8542
2696
6047
7702
5696
2640
5700
6432
8672
5398
5373
6887
5732
6896
5736
6732
6422
5400
5401
7822
5746
4889
3491
6105
8366
3334
8921
8158
8371
5034
7235
6852
7791
6851
8848
5666
6498
5667
5038
3957
5670
5056
5690
5678
6464
5680
8872
8882
5684
5685
3936
5686
5689
6963
7198
3284
5796
8197
6342
6341
6060
6331
5826
4832
5836
8966
7017
7171
3497
6584
5847
4104
8949
8610
4929
5363
7260
4477
3499
4300
6375
8147
3194
8056
6103
3759
2545
4658
1192
2415
966
1504
2288
2438
1147
7619
1876
5808
7293
2440
8629
2829
3188
4696
1036
965
1688
994
4105
3235
401
4980
2772
6826
4101
1125
8522
8207
1040
7012
5625
3851
285
8423
8372
8640
8835
8838
8955
8138
8943
4834
4428
1582
3241
3880
6630
1657
5466
1059
8142
765
4833
3096
6470
2938
1839
647
2654
3656
2993
6768
8761
4999
474
4162
798
7888
5085
1805
7186
6530
6533
3495
7786
8638
954
2774
6827
5139
6296
6232
6408
4878
5161
8865
886
2582
2983
1187
937
3338
5419
4979
3232
3359
3500
7208
5504
4532
1525
2546
1014
3584
5834
870
1018
839
1019
5203
8709
6985
1581
2398
998
4680
3388
1023
3702
2669
1084
1690
4366
2300
2976
1301
5518
3307
1750
3086
753
892
2689
4401
1037
3456
8385
6286
8589
4298
189
5418
2120
2428
472
5135
105
1056
2236
5440
6678
3522
4095
4420
2212
3819
728
8042
3604
461
3900
3668
1104
2118
4228
970
8684
659
938
6368
784
742
1346
1152
8665
6493
3452
3368
4246
999
2709
3608
1660
1437
6612
4686
8239
737
4161
5909
2730
3417
4873
931
4188
6195
3093
1024
7757
3402
4045
3889
1816
4490
485
5291
6744
1901
721
1836
1173
4263
3357
419
9001
2383
4861
3854
3173
4967
4996
762
7263
6609
2660
8477
8654
1488
2433
793
2082
5588
1132
3160
1502
6314
6318
3127
4414
1629
1394
996
3113
2340
1767
4981
8819
2527
779
2787
1177
2751
4262
7944
7445
8840
3263
6932
8462
8833
3707
7698
3928
4639
3924
7587
1580
5891
3575
880
2572
2506
2500
1419
6093
7764
1331
8642
144
922
2504
3281
844
4936
2802
3753
527
8910
460
4171
2548
5772
413
5980
2799
6509
1663
4600
6243
1078
4987
2339
1041
2647
499
2366
8920
2202
3831
5214
4736
3207
747
1161
7720
760
4247
7407
8388
15
7091
2668
832
9004
3445
4404
1640
3655
4251
2009
5218
2458
5296
3428
528
3408
4645
4577
7394
2107
2621
2677
2289
2639
5832
5097
8133
8864
7155
3479
8831
8712
8392
8977
4632
8228
8799
7583
8612
8620
8525
3639
5840
5122
9010
8169
8609
3761
3615
4238
5787
4809
6566
2434
3344
8927
3863
4375
1733
2880
8574
1352
5304
785
1517
7738
3784
3649
3159
5199
929
3262
4643
3892
5375
4888
276
6225
1103
4043
881
6322
6568
2935
2344
4177
2396
8670
6885
4638
5489
4024
1531
7894
3989
531
5585
4432
7316
2690
423
3754
5313
4735
8667
3714
1148
2796
3766
5992
4603
3358
2248
8451
2342
4956
840
479
6186
7705
6207
3218
3869
6536
1873
916
1007
4417
2152
3431
4901
3980
6234
992
788
5810
2792
5167
2404
2368
2692
6390
2467
3996
4612
4837
4011
3979
4014
4010
4053
3481
4009
1241
4012
3243
2062
3632
13
2394
1909
2925
8576
444
1641
2418
45
322
7126
8332
2642
274
1111
8781
3690
1794
2534
6671
6242
1016
656
2827
4354
3444
8689
3795
3067
1013
5346
1727
2154
5021
1753
5080
7792
4895
3852
575
5449
6143
4337
5384
1101
1429
4718
1863
1762
2617
1608
7990
5033
3354
2374
1367
3258
4876
2600
8633
2318
957
5009
4963
7038
6591
2878
5960
2407
313
5210
3213
1438
6521
5745
1145
4968
8808
1639
2478
5134
1779
962
2863
4520
3199
2700
2331
2570
2088
2460
2985
6000
1824
1281
4911
872
2898
2090
7011
