item_recommendation
25737
7872
8571
8093
8327
8447
7697
8117
7914
7541
7613
8253
8360
8070
8056
7437
7560
7802
7669
8420
8225
8385
8033
8522
8477
7636
8290
7649
8207
6365
7728
8235
8684
8167
8183
8403
7478
8154
980
8661
7407
8751
6579
3368
8008
7782
8819
7186
8998
8961
7738
7394
9018
7753
960
5264
8670
5159
7938
7976
8003
7932
5909
2062
6728
8654
6091
8410
8499
6355
6178
8761
8187
8709
8879
695
5980
8039
7293
285
7577
5296
6195
7234
7228
2374
8743
3232
955
7299
6826
6521
8665
7705
3869
4121
4414
1003
984
7099
5017
1046
8507
8633
8451
7789
8482
4941
8596
8859
3235
4920
266
969
6559
4391
8772
5012
7786
5723
953
5117
8261
8589
7272
5765
4821
8903
6970
5008
5611
4417
7245
8899
6748
7817
6242
2659
7995
7204
4427
6446
8745
4846
8511
5433
3281
3587
775
4809
1523
6383
3816
6493
8695
45
5968
6636
5597
8977
7263
745
6568
7107
5825
4437
321
6116
232
966
48
7990
6390
6676
7840
6609
6550
6395
6073
2212
5033
5515
7720
7130
1024
4584
6658
8604
5839
4658
7888
6624
8131
8827
6791
8491
6077
6892
7619
1352
7809
7096
6254
6662
6630
6318
7121
6535
5164
7481
840
647
2038
6918
8864
1744
472
7881
129
5936
526
2935
5134
5971
3324
4782
6207
7492
5926
7160
6154
3996
5193
5329
6743
5772
3213
6920
8910
8453
3871
5693
954
2860
7282
7831
7380
6751
4079
8984
5558
7016
7878
6314
4873
7456
3377
6223
5410
7897
8675
7135
6000
8607
7487
6832
5815
626
8136
8376
7316
8157
3188
4188
2340
5850
8848
3875
8979
8689
7583
6850
6885
5729
4984
6703
6143
6591
9004
6977
3882
6211
3668
8625
8927
7090
6999
4550
4076
4911
6400
5210
8813
4936
976
7502
1288
733
858
3799
912
5312
8854
951
7415
6739
6562
5473
1907
3608
7748
3176
3127
6684
8777
6132
5291
8699
8892
741
4366
5857
263
4194
8914
6536
4761
5832
2300
8722
3163
8009
5378
7311
6762
3604
3845
100
1515
8943
5139
6798
4432
8484
8044
2780
1767
4577
6021
5787
3113
8616
1844
970
888
6612
4420
2288
5742
1816
3632
8614
6348
7892
1590
7566
5801
5413
6650
1187
6760
7818
3492
4692
8908
8950
6415
4020
8948
6370
7044
4811
2941
6641
8526
3997
4292
7584
5900
1824
7845
8810
8807
8462
7444
8636
4162
3752
4731
535
4086
8730
6502
7484
5662
6880
1057
5186
4251
5226
8228
5046
3028
724
5689
3157
7208
5470
6162
8239
2647
8781
5888
7142
8629
8866
2154
8580
1870
3515
659
6203
4740
1437
9010
8392
7458
8620
5489
196
964
990
880
2173
6404
3698
5198
8273
6932
4923
8014
6695
5655
8268
4316
965
881
5080
4686
6940
6498
7826
986
1513
7771
731
3819
15
8857
5873
3370
7759
4171
7192
3489
6322
6140
4848
4552
7136
8254
725
8191
4638
3210
6966
7150
6378
3038
7812
8915
4090
3266
8057
4688
3467
6565
5440
7585
3417
4987
6777
8575
2531
6718
2660
1012
1053
1006
7195
7698
7944
3928
3707
3263
7587
7445
3924
4639
8833
8840
4404
8871
8583
2605
3250
6513
3307
7979
9001
4706
4901
1531
5038
8642
3379
8574
4369
1125
7189
7089
1973
6276
6862
7757
4389
6835
7171
6331
1562
3560
7211
6686
1408
6260
3292
1812
189
7038
7161
2609
6509
522
5952
4600
6902
6440
4290
101
2704
6261
4605
1336
4394
7254
5945
4228
8617
8530
8920
3964
6927
5548
2769
4801
5600
7936
6516
4002
7101
6840
5784
8531
5254
4844
5588
4039
4696
5556
5269
485
4795
2241
3646
5603
2415
7051
4491
8600
4375
6724
3795
5834
5177
6811
7126
2418
7011
5809
1281
4177
6690
5940
2144
6426
6981
5581
6757
844
188
3420
5241
8865
5666
3804
6896
5530
961
4262
2344
4945
1367
8524
4088
5808
5179
407
1580
7820
5304
8387
6744
957
7713
4603
3428
6957
1021
2631
5715
7250
1317
7260
5882
8336
3693
3854
6279
31
1702
5398
4241
3936
8542
4632
2772
8194
1472
1804
4108
6531
1771
5810
4139
1839
8142
6243
3387
4895
3714
5141
8169
5618
6103
3251
4840
6803
4765
1476
3334
7894
981
1676
8609
753
7438
5282
4153
2478
962
1295
6464
6183
7115
5585
1013
5942
4066
5352
7340
7325
4246
2186
5438
2496
7792
7095
6953
1147
1004
7020
899
2433
6114
1438
2617
2427
7624
7078
8795
4220
6408
3207
7762
1581
3751
6856
6985
3908
2912
2073
6547
915
3508
2688
8808
5203
2709
2686
8388
3351
3238
4925
5768
2799
2981
8576
2236
5443
8147
3173
4273
5458
5288
5021
6375
9012
5675
8591
5853
1569
4235
6442
4284
427
2937
1466
6186
6027
6234
3456
1042
5449
994
2594
6294
7155
8831
8799
6566
3655
2371
4161
4255
2801
2437
2506
3863
6964
6659
5521
492
5625
8132
2696
4885
3761
3344
5840
5097
2434
8133
8612
3615
8712
3479
5122
4238
3639
8525
6669
6774
3268
1060
4135
6731
870
2622
2407
498
5752
1030
5365
6530
3843
4024
1209
8422
1393
5791
2409
7180
5182
1020
5569
4830
3895
6298
2621
5161
5323
963
3927
3194
886
4051
5114
5387
5065
6416
2752
1696
4914
4756
5985
300
2793
2900
3981
1047
7056
3434
3702
1019
4349
7034
3584
7343
1794
7381
832
3868
5745
8121
3199
656
5553
2497
401
288
2404
6782
5777
3889
5146
2227
3540
2982
1145
1810
6873
4861
6051
4963
7451
6031
8638
4101
4748
205
5202
2826
1980
4263
1330
2824
7177
7787
5699
2120
3978
8370
4361
6829
3364
3218
7050
6084
1529
5707
7139
2366
6121
5633
8404
5843
8667
3487
2687
4511
3310
8341
3093
3427
996
6035
3643
4878
8366
5275
3913
4124
6794
6436
3402
2214
6056
5795
4555
3431
3503
5165
4652
2897
1193
4666
7743
4229
3160
872
735
2441
6785
4401
2396
2183
5604
4016
7045
7354
