item_recommendation
25737
8117
7697
7872
8327
7541
7914
8906
8093
8571
7649
6154
8447
8235
6314
5597
8121
7613
8225
8183
7293
6047
8462
5765
4945
8290
7560
7669
8360
7743
7437
7055
7311
8403
5899
7334
6506
8207
5413
4219
6467
8820
4195
6850
8253
775
8194
8167
5159
5718
8033
6100
6840
6970
2650
8772
6178
980
6493
5723
731
8129
7080
594
6103
3971
5515
7802
4159
7782
2418
8596
8420
7728
8392
3985
8522
5662
6121
4903
8743
5742
8499
1003
745
1870
6073
8899
3819
5008
5352
6260
2898
7636
6902
2654
8070
8154
1515
8636
7478
8491
5357
4901
5186
4550
5644
8998
8689
7878
8003
5834
5655
5264
3913
5102
5768
8056
5715
4066
4552
7407
960
5853
5675
8591
5288
984
9012
1513
6091
4743
2188
753
5729
8477
6918
4941
724
5666
6826
7186
626
5312
8580
7171
3307
5710
8136
8376
3875
3377
5275
986
7938
5323
2548
2651
5752
1507
6664
7234
8410
8385
1629
7502
1014
6513
976
6751
5732
8859
8629
7245
4731
7505
5282
6579
5458
5363
3584
6355
4740
5177
4957
5337
5980
2189
6383
5121
2798
1006
2769
4967
6676
7764
5968
4153
8720
5198
2659
5410
8777
8661
2764
5498
4821
2482
3232
8607
4355
5689
3816
6835
4076
2478
1317
733
5254
5839
5291
8684
3368
6377
8943
2520
743
7254
964
8961
5888
2932
8807
4895
7976
5808
7204
2428
6365
8142
5038
5117
6025
741
5466
8524
4420
8665
6684
7831
969
695
8699
101
5365
5443
5611
968
1035
4033
4366
3489
951
5936
401
5398
2183
7260
4241
3936
3334
3851
6718
6985
3188
9018
6547
1739
8589
8848
3324
7771
6404
2605
5649
8542
6760
6798
4963
7888
5139
8879
2513
4414
4440
4873
1367
6408
5815
4509
6509
7932
2300
8039
7272
6498
1012
5693
6609
2696
6225
5699
8768
6730
6286
5745
1092
4923
4984
4427
5795
4649
5641
1021
7078
2347
1057
864
1005
7577
8882
4450
5193
4782
266
1777
3889
6035
7786
3235
8654
2982
6294
7394
5167
6232
7753
8261
6728
6331
5940
5926
947
2688
6678
5625
8451
5672
2473
8147
6446
5572
5099
4437
8275
725
6436
7346
735
4121
6706
6803
5285
4602
4920
647
6887
6341
6375
8366
6464
6422
1572
5418
4980
4727
7881
5909
8819
2993
6963
5620
4795
962
1812
4765
1907
7228
750
5356
6530
8638
2956
5836
3611
4477
2407
6768
5553
5489
3284
7822
2797
5170
7263
8640
2647
6630
8672
5735
6658
869
6584
6207
5684
8838
5832
6896
6800
6774
6832
7419
1750
6645
2184
5400
865
4043
8761
5055
2120
7357
3495
7995
8042
4312
3758
4976
998
7198
4584
1624
8123
7919
6754
3825
5678
5696
8949
3957
5700
5577
3491
3497
5003
5517
6732
6851
6852
5826
5401
8828
5001
7791
6105
7309
6060
5002
5746
8921
6342
5736
7702
4889
5690
4929
5373
8610
5680
5034
2640
5667
5670
4832
4104
7153
4300
8371
5686
5685
3654
7063
8197
7947
3499
4677
5056
6432
7235
2409
1617
8423
8966
8158
8985
8582
8785
8872
5847
5004
8955
8130
4994
5796
8372
7017
4981
1192
880
4834
8835
8138
4801
8709
5243
7012
5462
4095
893
6533
5085
3238
3500
4999
8670
4428
3241
6827
5777
3096
4577
931
3028
4878
4016
1508
4228
1581
5161
5214
7034
6195
4251
3417
659
5203
990
6470
915
4105
8157
485
4846
4056
4996
526
2154
6791
3173
8920
2832
8187
4263
2594
858
4736
2912
1437
2496
2582
2983
1147
973
5425
1805
6612
7282
6521
5651
748
6296
1752
1104
5857
2741
5504
2801
6559
6390
2937
5650
4678
7738
2780
1762
5304
5404
4761
3359
535
2686
8675
6671
2546
1822
2668
1010
6037
6368
129
1580
7208
5375
4432
3668
746
965
1831
953
1187
1523
1053
1046
3656
4638
5891
4490
4960
3959
8808
4809
8751
1288
3194
3608
4079
8008
6211
4718
875
6862
7748
9001
4298
8482
4911
1084
5772
1059
4532
1819
2009
1004
3408
1636
4171
961
6950
8642
5051
7038
5053
5135
5419
5218
3707
4639
8840
3263
7445
3924
7587
6932
7944
7698
8833
3928
2660
1862
892
8695
2062
232
1024
5033
2892
2772
5241
4979
2288
4680
1438
5825
3093
48
5754
1744
3127
1047
45
189
2118
8511
8781
275
720
8633
4792
8914
2534
2374
8903
7894
2186
3445
4925
6240
1517
3753
8576
1771
4686
3587
4045
4833
1036
7371
1690
6957
4670
6624
4267
7492
7619
4130
3759
6744
1455
7160
3702
955
1767
3795
5810
3387
2976
6062
6395
4462
3140
4936
6400
3649
1008
263
1030
937
5971
2774
3487
1909
9004
5377
1042
5134
3877
1040
6516
1017
8268
6593
5164
4691
3113
4600
5092
5518
8977
7096
4316
4404
6724
6243
7897
8979
1060
6186
7487
218
6114
2227
1056
8604
7126
6502
2687
5646
8507
1026
5585
8387
2617
2935
7411
5313
656
6753
6279
3157
5208
7705
966
1020
285
1078
4246
1501
2441
4262
7323
6636
1876
2440
8484
3854
5989
3714
205
4735
788
5440
888
885
3122
3251
2730
4893
5449
2383
1497
8910
4636
7352
747
802
5470
1733
3984
3281
2090
5850
6703
3456
2212
2458
3869
833
719
7789
5000
6234
963
3256
8864
844
7792
8453
6748
7809
3882
6591
2331
492
6242
1980
3646
2415
912
4417
6550
4005
8865
5556
2775
2799
5296
7285
4372
3428
4951
2481
2433
2365
8722
5021
793
6093
8813
970
8984
1032
2385
2416
2676
7125
3880
6790
5952
5528
1834
3051
6611
4217
8827
1596
7650
5042
3915
6947
3873
7373
4480
5780
1756
5969
6585
6057
6864
4700
5278
2524
5063
5367
2622
4501
5041
6548
6765
7299
3218
7130
4500
4732
3805
5292
886
4380
2897
3653
7180
1562
1037
2981
5604
4310
2471
872
5202
6188
4618
2026
3402
3452
6447
6474
3394
5787
274
3632
7315
2078
5046
6568
2411
1479
2107
3799
1472
7379
2394
