item_recommendation
25737
8093
7697
647
7872
7560
7437
1145
8117
7613
8327
7541
1562
1711
8571
401
1535
775
1120
1552
7636
8447
2779
685
8290
8360
1161
2243
5159
798
808
1111
1317
3133
8070
8225
8033
1523
6073
1376
678
8183
5765
1779
714
1816
3150
1767
490
1707
2745
7738
62
5597
861
626
1831
8253
7669
1196
1891
1201
5662
1076
1791
1549
793
828
2832
8772
2128
1900
1513
8499
121
7914
1404
1073
4550
7478
8899
285
980
1777
1744
1844
1783
2282
1437
5742
213
8596
5515
2203
1667
2794
7878
2227
6676
7782
450
135
709
6493
8403
2445
2935
1631
8477
661
805
1277
1059
3152
387
2427
656
368
1726
1099
718
7171
6154
6091
1739
5936
4246
2686
5715
6751
1361
1049
1340
1206
2031
6121
6918
707
1507
2761
5723
6579
488
3019
7299
405
2200
7263
5839
5752
3751
272
5186
1819
6850
2565
129
2462
1880
1320
1181
1957
458
45
804
2681
1608
561
3166
1461
1180
216
3053
3063
1542
1415
1347
3069
3070
1861
471
1304
928
1237
3148
1238
290
502
2921
852
117
2671
2012
2016
2810
1366
1356
2889
2206
2916
2244
2918
2919
2920
1984
514
2297
864
2734
2967
1392
1497
194
1168
879
262
1453
1373
2504
2917
376
1003
367
2231
2327
8154
574
8420
1215
1592
8636
922
2275
1256
1255
178
6260
222
1449
1391
5288
123
2159
48
1240
1325
6902
5853
8591
5768
9012
5675
885
2002
1101
2877
5177
976
1644
1652
7121
2304
960
5498
3021
3018
659
420
4515
854
1931
3232
7394
6513
287
3142
6498
6178
1657
1788
2107
1264
4316
8743
4462
526
1488
4153
3168
2786
289
3146
2289
7728
8943
6294
720
1580
7407
5909
2545
1262
4432
1721
5410
5815
858
1482
140
1472
731
2527
779
1177
2787
2751
1236
8819
869
2130
1840
8751
186
535
2668
5795
2927
5275
1969
1696
1464
8003
126
8410
3086
166
1717
6760
891
2835
3889
2741
2219
5291
580
2186
7245
1480
1954
552
8580
353
5699
5264
5611
419
1053
541
1171
1733
4765
4923
1441
2959
10
1274
4584
5254
1771
849
266
6318
597
3129
68
6559
2769
802
1653
1165
5553
1209
4782
8720
5458
4166
564
144
181
34
5053
358
4262
8385
440
83
1837
1246
8042
1746
324
2067
7444
592
6774
6547
2775
1971
5888
1147
423
299
742
6985
1852
6000
7254
1878
568
2386
6803
4458
2780
2236
2688
7649
2139
357
2661
3213
637
5489
753
8709
5832
189
7976
8136
8376
1588
3875
6678
8207
105
417
2152
1688
513
6684
6970
342
1029
5693
554
1812
3854
6571
1532
5365
1234
4251
6636
472
695
326
5296
441
5198
1870
1907
2892
8670
5952
3368
230
2605
5857
2478
183
2467
733
1339
6084
4577
2237
4130
6658
6341
2013
1921
4727
444
2981
2815
282
7078
114
1673
5672
7204
1152
1433
1894
1431
2202
8522
3041
3281
719
8275
66
1941
7234
5666
5363
6355
1624
1727
1305
2770
6404
5655
5732
229
5850
7
1275
6835
1839
1008
614
1804
3015
5968
1858
1916
346
258
1419
6768
1639
2300
997
279
1731
7293
968
4761
70
6530
237
5466
2372
696
765
4095
3816
5282
2983
2582
5139
7352
1501
2272
5323
1006
7208
1208
263
4654
2011
312
1701
1345
1940
5214
5710
8777
1225
383
1279
1427
7831
8684
519
2212
4984
3051
2801
708
2687
702
491
1715
1686
3066
6706
1032
523
3188
2014
8542
5433
6718
6591
6856
4378
620
1805
389
8699
232
303
1103
81
1056
8607
1759
215
177
318
483
1586
3011
2583
2609
1428
4486
5641
1979
829
7705
8524
2248
8235
4801
4740
8661
5170
2938
5980
461
2982
6470
3235
6
7809
147
6195
615
1353
4304
724
1692
5473
3338
1187
2263
6322
8807
6232
6286
2866
912
6832
3256
1036
316
1665
300
5684
1582
3284
947
153
2718
328
7130
3713
954
1033
2441
6800
480
8589
4126
4610
7888
125
4816
101
278
3563
8650
1192
2473
4173
4073
4063
1176
460
8056
3081
435
7272
415
2401
8
1750
681
881
1025
5475
7334
1525
2479
4033
4914
3584
6739
721
704
1912
1226
161
2596
99
2922
2715
2285
2364
2403
1233
1616
167
2393
1080
2789
2766
918
3147
1388
3042
2633
3068
2215
1063
1204
1186
510
2074
1363
3177
3134
3005
306
6977
3831
1397
6703
520
4658
6143
2325
4945
4941
1620
8268
2120
5425
5846
6225
538
6840
507
810
2753
72
2598
205
2296
1978
2704
588
764
2500
4076
3474
3307
1218
2551
7020
2481
2374
1730
1273
1422
391
6624
1010
1411
162
7222
5008
5989
484
4649
4731
2976
2020
2086
2201
1997
2858
1081
4833
1963
1502
253
2458
154
5538
47
6721
1212
5092
3040
1873
2399
1699
1184
7802
555
2956
1841
5021
98
2429
2379
2546
3071
1972
3006
951
280
3194
195
2347
1959
5568
1629
650
1603
7282
5677
4121
1892
1027
866
6234
5818
5572
6035
1784
1827
1938
9
996
2534
3377
746
465
1909
8810
348
4296
1269
833
65
3211
6114
1060
4967
243
22
5117
991
84
227
1425
963
2659
3112
4873
4821
7484
1154
1479
2634
463
1290
1220
2864
3452
1224
100
638
63
1137
250
673
2496
5418
527
7932
4532
1605
2383
2043
573
3176
893
6103
2060
2321
1399
2566
1922
8848
8781
1914
3158
82
2635
2440
1929
1500
5243
1046
8827
2078
3753
1131
1571
7938
2717
1493
547
986
8187
6422
2856
953
2250
2803
2505
4043
4151
1702
934
1529
1382
6166
1095
1267
2946
9018
5729
2039
5055
5735
27
5932
522
4696
2616
2252
3185
2674
4114
1150
3489
558
5312
2247
7211
427
4105
4312
6436
4686
1286
6826
276
5419
1055
4440
4976
990
2572
