item_recommendation
25737
7872
8571
7541
8093
8327
7697
7613
8117
8447
8360
7914
7669
8225
8183
8253
8290
7560
7437
8033
8070
8403
980
7782
7636
8420
8154
8003
775
8056
8522
8385
7478
8743
5285
8661
5159
7649
7728
5264
5723
7802
7407
7234
5046
8879
8859
960
8410
7938
8207
8998
8596
1003
8961
8899
8772
6178
8477
7753
745
8235
731
8684
8499
4821
6970
6918
6091
984
8923
8974
8589
7738
7186
4437
8761
8777
6902
8376
8136
7293
6728
6154
2659
8654
6073
5008
5729
3875
8167
7786
3232
6826
4941
8008
5515
5765
5662
8709
6579
4366
1507
4550
1513
953
733
955
6314
5909
976
7705
7878
5742
8665
5117
232
7189
966
6609
6630
626
7245
969
695
5980
7394
4731
3368
8636
4076
8699
5186
266
7619
7757
6365
7204
858
7976
912
5288
3188
6559
5655
5597
8580
7171
1515
986
1042
8670
3324
724
5715
6260
8462
7888
5853
3816
8629
4984
3668
8819
951
485
1437
741
4809
5675
5768
9012
7831
7771
3093
4153
7263
6509
7254
1812
1024
6121
4873
6751
8591
2686
5839
7748
4936
6195
8239
48
8751
4920
2935
8864
8977
1777
915
1907
6404
8633
964
5936
8914
659
6760
8848
129
1523
965
6207
526
7583
6493
3281
3417
2062
8910
1046
4079
3307
2227
880
864
7881
5611
8482
2780
4740
4577
1744
45
6676
3928
3924
3707
7445
7698
4639
3263
3632
4923
5772
2660
7809
3127
8807
4188
5689
8840
7944
6932
7587
8833
9001
7316
6612
7038
6355
8642
8609
6624
1288
954
8927
828
1006
6390
4171
6718
5968
1367
8689
4584
8039
4251
7817
3608
5296
6684
2374
2801
5834
1021
3819
7272
6550
4761
7487
2764
6521
2173
6803
5815
5440
2982
1581
8261
101
3428
8768
2236
1870
6513
872
5410
5323
994
9018
7299
1004
1030
8387
8781
5693
535
2897
1624
1019
5787
5752
6047
7577
7502
2647
3235
8187
1771
6731
6408
401
6591
3584
4262
6744
1317
5291
3751
720
4801
189
2407
5666
725
8865
5177
4440
4162
735
7354
2798
840
8984
1562
8228
8607
3207
5365
7720
6892
5254
2506
3702
990
2496
2340
5294
8720
1531
4404
3377
647
6748
2288
6985
8920
2617
3251
5585
8451
2418
4432
8604
8620
6530
2318
2769
5699
2404
4895
6835
2300
5312
2344
970
1053
7126
7484
2772
9004
893
9010
888
6294
6436
1767
7894
5139
968
5210
285
962
8392
1057
7282
1020
5275
3292
8695
8142
5810
2347
8574
2433
7822
1816
869
6658
8722
4658
8745
5038
2956
6375
5198
2622
4632
6331
3714
5282
5449
1739
6498
4765
6547
6850
7260
4241
3334
5398
3936
2688
8388
7932
3489
7107
5926
8542
2687
5443
5498
7078
656
2478
5888
6536
8903
1676
3863
2513
4375
870
3869
7792
8147
4782
1060
5952
531
6832
6286
1819
746
8491
8799
7789
6143
2937
4177
2415
6706
3795
5625
492
3587
6077
2605
998
8169
6885
5473
2709
5795
6000
4911
3655
8943
2799
4161
5363
3344
3615
6566
5840
8612
4238
8712
8831
8525
7155
3479
5122
3761
2434
8133
3639
5097
2241
6636
5458
5710
4427
5832
6464
6678
981
5732
6318
263
2212
4420
5588
6703
7212
1876
2741
4603
6446
8524
1012
750
957
3860
4638
947
6887
6798
6774
3882
5808
6896
2516
6862
4121
7919
4414
844
2396
3431
2981
2775
2696
8882
2668
4462
2366
7011
1580
1517
5470
2338
6422
8667
2186
3889
8157
4450
3028
1026
4967
6440
8507
6791
5569
5413
4312
76
4814
5164
3351
8191
2394
6535
5836
522
8366
2651
7481
3256
7492
4600
7160
7415
7034
8121
2004
3456
1479
4727
1132
8838
5193
7419
4391
5170
2912
5165
8640
5475
5466
6768
5684
5572
1040
5214
1193
7055
7990
6103
6800
5850
1010
7208
7099
8827
5672
6927
2183
5825
3284
4024
7627
3438
753
3804
5604
4290
5641
6148
3500
7195
419
6584
5400
6035
5202
3851
6981
1476
5923
1187
2815
6186
4837
7198
8044
2832
8835
3611
6400
3540
719
7743
6999
8675
2548
6254
1209
816
7357
3996
7135
205
8511
5857
1352
1612
8131
5462
8275
7096
5940
4477
7346
761
6568
3394
3799
8130
6852
7947
6732
6754
1617
6342
8985
4994
4104
5003
7235
8828
3491
5004
6341
5001
5002
5517
7017
3497
8371
4832
8872
8197
6963
6105
5373
7063
8582
8921
7791
3825
4889
8966
5401
8123
3654
2640
4300
5796
5034
8949
8672
8610
3499
4929
6851
5685
5577
7309
5847
7702
7153
5700
8158
5696
5056
4677
5736
5690
3957
5746
5826
6432
5667
6060
5678
5686
8785
5680
5670
5243
2925
5735
6232
832
4976
1013
3218
2385
274
2654
4878
6645
2184
865
4876
8700
1497
2437
6114
1145
2621
7180
154
2398
8979
7897
218
1419
963
7380
3176
1027
5809
7130
3034
8892
7228
3213
3478
2159
1192
6348
1037
6840
2457
2993
2892
144
196
6641
4885
1104
6977
7121
1016
8372
8423
8138
8955
4834
4105
1508
1472
7012
8042
881
6533
1822
5553
1032
1569
785
7250
3693
7995
1834
1173
1500
1750
4999
1125
4903
4428
5055
1652
2802
2231
3758
2442
3241
7759
6062
5065
5161
6470
1504
4980
3096
2428
3495
575
6827
6383
5745
8638
3258
5134
4914
5085
5021
7453
1590
8614
2331
8268
5241
3296
3427
6140
6858
4016
3445
7311
7764
2473
726
2581
885
6695
6276
2582
2983
6762
2959
3113
743
937
2961
5703
1702
4532
956
7979
4925
2368
2120
4861
8530
2232
2346
5864
3238
5418
1525
4649
4033
6243
1120
15
2370
2534
7584
2941
8948
3997
5558
5801
1824
6920
6296
8009
105
1438
798
802
111
1501
1014
7211
916
2155
961
4840
2078
3596
5017
6211
2900
5168
8453
6739
1805
4200
8718
1688
1225
3768
5504
4811
4292
8908
6415
8526
7044
7845
8950
6370
4020
3492
5433
2500
3157
7840
93
5534
7101
472
1047
