item_recommendation
25737
7872
7541
8571
8093
8327
401
8207
8117
7437
7697
8183
647
7613
1111
8360
1562
5765
5515
7914
1523
1120
1535
5410
2605
7560
7669
8447
7802
8070
1711
1076
1513
4246
8253
1744
1145
6073
980
129
7478
8420
8033
775
2779
8225
8522
140
5198
1320
6211
1816
1552
8477
6579
2243
2227
6195
8261
3232
7649
2686
1788
828
5556
2745
6395
3235
8290
793
285
5597
5177
5772
2504
1907
2935
3133
1767
5980
6365
626
1580
798
195
3587
4696
5742
3150
3086
7636
1161
6355
4911
4550
526
6154
5159
1073
405
1631
4830
6493
678
2159
1404
714
5470
4316
5312
3377
7245
4600
2300
7782
5689
8056
1652
121
423
407
6970
1003
1707
4731
858
718
7282
6077
6178
4795
5033
7407
1437
1777
5269
5784
5825
7932
2966
1549
387
3152
5264
3368
3324
4584
8499
4638
1771
7272
659
2681
5729
4262
733
1472
144
888
2128
2200
135
4088
1099
4649
183
2231
2832
4809
3292
7995
1870
1507
34
561
5114
8899
885
1657
8743
7228
1812
1317
8187
3751
8684
2062
5538
8385
8848
2761
1196
3354
1453
4577
4873
2219
2769
8235
4290
984
2327
3081
472
5134
252
5791
808
1147
2212
8403
7938
4748
1783
1779
6918
5489
6658
2445
5443
1852
8451
3816
2659
3210
1721
272
4166
7809
1639
8772
1831
5723
8722
4284
3604
8003
986
8661
1819
1608
3238
4296
1171
8154
7881
5182
1880
861
5315
6279
5666
1135
8998
232
1686
599
731
2282
7121
5254
3334
2565
2786
741
100
4273
7492
4703
7728
5186
7260
6636
4241
5288
266
5909
3936
321
661
5139
454
420
523
5038
3019
8859
222
1525
3819
480
1482
2467
695
5398
1059
8903
8604
1739
2031
4709
990
7577
3066
4101
6404
2203
3281
1215
1053
864
178
5202
1363
824
753
8675
1046
3188
2462
2379
854
1352
818
1255
1419
1479
3434
2647
7979
5433
2427
4941
422
574
48
3608
16
4782
7444
470
1971
1957
960
2734
535
2297
458
1392
8819
3489
2917
2918
2920
471
3166
2671
2810
1304
2921
1237
1542
1366
2916
3053
3063
1238
2919
1415
3069
502
3070
117
3148
1461
2889
2016
2206
928
852
2244
1347
1861
1356
216
1180
290
2012
1984
514
3060
6559
2967
194
2688
805
437
8943
1696
558
1131
2696
1844
592
4740
656
5787
881
1970
5395
2241
1769
3021
8777
5352
1667
3563
21
5008
299
7340
57
2275
1168
1373
5715
2815
6690
1592
3213
1325
5427
3140
5193
479
8410
1794
4076
5768
1236
3357
105
5346
520
7738
6091
4414
1256
845
7293
5662
4658
2496
527
816
6408
4987
229
2002
2668
193
875
637
5888
804
7789
7753
2829
8709
8879
996
461
474
233
6850
6140
6148
4349
5
342
213
3643
976
869
8596
5808
1187
2494
3668
522
879
2304
3018
9018
1931
7234
7139
1726
2415
1132
4727
3051
2866
2912
2877
720
580
5705
5611
4634
6476
8629
735
2149
3575
5161
6051
4432
3780
2981
3146
4417
6482
238
2011
2340
314
1873
8761
955
1866
2468
3522
202
2204
4383
6000
4920
5413
6525
332
4821
4945
685
5936
1209
3194
1497
30
4515
2490
1017
6273
2689
3879
966
6728
4051
1644
4801
45
3370
8795
7394
8136
8376
2186
709
8157
2350
745
179
5718
5053
189
328
1422
2207
3408
6684
6446
742
2507
237
3168
1840
8636
2780
1569
6260
1515
6498
1264
2615
312
186
2741
2611
2486
4337
2676
427
6473
7878
617
7204
1077
3996
4861
7177
3875
1274
597
2752
7976
2927
690
2318
778
6294
5498
948
1411
541
3127
3854
2770
4079
891
7250
53
8654
1954
1444
614
2478
4923
1354
6390
1060
4673
304
4769
1941
615
2687
5588
4865
1049
870
3011
5103
1590
3401
4366
1288
3521
5853
981
8121
953
6
3388
3129
886
8336
1268
2236
8607
550
1826
4278
3024
4190
4139
7263
1836
6902
2976
153
5404
5707
2545
1969
2516
820
2288
1665
7186
571
280
444
3404
1029
1240
196
951
7934
1272
1582
2560
3702
2835
81
1980
1476
2202
2766
1013
5655
3868
7299
1624
209
5815
7115
1006
1277
802
1346
2481
8273
1281
2661
764
964
8807
4818
6927
3649
1433
4626
4570
6348
872
5777
496
4654
5348
5672
2448
2139
6383
7101
7415
2669
849
5839
2197
2794
2306
1184
963
87
253
697
5275
4612
335
896
3843
1394
1688
969
460
3358
1891
5222
4645
249
4960
5641
2633
6037
1746
5843
1020
2107
7815
8167
3882
5224
2248
205
1206
2386
4716
1934
5846
5179
1959
1441
1310
5699
8853
4932
5010
3900
6800
1916
6793
263
5544
2798
4458
2013
2956
3398
1331
483
242
289
3207
5682
3040
6484
8957
324
4401
3552
1010
2441
6440
2839
2883
4475
5417
215
177
3546
4381
5231
7117
5057
3695
3679
5066
5111
8196
3673
6238
3664
3661
6468
8363
3788
5255
3618
7083
3476
5283
5792
5299
5300
5366
8528
6228
8544
3771
5841
4175
4975
4403
4140
5450
4018
7199
4459
4465
3992
5995
5994
3943
6936
6323
6332
3897
2106
4745
4749
1610
4767
3326
6250
3835
6387
2697
4464
5694
8584
920
5505
8611
5506
8970
921
919
4815
4411
2465
6101
5428
58
3430
2828
2843
3677
3425
410
3456
7899
3564
3276
9012
5296
3253
2237
4964
1033
1425
4404
2754
4765
2596
3072
5108
8914
4947
5503
1963
4121
991
1733
3264
5101
3428
3349
5675
6056
4802
1759
6826
1040
66
10
5069
6458
6243
1730
6022
1605
1464
5375
6155
4619
707
3412
8591
6706
1588
3316
1948
708
1226
3147
1186
1233
2393
1204
510
2364
2074
2789
3134
2922
167
3042
99
161
2215
3005
918
1063
2285
1080
2403
1616
1388
2715
3068
3177
4228
704
306
162
6405
719
2946
844
5339
