item_recommendation
25737
775
7872
7914
8327
7541
8033
741
731
1523
1513
8117
8253
8183
7697
980
8225
7437
8093
735
7669
1003
7613
1507
869
8290
5008
2769
8056
8571
8360
976
5515
1870
2686
984
2221
3232
3235
7802
4795
3751
4316
1515
753
1777
8772
4830
8003
5159
2741
8235
1831
986
733
1030
2438
8684
3330
424
745
2912
1739
3173
7728
626
2227
2504
1497
2829
4649
8447
1744
793
1907
2712
9018
4584
5312
743
6178
5742
8207
1053
4550
1035
2513
4861
990
828
2212
719
951
1004
7560
5198
960
2798
736
2176
765
2832
2318
963
3086
724
1147
8403
7478
3338
2770
1852
2772
4246
3816
2481
3402
1040
1919
2976
720
864
1010
1812
3649
2385
6559
8167
750
858
3604
5275
2248
726
5186
2231
1816
2764
1771
1317
2573
5850
746
888
1819
7932
2937
2669
2186
401
5352
1866
1822
2487
4696
7636
5323
2690
3324
1006
8499
7228
7649
725
8070
5346
8636
1525
5597
2193
1794
6751
2440
695
2688
4401
1008
6760
3194
1500
4740
988
7878
4987
4920
3368
1057
1026
129
3000
8607
2801
955
786
8879
1209
1688
893
5765
5410
1161
4731
1363
3759
6154
313
3113
1876
5641
8827
5980
2467
2383
8039
2611
3152
875
1580
3388
3095
3213
4101
6225
2496
2835
5053
8420
6260
8410
2473
4262
2639
1504
1132
885
7492
721
1013
3575
5375
973
2354
5161
3210
2465
4228
4782
2668
1472
728
1020
2880
8154
3892
5199
3159
3262
3784
929
4888
4643
3357
6091
8596
2982
8491
3051
4045
5662
1120
915
2288
1624
1046
1501
968
2796
766
7407
2594
3358
2651
1064
961
5968
2687
609
5264
5715
7705
3238
6902
8777
4765
2570
5768
5853
5288
9012
5675
8591
2689
3081
8699
1508
5214
3125
7782
535
6365
105
7995
232
2681
861
7738
2506
1750
7160
1245
4642
3140
6835
2460
3522
5625
6073
3916
4761
1631
4111
2898
2938
266
769
5611
1734
3377
2605
4515
981
4833
680
461
3852
2966
964
1844
4051
3452
8477
954
37
912
4355
742
2494
2134
5808
6294
8451
5046
748
2546
5033
5304
2892
737
892
5356
2428
8524
259
4718
2780
2427
2202
3243
8511
1690
2534
2600
4010
3979
4053
1241
4009
4012
3481
4014
4011
1288
2696
7577
1078
3989
431
3024
1084
4016
2709
8943
3926
4563
472
8903
2548
474
2311
4873
5568
285
969
3521
2692
5335
5630
4878
1755
3831
4638
938
2925
2351
2993
718
8807
2935
2779
8261
3754
8616
2082
970
1643
2342
4809
5729
937
3150
48
6579
1948
1021
6162
1111
1235
872
7809
101
2815
4121
1783
1041
6493
647
1394
802
188
2155
5177
6318
7979
3900
4312
8899
956
3800
4349
4076
2300
3690
1331
7484
2425
2659
996
2340
2197
5038
1696
5282
2120
3163
1042
3281
1581
2201
1951
2691
521
2735
2878
8910
3067
3702
1352
8675
931
2774
816
2439
2793
1970
966
762
2786
423
1495
1636
2371
213
1549
5672
5171
5055
4803
5452
1629
2167
531
5080
2704
7299
1032
4194
6513
2327
2490
16
244
2146
1428
4190
8580
4293
2374
923
2761
1531
4098
2752
526
3885
5489
1367
4255
7245
757
2138
5936
4552
2521
3646
1393
2399
722
321
1047
3408
1014
6198
3211
833
1104
1909
962
886
2755
8927
3653
2407
4290
8542
4691
4039
1836
5285
6207
3359
1590
2983
2582
1997
2214
1103
1562
1036
4462
1346
2817
953
747
5324
3554
3325
1663
25
5723
1148
1640
1652
7254
5021
350
1059
1187
7897
6031
2353
3186
8014
4658
7892
8482
6148
5710
4354
4511
2347
1625
5772
7293
1016
965
7016
7192
8915
8813
6378
4090
4688
4848
7150
3266
3038
3515
8979
7812
7840
8057
3467
8254
870
2500
7136
6970
6617
7355
6615
6283
5965
7843
7844
7706
6185
4984
8720
8625
6047
1493
2616
8892
3489
7316
1653
5923
4440
499
4933
2352
6944
3250
3801
4680
8866
788
1301
6840
8808
5655
8871
5103
7841
1959
3880
3427
7458
5521
485
1657
4002
947
2085
994
3698
1466
6121
1408
1033
7583
879
2131
1759
6286
2559
15
8998
7585
7771
4347
2989
2392
306
2325
4532
1721
2154
6331
2287
1135
1204
1233
1226
2922
1186
2866
161
3005
2766
1063
167
918
2789
3042
3177
3147
3068
3134
4191
999
1312
4369
5992
3296
7456
189
2520
2241
5752
4792
2334
7161
3753
1821
2876
4491
5689
7130
982
3435
3843
196
6436
5666
1841
7762
4148
6243
7822
714
998
5343
8819
64
1017
678
5603
3758
6684
4319
8531
5693
6918
5462
5254
7260
300
2860
523
6676
3420
4263
2620
5787
6678
2468
3848
4437
6530
1834
4241
3936
3334
5398
8864
6355
5117
1023
1730
5241
32
1336
3508
2152
6232
3889
3028
3438
2956
6706
4911
2090
6686
2727
760
2043
8751
4450
3188
5440
2171
1114
6422
5139
4645
4568
8387
6803
5888
896
5443
8865
2195
8665
4727
761
2144
2333
4427
6271
6774
2295
4135
1518
4380
7357
2178
2284
1437
5815
8142
1980
4546
371
6062
8522
3218
6341
6103
2647
5218
8661
2189
1665
8810
1037
991
2488
555
2812
8722
1212
4231
8848
6408
6426
8743
3854
4673
2302
205
7211
1862
1192
6753
4161
4482
131
3710
5942
6885
3401
5699
8617
3029
8136
8376
4801
6390
487
2899
2609
3927
876
7093
5415
3875
840
6195
1282
4821
34
4996
1604
2337
4420
2031
1330
8187
3959
5051
1145
4166
4414
349
1333
5243
5365
4095
651
3116
3475
942
1349
3676
2073
1060
881
632
2987
3241
1863
3155
5735
4136
1639
1490
6035
1556
7171
8589
7938
8695
3364
4625
3981
3253
2173
3428
4608
6163
3608
1826
4867
4132
1535
3091
2985
2901
1131
1660
3292
2802
1582
1005
4188
1173
2254
3868
7976
4079
5572
4142
2069
2180
527
755
809
1449
