item_recommendation
25737
8093
775
7872
2897
980
2907
8571
741
1513
7541
7613
8327
3244
793
1939
1046
2724
7914
8290
731
1523
8360
8183
7697
8225
733
1003
1750
960
8447
8070
1515
7437
8117
745
1026
876
7669
735
718
626
984
2769
976
5410
955
1744
7560
1041
961
2186
2227
1507
875
2686
5159
5264
7636
5008
1809
3235
5597
8403
1016
2605
786
1739
5515
869
8033
1493
8661
2398
1040
7728
828
2668
1057
1020
8253
7782
1812
1676
1870
1816
8499
4550
6091
1004
526
724
1777
1030
2772
1006
2236
2798
1831
2912
129
1053
2440
1767
798
4731
8410
2937
1008
695
8056
2481
2460
981
401
912
3751
1145
1111
4782
8772
4649
986
232
1819
1907
8154
746
990
8235
8596
4262
951
964
726
1497
8003
1876
953
4658
8477
2741
5662
6073
2513
893
968
970
2438
3354
8899
8684
1580
725
1288
5765
3232
719
764
1562
2504
3238
969
1021
824
1125
1525
8819
7478
1852
2363
2669
743
8859
285
720
1624
858
4584
870
266
4821
7938
7753
5742
750
2173
1317
1120
3900
2982
5288
3456
2487
5282
954
7293
4437
8743
5186
2688
7878
6260
8522
647
2718
3093
6154
8699
4638
816
4076
4600
864
963
1652
8879
3113
8777
2659
2231
5936
915
8761
8385
3408
5723
5853
3368
1042
3281
994
7407
8420
8654
881
7738
2687
2342
753
2956
1581
535
1036
3152
966
2835
937
1657
1508
4440
4366
1037
8636
1078
3324
1490
2770
4577
48
2385
2801
1472
5489
973
3051
988
6902
5296
5839
8591
5675
5768
5715
9012
1771
1024
4511
748
6918
2935
5275
5498
2689
885
2212
3412
6970
5177
4740
5198
4316
7802
5033
8709
3165
8376
8136
1608
2548
2815
1060
4920
4079
2925
2546
872
3875
2439
6579
1064
7234
866
2340
1147
5312
5909
1047
5815
4696
6728
2197
1639
888
2496
3140
778
4188
101
2241
5641
4830
728
1032
762
2545
2473
1721
1663
2441
2352
4933
5834
916
3602
1996
2533
3125
1245
474
4673
5323
2287
4051
947
2573
1980
5729
3095
3475
3116
651
8580
3676
1023
2485
3604
3632
4795
7888
840
7254
2761
2428
5693
1013
2981
1012
6178
2383
1056
957
2727
1631
2082
1970
765
7204
3916
892
1135
3417
1500
1059
5352
2468
3575
2300
2976
3996
531
609
144
6355
7394
880
4727
7245
1010
2786
6530
1132
3188
1909
1501
2344
7649
656
45
6547
5053
2779
2120
1688
2131
938
818
2752
2570
5218
5752
3081
1429
6314
721
1394
5473
2832
205
4984
2793
2521
1187
2183
2407
742
4462
1660
2248
8207
3428
6751
2677
6803
5832
189
2764
2780
6493
1281
4634
1488
2396
140
2427
3338
1177
2527
779
2751
2787
2506
3500
879
4873
2415
8720
3334
3173
4290
5291
886
2204
785
6630
1453
813
5772
7078
3608
1783
2827
2534
5611
2673
3292
472
485
956
5440
7171
965
4941
2674
25
2159
105
1103
2572
3402
8998
1734
6404
1014
1822
7316
8665
2624
6365
1690
218
4458
2130
7831
2366
2288
4432
2829
3024
4263
5795
3702
6294
1331
2202
922
2966
4414
1916
6225
934
6509
5980
2118
1031
1104
1487
1007
3908
1019
1873
833
2577
3816
1696
8607
4809
659
4246
2735
5699
3869
4765
2062
4095
2696
8387
8961
8865
861
1643
2465
4153
1502
4404
2892
7771
1569
2709
4162
996
6077
4801
1590
2582
2983
7817
8943
1
6000
8388
6422
2339
5139
1755
2478
2347
1437
7487
1476
4375
1973
2500
3831
2690
1209
6760
5710
4177
3452
3743
4923
5968
632
419
2993
8670
8239
7299
6985
6706
6850
3690
5655
5588
8167
1735
2155
999
3587
7186
3000
5214
6436
769
997
1531
3880
6684
1604
7583
3377
7415
3989
1951
6498
4878
2483
3759
1286
2621
1959
7619
3268
4326
3155
1636
8848
3213
8524
3655
7990
691
3489
8187
2026
2567
4861
196
7786
8142
4016
1066
6375
6195
6513
2494
5684
3522
6718
839
4515
6676
4312
1152
1225
1582
9018
6703
3150
4976
8927
8807
3786
4380
3086
1363
5055
1025
2318
2802
3668
527
1196
782
1504
1794
5462
1295
6440
5038
5069
5672
5787
1055
8977
5808
1367
4967
1518
3691
8228
6450
3863
1702
6800
8768
6341
5087
2600
5241
7720
407
8044
2200
5365
7272
8482
5254
945
7208
835
2433
2425
6286
9010
2819
5558
2938
528
5689
5625
522
4603
1422
4251
7419
5666
6835
998
3758
1291
6035
4191
3307
8633
8169
900
8910
16
2467
5170
1161
2583
788
2327
2134
2651
3757
5926
3465
7107
7135
6121
844
2766
5735
832
4401
8008
722
4014
427
1352
2354
7757
8864
5114
8392
5161
4680
8542
1035
6977
4101
5017
1759
3339
4121
4987
599
2479
4654
4632
3344
8712
3761
5840
3639
3615
3479
7155
8831
2434
8799
4238
5122
8525
5097
8133
8620
6566
8612
8609
4171
802
8589
2596
4761
2368
759
5572
4161
5400
5538
5243
2975
2289
2442
4241
5398
3936
7260
6768
6521
5466
6207
1834
1192
3243
3979
3481
4009
4010
1241
4053
4011
4012
3819
5443
761
6550
5857
1711
5556
2617
2692
2866
360
3754
2046
5363
7099
5732
2535
2437
5134
1133
6591
2043
4718
6826
3854
760
4980
1824
1184
747
3755
2380
3176
8629
4024
2633
1910
2430
3914
3436
3429
3426
3919
3930
3785
3094
2875
3490
4007
3620
2783
3189
3824
3127
6232
3891
3343
567
3194
3427
1863
781
2325
244
3396
5117
3177
1616
3147
2922
1204
1080
2074
2403
2715
918
1186
2285
2789
99
3134
2215
510
167
3042
1529
6408
6348
1667
1516
3682
3692
1061
2102
5285
7919
6739
5015
608
7012
2133
6641
2898
704
4979
4033
2699
1707
161
3005
1233
3068
1226
1063
1388
2393
2364
306
8667
6368
8366
5346
8275
1556
3388
7380
6896
337
3626
7748
1028
6464
