item_recommendation
25737
8571
7697
8093
7872
7541
8360
8327
8253
647
7782
7636
7738
1120
1535
1711
7560
8070
2779
1552
1562
1523
3232
8385
2243
6850
1076
1111
3133
8420
7437
1437
8033
1404
3152
8522
401
678
92
1145
7802
1073
7407
561
8477
6559
387
2605
121
6669
6658
659
1580
2681
793
1788
2200
4262
2231
849
661
1255
140
8859
8709
4246
599
80
1880
1549
8661
6091
8684
6000
8117
135
4830
6195
3235
2227
7809
5765
8447
8819
3150
3127
2745
4171
6395
8225
1320
980
5909
4873
7938
2203
1236
714
8056
5159
2445
6728
1657
7914
2128
222
2001
2959
4600
491
1196
1215
8743
2149
6918
5952
615
808
2832
805
463
828
129
861
2462
272
1665
3086
2917
2935
405
1453
1171
1206
100
1816
2565
2219
7649
4709
407
592
4782
4290
1161
178
2297
57
458
7130
4936
2516
1931
6676
6970
441
8235
2734
1392
1707
194
2159
2921
3053
1542
2920
2919
471
2916
2889
2918
216
1461
3063
2012
3069
3070
2244
2016
1347
2671
1304
290
2031
1356
1366
1238
1861
3166
1984
852
1237
2206
3148
2282
2810
117
1415
502
928
1180
514
4731
1099
8290
2659
2967
1957
7881
1168
1592
1373
4911
6077
8207
3019
342
637
229
480
2002
804
3021
2275
4194
5489
818
1631
25
8751
6582
574
858
5296
1325
1240
6493
1246
2013
650
3587
1971
1317
1256
6440
420
7478
896
6832
5033
5597
3354
1744
8654
1852
45
3207
6314
6636
2327
1277
1295
3018
571
7613
568
34
7234
8810
5947
1569
2304
2877
6348
4895
3146
2237
7121
1274
5410
8462
7204
1840
6073
845
7038
966
1131
550
2504
4079
8961
2961
1767
3668
3185
4437
8136
8376
3417
1345
854
4748
2839
7932
341
7415
7995
6355
2379
3251
8187
3819
326
1907
3324
4821
2647
7263
314
656
287
1298
7444
7753
9018
4920
8650
6932
4404
1029
4366
1472
1588
3168
3011
6826
7186
83
4432
540
597
8511
6612
541
5134
7445
3263
8840
3707
7698
3875
7786
4639
7944
3924
8833
3928
7587
4923
1644
4577
426
2011
2956
6279
1441
186
7976
673
6690
6695
2660
8642
718
7293
6739
3347
95
1046
7487
1652
2468
2204
8665
1425
3238
483
2613
7222
332
5980
879
8604
5534
5723
2927
8044
266
3188
183
227
9001
383
6318
7577
8689
5458
6743
81
1777
427
1397
3129
5222
5936
3977
4223
6643
5264
2533
6166
299
289
7272
380
9004
891
3040
153
685
7394
6390
6365
4842
4321
4168
68
3951
6211
5810
7245
848
7228
1728
7347
5926
3213
5202
6856
8482
1270
5498
2995
709
7171
1676
4251
614
231
391
6412
1064
114
6599
2855
144
2668
7135
2415
6552
7669
3604
3714
1938
1731
7888
8499
4886
2268
7827
6498
8362
6863
1605
1969
4088
1837
3307
168
3428
5
154
4941
1411
1361
2418
2686
2103
285
6609
423
3693
3763
232
324
6561
1963
626
523
1264
2139
3081
1353
2186
888
4135
1187
5177
2622
1460
4114
344
6877
5729
189
7789
5530
5473
2966
1433
1620
6806
5146
3816
5198
3996
872
421
1686
3975
2131
158
2780
496
7034
282
4638
1771
5560
1696
7126
8700
2486
707
1339
1848
667
1667
5785
5553
499
6624
8761
1480
3794
1
1783
798
2620
824
7502
5021
1639
1941
470
3034
569
1482
4885
4383
147
3165
8167
440
492
2187
101
1693
3766
3377
3015
4658
1126
6630
6906
617
215
177
8920
1873
252
5585
279
8261
1844
1253
2738
9
695
5449
77
3626
1606
7792
333
1358
2490
1827
513
422
6140
2478
2769
1977
4153
2063
7439
1954
4844
3795
2250
2722
1321
1603
1422
2026
1288
7055
2741
3368
6703
1484
7894
4992
281
3210
321
2897
3351
2394
2893
5438
4146
1245
6051
986
1049
8879
3091
1970
526
417
6180
4927
2329
1431
4386
5233
6522
1916
6591
48
8616
5250
7215
3702
3208
7757
1176
2386
7022
4801
7748
3024
1979
6373
3316
449
1217
5218
6276
126
2310
2352
4933
1721
5791
2661
531
3402
195
697
1123
3457
1719
5352
556
3421
2273
6985
6148
533
2138
335
6977
366
2860
1081
5548
7299
6367
2835
3643
238
176
3066
303
1310
2407
6711
8899
1267
5395
8827
2856
132
5588
1878
2067
5214
1940
960
8914
1377
3676
5556
1589
2212
7107
3140
651
2747
2949
27
4084
976
4420
464
4584
4296
7619
4051
2483
988
6084
125
3060
3575
691
3116
3475
3786
6777
3072
4696
66
875
6744
1212
1269
5515
3218
2652
5291
6341
775
535
8410
6305
5803
262
148
1286
111
6290
4550
2263
390
2306
10
2621
3205
809
3394
1476
294
1642
4849
7311
5246
1996
3845
6056
8670
5503
4458
5581
885
2080
3000
36
5857
3983
6100
957
2173
1083
1601
2912
2305
3616
7759
8695
1184
690
4865
1395
199
1281
4406
6294
6042
7492
5832
264
3747
1715
6579
1305
8491
4473
552
2425
456
6721
3548
1040
5165
6201
1493
5900
2941
6641
5839
4692
8526
8908
7044
8950
8948
6762
7099
7845
4292
6370
4020
7584
3997
7817
5558
5693
6568
1824
4811
7990
6415
3492
360
1132
7566
5801
679
911
1077
3752
613
1354
4765
8
6822
6216
6350
3809
8675
5038
1835
7180
3221
7380
7195
4809
2048
4511
2197
1287
1525
1464
2467
251
5297
4371
6539
4751
4454
6880
5809
160
2
3560
1826
6708
4508
1382
671
4634
8009
1100
4552
2984
2946
820
3441
2053
5619
8014
5873
4952
4451
5752
6143
2494
1701
7831
3632
4139
4169
1024
5850
354
3671
4483
5433
3814
1608
5568
7352
2906
1902
2928
6124
1341
3412
6299
184
6525
3256
1833
481
3430
504
1733
328
2704
5864
2107
519
4503
4121
6243
2499
2313
733
5151
1352
5899
816
1251
7137
1746
