item_recommendation
25737
7872
8327
8093
7541
8117
8183
8571
7914
7613
8225
7697
8360
1513
8447
7437
8290
8033
775
7669
7560
5515
6073
1777
8403
2210
8772
2686
1317
1812
401
7728
8003
7782
8253
1580
731
5410
7478
8070
2159
741
5742
858
8420
1739
8499
8207
5159
1744
5765
7878
5008
1907
8410
213
8154
6579
6154
5186
1816
828
3232
2668
980
5853
1852
5715
8899
8596
6091
7636
2761
4550
3235
718
6260
1507
4600
7649
5288
4740
6178
5597
2786
8636
5264
1870
8056
2318
9012
8591
5675
6902
2935
984
5768
885
1721
5662
1003
8998
8777
7802
4584
3751
5641
798
3889
2769
5177
5275
129
8522
2504
2605
3368
2227
5980
6970
1472
976
1053
8879
1696
4795
5723
6355
3324
4262
3377
8699
5038
2427
5198
8661
8235
4076
8943
4830
3081
2288
647
7282
7254
864
1147
888
4440
1363
986
2832
6751
8580
8743
5839
1783
4511
5489
1608
816
8761
872
1624
3150
2155
6760
869
7938
105
7245
5053
915
4366
1523
2688
1515
6718
5282
2835
1598
8684
4696
1771
6918
5254
7738
2300
535
8720
6835
2399
2494
5139
8376
8136
5729
2801
4809
4312
1959
2966
3051
8859
3211
1759
7407
5312
4731
1804
8477
5936
3875
4727
2090
991
735
7234
724
990
1562
2687
4316
6365
1997
960
3173
1831
7204
3489
5689
1288
6195
8629
626
2866
1796
7171
1046
1726
5752
6000
2546
2325
742
2582
2983
4873
306
4101
3334
1233
3005
918
1204
3042
161
2922
3177
167
2766
1186
1226
3134
1063
3147
2789
3068
5968
7293
2021
47
2815
1688
1187
2696
6404
5772
3608
6436
733
7260
3900
4821
1730
1440
5815
4658
2956
4911
1767
2659
2478
5909
8910
1909
8607
2596
1841
1145
4765
2043
4649
5117
7771
2496
5323
2212
3338
2976
8665
1639
2600
2892
6493
3936
5398
4241
2429
4437
285
5666
2120
6706
7720
2215
2285
1616
1080
2403
1388
510
2393
2074
2364
99
2633
2715
704
1951
439
2082
3868
2843
947
5443
1972
3071
4920
8768
5625
4098
2981
2069
951
6513
2798
6559
1750
1652
4782
162
5170
2154
2829
5808
7078
969
5346
8807
2169
8848
5672
3816
6408
5588
1401
1184
1033
3604
2937
2975
1819
2858
7753
2982
5033
2383
507
1059
3284
1398
526
2753
3125
1218
6547
1428
2570
8589
8142
2793
95
6774
6031
707
278
2567
7831
5699
2649
6294
2634
1349
4878
1006
875
1085
1225
955
1196
2780
8524
8819
472
2201
3188
1192
1873
5795
8977
2507
5787
1111
5365
1779
3656
2441
725
746
3238
6768
4153
5285
3522
5055
720
1929
4016
3194
3543
6035
1161
3292
7888
1657
4680
2178
6341
205
2583
1095
6530
243
6121
266
1346
6207
2704
547
1104
2775
1980
1935
2946
719
2152
5498
6684
5693
5021
4861
998
3388
6375
2342
2514
2799
2422
5655
3006
6051
1970
2986
6728
2204
1844
2647
2513
3575
8275
2284
6803
2385
1689
848
4246
6331
8838
2207
2146
2186
348
2457
1834
5952
4923
2439
747
1549
907
4045
8633
1004
659
1453
8640
101
6498
7208
2195
4761
6464
6676
2630
7419
1120
4349
5462
5161
2313
2545
4718
879
1791
4095
1042
8654
4531
1021
6021
6800
1010
8261
840
7757
1479
4450
2194
2327
1801
3587
8781
745
802
1544
4963
8542
2009
131
2039
8147
3359
7809
2350
113
8882
3500
2465
8638
6887
1978
6896
5710
5243
4401
1320
4976
7619
8366
8387
7357
3210
2938
6422
881
516
7822
48
964
667
2078
7012
2521
3758
695
4263
550
2779
1860
5735
375
8722
5218
189
8239
5826
5836
5401
5847
5940
5746
5796
6047
4929
5670
5685
4994
5002
5363
5696
5700
5003
5034
6105
5732
5056
6060
5400
5690
7309
8828
6584
3497
3499
7919
3611
7947
7063
8872
6732
8123
8672
8835
8197
8985
3825
6963
4477
8371
8372
2640
8423
4104
3957
8955
8582
8949
8921
8610
7791
3654
7198
7702
6851
4300
7346
8785
6852
7153
7235
6432
6754
5182
8042
8332
838
2091
1845
2347
2772
835
1497
3010
1836
685
8138
5517
4832
5736
8158
8966
4677
8130
6342
5577
5004
5001
5686
3491
5373
5680
5678
5667
7017
1690
1525
748
1508
3086
2506
938
2572
4834
3819
1617
474
327
6084
3408
4402
4027
4006
4415
4042
4495
640
6427
6630
5572
923
2990
1040
785
4673
3241
580
6470
7316
2062
6645
2184
2087
4889
5684
865
4428
4105
5470
2616
5466
2310
2498
6826
3996
3096
3281
4645
3759
1794
5518
5419
2912
1285
981
3024
6296
7705
4399
4632
5413
1556
2197
3854
135
714
2770
1456
3354
8920
4980
3041
2118
3417
1769
1784
6533
743
5611
2052
4255
37
5193
961
1437
6827
753
4490
1575
1032
8865
1047
2534
870
8961
1018
6243
8268
3007
4121
4612
1197
1020
1444
1060
4051
1925
589
460
71
4515
4801
2864
5296
4532
963
250
366
3632
4691
4999
3093
2014
5085
1240
1026
950
1394
721
2046
1449
7786
1493
1916
1132
4945
5202
965
2812
3163
5433
893
1704
5825
2699
9010
3831
499
8864
5568
5114
3357
2902
5850
3120
4427
4984
6211
2400
2340
8914
5799
372
2236
5291
861
8709
2128
2241
880
8903
2088
5440
3438
2741
3989
2407
2651
2183
1668
1017
1030
527
954
1822
6077
4414
3155
4833
6390
3351
1333
1504
8576
3384
7583
1152
3456
5548
8385
761
4979
2182
2500
1711
6237
1612
2752
2424
3753
1336
7394
2388
2374
1901
8574
2442
1500
6318
2344
656
6609
5599
3428
5504
3140
1209
939
3402
2421
4284
3176
970
3563
1081
1582
3495
2709
949
3128
1653
2415
558
43
7577
7979
4273
2925
3160
4987
8827
886
2820
6624
7228
1130
5926
6225
313
2097
3754
2481
5834
1367
1788
6232
4577
1501
1330
7932
6885
1057
2548
4885
6286
1148
8451
6279
922
5556
