item_recommendation
25737
1317
8571
7872
670
608
585
653
694
7541
501
401
442
7697
8327
976
935
71
135
546
8117
8225
8360
8093
8253
7782
275
7613
8743
968
1059
204
274
8183
8033
7560
8859
8447
8899
775
5159
4550
6970
2659
980
7234
8207
987
7938
8420
5765
8290
5723
8596
3324
236
8522
7636
2647
7914
1003
4731
1111
5515
3188
6154
8154
3875
448
8136
8376
7802
7669
731
8403
626
1581
1437
8661
745
3816
276
76
4941
733
5742
4577
6314
986
647
8961
922
4821
1145
3232
659
2668
7649
8462
8477
5729
6178
984
312
4437
8070
7437
6073
8709
4366
1513
1831
237
8879
8261
4076
1099
4153
5198
3417
4171
844
1767
2300
129
4251
6918
7186
1562
5662
7881
7888
6728
962
1631
8772
3307
5186
750
1515
4923
7038
7786
3263
7445
3928
7587
8840
7698
3707
4639
3924
8833
7944
6932
2660
479
9001
205
8499
3795
8642
2478
6826
5312
1739
1161
7478
3127
3668
6579
5810
5909
4079
7728
1152
724
6630
2605
6612
9004
7263
725
4246
2617
2982
3251
6902
3028
2418
8665
964
5008
714
2832
8235
5254
4795
4801
7831
960
5980
1580
4584
656
111
8689
1812
2935
7126
7204
3714
8914
3377
4873
1873
4045
1088
6091
1472
2621
8654
1225
798
8920
8636
4404
5449
2961
2516
4895
1006
7894
285
1053
888
1834
8385
1870
4936
6260
6493
6985
6390
998
1523
2159
7407
3702
951
1507
5689
5365
932
1777
2981
6114
4316
2347
1907
8998
101
1711
5597
1788
990
6744
2912
2769
1552
3150
5772
5834
3819
7502
864
7792
4945
5165
5585
3207
4740
2243
973
3218
735
4432
1017
7492
5282
526
413
5323
896
8684
5952
965
1419
2078
5666
6609
3584
1479
5675
8591
5853
7878
9012
2897
2496
7245
2780
784
741
3489
2394
5715
8410
5768
886
5288
4876
6211
5655
3351
3428
3086
1120
6047
1076
2799
3081
7619
1535
535
7753
34
3394
2622
1034
6355
3368
492
141
6121
8003
5839
8882
5825
2331
1517
793
266
3456
816
5410
875
5177
4911
1624
6243
244
154
8142
5275
695
3256
8580
2696
3133
1288
2775
2761
885
5611
7976
1750
6408
8629
1008
461
2467
1021
5214
1320
969
155
858
5264
4920
1476
3693
48
8451
7260
3805
1744
994
7180
7932
5038
4241
5398
3334
5470
8943
5808
6676
700
1196
4830
3936
2681
2146
1040
8042
4638
3611
1014
3889
1852
1608
1690
880
1042
2686
8604
171
8777
6678
1147
8720
2966
2485
2236
1135
5672
2937
3587
4649
6195
7809
482
4066
8699
485
1824
113
2128
3882
1236
8056
5443
2335
260
3034
2798
3880
1012
848
5413
4792
6404
1721
2581
189
7228
219
1125
2433
5139
2779
1132
8275
144
8979
893
380
1026
405
9018
45
7897
1771
5556
8807
2786
2772
8167
8607
7995
3649
6858
1395
1438
8187
8453
2900
938
2458
2651
718
828
4450
6186
1301
769
7254
4033
947
8542
6286
528
8199
8039
2545
3851
963
879
2534
2282
5269
5784
6395
6927
5936
8848
8589
2404
2582
2983
3173
8121
3157
8524
996
8700
1529
423
2741
5699
7272
6774
4420
3093
930
4736
908
504
3152
685
869
2976
232
2548
1404
1707
6695
2427
1363
4585
3194
3235
3540
833
1715
6365
5193
2342
5625
1549
3468
2120
6684
1636
2852
5466
8819
953
2565
2407
7171
2288
8923
802
4111
8903
5968
157
3608
5553
2513
2546
1060
688
2154
7577
1779
2327
3359
2853
1092
5718
753
5161
2009
2415
5348
4349
1037
4718
2956
5053
5458
1104
2500
213
4162
2473
5055
2688
214
1004
5795
1668
1980
720
4569
3101
4029
3730
1474
4016
5473
287
981
5693
1073
7078
8157
1307
1444
638
5710
554
5000
1667
1985
4200
8675
13
2099
2062
1783
2200
2385
5732
1794
460
2096
1192
6513
7299
3213
580
697
1171
4228
8722
4088
4861
992
1123
1796
1863
5356
6706
997
7293
5815
2481
808
6103
2197
1518
5891
467
6547
5375
3971
4101
162
5752
1696
3709
2993
1880
1047
1046
2990
1429
1951
196
2835
5363
6751
263
354
4190
2440
6062
2441
5745
4765
499
5291
267
5103
1948
1488
2745
1342
4885
6835
912
4691
387
2275
1665
5335
5630
7771
5843
3632
1804
4310
1422
1011
475
3156
2004
2366
4532
937
5588
872
1762
2704
6383
785
3758
6232
3753
915
6140
824
2399
4652
6077
4743
4761
2843
3401
4440
2368
8574
5168
1816
1043
188
4963
667
899
3211
5684
4809
3163
4932
3521
1030
2134
337
4600
8761
1931
1177
779
2527
2751
2787
3404
3434
5791
1367
3160
698
631
2383
1860
4987
480
2676
2090
5787
2183
1876
6533
6800
870
5243
2687
6584
909
3510
121
5504
7789
2572
1660
2031
335
1909
4105
7139
6760
5498
3408
5324
1185
8670
452
4401
6498
93
3358
1805
47
5850
1056
7394
1997
4262
1303
3646
692
1810
8366
3759
1409
5337
350
2445
2596
1027
2866
5641
4976
3066
4247
2325
991
31
4696
4546
961
845
3051
2186
1028
923
6571
3402
8633
28
1959
3140
1050
945
5735
277
854
7034
3021
5707
367
3926
1084
3113
3253
4999
3751
6896
4996
3210
6509
2859
7265
2155
8838
95
719
4782
3860
322
2734
3604
1366
1415
290
1461
1180
2012
1238
1542
2016
1237
1356
1347
502
1984
2244
1304
471
2206
1861
2671
3070
3053
852
2918
2921
2916
2889
216
3166
2919
3148
2920
2810
928
3069
3063
117
514
2215
3068
3134
2922
3177
918
1080
167
3147
1616
1226
2403
2393
1233
2364
1759
2074
2285
3042
2789
1204
99
2766
2715
1388
1186
2633
510
747
1057
1957
1592
2297
4680
2967
5218
4960
291
1392
272
194
5117
5271
201
3868
1168
4980
2689
1526
574
5521
948
1051
5346
2462
7346
