item_recommendation
25737
7541
7872
8207
8183
5765
8117
8571
8327
7613
6073
5410
5515
1788
1562
5556
775
7802
1523
793
7914
5597
401
5772
1120
1513
6211
647
1437
1783
6195
7560
798
1111
4246
8225
4600
6154
7697
828
2605
626
8261
1744
1145
5980
7478
4649
7437
2686
1320
1711
3377
6395
3751
7649
5312
2615
5198
3232
7245
1580
8477
1535
7669
8522
5689
1870
5177
4911
6579
4088
5784
5269
5538
2779
1425
6178
1310
5134
1816
5742
6493
2159
5315
4703
8360
5038
3133
1040
5825
2236
1076
1404
8420
980
5159
1507
8093
2445
7282
4550
1907
5470
2227
3587
121
4748
741
7976
858
6355
1549
183
6365
8722
4584
2681
129
2504
778
5254
1136
2300
5498
1707
1819
824
3900
4731
5069
960
8596
2447
5791
4830
718
6970
7407
1777
1196
733
4696
3324
1003
1831
1552
5114
3066
7228
3150
8033
3086
2832
1739
2741
3408
2467
4795
2935
2231
2243
1652
6091
4316
4515
1631
8998
885
405
5395
4987
8447
3357
4809
1317
3643
861
3334
5715
2200
1459
3338
1073
463
5729
4458
603
3051
2594
2668
3434
1900
673
6408
8253
2761
1657
1472
5092
5398
5666
1721
753
4084
4709
4241
714
7260
3936
1453
6051
5182
4634
364
1479
1726
4139
8070
4101
8290
5139
2835
1767
3489
599
4577
2219
6077
7932
1769
4262
764
7995
1135
4716
1771
464
2696
5059
8853
4366
1779
854
6658
1097
8451
2481
5808
5087
685
8056
2699
808
2912
2966
869
927
2303
678
735
5718
4386
8903
5787
6140
5193
7934
8675
1833
6636
7492
4383
2647
1161
976
387
1147
5443
1880
3292
5846
2625
4765
3060
4654
2786
1363
731
2669
312
3819
813
984
4873
2062
3608
7809
3140
4673
3213
1297
2769
864
1713
3368
7728
5433
135
5033
1444
4861
845
2819
1852
1515
1586
325
8772
3412
4802
2745
6279
4060
2459
1608
412
5186
1231
1175
1422
1785
480
8003
1791
1569
7272
8403
6547
2128
8743
7979
4278
5103
6405
7577
2563
8273
3483
3194
5224
875
8187
3868
3235
7340
1812
5707
7139
7636
1672
3401
5288
2664
8848
946
2350
3653
94
4638
1950
8684
2327
6525
1272
3081
5413
4190
2207
2557
2929
5662
5489
8943
2507
1692
7881
6690
2791
3780
5427
5553
1931
140
4284
3349
2369
659
1099
3284
324
540
8604
750
2560
3185
3649
4570
1401
8157
8121
360
1844
3404
2446
5346
6476
3243
6273
3152
2486
2579
389
6446
6473
3456
4960
1639
4273
661
879
7121
8795
7115
2000
7789
7444
213
5053
6482
1658
2545
8699
2174
7250
1575
586
888
1671
2523
1077
6022
1826
4010
3979
4009
4011
4053
3481
4012
1241
4014
5010
6484
8629
5202
8777
1171
1529
7782
6132
2706
2676
6918
5989
1839
834
5146
8336
2427
60
7101
6037
5404
1916
7815
5348
1311
582
3687
3754
4947
6155
4619
7899
2306
7177
5777
8154
5008
379
2203
418
5417
721
3425
990
144
299
4818
3695
5111
5255
8528
3771
5066
8611
4745
4932
3664
3673
3679
5843
919
920
921
3326
5299
3788
5544
5995
5994
5705
3253
3677
1414
3370
6101
986
3276
1419
1053
4975
5506
4018
5792
2106
5057
5505
8970
3835
4464
7117
8196
4865
6468
4140
4749
3879
3661
4403
4381
8363
2697
7199
5682
4767
3618
5450
3943
5283
6332
6323
5231
5841
6936
3992
4175
5694
6250
6238
3476
6228
5300
4465
8584
1610
6387
8544
3897
5179
7083
5366
4459
6793
8957
816
5699
4411
2828
251
4475
1046
1223
6404
3546
3768
5428
4815
3564
707
1801
1809
4964
2448
2939
410
5101
656
44
6056
2248
1566
2539
2770
1804
3165
2883
2712
8499
1665
2817
611
1525
2478
2528
805
1629
2565
1334
1873
2193
504
3552
3398
1264
4921
1354
1268
5352
2809
4632
1794
1441
3221
8167
3807
6559
4972
5027
3067
1254
2201
3989
9018
2496
2826
2829
5308
1025
6850
3354
4945
2692
844
2305
16
5414
4823
4655
3520
830
5540
4516
5539
4674
5047
4282
532
4214
34
2866
2874
818
891
186
3521
4310
2194
4440
6383
4970
5501
1151
5638
5043
4664
577
5108
2007
745
179
5264
4378
2282
670
3889
2261
3224
4076
5421
2032
2212
1670
4971
6148
804
2031
8636
820
1464
451
1975
1103
1274
137
558
6571
3264
8914
3690
303
1667
2726
5382
5630
5335
1497
1463
1059
1030
2689
782
4121
2152
4989
2708
1090
2884
1699
7123
159
2754
6429
1331
4055
1286
4727
4859
1131
1259
4710
1856
5636
4587
5655
1482
3545
1686
3358
945
4228
5677
896
6800
1970
2379
437
4992
2240
5375
6902
2822
4612
2596
342
1215
2325
2176
2820
7878
1304
1461
1347
1974
2490
3424
3892
5199
4888
929
3784
3159
4643
3262
2659
2815
1621
780
1049
3604
2639
4682
2880
6431
801
2959
5675
3210
948
6260
2310
5853
2806
4893
4626
2373
285
7348
4321
2275
3169
280
5684
719
423
259
1256
3238
1060
1427
5372
533
57
2072
2736
348
3816
1055
1891
1704
2130
574
5018
3763
3142
2301
2688
4920
726
1979
6706
2498
5768
8591
786
1983
4740
3459
1934
2766
1394
2337
1680
5459
2962
1218
374
8542
2485
1307
9012
2297
502
2810
2671
290
2012
1861
1356
1984
1366
1542
471
2244
1415
2206
2016
928
3166
1180
1238
216
2916
2918
2919
852
2920
1237
2921
117
2889
3053
3070
3069
3063
3148
514
1957
507
458
2967
1835
955
2385
720
8235
802
2403
2922
2215
510
3134
3147
2043
2041
4290
194
1997
2753
963
470
1392
4207
1696
2917
2661
2734
2495
4658
474
6684
1643
988
272
4563
3019
1008
760
156
452
1325
81
2204
704
2936
3177
1388
1226
918
1233
1080
3042
161
99
167
2715
1759
1186
1616
1204
2285
3068
1063
2633
2393
2789
2364
3005
2074
