item_recommendation
25737
8093
7697
8327
8571
1523
8253
1711
8117
7437
129
980
5410
793
8360
7872
1552
1535
1562
8033
4262
2243
1513
3235
3232
5033
2227
285
647
8477
3133
5489
7802
7613
5597
4696
7541
8225
526
8070
775
7914
407
1744
1111
828
140
3152
8056
714
2779
1120
321
3086
1707
8447
387
1145
741
2212
1844
8420
100
4550
8684
8167
5222
9018
6365
121
8235
1352
2745
7976
7636
1590
472
5198
523
4600
1404
4634
1320
2681
1639
1437
888
4515
4782
2445
1880
4920
401
1073
5515
8385
996
1099
232
5159
7995
496
3213
8819
6056
4417
695
2565
3368
7228
7669
3816
1907
48
1767
808
5588
272
4638
2200
1215
1131
4658
186
1507
2304
1592
1771
3019
2462
1957
427
735
2734
8290
1392
928
1076
502
2889
2671
471
852
2282
1366
1180
3053
2916
2918
2919
2206
2128
2031
2016
2012
1984
1861
2920
2921
3063
1237
3069
3070
1542
3148
3166
1461
1415
2244
1356
1347
1304
1238
2810
3150
290
216
117
514
194
458
535
2297
2967
2002
981
4830
4194
1168
678
266
2917
7560
7738
2877
2769
6091
178
1373
1255
1971
2275
2203
1256
2013
1325
4727
1171
2935
1840
1525
3238
4246
1281
3021
420
4524
1003
3188
3281
324
4316
6498
861
4349
7932
1046
300
3522
4577
955
854
1631
840
805
1644
4740
5114
804
4121
986
1580
592
1891
5433
3146
3575
574
342
1788
4414
454
990
2832
733
858
3018
423
2288
2300
709
4290
1779
1288
5909
1024
2011
1969
1212
2860
4902
4673
1794
2340
3996
3869
2605
3854
6166
8039
4728
314
951
6000
4627
8499
5463
4977
5483
4676
4954
4662
5342
4636
5302
4612
5637
4333
4640
5427
1277
2741
5236
5364
5265
1274
488
3751
3871
1331
2659
2686
7478
597
2219
541
4519
1816
4645
561
778
519
4659
1866
4079
1292
1431
3285
7407
5
2248
2496
4033
2241
1726
5177
289
1837
1060
81
1819
3168
1812
3129
2647
7394
6195
5319
881
2379
7282
2794
2062
2504
8772
480
969
222
8482
2499
6658
1236
153
984
7130
8827
4911
1264
45
966
3011
1053
2490
1393
963
4649
1665
960
3563
3113
1125
2003
5498
4801
8661
1047
3456
614
1196
5850
7892
3210
1004
1411
4391
5329
58
8207
6579
522
4774
2374
7020
8899
2139
849
1731
8709
3604
5296
2669
2231
4795
520
2307
1938
527
3574
2752
1272
316
6073
1549
2415
8183
3388
1410
8625
135
2283
3040
1287
4731
6856
697
6806
2236
869
1006
328
4051
440
1359
1441
2329
7840
1132
1135
7649
1940
7728
2642
303
2609
474
3163
3805
2912
1206
3354
745
8261
5538
1931
5182
1026
6143
1620
8607
839
8596
5968
7160
2722
114
3804
6728
8743
4337
7897
953
7186
2594
3099
8979
1187
656
1963
886
8187
1588
1267
7299
4584
8654
731
7782
8410
1041
2689
6243
6568
177
215
1821
3015
7577
568
1667
6559
3420
3160
3709
7121
1017
2661
2856
1954
7245
1269
659
6703
1791
3843
7938
5521
8511
8616
2438
891
2799
2327
279
7753
1029
3845
405
8810
31
4399
6977
8892
6918
845
8751
2927
7809
798
1777
4614
626
5246
5282
4404
1603
3024
4680
57
10
7492
2237
8403
1605
4380
964
1295
4284
2468
2798
125
4654
4721
263
2533
5952
737
1624
7990
4814
4458
2272
193
1057
2386
3250
1425
2531
8670
229
870
6676
4761
2829
1464
5662
7705
1394
764
7979
1499
2780
2481
5372
994
4432
6132
3745
5765
5518
3165
4718
34
4771
5464
2688
5117
2048
1353
3430
5341
4383
16
1980
7234
1482
802
5264
5161
1652
2295
1049
2067
4605
7458
4552
8807
3142
8522
1165
1839
7786
1201
7762
3066
720
1036
1466
1948
2089
1657
6684
6178
4511
7016
7099
8859
6840
1970
3208
62
2506
5069
5134
5017
7713
8003
8057
6378
3515
7812
3038
8915
4090
8813
4688
4848
5046
3266
7192
7150
3467
5801
1493
4923
7136
8254
3653
6877
3687
726
8866
1921
8600
4231
1497
1900
7204
2107
1361
4263
7263
3698
151
2186
2951
1831
5473
7826
6826
970
8695
3091
491
2440
4625
818
3593
6355
435
538
5603
189
6624
7817
8617
8943
2214
68
417
4039
3632
7759
4840
829
2149
8524
3900
5527
3675
3880
346
8871
4531
341
4821
6154
7585
8531
6021
4191
6612
1715
940
639
4291
4197
4268
4184
4274
4273
3270
4338
3292
3976
3450
3991
3547
1293
3565
2693
4342
3619
3626
3960
3723
3252
4036
1826
708
3399
1408
8665
249
14
2397
8636
725
8484
5585
2551
2082
7161
1020
4369
354
5839
4885
2893
957
8675
11
6748
1870
1346
6892
1912
1799
6180
2704
4691
6822
6216
6350
3809
4992
6276
4709
5803
7456
3635
5980
5936
916
5985
4851
148
2001
6521
943
2318
2144
7481
2371
2819
4332
8014
6906
1993
188
6318
4933
2352
288
1433
218
5186
6493
1902
1941
6896
2138
912
615
2197
2959
1985
2613
183
3106
449
1550
2170
3216
499
8761
4748
6513
6404
3730
4029
1474
3101
4569
2530
353
1487
665
1979
1717
6669
421
3989
392
3002
679
3920
4491
452
1147
6390
556
5164
4198
6299
8194
2080
244
7293
1964
5768
2982
1586
438
661
6116
7748
3377
2937
1500
885
2808
3895
357
915
3247
8589
1914
4941
3773
3587
463
5742
1836
1937
1336
4541
6242
1686
227
8903
3116
3475
5815
6279
651
101
1601
6550
1920
7073
2398
3676
3028
3412
1876
3927
156
1878
268
1476
521
8008
5672
66
238
3487
2568
1191
2692
1013
5080
1892
742
6298
7311
5414
2385
1064
1030
2086
3566
184
1996
2984
4066
322
4076
5165
718
360
1151
5638
4674
4703
5501
5539
5540
3520
5556
4655
532
4214
5043
5315
4664
830
5047
5087
4516
4823
