item_recommendation
25737
7872
8571
7541
8327
8093
8117
1523
1003
8183
980
775
1513
8360
8225
1053
7697
7782
5515
8447
8403
1831
1907
731
7437
1777
7613
8207
8743
7560
8290
2686
8420
7669
8253
5159
8033
6970
984
8899
1507
5410
2659
1515
3235
1870
8596
741
733
858
1744
8772
1812
6154
4731
5723
8859
7636
4550
2245
5662
5742
3232
5765
7914
1771
6073
7938
8499
8376
626
8136
8003
3875
888
401
1624
990
8154
1816
4366
6902
981
5186
3324
5198
1060
986
8998
2605
2227
885
5597
7478
7728
6178
960
1046
1525
5853
951
6091
3188
5729
1006
8661
6260
724
5312
129
7234
4941
2937
2385
2300
5768
8522
8636
735
2769
7649
6918
4795
1562
5715
7878
5288
5675
976
4638
9012
8591
745
2982
1317
1132
5008
2688
5282
1288
4437
8070
6826
695
2798
828
3816
4821
870
2815
2647
4076
1021
2772
8477
7786
535
1437
218
2668
2504
1331
2415
4316
1517
5689
2687
656
2966
4584
964
7802
4801
1739
7831
1042
1020
8629
2082
4649
7245
5177
869
266
285
8410
798
4079
3417
1767
4740
4153
915
1004
6355
6314
4440
8777
4600
6493
4404
955
2780
1040
3702
1582
2496
4911
864
1497
1863
2617
474
2186
48
6728
1026
8961
4830
659
647
1819
969
3604
725
1472
6195
1057
526
720
3334
5161
8580
5254
5038
5834
2339
2696
1017
8261
2799
6751
742
5666
8709
7260
998
2546
7186
4765
3936
4241
5398
4923
6630
4577
7888
1013
276
3210
7204
2976
908
4246
3368
1580
886
189
8879
8665
8720
8462
4262
5323
1187
6408
4696
101
7881
3575
2770
3194
4171
3408
8642
5980
5909
3587
746
1688
2912
1631
2660
9001
1047
3307
3292
7944
8833
7587
7445
3924
8840
7698
6932
3263
4639
3707
3928
232
7254
7038
893
4782
5839
5772
6211
719
947
2288
3081
3489
5556
1429
4873
5139
1834
2689
5699
2340
5808
472
5655
6612
2829
3377
5053
718
5936
4727
8768
2478
205
1531
1111
6718
938
931
6835
3668
5443
1608
3428
6121
1145
3238
6760
7753
6579
3127
1135
5275
994
963
4936
953
2892
3819
5365
802
3880
2202
2761
1508
1721
1852
5193
1346
3759
944
3218
6985
1479
8699
7407
1030
1125
2159
5641
4016
881
2981
6530
1104
2801
5033
954
6243
3522
1225
2513
3456
880
875
9004
2669
943
5810
748
1476
2493
5672
3086
3281
1394
8943
6404
7809
4349
6294
3795
2197
8920
6547
5815
4312
2545
1209
1518
105
4401
5968
8147
2956
6684
5470
2440
8848
2212
5352
2741
7263
3051
2366
6047
4251
917
2120
492
2442
1690
7078
8914
8589
1059
5055
3388
4432
3125
1012
753
2347
2582
2983
5611
1161
5710
337
7748
2458
2468
1556
6744
8607
750
6896
1696
274
5684
2473
1037
2236
2581
3028
912
2935
4420
1500
966
988
5489
8385
2494
2572
4680
2467
6774
2521
7282
5449
4976
1783
6706
2786
1301
1581
8654
7894
3173
461
2342
1008
3714
3758
6395
4263
4658
3256
1769
1192
2078
6513
2793
5784
5269
6464
5752
896
8689
961
5218
5735
1352
2534
1794
2289
4809
6800
2318
1504
7126
485
2062
8524
322
3996
2570
4933
2352
5791
8807
5572
2427
5462
4878
3113
2241
5625
970
8882
5114
1836
6963
7771
5795
8451
1501
2398
8235
5693
1032
1668
16
2752
3584
76
4290
8275
7738
6498
2465
6803
8142
8542
3649
3359
2441
999
2407
8838
1043
3338
4511
1951
1750
1652
5285
2533
2383
968
2827
3160
962
4273
4980
5243
3251
1980
2621
1909
2195
4284
144
2418
726
3284
7171
5134
937
7577
3402
5170
6676
6436
6422
7198
8157
4101
8366
7419
5940
7619
5732
7357
7822
6375
5836
5400
7919
5363
5401
8828
3499
3497
7235
5826
7309
3957
4929
4300
8921
8371
6341
8949
5690
6432
5700
3654
8123
5696
6584
5685
6331
5746
5670
3825
6732
6754
8197
5847
4477
7346
6887
5003
6105
4104
8610
5034
8672
5056
6060
7063
5346
6645
2184
5264
5577
5667
8966
4832
6342
8985
8582
4994
8130
5517
7702
5678
5680
4677
5686
7017
3611
5736
7791
4450
1617
5796
8872
2640
8158
7947
3491
5002
5004
6851
5373
5001
8785
7153
6852
4889
865
4834
5518
1422
3430
7012
2817
2832
8423
8835
8372
8955
8640
8138
1876
2651
4428
1034
4999
5085
6035
3354
6470
5165
1657
4105
460
5466
3805
3241
8187
1502
5182
3096
7792
4861
2090
3656
6225
2681
2699
2439
3500
3521
4033
1363
6636
6768
1103
7272
3116
3475
651
45
6296
498
965
8761
5585
5291
1996
3676
4532
2497
6827
3150
4228
793
2204
2118
4833
6077
786
3851
3852
3495
1873
8722
6533
1970
2730
1358
2368
2394
2990
1281
4987
4399
1147
2600
4380
479
3608
1493
3093
7293
1726
1120
1639
3889
1901
4190
8121
3199
2283
2183
313
1438
3357
2897
8042
5315
779
2751
2787
2527
1177
5419
2350
4718
6390
5504
4645
3751
1699
5203
833
4337
2396
973
2335
1019
2173
4095
743
5630
5335
6609
3753
840
6103
2009
1024
7502
499
1031
2616
685
1419
4895
4162
8819
5787
3211
1078
1805
6365
5825
1959
2674
4979
3024
2325
2399
2596
5375
4673
3784
5199
3159
3892
4643
929
4888
2880
2700
2639
2207
2507
1307
3262
7208
3358
2975
6678
6368
816
3563
824
8604
747
5135
113
2500
1085
6658
2676
8336
2567
4088
3155
2155
1788
5117
1660
5473
2835
5888
5103
945
4490
5707
861
1148
2985
6232
1590
4191
2766
2633
2796
1997
2154
3843
704
2403
2715
1616
1063
1080
918
3147
3134
2215
3177
2393
3005
99
2364
2866
1233
1226
1204
3042
2285
1388
1186
510
167
2922
2789
1759
161
3068
2074
306
550
2961
4310
872
1488
1055
6062
4298
3445
2295
213
1676
2548
1826
327
6286
2438
4462
6186
8638
7340
1018
