item_recommendation
25737
7541
7613
7914
8327
7872
8571
7697
8360
8253
8033
7437
7636
8093
5597
980
775
8225
3232
6559
7669
5159
8879
8117
8447
7738
8056
1523
7478
4782
8003
7782
8235
1046
8070
5264
3632
7299
7484
858
8661
8290
7802
8183
955
6365
2686
954
7705
2227
8684
2173
4584
3428
8859
1003
7560
3368
1816
5568
7407
828
5850
1844
8522
4366
5008
8910
2212
8420
4821
6318
8827
1513
2241
1744
6178
3235
626
4885
6840
6091
5980
3324
2727
2340
1209
953
4437
2772
741
5611
4809
1111
1120
4984
2437
966
8477
7753
4658
7938
733
984
5021
2659
960
2344
526
6207
7020
6615
7720
2506
48
2374
1531
745
5440
6143
266
8761
880
196
6148
7293
487
4761
8743
3668
1013
2745
969
6760
6751
2396
1819
7809
785
4861
6195
996
4603
2004
1040
753
1493
5772
5117
7619
1329
527
1767
6390
3127
8410
840
7841
4920
3900
994
5500
4936
731
285
870
4171
1024
9018
7979
7706
7844
6283
7355
6617
6185
7843
5965
1652
6944
7316
1053
45
4649
2311
5210
1288
4394
1812
2236
1020
1515
3655
976
2062
6579
6826
2935
2288
4161
6294
9010
8167
3402
8154
2802
4987
4638
4600
232
3354
7976
3751
8491
3093
1125
798
4262
531
7728
1042
8977
1132
3210
3155
2687
678
8633
3281
8961
3420
735
6509
4296
981
5599
3799
2197
3199
2221
1507
2605
1676
1777
2688
2712
3643
6918
2504
1562
6550
3438
5033
3125
3602
4045
3024
4228
4801
2398
8777
3604
2521
8403
2709
647
1639
5723
4941
2155
6314
1487
1004
1907
695
916
1019
4166
6630
129
4414
1030
6748
4830
4577
4188
2817
2950
6440
263
8864
2769
3816
1970
3330
424
4560
288
8699
7234
7186
4814
8903
4177
951
7130
5588
3292
8385
3296
4162
8169
888
1131
1281
8927
8772
2232
6803
719
3522
8239
2752
5218
3152
6624
1331
2248
2442
5641
3671
7932
2545
836
485
5316
1328
5959
6109
2433
1352
2937
4051
1590
8899
6728
2407
5562
5955
472
881
4632
8268
4686
8819
7282
5346
7254
1641
6686
2779
866
3863
5410
3408
2609
1037
2780
7577
1026
1633
5134
7155
3344
8712
8620
8612
8609
3479
5840
2434
8831
3639
5122
8228
4238
3761
5097
6566
5787
3615
8799
7583
8392
8133
8525
4375
3034
6906
6612
321
990
7757
4098
5498
2925
7831
8388
4740
1657
3268
3869
659
2160
4873
2318
2478
3843
1692
3540
3417
3702
2239
1794
5765
4550
3913
2385
3338
8136
8376
8667
957
3875
4666
2577
1582
6970
7649
937
101
6571
4440
3427
2186
2617
4391
2647
3399
6892
5046
2793
1686
2959
5795
8665
7211
872
5909
4846
2860
1826
8261
4380
1145
5515
1569
3978
6703
2835
3431
1624
5534
6170
4349
1429
4448
8511
3456
1394
1193
328
6835
7502
1404
8892
6039
2956
4837
8865
4293
6084
2897
3572
7192
3515
7011
6298
4696
2468
8387
4404
971
1060
968
7038
2827
5101
5226
912
8722
535
522
1437
3478
1529
6521
4076
1873
1631
1021
1678
2801
8039
2436
4876
1643
8574
4399
1031
3608
2295
7995
4911
1973
3649
4432
2829
1771
956
2371
2699
2415
7245
8482
4639
3263
3924
7698
7587
3928
8833
8840
3707
6932
7944
7445
8462
7786
8709
6450
970
2660
8642
2231
2102
3692
3682
3343
3891
4326
1061
6535
9001
3086
1055
2730
3160
2840
3596
900
2798
1612
4101
5433
4024
4304
1380
3339
8920
1831
6123
3882
3218
7050
8499
2668
864
6218
5065
3188
964
3768
5012
4191
5864
7888
721
3213
1135
3953
1012
1032
2300
6000
144
2440
965
5569
915
3947
997
2799
6051
2069
8979
829
188
7897
5662
875
869
7762
3989
2154
930
2159
3626
3831
5819
5729
2738
5622
2770
6536
4731
1876
2733
7487
3910
1919
839
5570
748
1476
1783
8484
973
4447
2481
1870
2404
2710
2380
7228
760
6322
4769
3773
743
1224
1502
3690
2402
3996
5628
1035
3256
3548
1696
3845
5834
8589
6786
6807
961
6231
2439
575
893
5810
5186
5438
2533
1923
5291
3980
2822
1669
7036
5151
5356
8695
7892
3028
7325
861
3207
656
661
7160
947
2837
2548
1702
3804
5489
769
2467
886
5395
8654
2038
5053
3563
2368
6400
728
3593
2971
2262
2149
765
4246
1488
1177
779
2527
2787
2751
5161
1016
813
6162
2622
1834
3575
1916
1078
7826
6242
8675
6609
750
5165
1303
2887
3614
2741
2594
2718
140
6243
2990
5449
7990
2193
4511
1699
1799
8607
6380
2287
6856
2500
737
4642
8187
714
419
1008
1715
4933
2352
3008
4691
6404
2457
6977
1788
2669
5815
3693
463
2775
31
720
1608
3927
786
6731
2310
4798
3163
2868
726
7204
2400
6618
1866
6114
1390
5069
4493
3503
4660
4923
1924
15
3445
2681
474
5470
5312
761
2453
8616
4787
3051
2366
100
4795
6442
3754
1393
1839
2447
4592
1931
7394
3712
3814
7585
5214
1433
8131
4893
1479
7016
3769
1962
5352
7161
1091
8923
7458
3251
4121
2479
833
4079
6073
5198
7894
1566
8810
1609
4462
1022
3258
7759
5992
7438
5353
3377
6513
4135
3194
2624
1161
1253
2138
725
6355
3714
5605
4673
454
7022
276
1581
550
8422
1779
1453
1425
1346
1172
2520
4756
401
3920
1848
1401
5839
1036
7492
8915
4688
7150
3038
3266
6378
4090
8057
7812
8813
4848
7840
3467
1809
8254
198
5945
4194
3889
7136
3430
2982
3357
3698
8871
1517
5377
3388
8636
8866
3320
8670
7771
2346
521
1516
137
1661
2021
6658
1647
2494
5818
8625
1006
2152
1057
4684
1408
4614
6568
904
1526
5782
4645
1599
6426
5025
2764
5803
1066
992
1649
2519
8751
1320
8531
2082
879
5867
6263
4552
8617
3247
3646
3387
3973
1958
1147
6186
963
3198
4312
3723
2694
1980
4039
4369
3102
7110
3475
3116
259
