item_recommendation
25737
775
7872
7541
8327
8093
8571
8183
8447
731
8117
7613
980
8225
7697
1003
8360
1515
745
7669
8403
7782
8290
976
1507
5008
8154
5515
8596
4550
733
986
8899
7437
984
7914
2769
7560
5742
5159
6260
960
5723
741
8499
1513
5186
8772
7728
5662
1006
7938
6154
968
869
724
964
8743
9012
8636
7878
5715
5768
5675
5853
8591
5288
6902
695
8859
8033
626
2798
6091
1812
2659
5312
8580
8376
735
8136
4740
915
951
1624
6918
6970
5198
1004
1021
3875
1739
725
2982
7234
1053
8661
3188
2688
4731
5611
2937
7636
969
8410
5597
535
6073
266
5834
101
1288
1870
2513
2651
4941
5264
8003
2772
1030
893
2741
8253
746
3324
8699
8777
4153
1057
5765
1777
2183
6103
1026
5323
4821
748
4076
2300
998
1907
8998
8420
3584
4801
947
961
990
401
2780
5218
5365
1042
1508
858
1581
2347
7831
1771
5275
2801
5710
7649
720
875
4440
743
2440
1523
4437
6751
2473
48
3816
2428
2496
8720
864
5282
5672
6835
750
6355
4795
7478
8879
2548
6630
2186
5968
5729
8522
1014
2764
962
4584
2605
2687
1020
3235
2120
1008
8070
2686
3238
2654
1876
6121
880
1819
8961
2385
973
3307
4923
4649
3113
1187
6985
6047
4577
6760
1060
2546
1831
7204
1037
1690
8665
7254
2407
888
1750
885
981
6826
3368
5839
726
5752
6178
6513
5732
1017
4016
719
937
1010
2647
3408
5625
5936
7346
1046
963
5363
7171
5666
7293
5655
3649
526
3194
5410
285
5053
8142
5466
802
4366
5055
2288
3880
8462
485
3500
2892
4903
1437
6684
1040
4316
659
6774
5699
6547
1822
1317
1636
1500
4984
6728
6676
4312
1501
3758
5735
3489
7186
6286
4980
3611
6035
5572
2478
3819
6232
5641
6530
3889
189
6612
218
7771
5285
965
6678
762
1497
1012
5815
1525
1367
2573
1744
4976
1104
1047
8920
5940
2829
4095
8640
2227
3232
6803
912
6294
2668
8761
4450
4477
5909
886
892
4765
3702
4963
5356
3759
4532
129
5243
4873
2184
6645
2770
1125
865
5693
7012
6768
5462
2956
3753
4834
7619
4677
5177
8949
8943
8123
5400
7309
5398
8921
3654
8130
5836
5170
8872
8848
7357
8882
7245
5826
8985
4727
5577
7235
8607
5796
5847
7260
8955
8158
8147
8610
8138
3334
8966
5401
8838
7198
8768
5696
3499
8629
5700
6105
5373
3497
3491
5736
5746
2696
7702
8672
7791
5795
2640
5690
8835
7919
5254
5667
6060
8828
7947
8807
5670
7419
5678
8785
5680
5684
5685
5686
5689
8197
7822
6852
4889
3284
5034
6422
6732
5038
3825
1617
6896
6754
6887
6432
6436
4929
8524
6464
3957
3936
6851
6800
8372
4241
8371
5443
8366
6498
8542
8275
5056
8423
4104
4300
5004
5003
8582
7153
6331
5002
5001
6706
6584
6341
6342
7078
4994
7063
6375
4832
7017
6404
6718
6963
5517
2383
3417
4428
4736
4999
3241
1147
9001
6314
1688
931
793
938
1517
2912
1059
1192
205
3851
6225
2993
3359
5139
3096
5085
2415
2976
1032
1504
955
232
2154
6408
3173
2188
6827
8207
4996
5440
6470
953
7753
4404
4105
3093
8689
8709
647
2118
7894
1429
2983
2582
4263
2534
8654
2774
2898
6533
4718
2441
786
6609
4782
8235
3402
3456
1301
6579
313
4833
3377
2935
2487
6744
4079
3495
4251
1395
5117
2418
1132
4680
8833
7587
8840
4639
7944
45
5419
8589
2832
4420
2009
4401
472
988
2078
4809
1438
2689
2621
6493
6243
1980
5203
1805
4045
6368
4979
7407
8977
105
785
4678
5418
8642
8056
3668
970
747
274
6296
1084
2660
7263
3805
8910
5214
3263
7445
3707
3928
6932
7698
7786
3924
5291
1078
1836
5161
8387
8670
2236
7888
3218
7764
1752
3387
4967
1394
656
4427
5375
1358
5808
2730
5413
4228
8638
2481
3795
2802
4861
4895
1631
4171
4414
2690
3127
2669
1755
5585
5000
3604
8865
531
3656
6509
1715
1834
2570
896
844
2374
5167
872
4262
4936
4638
2925
3095
4298
9004
5810
4349
4830
4246
7502
8633
5553
5292
742
4043
3575
2062
4161
5504
5135
8042
7208
2202
6207
2082
5449
788
1018
2344
4878
498
881
4981
461
2331
2500
3428
992
3125
1518
5745
2799
3714
2134
3051
4987
4490
7038
8385
999
2339
7126
2438
1161
833
3357
2368
2521
2775
1013
6390
766
4101
3160
6885
3608
3358
4432
580
5650
8453
2617
2366
7792
2622
6671
474
4925
816
1209
3199
5832
2709
155
1005
5891
15
700
1733
5498
8392
3028
4761
2482
1526
2425
2880
2433
2241
3445
2090
5346
2394
870
4643
4888
5199
3784
3159
3892
3262
929
4735
2639
3157
4844
5021
1991
1019
954
8388
7316
1852
2572
3086
3751
2815
8684
5604
753
966
6062
2340
2796
7881
3388
419
4111
3948
6186
6450
4686
2827
1225
3251
1346
1331
3152
3207
7757
2146
2212
1663
1734
3522
5960
1036
714
1092
3081
1041
1873
2938
1024
2354
3615
2434
8712
8169
5097
3479
4238
5122
3639
4632
7155
7720
3344
8927
8133
5787
9010
6566
5840
7583
8799
8620
8228
8864
8525
3761
8612
8609
8831
8239
3863
16
4375
6116
499
3210
1023
1016
3452
1951
3709
1660
1767
2793
1580
4354
4417
7180
2460
840
2700
4177
1562
4024
2792
994
2416
1844
1472
492
1629
2465
798
3971
1419
3431
244
2981
3101
3730
4569
1474
4029
4367
4696
8667
141
6093
2399
3256
3140
4603
1330
1985
2248
1909
4326
828
1604
3281
3211
6798
7738
609
5772
5971
934
3339
1056
4642
4600
3882
6521
8268
4837
3632
5518
2155
1901
2197
1173
765
4247
1064
1103
1816
2900
5352
76
4188
5180
769
1582
2231
2189
1245
2318
4511
1735
2897
276
111
4732
4563
113
2131
8451
8819
879
263
3799
8984
1034
1863
2404
5075
6858
327
4691
3394
567
