item_recommendation
25737
8327
8093
7872
7541
7914
8571
8117
7697
7613
8447
8360
7437
8290
8070
8225
7669
8253
8183
7560
8056
8033
7478
7802
5597
8684
8477
8403
5489
1513
8154
7636
7728
8420
8235
5515
5410
5159
8499
775
8410
7407
4658
5264
1523
5033
8167
7782
7738
8207
6355
6140
6073
7649
8772
4696
7293
5980
5008
8003
6365
7394
9018
3232
8661
8819
7976
5177
4600
6579
8879
6091
5433
741
8761
6178
5662
5134
5765
6290
4414
3368
1639
1580
8385
6195
8589
4920
8777
980
5772
8522
8743
8596
828
8451
8699
8998
6154
7254
7245
6918
6318
6322
3281
6559
5588
6260
5282
5968
7878
5198
7228
4830
8848
4727
6000
8927
6760
7720
7753
7932
6294
1120
6751
1816
6242
8636
879
7099
8709
4873
6132
4584
6902
8633
4262
1777
3608
5715
7757
4740
8899
5146
7809
5548
4612
5210
8670
8607
6568
5936
5909
1111
8039
4188
1507
1657
5296
6493
1562
8892
3324
8228
4194
7282
6743
8977
4821
858
6404
4809
6440
8482
8239
4795
8807
6676
2686
2935
5839
7938
8654
4417
6624
4432
5291
3235
2769
8261
6826
7840
6056
5742
8580
1515
6636
5553
8943
5699
5395
5288
5723
8187
3268
4901
7299
7204
6021
8910
401
2605
8524
8591
4121
3854
8620
9012
8008
5853
5222
8511
647
5675
4765
5768
6896
6422
8864
7492
7186
5815
1744
7995
6718
6547
7192
1060
6835
8609
7990
4437
2496
4162
4051
6739
2344
1161
7619
8491
2912
4366
1003
6498
8542
3420
5038
7272
8827
5427
4577
5186
8387
5693
5114
4632
6728
6970
4761
6684
5021
8376
4086
7130
8142
4782
1812
2642
7583
4844
6436
1870
8859
2609
5483
4095
6509
7748
5440
6703
4108
8422
1145
4033
2227
8751
4076
8136
5193
8392
4614
6885
731
6276
1317
2200
8865
6977
5312
6850
8388
6591
4605
7160
5329
4914
8629
6279
6862
6223
5151
6530
2668
6669
8616
8147
6927
5377
2212
6341
526
4177
4945
4878
7705
5787
5182
5534
5689
7135
735
5236
4552
9010
7171
8961
5625
861
7107
7888
5438
527
5203
4941
1844
7316
8625
1287
2839
5641
3996
7762
4524
4166
8169
4954
5684
4709
6148
7208
5473
3238
3875
733
8903
8720
4885
5581
6031
3819
1652
5729
5080
5926
832
4290
4636
6162
7055
2696
5117
4662
5302
5342
4640
4676
5463
4634
5637
4977
4333
8695
6464
6035
1686
4731
5161
4728
2159
5398
2815
6800
8675
6077
2138
4659
4139
3843
4627
4519
3889
7771
8014
6114
6658
960
4420
7892
1641
4680
4861
753
5518
3668
4506
2504
839
6513
6426
6768
3587
6458
1329
4316
529
990
5364
5265
3213
4024
2241
3031
7817
4846
7078
1970
7177
6395
8157
3438
1873
1696
5319
3247
2318
5254
869
798
5942
3761
2434
3615
3639
4238
5097
7155
6566
8525
3344
5122
5840
8612
8799
4984
1046
483
1941
2442
4911
4842
4482
4246
1739
2835
7121
4401
1907
4684
5275
7096
2801
3604
7444
7958
4375
7826
5422
521
1525
5139
5521
969
4101
864
2236
5387
8808
5850
3285
2892
2956
3010
1410
3766
5304
5585
474
1433
1794
7897
2506
8044
5170
8979
818
5462
8712
3479
8133
8831
4987
3908
737
6774
7487
4161
5628
5341
3060
3284
3863
5600
8191
5611
6521
7484
7211
8768
3751
3489
6803
4686
6502
3816
888
872
3643
472
875
3656
2567
7234
1047
5832
5470
3900
7379
6348
3574
7415
1453
4902
6234
6856
6706
5710
6207
1866
4462
7458
3334
8667
3983
5443
7036
6103
3192
2659
6762
2704
824
6806
5458
954
4706
2722
7919
6695
3964
1767
5808
5323
8665
8730
7759
1288
2548
3173
6051
1554
4251
2396
2513
881
2193
7110
1078
8131
2204
6721
1771
1073
4837
3723
915
7198
4229
520
5666
5836
3402
2626
2788
1041
746
6121
1733
3936
7260
3977
4223
5053
2300
1909
4241
963
3575
2497
2457
8576
1057
7016
7831
4603
8123
7786
4848
8275
1839
7222
6408
720
8813
1131
5046
5025
7419
1916
427
6305
695
1393
3298
7456
1193
8336
6211
6378
4688
4090
7812
8915
3038
3266
3093
5568
3794
5971
7142
976
984
5801
2779
8781
2798
1612
6840
3646
6641
8835
5655
6390
3431
7789
5952
6412
7380
816
3163
8810
6375
3459
769
788
3947
2687
6166
5069
3427
6283
129
4980
3763
1352
4079
6957
5055
5558
2669
7161
7822
2186
5857
1508
1123
3851
4153
996
7566
7584
1824
3492
4692
4292
6415
4811
6370
5900
8908
4020
2941
8526
7044
7845
3997
8950
8948
285
5938
3399
4016
4440
6609
4389
8882
5752
3515
5825
3379
6584
1291
6880
6470
3632
7713
1476
3845
3653
7150
8057
3467
1500
2802
5888
8614
6662
8722
5795
7136
8254
8268
7095
37
1917
4976
5572
2860
8009
6953
5500
2366
3882
5677
8484
3194
4840
893
321
405
8366
232
8838
3354
7012
2340
5466
3127
7357
3871
8866
3478
4450
892
3338
1437
6047
8790
2995
6571
299
7020
4235
2832
561
1615
4148
8531
3292
3250
745
3560
1931
1699
6765
3758
5735
1791
3454
955
7311
7051
4197
659
6791
7881
6963
2114
3432
5498
3224
724
1876
8604
3086
1499
5632
5891
4312
3176
3752
931
5940
5672
4854
6877
6906
8640
6832
4771
5464
12
5101
4263
6201
2021
3655
1688
7038
1980
3759
964
6650
3522
2745
6887
7101
5732
5365
4555
7585
3152
5363
4756
105
5603
761
3357
2764
8600
6794
5400
7346
6331
5002
5826
5685
5700
3309
2829
1339
1341
953
4550
5604
5285
2725
4386
5401
6851
5680
3825
7791
5678
2640
8371
8372
4832
7153
4677
6432
8197
6852
4104
5746
5847
6732
5670
7309
4994
8582
7235
6105
5696
7063
5690
6342
6060
5686
4889
7947
7017
4477
8610
6754
7702
721
1382
4967
5034
5003
4929
4039
6550
8617
8672
4300
3611
5056
8828
8921
8158
8872
8423
3497
3957
3654
8966
3491
8985
3499
