item_recommendation
25737
8327
7872
7541
8571
8117
8093
7697
7613
7437
8447
8225
7914
8360
7560
8253
6806
6021
7478
8290
7669
8183
7040
3686
5193
6132
8033
7802
6658
7976
6884
7245
8056
7649
7228
8420
6650
8477
8207
7025
8070
6559
593
8403
8772
7073
7258
7782
6365
7263
8684
5159
8596
6484
7636
6178
6073
5128
6154
3232
8743
6826
8167
6721
5515
5980
5597
8003
7728
9018
5765
8499
7738
8235
7407
6355
5662
6493
6902
7878
6918
3216
6579
8522
6723
7394
6695
8636
6231
5329
7932
1523
1513
5742
5186
8998
7293
6718
5723
5410
7995
775
5433
4290
4414
6091
7238
8261
6260
8385
8154
5288
8848
6970
5853
8410
8695
5715
8807
6195
8039
8607
8580
7502
6812
8899
8699
8591
6140
9012
4417
5768
8542
5675
7831
4584
3328
6751
5033
818
5689
7282
7809
1839
2159
980
6760
5254
6636
8777
5729
8943
8892
5177
5012
3368
8751
6294
4873
8524
6832
5968
647
6547
4600
8629
5146
8827
8376
7204
5117
4875
8136
8511
8451
6835
6404
6850
6464
3235
6242
5038
7826
4731
7577
6684
6676
3875
7492
6498
5312
8157
5655
4941
6422
1816
8675
6121
5808
5198
6686
4121
7160
8709
1003
6513
7840
8661
1699
5699
7186
8819
1870
7171
4765
6743
8720
7234
8903
5825
4366
6436
4795
879
8879
2605
5264
6408
7888
1711
3324
3334
6609
4076
5625
4920
5666
5282
4550
5008
401
8633
6706
7260
3936
1777
6446
4241
3800
6047
5398
7938
5772
8589
6906
3816
5641
5081
6800
7748
4552
6927
7771
6395
6162
3489
1531
5839
8147
7130
8482
5684
5815
5936
8859
5139
8187
4782
6768
5275
1580
6862
1317
5553
6896
285
5443
4740
4051
4316
8616
4420
8768
7897
6703
8961
3377
1703
4709
7299
8640
8665
3854
6314
8670
8142
6803
4246
5752
2696
7121
7892
1907
129
7753
8366
5210
6211
7034
4727
6458
7705
4686
8927
5203
6624
8014
7720
6521
5134
5161
7272
3819
2769
6568
5909
963
5850
2063
7099
1844
1744
8491
7254
8761
5940
5795
5304
8838
7786
5323
5101
321
7250
7142
8625
626
6279
2659
4153
4830
3163
4101
2686
8882
7419
954
2780
4809
3281
6533
5611
7822
864
7979
7919
3845
6584
8979
4840
4696
3173
8600
8808
7078
5080
1111
4878
4515
6148
659
2227
6840
8008
6530
8275
5170
4098
6440
3219
6400
8654
6031
7198
798
1562
5413
4108
4440
8228
7881
7192
6143
6728
5710
3587
7444
6375
6331
3284
5836
5732
1352
3238
5151
6748
5466
4846
6669
8123
3668
1507
8835
6416
5385
8810
731
4895
5462
1437
7583
3414
8484
3194
4911
8273
4761
4312
8914
960
8650
7038
7357
7334
2551
3889
7340
6286
3871
5572
5791
5735
5363
2513
4885
5489
5285
7055
753
6390
5470
2236
7346
6678
4477
8813
2956
5672
3060
733
5055
4079
7458
6856
7762
6963
7817
4437
6341
828
5046
6234
5053
7619
3028
4821
1479
5693
4166
6470
6571
5291
6887
8977
4194
2241
3127
7456
7063
7235
6732
4104
6432
5826
7309
6754
5847
8197
5670
8610
8582
6852
5796
6851
4677
4994
7947
7017
8785
4832
3825
7791
5002
5577
4889
5517
4016
3515
6383
6000
4980
4936
4450
3292
7487
3611
8966
8985
8921
3957
5003
3497
8955
3499
8828
3654
5056
8672
8949
1617
4929
4300
5034
5001
8423
3491
5004
8194
8121
3646
3188
6077
4649
5556
3758
3643
8638
858
2704
4976
5395
5400
4428
5746
5696
6060
5685
7702
6105
5401
2640
8371
5667
6342
5680
5736
5690
8372
5686
5678
5700
5373
7153
6645
2184
6816
865
5438
6591
3608
5025
8872
8158
8130
8138
6114
4834
6035
5243
7135
7757
1515
4945
4577
3213
2340
7016
1046
6877
6827
1831
741
4086
8336
7195
7012
2647
4999
6273
5009
5182
6051
3604
2894
6525
4139
2062
5926
4680
1192
7585
6322
6957
3241
6868
8254
7215
5250
5085
4848
3266
7812
4688
4090
8915
3038
6378
7150
8057
3467
4706
1805
1639
7136
2037
3096
3804
8239
1472
8462
2688
6502
3250
5548
6318
8722
4482
1161
8531
6093
6223
8866
5521
6426
3698
5538
7820
5504
1535
4833
4229
7161
6757
3759
3656
4105
5600
6419
4210
1767
4658
990
4923
6296
1657
5942
1120
326
5603
6103
6774
6290
4039
8604
3459
3420
7379
5568
4369
4171
2300
1320
4861
266
7115
8853
1408
7222
3653
5888
3359
5784
3113
5269
695
984
3354
7958
6974
8864
3417
6985
3495
1702
4716
1836
4095
4263
8718
6283
3402
4135
8730
1733
6219
4605
8422
2801
8617
3851
6961
7020
8871
1739
7208
986
3086
1053
745
4967
6930
7743
5021
5419
2912
2594
4532
5745
8622
1167
2219
8044
6509
2212
3444
5534
1508
6062
2779
8910
526
678
4984
6920
3142
3522
724
2144
5787
2676
4389
6690
1147
8689
2441
1057
4491
6276
3843
1819
5518
300
3584
1076
5617
2557
1013
1798
6739
8954
8823
7481
2976
8387
2745
2478
6612
4088
4178
599
1794
5365
2288
2609
7764
4002
6643
3964
1212
4490
2231
2107
4963
3780
1145
6550
472
8781
7990
4401
2214
6615
3247
7123
7110
7787
8507
6735
5384
2582
2983
4987
5114
6977
1631
8042
4318
2149
4228
3753
955
8795
7101
1812
3379
3975
6182
5458
2642
6116
7815
969
7899
7177
8920
8576
5581
2504
5864
4181
3575
4284
8268
981
735
7789
5899
4555
1686
4638
6281
4273
5069
5296
2935
7096
3210
1336
1980
3221
48
6620
3434
1404
3388
3460
4801
6016
6867
6892
6207
7139
5214
4298
720
5341
2752
5440
892
996
5913
875
4033
6954
2186
861
5628
3133
1771
1804
5891
4162
3338
6898
8620
5618
1788
2832
3751
5498
2892
3310
2546
6056
6232
6243
2374
3307
6503
8574
7005
6561
7766
4735
3996
5313
6183
7713
4914
5932
685
1024
3456
839
1209
6424
3380
4386
6942
4602
7051
5241
1135
4066
5135
8332
2088
656
7759
953
