item_recommendation
25737
7872
8327
8093
7541
8117
8571
8447
7914
7613
7697
7669
8225
7437
8360
8253
7560
8290
8033
8183
7728
8070
8056
8420
6446
7802
7583
7649
7636
8403
8207
6365
6331
8003
7478
8522
8235
8385
8684
5655
8154
8477
8167
7407
7782
7293
980
5264
6400
7361
8772
8661
7186
6261
5159
6178
6579
7976
960
4220
8998
7938
3368
8879
8596
6684
8589
8743
7394
6826
7502
8499
5723
7753
8961
5008
7738
5980
6918
5765
3232
8899
8761
8410
6355
8670
7245
5117
3377
4066
6154
8819
8039
7705
5515
4414
6521
9018
4427
8859
5597
7234
4821
6728
5909
6195
775
6091
6970
8665
7263
7878
6902
8777
266
1003
7932
5968
4920
8654
8709
8008
6609
4809
695
2659
969
7786
5611
4550
6073
984
8699
6559
2374
6624
7204
3235
7577
5662
6207
745
285
5742
8910
8633
4941
7748
7619
3816
8636
7888
6493
6121
6748
6676
8376
8580
7045
6862
8187
7757
8482
7299
8136
4437
7228
8864
647
6260
6957
2062
3875
8751
6718
7272
7160
7995
8607
6223
45
8491
7354
4840
4984
3213
6751
4417
976
7831
4121
5186
6850
8807
6509
6550
731
4740
880
5288
5296
6630
7096
5940
8507
5839
8239
8451
8903
6636
8629
8892
8977
8511
4076
6760
6658
3324
4782
5312
5729
5936
4873
7316
8984
1844
5033
1513
5715
6314
8695
8261
8591
5675
7099
9012
6242
5853
5926
5768
1352
5275
733
7817
8157
5815
48
2038
4761
1024
8689
741
5410
2288
8827
2780
8927
526
5772
3608
8609
4584
2769
951
955
986
1515
2300
6383
6835
8943
6591
3157
6513
5139
626
7282
7492
7771
2935
7720
8387
6568
8462
6832
3869
7789
7171
5413
7881
7362
5689
8131
724
6143
4731
2497
6885
7254
3281
3799
2154
7487
3188
5198
5850
6318
8524
1870
8848
4366
8268
7990
5440
1907
8781
8542
5012
5433
8920
858
1812
6530
3819
6798
6294
2212
4658
6892
7897
5787
8604
6116
8768
1046
5193
129
4188
5254
5210
7456
2647
7107
6390
5971
953
4577
7481
5291
8392
5888
965
5666
8675
3882
4432
3584
4420
6803
6464
8228
5693
4923
7208
5752
5825
3587
1767
263
6077
4846
8865
232
8121
6612
6547
6132
840
8142
7311
6743
6436
9010
8574
7809
1288
964
2605
8422
8979
4153
3307
8484
8720
3093
6498
5329
7130
3489
5177
915
4391
3632
5365
7121
6535
2340
8914
1744
1187
6744
2688
1336
8813
6286
3668
8638
6536
4638
5625
659
6021
5641
3028
7484
4795
1437
7415
5017
2344
1006
7826
5038
3127
1523
6254
5710
3113
3996
966
4801
5952
5834
4861
6408
4552
321
5046
1367
7840
8388
6703
15
7380
5699
1317
6896
189
535
6662
6840
8616
8576
6927
4911
954
7078
6140
7089
7034
3604
4251
1012
4177
8722
5398
8614
8169
6774
725
6375
5226
6981
6103
5836
6000
472
3417
4079
6162
4375
5080
7260
5134
3334
912
6047
4241
7055
3936
4895
5945
8620
3854
4765
6404
7340
5458
6395
8453
990
5473
6695
4262
1507
3845
5164
7038
5732
6999
5443
4945
4603
4632
8642
4194
7155
6566
8831
8799
5832
2660
4161
2318
7822
3263
3924
6932
8840
7698
3928
7944
3707
4639
7445
8833
7587
7189
5808
2236
6739
872
6426
2801
2434
5097
5840
8712
8525
8612
5122
3761
3751
970
7892
485
6502
7334
7011
6706
3863
3479
8133
4238
3639
3615
3344
7016
5857
7135
4686
7743
7818
6686
2496
7979
3163
6562
7894
1771
6985
1053
6440
8194
3515
2506
3795
7110
5161
888
5285
4878
1021
5203
8014
4967
962
5021
2347
4024
7192
7458
4162
6887
2433
5363
401
6791
5323
4404
5282
6920
9001
7126
1581
101
6211
2860
5604
3173
5304
5745
2418
3176
2982
5672
6650
3387
7919
2478
4936
4316
4171
3238
1624
8882
5378
5588
5151
2173
5568
8625
6422
4600
7136
3698
8366
3210
2548
2696
2407
1010
4848
8915
6378
3038
7150
7812
8057
3467
6243
4090
4688
3266
1531
1816
7585
1752
8866
8254
7212
5466
7142
2772
7453
9004
6203
3804
7090
1777
4369
8044
1004
8147
8810
8009
4963
4914
753
1013
8745
2654
1824
2686
3646
5498
3194
5449
5795
7211
1408
4885
8808
5801
4228
1580
998
3250
881
6762
6283
2798
8854
3431
8871
6731
4727
6114
7161
3889
6148
864
5558
6977
3402
3379
5009
4903
8583
4108
5581
8667
7566
5684
4394
4649
4440
5810
1438
2937
8835
3997
8948
7584
2941
6279
947
7195
7419
4002
4976
5603
7792
8275
6348
5965
6777
3714
3428
1980
4039
4255
2956
7764
4086
5735
8838
1125
4491
3420
3611
4235
2241
8531
4706
2513
6470
7073
6641
3702
5170
7198
5553
5055
31
6940
6370
5900
3492
4020
4692
8526
7845
4292
4811
8908
6415
8950
7044
5400
4980
6800
2730
4837
3752
7180
7762
3207
3251
3292
4045
3693
5899
7346
3871
5202
8123
8617
4844
2144
2415
3218
6035
8640
2609
188
2764
3199
1739
4450
1030
6234
3655
2704
5696
1047
735
6827
6341
7357
4477
2473
3758
1042
3438
6533
4016
1057
3805
6963
196
205
4263
5056
8949
5003
5685
8828
5670
8921
5034
7235
7309
5401
4929
4830
981
4691
5734
5243
5004
2617
6966
4901
3284
498
5746
8197
3654
6105
6754
8610
7063
6432
4104
6732
8371
8672
5826
4300
3497
5847
3499
6060
3957
5462
100
5585
8191
5373
5577
8966
5686
5517
7791
5678
5667
5680
1192
6584
2120
2457
2404
3359
7017
4677
8872
3825
8985
4832
6342
3491
6880
5736
1617
5001
7947
6516
6768
1834
6724
4349
1017
5873
7153
5690
8138
5796
8158
8785
8130
2640
6851
8372
6852
4312
1060
2622
6721
8955
4834
8823
5600
6062
4994
5002
8423
4889
8582
6782
1059
522
1590
5882
8273
6645
2184
7115
865
7051
8600
4246
5572
6031
2799
7012
5470
5700
7702
6571
885
7250
8954
2458
2594
6678
6290
8790
4428
886
