item_recommendation
25737
7541
7872
8571
7697
8327
8093
8183
8117
980
8360
8207
7914
7613
775
8225
8447
626
1003
7560
8253
8420
7802
8033
7437
8522
7669
7782
8070
5765
960
984
5159
1523
6195
976
8261
7636
6211
6970
5772
8290
731
6073
8154
6178
8477
5515
8661
6579
7478
745
3235
1515
858
1053
1907
5264
733
3587
3377
5556
7938
285
8859
647
8743
1507
3368
7282
6365
3232
2300
5410
6091
4911
1744
986
48
8899
266
6154
1513
2686
7407
4550
6395
2659
2605
1812
8879
7234
5689
5312
8403
1777
7649
695
5723
4600
5729
741
8722
8003
969
2062
1006
8056
4809
1046
4821
5742
5198
951
3324
5784
5269
8235
1288
535
953
8998
724
526
401
2769
6355
955
3292
1870
2288
2668
4941
4731
1767
964
4437
8761
735
2227
129
885
6493
4088
4366
6918
4638
5470
232
1317
718
1831
880
8376
4262
5008
888
5139
8136
7881
101
8451
8684
1816
5177
4782
912
7272
5597
5787
8961
8187
5666
45
1437
8385
8499
990
2937
5825
1624
7738
3408
3875
2780
7728
2159
3816
4740
485
1739
2688
5352
8772
5134
1580
2186
6826
1147
966
4649
4584
6077
725
3489
6728
5413
7245
870
1145
798
8410
5538
8596
1026
7809
1187
5254
1021
7995
915
2935
981
8709
6559
8777
5980
3334
7932
3188
3608
5909
954
580
3417
4577
1771
5038
962
4241
5398
1042
8903
1834
6609
6636
7186
7577
659
1472
1852
7260
872
3936
7293
4246
869
7753
7979
7228
2798
750
7789
4076
2385
189
2772
1788
7619
6314
4873
1004
6390
1132
3081
196
7492
1525
6148
6630
2912
5791
6408
1209
1783
5202
916
5193
205
7121
893
472
2761
3051
8819
968
746
7786
5808
5315
881
8977
3428
3889
8157
5443
1020
6446
1721
5611
1367
3668
6404
3281
8848
6612
4801
2687
8675
2981
3127
970
8604
5498
1013
5707
6318
6751
802
8910
2699
8462
6932
961
1030
1017
1040
2660
2415
1057
5662
656
7139
2374
816
4945
4440
5834
1320
2647
5186
498
886
5117
4703
2154
2982
748
7944
7698
8833
8840
4639
3263
7587
3928
3707
7445
3924
6658
7878
7888
4748
1060
6513
2775
8642
8633
6473
2427
3584
2815
1059
3140
5655
479
5715
2407
3093
999
3370
3238
8665
4765
994
965
8654
2496
140
998
828
8636
6902
7815
6482
4936
2155
720
6121
793
1819
947
8699
4284
2617
1876
4079
4923
2082
4171
1476
4920
7038
2440
5777
6037
5404
419
4960
3307
7934
3125
1581
7899
3819
8914
7976
1873
3210
844
1562
4885
4251
4273
2546
7444
2340
5952
2548
8580
1582
3434
934
4162
9001
8273
6383
4984
263
4658
1608
1529
8121
5288
963
8629
5114
5718
938
1037
2442
1531
1444
8689
6051
4404
8920
3795
218
5839
4795
4511
6760
3882
6440
1024
2236
2793
2212
2676
5846
719
1688
2752
7254
4865
3632
1076
4893
3404
5179
6260
5365
2801
6186
2966
5936
8336
5182
7299
7171
7263
6279
1508
9018
2827
4932
4383
7101
531
1225
2183
2504
3702
6774
461
3028
5768
5348
2366
1769
3868
7177
6525
2843
2961
5065
6000
742
2786
5843
864
6690
5675
141
8795
1844
1008
244
8957
105
2120
973
2318
5705
7720
785
7250
1111
5296
6155
4619
2347
1479
7115
4570
937
4947
3805
5224
2696
3113
5853
1012
1997
9012
9004
6509
2799
4963
1696
2829
2478
4432
410
2897
6985
956
8853
4716
7340
3546
3780
4475
8544
1517
6484
3879
2396
5417
670
4818
4815
2106
8528
7083
8611
7117
8196
1610
7199
5994
8584
5995
2697
8363
5841
5792
3771
4767
5111
4459
3664
4175
5694
5682
6332
5366
3661
5066
3943
5450
4464
6476
6238
6468
6323
8970
4745
5057
5299
4140
5300
3618
4465
4749
3897
4975
3835
4018
5231
3326
5544
6387
5255
5506
3788
921
920
919
3673
3695
5283
4403
6250
4381
3476
6936
5505
6793
3679
6228
3992
31
6101
3211
1636
2883
2828
8591
5428
4411
492
2383
3677
3425
996
6835
3264
460
5449
3552
4188
3398
1518
2583
2708
2197
1281
3564
4964
2835
3276
8943
474
5010
1702
1839
2741
1352
1125
6022
2350
4263
4153
4632
3066
6850
2306
2560
1358
2976
3213
7831
3354
8807
1135
582
2494
2521
4921
4316
6547
1750
3150
7705
2004
2651
7123
2439
8607
5752
327
1268
2534
2398
3387
4971
1196
2770
4326
6744
2516
4718
2433
2832
2368
3649
4970
1428
1014
4427
4802
3604
1363
2078
1822
1959
8670
7394
2581
2046
4761
4710
1713
2248
5810
5033
1690
4626
4055
6429
743
4587
5218
2689
1859
6595
7771
700
1497
7126
2342
2207
2884
144
2892
135
2448
6405
1429
2507
6348
2709
6207
276
1330
5421
1018
2956
3714
1493
1970
786
2600
2936
4895
4830
7316
1980
1104
2418
6676
3913
2399
2486
5815
5882
3456
7583
8589
8167
1303
1973
896
2866
1063
6530
4989
2983
2582
3786
8484
5275
7020
5699
6436
4310
251
824
997
778
3349
3412
7204
2485
3251
5968
5308
2038
988
3401
6225
3751
7757
213
162
5832
7792
1501
1575
1173
2528
1652
8268
1032
4278
3218
2335
2577
5103
2009
16
1631
4349
1449
6703
6286
2305
3169
1419
8482
504
5210
274
183
4515
7348
7894
1193
7502
8524
5888
5850
3996
2173
2473
3500
1504
6294
337
2021
1726
1752
5226
3799
2325
5732
527
1394
3545
155
2231
2202
8864
499
4987
8239
3253
5053
5473
5356
2134
1660
1836
5604
2310
1047
8228
3257
2072
6885
8039
2766
4375
1759
704
1616
161
2074
167
99
2215
2596
3042
1233
1226
1204
1186
2403
2633
2393
3177
1080
3147
2715
3134
2364
3068
510
2789
918
2922
2285
3005
1388
8620
4861
991
2523
3024
2622
5000
5693
2096
840
1028
306
848
2241
575
34
6414
6803
875
5021
3194
2802
207
6450
