item_recommendation
25737
8571
8447
8093
8327
7541
7872
7437
7560
7697
8360
7613
8385
7407
7636
7738
8522
8056
7669
7394
7782
7914
7478
8070
7263
6658
7649
8117
8033
8420
6636
7802
8751
7121
6676
8225
6918
8253
6832
7204
6850
8003
6743
8183
6365
7130
7976
6498
980
6609
8290
6856
8661
6739
6669
7938
7444
7720
7222
5947
7171
6132
6195
6579
6582
8650
7827
6863
2268
8362
4886
7481
5458
8654
8961
6091
7753
6242
6826
6690
7234
7932
8810
6748
6721
6650
6920
5264
7831
8154
7439
7748
7034
8604
8879
3457
8684
7245
8670
7502
6355
7186
6568
8665
7728
8477
8008
8403
960
6927
4168
5723
6643
6877
7293
6559
4417
8709
7347
4849
8169
8819
7022
4782
7195
6628
7817
8700
8998
4927
4584
3869
5329
6728
8859
775
7995
5210
6722
8235
5296
4821
8410
5909
6552
5017
3804
6521
7142
7705
953
4738
5597
5159
5611
2659
8899
6367
3553
5033
6892
7449
8743
966
8511
8187
8761
6294
5125
6143
4605
232
8640
4391
6884
6021
984
5825
7352
6339
8596
7299
7878
6942
8207
647
5473
7250
955
6564
7810
4706
7786
2062
4359
8499
4437
6612
7820
695
6230
4155
5600
6718
6995
2647
6493
3188
7137
5008
2374
1472
5433
5026
4086
8745
3368
6207
626
266
6400
1024
7826
285
3232
6056
4114
8167
1154
8491
6254
6550
1744
1003
7135
8633
1046
6703
6562
6591
4121
3970
6000
4686
3920
733
8589
48
7579
3668
6440
6454
6630
5193
3632
6329
3324
976
6869
954
741
6970
1352
3964
6162
5839
8136
8376
745
7766
5926
8777
6276
6064
7946
3946
6537
6183
4941
5081
6757
6424
3875
3127
1513
5923
526
45
969
129
1907
5936
8699
9004
5489
8453
6684
5815
1523
4389
9018
2769
4550
5025
731
8984
6535
4577
3441
5968
6898
8014
6322
7189
7099
840
4135
994
4432
3281
6140
8772
5080
8266
6999
6957
3217
6290
3460
6930
5164
189
2583
720
656
6116
4936
6077
1515
7107
472
5619
3235
6873
7115
7990
8977
7487
5117
7888
6436
6314
2772
7757
7316
5478
5074
8848
8910
1209
8914
5012
8695
1676
951
7272
7073
5832
8194
1824
7619
8239
5152
5857
4076
1288
6782
1057
7894
8864
2935
4920
3816
7840
7789
6178
4079
7380
3420
5693
1812
5128
4923
4984
3417
7040
4414
6624
7415
6816
522
3996
5515
7084
7771
6977
6880
986
3751
990
6791
8462
1613
6981
5558
4801
2626
8044
3845
1531
6966
6932
3799
1397
5801
965
7311
659
4696
3176
9001
4108
1507
5009
2780
8948
7845
5900
4020
7044
3492
6415
8950
8908
6370
6762
4811
7584
2941
6641
4692
6348
4292
3997
8526
5888
2660
4177
4124
3707
3924
7698
7944
7587
4639
7445
3928
3263
8833
8840
4171
4188
2340
6114
6662
7792
7458
3752
4731
3213
4404
6695
1437
7038
4366
5203
7566
3216
427
8009
5548
964
8341
6464
4658
6812
7881
3587
8609
8727
8614
7068
8854
5021
3307
6530
6244
8642
4809
485
5809
2959
8482
5534
8979
5873
3686
858
724
6536
888
1590
3882
4162
970
5980
2415
1771
407
2870
6885
7340
535
2799
4051
8574
5438
5729
8827
7160
6390
881
5378
8927
3697
8575
8790
5609
6896
1281
1006
915
4873
6565
6974
5440
2212
957
1021
1060
2288
6989
8191
263
2860
8131
5633
8507
3795
5810
4251
101
5449
4552
8689
6940
3702
5291
5945
4427
5834
1004
7577
6261
1624
1246
7759
1047
6223
2617
6744
6829
912
2982
100
7583
6751
6879
3714
5410
2366
6708
6084
7126
5588
6509
3093
321
2496
7343
4740
3693
6291
2897
5477
7212
5971
1848
870
2418
2344
4146
7190
2300
4840
3207
3608
6735
1030
1187
6944
839
8228
6234
3251
2475
9010
2038
963
8530
981
1870
7809
2433
1562
6724
3157
8620
6760
725
6154
6806
5134
2609
6273
6260
5475
6003
8865
4761
3428
8388
5952
7078
7627
2173
2318
7897
735
7208
7025
6770
8781
1686
5585
4153
5787
6513
3218
7419
6005
2686
8903
83
8768
4368
8580
2404
7090
7302
492
2394
872
2236
3431
3113
8607
1767
5808
7484
5186
1876
196
2241
2798
1816
2154
6686
7358
8392
6840
7005
6835
2937
1844
5198
5772
1042
2981
1702
4375
7381
7366
5053
5365
2605
8404
3863
2581
4844
8831
6566
5840
8712
2434
3761
3615
8612
8525
4238
3639
7155
8133
5097
3344
8799
5122
4632
3479
1476
6531
7456
6985
4161
8583
1941
6231
8123
1340
6412
3655
6227
328
4603
7282
1240
474
3604
880
2478
6318
8387
8857
15
1026
8920
6123
6777
1836
2521
2687
8487
2347
6465
6811
8629
5226
6731
527
4205
2801
1620
1581
7372
5618
205
3379
3819
3508
6121
5715
2900
4895
1336
3854
4024
593
1020
6902
6032
861
7958
6215
2557
76
998
2227
7833
3268
1777
1016
7123
7211
2367
2622
4885
5662
5742
5530
7822
5151
274
844
6707
7258
4592
3351
1053
8667
2407
8722
2720
2621
5288
4830
1125
4081
218
4228
6484
6219
7011
7089
7254
1438
2775
3160
4262
6979
4033
2709
8157
1517
8636
8591
4666
6073
1295
4837
1132
5675
1317
6027
3377
4066
1798
7198
8039
6868
4487
8882
8880
2082
1013
1639
5470
4875
6252
1225
5768
2368
1367
5420
4407
5560
6243
1569
2688
2437
2442
7841
5165
6404
6460
3456
2516
2186
6279
9012
7147
3951
2752
1453
1429
6862
7228
1019
6426
7071
828
1641
6803
1193
3256
93
4861
3438
2925
1839
7624
8268
3394
144
5917
1032
6723
4795
2668
5765
961
2331
3560
2912
5853
2248
6516
746
2396
7206
1794
2506
3033
832
2961
7492
1010
5699
1037
5146
5568
5882
8016
16
7743
1525
5382
1834
7058
1696
2409
2997
5734
5985
7453
5752
5312
5065
4901
1652
4600
1810
4925
1404
441
7285
6385
2845
7773
7374
3153
8783
6706
6547
4638
885
4727
5498
2385
2669
1612
