item_recommendation
25737
7541
6073
8207
8571
7697
1450
8327
7872
7802
5433
8183
1145
1791
7976
7340
7282
4515
7560
1726
7407
7649
8522
8360
6579
8117
4486
1463
8261
6195
6211
7914
6395
6493
5952
1739
4316
4088
647
5556
8033
7478
4290
8056
7669
5980
1111
1713
4610
4126
5808
4063
3713
7613
4709
415
2732
2598
8253
7245
1937
2569
6365
2529
6906
4386
3474
7228
1273
1831
7738
6571
5791
5765
3587
8420
2391
4084
5772
324
5269
5784
3763
7932
1440
2803
8273
7995
7934
6178
5134
1717
3232
1978
1804
1580
405
6159
6658
4748
5410
6212
4911
2449
1788
7121
1779
1562
1340
4816
1783
2794
8093
1891
7272
6850
2246
4252
8447
1900
3112
488
1188
7492
1485
8477
6628
5538
6690
5825
8684
4310
2605
6636
1223
5689
6525
5059
3060
5470
5382
3857
8743
2819
92
3292
6918
8070
7444
6431
5177
1796
8722
4366
4273
3377
1852
4284
3643
8039
8675
1532
412
1458
5119
1391
5083
7809
4146
1549
8385
1704
3185
626
3434
5038
5101
7115
5989
7139
1926
3563
1076
2159
7352
7130
1785
1387
4854
6154
2219
4703
6273
4378
885
5315
8848
5033
4584
4321
4830
2754
1404
6355
7334
4246
7437
8943
8604
1880
387
3349
8187
1912
7256
6947
8903
2706
7881
2253
4809
6513
4600
1354
7564
5198
8225
3158
3370
2372
3404
1619
5515
3780
6970
6091
7979
6056
7636
4945
3879
2551
159
6877
19
1982
1680
6051
8121
4782
8451
3412
1826
5114
7619
8795
7215
5250
3140
2065
5182
6559
1320
6440
6148
714
5404
4818
2523
3066
8266
1437
6832
5348
1569
2240
5729
7577
3398
3552
3334
1427
5193
1073
5787
1833
6182
7222
3665
135
5146
8998
183
4383
1777
6898
5413
8751
1886
1692
2486
1444
3608
678
6874
303
3988
6237
1240
4139
793
1449
464
4787
718
3422
8650
4632
7762
1181
4855
6140
4180
3483
2883
1769
6408
7302
3201
4920
824
4626
1377
262
3868
3264
1259
4815
2305
3115
2401
8290
5398
3936
5254
4241
5666
7260
4203
5139
838
2052
8511
6279
5705
8336
6077
6840
1707
4060
7250
7101
7743
5312
1575
1870
845
2286
5179
2306
7789
8003
480
5366
5283
5299
6037
5300
5995
2106
5994
5846
5843
5841
5544
5792
5777
3618
5505
5707
6238
5694
5682
5506
6228
5450
6250
7199
919
8363
8196
8528
8544
8584
8611
8853
8957
8970
7815
7117
6323
7083
6936
6793
6484
6482
6476
1610
6473
6468
6387
6332
6446
920
4749
4403
4459
4464
3695
4465
3476
2697
4932
5255
3771
4865
4767
3943
4745
3788
3897
4960
4381
3835
3679
3661
5231
4018
5111
3664
3992
3326
4140
5066
4175
3673
5057
921
4975
4716
5417
7020
5428
6101
3408
1456
1079
5352
2828
4411
7394
3276
1466
3368
3564
4475
5202
3646
4964
76
1220
3133
3546
2676
1746
3895
5718
673
6400
5108
1479
2498
6022
5715
4947
7448
3843
40
1889
4570
2300
410
1821
7899
6155
4619
8157
3088
3882
4552
1835
4880
2272
2973
1268
5601
6879
2145
6247
6390
5010
3152
2528
7223
4989
4921
2333
4970
582
305
8695
3950
3284
360
7234
4121
2761
3313
140
5224
2495
5597
3489
1243
3677
1693
2327
2843
5459
1744
7700
1276
4308
3301
4776
4987
108
4859
6033
5147
3357
3318
1465
2255
4254
4352
6703
4971
6561
6856
3425
3807
4267
2560
2708
8838
2779
3662
2908
6281
2062
2186
2406
2369
4873
1185
6643
2822
3602
670
4356
5421
7774
8914
4802
1147
7010
2681
4055
5117
7123
7379
8167
3545
4644
375
1266
7892
3822
4555
5291
2162
4021
5443
1721
6429
2912
1351
976
3310
4710
5742
1310
7177
1090
409
6405
1482
4550
3510
3250
170
8616
5329
2448
2644
5677
4508
2565
166
2625
2290
1665
2699
6348
8019
3213
6806
1493
4587
3259
5018
2786
2606
8235
6383
6595
1397
3081
7348
259
6957
1097
2231
7459
982
1523
1884
1801
4332
2686
2615
47
4023
2511
4426
4349
3535
5427
3150
3834
1129
3441
2530
3192
1864
1196
1290
97
433
1029
4638
3169
3909
4091
4885
2180
5308
2379
3538
6404
8810
3165
1535
463
2939
3294
2053
6125
1967
2084
1554
401
4969
164
2200
3090
2310
1317
3790
2373
2594
6414
844
3674
3983
2966
707
39
3386
258
2936
3729
5531
1883
1552
1711
586
2516
1670
1896
3908
9018
6927
2072
2427
8014
8807
5294
2806
2243
6498
4278
4682
251
3653
4022
4399
1816
5395
798
2455
2736
2050
1719
6166
1529
854
156
3421
2884
2835
3051
4535
3883
7293
5963
2664
2350
4895
5464
4771
3793
3439
1453
2935
1954
1487
3235
22
4737
2459
2207
23
1003
948
665
7178
8827
6032
5388
1848
5475
6419
4927
3110
2507
7583
1944
7195
2571
984
2194
5069
2386
2501
2585
3002
3859
2581
2741
8777
1885
1983
82
5159
891
5913
4262
2630
6676
1925
589
4731
696
2174
2929
6669
213
829
296
778
2236
3390
7782
4168
2668
3354
3634
3057
2170
1632
4226
6227
4414
7728
2766
5087
4720
8709
3594
1272
3628
3635
4769
4380
3221
5339
834
2032
7179
4849
5238
4339
4541
7263
4178
3773
7238
309
1251
4441
3289
2618
496
7171
4207
180
3819
5205
316
96
2063
4017
1221
4114
8892
3768
5747
7832
8873
5568
2193
3777
2068
3688
8899
8482
1564
3913
3257
3194
5438
2717
6638
2263
243
3705
1639
858
6244
2886
380
1242
4577
3626
3731
2227
5617
3786
2856
1267
1077
2548
9
1671
2824
5025
2776
1844
1207
1950
2128
1295
3951
571
4972
5027
1854
2704
250
2362
1120
497
2252
2006
2753
8761
437
149
2752
4467
1595
1263
3163
4183
8524
3459
7586
8724
295
1258
3160
2848
8542
3718
2657
2201
2093
2855
3168
504
5560
4108
190
1480
179
1934
3355
690
3309
5527
4141
6008
2080
820
1767
148
875
1269
