item_recommendation
25737
7697
7541
7872
8207
7914
8571
7802
8183
7282
6365
8117
8261
6211
8327
8056
7228
6195
5772
8093
5556
5765
6178
8360
8420
6395
5269
5784
7649
8522
8477
2605
8253
8722
7976
7478
3587
1425
4088
3060
7738
7932
7492
8033
7613
8235
8451
4911
1788
7139
7762
7995
7934
5538
7121
5689
5825
6850
5791
7809
8675
9018
626
8070
7577
8273
7560
8225
7272
7407
1575
5980
7394
2625
8684
5202
6355
464
2594
6579
1507
7669
6431
8943
7881
8604
1580
5108
8998
5312
5787
3608
7782
5134
7115
3235
980
1769
4383
1771
7789
3653
2448
4809
5101
8187
4055
5707
3908
2062
6077
6636
6073
7720
3412
1120
8903
6493
6159
5515
3232
5470
3264
5410
6051
4709
3377
6970
2523
6658
3643
5666
1783
6154
3434
7979
3545
8447
984
8039
5315
1076
4748
3780
1311
6446
60
670
5404
6037
5777
4960
7250
5398
5729
7260
5038
4241
3334
4865
5182
8336
6273
7899
6155
4619
8157
2912
1704
2936
3489
3786
582
4273
7245
4284
2528
6000
1785
4815
5428
2736
5417
4818
2676
4975
5057
5066
5111
5114
5139
5179
5231
5254
1610
3326
2106
4932
3879
3835
3788
3771
3695
3679
3673
3664
3661
3618
3476
3404
921
920
919
3897
3936
3943
3292
4767
4749
4745
4716
4465
4464
4459
3992
4403
4381
4175
4140
2697
4018
5255
5193
5283
6690
6482
6476
6473
6468
6408
6387
6332
6323
6279
6250
6238
6228
5995
5994
5846
5843
5841
6484
6793
5792
6936
8970
8957
8853
8795
8611
8584
8544
8528
8363
8196
8121
7815
7444
7340
7199
7101
7083
5808
7117
5505
5413
5366
5694
5682
5300
5450
5544
5506
5299
5705
5177
8819
4570
8167
6101
6525
2828
2194
4411
4475
1310
3564
4921
3546
5224
4964
3677
5718
3868
3552
4947
3398
410
4970
3370
6022
2883
3425
2306
3276
4246
1819
4971
2708
4378
3066
1268
2240
7123
2579
4703
2445
6237
2560
5348
4920
4989
8607
6383
7753
5010
5352
7619
7728
775
927
2300
5742
2253
2485
4945
2884
1444
2050
5421
2000
6148
2305
4600
2618
5198
2486
4710
1621
7177
2446
1529
8772
2093
1809
6429
1804
2699
251
603
3169
5443
4587
3190
1079
1658
451
1632
2791
611
3349
3515
2065
1870
5065
4060
5033
647
2373
7020
5308
1389
401
1147
7016
1320
5294
3401
6918
4278
5018
3807
7348
379
8014
7840
2072
4139
7774
4626
824
2754
418
8482
5046
1077
6977
6957
4121
4535
4181
4802
3634
1902
673
159
3755
3368
6414
6405
6107
8511
3253
1391
6906
8751
5117
845
1404
6934
3816
948
3004
94
4194
1145
3408
4491
4873
1895
3140
1713
1950
2571
7179
3913
1523
2144
3768
5459
2511
1437
7787
8254
6378
8057
4848
3038
8979
7812
4688
3266
8813
7192
8915
7150
4090
7897
3467
8892
3456
7448
6513
5329
7757
3602
3698
8724
44
4769
7459
891
7136
813
7743
5264
8866
6390
1605
8625
834
7759
1408
910
8848
685
8531
2094
3165
2939
5238
4467
6559
1472
2369
6502
2350
2057
1447
1163
710
1772
505
7892
1097
816
3483
8871
3163
2337
5339
364
6703
3247
1423
7334
8616
2563
4441
1111
2162
6595
2007
3688
1276
4369
3822
1297
7748
7010
3773
432
3257
1466
2382
5785
1175
2159
5850
7130
5603
3882
3731
7323
6244
8290
1223
4737
5747
2704
1728
5103
504
3250
1103
1826
2207
7238
7162
8524
1833
2726
1194
3110
3224
2507
183
4652
1791
7161
2231
3426
3094
2430
1493
3919
3429
2875
3914
3930
1910
3189
3620
4007
3490
3900
3785
3757
2783
3436
3477
3824
4002
5427
781
4022
8617
480
3396
4039
7307
6315
6768
7122
7075
7450
4885
7835
7265
6840
7386
6477
6856
1086
6879
2145
5601
7564
6247
6031
3115
7223
6954
6422
635
412
6961
2359
2518
4226
18
3272
7379
320
8810
4846
4310
6032
4262
3197
2032
8914
8263
3895
3538
209
1251
4855
3660
2406
6182
3240
1812
2246
8537
960
8827
4526
3459
2021
6870
7458
137
1291
4108
8491
3341
8629
5655
2130
2324
2432
2451
2647
6156
4024
2530
885
4178
1222
1306
3777
434
2073
1671
3883
6423
7713
3729
3857
2788
1217
6639
4190
2459
2333
179
5027
4972
8807
1670
745
7456
2174
1354
7700
7008
526
4555
405
7042
5754
1380
8484
4541
976
6426
3691
7142
741
6184
820
1449
2741
7110
6776
1693
8154
7826
384
6898
6503
414
2150
1974
2784
6416
6166
1220
3310
2806
5438
633
4143
8661
387
3953
2083
5059
248
2696
4615
3557
2809
7302
2964
225
1655
4854
1966
7178
2168
8385
8019
1515
299
5527
3001
2966
3963
5008
648
2176
1295
3470
6646
733
4893
5963
259
5388
300
3927
4731
1975
2212
309
1779
3981
5521
969
3427
6281
1207
1090
1272
1672
3548
2628
1891
7585
782
1683
4392
1937
4462
2826
4821
1649
4031
2782
932
7636
6227
2238
2180
4992
5083
1191
1196
3185
5981
986
1355
1739
470
1128
1411
7924
4329
1279
8879
8600
2018
188
1040
4660
6989
5942
2822
4675
2443
665
4339
3917
653
2481
3718
232
2327
500
4148
2835
1859
3
431
4783
3885
7315
2290
7586
1003
1613
1231
163
902
785
750
5909
1611
858
493
3886
4573
8838
7569
325
46
4621
793
2537
5434
285
6609
151
951
2506
4183
2040
1845
2455
8761
953
4658
2236
3201
48
5014
335
5633
1212
650
8589
7938
8670
2257
731
5611
1907
6207
5723
3554
964
3281
4649
955
463
968
735
7990
535
966
7186
4458
419
872
8961
1744
8410
472
4941
266
8003
6624
5296
1125
4095
1057
828
203
1876
6521
912
726
7254
1024
1487
4632
6762
2374
6091
4584
2764
8499
1816
915
4765
7437
531
1030
1824
637
4782
2846
6892
7293
6440
3238
869
6974
2428
4251
1497
970
1006
3632
7234
5558
1004
