item_recommendation
25737
8571
7872
8327
7914
8360
7697
7541
8093
7613
8056
8070
7669
980
8447
7437
8183
5264
7560
8225
8154
8684
7802
647
8033
7407
8235
8879
6579
7293
1562
8253
8522
2935
8410
953
1523
2745
7636
8661
8290
8385
1535
626
8420
1145
8477
1111
9018
1120
2310
960
7938
7782
4584
7728
4821
916
955
3368
984
1711
8751
1437
8927
7932
8977
7619
5008
1744
8761
8117
1552
2227
8451
8207
4437
966
7738
5772
2243
1816
7753
733
4920
1161
714
7130
2779
5159
858
3133
232
485
3232
6195
4782
7583
8819
976
2467
8167
8228
5210
8859
1767
2959
828
5765
48
3324
678
5473
912
8633
7234
8620
4188
4809
7228
7995
1320
2605
3235
2062
5787
3150
3668
8777
7649
8709
8699
4984
8169
401
8008
3819
8810
3292
2659
695
7720
5729
6850
1419
6365
1076
266
8722
1029
7840
1482
8961
285
387
775
575
1042
1812
3655
5534
2128
8910
2231
1453
4658
6658
1404
1652
7976
6636
8864
8392
526
2344
5470
1665
6091
3152
4941
608
580
3188
4375
2681
7171
1209
8654
2219
8133
8239
5840
7155
4632
6566
8525
2434
5122
8712
3615
3639
3761
5097
3344
4238
9010
8831
8799
3479
8612
8609
4076
4262
4177
3863
3596
4161
6077
6493
8511
659
6509
2236
4246
1196
3281
2897
1046
7121
8903
3869
718
8403
1317
4603
1057
5909
6039
861
7757
7316
8667
5980
3213
2772
1831
1707
3093
5588
880
7222
7254
3207
7263
5458
4194
6073
3431
34
1549
3478
3608
472
1236
2427
8499
954
6676
1777
1788
121
4861
745
4722
4837
8388
753
1876
2565
6000
4600
6395
1739
2786
870
3427
5065
7394
951
561
1073
4936
7036
2445
3086
5515
2159
7415
4024
7444
8604
2203
8807
2761
4121
8848
4162
3129
8039
761
5611
3816
8491
4696
888
6885
4316
2433
7195
3438
405
6498
7101
1024
2370
8187
6162
2457
3751
3804
3320
4366
1099
793
8865
881
805
6207
2832
4462
5803
2704
1631
8482
2212
4911
3632
4885
2709
2318
956
2173
5151
7347
1608
6920
872
2401
7186
1132
535
1253
2282
3832
5723
1639
6669
6856
2021
1193
2496
2155
2327
2346
4290
4765
4552
5471
1907
8003
2400
854
964
5046
8261
3051
5440
6877
144
527
7204
1363
1746
970
994
965
816
8616
57
5570
5198
6624
969
6404
5296
3798
5489
619
1215
2288
981
4830
6728
8650
3268
2506
2780
1361
1277
6970
5053
2396
4897
2407
6832
741
7245
189
8387
4391
423
3060
2404
1783
6630
6643
4873
522
869
3296
5947
6863
7827
6582
2268
8362
8689
2031
5137
4886
6690
1515
3428
2741
8772
798
8670
2241
1880
2478
1003
986
8979
997
3598
7011
4846
1288
1852
8191
3258
7055
2096
196
720
5248
5288
990
5410
8596
1333
1256
2366
8625
656
272
2583
5017
6536
1612
2788
1281
45
6178
2462
458
2624
2099
3053
928
1238
2016
2012
1237
3148
1415
3166
502
117
2206
2810
1861
1366
3063
2916
1356
2889
1347
2671
3069
3070
471
216
1461
1304
852
1180
2919
1542
2918
2920
2921
1984
290
2244
514
5926
2297
1676
2967
5864
896
4019
3506
705
3118
2100
3696
3081
1873
1168
707
915
194
1575
6918
1592
3106
1373
1957
8730
1030
1581
2734
1392
3018
1165
2668
2917
1686
1264
1891
1171
3417
1006
7492
2002
7809
2200
1931
574
1101
2402
2275
1255
8998
1004
3901
3680
5809
3021
5628
8675
1325
835
3163
3660
3019
4144
5585
4638
195
5553
804
178
7478
7786
4101
1580
4550
1290
2802
68
2687
1844
8743
6440
8665
3168
2374
2647
6056
864
2304
2877
2927
419
3457
2835
6170
5177
7439
3146
7990
1053
1274
7831
2925
4296
2490
3602
1819
427
5
4731
6148
6355
5936
1246
4927
1721
8695
735
1644
1016
2712
2516
7458
1513
2154
3370
2669
4169
8044
2386
6426
637
1771
8607
2367
420
2300
227
1569
1840
1303
8136
8376
3875
2613
3185
2752
1900
592
6892
3587
111
8524
2956
3072
1507
2609
1696
3795
2415
1479
5117
1114
1667
6552
1602
3721
4801
1969
2661
6367
186
2769
999
4166
2398
731
696
1013
7381
2237
665
342
4895
8899
5619
3011
7748
1243
2766
1027
709
6322
1352
2399
135
7135
5202
597
2368
4251
6800
832
1476
2997
5850
4304
5548
7081
541
844
2738
1804
4139
279
1428
8827
2521
6084
8014
1971
697
2596
614
7272
7897
521
1020
6718
3854
312
1441
6547
3714
6211
7340
808
4168
2620
1726
3211
1240
2013
3622
8892
2866
6999
5718
153
4795
4649
8194
957
3720
8745
4401
6314
4709
4414
1433
5942
1938
7150
8915
3515
8057
3038
137
2826
2976
2139
7881
4515
1026
2429
8254
4849
6550
4740
1954
3467
4848
3266
7812
4090
4688
6378
8813
7192
4432
1011
4577
8943
7577
3040
708
6521
7817
6290
1206
4491
5258
6327
1554
5603
7136
1866
603
513
2855
4079
7352
6154
422
2615
7016
5839
3127
1041
6985
8866
6826
1970
357
4039
961
4458
2801
7766
11
893
1973
2397
7099
5498
8531
366
5038
8617
1951
222
7892
7820
2815
7585
2210
2660
2075
996
2325
1979
7484
1234
4482
1305
3250
31
3066
6591
531
8871
6465
5033
328
229
6612
1642
3299
568
1397
488
1438
1408
1941
3125
7445
8833
7944
3928
7698
3924
8840
3263
6932
4639
8462
3707
7587
4000
4369
7789
2686
3698
6449
7002
3902
5899
5039
6344
3578
3903
7411
132
327
1393
5597
2207
16
839
2468
7161
2902
480
5699
1267
6422
2504
2507
6458
4555
5742
800
3113
1086
1671
324
1657
1060
3006
2067
685
5859
2481
2900
2798
1033
7038
3908
3111
6977
5971
8131
8700
4987
2860
3024
300
2715
3177
1063
3042
2633
3147
1080
1388
2074
3068
3134
918
1233
2403
1204
510
2789
2393
