item_recommendation
25737
7872
8571
7541
8093
8117
7613
8360
980
8447
8327
7697
7669
7914
8253
1523
285
1003
7437
8225
775
7782
7636
8033
129
8183
526
266
8899
1513
535
733
960
2659
8859
3232
8661
48
7938
745
7560
8070
1744
741
1907
3235
8743
8420
695
888
984
472
8154
7234
626
5410
5515
8522
986
8403
1046
4821
1288
955
1812
5264
1816
1771
4550
8290
232
3324
3368
4941
2227
2686
2288
4262
8477
5723
6728
8879
1507
5198
976
990
953
1515
8385
969
2300
951
1006
4437
5159
4658
3188
3210
5597
407
45
731
4731
1187
2212
8761
4795
321
4079
2769
7186
8235
735
981
7738
3604
2340
2688
8003
100
6091
4740
1111
6970
1021
6826
140
8709
7753
858
3522
647
5489
4366
8207
725
1060
4696
2937
401
8136
8376
4404
2062
1777
4830
3238
4414
2605
1767
101
5588
8961
1437
828
6579
1352
4801
4076
2415
4809
8684
8654
4316
3854
3875
1624
7619
880
966
5909
2374
3816
474
1020
1004
964
1013
885
522
3127
5611
6365
724
189
1024
2504
4577
2496
1057
263
1053
915
1525
8056
5008
5033
423
8665
3996
7786
7407
4349
656
2780
659
5161
4782
7478
2241
1132
6918
970
7802
1472
4649
3417
994
6630
485
4645
881
2798
2982
218
840
1831
912
3668
2829
31
720
205
4638
870
742
196
3795
7728
3354
8589
2772
5117
3292
3086
498
2236
4923
2647
268
6243
6390
1125
2687
2385
1042
1562
1394
1017
6609
3377
6612
1870
1026
3751
8910
886
8499
3869
3388
3428
2660
6932
3160
3707
7944
7445
4639
7587
8462
7698
8833
8840
3928
3924
3263
2935
2248
4600
15
8410
954
523
4290
4337
3575
963
4191
16
2799
6314
8642
1030
861
1590
7293
3113
1819
1281
2617
4171
4417
8977
1331
2186
1531
3456
5177
1652
8777
3702
1844
1639
8920
5186
461
746
1581
6195
1145
5662
6774
5
996
7976
2689
4761
1161
302
802
5765
9004
1794
2442
3632
4391
8819
965
4251
6521
9001
2497
7809
869
2154
7888
5834
5585
7263
998
2283
7649
4885
1346
8699
7831
550
1517
4162
8596
3402
3307
5365
1696
4432
4524
8772
3584
872
2793
2531
313
1012
7038
2494
8689
6318
7894
7881
8670
4284
4634
1980
4727
4420
4342
3799
1135
1582
2347
4584
5952
3843
5810
6509
6559
2621
3430
6902
3563
6550
2752
957
4197
6493
1826
4380
3252
3960
4338
3723
639
3991
4274
4184
4268
3976
4291
3450
3547
1293
1508
7979
422
2976
4399
718
1209
2318
6073
1702
3281
4625
4427
4873
3093
2815
1099
5296
2082
5449
314
7705
3871
5312
2966
5114
2468
4246
1836
2860
3845
893
2478
2335
4273
3649
3157
4936
938
3194
2398
7316
2366
6207
3805
6116
4680
5053
2407
3714
3626
155
274
5288
7126
7204
6355
2231
3218
6056
2693
940
3619
3270
3565
4036
916
1047
5222
6751
719
7282
9010
8268
6760
3635
8827
7748
3199
5742
6121
5282
6143
4984
3207
1225
492
1429
6885
8633
1367
2669
7792
785
2730
726
5164
793
5968
6835
1438
832
1657
5473
4033
1476
5017
6892
7099
527
4255
7878
2892
34
276
479
4844
2368
4895
8848
1032
2418
2581
3213
1676
1358
6154
2458
2981
4319
427
8157
2801
3608
4511
6748
8453
5772
4263
4101
2570
6744
2622
4016
4861
934
5787
3587
4401
1834
207
3759
968
8187
3285
337
1031
3819
7394
5980
2770
2642
1147
8574
2517
5715
1970
3745
8620
1059
8228
5346
8261
1317
4659
6985
6000
1131
2900
8927
7487
1876
7995
482
2427
8998
5839
1688
5729
1295
2149
1580
5936
2173
5440
5182
6077
2433
3489
4876
8482
2352
4933
1010
3709
2441
5518
7208
3859
2775
3357
5055
7720
8695
6798
866
5675
2394
454
4051
1569
8864
962
76
2533
1631
171
7272
202
3251
5888
8008
2404
753
244
8167
8387
1901
7299
6294
2668
2440
3024
2609
7577
1008
4153
5427
7757
3176
4987
798
864
1330
8239
8392
2741
144
4954
4228
5768
3804
1821
4612
3358
322
2465
7245
2089
4636
931
5483
5672
3387
4728
8614
5302
5463
4676
5342
4662
4640
4977
5637
4333
3880
105
2195
3852
93
1500
4515
5655
4627
2493
1690
4519
419
7180
2202
5470
5352
5364
5265
5236
2674
7817
6896
786
6062
5971
8388
204
28
3656
2155
5139
3125
2727
561
8865
5815
875
6568
1041
5021
685
4902
6260
4765
8169
8636
8807
844
5080
2003
6803
3863
1433
2925
6920
6498
1037
4375
748
7583
2339
2434
3344
8525
5122
3479
3639
5097
8712
7155
8612
8609
6566
4238
3761
8799
5840
8133
3615
8831
4632
2078
2204
4161
4121
1739
2038
1040
3920
6562
328
1726
4833
5193
5226
6858
4603
8604
3889
275
1824
1078
8781
1839
5375
6535
1852
743
2473
1941
1422
5199
3262
3892
4888
3159
3784
4643
929
5850
6977
947
2880
2639
8507
6547
737
3758
1336
700
5165
4188
2572
5243
111
6777
2396
4911
3351
8903
3268
6832
8629
4976
8854
7415
2439
1504
2912
6684
3431
7990
2521
2344
4024
7502
835
5556
7036
2843
4673
6440
1810
3359
1287
2331
1055
201
3394
5689
4914
5413
3256
2651
89
778
3408
8591
9012
5853
8580
5801
1556
4846
6225
7107
5604
6513
5926
4563
961
4177
7380
818
327
1393
788
580
892
1866
7121
7311
5693
1612
3882
6211
5735
3978
2807
2506
1715
2696
3216
1501
7096
1518
2425
2709
2600
195
4111
2534
8667
1410
6591
7771
5641
499
2295
3474
2546
9018
4440
839
6404
8484
5038
3693
4837
661
1779
10
973
1019
5710
3028
3152
7919
5203
2796
5666
531
7011
5433
2792
2026
5734
2956
5498
3770
2897
2009
6731
5398
7260
2802
7789
1487
5745
2577
4686
1028
3487
135
651
691
2383
6676
3676
7759
3116
3475
8607
