item_recommendation
25737
7872
8571
7541
8327
7697
8093
8117
8183
8360
8225
7613
4550
8447
775
8290
980
7914
7669
7782
1003
7560
5515
4584
8403
7437
2647
401
731
2769
4740
5159
1513
8033
8253
8899
8596
8743
8154
1523
3188
4349
984
986
5723
8772
3805
6154
3816
5742
6970
1515
7636
2659
714
8207
745
1812
7728
4718
8499
3709
1507
8859
7938
3730
6073
5186
5008
8420
3235
3232
1985
3377
733
4029
1474
2300
3101
4569
2009
5662
4638
5765
1907
8136
8376
4731
6260
976
4262
8661
1317
8070
3875
7478
7878
8636
4585
5312
2496
5715
6902
3324
7649
5768
7234
5288
8522
990
1624
741
5853
5675
8591
1777
5410
6091
9012
6918
626
6178
960
4691
4076
8410
2780
1744
4795
8003
858
5729
8998
4801
3795
4821
1053
5198
3368
5264
915
2686
1870
2937
8580
4941
4153
8879
1006
724
5597
964
2982
2651
7802
4437
2688
6355
2798
2605
969
695
205
1690
189
4546
1831
4366
6579
1771
2668
1288
5275
4649
951
4873
1017
697
8777
885
1021
7407
8961
1187
3932
1739
893
5282
1472
8699
6314
802
2227
4316
3081
101
6751
7831
6121
1046
7245
5177
2416
5666
735
4923
869
8056
998
266
129
8720
1437
3417
647
6728
888
8477
6826
1767
5689
973
6493
535
1562
7204
5834
5655
48
5365
4440
1060
1525
5909
1057
725
7186
5038
5611
6835
7171
1327
1004
5323
659
2482
5968
3489
6760
8665
1816
3307
8462
8235
8709
2347
6513
5254
7254
656
981
4079
5839
5936
3024
955
4765
947
3238
5710
4830
188
7786
2935
968
2772
6630
718
3334
4263
5752
2415
4241
5398
5443
2546
5641
7260
3936
7888
2288
3702
8848
886
1147
2696
4577
880
1980
2385
2407
7293
864
3882
2976
1508
6404
999
4686
7881
8607
8943
1026
3668
1517
4016
8629
4246
3604
5672
3194
4404
526
5071
5732
2513
479
6676
6985
5699
5139
8684
5363
5053
6612
5815
2534
8807
5055
7753
4727
1042
2687
6774
6047
3819
6408
1834
93
6684
6294
2478
5808
2548
6932
4420
1111
8654
8385
1721
9001
2660
8920
8524
4639
7445
7587
7698
8840
7944
3928
3263
3707
3924
8833
2120
8761
2801
2473
6718
5161
1581
875
1580
285
8882
2829
8142
2832
6225
1935
6498
2440
3127
6547
5473
953
7771
2154
2956
8147
3759
8542
4911
3758
1367
6436
4976
1429
1020
1099
3584
2912
1819
6803
8642
2186
5735
6706
4809
4696
746
1030
5795
8261
1750
2775
5466
3125
4312
4600
5980
3359
2183
3408
4680
720
2983
2582
474
4984
7263
2078
5772
253
4878
5625
7078
8275
232
350
4251
6103
3086
7619
4171
3575
3284
6331
912
8451
1192
6422
2892
8689
963
2689
1047
6609
313
3611
6035
4401
1059
4450
1301
8768
6963
5693
6464
2062
7346
2761
6243
3889
5940
5285
5243
6341
6375
2617
2799
6896
7894
9004
2331
3608
3051
5462
8838
1631
3093
4936
2981
7919
1346
7038
218
1104
3428
5170
4432
5684
7198
5400
1852
1135
8589
828
7822
7419
1688
5696
4477
6800
5836
6195
1132
5572
6887
6584
8640
1876
5670
7357
3497
7235
7309
5034
5685
3654
5401
5847
6060
4300
4929
5577
4104
5056
5003
6432
7063
5826
3957
5746
472
3292
8672
3499
8828
6754
6105
7791
5686
5678
5680
5667
7947
6365
8197
5736
5517
5373
3649
5985
2640
7017
7153
6732
2741
8835
748
6768
3456
2197
5004
5001
8921
8366
5700
6852
7702
4677
6851
6342
4889
3825
5690
5002
4994
5796
8872
3491
4832
8582
8123
1617
8610
8633
8785
3210
4980
798
3402
8423
3500
7012
719
8949
8371
6645
2184
6286
865
8985
8130
8158
4833
1349
1161
8966
5810
965
8955
1822
872
8372
2441
4782
1394
8138
4967
6530
3880
892
2622
4834
870
7502
3851
5375
3173
2709
5033
3199
4658
6390
5449
1526
3714
4999
4428
3241
1352
7809
3387
1225
3281
6678
938
1358
743
2966
3522
2815
7126
2418
274
1012
6470
485
2383
4354
3656
2188
4861
3096
3113
750
5291
4987
2318
4228
1501
5203
5085
3218
6533
4895
2786
6232
2236
2504
113
4105
3251
3388
4532
5117
961
6827
2993
3028
6744
2654
4095
45
5585
492
2427
742
4920
7272
4101
3495
8977
7208
1805
2335
105
6296
8167
2118
8819
5356
5352
881
3357
788
1037
2770
3587
3157
3150
1582
970
4255
8387
1145
6211
1909
1497
1660
1209
1032
6509
4736
7792
2159
5498
2521
3753
2241
3207
1948
1608
5787
5346
1363
4045
1008
2374
1010
5518
816
5504
1049
7394
7764
4427
1438
5489
5419
5193
4511
2897
6207
3742
3885
1696
962
1476
2517
2500
207
2442
861
8042
966
1783
8670
5440
4380
2090
3751
1422
1395
5418
8865
1024
793
2342
5165
4963
2340
2573
1078
1013
1125
2212
1173
2492
1518
5134
4162
2366
276
5413
3354
6559
5588
8187
2458
86
2793
8910
3445
747
3632
7738
4885
1836
1844
3996
8604
7282
4414
2394
5604
1500
3358
8638
5888
8927
461
6368
1307
4979
5470
7932
1014
4981
931
8914
2764
4490
5135
5199
2752
5218
844
2880
8722
2774
3159
3784
5553
1794
2639
753
244
1951
4033
3256
3262
2835
2570
2581
4888
76
4643
3892
929
4996
337
8453
2621
2494
2572
2155
3140
4298
5952
580
2898
4945
833
4462
1029
6636
2428
3869
937
499
8228
1040
2730
2817
4844
896
4290
141
516
2399
1504
2368
5556
5891
213
1516
2467
6114
423
6395
2669
1365
4284
7228
3160
5021
4273
3211
4645
2866
3971
3801
6143
2796
2493
16
1084
9018
954
4247
2766
1796
135
6186
1873
3213
988
2439
8903
2596
1063
7995
1056
1959
2481
15
8781
8620
837
3852
2404
171
2633
2843
3430
3351
1997
34
3804
1759
8268
726
2600
4337
3147
2922
3134
4761
3177
167
918
3005
3042
3068
2789
1233
