item_recommendation
25737
7697
8327
8056
8571
7914
7872
7802
8684
8253
9018
8117
7976
7613
8033
8167
8477
8225
8093
8235
7228
3232
7541
8360
4121
7932
3163
8511
4290
8616
7995
1562
8039
1535
8420
3751
4552
8892
2219
2180
1711
7245
7478
8070
3368
4709
6365
1552
2310
2243
4146
2137
1804
5980
8014
7826
3133
6906
647
6073
300
1120
5553
4194
5146
3643
4178
3060
1580
3338
4386
1880
1212
7130
1549
8207
1310
5433
3515
7492
7649
7840
2236
8482
8524
387
8819
2745
4920
3660
8625
4166
2779
2589
8827
8531
8675
8810
8290
8254
8484
714
6178
8772
828
7897
5046
8695
7192
6378
8813
8915
7150
4688
3266
8979
3038
4090
7812
4848
8057
3467
2006
7136
2159
2170
8607
3250
5942
5850
8866
4854
6954
1320
8491
1440
3698
1408
7458
7437
8617
4873
7161
2084
3459
1404
3235
1111
8807
7016
7585
2681
8871
4369
2227
6493
4039
1463
6961
4246
4084
2704
8451
4491
8261
5989
7892
1076
5603
7293
4142
57
1680
8943
8542
3310
3983
7407
1801
4486
3665
7456
5033
1073
1453
3843
5159
8447
3247
2386
2144
3150
5521
2539
8596
5134
129
4002
7215
8751
5250
1466
7560
1788
4207
3185
4229
4148
3981
2935
1145
4173
4210
4482
891
2445
6031
7394
3194
753
7502
4366
2200
3152
8903
7728
2212
2686
2073
5434
4600
1835
8600
678
7160
3718
2565
121
2231
7577
324
8499
6237
379
3816
6503
775
4321
7282
405
3900
5101
2291
1513
5617
3190
2128
2462
1938
6416
4555
4000
431
2822
1401
1652
2273
1744
3057
3168
1256
7142
2031
6957
7334
1264
6419
1816
2530
2504
3013
1255
3563
2272
4515
2250
1267
1902
2167
4139
2605
6162
1277
1168
2917
2139
2098
7766
2297
3259
3086
2594
4169
793
2282
1099
3221
2734
8194
1957
2918
2919
3148
2920
2921
1984
1542
1356
2244
3069
2012
1304
3063
2889
2016
2206
1347
117
3053
852
3070
1461
1180
928
2916
471
290
502
2671
2810
1415
1861
1366
1238
1237
216
3166
514
1592
458
1392
2967
4632
1931
7787
194
3024
8927
272
7738
3019
2176
804
463
1373
4181
7583
3868
3889
3197
3989
3377
1707
2002
4584
7099
6442
178
1325
8183
2275
4053
3979
1241
4014
4012
4011
4010
4009
3481
3243
5382
7762
4006
640
4027
4042
4495
4415
4402
6427
6877
2856
484
667
1831
3543
574
1171
2478
1569
5119
2855
1954
148
8187
1971
6281
420
854
1644
4508
6166
2644
2664
1862
2782
2959
3671
3018
6021
3010
3249
650
1196
5765
1523
3544
3021
2304
2327
1969
8699
3309
2741
153
3146
1351
3690
4987
3357
4511
1215
3273
3754
5025
3067
1819
4062
4203
5264
3028
1921
1370
2832
2413
2313
6624
2692
8537
3441
6561
2203
3763
8743
8808
8670
3110
5108
2558
709
1629
2877
8650
4031
4782
8709
4846
2613
6958
1391
3192
3224
6695
2065
824
2372
222
5628
805
2575
8228
1472
342
2059
188
5909
140
614
8636
4091
2161
592
2173
6195
3142
4859
6502
4155
597
5395
861
65
541
708
2237
1657
412
6867
3988
1419
2505
1274
2635
7222
665
2749
1441
2011
7636
5059
1639
5597
2201
3213
1746
1181
2481
186
1840
5715
1844
1269
7820
1937
3284
4681
6643
2117
137
2874
980
3662
8044
7135
3512
2927
3908
2371
1025
3646
8633
5791
1979
939
4254
2422
1465
5147
108
4776
6033
4880
2255
3301
3318
4308
4352
480
1482
6850
1223
2070
3687
7669
976
6525
1387
6806
1896
2080
6993
6547
3798
577
1620
8730
2606
3002
3421
960
3106
6703
6422
1425
2490
619
1922
2794
1826
4356
4787
1777
2037
92
6154
488
2537
4644
1864
1384
5932
6985
1437
3040
3011
1345
7774
3379
1353
1643
1343
4088
1883
6426
538
5254
409
4021
211
3626
798
3122
81
135
14
4183
3201
679
5677
1243
8341
3320
1726
6056
8853
3129
3710
1948
4682
1003
4716
3963
3893
2618
4143
2221
2511
6862
3219
237
5083
2557
3099
229
1900
1165
3470
7121
8522
5304
2620
3349
3591
3994
3303
4332
3386
4296
2162
1926
1854
3046
5754
213
6662
433
4658
2214
333
1211
2536
4443
3909
4135
2506
5117
845
1414
2847
5489
2476
6935
1912
6440
741
2661
2177
836
3955
4969
2970
5291
6395
3090
3712
5825
6650
6383
561
2410
4355
1147
2893
872
6646
1631
2615
765
2048
2835
3494
1236
2738
1935
2551
8622
4270
3939
6872
7195
3674
1242
1924
3790
5535
7065
7324
7367
6268
6592
4752
6016
7087
360
6008
7116
5913
3864
4562
2013
6883
3289
6014
2629
4602
2041
1161
1783
6425
721
1866
568
3328
5137
1202
316
1234
1870
3165
1532
6600
151
8665
7782
2631
3653
2263
1206
3406
7046
864
2928
4205
4003
4185
1852
3313
3175
2087
4252
4895
2636
5926
2427
7720
1385
6140
1739
1667
3739
289
737
1550
2149
6125
1285
1914
338
1603
5121
1361
6203
4201
603
2467
808
2088
3174
1932
5548
1837
1055
2669
6132
6156
1411
6143
5081
432
4023
8823
8954
6620
2929
6579
7323
7020
2379
6918
4998
4213
8711
7790
7625
7925
7959
7076
8208
8240
7143
5933
8373
8623
2641
4538
3098
4281
4302
8577
3872
1464
4141
3091
2318
2938
1719
2668
8661
1977
2878
3066
6764
1431
6390
18
3962
1916
5208
4696
3834
1731
198
2793
34
354
62
114
786
456
2414
11
6107
3705
1699
296
1363
2455
2706
4388
4720
1963
1279
440
6513
4881
7926
1444
5621
8864
2405
401
1537
697
2107
6452
6218
4378
4426
5503
733
1940
1934
8879
4026
2961
5383
5699
6157
3972
1178
3980
1889
5684
4051
1767
8644
279
1588
626
6197
1598
3747
3355
2984
2329
6318
3182
4017
735
457
5941
2656
4772
1715
2804
4748
2075
5981
818
1942
3535
1717
2398
1640
2848
1686
392
2841
3036
