item_recommendation
25737
7872
8327
7541
8093
8117
775
8183
8571
7697
8225
8290
1523
1003
8403
1513
1515
5515
8447
8360
1870
731
980
7613
1525
7560
8772
7669
78
842
687
7914
5742
7437
7782
6154
1507
5186
8596
5159
741
8499
8033
8899
8154
5662
6073
6260
8636
7878
2769
5715
7728
885
733
1348
4550
6902
5288
401
5675
5853
8591
5768
9012
626
2686
986
1777
8207
8743
745
6091
1053
5765
5008
5723
8580
1907
4740
984
6970
1422
869
990
1034
4731
960
976
6178
724
1812
5410
8253
7649
1317
908
8376
5597
998
431
8998
8136
4076
5312
6751
8003
4795
1688
5198
2616
1049
5282
864
3875
8410
5323
5275
1624
735
931
2227
2688
1819
8720
7478
2798
858
2385
742
1771
3235
981
1744
4440
4316
8859
7938
1006
915
8777
2300
2687
6918
5729
1060
1739
1030
6760
1021
1057
2801
1046
5672
6835
8420
8699
2892
2659
2534
5689
2202
1288
3113
3489
2982
2937
6355
1831
3324
2513
5177
798
4584
7636
5666
7245
2496
2741
8943
2546
7802
947
6493
474
3816
2668
8147
3232
2976
5038
8807
5655
5398
8607
129
7260
1004
535
8848
5254
746
2696
1307
5968
4016
3936
4241
3334
1508
435
5055
4649
6121
964
7254
893
4312
2651
8629
4153
7831
695
8524
3496
6547
1026
6404
880
5641
7171
526
1497
951
969
4976
1192
2294
2770
5710
8542
5443
1501
4765
6579
2347
5365
4941
6684
105
5735
3758
8142
5053
968
5936
6513
6294
4727
6676
6047
743
888
647
5839
7771
2956
828
3188
875
1037
3194
2815
725
5699
5752
2829
2605
266
1017
2186
5243
3238
2120
218
6718
6436
2772
720
8768
4830
2983
2582
5732
4801
5834
6896
5285
5808
5815
748
101
5625
7234
1042
6408
5462
3759
7919
8070
2183
7346
1562
5363
8661
3284
4923
963
2912
793
6774
2440
7078
4437
5170
765
1750
3611
6422
1816
719
1472
8882
5684
1500
5400
3359
5572
5795
6464
4477
6584
6331
8835
5670
5034
5685
5003
7822
5696
5401
7198
4929
5056
7235
7309
6706
1059
7419
6375
5139
7357
5667
5678
5004
5680
5001
5686
5517
8838
7947
7791
8921
5577
5373
8828
3408
1617
7204
8955
8966
8949
6498
3051
6800
1767
5466
6803
8197
5002
5700
6754
5746
3654
5940
5836
5796
6732
5847
6887
8672
8640
4994
4104
6341
4300
5826
3499
3825
3497
3957
7063
6105
8582
6060
5690
6963
6432
8275
4834
461
8872
2640
6342
6852
4832
7702
4889
4450
4677
3491
7017
7153
5736
6851
8785
4420
2245
8366
8610
8371
8451
8985
8372
8423
8123
8158
8130
5161
6645
2184
7012
4246
2935
6035
865
8138
870
2441
4980
1504
4878
3751
285
4428
4999
2832
1690
3241
1104
4263
4366
3500
4680
2780
2473
988
1980
2383
4105
1581
3889
726
1187
2009
1631
2689
718
5203
3096
938
2504
3173
1346
3604
6470
4532
6768
1582
5611
8522
1852
3086
4401
3388
5085
5218
955
4821
3495
8056
1008
6827
2118
6533
2288
2761
1032
3753
3307
1580
1161
802
7407
6296
48
3880
2415
1147
3819
4984
16
189
6103
3656
3377
1909
1805
2669
4095
2966
3368
4079
3575
6530
205
973
1010
962
1040
1608
1711
6225
8235
8665
659
3584
3402
6286
750
8477
2548
747
3851
4833
961
1111
4101
1145
1876
6826
1437
378
1047
2774
3831
3150
3417
4873
1836
2545
4577
1132
8879
6232
313
6678
5504
5419
2600
4861
5346
4967
2764
2481
8462
2730
3452
1783
3702
1517
4638
1518
7764
2521
3522
1721
4718
3081
8684
3649
4490
6985
5693
2399
4228
4996
4979
2570
2786
7379
6368
4600
6728
753
4696
3357
786
5264
1951
8920
6314
2938
1394
3608
8961
6630
8042
8387
833
5135
5518
5214
2236
1209
3338
4298
7186
2993
656
1078
1696
1148
4349
7888
2427
4111
7208
3358
872
5193
34
3456
7786
2090
4404
2654
788
2465
3211
4414
2467
6062
4920
4987
8633
3093
7293
4337
1668
2154
2493
8261
2494
5440
1363
4963
3125
516
4691
1860
1012
762
9001
2572
6243
896
2458
2573
5375
2428
1636
1331
886
2438
4686
1625
2478
2318
1502
3292
479
3445
1018
2339
728
1056
1429
2241
1125
2442
232
1084
1834
2799
1660
3218
5418
2342
7881
2195
1301
3668
8865
2407
953
5960
5772
2981
5356
4658
4782
1225
5304
8167
2647
472
4735
5891
2880
1135
2639
113
3262
4643
5199
3892
3784
3159
4888
929
7894
1020
8709
2155
2596
2078
4262
2835
2500
6612
455
5291
2843
2633
162
922
1873
1997
1526
2660
8638
954
1103
7809
2188
934
8833
7698
7587
7445
7944
3928
3263
4639
3924
3707
8840
6932
3147
1186
3177
3068
1080
510
2215
2364
1226
1759
2866
167
1388
3134
2715
2766
918
2789
2074
3042
2403
1233
2922
1204
2285
2393
1616
99
1305
2681
2366
1928
4911
276
5413
1959
2497
8761
2134
4645
499
1479
2325
2327
1013
1839
460
1367
1733
2107
1358
4563
4290
1841
1035
306
704
3005
1063
161
3795
4251
3428
7753
861
4171
3805
7263
2212
2082
1085
4981
2159
6093
2796
3210
1863
816
721
3127
4844
2335
2368
327
685
1184
4642
5313
4284
4273
1726
6195
2487
4380
5980
1099
337
1689
2990
3852
2231
54
892
4045
423
2858
7932
965
47
580
1730
2429
8642
4625
5556
1092
1972
3071
944
4809
547
937
2617
2793
1556
8589
2985
1019
8689
1794
8228
2197
7228
507
3152
1196
1152
4511
2709
274
3160
531
2634
2046
95
994
9004
6234
1493
1218
4895
2975
1014
4936
714
9018
3256
419
6571
4191
4678
8625
8927
2146
1735
3006
4462
2289
1095
1428
4326
2925
3843
1031
2827
278
8808
2416
8620
2248
3996
6744
2398
2567
2178
8576
8903
2514
6211
2779
3587
1779
1120
4247
1752
3024
7995
3281
5604
4399
6390
