item_recommendation
25737
8093
7872
8327
8571
7697
8447
7914
8117
8056
8253
7437
7560
8033
7802
7541
8235
7613
8070
8167
8684
8225
8360
8290
8420
8477
8385
7669
7649
7976
7728
9018
6365
7478
7636
7394
3232
8039
7738
7932
8819
3368
4121
8522
8751
5033
980
8003
5980
7753
4920
7228
7407
8154
8207
8511
5159
7995
4414
7099
6242
3235
8661
8827
5264
5597
7705
7293
8491
8670
8183
6178
4417
6579
8499
8482
5433
6826
6355
7299
3871
8772
7577
8187
1523
8961
8507
7160
8695
4051
7456
8813
6521
7096
7186
4552
5296
7130
6568
5850
7897
2212
6748
6559
3996
8864
8761
8008
6223
8903
6650
8979
4782
5329
7840
1844
6918
5968
8403
3379
6743
285
1352
6703
3604
6116
8665
695
2371
8607
8484
8589
960
5012
7892
2062
3420
7481
7492
6562
6832
7016
7272
266
7826
7878
6609
2374
7458
7817
3163
8879
321
3816
8451
5942
6162
8014
3698
6728
3869
7192
6132
6636
4194
8866
5410
8654
6662
8892
8254
4688
7812
6378
3515
5046
4848
8915
3038
8057
7150
4090
3266
3467
7161
7136
8675
5017
5971
969
3843
6446
5210
6254
7585
3213
7204
8910
1408
4369
8625
7263
7990
5603
8998
3250
7051
1513
472
6966
1336
2531
8810
100
6056
8807
8871
3210
7938
6383
8410
6751
5117
4039
6840
8616
7090
8531
8617
6591
5146
4761
4391
1003
3845
5489
5008
4658
8600
1024
7142
6550
8943
6624
4846
4605
7502
7245
7782
48
8709
4235
6426
8131
7415
4491
5909
4706
5815
1046
2860
2704
2038
6077
5521
2144
6658
6021
6203
526
4420
5926
7234
6493
7786
954
5025
7789
8699
6502
955
5936
4427
3113
6940
984
7619
6760
6999
7762
8194
3216
6143
6091
7380
6531
6791
4002
840
1744
6718
1794
7487
4290
6207
6920
4146
8261
6739
45
4399
3310
1590
775
129
6873
7089
6114
4686
3522
7107
3563
4086
232
5839
5600
4696
5515
300
5825
6084
407
6676
3660
4108
3587
6261
5765
5378
4389
7888
4229
8524
1295
6513
2340
6318
5693
2073
4079
6885
5226
1281
3854
7818
5548
6829
4809
6516
7583
6896
6400
7135
7311
8636
6195
6762
2288
4854
2605
6503
1466
7720
6000
3194
521
6777
5965
188
8268
6721
3964
7820
2149
4181
1639
3238
1212
3799
6073
3281
6892
6957
7325
5080
2214
6031
8633
5304
4482
6695
6862
3927
1826
4645
6798
2497
3981
3247
6782
1767
454
7771
6880
6993
745
7340
8808
5164
6536
6183
7282
4844
953
6440
7766
3643
4756
5568
2912
1187
6765
4861
741
7566
3492
6370
1824
8526
6415
5558
5832
6348
8950
4292
8044
4020
8908
3997
4811
4692
7584
6641
7845
6977
8948
2941
5900
7044
5801
5588
4524
5857
5291
3752
3354
4135
1973
8366
8583
8009
3653
5214
8899
5611
8854
263
4600
966
4560
6757
2241
7926
7936
3324
5081
647
986
7484
753
4795
561
5009
733
1839
2609
6416
4821
7419
2769
3176
4394
6954
7316
6794
2686
1378
5134
881
2283
8542
8341
3665
2631
7979
858
1686
5193
3060
2227
8614
4625
951
4148
3763
3309
1816
4191
6944
3920
5873
6816
1111
3565
4337
4380
3619
3450
3547
4036
1293
639
4338
940
4184
3723
4273
3976
3991
3960
4349
2693
4268
3292
4197
3270
4274
4284
3252
3626
4291
4342
550
6107
1804
3364
1862
8984
7354
3646
8968
6684
2780
4987
8859
8781
2824
2506
1907
7448
4830
7315
7121
8977
990
5618
3635
5483
5101
1864
2300
4124
2782
2594
5110
1580
7713
5923
1394
4632
6803
3320
1288
2089
3859
8727
7708
5069
4577
6122
7841
888
6877
2167
8743
4437
431
6612
737
6412
7073
1515
3885
5809
3028
8927
981
3512
4178
8596
6276
5605
7748
5241
5203
8576
5303
6314
970
3370
6595
2688
6027
8575
5282
4792
15
2558
4321
1992
1393
1211
7881
3560
1525
7115
2059
6140
5021
4954
7208
5572
8530
5198
2186
8239
4941
7757
6157
6535
8777
7104
7257
5914
5985
6480
3086
7569
8638
4265
3190
6331
2532
7438
2997
4142
6850
6856
7219
2659
6724
7212
8273
8169
8745
7102
4878
3285
880
6377
3127
735
1057
6442
379
912
6902
7831
4612
9010
5177
886
6464
4885
4404
3201
5633
4359
8392
7355
3388
996
6565
6234
3441
5236
3197
2003
6237
5139
522
7211
2476
288
3460
535
2829
1131
4228
4584
6404
4033
1812
1035
3963
4355
743
6898
4498
4638
5108
3632
6271
7759
7195
2935
5715
5438
965
8857
8404
3983
4727
7238
1569
3160
4368
3745
3157
202
1125
6260
135
8730
8142
6498
4316
3857
5952
6961
1006
5523
5581
963
725
4366
6159
6981
8609
5888
731
5945
2618
899
724
2966
1870
8331
3727
7111
1463
626
8157
523
3221
3508
3173
3010
6279
1836
1391
6185
6148
6615
6617
7809
7844
7706
7843
6283
8527
6828
7942
1021
1012
1004
6227
6040
6016
4251
1365
7050
8132
2441
6630
2539
7451
4220
1317
6707
6166
4115
3430
4515
4024
8370
4361
2937
8580
378
976
6942
2764
4101
3402
3947
3882
1531
5312
5208
1771
4555
2822
4084
140
1031
964
2344
7026
3487
7189
3024
6964
4000
7222
5288
5628
34
6243
7624
2259
5569
6530
3239
6290
1030
1880
8640
1013
3608
3387
8790
4740
4098
1346
8865
6686
4031
3109
4614
7842
8946
3999
4319
4046
961
8537
5420
6322
3110
2772
2006
7453
8388
2520
2839
2311
832
5882
6812
6811
2826
5182
6133
5473
7361
328
4691
7034
4188
5128
2807
8136
8376
4255
31
3875
3575
4076
4731
6970
3357
4246
5723
2176
2801
1078
6509
5752
1562
2210
6156
6230
4168
3574
4045
4840
6298
3338
4914
4945
3377
2521
4234
8689
5098
5458
5772
7787
1329
7564
4339
7177
4375
5891
5121
8387
5440
870
1980
1310
4263
3852
8453
4659
1279
7078
1287
6982
1331
2415
6344
314
2779
4770
7171
1507
5729
4902
6390
