item_recommendation
25737
7541
7872
980
8117
8327
8447
8093
8207
8183
7914
8571
7613
7669
285
1003
775
48
7560
129
7437
8522
984
526
695
1907
741
321
1513
1523
45
2062
1744
535
407
8420
6195
745
986
3368
8360
266
626
8225
232
2288
888
858
960
5515
969
2605
7697
647
955
472
1525
2300
2212
1562
3232
8070
731
522
2374
951
1812
2686
1046
2769
1515
4809
7802
990
1590
2340
953
1288
100
523
6579
5410
5772
140
7649
1352
3235
8403
7478
8899
8003
733
870
3210
1024
4740
1870
5264
6211
1053
5198
976
1006
4262
8290
8661
401
8477
4638
1844
101
196
7938
8253
5765
2659
4417
2227
880
3377
8154
8385
981
1771
5312
4414
1060
3869
6355
7407
1004
7234
2860
8761
6365
7245
6154
1187
5689
7186
6559
8879
461
7782
966
1013
881
1026
3113
2780
8033
7636
263
1777
8235
3587
6970
8777
3292
970
7979
735
840
4911
5008
4246
4821
218
1132
4658
3522
5
1507
964
4391
2798
423
725
656
2937
8157
6521
5159
2154
4795
5177
1767
2186
5662
5787
1794
2772
963
2688
3604
1125
1281
5117
2385
746
2935
314
8743
6395
724
5909
8859
6318
2531
5269
8261
5556
5784
4550
7282
1012
915
2829
31
1624
8998
5413
2504
2241
7753
1816
1147
1021
5723
1020
7577
6091
6826
5611
5968
482
5825
498
1017
4088
8722
5017
5470
954
3871
2248
5742
5161
1819
3238
8699
34
2415
205
2687
2976
8910
474
8977
3324
5186
3281
1721
1582
8056
1042
872
7728
3188
5193
2497
5038
5666
5398
7260
1030
6748
1057
885
6143
3489
328
454
2496
5443
896
994
6892
189
1394
1099
4076
3408
5139
912
742
422
105
16
4801
485
8772
6902
4731
5352
3816
1531
1909
6446
5164
3086
4349
1788
3608
2966
6835
3632
1111
4437
6493
3127
6207
171
996
2815
7619
5980
7995
2546
718
5033
3854
6728
7809
3402
4404
8410
5655
8499
2982
7878
4273
3388
1580
869
2752
3799
6918
2521
720
1581
4427
3430
2892
268
6279
1059
5715
5288
1696
828
8187
7272
2082
4284
2442
276
1367
6073
2689
6077
816
4941
1209
427
3370
886
6178
3420
8903
2155
893
302
6116
1437
8268
5134
1508
3213
4645
5729
3936
5254
3334
4241
202
6658
1702
4830
2197
1076
8629
8604
5080
2730
8848
2494
2676
3996
1556
3575
3051
4162
3428
5791
957
15
2770
2801
1472
2793
2741
1317
479
5768
947
244
8665
2440
7705
998
961
4432
28
743
6509
6482
2038
2647
5203
5114
3812
4016
3152
8670
2570
8684
1688
8596
7208
6774
6612
1970
5182
6751
962
6531
5705
1078
4255
3176
2120
1834
6243
4844
2761
8781
3081
2334
3845
4600
2981
2427
1652
820
1739
6609
2609
3584
527
785
6798
5055
4584
5597
1380
8654
3024
6550
5588
916
2236
7789
1690
3805
7293
1676
5971
7263
1331
7932
1032
183
5202
4191
5675
1192
4420
2383
135
4782
1047
2912
3354
274
1980
2669
3434
6148
2473
1769
5021
2159
2983
2582
8961
8376
8136
5009
965
3913
3157
8633
3857
3194
6636
748
3875
1839
4263
1783
866
1500
6562
3882
4861
89
3140
2581
1639
8589
6440
1330
5808
4923
6896
7831
7881
2407
4649
938
4626
1301
6242
4865
931
7316
2399
8709
2146
2284
4987
5735
714
5282
3563
2350
1824
327
4686
1959
4976
5707
3387
861
6390
2207
2149
5053
6630
275
4228
802
2366
3758
4765
719
6051
4814
2507
6121
3759
1295
1612
7340
207
1336
3211
1104
6568
2425
4380
832
2311
5710
8914
8943
1161
4316
2173
4885
7311
1346
3920
3709
2398
7738
1517
5226
8614
4079
5243
1320
5734
1821
2560
3751
7748
2832
2799
2465
2708
313
2458
7394
6294
2775
8819
5296
5329
4401
6760
4761
5888
4718
7720
322
9010
2651
4603
948
516
4511
6383
1901
3093
1145
2506
7899
2347
3160
499
4980
8169
5365
7818
4680
2448
2696
8864
2883
4984
561
3398
2204
6803
685
798
1526
410
5839
7583
2779
1120
5218
6535
4375
3804
1631
3216
3859
2078
3150
1040
4625
3863
1726
6885
2183
3552
8612
3615
3479
8525
5840
3639
8609
4632
2434
5097
8799
3761
8392
8133
4238
8831
3344
7155
8239
8927
8228
6566
8620
5122
8712
1852
5625
1268
2283
3780
1225
726
2786
4161
4696
5936
2344
4619
6155
2600
1483
6690
4366
2792
3635
6260
1019
1135
2939
3852
2802
5460
5339
1358
4188
1077
4691
7815
661
943
27
1728
3431
7444
8591
8636
5853
9012
5672
550
6731
5815
1008
3546
6404
4570
3028
2706
4101
5641
4577
4475
1859
7299
3425
7250
4748
2439
8507
6436
1393
1018
5179
5427
7492
8675
1750
3066
8451
6473
4086
3359
5834
6832
2478
3611
4024
5246
5348
1518
1826
2534
4945
6684
8689
2335
2009
4815
4818
4464
4932
5299
5315
5300
4975
5255
6332
6323
4465
3835
8196
8121
6387
7934
6484
3788
8970
3879
6476
3476
8957
6228
6468
8363
4459
6238
5366
4960
5283
6250
6408
5404
6936
8336
4018
8853
6793
8584
5792
4175
3664
4716
5777
7083
7101
921
920
919
8611
3943
5994
5066
5995
4140
3695
7199
5682
7117
6037
3992
7139
5694
2106
3618
3404
5544
5450
3771
4403
5846
5843
2697
5841
8795
3661
3897
3326
4767
5505
5506
3673
8528
5111
3679
4381
1610
5231
5057
4749
8544
4745
5417
700
5428
6101
4278
3357
3412
934
6525
2828
4411
2436
4605
3564
1822
3677
3276
4964
3264
2194
4947
4342
1501
3626
8667
2486
2548
5718
3819
496
6022
845
788
945
4524
2437
8576
231
968
892
2195
3125
973
5985
4135
1586
1876
2373
6234
444
2306
7487
1569
848
5010
6862
213
4399
29
839
4290
3456
4921
7096
786
437
6400
4970
2089
582
7817
4339
5210
2985
4177
659
1951
154
113
