item_recommendation
25737
1816
7872
7541
8327
1523
8571
1657
8093
7613
7697
8117
818
8360
1744
1433
7914
1652
2504
775
1941
8447
8183
828
1482
7669
1111
2204
1513
1827
8225
7437
1453
647
2159
12
1562
401
7560
8290
861
1120
1791
1777
8070
8033
2468
980
8253
7802
2390
5410
2686
1970
2203
8056
1472
8207
7478
6073
798
805
2227
3232
2935
1907
7636
2212
5515
2200
8522
2605
1701
1317
872
5597
8477
1783
1145
2761
1711
960
8420
1046
5765
718
741
1739
1580
7738
5980
8403
7782
3150
1608
7976
7649
5159
793
8684
7407
1404
5264
1916
2668
1003
2496
6579
1277
8154
1788
1582
1686
4600
671
1535
824
1678
2786
1767
1422
1721
888
1437
984
8743
195
2832
731
2149
2195
600
1856
7728
1507
8235
129
1569
2779
1549
513
202
1794
620
858
52
8661
1196
1812
3133
6365
599
3235
1702
2231
1639
1073
6195
1852
5772
6091
955
8410
626
1681
8385
1076
1552
1831
2241
1584
2427
656
7282
4246
6493
1848
526
2966
2745
8879
1606
7245
1040
1320
8003
659
1819
1078
996
1055
4658
5198
2835
2494
8499
3081
4584
3051
2398
4696
5489
6154
3324
4366
661
1060
1246
8261
2092
6178
5177
1696
4731
1707
885
1025
1515
879
2128
245
2243
881
213
8761
1771
1345
8772
5662
1363
990
5723
3368
2340
4550
2499
2236
3086
3751
733
720
4262
285
5033
1013
5008
7293
976
4649
1873
7938
8596
1866
1870
1161
4830
6918
816
6970
2091
869
4920
2769
4809
4290
7228
986
2681
7394
953
8777
2815
1641
2766
1329
326
714
4873
1029
735
232
2098
6355
1132
2596
4821
2633
569
5742
966
1631
474
3292
5312
387
3377
121
5134
8899
4795
2219
5556
1880
1260
2026
2506
8859
2659
1131
954
2866
7809
3587
5538
8709
1759
4782
4638
2687
4316
1959
8998
8848
2922
3042
2789
1233
3068
2364
3005
1063
1388
1226
161
2393
1099
2285
507
2741
1531
2403
3134
3147
2215
510
1186
2715
1080
3177
1204
167
99
918
2074
2193
704
1616
7753
2445
306
2600
1951
3354
2282
1218
8589
1020
2325
1184
7932
2014
2300
1053
2467
5433
1730
875
162
4577
266
5729
2155
1997
3152
5715
2843
8699
2138
535
3238
1909
1688
2399
2497
405
5909
2327
3604
745
2981
2975
1931
1699
2858
2248
224
8167
16
2186
1667
47
2521
45
4740
2531
2043
196
707
5470
991
348
4076
5038
527
2031
2937
95
2422
1393
6902
6211
1844
135
3900
4911
3006
3608
3211
6395
2207
7234
5288
3281
5689
7878
2772
2429
3016
2350
8187
1085
8819
2423
4941
2507
1940
577
1288
6658
454
2439
278
105
3213
8376
753
9018
4437
2634
483
5186
2946
1972
3071
2704
2753
1479
870
2912
7272
550
2173
742
8451
7121
8136
140
2567
2039
1057
832
6140
839
5498
3210
7720
2986
1390
6077
2478
4458
8636
4051
2284
1209
4414
2688
2062
2442
854
2976
1804
1095
1286
1135
7995
5787
8722
1726
2959
8654
2990
547
4634
2546
3338
2647
2396
3816
5114
969
5282
407
1929
2070
695
1497
678
7619
603
6559
945
460
1525
4101
1826
1024
6547
2385
1934
2752
1033
2481
5161
833
1331
1689
1310
2801
2146
4861
4284
778
48
2829
1586
3489
1181
2793
2565
4273
3334
2674
1297
6728
2465
5193
1449
8927
57
10
685
866
864
981
1130
8633
7204
3996
1059
5395
5936
951
4703
2689
3819
6322
8807
3408
1476
6294
4727
1006
4515
4709
911
3875
1414
6404
243
4060
8604
1225
8580
8977
2342
5853
4765
994
907
4632
321
2290
2798
1044
1264
4987
7492
8039
3140
721
1004
2046
3188
1529
7254
5588
6260
1240
8629
746
1425
7171
7186
3456
1938
724
6509
808
3563
4121
34
5699
5117
970
8961
5254
5069
891
7577
3041
8903
1187
2178
6850
8228
420
6703
131
5182
6314
1026
915
2310
6636
6826
7583
1183
1692
2983
2582
1784
2669
912
189
6436
4033
6390
472
205
5666
8695
5315
3575
2820
8910
5675
7757
2982
4432
1162
5139
4166
8943
1042
4748
6751
1964
6000
1750
3522
4079
1517
427
372
366
1833
2545
2864
9012
964
905
5655
8591
2583
5768
5291
1624
4612
6318
1715
6056
880
5808
304
893
1077
1900
327
3632
1090
5825
2344
1150
3889
5839
3194
4420
1860
1171
4885
1428
5087
1556
6408
2572
2181
2415
3357
7881
8239
3843
2120
1796
302
3127
5398
5352
1147
3093
2615
725
3936
1030
291
7260
4241
4162
8892
2201
2734
1168
3019
2570
8675
3128
1392
7831
7020
8607
1957
2770
2297
1592
514
1180
1984
2206
2889
2012
852
290
3070
1304
1366
1356
2016
1347
3148
3166
928
1415
1237
2244
1861
2916
471
2810
2918
1238
1542
2919
502
2920
2921
216
2671
117
1461
3053
3063
3069
6676
8157
3668
272
1660
2967
2437
8482
6768
1274
8751
2015
458
4673
194
835
6148
225
4088
324
6800
2462
4511
2917
5553
71
6985
1256
1215
8620
2383
1671
2493
1197
804
3428
719
2956
2630
4380
2696
375
3021
178
4171
1429
5815
1373
4440
519
8542
2548
1325
3044
2275
2699
2002
2182
4349
6498
5296
2577
211
5684
2628
1021
2304
463
1841
3412
6856
3060
2288
934
4188
4399
673
1236
1104
1341
1925
589
7487
561
5784
2877
6513
3066
5269
6977
9010
183
6760
4462
1566
2197
2620
2892
574
3854
1253
1620
7990
5791
2318
1352
8392
2817
8142
250
963
3024
4614
2780
5427
6906
1980
1394
3643
3018
7139
6422
2498
2246
5443
8864
2386
8169
1125
1441
3163
2021
3008
3420
1518
8665
3168
7444
2296
312
6121
764
5968
7502
6718
592
785
840
522
1545
938
2819
4945
4251
6440
8524
186
8273
4761
8511
201
2202
558
1981
1114
5888
3763
1255
