item_recommendation
25737
8327
7872
5186
8117
6658
7697
7541
8571
8093
6012
8290
7914
8447
8253
8033
7802
8225
5869
3082
7613
8360
4101
7437
7649
4602
8183
8056
7560
8772
8207
9018
8167
8420
7669
6178
4414
8684
5915
5515
6073
5159
4584
8070
8235
3232
5597
6344
5980
4179
6154
7932
8499
7782
7728
6365
8477
7995
7228
5765
7478
6276
8039
5742
8403
6713
8596
3173
8636
5662
5387
6918
7502
6260
1513
7976
3216
8607
3235
8943
5715
7878
5177
5008
4552
6902
8807
4795
8003
8524
5853
7245
4121
5312
5768
7636
5410
6493
6355
5288
4319
5675
4321
9012
8591
8511
6294
8261
7407
7394
4873
4814
6684
8451
8542
4920
5282
8743
4782
4945
7840
5033
1003
5723
4316
5022
5729
4765
8899
3324
8675
8998
8616
6464
6047
3816
4830
6404
6650
2536
6970
2605
6031
7831
6579
4731
6322
7250
6091
7130
8154
5433
7492
1370
8580
5198
4848
7822
3810
6375
3368
5323
8892
6850
6706
8720
5641
4051
6803
3194
6498
5254
5046
5304
7204
7160
8827
5699
6718
5038
8979
8848
5752
4878
8808
4194
5214
5521
5968
4246
5134
8482
4740
1870
7897
6132
5146
5275
6195
7016
3238
3515
6436
5808
5689
4696
5193
753
8422
6140
8699
4577
6547
8810
6422
2769
6676
4550
5850
4355
5125
6835
3334
7192
7577
4688
3266
8813
7812
8629
8254
7456
5413
3467
8014
8915
7150
4090
8057
3038
6378
3250
775
8866
7136
7892
8194
4649
5498
8187
5666
6751
8376
8136
8777
7458
6121
7171
4310
3875
3698
6103
3284
3163
5710
2696
3489
4076
5611
1523
5443
7820
3377
4241
5398
8625
7161
5625
3936
7260
8491
980
6021
8531
8819
4833
3357
5603
8751
6800
5684
5053
5466
4369
3854
8903
1777
5655
1408
5161
4228
731
7142
7748
4146
8410
1317
7293
5795
6225
8871
4401
4491
4608
7254
6760
4987
4039
1831
8617
5012
2371
8695
8157
8484
8640
4095
3819
4941
8522
8275
7585
7766
5139
2704
5936
6826
4727
3086
1161
5170
5940
5672
2144
6198
8142
5942
7826
5839
4135
5121
4482
2956
5553
7771
741
3604
4420
6383
4901
5285
4450
5025
4792
6513
4600
4016
864
6954
8768
5462
6341
6408
8665
7186
8882
3759
4178
4963
4984
2227
4840
4515
5735
3024
6768
5101
8366
5534
7177
7263
4658
4312
6636
5363
4911
5572
3981
3643
4980
4861
5732
5055
4098
5564
6963
4846
6862
7078
8147
1365
6377
4440
6533
3380
3889
1804
7919
5489
1844
4229
5346
3338
401
300
3575
2073
2513
3843
4290
7357
6114
6961
8600
8835
6273
3758
3354
8838
5745
5746
5700
6896
4994
6887
6432
5826
5796
5685
6060
4300
3499
3497
6584
7309
4929
5836
5696
5847
7198
4477
5056
4104
3654
7235
5690
5400
5470
3660
6166
8385
963
6774
3646
4428
1907
6446
5736
3825
3491
7063
7017
6105
5670
6732
7153
6754
5667
6852
6851
6342
5680
5678
2640
1617
5686
4677
7346
3611
7419
4832
8872
5815
7702
4889
7791
7947
6331
8921
8158
8955
8985
8130
8372
5003
8371
5577
8138
8610
5373
5401
8672
5517
8949
8785
5004
8197
5001
8123
5002
8582
8828
5034
3957
8966
8423
4834
647
4342
6645
2184
865
3656
3310
4153
6162
735
3649
6827
2626
6995
1862
6157
7738
4263
6242
7115
6035
4976
2214
6290
5117
5375
4532
6454
6957
1212
6735
5772
2659
6757
6832
4680
6240
7012
4105
3096
6470
3241
5243
6571
2639
6530
4045
5477
3402
6503
6283
4366
1466
4000
3358
5356
4923
8730
7888
6296
5203
6416
5108
8121
2186
6314
5085
1192
6426
6624
4999
2976
5504
4686
3495
3247
2880
929
3784
5199
3892
3262
4643
3159
4888
1378
5114
5419
5210
3199
4490
4605
6609
2912
3359
2997
5348
2441
1507
3851
8341
6940
3753
1631
1805
3653
5909
8638
3210
3444
1839
8459
5548
6148
1515
3522
2796
5365
4854
6559
1819
5799
5864
6223
3445
2212
2780
5128
5473
8042
5395
3281
6084
4031
6993
4437
7762
4642
2288
7881
3320
7354
8462
626
1508
6974
747
4761
7303
4166
6093
6877
6395
4002
8008
5291
4066
5825
5102
6143
4108
4417
4859
5182
1864
3125
2594
3292
4709
3185
4809
2654
6985
5434
4544
3379
7067
6442
6286
3926
3885
4568
2271
3417
2180
8332
6318
4181
5518
737
1580
1733
954
6062
3364
4394
3800
7817
6211
3430
7569
4148
7809
6271
858
2189
7285
861
7107
5618
2782
7055
1211
6646
2688
1145
1980
1394
6368
188
7095
7444
7938
3060
879
6412
7787
947
2467
2347
1562
3404
431
5888
976
1739
3388
892
3852
2188
4298
4925
6476
4638
2300
7208
5891
2183
7620
3000
3801
4979
2167
5135
5384
2799
4956
1744
5718
6357
3718
7007
5985
7190
4563
3420
5080
6243
4803
1288
5458
2062
6473
3213
4139
1438
7895
1880
1111
8191
6051
7615
2758
7372
1752
3521
1352
3190
7034
1812
5693
2059
748
5009
7121
2870
8576
2473
2829
3512
8864
4645
5630
5335
3142
2798
2694
2582
2983
2090
6840
1135
1948
8661
961
888
3563
6884
5313
6232
6107
984
5167
4801
6279
678
3857
8859
4079
3668
986
1235
7282
4903
8745
3983
2686
8906
2088
5324
2966
1047
129
4691
6722
6269
4936
4142
6678
5954
923
733
8670
2310
6329
3500
2938
2107
886
5202
5241
7110
4798
2496
2009
3188
6234
6690
3702
4267
2318
8961
885
5834
8781
2154
8589
3900
3201
4511
2669
3452
4293
5617
6333
5923
743
1816
6669
3927
7786
1209
6721
4748
2546
4666
4462
2826
7764
2774
1013
4084
4162
4255
659
6999
4718
5264
5712
7946
4262
4895
1629
4111
7325
6502
6811
5329
745
5021
6170
875
4996
7334
4081
2478
4723
4875
6100
4560
3946
6537
6064
6771
7579
8507
1479
6390
990
2407
1187
1690
2801
1021
2545
7234
2120
3218
5932
3665
1053
724
4625
8709
5483
7753
1017
6400
2334
951
8879
2231
5989
