item_recommendation
25737
8093
7872
8571
7541
8327
7697
980
8447
7613
8117
8070
8360
7437
7560
7636
775
7914
8253
7669
8225
1523
1744
8522
8420
8385
3232
7782
8033
7738
285
8290
232
955
7753
8661
1046
8183
960
2212
953
1513
1816
8477
8056
966
7478
733
266
5159
7938
3368
984
2062
1024
3869
1003
695
48
1907
1562
526
5489
2227
5264
969
8819
7407
6728
741
129
858
2340
7649
745
4658
5909
7234
1777
3281
401
1288
2659
472
7802
1507
1767
6091
8003
5611
888
2686
8654
8859
4391
6318
1812
731
3235
954
994
2374
7186
5296
5597
8235
8154
951
3324
840
6826
6365
522
5815
4821
970
3420
828
8761
626
45
321
647
912
2935
8403
1281
976
8709
7728
6143
2288
8751
5017
5515
5473
8670
8499
6559
5410
407
8684
1352
4162
7394
1515
4414
1771
8961
2241
8410
8899
1590
1006
957
5008
6195
4584
1060
8743
6521
1472
7293
2780
986
535
880
4262
6355
8008
5723
1057
8665
881
6000
7817
4941
7705
1187
981
6918
1209
1531
990
8596
6579
4121
1844
1013
4696
189
1676
720
5936
8879
8167
196
3996
735
2173
6624
7748
5117
5134
1020
2860
6892
427
4550
474
485
870
2504
2981
5033
3632
3127
4437
6322
1525
4188
3668
6568
7245
3845
4830
7099
963
6970
2236
1739
6748
2668
2442
4290
4079
2772
8376
4366
7107
5839
3213
1696
6073
4901
2415
4686
6630
996
7263
3604
725
3188
1042
2687
101
7786
4809
1111
1021
8187
8136
3875
2496
1145
798
3804
4432
2605
6314
6550
1437
100
964
2937
5765
6440
4600
4638
6920
1702
1053
7299
1639
3093
5980
4782
3816
263
7487
3081
1004
915
1476
8772
5926
6658
6609
7272
1030
4076
2752
2799
4936
2159
1794
1970
3210
5498
2583
6116
1624
8977
4404
742
6832
2396
5729
872
1026
6502
1657
4923
1331
1125
5198
656
527
2798
659
718
4795
1580
8207
2300
6077
7757
3113
3150
7990
8633
1569
2154
4731
8910
1582
1120
724
8998
2761
8604
105
3428
3176
2769
2427
861
2801
2793
6207
2385
4801
7316
961
8044
2688
6591
3522
7415
6636
2669
3417
1019
5558
7619
2248
3854
5226
6242
885
6294
4577
4873
5588
746
1453
1132
2494
1819
1688
7282
869
5693
7831
2437
4920
2829
6977
6739
7380
1721
1012
2741
2366
2975
1824
2531
4417
4740
1870
6498
2815
9018
3268
523
5210
7135
6178
6932
205
2689
6762
4349
6641
1317
6535
5857
2038
6612
3508
5801
6850
2600
2982
7204
6743
5177
2897
3702
2786
140
893
5012
8462
8642
4984
3292
2204
550
934
1959
4171
7481
8777
1652
1041
3238
8268
6260
4316
3575
1852
2660
7759
1608
4051
5832
916
8589
2398
6676
6348
5291
1295
3707
7698
7587
7944
4639
3263
7445
8833
3924
8840
3928
7584
3997
521
6669
719
5080
8699
8453
328
7566
6415
8950
8908
6370
5900
7845
7044
4811
2941
4292
3492
4020
8526
4692
8948
4427
9001
3608
7254
6760
1951
1504
1016
839
7878
7208
7976
3377
1497
4987
31
5378
218
7720
2506
7130
5329
965
8009
1225
3307
1500
6880
16
7311
5164
1114
7888
5715
3752
2155
4727
7789
7038
5440
6154
2617
1783
2647
6703
8482
1363
5968
2082
4605
5888
7894
2596
1059
2866
3587
4612
4081
6885
2468
7211
1810
2439
1131
5834
2832
5662
3354
422
1367
6276
5530
5809
4251
5288
4761
2186
2709
1184
1394
1516
3251
753
2521
2407
6562
1711
6791
5433
6724
8781
714
5873
2775
3751
4246
8745
7121
1686
8636
6751
2195
1517
9004
3795
8614
3819
5752
7809
8984
3042
3005
2364
2789
1063
2922
1388
1233
1759
1226
2633
2393
2285
161
3068
7160
3160
5161
2327
3900
2567
5742
6132
704
8689
6744
3177
918
1186
2766
99
510
167
3147
1080
2715
1616
2074
2403
2215
3134
1204
306
1730
748
5
2325
2004
8920
2581
498
3714
2465
8864
2478
8530
7171
3456
785
6902
8927
4765
5971
3086
879
6718
5139
4649
1997
3908
2730
1196
7484
2892
2043
4911
213
6835
2609
1831
1253
8580
5768
1078
5675
5470
7932
7126
6123
4228
7583
162
2546
2570
2770
5021
6404
4375
6803
2003
1346
6056
5312
5458
1173
6390
886
4033
3351
8854
3843
5772
5186
5282
6840
5810
726
288
5241
4399
1032
1641
4645
1549
3882
2976
5387
8591
5853
2318
6966
3211
1834
6140
8239
1017
6530
5825
1135
1085
7577
7096
2912
4895
5548
2200
2399
2433
6777
3560
7195
988
2026
4191
4394
6493
6513
1631
8848
2346
1330
7792
2120
2966
1031
8827
2422
1047
2429
1040
3296
6243
8865
2779
2902
3207
1161
3871
3920
2634
6230
6731
4555
1916
4342
4632
6509
2900
2959
4166
5850
3805
1839
5214
8039
4524
3125
3024
1508
9012
3563
2727
4844
2146
3799
460
1973
5114
5952
8943
8574
2441
1556
5585
1193
2745
1750
6856
1502
2835
1552
968
2493
492
2404
93
991
7881
2572
1429
4101
2078
3399
34
9010
4197
4933
2352
8491
7979
1581
3216
2535
8609
5985
327
971
4846
3388
5569
1336
3947
1148
3370
2039
3723
6021
4255
743
4337
4897
3152
7189
8169
3540
4086
2983
2582
7078
1826
737
419
1433
8388
1699
2128
6547
1972
3071
6896
2674
4680
8131
15
721
7743
3051
864
2243
678
8607
7995
4625
998
4440
1393
5053
786
4861
6643
1941
5787
2342
507
278
6662
4284
1876
1218
2925
2021
2283
1055
2681
5923
2149
144
2839
832
1841
3430
844
6367
5534
6684
8228
1980
8392
6383
1866
3626
5699
1095
8914
4634
1535
5449
5568
5782
5009
4223
3977
6906
1028
5483
2990
6148
3031
95
6375
499
2545
3693
5365
5395
5641
1099
3194
4728
7840
4659
8511
6283
5236
6957
6985
6254
793
4380
3534
47
7826
1929
6003
2418
7228
1379
3133
131
3006
