item_recommendation
25737
7872
8571
8327
8093
7541
8360
8117
8447
7697
7613
8225
8253
7914
8183
775
980
7669
8290
7560
7437
8033
7782
8420
8743
7636
8070
8403
8522
731
8899
1003
7478
8207
1513
5515
8859
7938
7802
976
5159
2659
8661
6970
8154
5008
8385
733
5723
7728
745
6073
8709
984
8596
8499
1507
7649
7234
3232
8376
8136
3324
4941
986
1515
4550
8477
8879
626
8003
8772
3875
3368
4821
8761
5765
8998
960
8056
7407
6154
4437
6918
8961
4873
858
5264
695
1907
6355
741
6178
3816
8235
8684
5729
6579
2686
8777
7186
3188
5611
2769
969
1744
1523
6728
5662
2605
5312
7881
724
4584
1812
5742
647
5909
8410
8848
4731
401
7786
7888
1767
8589
1870
1437
8689
1006
955
8654
4079
990
129
6260
1562
1771
2935
7738
1288
964
6826
5980
7204
8462
8636
7831
3377
285
4801
3235
6902
1021
2780
1624
7263
4366
8665
3417
951
6365
1739
6609
6091
4246
2227
8167
266
4316
735
5715
6195
5186
5198
8819
48
189
5597
1777
4153
7878
5410
2647
101
5772
725
2982
232
5853
8580
4923
5288
8920
4795
6314
888
953
3127
4076
6932
2300
5675
5768
8591
9012
663
4658
8187
1046
1053
5177
659
526
8642
6630
2062
3928
7445
7587
3707
4639
3924
7698
3263
7944
8833
8840
6612
2660
8261
2688
2478
4171
5641
1831
1317
1472
3307
7245
2937
3819
5936
8629
3668
5834
4809
915
5134
7976
7753
656
5282
1187
2772
4936
869
5117
2496
1042
8807
7038
5839
5689
535
719
2798
963
45
3702
3081
2617
1057
6676
880
2347
828
8699
2212
7293
7619
4432
9001
6493
4911
2741
1060
4404
5365
1020
4740
998
2288
9004
4895
2385
8670
7171
893
6547
746
6294
4577
885
3028
1580
2415
2668
3334
3456
5398
6162
2745
7272
2912
965
5413
4251
6408
5038
5296
7894
1209
6390
2154
912
3256
1030
6318
5139
720
1834
968
6985
7809
3714
8604
2340
4984
7932
1816
4830
6744
3795
1004
8542
3218
5808
7995
3194
1438
3213
2418
4782
1581
5666
5254
4241
7260
3489
3936
5693
3584
3251
2801
2696
8633
2407
864
485
954
1819
6395
2231
4262
3238
1531
3093
6718
3587
7394
3086
5810
2981
966
4696
4162
8607
2374
1476
6636
5815
5449
5655
4920
1147
798
7919
7126
1852
6498
3428
2799
6404
3210
1026
3150
947
5585
2241
7789
7282
1517
1012
5968
2687
2651
8453
875
6077
6774
8482
981
3649
1631
5161
8943
8910
1040
5443
2427
1690
4765
6211
5699
3207
1711
3281
6751
4638
8121
2815
4101
962
994
8239
2183
8720
218
8142
4649
1145
7078
5275
5053
205
2394
472
492
748
6835
3882
7792
7492
6760
3604
870
1024
5787
3152
9018
1525
5193
2761
1225
6103
1367
1017
1508
3880
6047
802
970
6243
8451
2581
2622
5926
3408
2976
3113
8914
4228
886
1132
7577
7254
8977
1320
2120
2775
4414
2473
8147
1844
8768
4761
7748
7757
1013
3051
3351
3759
1059
1501
961
1047
8524
3608
6322
2892
785
1301
8039
1352
6279
5588
1125
4420
2078
3869
3292
2546
7228
4188
2186
4016
7502
5226
5473
1497
6568
2513
750
6658
3751
743
6440
4987
1037
4394
3889
6341
5055
8722
5323
6530
8675
2159
8892
5170
5952
2366
714
5752
1873
2243
6121
3693
1161
5795
8199
2236
844
8835
2689
6513
4600
8392
474
5470
274
7444
4427
7340
678
1535
2681
5825
7299
6375
4727
8882
2500
2956
6624
5462
7764
2770
6436
2504
872
2730
3805
6739
2440
1104
8795
1582
4901
8650
2548
6684
5556
5017
1076
3402
6114
7107
6331
6591
5710
1552
5784
5269
2331
5684
3338
6800
15
2829
3199
2897
1008
2269
2633
6207
3632
1608
4440
3284
2709
5940
2173
4963
2442
5291
2327
1404
6850
76
3758
8903
7487
7419
4088
3996
4736
4861
3157
2832
1750
7705
1429
8751
7180
8008
753
8387
196
5672
4833
1120
1346
4401
1032
1014
6116
1688
1363
8511
6896
3540
6803
2582
2983
1173
2669
5433
7771
5021
3522
6706
6464
6348
718
2318
4312
3359
8275
6559
5572
793
5400
3357
4095
1931
263
3173
8700
6422
6584
1236
4450
2570
6035
2786
6885
7316
5218
5548
2481
3034
1010
4976
4680
7990
5735
881
2516
4263
6887
7099
2335
931
8640
685
4045
1111
1549
816
2835
3133
7198
7822
1500
3611
8984
2621
8838
6242
1419
5000
3160
3394
1394
4844
7346
5285
3387
9010
2792
6521
7121
2596
6470
5732
7208
4477
938
1783
4980
6509
8157
5440
2961
8491
8609
1951
2600
4166
957
5625
1980
8366
6768
6446
387
5777
7583
786
7979
7720
1805
1019
6645
2184
2609
4846
2082
5033
3656
1726
865
2843
937
8123
742
5165
5363
6858
973
7063
7153
8610
8828
5686
5836
5685
5690
8921
5696
6342
3497
5826
8872
5680
6963
4104
4994
8197
5003
5736
5401
8672
5847
7357
3957
4929
7947
5796
5700
8785
6432
7235
7309
5034
5056
5746
4889
8949
3654
5678
7702
6851
4300
6105
4832
5670
6732
7017
6060
8371
6754
4677
6852
1721
3575
2774
1504
8130
5517
8423
5002
7791
2640
8985
5577
5667
8372
8955
8158
3491
8966
3499
5001
5373
3825
8582
5004
5214
5489
6690
1822
1997
3854
1196
1731
8979
405
498
3860
6051
2793
7130
840
4417
2654
2639
4878
7817
7012
2344
1617
4834
3096
8138
5466
3851
4428
726
8827
6143
5832
3241
1569
788
929
4643
3784
3892
3262
5199
8695
499
16
1099
5085
4121
7415
6223
4632
4255
2009
6641
2802
8268
1836
1876
1192
1422
105
896
1752
3211
2993
337
2368
5168
6000
2383
2779
4349
2534
8927
4391
4033
7958
1629
4999
2900
8169
4893
2866
861
1959
7743
4903
8638
6827
2325
5888
7135
5243
1281
5375
5210
1135
5530
2248
2880
4888
3159
4876
3434
2188
276
4686
4718
2572
