item_recommendation
25737
7541
7872
7613
7914
7697
8360
8327
8183
2739
1562
980
8571
8447
7669
2159
775
8225
647
1111
1523
8117
5264
1744
2605
984
1120
1003
2686
8253
2745
8033
2935
1513
1783
3232
1711
7437
8879
731
2227
1437
1816
1852
7560
1046
401
1580
976
8093
1515
1535
960
4809
1907
7407
828
2668
626
1788
1549
678
5159
8070
3150
8154
6073
8056
741
1739
2779
1507
1812
745
4262
986
8743
1819
1771
8290
1145
1942
7782
6579
1552
2427
3133
4920
4166
3086
1281
4246
7802
3152
3235
885
1831
5515
858
7478
695
2630
888
2243
1053
1404
5980
2786
3210
2761
1844
1777
4316
2288
2236
8522
2445
8661
735
4366
3324
7619
1425
4821
2681
4861
951
8207
8235
798
7728
2219
3563
1721
955
1472
8684
2231
4649
1608
733
1449
1020
5568
2212
1073
7282
6195
714
2741
1767
387
6000
1652
1161
144
3604
4296
7720
4437
1099
4658
6207
3368
3377
1826
8761
4696
2659
2186
2981
2062
5117
6091
2465
969
2937
2769
861
1288
2155
4394
2687
685
5008
8777
1310
2494
718
1363
7636
4911
840
8410
2439
1006
8403
8859
213
2200
1026
3051
5772
1525
869
285
7938
526
4632
1833
872
6918
2966
4584
2647
1970
2478
2772
6365
5641
5312
2832
4795
2609
1196
4600
3155
2128
8003
5410
4101
1696
4830
3081
4638
6178
2912
2688
8722
1004
8699
1660
2499
8420
964
405
915
7293
7738
8910
7649
3281
6559
2504
129
5787
8899
1880
1125
4290
3238
48
5765
816
3408
5470
6493
785
1030
1352
2555
1931
3292
603
8977
2829
881
2780
535
981
2385
2340
4731
1317
1631
2596
3093
990
4873
2521
6509
2975
2793
835
2344
1320
3113
2570
472
1057
2046
2802
968
121
6850
1900
324
7753
4761
3354
2327
879
970
266
3125
1131
3751
793
2835
4511
5498
2766
57
953
2633
101
2752
1394
1916
7234
3632
5053
719
1040
5413
3357
2342
1440
963
1959
8596
5723
4177
1187
4987
5597
7583
232
4076
135
6970
2801
1997
7757
1876
8392
2798
5599
2085
1759
2866
1873
2738
8927
4228
704
3177
918
2789
2285
2393
2922
2364
2715
167
99
161
1616
3042
1388
1080
1063
2403
1226
2215
1204
3068
3005
1186
2074
510
3134
3147
1233
875
7809
1951
306
1841
1013
2325
1401
507
2173
9010
8239
1482
5134
6985
3211
4161
3194
2669
2300
2031
2021
1730
2399
1076
1218
1419
4380
162
1715
2546
2594
2284
724
1612
3816
4349
2043
1794
1891
15
2858
1779
4191
6211
3889
420
6885
870
2770
2565
5346
961
4782
2827
3608
1586
1453
4045
8961
1707
2925
2674
1184
1264
4079
2959
3843
1688
891
4414
3338
5955
5562
2203
1103
8169
1274
95
1349
1980
1066
1726
2840
8228
8689
8620
4375
3863
2374
3296
5218
1147
5161
2442
3522
1870
2950
5202
550
7976
1085
8712
7155
8799
3479
5097
3761
8609
4238
8133
2434
8612
8525
5122
3344
3615
3639
8864
5840
8831
6566
1624
1834
1021
278
2634
2154
2734
3910
2620
1392
2146
4992
743
8903
3572
1104
4448
1639
1256
5782
2310
805
1441
3852
8039
5715
7254
2819
105
3431
1042
474
4603
656
5611
1171
1590
8388
4024
1894
5198
2567
1690
1209
2429
1095
7316
2600
893
1132
52
2415
3173
2548
3702
8633
6458
3006
965
2986
2082
3402
854
2120
2990
1479
3430
2397
8667
1168
3723
3420
6318
3019
2297
3587
1295
1972
3071
2572
5834
1702
2689
1979
1581
6571
886
5065
5177
7011
2917
994
3028
1689
4550
8136
1215
5489
2496
4051
2304
222
196
1878
5356
3258
2462
2507
1924
2794
659
7272
1957
1493
4837
45
2624
1497
2318
523
1024
2902
7245
4440
2282
912
1954
2180
1801
3438
485
934
1644
880
4251
1415
2889
3070
2671
3053
2916
1542
1461
2919
2918
3063
1984
2244
2012
1347
3166
2016
1861
1366
1356
3148
3069
2921
2920
1304
2206
2810
1238
1180
290
216
852
502
928
1237
117
471
514
1325
1277
2967
1373
5909
2892
458
194
2976
272
1331
1983
4273
6225
2730
998
7394
1921
3868
4284
6513
8376
2386
3024
4709
288
1504
1060
804
1667
4326
1361
1019
178
131
1255
1589
1028
3140
3188
6154
3575
3021
2275
1193
2400
746
7299
1029
2864
1500
2622
463
205
1592
3996
1297
708
2815
1049
531
3508
907
750
561
3106
661
3011
8772
2791
5012
2139
2433
2577
5375
3339
1882
1671
2002
5433
1240
2182
1791
2440
1840
7171
2161
1575
2982
7878
8142
47
3388
2581
488
3875
6322
2007
1566
4255
1657
1973
3759
407
725
3168
189
342
2152
1487
4399
1804
3002
1422
1620
1940
3213
1296
4740
2149
761
1701
5226
2333
2877
1236
2843
3908
5968
709
4941
8654
1059
1912
574
3428
1033
6148
2893
1598
2252
1017
2817
1428
2283
6159
2107
2170
229
2383
1974
5662
4401
1969
2481
5139
3635
6826
1692
991
1476
140
3146
2368
4642
7110
937
8499
327
7186
2350
8387
2241
5729
44
2013
3163
3655
2775
2176
5684
5699
3649
3018
8709
2069
3763
7502
966
697
1909
2839
153
1041
6450
1225
1353
1463
3626
650
34
6630
818
6121
2174
186
4197
2372
1750
2207
1955
1165
1223
1929
1564
538
4084
4645
6760
6751
7334
3268
4895
4342
5038
2457
4016
1301
2039
592
1665
2573
5214
1389
1717
786
547
5588
5352
3637
2693
1293
4291
3565
3252
3547
4274
3270
3450
940
4268
3991
4338
3960
4337
3619
3976
639
4184
4036
1920
498
1380
8865
100
1037
1078
5527
2183
1902
4188
3207
3387
5395
2880
929
3784
4643
5199
4888
3159
3262
3892
4515
3593
8848
1012
1658
4207
2639
1914
1971
2796
5282
597
519
938
3370
1948
1032
2513
460
1864
6800
1938
673
947
5382
6314
2366
6547
