item_recommendation
25737
7872
8327
8093
7541
8571
7697
8360
980
8117
7613
7914
8183
7669
8447
7437
7560
8070
8225
7802
8290
775
7636
8253
1513
8420
8056
626
8033
8207
8477
647
8522
1523
6195
8385
7478
7407
8684
526
7738
6073
960
5515
232
5159
7782
858
1580
7728
5410
1744
741
4600
285
8499
8235
5264
6365
7293
966
3232
733
7649
8661
953
1816
1003
1657
2212
828
955
8709
984
8772
5765
6154
6658
472
1111
5597
1507
6579
7932
8848
8410
8596
888
8261
7245
6178
2062
1046
401
7976
8819
7282
9018
7121
5772
8154
976
7394
916
8403
3324
1562
6355
129
8879
8807
8167
1652
5909
6498
6493
5742
695
8761
1907
527
7995
6970
3368
8751
5177
1024
1812
2769
48
7753
3235
6091
8743
6395
3377
7938
2686
266
1870
5980
4584
1515
731
8187
5723
6676
912
745
8998
7171
535
6850
1777
2659
996
4262
4658
1145
6636
1053
4550
8003
4821
8604
8636
6918
6211
5198
6000
5729
1057
8859
4366
5689
2668
735
3587
2605
328
2159
1437
981
2227
5470
969
5312
8376
608
986
1020
8654
7234
4782
4809
1767
8008
5296
2241
4577
6260
7878
8777
6856
5936
5498
4290
954
8899
521
8136
3668
7228
7130
1686
5715
951
5839
1060
7272
4941
1472
870
1202
2545
3869
8699
4101
5458
3238
5768
522
6718
7254
994
893
798
6348
1042
2935
4696
990
4873
1288
869
8977
5853
970
8722
6422
5134
5186
5662
4731
1006
2310
3420
6902
4437
3334
720
485
6728
656
3900
1209
5288
5675
8591
1771
7263
3816
1147
6077
5008
1831
7444
2912
2504
3889
3163
3875
4649
2496
1132
2669
2772
2506
2288
7186
8961
8451
872
5666
4076
8511
2687
2340
1281
5053
4795
196
1497
1246
4945
321
8482
5443
4414
45
1639
2300
5038
1739
1253
839
3188
881
1641
5033
4121
5815
6690
6121
9012
1036
4923
8607
189
4911
964
6977
750
8670
2752
4920
5117
2398
1030
5398
963
3292
5489
5473
3489
1026
34
5787
1004
8580
746
1525
1453
5556
8675
1125
659
4638
6826
5254
4246
8524
1590
718
2231
8903
1476
4440
2798
3354
2415
2437
1120
1013
3804
5968
7817
6322
5538
1688
8810
4830
7260
3936
1352
6669
4391
3996
3127
4241
2186
1320
3604
427
16
7204
7492
2815
2647
1970
4511
1017
4162
2513
1866
719
7107
5693
2481
6513
5611
7099
7619
864
1401
8542
3868
2779
4316
7990
5017
1640
6051
4188
1032
1101
885
4748
6591
4936
1631
1500
726
2374
8927
7789
3819
6568
2154
8650
961
5395
105
407
4740
7759
7720
8039
479
7577
5926
5151
6408
840
6279
7583
7748
2248
879
1876
3417
7840
3351
7881
2427
6521
6318
5139
7786
3608
2860
2149
1393
2173
8892
667
6436
5655
1726
6375
2689
5291
1819
6703
915
3140
4166
6706
2609
1161
6140
474
4051
6768
4079
7307
9010
2892
4462
4727
6404
32
3751
5269
5784
3281
7831
4895
2531
4801
6341
861
5718
8689
1779
6207
2801
5182
423
793
968
6314
419
3456
5193
3543
1501
263
4612
956
7487
5752
7038
8044
2688
1317
6132
957
6739
753
923
8720
1794
2696
2467
8910
3632
8633
4709
2780
5808
6582
6751
7222
2741
880
1440
4095
824
1582
2981
6547
422
1479
8169
6294
2829
5832
2407
4273
2770
3210
1059
4284
6559
7195
6684
5500
8943
1021
1131
5114
2366
725
8629
1624
3113
7888
8142
8864
213
7139
3854
8462
1010
5210
2839
1041
6803
721
4686
3428
1608
3845
8695
6832
6143
844
6552
5825
5282
4404
1529
1433
4088
2699
1346
4861
2468
4765
3714
8157
1531
6162
5699
1844
7078
3763
832
528
7979
4515
2956
1444
5732
6624
785
4251
5888
8275
4380
135
1834
743
1852
7419
7815
5558
1788
742
6440
1504
2764
1696
100
6390
5857
3251
8239
6892
6243
4399
1839
482
3975
1699
2966
4223
3977
2088
2516
4171
1008
7316
4495
3125
2786
6760
1187
997
5275
3602
2442
8745
1535
7160
6383
1701
580
5947
2268
7827
8362
6863
934
988
4886
7115
2318
7340
2396
4684
1310
4349
5413
1801
6835
7415
3213
4153
8665
5285
5801
3086
101
8616
5791
3194
6056
7208
7250
4901
405
2478
5672
444
7135
4417
567
1331
6927
7892
4987
4552
603
1487
140
4375
5065
3786
5795
4632
523
1076
7020
1916
5710
2204
1783
4878
6896
2704
3766
6800
7899
1702
4963
6331
4605
7757
3152
802
1941
31
4415
640
4027
4402
4006
4042
6427
8228
5400
1676
5363
8808
8914
1394
5170
3176
3863
1047
2660
8730
6509
2152
4984
3522
7919
5161
2236
4885
1037
6630
6458
3173
786
6254
8491
7809
1419
3284
1948
8833
6932
7944
8840
3263
4639
7698
7445
7587
3707
3924
3928
3412
7771
6473
1363
7826
2313
892
7380
5080
3370
2097
714
8609
4972
5027
3702
6612
7311
4342
6276
3951
6963
8640
550
866
6286
8392
939
492
2082
728
7346
1836
4033
7101
6920
5046
5684
2710
818
1973
3273
5346
3066
5641
1493
5304
8827
1581
1040
8642
2200
724
7566
4060
1824
2718
1367
1804
678
8781
1114
2941
6415
7845
8908
4292
7584
6370
4811
8950
7044
4692
5900
3492
8948
8526
4020
3997
6641
6762
2976
3408
3093
4207
144
1193
4066
2473
3908
8979
5809
8014
8121
2385
5636
219
2709
4893
7705
5777
1341
5466
531
3268
4420
6148
3794
6047
4016
836
121
8768
6525
965
2441
2822
2802
5873
244
8009
3081
4967
833
205
1192
7484
4177
2370
6880
1980
4477
3843
4168
2583
2101
3752
1035
4614
5243
2202
4194
1099
4238
2434
8525
5097
3344
8712
6566
8831
8612
8620
8799
8133
5840
3479
7155
3639
3761
5122
3615
6530
2775
6643
2457
942
1019
4914
7481
6414
4161
5315
2937
7016
6502
4976
313
1345
6084
4135
1029
3795
6464
1482
