item_recommendation
25737
8327
7872
8093
7541
8117
8571
7613
7914
8225
7697
8290
7669
8447
8183
8360
7437
7560
7478
8033
5980
8403
8070
8253
7013
8056
7649
7023
6073
8003
8772
7728
7802
1513
8684
7976
5515
8477
7245
6940
5597
8596
8207
7293
8499
7636
5410
8420
5159
8167
6154
6718
5765
7782
7878
6579
8410
8235
6365
980
6178
7407
7182
7394
5264
5489
6195
775
8807
5662
8848
6355
3232
6091
5742
6918
8636
879
4600
7099
6260
6333
8743
8699
8154
7738
8777
9018
8522
8998
5033
6547
5186
8879
8709
4840
3031
6902
741
8580
5853
6493
5715
5288
5177
4658
6132
8591
6684
9012
5675
5768
5008
6422
4740
5198
3368
4696
8661
6294
4290
8607
5772
6140
626
6751
5433
5723
1816
828
8542
3420
8892
818
5968
1120
5282
7204
647
4584
8761
4727
8589
1317
5611
7282
6436
8239
8819
8629
8385
526
8451
7753
1523
1639
1657
7757
7932
6559
7888
8768
6970
832
5254
5936
8039
4920
6290
4795
7583
7492
8524
6927
6703
5729
1580
8899
5134
7720
6609
7771
8720
6404
8943
7171
5839
6760
6706
1003
7254
6695
1111
4051
4076
3854
1777
3804
7160
3608
8927
6162
7419
4414
6658
3845
5151
7055
5210
5752
6896
6624
2241
6835
5815
6676
5689
4612
4605
6242
4809
4121
4782
6513
6121
4873
5625
8638
5193
5012
3235
7228
6498
6322
6047
6826
8376
8633
5909
4614
6591
8136
5641
6743
2605
3819
6375
5699
6021
4686
5655
2935
4440
7831
733
401
8511
3324
6768
1515
6530
7826
4095
5825
5114
8142
7619
4550
7786
8228
7705
1744
5038
2686
858
6803
8261
5182
6143
5275
3875
8864
2212
3334
839
5808
7034
4830
7822
5170
6800
5684
7346
7938
7272
7577
5666
3489
6862
8751
6056
4731
4878
1046
5312
2912
1870
7078
8670
7995
1507
5398
960
6331
3216
7840
5443
8482
8609
8387
6458
4875
1711
8187
8123
5693
5139
4101
8491
8882
4241
8827
5732
7260
5462
8147
4821
5518
954
3936
5291
5628
7748
7919
5940
5117
6721
4188
6533
3656
4680
8695
1562
608
4984
1812
1844
8903
2696
7809
1652
916
5329
6223
2779
6464
5395
984
8977
6650
6318
6000
5836
8838
2642
5053
285
6207
4417
6636
5553
7198
5203
2745
6446
6906
4033
8675
8366
6470
4477
8275
8910
5548
5572
731
8392
5710
2956
527
4901
5146
6408
4177
7958
8665
5672
5926
864
3889
3284
6314
2344
2227
5466
5696
8835
9010
3900
6509
8640
6957
8616
5161
7453
3238
6568
7357
5440
7107
3173
7070
5296
5400
1767
1336
5795
4976
7316
7990
5363
5735
7354
6850
3093
4980
5787
4941
4246
2200
5304
6114
4765
6341
2513
8865
7040
8808
7051
5323
6887
8823
6584
3766
753
8813
6748
472
8672
7235
6963
7309
1805
3213
7502
4954
3497
4300
4929
4366
2184
6645
4428
865
3268
6426
1733
8008
5413
5380
7135
3281
5826
8985
6060
7063
6105
6432
5685
8949
5670
5847
8610
8872
2640
1617
5401
6732
8921
7702
8966
6754
8955
5746
8121
745
1288
7892
2609
5055
8954
2062
724
5285
7299
7192
1739
3654
4104
3957
5034
8828
3499
5003
8197
5056
8371
3758
6440
7012
7263
7017
5577
6852
5686
5680
6851
7791
5678
5667
6342
5517
7947
5736
7153
6383
6728
2361
4834
7110
4552
6840
8574
3632
5004
5700
8423
8158
5002
5001
3825
8138
8372
4450
8785
4312
4994
3491
8130
5373
5690
4832
4889
3611
8582
5796
4677
2506
6035
4437
6279
1145
232
4135
1641
6827
4153
5899
6103
7303
2545
3587
3851
4999
7456
5588
6093
4684
4761
4016
6806
5473
912
4166
4659
1907
4162
8273
8961
8620
3604
1453
3142
2186
1352
6211
2496
5243
3096
8790
2668
6514
7627
5633
1287
7334
7186
7208
8388
3241
6832
798
3996
8859
4861
6395
8722
955
2159
5504
2769
720
8654
7307
4375
4108
4603
5085
1686
5427
8169
5850
2107
1192
4515
6170
4577
4709
4420
8914
6856
735
1866
6669
8044
6308
2340
737
8014
1410
6774
4634
5470
4632
3292
3377
3863
4105
2801
7234
7036
5632
3495
1437
7487
6148
6273
6739
5942
2149
2824
4490
6276
2236
1057
8600
7817
521
1060
953
6182
1024
7815
861
3438
4024
6230
8157
6977
6884
3459
6296
6521
6571
6615
5585
2183
4967
969
7762
6077
4636
5080
129
2839
1726
5458
1047
966
793
3500
3908
5500
2396
2300
8332
6254
321
2441
976
1131
8507
7115
3444
816
1404
4161
4911
5222
888
824
8781
3010
3431
4833
5568
8831
3639
2434
8525
3761
3344
3615
7155
6566
8612
4238
3479
8799
8712
8133
5122
5840
5097
3522
3816
328
4235
4706
7142
6892
1552
3086
6201
34
6016
1472
5365
5991
4194
5636
2504
2626
5483
6368
4298
474
4846
4263
8576
7016
8667
5081
2815
4524
8625
2442
4081
6084
2832
7444
4963
3133
875
7764
5534
4532
266
7340
2243
2983
2582
7096
7130
695
5101
3359
1535
4649
7951
5419
915
2659
7121
3843
5387
4979
4306
5377
6550
7481
5017
5135
963
2892
6286
3163
1980
869
5888
2688
5498
996
4837
7415
8042
8689
300
2138
986
3515
4914
4662
4676
5637
4333
4977
5342
5302
5463
4640
4923
7899
965
4728
6974
934
4885
2082
7564
2402
4627
3646
4555
870
5600
6678
7219
2687
5521
2704
4519
990
4210
3478
8650
3127
3871
5341
1819
5236
6419
2802
5313
3285
2548
5250
7215
3759
3668
1042
2288
3152
4493
4945
2752
5214
5422
872
4086
5364
5265
2398
1771
7379
1196
3753
3947
2730
3999
7458
3427
2347
6031
1880
4316
2374
4432
3194
1508
3575
4492
5629
5223
3658
4974
2882
6686
4593
2772
2437
4139
7897
8797
4262
2371
970
8850
2155
1209
1696
7195
8979
3655
4645
3751
2231
3223
6822
3977
4223
961
5027
4972
5087
5570
1609
4427
5718
2860
3247
4462
1329
8795
2173
835
1339
5046
3445
6724
