item_recommendation
25737
7872
8093
8571
8447
8327
7914
7541
7437
8070
8360
7613
7697
7560
8056
7669
8225
8033
8253
8385
7802
3869
8290
7636
980
4391
7394
7478
8117
5909
7728
7407
8522
8183
775
5264
5611
5017
1046
8661
8477
3368
8235
8167
6365
232
8420
5473
8751
4121
1523
7738
1562
953
5489
4584
3420
8819
955
8008
9018
7782
7753
6579
4658
3281
5159
5012
966
8403
6748
6195
8879
5410
4941
8154
1513
8745
960
984
6743
6728
695
7649
8670
6559
2212
4782
5723
2935
6636
2062
6143
6091
3232
4821
2860
4873
5980
8961
6624
8684
840
6850
4696
5008
3235
5296
8654
6920
1024
1744
8410
5597
954
7938
6892
285
2227
733
5033
3804
6207
8761
1844
8499
2745
970
8187
7720
4437
5558
647
472
8003
7976
6550
3324
8709
4414
6355
6724
4686
3213
6242
5164
6669
4901
994
8665
5515
2374
7186
266
7016
1816
8596
3845
745
1003
4911
8998
2340
1281
4830
5210
526
741
4920
7932
48
6568
2236
1288
1120
969
957
6521
7481
1057
4188
4605
6178
7234
961
976
2659
5134
7263
1590
1437
1352
6322
626
6318
4600
7299
2173
8743
5936
4375
4051
6739
888
7705
4846
2243
7160
1552
2605
1535
5440
129
7107
8772
7293
3632
8482
912
731
8977
881
2959
5926
8511
6276
8899
1676
3033
6132
6073
8859
753
5839
321
8491
2897
522
7619
8699
3608
2038
4262
6383
7840
8864
3127
427
5815
6535
828
4394
2686
3816
8589
4809
4228
7099
7316
6162
100
4417
1580
8854
4079
7444
4432
6832
1711
8777
7130
8207
5772
5433
3113
2531
4552
401
1472
5832
45
7878
7135
7817
4984
1771
1125
4987
951
3668
5801
1006
6650
3996
5198
7254
4555
6970
4081
5693
6999
1515
4923
8604
4162
5329
4550
1907
4577
7826
3133
6826
7380
7748
6498
3188
2415
1777
2741
1111
1507
2772
6658
5117
6404
6974
6077
1767
7990
6390
714
7786
8136
8376
5765
6957
3534
861
1870
964
1404
3875
5968
7142
5458
7204
6502
6791
6000
1794
8039
7458
3751
6254
4316
7147
1639
7272
3604
189
597
3895
5825
793
6314
7487
2437
8131
1317
7789
1145
735
1209
2709
7189
4246
6154
6856
1041
1819
7456
3152
6260
4135
3163
2710
4086
3964
4612
5729
387
7245
8927
5662
2506
8009
6116
1380
1569
7171
4795
8810
2681
7415
5588
2779
8607
1516
8228
8044
5380
4632
8984
3150
485
678
990
1013
2288
7577
2366
1812
4033
4731
3268
2609
8848
4663
8453
6676
3575
6426
5940
8910
1739
6762
6977
6370
8526
3997
4692
6415
8908
7845
7044
2941
3492
4020
4811
6348
5900
4292
6641
8950
1824
7584
8948
8979
4603
7011
7566
1187
858
6329
1021
2799
2937
1076
3086
5177
2154
5241
1060
2396
5521
4366
6562
4801
5378
3431
5282
720
3176
659
3863
5857
1004
5498
5787
3427
6684
1016
7311
7881
3882
6294
2445
4511
4177
5387
1831
5193
7888
6612
6440
8392
7583
3655
474
8451
2186
6339
6536
3238
8633
8169
4727
196
7228
6918
2981
5470
8620
3587
5633
2496
6630
5570
535
2912
6885
4076
8722
2668
6880
1020
5527
3752
7211
4666
7831
4166
4171
2241
916
6643
5888
6721
5768
8261
7439
6757
2003
1030
5548
5114
1631
4194
5609
2689
6565
3296
6609
5710
6751
8712
5097
8609
3479
8239
8612
8799
3639
3344
3615
4238
9010
6566
5122
8525
2434
8133
8831
5840
7155
3761
121
5952
1531
3210
4161
5312
5873
3370
4936
3377
4945
5053
101
4101
6183
7995
1047
8462
6509
4332
1320
300
986
1624
8675
1131
5715
3819
4740
8689
3871
4765
4592
7096
4389
4761
1053
5971
8892
3292
5850
6811
5291
1931
1788
1099
3417
15
7757
7192
6703
6493
8388
2275
1073
5530
8943
2344
4738
6996
7059
3714
4706
7484
1295
725
407
2467
5641
7090
4614
5600
8575
6706
4638
2371
3854
2927
1549
7762
1193
288
8636
2798
527
1026
4427
656
4560
1028
1476
1029
5834
2367
1292
5703
8191
3307
2200
1224
6776
1009
844
1042
1032
6395
3698
5742
5009
7089
4756
2793
6690
5828
981
2647
7055
6516
2478
3702
4524
3675
7897
8871
4528
7121
3649
5065
2660
7022
1212
2769
5146
4095
7492
5632
4639
3707
3928
3263
3924
7587
8840
8833
6932
7445
7698
7944
2504
5341
5288
3456
1880
1652
4462
1581
1171
8642
6123
2197
5127
1419
2780
2231
7195
1431
9004
2128
870
57
1726
4404
6140
6298
8781
5186
5400
6001
1012
2031
1236
5619
6230
4680
4814
2282
5443
1799
5161
1647
2775
4848
3354
2545
7366
5352
7624
3024
205
9001
7820
4861
3251
3207
5752
6902
8591
5853
5675
9012
4787
2297
3351
4837
5080
514
928
3070
3069
1238
290
2244
1542
3166
3063
2565
3053
852
3148
1237
216
2919
1180
2206
2810
502
471
2016
117
2012
2889
1861
1366
2916
1415
2918
1461
2920
1356
1304
2921
1347
2671
1984
1957
7892
458
5170
2734
2967
2533
6662
2669
1392
7759
2982
2327
1168
7038
1707
194
2457
272
2917
420
2462
5585
1373
3900
5425
4235
3019
963
1970
1876
5218
34
5699
178
1852
3596
7208
1215
1891
1325
2318
3021
8827
1971
6056
1256
4290
2002
839
4024
804
4002
6279
1401
1196
808
5569
4798
1733
2107
996
8616
5923
2567
8530
574
5015
3347
6877
7381
2460
7894
3010
7449
2476
1035
4721
8914
4849
8387
854
342
915
2626
2832
3081
7126
4728
8903
140
8507
2300
5917
2052
5236
328
2385
8865
4296
3913
5628
6039
3018
5483
3168
1438
3522
5810
2877
8920
8625
3197
2219
892
1525
6100
2203
6234
8194
222
2905
2583
1211
6103
5947
592
6375
3256
8650
1592
4902
3146
3693
6760
3467
8915
3038
4688
8813
3515
5046
4090
3266
7150
6378
8057
7812
523
3157
7136
7161
8797
8614
1329
8254
7936
8667
6744
2570
