item_recommendation
25737
7872
775
8327
7541
8093
8183
8571
8117
7697
980
1513
731
8290
8225
1003
741
8360
7613
5515
733
7560
8403
7669
8447
7437
626
6073
8772
1111
5742
8207
1053
5159
6154
864
7914
960
2686
5765
8596
1507
401
1515
4550
5410
8499
5662
7782
828
7728
735
1523
5186
968
750
6260
5288
8636
724
6902
8033
7878
2769
1870
745
5715
976
5768
5853
9012
5675
8591
8899
6178
5723
753
5597
1317
728
6970
757
7649
181
942
984
893
6091
765
7478
746
8743
986
4731
8580
8998
1744
2227
719
5729
150
1812
1777
8253
2668
722
5312
8154
1059
1030
5177
1046
720
1739
990
5008
7636
793
5282
8003
647
5198
129
8376
8136
963
5689
869
8410
6918
1907
3875
6355
555
725
858
8720
742
1021
798
5275
7802
5323
8420
5666
4440
7245
879
2300
4740
3751
6579
4076
5038
1006
8070
5254
1831
1057
994
1525
8848
2798
786
788
4649
3334
4600
8777
6751
2186
802
1497
4241
951
1816
6493
5398
7260
337
3936
3489
2982
5808
1078
1008
1624
6121
2688
934
5655
8699
1819
2912
6408
5443
695
6835
718
7831
955
526
3232
2696
2832
2546
888
7254
8807
3235
2937
915
4153
5672
5839
5139
1767
2605
1147
7171
4795
2801
6547
912
656
7938
759
969
6404
2687
2513
6684
1750
2504
1040
6718
5772
1562
3324
1026
8943
6294
8629
748
1688
285
5936
964
5752
1580
2892
8522
947
48
232
4727
2835
8607
1501
1508
2659
5710
6513
6760
2385
2956
1771
2741
2481
5815
5968
6436
8859
743
4765
7204
7407
1042
953
4941
4873
1132
861
5732
2815
2183
885
1049
5285
5795
2651
6676
2440
931
5363
3238
6047
535
5641
6422
7822
2347
4584
8524
8661
5556
1036
1852
726
3408
6341
16
4577
6498
8768
833
8142
5264
5699
5466
2772
2983
2582
7234
5365
266
875
2120
6195
5170
2761
8147
105
4316
961
2441
1060
1023
8542
3889
3051
8261
2770
4366
3377
6706
244
7771
7419
419
6803
1192
4976
5462
5053
1721
5055
1010
2976
3284
5696
4016
2689
981
2496
5735
8275
461
7078
5243
4312
8882
7346
1608
6768
3188
1472
736
8640
6896
954
5400
2774
3758
6331
6464
4878
3173
6375
2935
4477
6035
6800
5836
7919
6963
8838
1288
3851
2534
5684
3819
4246
7309
5401
5826
5847
6060
3654
3497
5746
3957
1500
8477
2383
5625
5572
8672
1007
6103
8835
5940
5690
7357
5700
5373
7791
5796
5678
7947
5686
5517
5577
5680
1617
7017
6851
7153
6852
7702
8785
5736
8582
8966
8985
8955
3499
1504
4834
1020
6211
7235
7198
4929
5685
6432
5056
6887
5034
8828
4104
7063
6754
6732
5003
5670
8921
4300
6105
8949
3500
8371
8610
8123
4450
3611
6584
5667
3825
5004
5001
4994
6342
5002
4677
4889
8872
3491
4832
2640
8130
8158
8423
8372
8138
485
8197
8366
2786
3338
2669
2159
4980
2184
6645
4420
2993
865
4105
3900
737
5693
6232
101
8056
973
7012
4999
3452
4428
1909
1631
4923
4638
3241
6286
205
8879
4263
3140
3096
916
3081
3368
1004
6774
3495
8042
762
721
3816
1125
2981
6470
5085
4095
8451
472
1104
997
6533
2764
2427
1873
6827
5203
4821
4532
1437
6296
4967
3359
5834
2118
3292
2473
2521
1805
1014
2938
2545
5498
2428
6678
3584
2342
4801
1783
1017
764
189
1822
4079
3150
3753
1690
1032
892
3759
937
474
1581
2548
872
4437
1980
1696
2062
2966
5611
2647
5193
218
5419
2438
1479
966
3656
2829
1145
816
8638
8235
3194
1582
4979
7888
5504
1037
3587
6530
2654
5291
5161
4996
2236
4833
889
2415
3417
6314
956
144
423
2212
3831
870
880
1120
4680
6395
2248
8709
844
5980
2600
6365
2780
2288
778
5135
1209
2241
1363
5418
1657
6225
4658
1187
7881
5909
4298
2202
7293
531
839
5538
3388
1788
6826
4696
5470
2399
6985
1518
747
3307
3125
4490
3456
1084
785
5218
659
4830
4782
5518
3916
8961
2009
7208
4911
2134
8722
3402
2231
5134
5315
6368
4981
608
6728
2573
4014
896
1331
1056
2487
3608
8462
5413
824
2596
7764
2866
1135
2398
1711
8684
5304
7186
2465
4963
2046
7753
2155
3211
2572
280
4809
4101
2766
3152
1429
8665
938
4262
7282
3989
5784
5269
3445
2500
4984
2327
1951
4945
2354
2633
327
704
970
1103
2407
1184
527
3134
3068
3042
2789
2715
2403
1204
2494
8167
3754
4380
4432
1013
4349
161
1063
1388
1080
3177
1186
3005
1233
2364
1226
2393
167
1759
2922
2090
8385
7786
2730
1997
1616
99
2285
3147
2215
918
2074
510
1027
306
1876
1225
1660
4009
4053
4010
1241
4011
3481
4012
3979
3243
3086
2325
1161
5352
3702
3604
444
2478
162
5489
3880
5114
1959
6093
1047
1019
7394
7272
2188
45
1281
213
1114
4703
1636
1639
1018
2490
5891
348
1502
1346
7263
8589
850
1730
8187
4401
4654
886
4043
6630
5825
4673
313
5182
1652
1860
2975
1320
5787
1629
2467
4404
4284
2876
685
5033
1286
2858
1085
2843
1804
7809
3093
5718
2799
516
1453
507
1735
2201
998
5313
1841
2692
2429
1394
996
2699
2752
4718
2493
5553
3006
3522
7932
8387
4273
988
1836
5167
4735
95
2197
291
3575
1218
6609
2617
1196
3668
917
3067
2439
836
1025
1367
5087
1148
1152
4337
7995
2634
1972
3071
1493
2146
1024
7619
1095
8675
4903
4290
2897
8808
2082
196
1726
3690
5214
460
2581
3113
4936
3649
1526
4088
945
6077
28
1035
504
4686
1779
922
4171
866
4634
6390
1012
7738
47
278
4920
8654
3354
2570
8761
1041
6671
2130
2673
760
1517
4861
547
6636
4511
3795
881
1715
2458
8903
766
3127
2173
4051
2681
9001
2043
5241
2107
1476
2878
4691
54
2506
6450
