item_recommendation
25737
7541
7872
8327
8093
8117
8571
8183
8447
8225
7613
8360
980
7669
8290
775
1003
7560
7437
7782
8420
7697
7914
8403
1513
8899
731
8154
401
5515
8207
8522
986
8596
8743
960
8033
8499
7636
858
8253
5742
8070
6970
8772
745
984
7938
2659
7728
8003
1507
266
48
6154
6918
969
8998
5723
7234
741
8859
8661
1777
3235
5008
535
6073
1812
6260
1053
7878
1515
8136
8376
526
2686
1870
3875
733
5159
5186
285
7478
695
2605
1771
4941
7649
8636
2300
5675
5765
626
5715
8591
5768
5853
5288
9012
990
6902
5662
129
1187
4740
472
8761
1288
981
1006
976
6091
8410
4809
885
7282
828
1317
6178
5410
7245
2688
2730
1907
951
6355
896
724
1021
4550
1523
5611
8777
1525
964
6728
8961
189
647
5729
4821
8477
4153
915
5689
4079
2668
8879
5282
2288
2769
6609
5312
2798
5264
5198
4076
1004
8709
5839
4731
7802
7831
5936
4437
8665
735
2937
8580
5815
869
1060
3417
7346
888
1046
3238
45
2227
3188
968
947
479
5177
3127
8699
4923
6826
2340
955
4414
8670
8654
6047
7407
6630
7753
4366
1020
2415
5909
840
498
205
880
3377
7786
6530
1508
5968
1042
7881
4440
742
3368
5275
2082
7186
3489
4262
1744
3936
7260
4241
5666
3334
5254
5398
5038
1624
2347
5139
8720
1816
2956
3210
2801
2385
2892
2186
5834
3324
101
2815
961
893
5443
8920
1437
3816
6774
2696
3604
5710
798
746
6835
1580
8977
8268
3028
2687
4801
1739
2761
720
659
8943
886
3307
5808
2212
6718
2496
232
2982
6760
4263
8768
7204
7394
802
1026
3996
461
5655
1047
8848
407
5641
1019
5772
3587
1017
5693
5365
1819
2786
6404
7888
725
1688
8142
2935
1438
1517
8629
7627
474
8607
8385
1125
1059
8689
2780
4404
6896
5597
7293
1696
9001
8807
2062
6408
656
1497
5699
8819
998
5672
6744
6243
864
3232
5625
105
5285
4095
8642
2647
7078
6195
4895
2154
6684
2829
7254
321
954
1358
140
6390
5684
870
7894
8576
2241
8261
4638
6331
8056
244
7771
5296
263
171
1504
422
3707
6932
3928
8462
3924
4639
7445
7587
7944
8833
8840
3263
7698
965
2441
4782
1562
4577
6375
2660
7208
6436
8640
1012
6612
4727
3292
1111
8633
6314
719
196
8235
2183
848
4980
3608
2966
4795
5055
8910
6365
327
1024
4432
5352
4420
1013
4171
5980
962
8684
3575
1721
5243
963
1636
3668
6211
4680
155
1472
4016
5735
4251
6498
3819
6121
1192
3758
872
3140
6547
4427
1500
5117
482
3207
8589
9004
3256
6803
2843
8638
4349
4976
3194
8187
6751
6768
2374
6985
5462
8524
8275
8542
580
2120
3702
4312
953
1581
6294
3795
5170
6513
2318
6800
5400
1346
3218
2513
5810
2772
492
6645
2184
865
7012
1028
5034
5003
5826
5002
5732
5795
7919
5700
5685
4929
5796
7822
3882
4290
6470
3656
912
7263
2700
4658
2617
3889
4532
5473
6103
6432
5373
7419
7235
7153
5940
8123
8130
1617
6105
7171
8147
3491
6342
4104
6341
4477
3654
5004
2640
8158
5323
8672
7198
3284
5847
8423
5001
4677
3499
3497
7947
5836
7063
5363
6422
6060
8138
4832
8872
6676
8610
7791
8966
8366
4994
8197
5736
5678
7017
5680
6963
7357
8828
6706
8882
6754
4300
6584
5686
5690
8985
5577
6732
8921
5670
8955
5667
8838
3957
8372
7309
6852
8371
4450
3611
4889
6464
5401
6851
8835
5056
8785
7702
8949
5752
8582
3825
5517
6887
5746
5696
2651
4999
4834
1501
4428
3241
1030
970
183
7272
5413
4273
6077
218
685
5466
5572
6035
3096
4105
3584
7619
7764
1057
718
3753
950
4600
4511
1805
2622
1733
4284
1173
2418
5053
2770
8781
6493
485
3714
6579
1147
2621
3251
5226
1901
881
2654
3157
899
4936
1034
7444
5682
201
3081
5419
748
2188
3500
7126
816
6114
1010
8984
3880
6827
1018
1822
3456
5745
2976
2506
2478
5203
527
7099
5470
6798
2504
5787
3408
938
4878
638
1352
34
29
4584
5449
2373
2009
5604
1367
2368
4337
6368
5891
8453
2793
313
4686
2792
4380
219
2741
8484
2981
861
8914
6286
276
7792
4191
2427
8574
3522
8722
6318
1834
991
550
2752
499
6591
2494
274
6678
390
2458
1363
1422
8492
1873
3402
866
934
4417
423
6104
2407
2609
2207
700
268
1690
5784
5556
6395
5269
2021
2764
3859
7757
6533
2507
5161
2394
7038
3495
1767
2350
339
8451
2432
2451
2324
7817
5291
2521
3913
1428
1590
3150
493
1841
1104
8239
2531
5518
7738
5085
844
996
5825
15
8387
916
608
2442
3843
1582
2155
7789
95
4914
1429
8604
3051
1099
1301
1479
4645
554
4765
523
4873
2352
4933
28
2912
6296
1844
6207
3632
2283
93
7748
747
6446
3428
6731
141
154
1148
4088
2331
2897
6858
931
2546
973
2202
7180
6832
3759
522
1394
3805
3635
4490
4996
1997
31
4399
839
3113
6225
4718
6232
5504
1951
4033
2107
4161
2983
2582
1150
6279
1639
6658
4984
6521
1750
37
7107
213
5208
5
135
337
5135
3213
1130
704
161
3177
1233
1226
1608
1616
2215
167
2715
2596
2633
1783
2789
1759
1204
99
1186
2403
2766
918
1080
1388
3134
2285
2364
3042
3068
3005
2866
2074
3147
2922
1063
2393
510
241
1852
306
2038
2835
507
1794
4979
5440
1836
966
8042
2325
3394
2548
785
5926
879
1959
1014
1218
1668
7121
3086
4197
4036
4338
2693
4184
4342
3626
940
3619
3270
1826
3960
3976
3565
4291
3450
3991
639
3563
3723
4268
4274
1293
3547
3252
1077
1730
7995
2533
1652
2799
2858
3388
162
207
2493
6051
2043
6791
100
328
2433
937
47
1086
1330
2231
1085
832
3199
949
999
2832
3430
2986
3359
7818
4162
4625
