item_recommendation
25737
7541
8571
8117
7872
8327
8093
8447
7613
7697
5752
7437
6367
6850
7560
7669
7914
8225
7636
8360
8183
3120
7649
8385
8290
7407
7782
5489
8403
8154
5597
7728
8033
8003
7478
8596
7738
7394
8056
5515
8998
8522
5159
8253
8961
5410
8070
6748
6091
7878
8772
1513
8499
960
6154
7938
8670
6918
7186
8661
8420
8899
8410
4761
5264
6676
6365
6535
6178
7204
7245
8743
6260
8879
6073
5715
5117
980
7831
6684
5723
7234
5765
5288
6609
6751
4121
6658
7802
8580
5662
8589
7705
7263
7753
6521
5675
5742
5177
5853
8591
8636
6724
6760
6902
9012
5768
8167
8207
4727
8665
8859
7171
7976
6970
6559
6728
6207
6957
8751
8376
8136
3875
8008
4605
6579
7293
6739
6498
5186
6375
3845
6826
5282
6892
6513
8654
5815
4550
5968
6562
6056
7189
8777
7121
3368
4740
7771
8477
5839
6143
8699
6981
5588
6355
5936
4821
6803
2659
5909
8720
6493
6195
6832
5198
6920
6669
5458
6464
7619
4076
6835
5729
647
5008
7107
7888
8709
4731
7484
4696
8640
8142
5655
7809
7748
7481
4840
5625
5033
6121
6331
6404
775
5980
6630
3869
7817
6898
7502
8984
5164
8462
8147
8761
5585
8235
6047
4153
6341
6436
4658
6896
7299
5518
4830
745
8453
7720
2062
5398
4033
6721
4437
6636
8366
6718
3882
8684
5498
6547
6887
4795
6856
8131
4600
3819
4941
6294
5684
5038
6568
6254
6840
1024
6706
5275
840
695
6624
5836
8819
4923
5363
5699
1046
4391
6550
4680
8807
5440
4414
8797
5940
5170
129
7034
4577
5825
5296
8864
6422
3656
7078
4686
8768
1639
864
8275
2779
4636
5462
5611
3284
7130
7115
5285
4366
8848
6768
7786
5641
7346
5139
7254
5693
8781
8604
4171
5926
8633
6800
2642
4885
5710
2956
8854
5628
3489
2318
7357
7822
2696
5666
6686
5732
4079
7198
7419
3608
5365
7208
4634
8169
3324
6314
5291
6035
6571
6927
7932
953
266
7958
6811
969
5400
3334
6390
8542
8943
8910
659
7011
6279
5323
6774
6612
5254
5114
4967
8629
4659
7818
5795
8491
5672
6342
7235
6851
4929
3497
4104
3611
8197
7702
5443
7309
3491
4677
6852
5678
3825
8949
7919
5685
5746
3499
5696
5517
5034
3957
3936
5700
2640
8921
7260
5003
5002
5001
8607
8123
7947
8672
6584
5736
8610
8371
5670
3654
5667
5373
4312
5689
4440
5577
6963
8828
5056
4300
5826
4832
1617
6732
5686
6432
7153
6060
8524
7063
4450
7791
2513
4477
4889
6754
6105
5680
4241
5401
5690
3307
8745
2184
6645
865
3804
3854
5466
8920
8838
6791
879
8404
5735
4612
232
1805
1437
8927
5899
984
5203
8507
8268
7017
5847
8882
8372
8872
5004
8985
8785
8130
4994
8138
8158
8966
8835
8423
8582
5796
8955
4878
4980
7012
4428
4834
6827
5329
5553
1562
4999
3096
3241
6470
3232
5243
5427
955
5021
6862
6999
4105
7583
6695
5438
4427
4809
5182
3127
7311
5834
8827
6942
741
7272
5085
2347
1317
1410
6283
5342
5302
5222
5463
4662
4977
4954
4640
4676
5483
5637
4333
6536
4728
7415
3668
7881
4976
4627
48
7990
4524
8638
5017
2799
5012
4519
966
2374
731
5832
7282
1003
5952
6203
2935
1507
1192
5364
5265
5236
3495
5161
4920
8228
4490
4895
5241
7222
2496
8387
6446
6582
7250
6296
6565
6650
7894
2801
3999
3417
7587
6932
4639
8840
7445
7698
5572
6234
7757
2660
8833
7944
3707
3928
3263
3924
8511
8620
7487
7444
5319
3188
1287
5473
8865
6643
4936
6533
2418
9001
6743
3251
7126
8650
8689
1021
4251
1111
4902
7096
4420
1515
1352
6509
6408
4861
7090
1819
3758
7577
401
7022
4782
7792
3281
7379
3285
5917
4873
7180
5193
3851
9004
7099
3632
8362
7827
2268
6863
5947
3160
3574
5055
724
1870
4886
5341
7195
4417
8422
3751
5808
8392
1336
5504
45
4614
2236
526
8583
8857
7439
5954
5891
5945
3714
2647
3093
5530
8642
7334
6690
8810
6000
4404
6114
5214
5965
1012
7089
321
3256
144
4263
1047
8977
189
8700
6944
7095
7038
6400
6516
5303
1523
5312
7380
6140
5857
6116
5377
8191
3420
5569
6816
6530
6223
6286
3575
954
1329
4984
4849
8575
7316
7068
6591
6021
5165
1767
6977
2478
7055
8239
2722
6440
4016
6798
3444
5384
7789
4632
6940
3370
6731
6552
6077
7979
3207
6877
5568
6641
8903
7347
4375
6232
6093
4462
986
1733
285
2344
6148
101
6869
4432
1711
2300
1508
6703
8388
6985
8795
656
2173
5422
1295
8187
5419
1777
3871
6084
4095
9010
4801
3238
3457
3142
4298
4666
3766
6242
5210
4532
1676
7411
3034
6744
5810
6383
6818
2441
2982
3889
5850
7844
6185
7706
6615
7355
6617
7843
7841
626
2415
8576
3402
3996
2458
1367
2004
2107
2605
3500
8906
5548
6348
5135
3268
1590
8482
5134
8609
6318
8451
4979
1499
7212
7352
8044
3753
6290
4066
6298
6103
7135
5819
3456
1479
2212
8727
4914
4774
3816
4552
5378
4673
1145
8121
1187
4833
4081
3388
7764
2617
3157
5609
5734
2622
5475
8009
965
2548
3213
263
5449
3795
7182
3432
1980
7566
951
1752
4531
4945
6566
7155
8799
8831
5581
747
5413
5971
1581
2774
5801
7743
720
3359
2473
6395
3428
7110
4952
4451
6042
1382
3218
4927
3997
6415
4692
7584
4020
7845
8908
6370
4811
4292
5900
8948
5558
6762
2941
1824
8950
7044
8526
3492
3438
6671
1810
6005
205
2780
3752
912
2769
3173
6628
3113
2394
3693
3522
2654
6132
7020
2688
5380
2609
4114
6276
4473
4603
8194
2188
3863
2900
6964
5840
5787
8133
5097
8712
8525
4238
5122
3761
8612
3344
2434
3639
3615
3479
4844
7160
4592
3702
4161
4188
522
8039
5053
994
4177
4765
3351
2183
8042
2892
6243
2259
7343
4756
6807
6786
3028
8892
5069
2983
2582
2241
2149
1839
5418
4135
970
