item_recommendation
25737
8571
8093
7872
7613
7541
7914
8447
8327
7697
8253
8360
8070
8033
7669
8117
980
8225
8056
8154
8661
1744
7636
3368
7560
3232
5264
8235
7437
8522
7938
7753
7782
984
8183
3281
8859
8410
7802
8879
8290
7186
8420
2659
1816
8385
4821
8961
8477
7293
2935
7407
8819
8684
695
2062
8633
960
8761
1046
2288
266
526
2427
5909
8654
6559
6318
775
7738
4437
2761
5159
7705
7728
7478
2340
8003
955
4658
1288
3324
1783
4809
1767
2212
976
8403
8709
7299
5008
6728
3093
2780
1523
8899
7234
953
8670
5296
8910
970
1024
8167
285
1515
2793
1696
3235
731
1907
969
1834
2686
872
2786
840
1513
6207
232
2227
951
8665
3632
6579
129
4782
401
5117
8743
1739
2069
1812
1721
1852
2981
5568
998
6521
2775
6630
5926
6885
1608
858
4941
6826
7619
1125
8589
2236
101
1777
3869
4188
626
964
3010
45
888
3816
3751
2668
4162
1003
535
2154
798
1970
1562
2396
2752
1006
8927
2374
4761
1209
1844
6365
5723
1281
2155
880
2575
733
4251
718
8689
48
5226
15
3668
2422
1997
5588
990
881
6091
745
3127
816
1187
912
5611
2442
1959
7484
1363
3428
885
6970
4462
5850
8228
4414
1020
1437
7038
1652
3081
3150
647
1507
472
3176
869
1317
2159
4846
1352
6748
4432
6624
7990
2043
213
3113
7720
1472
1841
8482
2399
189
4076
8620
3799
957
785
8207
2318
4861
704
1759
2633
918
161
2285
2074
2789
2596
3042
167
510
1063
3068
3147
2715
99
1080
2766
2403
1186
2866
1226
1233
1616
2922
3177
1204
2215
2364
2393
3005
1388
3134
3604
3608
306
2605
4731
966
986
2325
4920
4901
5210
4550
4577
3296
954
7316
2772
8462
965
2860
907
1295
6760
47
2146
162
1730
6751
2404
4427
6000
7809
4603
1531
2004
8008
1012
2975
4161
2433
507
724
2687
659
8998
6609
6536
741
7583
3006
8977
8499
3996
7817
8903
1184
2407
8920
8376
8136
3875
1218
3188
6314
1612
1004
2835
1771
2284
4984
95
522
278
994
3292
1580
835
2327
8268
1193
263
2368
2439
5597
7577
2344
3351
4366
2634
4895
6195
1057
288
3210
3655
7786
9018
3845
131
2839
6568
1831
485
962
828
6612
8187
2173
2478
1085
8596
1590
2937
2273
3860
1796
1225
9010
4228
5134
6116
1095
5729
6294
5787
6840
4987
8699
8777
2558
3028
1033
3427
2689
8840
7944
3928
3707
3263
8833
4639
6932
7445
3417
3924
7698
7587
3387
6550
5772
6322
1131
2609
2660
2457
1951
2976
4255
2366
1689
2801
2986
1476
4171
3377
8453
7099
7096
5968
5839
3251
6355
2617
2388
6918
4873
4079
2241
8864
4316
3478
685
2052
3211
2799
3307
8865
3051
4391
1367
8451
8827
9001
3587
7757
1581
5570
1676
2506
2769
2178
7789
1929
4394
547
4649
6636
5021
5980
2589
6509
8388
6516
4177
205
7649
8044
5809
550
7888
2521
4923
838
4375
1569
1819
5122
8169
8239
8133
3639
4632
8609
2434
3344
3761
5097
8612
8525
7155
8712
8799
8831
3615
5840
4238
6566
8392
3479
656
2385
3863
2531
2858
1028
8642
848
7272
8604
2727
6077
9004
2546
2504
1794
7380
2465
7126
2925
5017
7979
2429
5440
3693
1120
4262
1428
5693
2334
5198
2966
3071
1972
1824
5936
2990
2078
4584
5585
7894
474
2134
8387
6791
2600
7107
1059
1042
7254
8667
4033
7135
2567
5810
2418
1702
761
5515
8491
3540
6348
6178
7748
6966
6892
4404
991
2494
4795
4638
3438
2802
3714
3207
4830
4045
6591
866
1870
7792
2182
3575
2038
3882
3194
1544
934
4121
1013
8009
84
5604
3213
2437
2843
725
753
196
7011
5801
2618
2581
3420
8722
6143
4837
700
4166
2570
2897
7845
6641
7415
4692
4292
2941
8908
6977
6415
8950
5558
8526
7584
5832
6370
3492
4020
6739
8948
4811
7044
5900
6762
3997
7487
5857
7263
7566
348
7245
5378
4936
2621
3268
1053
2583
6243
2950
4911
1624
3218
2829
3752
2942
2753
5413
3431
407
3560
8131
516
2864
8625
5449
6880
2817
1030
7211
971
4696
3978
1978
5473
135
6148
1715
3024
1010
3128
7841
2496
3871
7036
735
3086
5033
2120
6440
5080
1040
3238
938
2961
2704
6695
3649
4024
2688
1688
1653
5012
1066
8039
2902
1791
4498
1873
7160
1980
3795
1750
7881
5312
5873
7502
678
4876
1336
1130
8614
4844
2572
3544
5329
2039
2398
5815
6617
6185
7355
7706
7843
5965
7844
6283
6615
1196
2447
2335
4417
3041
2630
4246
2770
1784
2046
6535
3173
1810
5599
4740
6944
5165
5641
105
2436
870
1876
7204
6985
2535
3702
3671
3563
1973
5
8892
2195
243
2350
7932
1779
2745
4722
3832
460
6686
899
2507
2622
31
100
327
1032
2394
6920
5365
5888
3338
4448
2467
1586
949
2169
2014
3152
1643
3258
915
1393
7101
6400
5410
2674
498
1197
3759
4378
7759
1394
5952
1301
1690
4191
5065
4102
3947
5562
4296
5955
2798
1078
2983
2582
746
4848
2669
879
4290
719
6254
3543
2021
2985
6390
743
6493
521
4930
2904
4885
3854
5139
1598
250
981
5498
1060
4051
2295
8772
3402
3013
201
2160
3572
1804
3456
6240
3977
4223
2611
71
2533
1858
1639
1379
5605
499
3199
2628
7394
2499
1303
8854
6777
3975
527
6223
439
321
2300
3359
2409
144
2532
4801
2415
2458
376
3637
2186
1438
824
3814
707
2498
3408
28
2346
5834
2287
2082
1455
2905
4101
183
1456
8616
3768
6618
3034
1333
4914
5346
4511
7189
5433
2148
1556
7708
2820
76
1330
2342
3388
8857
2201
7492
2982
3910
2832
6981
2840
886
8914
2197
2239
742
8511
4401
7311
4560
1380
2664
6242
7897
207
8607
8675
2137
3819
945
2152
4135
6774
7438
4458
5782
1966
2352
4933
1297
2710
4515
