item_recommendation
25737
7541
8571
7872
8327
8360
7697
7914
7613
1120
8056
1145
7802
8207
8117
8183
8070
401
2605
8522
6395
8420
7407
7560
8093
8253
7669
8447
5765
1783
647
7636
1562
6365
7437
7282
6195
7738
7649
5772
5177
4873
980
8261
1788
8225
1161
7121
6579
7394
8033
6073
2686
626
3232
1437
7932
1425
1535
1404
2159
1111
1580
1310
405
8385
5264
8684
6658
659
599
1523
8154
816
5980
1652
4600
775
6850
7478
6211
798
5489
1771
6493
7782
8751
8235
7976
1744
8477
6636
6440
9018
1816
5159
3377
4709
1076
4920
5410
4584
2935
4911
2779
3587
673
2227
8722
4088
1777
2231
8879
1931
5395
7130
1819
4366
2615
2062
8661
7228
5556
8604
858
953
828
5515
8290
2445
5470
1320
6390
135
1739
1073
7995
7444
1472
5723
2236
3368
824
1513
6077
7245
1575
8451
3060
685
6856
5538
603
7938
6690
6279
2193
3751
3292
5134
8859
1167
6970
4246
5269
5784
7234
183
2741
6412
2647
4748
4809
6918
8410
418
4821
2310
4121
7020
129
1891
2504
984
7881
7263
5787
5791
1711
1507
464
5198
491
144
4437
2174
2668
5729
1907
2966
4290
8903
1873
678
1791
7139
6178
5008
753
299
5473
4296
5909
463
885
955
3185
4830
1767
7293
8961
1692
137
3324
1713
656
661
4262
526
960
2478
140
4945
2706
635
1453
6669
7492
4885
561
2786
2761
4696
4632
769
571
3608
2219
1826
6341
36
8810
7809
6522
5233
1103
2594
6832
3188
8167
8675
1194
8998
808
8977
3819
232
3235
2
872
4060
7728
5021
7177
132
2659
441
121
7577
391
451
718
2369
976
1549
6305
3668
5825
2130
383
1970
5689
7272
6154
2681
1848
1046
5114
6290
3150
888
6355
1419
6091
484
1196
4166
3072
6056
637
5458
4577
2912
2212
8187
4084
1721
1311
7222
4936
7171
5597
4462
690
338
2327
1240
377
2427
7720
8743
6051
1785
667
6906
5846
1726
733
8511
5503
8008
87
4171
3354
1833
6373
1317
6559
483
731
5182
332
1894
4284
7619
285
3616
4273
3111
7753
966
1852
793
2200
3747
427
745
366
324
3081
3051
5312
1707
1354
4658
34
650
891
990
60
861
5498
437
4526
1223
4941
820
6676
3316
7583
2579
76
1463
4386
2282
849
2243
4139
5117
854
92
3066
741
6582
6525
1883
5038
1552
3434
1586
5718
6148
196
6974
6703
414
5588
1254
287
2745
1569
2516
7347
6498
577
3816
1397
6383
1979
1479
266
1812
1441
1658
2050
5101
412
3140
7101
2240
1123
8848
8761
3349
7186
707
8336
8654
1382
7204
2446
177
215
2835
199
4987
6927
8003
8943
1274
3868
533
3594
1285
1126
3370
2300
1114
4378
611
4194
2819
4731
2197
7016
5139
326
1639
4782
6877
1954
4148
2000
1234
8169
8491
8777
8927
3133
4168
481
813
617
7250
1880
3687
4146
5065
3889
6552
5028
2506
3421
806
7840
6140
1870
6476
1900
927
986
1003
7759
5069
4534
2031
1657
1885
3643
8650
5989
7789
1414
3807
1835
1482
714
2518
2839
2092
5146
7762
1608
11
1363
1866
2791
6643
4895
3804
2624
1909
522
3238
8819
1983
2708
2490
5202
3489
2812
4458
1515
2625
4383
1932
470
1532
7195
3798
96
77
8709
417
3900
341
879
2981
8273
1184
3857
227
8616
98
7340
4923
1621
2187
8914
1779
3334
5427
2318
316
2007
7979
1676
5947
7827
6863
2268
8362
48
294
5843
4886
379
4432
3127
1545
1059
6840
5315
4251
5666
7934
6436
5382
1566
4079
7115
387
2344
4703
8899
2128
1040
7254
6458
2486
6977
500
2207
1024
270
3563
5254
2350
1243
8589
1831
18
1889
2507
2946
1342
5777
7038
4947
2505
6728
8014
1605
606
5398
125
1297
3357
5059
1057
94
1589
4552
8121
6400
3086
848
1895
5137
1449
1529
4414
1242
6404
1809
213
4849
3780
5677
4051
8039
721
325
3660
2400
1950
1480
209
480
2530
870
1391
912
10
5352
2832
2866
2754
264
1631
4135
6482
2704
44
5534
342
1246
3210
3404
2815
3768
296
1444
4550
8665
1487
7786
407
2431
363
2204
5585
1131
845
5707
8136
8376
5899
1147
1974
3936
4241
7260
2373
1686
3879
1053
702
550
2959
6303
2826
1077
1999
2366
1769
8957
8633
1648
1554
720
558
695
5033
6314
4207
179
982
476
3428
7415
969
3408
45
6609
6446
509
5179
4278
4626
8596
2238
2929
4716
2375
4033
8699
1079
4177
2494
4
5404
6037
2731
2330
1112
3786
4960
3882
365
2149
3221
4339
4101
5742
5108
46
5308
8700
2523
2560
2655
4865
8853
3338
2752
2252
5464
4771
1746
8864
3194
5628
95
5715
1671
2173
1353
3632
4321
5046
229
6985
4859
5864
247
1236
1217
66
3763
869
3276
564
1940
3869
1876
5288
2342
485
3129
4076
1097
7439
6957
1892
3207
818
4971
7265
419
369
1389
1253
6932
1804
3951
364
3205
2893
2467
6143
2443
835
2755
23
844
8607
5193
57
2385
2397
2528
198
472
5010
1099
2606
1497
8979
2822
8157
7899
6155
4619
211
5348
3093
1663
4927
8910
1129
3714
6207
2496
2687
1193
5619
2769
1275
6329
2660
1875
6273
1296
2511
1030
312
6
2676
4984
444
479
2617
3457
3152
4861
954
1701
648
410
1643
5
3417
3707
8833
3928
3263
7698
7587
3875
7944
8462
3924
4639
7445
8840
2664
69
4815
7411
1165
4411
3289
1610
5505
4403
5231
4459
4767
5255
4749
5283
4465
5808
5299
5300
5792
4745
5841
5506
5994
4975
5544
5682
5413
5694
4932
5705
5995
5450
5366
2106
5057
5066
5111
4381
4464
3326
3992
6793
3661
7083
7117
6250
3788
3943
4140
3771
6408
8795
6323
4018
3664
6387
7199
6332
8196
3673
3679
3835
6484
3476
6238
6936
8970
8528
7815
3618
921
8544
