item_recommendation
25737
7872
8571
8327
7541
8093
8117
7697
8360
8447
7613
8743
7914
8225
8253
7437
7669
7560
8183
8033
8290
8761
7636
8385
6970
8070
7782
8420
8482
8154
7649
8522
7478
7078
8403
8003
7976
5159
8056
7802
8207
8661
6012
8477
7082
980
8235
7728
8596
7234
7938
8684
8899
8961
6178
6918
7878
8859
8879
7407
8998
6154
5723
8499
7738
8589
7086
7085
8772
5264
8410
6992
8167
2659
7771
8709
8665
8654
6826
4821
7753
5515
7186
4895
7894
8376
8136
6314
6728
5909
5597
6513
5765
8670
960
7394
3875
6559
5008
745
7766
3232
1003
4941
5662
7831
7245
3368
4437
5742
7767
7705
8819
6091
6355
6902
4873
7293
7764
8008
8699
6579
6073
731
4550
6186
7786
6365
5729
7888
775
8777
6609
6260
6751
6760
8462
6630
3188
8636
7204
5186
3324
5021
3816
3819
7219
4432
8580
7502
6703
4731
6624
8633
984
7619
8039
7809
5768
7003
8591
5675
5715
4251
4153
5839
5853
8261
9012
8751
7299
6676
7881
5288
5980
5936
6835
6612
5117
6390
4761
4076
4366
3377
8910
659
4577
3235
7932
8187
8689
3307
7189
7263
5296
3882
7577
626
976
7038
6121
9018
5410
5689
7282
4171
4740
7171
2647
3417
3127
8920
969
5177
8142
4809
7272
4923
6195
6047
5655
266
7445
6932
7587
4639
7698
8840
7944
3263
8833
3707
3928
3924
647
2660
5968
5815
1437
733
724
8453
8642
8807
695
4920
5312
8451
8629
8864
129
4079
6862
4984
4262
8848
7334
8607
3668
1870
6803
5666
9001
5834
5693
9004
6550
2300
6493
964
5254
1515
3489
7254
5365
1507
8720
7817
7228
986
7748
6718
2605
3587
5772
5611
6404
7505
3281
6591
4782
2478
8404
5926
1006
951
7090
101
4801
3028
4033
8927
6744
7789
8977
4911
6684
5198
5413
2668
6286
1513
5139
3251
3093
45
2780
5952
7126
8604
4936
8914
189
6840
8903
6985
962
8121
2374
1317
8827
5810
5291
7484
4885
5164
2769
3334
2062
2418
8524
965
5038
8542
6294
4241
5398
2617
6408
6521
5710
3936
7260
1581
3608
8943
3584
7099
5732
1288
3693
5275
5850
8268
5443
6318
8854
5585
6798
3702
2982
8984
6509
5599
4404
8366
6207
970
1580
6748
6568
7897
4420
5808
6774
1021
5641
7792
6547
6436
5832
5752
3714
6077
7757
1907
8491
485
8507
3889
7979
4427
5323
526
1812
4945
48
3428
5568
2935
8147
6422
2347
3795
5888
6103
7415
5282
5449
1367
7487
6658
1523
955
5699
953
3632
858
2956
1024
1744
401
1187
8275
998
5795
4896
872
2318
8768
5787
8157
6706
7316
7180
6887
725
6892
6464
3207
6516
6498
6341
8228
6530
7990
7822
5285
2622
2344
2236
2496
8695
880
6000
1777
8882
4462
5363
6791
5825
8781
1012
8387
7995
6850
285
492
7208
2513
535
5473
3351
8979
3256
8675
6395
3218
4584
915
5440
8511
5033
6636
8722
2366
6375
2548
2937
2775
656
2433
8239
6535
4765
7311
864
957
6383
1624
7492
8484
4638
6148
6695
6211
2799
7346
7107
1767
2696
7919
2407
8392
3456
1771
7583
4414
8865
1438
7720
6768
4846
2232
6977
4440
5466
5193
2772
5857
205
6981
4312
6254
2288
2394
5625
4477
4914
8892
5226
5940
7743
2798
6243
1517
4450
840
2981
6348
6440
947
2404
6331
2688
232
8131
7135
5672
6896
5588
3157
2415
6963
263
8574
5836
5891
4727
4967
912
8620
6957
2897
4162
5400
8609
2621
5134
7419
4736
4963
4795
4188
7096
844
5801
5923
8123
3238
1010
4878
2331
8838
6502
6885
966
1476
1060
2473
6678
5170
7380
1225
6832
1531
6279
741
2340
6584
7456
3996
1004
1472
5034
5826
5685
4929
5003
6143
7115
2173
8530
3611
7160
6858
5696
6533
8835
8640
6800
3284
5670
7235
5746
7309
7198
1042
5847
7063
4300
3654
3957
8828
8921
4104
5401
6432
6754
6105
5056
5165
3799
3499
8371
3497
8610
8672
6732
6060
8949
1834
6762
144
5796
6536
1824
3851
8638
1508
2458
8197
4876
4994
6283
4095
6852
5686
6851
8785
5373
2516
8576
6140
76
4976
1047
2004
990
5002
5700
5352
5210
2184
6645
865
3176
5684
8745
5462
3394
1810
1678
8009
1617
3825
7947
7357
5736
5667
6342
5690
5680
5678
8955
7153
5517
8966
7017
7791
8582
8985
8158
5577
7702
8923
3491
7958
7566
5735
6114
5243
8044
5203
7759
3034
4121
6641
1876
6035
4980
6446
1739
4600
8388
5572
6739
5202
8423
5001
4889
8372
4832
2640
5004
4677
8130
8872
1020
4263
6470
7211
1192
4045
5604
4177
7624
3113
4834
1017
8614
1046
4814
8169
6242
7012
2654
5965
5055
8138
3997
4811
7044
4292
4020
8948
5900
8950
4692
7845
7584
8526
6400
5558
735
6999
3492
6370
2941
8908
6415
4999
4161
3241
1750
6232
3758
2824
7818
2120
7008
3752
3173
5470
2183
1562
9010
5458
869
3869
886
3096
4428
4903
4658
6116
4016
3860
4105
6525
1053
2500
981
3163
5864
5893
2900
3478
2581
5556
3560
5085
2961
3359
3213
4792
4417
3210
4375
7034
881
1145
7121
888
2983
2582
8625
7627
5099
6100
5046
7892
5000
3495
5784
5269
3387
7110
3863
6880
1816
2212
8906
2594
4511
816
274
6731
7250
6296
2154
1636
6615
218
4632
5012
3479
3761
2434
5122
3344
5840
8525
8612
6566
5097
3639
3615
8799
8133
7155
4238
8831
8712
1057
2009
4844
4603
7820
8042
2038
2457
5433
380
7055
8616
7386
2651
3540
1125
7011
8191
3773
531
196
5418
1831
4024
8194
1429
870
5718
2793
8459
15
4840
885
7841
1026
5873
5504
4947
1805
3292
3751
1569
968
8790
5378
7762
4490
3656
6686
5581
7843
6617
7355
6185
7844
7706
4861
5168
6827
3604
8700
6944
7101
1040
7840
5809
6051
2078
2686
6571
4383
3438
3655
2912
8813
8795
4246
994
6743
2801
4532
4649
6021
1419
2188
7020
