item_recommendation
25737
7872
8327
8117
8290
8093
8183
7541
8403
8772
8447
8571
8225
7437
7669
5515
7560
5186
6902
6073
5288
5853
7728
5768
5662
8596
5742
6260
5159
7613
8636
7697
5715
9012
8499
5675
8591
6154
7878
8580
5282
8899
8720
6178
1513
8360
6751
6835
775
4740
7782
4550
8998
7914
5323
8154
5968
6091
5597
6684
8033
6547
5723
7649
8003
8743
8410
6970
3875
5275
8207
8142
5808
8777
8699
5625
7831
7478
4076
6760
5765
4440
5466
1317
864
5177
6121
4727
6047
6464
2513
5008
2956
6918
5815
8629
5462
6294
731
8376
8943
3489
8136
5735
865
7078
6803
6645
2184
4834
5363
4731
5254
4312
5729
8882
6404
6035
5572
5655
7012
4428
3611
401
3241
4999
4450
4976
5684
6800
7419
8838
8835
2696
5577
6768
7947
7260
5686
7791
3096
7017
7153
5517
5680
5667
5678
6852
6851
5373
7702
5736
5001
2640
4832
6342
4677
5004
1617
4889
3491
8966
8872
8985
8955
8423
8372
8158
8130
8138
5243
4980
1192
6470
7771
8542
6296
5410
4153
5085
4105
7171
3758
5710
6513
6533
5699
5055
3851
5752
4878
1805
3495
6408
6706
5443
6827
8275
5795
5940
5732
6493
5666
6896
4477
6584
1777
7357
3936
3825
4994
5796
5690
5700
5002
8785
8582
8640
5847
3499
5504
8807
7245
5839
5672
7636
6718
7254
1003
5936
8524
8607
6355
4490
8147
6436
5419
5641
6676
8768
8848
6498
5038
741
3284
6422
4016
2769
1515
7919
6963
6341
6331
6375
7822
5836
7204
5170
5285
7346
3334
8366
7198
6887
5696
5398
5689
2983
2582
5400
7309
7235
5685
5670
5401
4104
4929
5034
5826
7063
5056
6432
5746
5003
4241
3654
3957
3497
6754
4300
8828
6060
6732
8921
8672
6105
8949
8197
8610
5203
8123
8371
3656
8638
5365
6774
5135
5139
8042
4795
4263
4979
5312
4532
4298
3889
5693
5518
4967
3500
3359
6232
3819
4680
3173
6103
3753
2347
6579
5313
7208
4095
4996
1870
6368
5418
2774
6286
4735
2832
6093
4765
6530
5891
1508
2183
5198
7764
2118
6678
5053
1739
4833
2009
2441
1750
2107
724
4420
3238
8808
5291
4981
5304
2120
2546
747
4923
3759
8070
947
2993
7091
8576
2892
4956
1980
2654
7938
2473
3093
2801
5161
2938
7802
3445
8781
2976
1753
2090
4963
1733
1507
7888
8387
7379
2188
3766
3584
6571
3444
5193
788
1049
2365
2360
6234
1752
986
1056
8332
4686
3452
8253
1084
5167
2189
2383
5384
3194
3142
7394
7293
4043
1382
2458
4678
4914
8451
1812
2982
5960
6671
2088
2534
6985
2548
4984
8865
4520
748
915
5553
2077
4247
1909
1501
2496
6225
3388
647
8167
1104
3402
3831
2687
6062
1807
2688
4316
869
3608
745
5611
4903
1860
1580
5413
8859
1152
1018
516
4462
2651
5834
893
4968
4158
833
3307
7234
2798
1822
4920
1479
4401
892
875
8268
1053
1059
1690
1735
4941
2186
5888
4691
5440
7263
3171
1518
8665
968
2642
1008
1624
4925
1021
113
2300
5182
7572
1078
973
2876
2481
5214
4718
171
1819
746
1047
4101
155
802
4584
2730
1010
7502
976
1092
5218
2318
743
1147
6593
4873
4736
735
4945
3232
8920
2764
5076
2500
2227
1627
4414
8420
8462
1498
105
1006
6765
7407
2294
980
2493
3880
1873
3408
6862
998
2440
4895
2428
5377
6832
5343
1187
6127
5489
4801
2616
6114
5117
5264
3575
719
725
2700
8670
1636
3406
1017
7894
733
659
1581
1771
3377
5025
1005
2399
526
4645
4859
4511
3522
5832
922
720
3097
3048
626
4625
1057
3256
6728
3211
2690
759
2416
5009
2988
3456
8157
5745
6400
1365
1060
3959
8056
1631
8661
961
885
4366
4792
5650
1626
5604
8191
4271
3338
990
4800
8961
1023
2126
2497
2799
879
964
2471
2289
5242
963
969
1133
5292
6377
1422
3235
3816
931
5712
6822
2241
2937
8675
2492
218
5668
6826
8589
2123
2668
1032
1012
2659
1301
1831
3188
2236
7616
7096
938
2686
4432
762
1036
1863
1556
8879
3324
5818
2725
4130
786
7069
8235
7757
6240
7064
6909
4821
2159
5341
8684
2824
872
2339
6568
6521
1034
8827
2354
5799
1688
3948
750
101
4836
4649
2342
700
3751
2609
2214
3051
425
1582
3289
6249
1523
4367
2780
1367
5241
1901
2605
6744
984
6630
6957
2912
6314
960
2572
8388
4437
4840
5021
1526
8695
6534
5965
2419
16
205
769
1500
5971
1517
1030
5801
390
2772
8522
6982
4600
1525
832
3354
8477
2407
4659
4045
753
8854
1288
1836
6509
728
5102
6279
742
3847
2134
9001
2815
6271
7444
4489
4354
2770
8984
7160
129
1019
1755
3140
1046
3357
2197
840
8761
4830
3368
6273
6198
2935
3223
5989
5498
8131
888
5075
3160
2741
1839
4809
4743
4756
5028
2288
6531
498
6721
2425
2526
1042
8709
7786
5425
4577
2763
4319
8507
3417
1744
1876
6243
839
7892
442
1346
1729
3269
7186
5375
535
7753
5458
4608
6798
858
1852
1711
6658
798
851
8654
1726
8633
951
4518
461
4046
718
816
4079
1410
4560
1880
4844
2069
8385
6207
2761
9018
4861
8331
5909
3604
1816
7619
3136
5356
7976
7152
6450
1437
3113
695
5521
765
1907
7818
266
3702
8910
7738
1004
1472
4696
6025
944
6812
1456
2521
3775
6223
2923
8977
3668
5649
6612
2786
3649
1497
2647
4404
6730
2385
5022
4171
111
1783
5346
7051
8927
2779
8819
8039
1040
7110
8864
1767
1608
4639
3741
6932
8689
8840
7587
8833
7944
5615
6448
3916
7445
7698
1762
3924
3707
3928
3263
1562
2660
2504
2415
4782
726
8228
1014
3780
2478
8239
6993
6609
8642
3127
5033
189
1225
828
1026
3086
8392
3010
1363
2835
965
7272
474
1020
2232
3150
4987
4251
6245
1161
880
8620
3487
1951
3358
3965
2594
1639
2689
2610
886
268
7334
2953
9004
5585
