item_recommendation
25737
7872
8571
7541
980
8093
8360
7697
8327
8447
7613
775
7914
8117
8183
8225
1003
7782
1523
7560
960
7669
8070
984
8661
285
1744
7636
8420
8154
8522
8253
5264
8859
48
7938
731
733
626
266
1907
8033
745
7437
526
858
5159
2227
129
695
1046
2659
647
955
741
4821
953
7234
3235
1513
986
1515
8879
969
951
976
3232
1777
2686
1507
1812
8290
4437
8899
1288
2935
8385
8743
966
535
888
1006
990
8761
7407
472
7753
3324
5008
5723
1053
401
1771
880
1767
232
8410
45
8403
8003
2300
8961
3188
407
2288
964
724
6579
3368
2605
828
1562
8235
5909
7728
915
885
2937
6970
7649
1020
2769
981
7186
1004
656
7293
4550
101
4809
870
1042
5515
6826
8056
1437
1030
8977
1026
2062
4076
8136
8376
196
1624
1187
6091
1816
1021
1111
2780
4366
205
140
6728
5597
6918
6314
872
4941
4079
2688
2385
725
522
485
4638
2212
8684
912
6630
1057
3668
798
970
3875
2982
1352
2186
1024
720
8207
8596
1060
8709
189
7738
6609
8910
7263
1132
2415
2687
3292
8654
4731
1125
8477
8462
659
5410
4404
8777
3127
498
5765
3417
2504
881
954
1870
965
869
2668
4984
2340
422
2981
1013
2374
8633
1819
2772
8699
963
3281
1472
218
735
7619
1739
861
1525
7478
4262
8665
2496
746
8499
1831
7786
4577
7757
2427
994
1696
1017
2815
3377
6154
263
4584
1581
718
742
1317
968
2173
3428
3816
4414
5729
3604
2647
5117
4873
1281
3702
5611
2617
3238
4162
474
893
6073
4801
2660
3210
3093
6612
8642
7802
5834
2798
998
3924
3707
4639
3928
3263
7698
7445
6195
840
4432
3307
321
2793
1145
2318
4923
6932
7587
7944
8840
8833
5198
3751
1120
2966
31
4171
886
1834
896
1652
2407
3632
4251
1012
1531
7316
4782
3996
144
1852
4658
3795
2478
7831
2761
7888
6509
2154
2752
7583
4632
2801
1876
419
5772
1582
1608
5787
1209
2202
2741
2236
816
5470
802
6207
6365
9001
3869
5498
3354
2494
719
957
2689
479
8927
1059
9004
962
2442
4936
8819
1497
1331
1225
2082
7038
8670
2799
916
6355
1688
2248
550
100
5742
6318
4316
6885
6550
3086
1367
8998
4740
8864
961
5210
4795
7720
5588
1970
4349
8689
8008
7394
934
1721
996
5186
461
2775
5296
875
3150
244
8392
6521
844
2366
1010
8239
1844
4375
5
8772
5312
6985
8799
2241
5033
8920
8169
15
3081
1508
8228
2368
105
3113
6676
7204
1504
2418
1517
2342
5810
2892
3863
1676
5952
8620
4188
2770
3218
1500
7878
3522
3207
16
9010
5715
531
4417
947
423
5936
1580
2621
1783
7171
1631
5177
4649
1193
2976
785
3456
938
7894
34
1031
4399
5440
2433
4427
5473
2439
327
427
8388
7126
7155
8712
6566
2434
3479
5122
8609
3639
8525
5840
5097
8831
3615
4238
3344
8612
8133
3761
8751
2404
2832
1590
2155
1980
4161
3608
3587
5449
864
7881
2570
274
2609
3251
5288
2829
5839
1476
4191
5968
866
3714
6243
2730
5365
4391
700
6493
3160
6436
5815
1702
4290
268
8722
2786
6744
6832
2897
492
1037
7792
753
3024
4861
8387
8865
155
6186
1794
5662
8268
4603
1099
3805
793
2335
2900
2860
4511
3575
3431
2344
8604
4380
314
5489
2669
8589
726
6390
7705
4600
4761
3028
5352
2583
4765
4337
6178
1535
1394
6000
4830
2396
4263
7771
5139
1173
2398
1040
6850
1810
499
2352
4933
2159
3213
4177
1087
2347
1346
1836
4837
2458
2651
1196
2465
6774
3194
1873
3508
3051
1295
3211
2399
4024
4645
6440
4895
8636
5675
1997
2622
2468
3819
2533
2440
931
3296
135
5768
5853
2843
2802
761
1839
1032
3655
6751
2912
1788
1438
1959
2572
1660
6892
6658
1826
1047
162
8667
6902
6260
8591
6624
1028
2441
6404
748
5458
6077
835
4440
523
5899
9012
2078
2581
7272
6143
2961
8574
8580
3563
4284
1501
4696
1358
3152
2835
1419
1901
2204
6498
7245
3388
4153
1711
5021
2709
1008
1549
6636
7254
313
113
3584
999
2546
6568
6803
1429
2521
2600
1951
2473
322
2866
337
1479
4920
2548
4273
7817
1612
3799
4911
219
6536
207
3882
3854
3845
6798
7282
8187
5585
4885
1161
2004
4462
1019
28
3140
714
7311
3420
1135
6559
1821
1330
4342
786
4246
7011
2925
1147
1428
1101
2766
5053
2674
988
1518
2779
6121
1363
6530
7789
5226
276
2596
4051
1184
3489
2283
3843
2021
6835
1095
5285
2178
6920
3176
1759
2922
3068
2633
3042
2789
1639
7748
832
1750
1502
275
8914
4420
1233
161
2285
2364
1226
1388
1063
3005
2403
167
2715
3134
1204
171
704
1779
2327
516
4625
2120
76
7487
482
3430
2331
3402
1636
1726
1080
2215
99
3177
2074
1186
918
1616
3147
1078
93
5161
3723
4255
380
6116
2393
2429
4945
2370
95
5604
580
678
638
2325
5666
6760
4844
1286
1393
510
306
4718
4291
3547
4268
3450
639
4274
3960
3976
4184
4197
4338
3991
3252
1293
2630
372
5202
5080
2902
1131
2195
3626
3387
5752
1380
2046
7036
1730
2400
1482
848
2506
7121
575
1552
743
5689
5433
5275
3256
5655
3635
1085
2394
460
1822
2517
8453
1320
2383
6047
4121
4036
3619
940
2693
3565
3270
1690
8903
3258
4727
5699
8781
2545
5398
2467
2493
7099
879
8848
2956
1016
1569
5134
7743
2146
507
2753
3438
5864
7299
7502
7809
2986
1689
1218
561
1018
1301
7107
7764
3351
405
2069
213
7415
8984
5165
5017
2858
1657
6591
4319
2183
1014
1841
5672
1123
2339
5038
47
8261
3199
6791
278
2946
1365
3071
1972
3852
7208
2243
2457
527
2134
991
750
2535
4876
7078
154
5693
3125
2975
3889
1073
2043
2634
6242
4605
