item_recommendation
25737
8571
7697
8327
7541
7872
8360
8253
7802
7613
7914
8033
8093
8056
8117
7738
8684
8420
1120
8070
7560
7669
1535
1111
8447
1145
9018
7478
1562
7976
7932
8290
6493
647
7636
8167
7228
8522
8385
678
3232
8225
7437
8848
8477
8511
1523
1711
4709
5433
7782
2605
4290
1552
8743
7407
1404
8235
2779
8650
2243
1161
5980
7995
8751
6850
6073
1437
8709
7809
2745
2445
8892
3133
387
1788
8207
4920
714
6195
1425
5159
8482
2959
7394
980
6365
3152
1891
1076
8616
4584
7222
7130
2231
1783
8039
828
8807
4296
4782
6458
793
7840
659
8761
3185
8810
405
8600
2200
4166
1310
1880
4121
7492
6906
4486
6140
8675
7245
5765
8014
3235
2203
4194
661
2386
4696
1931
7881
7502
7649
6000
1707
1320
8730
2159
6395
1255
7340
4911
1274
1264
2594
8827
1816
1549
805
8187
7444
2681
7121
8695
858
3895
6658
4936
1441
6669
3816
4262
3632
650
6178
1480
140
7728
3368
8261
2128
1652
8819
4246
1767
561
2935
4552
7892
6985
966
2478
8604
8542
8154
3316
6643
6412
3086
1864
8183
1215
1361
3129
2031
1686
8491
3150
6579
7171
132
808
1196
8689
1979
5101
2227
3163
1353
144
5025
3843
2832
420
2219
3190
1073
7234
2565
1277
558
6348
5137
1236
1482
1240
8008
6636
577
626
121
3643
5250
7215
3019
8524
2282
3377
4146
656
272
3953
8451
2917
1168
458
4114
1099
6166
7753
1957
1665
4143
2297
2615
8859
135
8331
8194
4600
5333
3660
2462
3060
1397
1256
891
1984
502
1238
3063
2012
1356
2920
2016
2919
3069
2206
2918
3070
1542
2244
852
2916
1304
928
471
1366
3166
117
290
2889
3148
2921
1347
216
1180
1415
1861
3053
2671
2810
1237
1461
514
2734
8979
804
194
7293
1392
2967
2613
8499
7282
92
7958
7757
1900
57
5553
1243
8903
6650
2704
1373
4229
178
574
4927
1194
818
603
1592
324
1639
7263
4178
4386
2275
1746
1954
4849
1171
5534
5046
1771
7938
3668
6856
2686
342
2002
1564
3857
2741
4873
1833
82
3021
1744
3188
8661
1453
2738
615
7826
7161
18
4895
6918
5489
5772
8977
3718
4169
3018
5069
1589
3247
6961
2877
6927
1804
7897
6547
8136
8376
2304
6676
4577
1325
7577
6957
4830
5033
4638
4051
1819
5850
5264
1419
6690
953
1212
6877
8617
3146
7720
3197
1605
6091
617
2748
3168
6832
5947
1907
96
4394
8795
753
1826
685
1131
1940
4168
5458
4432
4366
5913
7272
1569
480
8961
1408
1046
2327
5434
775
569
3370
4414
8484
2149
1692
8879
1644
2379
3467
7812
4090
4848
8057
3266
3515
4688
8813
6378
7192
7150
3038
8915
496
8254
2236
7136
2927
8589
637
6162
4316
8718
3292
186
3250
5119
5503
8607
6954
1912
3616
3798
3310
7585
1631
4332
1971
1206
8866
1840
8531
3587
7352
5617
8625
7458
546
6582
1726
8772
6440
1791
8273
229
2103
1844
541
1029
2855
2013
5699
8943
3747
6806
849
3459
1848
2237
996
568
4821
4437
4369
2856
4482
5410
4772
2819
2647
222
2835
8871
854
6031
5942
4039
4515
3698
8654
6970
2048
4854
1267
6056
5473
2062
5603
5941
2656
5684
2153
6552
597
592
4491
25
3700
3127
3653
7762
6826
7160
1532
7177
702
3165
2268
8362
6498
7827
6863
3011
4203
960
2467
3819
4886
1684
7381
5107
1658
955
379
1223
2059
7195
611
1982
2174
5247
2536
2516
5521
1921
4062
4508
2609
300
1878
4720
6180
5791
7016
4555
4139
1916
806
1969
3213
1837
289
1701
2659
1922
2084
4155
401
1660
1431
4035
1298
7347
3294
2505
6816
1588
5146
6276
1234
1914
3111
5926
7038
1566
5498
66
8899
3040
8777
34
695
2180
6452
5597
2504
2446
1253
3324
6525
4079
3207
2310
2144
3421
1242
4703
1676
526
5909
4998
2579
6460
5177
888
6958
1731
148
4748
7743
7142
1296
7186
1433
464
360
11
2000
369
861
3192
6624
667
488
1359
1162
8044
8019
4658
1920
4458
2001
7236
8636
2840
653
7766
76
3594
5952
1777
614
2011
2007
1279
6935
6211
7456
4135
4809
5729
5527
3015
4534
266
364
6571
5562
5955
190
733
927
709
417
5938
6561
1892
1563
7135
7439
65
976
4404
1941
2706
100
2661
6404
1938
8003
5222
451
6628
3320
7919
8502
5134
2073
8963
6800
3889
1894
606
114
3604
1717
5619
845
3563
463
5568
285
3706
573
8783
2791
3457
4084
4925
7583
6077
454
4171
7748
1463
1311
6355
2966
5833
711
2782
6416
427
2240
3763
2606
484
418
4681
1414
3981
3281
3221
3210
262
1292
6322
1422
3627
4550
1657
556
7107
5515
1201
1199
391
2212
5556
5538
153
4073
2397
8665
6408
5
6305
673
4278
2067
5008
3983
6314
4088
6728
7787
1852
3685
6442
2893
87
1472
3869
45
5723
6630
1963
1835
3780
984
5782
2733
588
3572
48
3354
4483
2415
1269
1575
309
7139
422
7831
2624
1254
4673
3665
1719
1165
5151
2130
4210
3309
332
5214
8656
5677
7564
137
3622
1831
2970
1290
6703
5382
6107
3740
2050
3608
6426
7022
2369
2660
5989
389
1642
5127
1354
4321
3386
7204
2272
2887
3702
5372
3106
599
5846
1132
407
872
2486
3251
6612
4690
5475
745
2186
6559
1924
7786
3707
3875
7944
7698
8833
7587
3924
3263
6932
7445
8840
4639
8462
3928
3417
2139
8808
4610
4731
3913
2250
5585
5404
6721
1100
6503
1246
1178
697
1126
8199
1739
1983
4158
4992
2530
6591
1024
4503
3939
485
5012
1621
4101
800
1
6143
5470
8263
1873
708
4561
1974
8920
1352
60
5689
2173
2468
8121
1270
5096
2261
3675
2337
4818
6156
540
519
80
1870
3174
1154
195
3963
279
6367
295
5198
504
9004
3441
2263
2247
2622
94
9001
6148
