item_recommendation
25737
7541
7872
8327
401
8117
1580
1562
7613
8571
1111
8183
8207
7697
647
1711
2159
793
7669
1120
8360
1788
1535
824
1513
775
2200
1523
1145
7560
7914
3133
2605
828
5410
2832
1404
8447
7802
1076
1652
5765
2779
1552
1816
718
2243
2745
7437
3150
405
7478
798
1744
1320
820
5556
7282
8093
6073
8290
2935
5597
1707
2668
6365
678
2686
813
2128
387
5515
8522
121
5538
1073
8261
4246
1196
6211
1317
1783
5980
4600
2761
1549
8225
7738
1739
6195
6154
5772
1767
1437
1040
7649
1472
6091
6395
1777
816
2236
818
3066
1779
714
626
1696
1099
1631
2445
5498
1721
2681
1608
3377
2786
8033
3081
685
5742
135
8848
4550
2282
2227
875
6579
5689
2031
2912
213
5177
1003
4911
4649
7782
1873
2835
4731
6493
5038
6178
1819
1870
4703
140
2219
6850
3232
7976
778
57
5315
8420
7407
2327
5269
5784
980
8253
8403
7636
5470
707
3051
1667
480
7245
1657
1515
2966
7228
3587
3408
5729
4262
8056
5159
2300
1507
8998
7121
2741
6970
6355
1171
7272
3060
7728
750
2427
2231
3152
463
5198
4088
1931
8743
731
845
1046
6658
984
2504
7809
3086
6140
599
8070
1891
3489
854
4873
2565
144
1264
5666
3780
2275
1425
733
1479
2203
2981
4060
603
1453
4458
885
858
299
3238
2699
2633
808
8477
1880
8003
8772
2596
2766
3019
891
348
2462
5662
1592
272
5254
1325
1256
5791
229
1957
1079
178
1180
928
1238
2012
1237
2244
852
2916
2918
1861
502
1542
117
2671
2919
2920
1984
3148
290
471
3166
3070
3069
1461
1356
2810
1347
2206
1304
1415
216
3053
3063
2889
2921
2016
1366
514
5825
5092
458
2297
805
2967
5312
879
7394
194
3334
1168
1373
2877
574
2002
2734
4748
1392
2917
1852
3936
7260
4241
5398
1831
1161
1954
1286
5443
6408
1812
1036
8596
8499
3021
2399
1715
2866
1274
2959
4673
7139
3434
6051
4809
3608
7020
1215
1894
1699
2481
764
1419
1639
1759
3653
8722
976
2304
5139
6458
1053
5808
3868
2815
3668
3018
659
1272
1147
577
420
1730
1059
1693
2839
3281
6918
2379
4577
1255
8451
597
2615
8899
1840
592
1236
4366
464
2696
1644
8385
3146
704
1363
3134
1204
1186
2364
2715
2789
3177
918
2074
3042
3147
161
1226
1063
1080
1233
167
2403
99
2393
3068
2922
1616
2215
1388
510
3005
2285
306
3211
1971
8777
186
3165
1441
2325
990
183
3292
2546
861
222
3168
162
1844
4515
3235
1529
507
5069
3140
5699
986
2130
2204
561
1191
5193
7881
960
2207
1123
1620
4945
5985
6547
342
2486
2507
7444
2350
8604
2858
303
6405
1277
8795
2937
324
1997
1841
289
278
1969
2769
47
1959
2272
4802
4139
6148
837
1085
153
1184
6404
945
2784
7720
2342
2013
2429
3071
1972
5288
2046
1218
7492
1246
4696
2386
8636
834
8675
209
8943
3016
5395
4440
3006
95
3889
4634
338
4462
6768
896
3975
709
6636
2062
3011
2946
2634
8121
5114
541
888
2843
2995
3412
5768
8580
2485
1833
5134
4765
8187
1660
1909
5404
690
1979
4223
3977
1860
829
6077
4284
4920
614
1686
3516
2956
741
7932
5684
5787
5182
1791
3213
5715
7171
2155
7340
7995
6498
5087
84
2753
66
2467
1575
836
573
8273
2625
7878
1726
656
2043
2986
2521
2117
2975
547
2545
3794
1125
3354
476
1095
2809
6476
4383
6390
2120
1690
5372
5723
1929
2990
2139
4273
1900
2439
6800
1354
129
2372
1728
4709
5264
2039
5224
869
526
1401
2687
1689
1130
745
2011
1020
6279
4290
4051
327
872
2572
2983
2582
3349
4638
3819
1444
2505
1310
2091
8684
3483
5186
1135
2600
5655
8903
673
8154
2613
5777
1688
1771
833
2186
2494
2982
519
3007
5675
804
1554
4296
8629
6422
6260
513
2459
4818
2305
2478
5853
1422
1934
243
1951
5202
2627
4740
1077
1653
8807
2620
372
369
1848
360
2704
4654
4956
1586
568
6902
4166
1640
2149
6571
1361
907
131
2594
149
2146
11
5846
3643
211
2772
6803
6690
2306
2499
8591
2465
6525
2976
991
1150
151
2560
1750
6473
1033
1878
2212
184
1794
7979
5352
1345
1449
1701
7934
1339
2513
671
4570
2284
1921
1938
2927
2178
2134
1804
1128
1263
1837
1297
1206
5705
1353
7789
179
2676
5553
2708
2237
9012
3404
6985
905
735
5413
94
6974
6037
2067
491
4960
2085
1796
2448
8336
3106
6856
2078
2563
700
2820
4316
460
407
1566
3543
1497
370
68
3041
137
309
4495
1645
4885
46
2197
1165
5707
52
4055
3879
1423
8136
8376
281
4511
2397
1240
2107
2516
201
3163
7577
7250
5544
4716
1341
3368
1482
3044
1746
520
702
366
2669
3129
1225
1769
769
3015
3421
291
7177
665
5718
2090
2174
1104
1598
4921
8410
5101
1970
1940
8019
2800
375
3882
71
556
2567
567
3370
4774
1925
589
2295
7753
8157
270
1821
3857
3040
410
333
4865
42
8853
5282
4947
743
2939
1428
8957
374
2528
2116
2138
2548
4584
3128
353
2182
2193
5010
7938
110
3064
331
6446
1588
2647
156
5348
1545
2649
5682
2689
1200
3551
8142
81
41
6484
6793
2624
1066
7919
558
4795
3552
3398
5539
1151
5047
5540
4655
4664
4282
5043
830
4823
5638
4674
4214
3520
532
4516
5501
708
7115
782
1642
357
8542
2726
34
1029
5033
5117
1464
383
6121
5179
5414
1431
1603
1876
1858
1903
328
1665
3316
934
105
4815
893
4572
4399
437
1914
5417
8970
2697
4464
6238
921
4381
7083
7101
5255
4459
8196
5111
5366
4975
3679
3673
4767
4749
4175
4745
8584
3695
6332
6250
5057
7815
6936
5231
5694
2106
920
3664
3771
8528
1610
5300
3943
5299
