item_recommendation
25737
8327
7541
7872
8117
7914
8447
7613
8571
8360
7697
7669
980
8093
775
8225
8522
1003
8183
8420
8154
401
8253
285
960
8070
647
8056
5264
976
8235
984
535
8661
8403
745
8207
8761
5008
7802
1515
1907
8879
741
8033
6579
7560
858
888
718
8977
45
3368
1816
526
7938
1812
48
969
1046
4809
8003
7782
8910
7636
6365
1562
2935
7282
7649
626
1744
8859
4821
880
7186
695
7753
733
1472
8684
8290
479
8899
1040
1053
3232
5159
885
1288
793
2300
8589
731
986
4550
5410
7234
1771
8385
7437
2769
4437
101
2288
1523
1777
7728
482
8477
7619
6091
951
1767
2605
7407
955
8961
828
8743
4076
1125
870
2374
1580
2659
472
2772
4731
1652
3324
8633
6550
2427
1317
2236
196
232
5198
129
7738
3889
1012
3235
5117
778
953
2212
1099
872
5723
1870
6509
4649
3632
724
2155
7394
4427
970
2686
1042
263
4984
3377
915
4658
2843
1006
1513
5597
8777
5772
2937
1696
1020
498
7293
7720
6609
6195
2780
3816
4782
725
1013
798
1059
5980
1721
3608
4740
4577
2687
6318
2668
8699
735
1187
2793
5372
816
8484
2340
205
5787
746
2761
8654
4584
6728
5515
140
5538
6630
990
15
685
89
1702
869
659
1959
2688
1004
5312
637
1844
4941
266
4873
1624
4638
8268
1060
3387
5556
1367
1997
4432
962
1783
3188
2399
4366
3799
213
2546
1024
3051
964
3211
135
1021
2146
1145
899
34
6826
1831
7478
4795
994
1087
485
785
2798
8665
6918
2521
875
171
3093
2284
981
8387
29
8865
2159
824
656
2078
7316
1804
2062
1581
965
4885
5588
6835
1739
881
1507
8410
3408
8388
7577
5413
4414
1876
141
6390
4963
1437
5611
1531
1104
844
9010
7583
2334
5440
6798
327
5498
8920
2186
268
1676
966
2248
3150
3428
2570
321
2120
4188
2982
1209
1556
1010
8864
1428
6207
2815
1057
275
2383
1750
4375
1819
8239
2976
5161
1026
3113
3863
2689
1636
1612
1688
6178
3751
1184
6493
5097
8169
3479
2434
8799
8831
8609
8228
8927
8133
3761
5840
4238
8525
3615
6566
7155
8612
4632
3639
8712
8620
8392
5122
3344
2154
947
968
1132
4161
8167
2344
945
2231
31
8261
2478
4603
6970
1147
6885
2494
4515
4177
4162
3028
6521
6748
4846
4801
419
2442
840
2398
7757
2730
1582
957
1810
3584
8157
6862
6436
8492
2504
2572
2786
4024
1834
274
4246
1715
6104
276
1608
3854
7096
4761
1401
4511
113
1111
2925
1320
423
2802
4634
2440
963
3152
748
1352
954
998
2581
2548
638
461
1286
3176
5909
1852
3210
1018
8008
1779
2415
1032
6832
4458
7976
5315
8667
3431
1030
2801
522
1037
79
2458
5069
2385
5226
4987
1028
4600
6410
1707
348
6073
2497
162
2981
4703
2407
6140
4861
3402
2582
2983
3213
244
1525
835
8903
3668
8772
1639
8670
833
3655
2335
2496
1066
3157
2433
1330
886
866
1894
2227
2082
2741
2241
5186
764
105
2368
2204
1394
742
2600
7932
1690
1120
422
4923
4316
1788
893
2866
8482
700
912
3163
5
3417
207
474
1225
996
1631
8580
2200
1196
5952
5139
3081
5834
5605
3194
202
1135
938
2327
2342
154
720
6559
372
1980
743
4262
291
6502
407
8998
4228
189
2835
1363
6536
5968
2829
8574
4830
4678
2404
2966
1101
1017
9018
2630
2624
144
3649
8819
3489
1078
4654
5765
991
2752
5087
2183
1161
1973
2609
934
2709
7011
531
6774
218
8709
2090
8376
8136
2038
3875
2577
726
3869
3604
516
1951
2766
7705
4255
2900
832
7208
4911
219
4673
1092
973
1711
6314
7818
2770
1841
8689
961
155
2892
2832
8827
439
673
3522
2439
6612
4420
7263
1535
8614
5365
7748
7759
7789
2775
3134
2074
1186
2403
3147
3177
2215
167
1204
3042
1616
1759
99
2922
2789
510
2596
2285
1080
2715
2173
8722
8576
753
3086
2827
2506
527
707
3296
3702
4404
4920
8451
1063
1233
3005
2364
2393
1226
161
918
1388
2633
3068
306
704
47
2347
5971
3543
7764
507
8781
2745
2975
100
322
360
2704
7786
848
5888
1218
5899
4016
6440
5164
374
3354
2252
1730
2779
3759
8187
3125
4555
1518
5053
667
3307
2858
7219
719
4135
5662
6624
7995
2617
6223
2325
1569
28
1873
405
4282
830
5092
4516
5043
3520
4214
5501
5539
5540
5638
4823
5047
4674
532
1151
4664
4655
278
1440
3500
2674
201
688
2985
2669
1380
2457
6446
7064
5449
4401
3868
3127
6400
6791
4079
3438
2628
780
5460
3805
3587
2660
2651
1598
2621
1014
5177
8642
1192
16
2792
2753
5414
5055
2232
5017
6902
1034
861
6686
2396
8422
2634
1358
2310
4101
3359
1508
2727
6116
4391
41
95
7228
6703
603
1991
2052
2500
5246
4844
1626
2021
333
8499
4251
2091
5033
2425
782
2429
6525
2860
302
2118
222
1404
2809
8596
6932
8462
7587
7944
3263
8840
7698
4639
8833
3924
7445
3928
3707
2046
2710
314
454
7771
2799
3199
1103
3071
1972
8453
4748
9001
2465
2956
7817
6744
3268
3882
3819
6777
6243
4191
1796
1549
5655
5810
27
7831
6547
4417
3795
3978
2366
1824
1901
2202
1019
7115
6535
6731
3024
2534
4976
8984
5882
4814
2819
2128
4765
2039
76
1493
1909
1197
1008
1016
1517
1978
4006
640
4027
4495
4415
4042
4402
6427
6892
879
7792
1085
1726
1130
3758
5745
2043
7487
8507
2243
3388
1175
2473
599
4802
810
1966
3006
6211
786
1801
2207
156
3218
204
1449
1429
3871
3646
2507
6237
8131
7020
1453
94
5080
1305
1794
931
5021
1752
7107
9004
554
313
6977
53
5735
2649
1552
4837
6985
1839
558
364
2097
7878
1438
1079
801
121
3357
6405
1272
7809
