item_recommendation
25737
8571
7872
8327
8093
8447
7697
8360
7914
7541
8056
8385
7613
8117
8253
8070
7802
8033
7437
7560
8290
8420
8522
7636
7407
8225
7932
7738
8477
7669
8684
8751
7394
8167
9018
8235
7649
7976
8008
8154
8819
7478
8003
8661
7728
6636
6365
8183
8187
5264
7130
3232
7782
6658
5159
8665
980
8654
4920
8709
8207
7995
8670
6850
8879
4121
8745
5909
7263
6748
8491
7753
8511
8961
8761
8482
7840
8998
6643
8810
8604
6559
8410
8403
6195
8039
6676
4782
6920
7234
7502
7186
6178
6669
960
5296
7299
7228
6918
6498
7121
6579
6650
3368
8499
6832
6728
7938
8589
6091
4584
7705
6624
7293
8827
4821
4552
6609
6892
7577
7817
6739
5017
8743
5980
8859
5164
953
3869
8772
3235
6703
5926
3281
966
7204
4391
7820
3816
232
7107
955
7171
7444
8977
8979
8616
7160
8650
7766
6856
2062
8864
5850
8927
5012
7099
6143
6550
5458
8169
8633
7481
4873
6877
8596
1046
8014
8451
7245
2659
7415
5815
7222
4437
5473
6999
7192
7195
8725
5947
6207
4936
6521
6582
8261
7990
6791
2268
8362
7492
5433
6721
984
8892
7827
6863
7456
4886
8607
8625
5597
7786
8695
1523
6690
3668
7831
7897
6826
6993
7888
5723
3188
1024
7458
7325
8807
2374
8453
7789
6162
4194
6568
8730
8910
7439
6591
5611
8899
1744
6390
8675
7272
6355
7892
7016
5117
7619
6276
3163
8903
6254
7022
8507
6662
5936
7809
2935
7487
4941
4809
8718
9004
6077
3632
6927
7818
4432
7380
8848
3996
8777
5839
5046
4414
695
7748
6493
775
8866
7881
8484
6535
7484
6695
6552
6630
6383
3457
8044
266
8871
4577
3515
7826
7135
5025
3698
6970
5033
4849
7585
3467
7150
8813
7812
4090
8915
3266
8057
3038
6378
4688
4848
7136
6977
8254
4135
5558
8131
6981
8984
8191
7720
3324
7316
2860
7282
2647
5693
3250
6762
7161
8524
5801
1408
6562
5888
129
7090
4846
4168
5489
3127
7096
8854
1676
45
4188
5832
6811
7566
3587
6440
745
5581
7250
5008
1562
5942
4369
7583
4491
8531
8136
8376
6367
6000
5857
840
4039
8009
733
5603
5521
8614
48
8228
970
6348
969
4366
6536
8617
8943
6641
6314
2212
3492
3997
4079
7189
3875
8950
6370
4292
4811
5900
1824
7845
6415
8948
8908
4692
7044
7584
2941
8526
4020
7878
8914
1590
7759
3420
4761
4885
8699
6880
7142
3176
5378
6751
3752
7311
8341
6318
8700
4605
2704
4738
8239
5210
4927
4482
3804
8600
7347
976
2144
8530
8636
8857
6684
5765
6760
3882
526
6565
6502
6957
4146
6612
1437
7034
189
1472
4171
8620
5873
5125
5809
285
3364
2340
3660
6400
7038
5729
2173
753
2344
954
3981
7757
4002
4686
4731
4658
5134
300
659
6628
3751
1003
5291
6724
6961
6954
2073
4229
4550
6803
8609
647
912
6816
7894
5534
4984
7958
3643
3693
8575
3213
6223
6944
3310
6123
7211
6840
2897
6148
6932
5387
7624
6339
7055
4375
6021
5329
4177
3417
4076
6114
3646
1569
5923
5470
6116
5440
472
8462
7352
6426
6885
6966
1844
3441
4178
6203
4155
6073
5478
5825
8392
321
8808
4162
2367
3553
1466
8840
7944
7445
3263
7587
8833
3928
7698
3924
4639
3707
957
2660
8542
6743
7011
6503
2227
5772
4359
6154
6509
1352
5304
4081
522
1804
3845
6056
5787
4051
1907
4394
188
4404
2959
1212
6322
2981
5965
4911
1288
626
6166
4632
427
9010
8642
5952
3608
5971
4290
7126
4251
4923
2583
3207
2310
5619
3604
858
1816
3428
7089
3895
7381
4262
8781
4368
8574
3028
3927
9001
3247
881
2617
2371
2594
2366
5226
263
8583
1281
5588
3560
7771
4603
3795
6416
7792
485
3251
8722
7787
4161
8689
3320
2404
8667
1767
951
3863
3714
965
3351
8712
4238
8799
8831
8612
8525
3615
2434
8133
5840
3639
3479
6566
5122
5097
3344
3761
741
8388
1476
2605
994
2772
7155
3920
100
5810
7841
3093
7743
7979
2038
2236
5569
4515
8643
5568
6442
7219
6798
4555
678
6777
4638
3307
6242
2997
7177
731
1864
2214
1057
4925
5127
2433
6686
888
3843
656
7569
7208
8194
6862
6031
5101
2167
4840
4801
6731
2531
8865
3197
7078
2780
4420
5585
8268
4321
6404
3431
1209
1193
3655
4895
3871
3508
6132
2318
6964
1810
3379
1145
6283
7762
3113
1531
2288
3377
5530
2782
2415
8404
3292
5662
8783
3503
6412
880
8920
4031
3217
7051
7254
1006
2516
492
4854
4427
5146
4024
2437
2622
7115
4148
2478
2799
3983
7627
1812
6547
5515
288
6835
7936
711
5833
5021
4666
7036
3653
3970
1125
431
2631
4765
1154
1378
1794
4600
6718
5968
4181
870
6615
4114
6107
990
144
2457
3622
1020
2368
1211
3702
2418
3718
6298
5410
4417
1992
8580
196
2300
5548
2900
5065
4878
4987
3819
8387
1016
3201
4153
6375
4355
8016
6395
7303
2394
5449
2059
3427
4696
101
5699
4792
1515
2506
2496
6294
1771
3973
724
2396
1187
3210
4837
4861
737
872
4844
1973
6744
915
6617
7844
7355
7843
6185
7706
986
2775
4166
6867
1004
5475
3157
2407
8727
2241
1135
5080
2004
5812
3512
4000
6646
996
2668
2400
6735
7343
1060
5882
561
1862
2826
4486
5168
7101
2824
5808
15
3978
7340
6953
3010
1380
1535
6713
4814
4142
3963
735
2621
1021
3810
6140
407
1029
4392
4560
2779
3438
5553
5141
5434
4139
3478
5834
3534
205
844
2346
1225
8629
6530
6958
725
6985
3190
5121
5703
1012
5165
6156
5618
432
5605
6513
6571
4101
3268
76
6757
3194
4709
1696
4691
6446
6084
828
2476
4830
7147
964
6995
8790
899
1013
1876
6157
3868
3540
5108
1365
2686
720
2402
1581
1948
3394
6869
5917
1240
3173
6942
1370
2401
3799
2558
7180
8753
3953
3710
2982
7020
8157
4235
1317
5954
2709
535
