item_recommendation
25737
8571
7872
7541
8327
8360
980
8117
775
7782
8225
8093
5515
8743
7697
8183
8447
4550
2659
7560
1513
3324
733
1003
8859
276
8899
4731
5159
976
8253
731
986
275
7636
8596
7613
6970
741
745
285
960
7234
3188
479
626
274
4795
7938
5723
1523
8420
8290
8376
8136
3875
5312
7669
4830
4316
4649
3232
2647
526
8207
5186
1831
266
8403
844
517
8154
4584
5198
3816
8961
8033
535
7437
1907
984
8522
6154
5729
8661
6918
48
735
647
5410
5742
1515
1507
695
2769
4076
4577
1812
3702
4801
886
888
4437
6826
129
7186
858
951
2300
4941
171
724
2780
45
953
659
8462
101
5765
5008
8772
1870
3368
4821
2605
1006
7831
969
964
461
4873
4246
981
7881
7204
401
6728
7786
8879
472
3417
725
8499
2798
4171
3127
1437
4923
8998
7649
1288
2660
963
1132
3194
7263
990
8709
968
3668
7587
3263
7698
3924
8840
6932
3707
4639
7944
7445
3928
8833
6314
1624
1053
3307
3235
4079
6073
1161
7888
232
8385
244
4101
9001
6260
5597
7038
1042
8642
1017
994
5768
8665
1771
4740
4153
6612
4638
5662
7914
4366
1021
4936
2496
4251
1099
2415
966
5715
9012
5853
8636
7878
5675
8591
5288
3649
2288
2982
205
955
1777
4404
4401
1135
5810
3377
135
8070
3759
6902
1744
5346
5053
2688
7728
9004
6243
2772
5611
1631
2617
720
3795
3358
6630
1060
3218
6091
485
4987
4228
3357
3428
1517
5375
2622
5161
750
5449
204
4696
2880
3784
4861
929
3262
3892
4643
4888
3159
5199
719
1317
5834
8261
7126
2639
3251
3819
4016
1004
76
896
4895
656
3714
5909
3575
893
5117
492
6178
2696
2796
5585
2385
2418
7894
3880
1008
6355
3604
8689
8920
2062
2912
6609
263
5282
5689
802
482
3086
189
5365
8580
1030
3456
938
7407
1024
554
3210
7792
2937
474
423
1834
748
196
935
784
2516
1026
4765
7478
16
2347
1057
912
2473
8882
2686
1046
947
4642
915
1581
4045
3028
5177
4262
322
2689
7245
7753
8654
6390
2976
1352
786
5630
5335
3521
8410
413
3489
5968
5055
8914
3408
4111
13
6985
5254
2897
793
5165
608
155
2394
4563
5666
885
8275
869
2829
1013
5470
8604
6493
8848
3351
5139
7802
7260
864
6835
1394
3359
870
1307
2799
5356
1187
4680
6774
1767
2227
4190
8003
8720
4432
3805
3256
1101
2478
6195
970
3402
31
2467
3113
5556
3936
3334
5038
4241
5398
3758
1088
6579
5625
2374
1111
499
5808
2154
4844
6744
2458
218
1020
2669
4803
2407
5323
6498
1562
157
3207
3540
1301
5443
1012
961
6751
2366
8453
881
2900
3869
1147
8777
875
2513
1690
1014
965
1145
1125
2212
8700
4255
1047
34
5672
6684
3926
2621
4162
380
973
2331
1526
8699
2248
4911
144
6676
3852
2241
1438
1209
1525
2340
2546
916
4876
6404
15
5473
5275
2687
2440
2770
996
6803
4727
1836
3522
3199
7619
7171
6858
6436
4033
2497
7809
1059
4833
6186
6408
6678
3173
5839
8629
6547
5936
5324
1331
880
2801
1472
3394
7394
407
2694
8923
5815
448
2892
962
1235
4718
746
670
4440
3388
833
4349
498
5103
2500
5735
937
5655
5952
2517
7502
6143
3093
4976
6760
1358
29
638
2961
6896
3882
2956
988
714
2581
5641
8943
3157
4568
6365
268
4312
1429
7254
1037
236
5710
5752
260
321
998
1040
6513
6832
8008
5285
5400
1582
2775
828
214
7748
5243
3693
778
1225
2534
3709
4417
1419
4354
6047
201
957
8199
4450
2981
4420
8670
1476
3034
892
8607
4414
6294
2741
1508
1518
1819
6963
5699
141
8542
6121
4263
5572
4980
1501
6706
8640
3401
5772
8589
6225
7771
6768
6211
5171
954
1590
4809
6114
2078
3584
6375
931
337
3238
8807
1192
2236
5363
5732
6422
4885
7180
5168
5080
3804
5315
4293
475
5538
3656
111
1985
5588
1474
3730
3101
4569
4029
1367
2404
1580
7195
8142
7282
785
1739
2184
6645
2186
865
6920
5193
4105
2640
5690
8130
8872
5517
7702
8123
6060
8785
7198
6800
5746
6718
5001
5002
6732
7078
4104
5003
5686
6852
7063
5685
8966
3654
6464
8524
8949
4477
8366
5700
8371
8372
3491
3497
3499
8955
4832
5696
4994
8423
8197
3611
4889
4677
8158
7153
6342
6584
8147
6341
6432
5056
5004
4929
5940
6331
6105
8921
5577
5795
5170
4300
5667
3825
7419
8768
5401
8838
7309
7822
5836
5826
7346
5796
5680
7357
7791
6887
5670
3284
8828
5684
5678
3957
5847
7235
8582
5034
6851
5736
5373
6754
8672
8610
8985
7947
7017
7919
3096
1346
2009
3125
6035
1019
3632
1050
5462
5518
3848
2441
291
3854
4532
1092
2809
8477
2651
3241
4736
6892
3160
753
522
5466
2368
4686
6470
3735
6521
100
5218
2004
6827
2792
1236
1617
8835
8138
140
3216
4428
4834
7012
930
4999
4095
1032
3156
3253
3753
5413
1668
1342
4391
154
1497
944
28
2966
872
419
2335
5498
2493
2817
5489
1479
2985
1901
1104
1531
267
7208
5203
7738
2681
6395
3889
4600
6286
1839
105
3608
2668
1822
4654
2442
3430
1173
999
527
6232
718
5
1980
6636
3325
1374
1750
4691
1805
350
5269
5784
2815
3959
2183
4703
2082
5182
5419
2504
4984
6530
4658
41
1281
3851
7265
1049
3500
6279
840
2173
2573
6123
848
2339
207
585
2793
923
788
5843
6116
3292
8638
6533
1844
3860
6981
7764
240
5693
8451
93
3799
2202
5085
747
237
2295
3801
126
553
50
4634
7034
742
3152
6296
5960
2853
2582
2983
1794
1816
4673
8751
3587
945
3081
1363
6234
5971
5017
613
4585
2433
3024
8977
700
8761
89
694
653
501
2383
3338
1078
219
1500
1863
3495
692
6658
2570
4878
4427
1137
