item_recommendation
25737
7872
7541
7914
8327
8571
8360
7697
8183
8447
7669
7613
5410
7560
8117
8093
5515
8207
129
3232
140
1513
1145
1111
7802
407
8225
7407
1523
8522
7437
5264
2605
8420
5198
980
8070
4696
5489
6195
8056
8033
4262
7782
4782
3604
4658
2686
8879
5597
4809
3292
647
6579
4600
8235
2227
314
1562
561
8253
100
1767
1744
7636
775
285
3235
4316
321
401
1120
5177
3522
4830
48
8154
526
984
4399
8261
3210
4795
8403
5765
5033
4246
6850
3723
7938
3086
8290
8003
7649
4290
8385
4342
4273
4649
1003
341
2283
4284
8684
8661
1777
522
3608
741
1046
3563
888
6658
5772
4349
5470
7932
3751
266
4731
8477
5556
6073
2966
1535
793
7121
3996
1288
5588
4638
3843
840
6636
2504
4524
5312
955
2212
5008
3587
4550
4079
1281
2659
1525
1135
535
4645
427
1826
4191
5114
7995
5787
6154
4634
4380
1907
8777
3354
6498
3368
5159
4920
1580
7728
1639
8410
5222
6211
695
4861
5980
5161
422
472
7619
4577
1024
4414
8977
1590
7809
4740
3635
4821
8859
3547
3565
4274
3626
4338
639
3450
3270
4197
4184
4337
3252
4291
2693
940
4036
3619
3991
3976
1293
3960
4268
1794
8761
7478
626
1771
1812
5909
1870
6091
3238
3632
2935
8899
1711
678
1515
4051
3324
7282
4584
7444
1076
990
405
3854
8699
986
5134
6178
6690
5202
3388
745
5723
5498
2300
1004
4625
9
2089
4727
4404
5689
7263
7738
523
3575
7394
1320
996
5538
4911
1352
2236
3745
1394
7293
1187
8743
6676
232
7878
7976
5427
5715
6365
3428
6970
4437
8722
4632
7171
3194
7753
3816
474
4076
4941
7130
3285
3859
6493
6395
550
7272
7228
6056
8169
733
1816
8772
8451
1970
6355
5742
2496
615
6856
498
8903
735
1221
2688
885
7234
1437
3430
2779
1031
2340
870
5182
4088
7245
3357
6207
4703
8228
8620
4801
45
2642
1161
4748
1026
4873
951
5352
496
2494
828
6509
8927
3377
875
5
960
2745
7979
7720
1980
5269
5784
4168
8810
1380
731
2829
3402
5729
2976
4987
282
2186
7757
8910
2241
5464
4771
10
1819
5315
661
2318
2912
1057
5193
2415
5053
144
966
778
3852
8848
953
4255
886
816
981
5825
1707
3770
4339
3160
969
1788
6669
1472
659
8187
1476
7583
7222
101
9018
2937
656
881
1331
7254
6404
3489
4659
2769
2441
5666
5398
5038
7260
3702
4121
8499
872
2062
3127
5346
6000
1030
858
6077
8943
196
423
1060
3188
2780
915
4033
2647
3649
4680
4728
135
2807
4333
4977
4676
5463
4662
4954
4640
4612
5483
5342
5302
4636
5637
4627
8604
531
2752
3370
3687
2465
5236
5265
5364
2149
2570
2669
7011
2687
4519
6918
2288
3615
7155
8239
3639
9010
4238
5840
2434
8392
8133
8864
8612
8712
3344
8525
5122
6566
3479
5097
8609
8799
8831
3761
4945
4375
1404
4161
861
2801
1552
4885
4923
3759
5288
4603
4761
5433
3863
3334
8157
1631
4626
6390
4101
4401
3113
5186
2243
1125
1020
4394
4605
4673
7316
8633
8998
1132
3763
6140
3845
1310
4902
3024
963
299
2798
3869
268
798
8387
8865
764
5611
5139
5254
3936
4241
4886
4515
7888
5662
2772
8650
8362
5947
2268
6863
7827
6582
7492
6121
7577
1726
4166
6473
4837
3913
3133
1131
2385
6559
1287
718
6279
8675
8596
3871
6243
6927
2214
4016
2609
3093
1652
8388
5348
332
6728
4391
231
2344
1053
3920
1055
1739
1006
5808
5117
617
2497
5891
4263
1864
344
1255
849
4614
2468
1508
4194
2722
2546
5413
3574
5675
4366
4458
2689
1831
8667
1507
6552
1569
328
6322
4933
2352
1891
1021
4024
5655
3691
6902
742
5443
3668
5440
2793
6832
3408
2493
1295
4420
6760
1880
5282
3262
5375
3784
4643
3159
4228
929
3892
4888
5199
2371
2880
724
714
1047
880
2531
2639
970
5458
68
1013
303
4383
3152
4511
8914
4709
808
4803
5641
7748
8336
6405
1844
5438
6166
8136
8376
1499
21
1702
6826
2231
454
2490
3889
700
3521
6318
4319
4162
4177
2700
189
5319
2696
1701
1397
5791
1073
520
964
1624
5585
3895
412
1612
2195
8751
499
6276
8167
1453
7204
761
7115
2892
3258
408
4865
2796
8511
3780
1346
294
4936
1901
6143
218
302
994
1410
4310
1272
5055
2676
2982
4066
485
8636
4332
1900
7139
4984
1240
2159
8795
3213
4278
1769
8819
2817
2366
6885
7101
1270
1354
205
176
1779
6877
3081
5065
2442
447
7881
7789
4046
1017
3431
3875
2981
5069
3456
954
183
835
3655
263
6408
3358
6032
5718
2567
2379
1516
5246
8629
1676
2770
227
6446
2860
123
4802
3487
2398
2732
2295
7020
2533
7110
335
2754
3438
3066
2799
6051
5768
5853
2248
2710
4992
1482
5518
420
3434
1517
7439
195
820
3150
7016
5815
2741
3758
7250
947
5377
3254
1821
2082
1112
3404
3338
3281
7177
8607
3857
7831
1257
2681
1393
6706
1009
1721
4135
3809
2003
1581
3775
1836
6571
864
2929
1147
6896
3239
8957
5846
5462
1575
2173
3457
8273
1209
3676
5365
3116
3475
1783
651
1549
2985
5341
1154
105
1019
3140
15
5777
3398
3552
8807
3268
1298
4833
4552
2311
2130
1670
5025
5012
3690
8695
1497
965
479
2448
1657
3656
324
4859
5473
597
7840
1253
3284
3675
5527
2459
14
650
4486
1041
480
374
2730
1690
5372
5164
2883
8524
1292
8961
113
1996
34
121
1866
3584
2457
869
2815
6367
957
6822
2374
5422
2013
4976
1290
1340
2404
4296
1099
28
4386
8709
845
2473
6375
3221
3412
4642
5735
8591
6260
2726
2483
4901
4774
8827
725
4531
6148
1463
2794
1077
76
938
2727
3786
832
16
3474
3955
7186
2128
5017
5684
419
8654
1
5850
1798
482
202
