item_recommendation
25737
7872
7541
8571
8327
8117
7697
8093
8183
8360
8225
7613
775
8447
5515
8290
7560
7669
7782
8403
731
1003
1513
7437
5159
980
7914
8899
8253
8033
8596
8207
1515
8743
6154
8772
5742
4550
6970
5765
6073
5723
741
8154
5662
5008
5186
8499
2659
5312
1507
1870
745
733
986
3232
2769
6260
8859
6902
7728
8420
7478
8636
3324
7636
5198
7878
8136
8376
4795
4731
6178
7649
3188
5715
3875
5853
5410
976
7938
4316
3235
5288
5675
5768
9012
8591
626
1523
2300
1739
2937
7234
401
8998
6091
1812
984
4584
1317
3081
6918
5729
1831
1777
4076
3816
5597
8522
4740
724
7802
2686
8580
4941
960
735
3347
2605
4649
1053
8003
2668
858
8070
2982
1006
8661
4153
4366
6355
1508
2798
5177
1907
5282
990
3032
3218
1021
5689
2647
7245
8410
2120
1744
3338
6493
5666
4246
3325
4801
7831
6751
4437
4830
5275
951
2688
1147
885
5254
5323
1624
2772
3194
5834
3334
875
8777
5038
2546
5655
964
5365
725
2912
8720
6121
4923
3489
2780
4821
4079
4440
4873
695
129
2696
3417
3368
1288
5161
3238
2976
8943
3051
2981
869
6760
5398
7260
6579
947
8879
8477
3936
4241
8961
1046
3408
8699
2496
2513
6314
8848
1690
5053
8629
6835
3307
2347
1057
3702
4016
7881
659
3759
6826
6408
3377
7204
5443
4696
6728
864
7254
101
2478
8261
7888
8807
969
7171
888
8709
2689
5968
7407
6513
5839
6547
1437
5710
3604
5055
8462
8607
5641
998
5611
4401
8665
2186
5139
5672
893
5772
3584
6225
5808
1580
4101
6985
6404
7186
2504
1004
4727
5752
8056
3173
2440
6047
2385
915
8920
8524
968
8142
3819
4600
2687
8542
2473
3575
6774
4262
535
2227
5936
1187
1750
8882
1631
3758
3402
1581
3361
1771
1017
5264
3649
5363
2183
3086
3359
5980
5732
1060
2956
886
5735
3097
4976
5815
5699
6294
6498
6706
4638
7786
1104
4577
8147
746
3029
5625
4765
3880
266
6630
656
9001
5375
5795
6612
4680
6932
1472
6684
7771
750
4861
6896
1047
6718
4171
2983
2582
1059
8235
3357
1767
4404
6211
6103
2660
6803
8451
1816
3127
7698
3263
3707
7587
7445
8833
7944
8840
4639
3928
3924
6243
8275
1026
3028
3125
4263
3456
7919
748
6676
5466
2288
2741
1721
1008
1394
1192
4312
4420
7078
4228
961
5684
4045
5462
1834
718
5170
5909
3160
6341
6422
938
205
8642
743
2134
3113
8589
5940
6331
2832
6035
6436
1852
720
4833
8838
3284
2761
1562
7502
798
6800
7263
4987
4450
5243
6195
3668
2534
7346
8835
3611
8689
7198
3889
7038
2651
1161
5400
6464
8768
1020
647
6375
5836
4878
4251
2415
2966
7357
5285
8684
7012
963
7822
7419
3210
6768
6584
8640
2383
4929
5056
5517
5667
8966
5401
5003
8955
5577
5678
7947
7309
5034
8949
8921
7235
5373
5670
5004
5685
5686
5696
5680
1617
7791
8828
5001
2441
6390
6645
2184
5572
4718
2548
865
3500
4834
3339
189
8582
3957
6732
7017
8197
8985
5736
7063
5002
3654
8366
8372
8371
8610
5700
4677
4300
5746
8672
6060
4889
6887
4477
5826
4994
3491
3497
3499
6105
2640
8423
5796
5690
8138
8872
6852
6851
8123
8130
4104
6432
3825
4832
7153
6963
6342
8785
6754
7702
5847
8158
719
2009
526
3241
4428
7894
4980
5356
981
1030
2573
7809
4999
2617
5193
3795
2159
3388
2799
2078
2801
786
8654
1042
2521
5346
3358
5199
1819
6533
2935
3851
2880
1980
5413
6286
2829
3159
9004
2654
973
4809
4095
1225
1301
3892
4643
3262
929
3784
1951
6678
1517
6470
2639
4895
8385
48
3522
4888
4967
5810
2118
5352
5449
1501
1429
1135
6296
5218
2835
4349
5085
5033
2482
6609
4736
802
1037
4936
3608
474
6530
8042
4432
3714
2407
4782
1438
4911
2487
5693
880
2786
6744
5291
4105
1132
6232
1012
2796
2154
988
3805
1518
3587
3223
892
6827
5203
1876
2418
6395
7126
4984
2793
7753
2342
1822
1688
3495
2993
4532
3656
2428
285
2774
7293
3428
5585
2770
8761
7272
7619
3140
2545
2458
2572
3256
955
7932
2892
1805
1525
3024
1497
1696
753
218
833
6114
2394
5825
4290
492
2815
3292
2985
962
2090
3521
3753
3096
1608
1363
937
4414
5556
1040
1014
4511
2427
2399
1125
6365
3251
7764
3199
726
1836
8167
5419
2062
7282
2669
1032
1078
5117
5504
2481
1636
4111
105
3882
3780
5335
5630
5470
7208
5269
5784
274
3095
4642
965
3000
7995
2236
3852
5745
8638
4979
7792
7228
2775
2596
4996
8187
828
2465
3211
3157
5518
1367
4981
2622
5165
1788
2146
5135
742
2331
2570
970
6368
747
4462
1860
4963
3281
5553
1476
5134
1010
1783
2581
4658
881
4490
8604
4686
1909
4051
879
2990
3150
2500
5418
8722
5241
824
516
113
2493
580
2494
2082
213
1997
4945
5182
2295
2633
8675
896
2318
3093
2764
5891
8903
4273
5787
2497
8633
762
4284
4033
5489
6279
2866
4920
7394
1959
4298
2567
4933
2352
844
2439
4563
45
1358
8914
2325
5588
5324
485
2897
2188
167
3042
1233
3177
161
3068
3005
1226
1204
3147
1063
3134
1186
2766
2789
1759
2922
918
4354
2721
306
2843
5791
4380
2827
7492
2467
1873
2241
1013
4691
9018
816
4761
3445
7738
704
4803
232
1388
1080
2215
1616
2074
2364
2393
510
2715
2403
99
2285
1500
3646
1526
3926
276
5114
7577
162
1668
685
8387
7976
2046
1084
327
2416
2335
870
4903
4495
3452
1111
4190
3207
5304
5992
76
1235
2699
1428
1730
6051
5021
8670
1145
1024
2378
4645
6148
6636
999
1841
2368
4844
1479
788
2858
6559
2674
8819
2155
1184
5952
2961
472
8453
1152
3394
5167
3751
547
2792
4088
507
1056
4520
793
4417
3006
4247
1209
1018
499
