item_recommendation
25737
7872
8571
775
7541
8093
8327
980
8360
7613
7697
1523
8225
8183
8447
8117
7914
1003
731
1513
7782
7669
733
745
741
1515
984
8290
7437
1507
8253
7636
960
1744
5515
8403
1046
986
8033
2686
8070
7560
5159
8154
8661
3232
735
2769
2227
3235
976
7938
1812
8859
2659
8899
8596
626
695
129
7728
5264
5410
8743
858
955
951
5008
990
1006
1907
1777
969
7234
1053
724
4550
526
888
1771
4821
8410
869
6091
8879
1288
2186
4437
5597
8499
8420
3324
5723
8056
2937
48
1026
4079
232
1004
2798
1057
1020
2772
1525
8522
964
2605
266
2668
1816
953
1021
6970
4658
3368
8376
725
981
285
4731
3604
8136
2496
535
1831
3875
1030
915
401
2688
5198
8003
1739
4366
1060
8772
1624
1562
2982
3238
8961
2300
7478
5742
6154
6073
1187
2687
5186
4290
2385
4696
4740
3188
472
8235
5489
7753
1870
101
1767
6728
828
746
1042
3816
966
2935
5715
4076
7878
912
4600
893
4584
6918
720
2212
963
4404
2504
2741
8477
885
5662
8699
6260
3996
1819
4795
968
1132
8385
4638
2912
870
3522
1024
8636
7407
4941
8684
3292
8777
5768
656
4801
1437
2669
5177
5675
8709
970
5909
5834
4262
2241
5312
961
2801
7649
5288
2415
4923
4316
5853
8591
2829
4349
6902
1497
743
2780
8761
474
1852
719
7186
1317
5729
2440
6826
3702
8654
1472
726
3210
5282
7293
2288
4399
994
9012
7738
875
189
6630
4830
8665
3751
1581
6579
748
4440
6314
4380
3354
5611
485
5033
1125
1331
1876
3668
647
998
1281
4649
4645
786
3113
3281
4153
4727
3428
659
5765
1352
3563
1508
4414
2513
2546
1111
1394
1580
1040
8207
3417
7802
2236
881
2966
1980
2570
7204
742
7831
3456
2689
1590
7619
3086
798
3408
4782
1688
8462
4191
1013
880
3307
3127
1047
8998
5936
1031
8580
3388
2340
938
2347
407
2494
947
3575
2647
1032
1078
2062
218
2799
1037
5839
750
2981
1500
1008
5365
7245
2441
1517
886
7786
2770
6751
2366
3843
2481
4577
2815
4809
6355
1017
1750
6612
3160
954
9001
4337
864
840
3093
2651
2473
1639
937
7587
4639
8833
7944
8840
2976
5588
2183
7254
8819
2342
6932
2283
1501
2438
2660
205
4625
1826
1012
3928
3924
3707
7698
3263
7445
4171
2892
2465
2617
1794
6760
872
4284
4342
4273
5053
3723
105
1429
45
4873
2120
1145
6178
3081
2173
5323
2383
2835
793
5815
957
1010
2398
8642
6985
1504
7263
3626
3194
8927
7888
753
2534
6498
4263
2407
3960
2693
3270
3547
3252
3976
4184
3991
639
3565
4197
4291
3450
3619
4274
940
4036
1293
4268
4338
3880
3430
4251
1690
4936
1631
2897
1652
4051
1970
1014
3869
2231
965
4420
3051
718
5161
1041
3608
522
7171
2793
9004
5473
5968
2478
8720
313
2159
8228
321
3152
2761
8977
8633
2427
7894
6390
1346
2248
1147
2374
988
4984
4162
4861
2548
5585
6243
996
5693
2832
2521
6676
1225
1059
3632
2082
5117
2925
3584
4920
2956
1582
802
2752
1104
2439
4765
8620
1476
3489
2363
5296
6436
3759
8589
3338
6404
1951
6294
3402
4680
8689
3125
1016
4016
6365
1608
5440
2442
3714
8670
7038
4188
5810
2696
4632
7394
6493
1518
5641
3635
3795
7757
5710
1721
8607
2487
8807
1657
5275
8920
2155
2428
6803
5449
527
2582
2983
1493
7316
1636
5772
3150
2506
7720
5689
3852
5218
3377
4432
2600
5699
785
2827
6195
8910
916
4524
7771
3218
5752
8167
6121
2368
2764
7126
1834
8524
973
6341
5055
8142
2493
7792
5672
8848
6706
1209
5787
2089
2352
4933
4246
8943
1019
2318
6774
6509
3500
5666
4976
7583
8864
2802
2621
3334
6896
2418
9010
4375
1367
7881
100
2572
5518
8147
2202
2134
6207
550
833
2860
5134
3284
5291
2573
3805
6768
3819
1036
861
892
5254
2709
1696
5655
1822
1909
4511
6513
2533
337
1783
6744
5038
5398
274
762
6547
5443
816
2567
6609
4161
2468
8388
2786
3268
4033
5114
3758
6318
934
7260
3487
5735
3211
144
3251
2866
2581
1531
8865
3745
5400
6422
3656
3889
5285
531
523
8542
6375
2433
8239
4987
5795
1959
7078
4401
1192
3936
8169
2327
4241
2975
8799
8609
2399
3359
2766
5170
2642
16
422
4686
6718
499
6530
3479
4238
7155
2434
3761
5840
3344
5097
8525
3615
8831
3639
8612
8133
8392
8712
5122
6566
6885
962
2622
1836
3863
1901
1245
3587
1064
1676
2993
4895
2195
5139
2078
6684
3207
5684
6835
6963
5732
2118
3854
1358
327
2900
5572
113
461
1735
3173
1393
1997
1844
4312
5243
4833
1363
2596
2046
8387
8629
427
6000
5696
2339
6047
3611
6440
8261
7990
2090
162
844
3357
1161
3420
5363
4024
7919
5685
7822
306
704
1226
1186
3068
161
167
3134
1063
3005
3177
1233
1204
2215
2285
3147
2074
1759
1080
3042
1616
1388
2789
2633
2393
2715
2403
2922
918
99
2364
510
7198
8451
6464
2154
6103
6450
5462
6056
651
2146
4878
1135
196
2394
5625
4101
5401
7235
7309
5670
7346
1301
8453
9018
6800
5836
4177
3845
8722
999
2325
4929
5003
5034
8275
4876
140
2344
498
4121
2131
5352
1085
6331
5826
3431
5680
7791
5667
5577
5678
7947
7419
5686
4603
2730
4736
4980
7357
8640
1730
8828
8921
5056
5832
2458
8882
2609
4095
2396
3475
3116
3285
4612
3024
3676
5746
5847
6754
6432
6732
6887
6105
7063
4104
6060
1184
8768
6286
5700
5002
5796
3140
2437
7208
5373
5517
5001
5004
4326
5808
3199
6035
832
6521
4677
2640
7017
5736
6342
4889
7702
6584
6852
6851
4994
5940
8197
7153
839
3497
4300
3654
3957
8672
1018
6225
7282
2184
6645
8604
8838
865
8187
1516
2335
4761
721
460
4634
