item_recommendation
25737
8327
8117
8003
7872
7914
8093
8420
8225
7541
8447
8033
8571
8403
8290
8253
7437
7613
8772
8589
7697
8629
8360
7705
8998
7748
6718
7757
7786
8239
7669
7560
6530
8183
6591
8914
7649
8768
8777
6822
8850
6182
8954
8823
5879
3737
8958
8529
7888
7349
7627
8574
7701
8790
8609
7453
8121
7573
8907
8465
8070
7282
8385
7636
8984
7160
4306
8056
6918
7728
7782
6547
7802
6744
8154
4770
7976
5159
8743
8522
8638
8596
7303
7478
7394
8207
8684
6826
1513
7055
8235
8499
7110
8167
7407
2912
8477
6624
8661
5723
7878
4840
2686
7995
8864
8879
7577
965
8039
2878
5515
8961
5662
5264
6832
6862
5008
6154
5712
8910
6454
7938
6731
8899
775
980
6902
6073
6178
222
7354
7245
8665
6195
7316
8636
8410
6550
5742
5151
5117
8761
7738
7915
7293
8699
8580
5765
7186
6970
8859
5597
6579
7263
8332
3232
7831
960
6260
741
6684
5186
1173
8709
8136
8376
5926
5715
7204
6091
8125
4821
6514
7753
5288
4873
8591
5675
5768
8583
9012
8387
5853
7234
5980
6273
6798
6365
3875
1907
8807
9018
4809
8642
8670
8654
4550
8781
2779
4427
2659
4076
5729
7481
4437
5909
5410
8491
6835
6355
5968
4731
7771
984
6559
4262
8819
6630
6446
4920
8848
4098
4740
6728
7897
840
6121
4366
1003
5655
5839
8157
1515
3368
1040
5936
8633
6609
6796
8542
5569
731
8720
8607
3816
6436
4941
6751
6760
8008
8977
990
7619
6294
8422
5815
2347
8745
3324
4153
7171
7254
6493
8142
6314
5282
6676
7502
3235
2082
8524
6509
6047
7817
5254
8482
3093
218
5275
7099
8576
8943
969
963
6803
2200
5177
1336
5752
6658
6999
6513
6892
1531
1777
7932
405
5689
7572
4761
1870
745
6404
7583
8695
1317
7078
1019
5666
4984
5625
6422
7299
2935
6207
5611
5641
5699
5291
6521
8751
4923
4584
8187
8462
6375
2288
4440
3608
7822
5038
8827
6498
733
5139
1507
6706
8511
5323
5440
7038
129
8927
3188
724
526
1437
3668
266
1812
8882
5693
3417
4727
5312
981
5398
3334
5588
7919
7260
6408
858
4241
5193
3936
7484
5732
1187
5772
5198
1352
7096
8865
864
401
7180
4577
5365
5710
6331
3819
2605
2696
3489
8392
4765
8366
5296
6464
5672
8892
6124
8275
5443
8920
5795
5285
6748
659
6887
695
5888
4878
915
7487
7346
8903
7881
8261
8147
6774
2300
7208
5170
4079
4121
647
8228
6896
3751
4420
1120
5363
5808
6800
7720
8268
3273
8835
5940
2937
4171
5462
3307
6143
6768
1288
7419
5466
5787
5850
5684
2318
8640
4795
1523
6533
7809
5696
976
7198
2344
5572
8838
2236
2956
4432
2513
5836
8451
4414
6982
8507
3284
4976
5161
6695
4782
4312
3377
951
8689
6318
5400
6341
4477
8123
6963
3611
6390
7309
7235
5401
5670
5034
5685
8828
8921
6612
4929
5056
5003
1006
8949
1617
3632
5373
5686
2798
9010
4450
7357
4104
3654
3854
5834
6035
4300
5746
3957
6754
6732
5826
5735
8672
1046
5847
8197
6432
8610
7063
3499
3497
1024
6105
8371
4994
7947
6060
6852
6851
6703
8785
5796
7791
5517
5001
5577
3584
5678
5680
3491
2647
5667
6584
2801
8966
5004
6678
6932
8675
8955
1739
7272
5002
3825
4832
4889
4834
5736
5700
5690
7702
7153
8169
7017
8582
2982
6342
4677
955
2640
8404
8985
8423
8388
8158
8372
8872
8130
986
9001
3127
8138
7012
1010
3928
4639
7587
3263
3924
7445
3707
8833
8840
7698
7944
9004
7250
2184
6645
6470
4980
2660
865
2688
2374
5085
8979
4188
5243
5055
1819
4428
4936
1771
4251
3173
1192
3758
4658
7789
3428
3096
7228
6827
4999
3207
6985
3241
4801
4632
7456
7177
3851
7894
4895
4861
7764
6000
8131
6243
4404
4105
6885
101
964
4967
37
1004
1805
7492
4016
4177
2730
6296
4965
4375
5489
5203
5304
4600
8453
1569
3028
6103
4290
2780
7107
8799
8484
5413
8620
7155
6566
8831
5122
5097
3761
8712
8525
2434
8612
5840
3863
6254
4161
8808
3238
2668
3615
4238
3479
8133
3639
3344
3251
6536
6162
1012
1037
6791
45
1562
6993
7990
3495
947
4914
5504
4162
6286
4885
2983
3889
8132
4263
1020
189
1042
1580
1021
2582
2212
48
2183
3702
1767
1624
1980
5810
2548
2475
4603
3656
6568
6283
2227
7011
886
8722
3882
816
3587
2340
735
6840
6140
880
4552
8191
5164
6148
3500
7840
3714
2241
285
1508
5891
4024
1590
8667
8042
5210
93
6114
725
7126
2617
3281
4490
1844
7892
3799
7792
2433
6850
6077
4680
5475
5419
2772
8718
7415
2404
720
5033
1744
6062
3359
3996
2799
535
5473
1472
7343
7743
6232
2769
4837
4298
828
2186
3431
4532
5021
4911
7135
6021
6426
6276
3795
5518
912
3194
7327
1816
5832
1104
5553
8604
5012
7459
626
5135
2062
4979
2120
7380
3438
2418
7189
2415
2231
6571
3646
888
7826
6237
3456
2478
8616
3292
4876
5053
263
5581
3947
5952
492
5226
4095
8614
3753
753
970
155
2546
3402
4945
3693
656
875
1750
4638
1053
5046
954
1581
6535
3655
6440
4194
5449
6458
1367
6400
2479
7979
2457
3256
8044
6957
746
4686
3478
2622
3218
6093
485
8854
7130
743
3176
2892
5745
1612
6383
5825
7219
3163
6636
3604
15
1831
7311
6650
4833
4417
761
2654
6231
5418
7334
1676
5214
2473
1125
7016
1804
2976
3804
2832
3024
6977
4316
2118
3759
1517
5965
5568
2981
2993
7034
7036
3649
4462
5604
2897
1145
4696
747
2441
2609
3351
1876
953
8813
7090
1047
2764
6290
5857
4792
2824
1733
7818
2394
6132
3258
7762
2107
3034
3869
4033
4135
872
6348
1330
6739
2774
1702
7820
7325
6927
962
76
4830
2009
5734
2407
1225
5801
6368
8014
5971
4649
869
5534
5134
2159
8923
4981
1193
6646
2788
5202
4848
