item_recommendation
25737
7872
8571
8327
7541
8093
7697
7914
8447
7613
8360
8117
7669
8253
8225
8070
8033
7560
7437
8056
7802
8183
7636
8290
8420
8522
7478
980
8154
8385
8477
7782
8661
8207
8684
7407
5264
7649
8235
8403
6559
6365
7738
6579
7728
5159
8003
8879
7938
3232
5980
8743
775
8167
7753
960
8859
8961
3368
5909
7293
4821
6091
6195
8410
7976
2659
4941
4584
1523
6178
9018
8899
1003
8008
8761
7234
984
7186
5723
955
8751
5597
8709
7394
1744
8998
8819
3281
6636
1046
4437
6826
6748
4920
2062
953
5765
8654
6728
6970
8499
4873
6073
7932
4658
6918
1816
966
5008
5611
7245
3869
7786
8589
3324
8665
6355
4809
266
232
695
2374
733
4984
7809
7705
8670
2935
8777
8187
8772
4391
8633
3235
8261
745
8596
4366
7228
4550
3188
5134
4782
7619
5772
8376
976
2212
1562
1024
7299
1513
8136
3816
8451
5729
4121
6624
3668
5515
129
5117
8977
6550
6390
1767
8927
5012
5410
6658
6318
6143
48
4577
5473
626
741
7720
1907
7577
6207
6609
8604
2605
7263
6314
3875
6493
954
3632
6850
8848
3127
4936
5433
8039
526
2340
5017
6154
2227
7995
7888
1437
8745
7881
6630
4162
858
5489
4188
4987
45
6920
8482
1515
7272
4911
5210
5296
3213
7038
970
8511
8910
969
8903
7831
8699
4414
2173
8722
4076
912
3417
5033
880
6383
3292
731
2236
6892
1288
4731
4600
8239
285
8491
4901
3587
7204
6140
5198
1812
6395
3608
8228
4079
8864
4846
4171
659
5787
7878
6148
6612
1507
3420
951
6751
8462
7840
3377
7583
4923
5662
5815
7316
7757
6404
6703
8620
4638
8827
401
7492
4161
3093
5470
6322
6509
7748
4686
840
3819
4432
3428
4262
2780
1145
6521
7484
1317
2288
986
5926
8914
6676
6077
4740
6760
5440
8807
2745
647
6743
5825
8392
4251
5742
8689
4177
1676
2647
5568
2660
9010
4761
3707
8833
3928
6932
3924
7944
8840
7587
4639
7445
7698
3263
6669
2686
7130
535
8642
6000
3804
2396
2772
8609
7121
888
189
7171
1472
6650
1777
5936
964
3845
957
2300
1209
5952
2981
7487
6440
965
6211
6927
7254
7502
7817
3751
6739
1057
7789
5193
2897
5850
2496
7099
4375
4632
6568
4404
870
7282
5839
8675
5177
2159
1844
1476
4765
8607
4885
6902
1569
1006
2617
1771
4290
9001
2478
6276
5588
2344
1531
3307
4603
994
8629
9004
7160
8695
522
7107
8169
2433
196
6294
1020
6957
3799
798
990
2860
8453
8580
2407
6498
4801
1352
6981
5834
2799
6162
3996
6591
4696
485
1060
872
7990
7415
3113
8636
5585
1739
101
2427
1125
8892
656
3795
7126
263
6535
8387
4552
6885
5312
3207
6242
2959
6223
7826
7481
8920
1281
8388
2241
5689
7444
3882
7135
4427
2318
5888
4830
3351
4394
2775
7894
1040
1021
8979
2769
6832
3863
6536
1581
7189
4420
1120
1870
6566
3761
8133
5840
3639
8525
5097
5122
3615
8612
2434
8831
3344
7155
4238
3479
8712
8799
1193
5291
915
1696
2404
881
2709
7897
3268
735
472
5164
2038
2436
1624
3714
8625
1819
1187
5065
7055
4861
3456
2925
5186
8865
875
2415
3251
8616
8984
2366
7195
5968
5810
5101
7456
5413
5558
4228
724
6446
5693
3655
7016
8131
4895
6724
2442
5329
1135
2668
8810
1652
3028
2982
6132
7892
1042
6116
3702
6260
2155
8524
6840
2798
2937
3431
6684
4605
7979
2687
6718
5699
8044
4081
5715
205
4024
4709
6502
885
6985
5449
1580
3427
321
8157
6744
3163
5498
7792
1225
5288
5139
8943
720
2418
1004
144
7011
1590
5556
2004
5378
4417
2437
3489
5569
2516
5021
869
6695
492
1783
1702
7211
4945
6547
1032
3176
1012
725
1053
2581
3238
1876
6803
4840
2457
4795
6254
7380
6835
5114
2752
5214
2346
4051
8142
6039
5534
3604
3296
3438
8667
2368
1721
3693
3854
6348
6977
8574
8273
3889
3540
4135
7771
6426
4649
3157
2621
4194
5398
5655
5458
7101
6791
3081
828
2793
2186
5641
8614
2331
1030
6762
4153
2504
2583
5795
2154
4246
8336
2622
93
4837
5151
7177
6571
5038
6999
6114
2704
15
8014
785
998
2912
753
2761
5923
2398
2506
5752
2801
1612
5254
1824
5808
6473
2409
5365
844
8542
6408
1608
6562
3199
5202
6641
1438
7192
3218
7566
7034
7340
1788
5853
3780
4814
7311
1013
981
8730
3334
1367
6458
8009
7036
8854
5809
5226
5801
3602
1111
3210
816
3256
5940
5165
5832
4878
5666
7759
3584
4033
3596
8147
718
861
5864
6690
5530
3478
8484
8121
2779
8507
1026
4666
4555
6436
4349
1047
2688
3534
793
6686
2956
7096
6279
1016
1831
4088
8191
6731
2467
7115
3997
6530
7142
3643
5703
6051
5581
2577
5707
6243
5046
3320
5675
4086
7584
6056
7260
6121
5628
5857
6513
6230
2370
7762
8813
3370
5900
7147
1711
4166
1834
5269
5784
4020
3051
76
1132
1639
5146
1529
3492
31
761
2900
8718
3843
962
207
5768
2802
5791
3515
2394
7458
5141
619
8526
6370
4811
7044
4692
8950
8908
4292
7845
6415
6880
3936
1295
2941
8948
4241
8194
8591
5438
1852
5161
9012
1019
1479
6400
2521
6906
996
2741
8600
5282
5521
6186
3150
5387
3033
3194
6123
6422
961
714
971
3387
3752
4848
1970
6643
6816
4304
1320
8650
8795
4462
2347
6974
5777
4876
5873
3408
6966
3698
4270
2824
4440
407
7585
2310
4748
1419
6615
3786
6662
5080
6798
4284
1429
1303
531
4273
4515
1794
5570
1980
8268
7624
7136
4108
4139
2385
8254
4316
3038
7150
4688
8915
3266
6378
8057
4090
7812
3467
7250
7208
8871
824
6021
6774
8530
3160
5443
1147
5538
6290
4727
5965
2902
1453
1959
1336
3354
1408
3805
1029
4369
100
3646
2940
7161
2078
1804
2727
4722
2631
2669
3773
5182
2786
2513
427
