item_recommendation
25737
7872
8571
7541
8327
8093
7914
7613
8447
8360
7697
980
8070
7636
7669
8225
7437
8253
7560
8522
8117
8183
8420
8033
8385
8056
8661
7407
7782
7738
5264
7802
955
3232
8154
960
775
953
8879
7938
1523
6559
1744
232
1046
3368
8477
966
7753
6365
6195
7478
2062
8003
6579
8235
984
8859
4821
4584
5159
1024
3869
4658
8207
8290
2659
8961
1003
285
695
7234
3281
733
2212
266
8684
5611
5909
8761
4391
2227
7186
7649
7728
526
3235
6318
48
1816
2374
6728
8008
129
6143
5473
7705
4437
7394
4809
5489
745
2340
3324
954
8751
3632
741
1288
8654
8403
5597
5008
5017
1513
5765
45
840
4941
5410
970
1907
8410
5772
626
8670
912
6636
858
8743
4782
976
969
7299
8977
6748
4162
7293
6091
8819
8709
2173
4873
5980
5134
4262
4600
1767
994
6826
2935
5723
4121
8899
888
6970
522
7619
8167
8665
1281
1676
8998
1562
8604
3668
951
4188
535
6178
6207
4577
472
6892
3420
8633
8910
6920
7720
6658
6624
2860
6850
5515
7263
1209
6630
6609
7748
957
3127
2241
3428
2396
7809
6550
2686
3093
4414
4686
5117
4920
881
6918
196
3608
1352
7786
3188
2780
870
1812
5296
4366
647
731
6521
5787
5210
8261
3292
8187
880
5729
6148
3804
8927
321
4550
1515
8722
4830
2288
1507
2605
6355
485
6322
5470
8777
2236
7316
1569
1531
2772
4984
7484
4901
4936
9018
4761
1060
5198
7888
8745
7932
5588
189
2897
990
1013
8589
4638
4375
1020
8699
3816
3845
659
1145
1476
6669
3587
1590
8596
1006
2752
4696
8376
8136
1777
5033
1004
4079
6077
6612
981
1771
3875
5498
6314
7817
2981
6390
8499
7107
263
4432
1437
964
1125
7272
3751
4632
8864
8239
3417
8228
1057
1844
1042
4076
7245
996
3213
2415
3377
1187
3268
4605
1472
4731
986
2442
828
4177
7789
3113
4987
4171
101
5164
6073
7976
4923
2799
2300
2366
7583
7038
407
100
7757
7282
5440
4911
2496
2407
7121
4603
2660
8620
6509
8169
8840
4639
7445
6932
7587
3924
3928
8462
7698
8833
3707
7944
3263
4801
1193
9010
7979
7487
1132
8642
2004
7881
965
2793
8392
3882
6140
8609
735
8453
8451
1652
1019
6739
2709
1021
7577
7995
6395
6000
5177
1135
720
7444
2344
2437
8827
7204
6832
4404
2647
3210
6039
6211
7099
3702
1970
6535
5433
427
4885
2937
3351
6885
1016
5825
5534
4081
3344
3615
8612
8799
3479
5840
4238
8525
5122
8712
3761
8133
3639
8831
6566
5097
2434
7155
725
2775
3596
6276
1702
3296
2617
872
4161
7195
3863
8914
2504
7130
9001
3655
5936
8388
3431
1030
1026
6743
3354
6440
2478
9004
1624
3427
6294
2154
8903
2506
5850
656
2318
6751
5114
5312
3996
6760
6493
1012
2583
1053
2038
5352
6404
7840
7831
5558
6568
7177
4795
4765
7189
5387
5952
915
6724
2798
3854
3207
6116
8984
5585
5815
5926
724
4394
2248
7990
3307
6536
5568
2433
3604
4740
1525
7481
3795
6383
5458
7011
5065
8854
3819
205
4251
2436
2769
8689
2687
31
1639
4861
8131
1870
2427
5834
2404
8865
3081
6690
7894
527
474
2669
8667
3714
1794
8772
6791
6803
6123
5139
401
2801
3370
8848
7415
7126
6498
3251
4024
7211
5689
2385
7380
5012
5556
798
3602
7492
6562
3438
3799
8511
4304
4051
971
5214
2398
2467
2346
8482
3176
6840
8920
785
6703
5839
4228
7254
2155
4897
6731
5810
4427
6056
5530
1331
2186
1295
2727
7792
1581
4945
2688
4316
4101
2310
3456
7502
3238
6154
15
2982
1696
5193
2159
6977
2581
6944
963
7878
144
6676
6591
6283
7250
8491
6254
7759
6686
4135
1225
1834
4837
4246
4555
4417
7228
7171
5888
1582
8574
1721
8387
7036
3508
5569
1819
6762
5449
3540
5809
6279
2468
8157
6132
2689
2418
2533
1114
1824
961
916
718
2959
6615
6957
3575
3693
1015
4088
5965
869
2900
498
962
2368
3522
93
2457
3199
1612
1516
6744
4033
2668
492
8044
753
2609
1608
8268
7841
5378
5801
844
886
5021
4748
140
6641
6242
1657
5165
861
1131
5471
2516
5784
5269
3157
6243
1367
1876
2925
419
3028
4895
6798
5413
1047
6617
1739
8191
5693
5226
7135
3218
2352
4933
6230
4649
1303
2370
5832
5742
4846
288
8039
3997
5241
8009
6999
3492
6348
8810
7584
3160
5427
2621
5968
7566
8908
4020
8948
2941
4811
4292
4692
6370
5900
6415
7845
8950
8526
7044
6856
1453
746
3805
3320
218
7311
5857
5248
6880
3649
2802
6981
5161
3024
4511
16
3895
8675
6446
2912
7843
7706
7844
6185
7355
1831
5291
7101
4722
1032
5923
3478
761
2622
5628
5752
3033
1580
5398
2829
6974
4332
8614
3752
6650
1173
1040
6367
5662
6927
1810
3598
3506
3696
4019
3118
2100
705
2531
5947
2394
2761
2204
2439
5
4349
5348
3786
5182
5803
7222
1429
1028
1821
7192
5038
3680
3913
1253
2902
1317
422
5808
4612
6223
8530
5707
575
1380
4893
5202
7826
866
7115
2494
3489
6339
1529
6186
6051
6042
885
531
1438
1517
6643
3783
5080
8979
7055
4947
6695
5179
4844
2521
4814
2402
1120
5380
7016
6835
5873
1482
3125
4290
3900
651
1479
2975
3475
3116
893
328
1959
6811
5329
6684
1504
4727
1379
1393
1641
4166
5438
7160
4634
7034
4666
3676
1329
8507
3387
499
3901
5483
6571
1111
7022
726
998
988
6985
1419
1996
7139
8700
7020
6162
2331
4255
1852
274
5186
4284
5254
4086
3349
3908
3408
3194
2674
1487
997
1686
3402
3140
956
1508
4191
6902
1029
719
4139
1147
8484
839
934
1010
5570
2082
8607
5365
8650
2380
2003
4552
3643
1336
5538
832
7147
8336
2815
5971
4524
2026
1394
4321
737
1330
2600
7439
4273
3256
5782
6084
786
3434
3357
