item_recommendation
25737
8093
8327
7872
8571
8447
8117
7541
7697
7914
7613
8253
8522
8290
7560
8385
8225
7437
8070
7669
8360
8183
8056
8033
8420
7976
7649
7802
7636
8451
8403
8207
8684
8477
8235
7728
8167
8003
8154
7478
8008
5159
980
7738
8661
8819
8491
8499
7782
8998
8772
8589
8670
960
7186
8654
8410
6365
8039
7394
7407
7753
9018
7028
8596
5874
5264
6178
7293
7705
8132
8761
7932
6918
8751
5909
8507
5296
7878
8961
8482
7938
8665
8544
6154
8187
8743
5597
8899
6091
745
8879
7245
6728
6751
1003
6559
7577
5765
5926
6609
5936
775
8709
5839
8636
5515
3368
4920
6355
6970
6579
7817
7234
5662
5723
969
3232
6748
5980
6760
6676
6624
731
8633
7299
6073
7099
8827
7818
8777
7771
8910
6826
984
6591
7789
5008
5742
4821
6521
5117
976
7096
5815
8859
5693
8807
8580
5968
266
8699
6902
3816
6260
8607
6832
7415
7995
7204
6840
7272
7786
8136
8376
695
5853
3875
7831
7228
8591
8864
5288
5768
5715
9012
5675
6791
7160
6493
6850
6739
7282
4550
6568
4761
1515
5850
6684
5186
6630
2374
3235
7990
6314
6835
5291
8604
4427
8745
2659
724
7078
4432
3281
4782
6862
626
8142
8511
7107
6077
8695
7380
8781
3882
4809
7487
8629
8977
4552
6650
8261
3587
6803
6977
5729
5164
6703
4121
8984
6798
8524
101
8943
6254
2062
6390
5832
8268
7263
4984
7748
7888
6195
7840
7171
964
4437
7619
8131
8044
953
6641
3996
6047
7809
7130
4941
8484
6535
8009
4740
7311
7208
7121
7135
4414
951
7456
7484
4846
8542
5139
8462
8903
6892
2769
8675
6550
8453
6000
45
8848
5226
285
8927
1012
647
1024
6636
5611
6762
7316
5857
5801
5558
6404
48
3997
733
7584
2941
8948
8689
7566
6348
986
6530
4731
6318
232
5410
1824
3492
7189
8908
4811
7044
4292
8526
6415
4692
8950
4020
5900
6370
7845
6498
955
7492
7254
8530
6662
8121
6887
8813
2409
3752
7881
7502
6718
6513
5046
880
3188
4153
3176
6502
6440
8979
6966
2300
4076
962
8892
6999
5655
3324
1006
5312
8625
6294
8768
7757
8014
4914
4420
8366
7090
2548
1513
4987
5689
8810
1046
4577
2780
3560
7211
8640
7759
535
4945
7897
6880
5809
5971
485
4873
7354
725
5413
5038
5873
5752
1870
5834
6547
8720
7016
659
8920
858
5699
5795
526
6383
2935
6436
912
6885
4366
6536
1288
6695
6658
3869
5398
6121
8600
8576
8194
840
6957
4194
4188
5772
7764
5365
6207
5323
3307
970
6464
3028
5888
5378
5254
8616
6116
6021
5177
8614
7892
5641
2288
6612
5923
4923
4228
1523
2344
5825
5666
5285
129
6223
8239
8854
7260
3936
4241
998
7743
864
3489
966
3113
401
6283
6148
1367
6774
3334
3668
5940
3608
1581
1810
6103
915
7826
4878
7481
2764
8157
968
1812
741
7822
5440
3127
6027
7979
8147
965
7192
4848
7325
3515
7585
263
2696
6203
7136
5443
8866
3632
4584
8057
8915
7812
6378
4688
7150
4090
3266
3038
3467
6896
7419
3163
1187
4765
7458
2418
8254
3819
5021
4440
2347
3250
1021
3698
6408
4844
5836
6375
5433
3364
735
2407
8387
4801
2183
1907
8392
7583
872
5275
1507
1408
7161
4638
189
5808
6331
5012
6446
8808
4369
3646
8638
3377
1624
1744
3799
4161
5625
7357
3417
2982
6768
6706
4895
8871
5965
2956
7055
5605
6035
5710
6400
8865
5304
5282
4262
4885
2496
8531
9001
7894
5603
3093
5568
4039
6143
1437
2513
8672
947
6395
8422
6422
4491
4251
8169
8609
2433
8228
6944
7346
4792
7766
2340
5732
8914
5329
6509
5170
4079
205
7569
1636
6920
2654
6565
5787
6953
3213
2478
994
954
5033
3584
5466
2688
8882
3387
5363
5400
4936
888
8404
8838
5521
4727
2660
3604
2173
4976
6932
7720
5572
3924
3707
7698
7944
7587
3928
8840
8833
4639
7445
3263
8617
1317
4903
7919
1508
6341
7198
15
881
1059
6827
6985
8275
7762
6584
6800
1004
4450
2937
6470
5684
8642
5735
8835
7012
2184
6645
865
753
4477
7051
8583
5462
1844
6963
5672
8857
4980
1739
6432
8610
4300
8828
8197
3957
7309
8123
5746
8921
5034
5847
8949
5796
8785
5696
5056
5686
5685
3654
5003
5670
4104
5826
6851
4994
3497
5401
6105
6754
8371
3499
7063
7235
4929
3284
6732
6060
6852
5373
4417
1617
3851
5736
5577
7947
8966
7702
5700
8985
5678
6342
5690
5680
7017
8158
8955
5667
3825
7791
7153
8582
5002
5517
3611
3491
961
4677
8872
2640
4889
5004
4312
4832
5001
8372
8130
8423
4840
3693
8620
2212
6993
3871
8138
4834
5017
3241
5952
8191
4999
4391
7841
2704
8727
2772
6276
3096
8906
981
5882
5942
4171
9010
5193
1125
5352
6744
2798
7126
6981
5055
7820
7444
5025
4263
2647
6562
472
1042
3751
2038
2144
656
2331
5604
2686
3758
619
957
1030
5198
2154
2801
4967
3238
1750
7624
5203
4002
6811
6162
6426
7303
2318
4428
886
5581
8574
956
321
4911
7038
2730
1192
6721
6686
8388
5473
6856
2073
5449
7792
2120
3889
6615
3981
6533
2227
7627
3660
4016
990
4270
6114
1053
5085
7355
7706
6185
7844
6617
7843
3500
2188
8575
3927
2651
973
785
2473
9004
6777
3420
3173
5243
5210
2775
3428
2186
2993
1767
498
7340
3702
3251
1026
6927
5585
3210
2860
5134
1580
1805
7250
893
3402
5891
4404
1040
2415
1060
4795
7212
3795
3503
4177
7177
1014
5569
3010
1017
7142
6731
7219
1980
7334
937
3194
300
3978
1057
2824
8016
6296
3359
5214
4632
8799
1777
3656
8831
7155
6566
4135
4603
4375
7020
7004
4686
196
1529
7115
6816
4105
3508
4482
4691
3863
188
5899
2371
31
6232
5122
3344
3761
8612
3479
8133
2434
5840
8525
8712
4238
5097
3615
3639
6084
5504
2236
1078
3310
5810
2594
