item_recommendation
2761
25737
401
1317
2786
718
1721
1739
1783
213
3051
1816
1744
2668
798
7872
1608
1363
3081
704
2325
2766
306
1472
2596
2159
1696
1759
2866
507
2922
3042
3134
2789
3150
1204
1730
3147
3177
1186
918
167
2403
99
2715
2285
2074
1080
2215
510
1616
162
1218
1852
2427
1997
2399
1959
2633
2858
47
1841
1063
1777
3068
1233
161
1226
3005
2364
1388
2393
1184
3006
685
3211
2966
7541
2429
278
3071
1972
95
2935
2753
2634
2843
2835
1085
991
348
2043
1951
2686
1095
547
2981
2946
1929
2039
2986
2975
1689
2832
8327
2091
816
2155
1130
3016
775
2327
243
2207
2990
2507
2600
1196
879
2284
2146
131
2178
366
2350
1286
1549
8571
1796
1784
2820
1860
2494
3041
707
945
2864
8183
907
8093
2504
1033
2704
71
1225
1428
8117
2204
589
1925
2521
2046
2567
3128
1873
3044
372
250
1858
905
2182
1981
885
2439
2498
2014
656
7697
375
1562
2424
1081
2815
1580
2342
84
1812
1150
1197
2983
2582
2324
2583
2451
2432
3007
3008
2628
3064
1545
2422
1653
2572
1750
327
291
460
2296
1059
2630
376
1077
2546
1833
1667
2120
1688
731
1554
8360
201
688
129
1297
1523
2915
2674
493
1449
2090
2465
2979
29
2128
872
1978
838
2977
2078
949
1453
828
1831
205
349
1086
339
7613
2421
2135
1907
2535
1333
2976
8225
2335
2134
911
105
2816
848
8207
44
330
1586
1767
2373
220
571
2400
1671
8290
1652
373
1240
2383
7560
337
558
2937
1228
2052
8447
7914
476
467
7669
936
2201
1598
2570
1970
2021
2478
742
477
990
1046
1859
1544
599
1073
1040
5515
135
1804
2902
3120
2939
1909
3140
1053
627
2577
516
6073
2300
1699
888
371
1104
2534
869
1794
482
2133
5765
2687
3072
835
2982
183
1779
2085
2793
626
1066
2649
1556
647
7437
2525
638
1975
2726
2032
934
2655
2904
1003
1379
833
1639
984
674
2772
1797
113
439
2962
6154
8403
1028
1089
2239
950
1513
1192
2130
2328
899
469
2194
2689
700
1690
2752
2378
211
976
8033
824
1518
1097
1974
2605
1668
2800
5742
2514
1582
7802
2985
1810
1973
5159
785
7478
1878
550
1966
610
2010
1092
2775
7782
724
1987
2195
938
2581
1349
2779
1078
1715
1515
741
746
5410
2464
2388
202
8772
1354
2210
8743
2969
609
5662
1788
1875
8596
8253
613
474
110
1020
1476
2912
6178
1645
267
8499
1702
902
2493
2053
2560
7728
8522
1834
2791
270
6970
1928
861
8070
2615
43
743
2876
1609
8420
1285
2221
1612
1099
1025
2448
2348
2385
2236
8899
299
7649
2767
5715
2790
6579
659
1456
1145
2083
2469
2701
1322
285
3176
1365
4550
2617
7878
980
315
998
875
2495
8154
5729
628
5186
5772
1507
2442
6902
1055
1006
1686
8636
2926
4731
5288
3179
5312
1213
725
5723
141
6260
5689
1209
498
6091
690
1949
5177
6493
5853
8477
3145
1111
922
5597
7636
2200
2925
1114
944
5198
2443
1185
2295
986
870
5675
580
5768
219
166
1057
8591
361
8848
7245
9012
5038
8261
8998
6355
2879
1288
6211
2956
8410
49
8003
448
2334
1649
2725
1791
5254
1216
8777
4076
5008
3232
1657
8580
1894
8376
21
5666
8136
2033
2721
1305
3489
5556
1870
1032
6195
3334
1125
350
312
7407
2398
2193
951
1479
1884
307
2227
1012
6918
4600
5398
1669
1660
2867
1962
1247
2552
4366
4241
858
2548
7260
3936
586
3875
2497
1303
1483
947
6408
3377
5264
4740
8943
2792
1599
4911
2126
2769
2859
1525
3587
5443
750
1013
5808
8056
8661
2479
2154
1406
2676
2118
1680
2897
4584
8699
4649
5139
8859
3188
1093
2799
8629
5282
4795
2662
3093
2569
3324
6395
2801
7938
1631
292
5655
6404
8879
2688
4440
970
880
8720
5980
1262
5193
4316
2282
1152
8684
8807
34
196
1367
733
2696
37
7282
8451
5784
1306
3408
1819
3210
2798
5269
1044
3292
4809
1701
5275
2290
2453
753
6121
2809
1147
1678
2212
3004
453
6751
7171
8722
410
41
7809
2169
63
2659
5323
2005
4088
7234
225
5839
130
960
1713
526
8761
1670
1591
7881
5134
6547
1874
4246
1310
1613
7831
2292
5470
8235
1076
4577
1641
864
5936
150
5825
6365
2461
4821
2531
4941
3819
8542
994
3608
2961
4437
3284
3141
2246
4153
207
2707
893
1128
4765
499
1429
7976
6513
8142
535
7254
745
2900
7204
8709
8607
6835
7272
955
3235
483
5787
3889
1079
257
1135
3155
5672
6760
6718
820
4462
1183
1771
748
2627
4830
3368
455
1624
2288
2938
1692
1120
2541
1707
8187
1916
8524
7919
4727
3238
7771
494
3816
48
2186
5815
2819
7932
6676
2699
8147
4095
6436
5752
2513
5641
6047
5699
2647
7293
5710
1537
4284
6498
2208
8385
2015
808
2458
4273
5795
1224
5538
5846
1822
6294
107
3611
2347
8903
6422
735
5365
5732
4016
4060
7995
6803
3138
5161
2709
3194
3028
554
4873
2018
5055
5791
1824
6706
1187
266
4312
2029
6077
5968
1673
4748
1437
1611
915
1018
4976
6684
1161
2101
5053
7078
7492
2183
7738
447
1704
8838
1026
5363
2072
2829
5291
4420
793
5315
2202
3758
5462
293
170
8675
7419
4923
3046
6800
3851
5170
534
7346
8835
8589
866
1769
2802
8882
1821
4878
5735
953
5684
2884
1307
8604
6768
5466
7228
4251
5696
4262
3759
3417
4638
179
5413
8275
1683
673
6035
6341
7198
8768
2496
5182
5572
5625
6464
8157
6375
1785
4432
722
4458
5400
4920
6887
2160
5285
5243
12
3500
3359
6896
964
6963
7822
4477
4450
4378
1726
1021
1535
6331
3173
5114
5834
1809
3584
72
7309
8961
2968
7235
4987
4929
7577
103
1508
