item_recommendation
25737
8327
8571
7872
8093
8447
7697
7437
7560
8033
7541
7914
7802
8117
8360
7636
8385
8290
8420
7407
8253
7613
7738
8522
8070
7669
7932
8056
8225
6658
4920
7394
6195
8751
6636
6676
6850
7130
7976
7649
6178
6091
9018
4262
6669
6365
7782
8235
8003
7478
8167
7263
6918
4121
7728
8684
8477
5159
6559
8810
8879
7121
7995
8154
6832
6498
7705
8511
7222
8819
8183
7444
8403
7171
8499
6276
8772
5815
7299
4194
6166
8491
6739
8665
6643
6748
6582
7840
5264
6877
7228
8604
3232
6650
8661
6521
4552
8745
8187
8362
5947
8650
2268
7827
6863
4886
6000
7439
8410
8670
6920
5597
6690
6957
6609
6981
4911
7502
6822
5850
8827
7234
8998
5458
7766
8039
4849
8008
960
6143
6892
6856
3457
6493
7347
5117
4782
7022
4761
7938
7415
7577
6721
7204
6751
5980
8169
8807
3368
5489
7160
6760
7820
7753
6207
6056
8596
6703
6114
8961
6826
6579
7245
8709
7293
8207
7888
5296
7817
6686
6591
6547
4605
4168
8654
8014
5012
7034
4321
980
6552
6835
7809
6013
7282
7195
7481
8636
8761
6728
8977
4324
4812
7107
5909
8589
6662
6367
6073
4927
5803
6927
3235
6216
5222
3809
6350
4992
6695
6180
8848
7186
4738
6982
8607
5017
6458
8979
6140
3643
4584
5926
4114
6550
5611
8730
6124
6299
4155
4851
8899
5025
4146
7831
4198
8695
8453
8743
6400
6390
6122
5378
6840
7484
8859
3553
7099
8616
6355
2062
4383
6562
6162
5534
4135
8451
8482
8524
4391
4936
7352
5765
8943
5478
4066
4483
3593
3566
7748
5968
5164
5433
5936
4123
3769
8625
5246
3365
3804
6154
6148
6628
7458
2956
647
5839
3816
3281
4885
7878
8194
7979
8854
8484
6535
232
6999
6624
5965
6961
953
5288
6322
3324
5699
7897
3920
8633
6223
5581
7492
7566
8341
6339
6077
5952
6944
6806
6470
2374
6718
3869
3668
5619
8700
7841
955
5723
4171
2659
5021
5530
6254
7456
5832
8191
7311
4359
6283
3441
8600
6203
1046
7366
3845
966
6970
6185
6617
6615
7706
7843
7844
5568
7355
7192
8777
3938
1154
5693
8136
8376
48
3875
3163
5395
6724
3364
5127
266
1848
5125
7786
8903
4821
4873
5515
6428
7381
7990
7055
6383
6568
8542
6816
7016
7892
7826
3188
8864
695
6440
2997
8239
2013
5942
8910
7357
6800
1003
3250
6318
8892
5304
2631
1024
7487
6513
7585
4482
321
5560
8507
7771
6465
7250
6869
4076
6116
7136
840
7812
5046
4090
3266
8057
7150
3515
8915
3038
4688
8813
6378
4848
3467
8254
7096
6335
6404
6791
8871
8531
45
6803
8797
8984
8675
3698
8866
5410
1408
7881
6993
4731
7161
8617
6964
8261
3379
4369
3420
4491
4861
6942
8268
4600
6294
3217
3127
1513
8575
6684
5742
8808
5752
5945
6031
5033
8725
8927
984
4437
8914
2397
1744
5558
4686
7211
6902
5768
9012
8591
5853
6260
5675
5715
7569
5662
7089
7818
4432
6530
6003
8783
3970
3895
7272
2704
3646
7380
3882
5684
4039
8044
6416
6954
2959
2288
4414
7135
626
5186
3819
4427
3393
8009
8580
7619
650
5473
8768
5603
6314
4846
1240
6985
7137
6201
2144
4765
5146
5917
5857
2094
5801
8131
4666
3294
7448
4941
5625
954
4709
5729
6370
6977
7044
4020
5900
7584
3996
6415
6641
4292
4692
3492
1824
6762
3997
6348
2941
8908
8948
4811
8526
7845
8950
6880
4550
4316
7325
4809
6234
7084
6571
6442
6612
8462
1590
4925
5833
711
526
1967
7624
3028
3587
1864
6271
2772
6867
1453
7583
4002
3213
6316
3354
3947
3693
5521
881
1111
1676
7038
7198
7208
2647
3660
6123
3963
8699
6516
2531
7926
6646
3247
7343
2236
6630
8720
4101
4229
8576
1352
6503
8392
7078
5899
8718
5080
3752
2073
7789
8629
8574
3176
7757
6958
6084
7050
4081
5291
5303
1466
3310
3981
3622
1472
129
4515
7787
6731
7036
4251
8643
522
858
3632
4169
5137
2779
7411
4508
5151
405
4178
4153
5008
4740
7372
5873
4486
5440
5282
1145
5470
5628
6713
3843
3033
2367
6156
300
1804
8614
189
7419
7048
6341
5564
7627
3158
6198
2860
4420
6565
3700
7142
140
6798
1397
427
6263
1911
262
5096
6743
3927
3624
969
5226
1281
3194
678
6375
970
3953
1870
8530
6950
4756
7792
6722
6426
8142
4000
8147
5329
7051
6887
100
5475
6170
7316
5923
4577
2318
5170
2371
6794
3653
3402
1212
5139
4923
188
8266
6242
1523
5809
4126
5888
745
5101
3999
659
6932
6896
3857
7104
2212
5177
4355
449
4792
6536
8275
7219
6422
9004
3871
6047
7303
5218
4417
1340
4801
3983
5903
7944
3924
3707
3417
8833
4639
7587
3928
7445
3263
8840
7698
8128
6464
8121
4280
5971
7317
2660
2688
5141
6298
2583
1726
4062
1057
5772
753
6966
8857
3320
7958
285
4095
1539
3192
1580
6231
7177
7126
2473
3714
6879
1211
5121
8642
8228
976
472
4051
8609
3973
432
3718
3799
2594
4079
8016
6708
5588
1317
31
4830
7894
5632
7090
3251
4840
4816
2782
7189
1329
3210
4914
656
2180
9001
3173
1437
6862
6909
6777
4368
5210
3560
6744
1246
5949
4691
6448
5553
2418
5825
3685
4854
288
6412
7759
2935
912
3604
431
7743
4878
1125
3221
6757
5134
7254
1862
2478
986
1913
7360
6986
775
1047
2366
5795
2084
2436
870
4610
8620
1992
5275
184
1531
1907
1391
2167
4366
3207
83
1569
1343
4837
7720
2095
8123
951
2059
3854
7453
5810
8781
5102
6811
263
4162
3964
4795
4404
3201
1537
2617
6107
3113
957
5076
561
2214
2824
4897
1042
4148
5689
741
1021
5434
1295
4394
5069
1187
218
4142
4560
737
4984
5609
6940
1515
5449
8125
7236
8583
7180
5882
1209
2841
733
4031
5312
6711
2300
5128
1937
6706
3489
3810
1613
8366
1508
5957
731
3197
5836
2801
3428
2310
3508
