item_recommendation
25737
7872
8327
8093
8117
7541
8571
8447
8225
7613
980
7560
7669
8183
7914
7697
7437
8403
8290
8420
8360
8033
8253
8522
8003
8070
8772
7649
7782
8207
1003
8154
745
960
775
7728
8385
8899
8596
5159
6091
984
731
8499
266
3368
5515
6154
8056
7636
695
6178
7802
8998
969
8661
5662
1515
7938
5117
7478
7186
3232
8235
976
6365
8743
951
6355
7234
6970
48
6073
733
8961
8477
7878
5742
6902
986
285
101
955
626
5186
880
5765
858
5008
8859
953
5723
2374
1288
724
45
5768
8636
2288
8665
4761
2062
6630
1744
526
1006
6728
6918
2780
1907
8376
8136
4550
3875
6260
7753
8591
5715
5853
5675
9012
5288
6609
8167
1024
8589
8761
647
6798
6521
1870
8670
741
8777
7254
4427
1046
5611
7738
8410
5968
840
964
5264
535
6826
2659
1367
7407
8629
2769
5597
4740
1507
3377
1513
8580
970
912
1777
232
725
7705
6676
6314
8819
4821
1812
3235
3281
7293
6318
5839
1187
5729
1012
2300
5134
4076
1053
3816
6835
6892
7394
7245
4809
8142
1739
965
8920
8039
1624
2154
8684
7748
5689
6404
5936
954
2340
7831
3093
5038
6684
5625
1844
990
6744
962
5312
401
7204
5815
4941
4923
6530
5655
3819
8984
485
263
1531
2798
4731
1330
8699
2937
8879
3324
6550
2912
6751
8977
6718
6579
6195
6624
7786
8147
8607
4901
998
8008
872
5909
6760
4162
5980
8654
2407
3307
966
4366
3869
2236
8709
5413
1042
8462
8720
5410
8768
4658
1317
6862
8848
2548
5834
4251
3489
6047
6390
5296
7299
5699
8187
5365
5177
2212
915
4936
8751
1021
8268
3799
2730
4437
4262
4984
5443
9018
7263
7888
8943
2793
6803
6777
5693
1125
3028
5139
6035
2688
3113
3238
8633
2183
2347
5282
6774
4801
6331
2982
7282
8807
6408
8507
3854
4153
6446
7316
1636
1508
5666
4241
3334
3936
7260
5398
5254
981
6832
7171
1581
4079
7577
2801
957
735
4920
3188
4765
1057
5198
5971
8910
8781
1004
6375
189
6591
5926
6535
129
4782
1523
4638
6636
2173
7078
6498
961
888
4795
2513
4420
2038
2860
7764
7995
1352
7789
7189
6612
5795
8604
3668
5291
2956
1019
6116
2772
7771
4844
2433
5285
7180
1834
1767
8689
4228
6885
4440
472
4312
6294
5641
2227
8914
8524
4903
3584
1437
2120
8542
2696
5329
5164
4414
659
8638
2775
2935
7481
4188
8574
8261
947
15
7757
3889
3611
6731
8882
7208
7990
7096
5836
6207
3157
1192
7619
2241
321
1013
6513
2647
5710
6547
4873
2478
4263
5553
218
6963
6678
3632
6985
7881
4577
5588
3417
4316
2686
1209
1676
5466
1059
9001
1750
5752
5672
746
785
5808
6121
6559
4171
6103
5012
6584
886
1020
196
6242
3387
5940
7502
8453
6896
5323
8642
4727
7817
5440
1590
6568
2582
2983
8121
864
3127
2709
8275
2764
7107
6422
3428
963
5080
1026
1472
2418
2186
6768
6286
4404
2660
5735
2473
8366
4417
2981
4584
8640
870
6470
3213
100
8387
5055
881
3608
5572
3882
2441
3081
5161
1525
7944
4639
8833
6932
8840
7698
3707
7587
3928
7445
3263
3924
748
7894
1771
498
4432
7822
8484
869
973
1010
5017
7932
2184
6645
1816
3210
2976
4976
865
1030
6791
4401
7012
6143
3173
5684
1617
6887
6732
6754
5732
6800
2640
5736
5746
6852
6105
6851
5796
6706
5700
6341
5680
5685
6342
4677
5678
6432
6436
4889
5686
6464
5847
5690
5826
5696
4832
5670
4450
6060
5001
3284
7919
5002
8610
4104
7153
4477
5003
8423
5004
7947
4300
8372
8371
8985
8130
5275
8966
8955
5577
7198
8672
5170
3654
7419
7346
8582
7309
3825
5517
7702
5401
5400
3499
3497
4994
3491
3957
5373
7791
7235
5363
8949
7357
7063
5034
8828
7017
8138
5667
8785
8835
8158
8123
4929
8838
8197
8872
5056
8921
4834
4999
4878
4833
7272
5243
4980
6077
5462
3758
4045
4428
2546
4016
3241
205
3096
6827
968
4391
5203
2651
1562
6000
1147
8482
2892
5179
6493
2415
2668
1810
4911
3218
4105
6254
8576
6658
5530
2832
1017
2687
8239
4895
5218
7160
8451
6243
8864
1060
4680
5772
798
885
893
5053
3702
3587
2004
2654
7038
5952
3359
6322
522
2799
1476
6234
4121
5832
6232
1040
6562
3575
3656
2009
4066
8131
3759
3500
8865
1032
1225
4846
4490
1839
5604
31
5891
4532
994
6850
743
5271
2090
7487
6296
7380
1281
1980
1047
5226
4981
1819
7055
3805
2427
2383
2741
6533
6703
3194
3753
5085
7976
516
1501
1696
1132
3445
2442
4967
7130
8903
1824
4326
2118
4246
1752
5378
2621
2617
5193
4394
6641
2082
5810
2385
4095
5569
1336
3851
8609
6440
6516
7583
720
5801
1805
5825
3125
6981
7979
656
7228
6536
2318
4945
4298
8157
2043
8492
2496
5449
7099
8614
3495
2404
4086
1876
6509
3795
5787
7897
3996
892
5548
3860
6211
1997
8722
3503
2134
2993
9004
4649
1104
1018
747
4979
6748
4718
5033
7211
5352
1084
2900
1702
4194
5504
5888
155
5210
6186
5470
8511
7126
6840
6782
93
719
4464
5214
5518
2188
3845
4830
1092
7492
1517
2394
4963
8827
2078
3034
1161
7792
6104
8854
1690
7090
1852
4861
6739
2961
937
3199
2829
2344
3176
274
3251
1014
1668
2605
2428
1973
5075
7818
2440
8009
2761
938
1909
1959
4914
7809
2399
1688
1295
7584
8948
2941
8950
4811
6762
3997
7415
5558
7845
6415
6977
3492
8044
4292
4692
6370
8526
8908
5900
7044
6348
4020
7566
988
1363
6383
5857
5707
6223
3752
4666
2774
3160
4678
5882
5419
3408
3434
3604
7840
4925
3522
1822
2284
492
8979
5438
5489
8583
2534
5135
3351
8675
844
3971
875
3714
5433
4743
1582
4177
499
2155
6930
1831
4996
4220
8015
7386
5333
5901
2581
8906
4603
6920
7456
8404
