item_recommendation
25737
7872
8571
7541
8327
7697
8360
8447
7914
7613
8420
8522
7669
8093
8253
7802
8117
7560
3232
7636
129
8225
8183
8207
8033
980
7782
1120
7437
5410
7407
8385
5159
407
140
5597
8070
6195
7938
647
1777
5515
1744
8859
6395
2605
8477
8056
4830
2659
48
8261
8235
8661
7234
7932
6365
4577
7649
4658
1562
266
2227
1513
6091
5723
7738
5772
5177
314
5980
5198
4262
285
1767
6636
4171
522
775
2686
5765
1523
4809
8743
6850
3324
561
4731
4941
4873
6211
1003
6970
8154
6559
1816
8003
5470
6658
8684
7809
526
5556
4782
5264
4821
2062
626
535
7753
8879
4600
7995
953
1111
1907
3668
8604
1145
4437
984
341
6669
1046
733
966
3210
615
6579
7263
427
4911
840
695
4696
6918
2981
4366
5489
960
7121
7478
955
100
7245
3751
1288
2212
232
1437
1024
263
5498
8403
858
4079
1535
745
8961
3235
7228
6318
1812
1580
8899
3587
3368
3377
6690
321
4166
2340
4290
793
1320
3354
5909
4246
6832
7577
5269
6493
3608
1652
2504
4649
9018
2300
888
6440
7888
7186
3127
994
798
731
4316
4703
7881
8751
3292
144
4404
1870
1310
3889
7130
4920
5312
7444
6314
969
1281
7979
5193
5787
970
3238
472
401
5008
8977
8722
6826
5784
659
3702
7492
2478
7272
3428
1187
5114
8136
8376
8511
7619
7748
1788
4162
498
2793
6077
4550
741
5689
2374
1472
6355
4414
1135
5729
8709
9
951
1476
4342
6140
5161
872
8290
5588
4673
6728
299
2159
5134
2772
3875
7204
7038
5611
8903
990
2966
7222
6498
6178
4584
996
1771
6932
4795
344
1794
8761
101
3816
5346
4638
3281
2236
422
405
7394
986
6154
3604
1453
880
656
3351
7282
1020
1575
5315
2935
617
5825
7786
4748
8848
8998
7728
485
6676
7705
5413
6412
1702
6612
1970
1515
8642
1161
875
957
1590
8157
7587
7698
3707
3263
8462
3928
7944
7445
8833
8840
4639
3417
3924
1507
4923
5352
5348
2660
2173
1427
8451
1696
5069
3034
4945
4936
1404
1125
1531
8008
3370
7195
4296
3854
4861
5473
6073
5033
2647
1482
8187
9004
2937
7976
4121
474
3575
1006
5038
2231
6322
3632
2288
1525
7293
5791
4634
550
870
6630
3522
3434
45
5202
2780
9001
881
6148
6609
5534
885
3869
8810
1209
5947
68
2688
6509
1253
7171
678
886
3408
8596
8777
7789
4761
4709
1839
1013
6390
5810
2415
294
6404
5538
1225
5164
3188
4273
4605
4284
8589
7757
10
4383
1021
2976
2752
964
2617
196
2798
6000
1076
3093
1819
8410
3489
4051
5398
7260
5666
4101
4885
981
8675
3852
7583
4088
4552
1746
1057
383
5952
4901
8700
1060
2442
3251
8665
2676
2669
4076
8819
3140
5139
8695
499
1352
4391
2241
564
8910
2516
3086
1126
1132
5449
189
3845
3798
4168
724
4420
1891
848
2366
5182
8453
183
8336
735
5662
2318
6373
1397
1004
8654
1721
5427
8650
6863
7827
8362
2268
6582
4886
2687
700
31
8914
954
8772
7250
2493
3723
4524
5021
3113
4278
6473
778
661
5222
824
6207
2494
3649
6550
5117
2496
8167
5850
1950
1394
4895
4375
1684
3780
4066
2745
3936
4241
3843
1030
2130
1354
4801
1624
6279
3028
2801
8620
1275
3194
725
1517
1493
3584
8943
5053
3714
7720
483
6521
2829
8633
184
5179
1608
8169
2674
6877
2570
1055
2860
2900
132
5440
1783
3975
6243
6341
5846
3819
6305
7126
4511
6552
6985
2385
2769
8699
4458
2344
1639
963
7792
3334
3996
3831
6051
1331
5718
3256
447
7340
4865
3207
2612
2531
1826
7115
218
8574
1676
5864
5
1240
227
6525
6143
6920
282
6056
2761
3402
5585
4486
8689
4194
1739
1569
2204
1026
3072
3420
7177
3163
7840
7897
915
16
4947
18
7878
718
965
2248
1479
5808
1112
3643
2581
3307
1363
8920
419
976
3388
7894
5655
8957
3111
720
8616
1831
5254
2786
4740
3160
5843
5288
8228
4727
6400
2779
1077
8927
268
4318
1581
1012
8629
42
2815
2465
4645
8827
2982
2468
7347
5137
6892
6957
8607
5742
4399
6482
6367
6476
7316
764
2283
938
3917
7831
6856
3016
6816
6744
105
3081
7101
523
6760
4771
5464
2892
1295
159
6032
5503
3474
4432
816
3807
110
5233
6522
7011
2398
4803
6615
6446
2149
742
4737
4312
1
7254
5458
2770
935
492
650
2439
2195
3747
529
6405
2893
332
2350
2207
4515
4614
7016
2563
179
3616
5101
145
2507
6927
746
7055
5443
8864
3285
2689
2775
5017
3868
869
1821
3594
1657
4255
2427
2642
4251
2929
2141
3087
3844
1210
914
2557
1946
6123
2497
6751
2404
2306
5433
1508
3066
302
2621
4060
8528
4459
4716
4381
8795
6238
4767
8970
6387
8584
4745
4403
4465
4749
6468
8544
6037
5544
3879
5255
5283
7815
3835
7934
5506
5505
5450
3788
3695
3679
3673
5404
3664
5057
5366
3661
3476
5066
5300
5299
5682
921
3897
4975
5841
4960
4018
4140
3618
5792
4932
3992
4175
4464
3943
5705
5694
5231
4818
213
5417
861
6902
2912
6798
4642
5707
4625
5888
5834
1670
423
1330
309
4226
4139
8670
2615
7139
1854
4893
1131
1042
4033
2076
2154
1834
4558
5298
3859
1248
8979
3913
1883
2418
1380
828
4205
3316
2394
4659
1951
2668
1243
3456
201
4190
3983
1852
5010
748
4177
2600
5218
7502
4191
3920
1769
6303
3521
3060
1017
2681
3809
7299
5103
4114
2094
6121
5319
6166
3626
5628
2730
4401
5564
360
8865
1500
5926
8273
2704
2486
8387
1041
1019
2284
6284
2577
5478
2174
8388
3401
5065
8482
3687
531
998
2186
582
4081
3660
1864
2397
3296
4666
4197
3646
3759
3507
4394
1671
1100
4349
558
15
1688
1844
464
4626
3804
5530
170
5165
1346
2839
2985
3430
1196
