item_recommendation
25737
775
7872
8327
7541
1513
8093
8117
731
8571
741
980
8183
8225
5515
7697
1003
8290
733
1515
8447
8360
8403
7613
735
1507
7437
8772
1523
5159
7669
8596
8033
7560
7782
5742
745
976
2686
5410
2769
8253
6091
8499
1870
5662
5186
8636
724
869
7728
986
5597
6154
4550
8899
626
5768
6260
5853
7878
5198
6073
5715
7914
8591
5675
6902
9012
5288
960
5008
5282
1739
746
968
1046
129
5723
2798
725
8743
828
984
6918
2741
990
1777
8003
7649
4795
1006
5489
6970
8580
5177
2912
1525
864
8136
8376
1030
4731
4727
786
3875
1744
750
720
5312
4740
7636
2688
963
5765
893
2513
8207
719
1021
5729
1819
1057
1004
2300
1026
2227
743
1812
5323
726
4600
1831
2982
2937
4440
1907
748
695
8420
969
1497
964
1624
6178
2659
7938
875
4830
4316
5275
1008
3232
3235
2186
2385
8720
4696
7478
401
1053
3238
4076
8154
2546
1501
2440
2772
1771
951
2801
1288
7831
2669
2183
888
2481
3324
947
1750
6294
1500
1317
8859
8998
7204
3751
915
2438
1508
3368
1020
858
2687
981
961
1147
6751
2496
2668
2770
285
526
535
4153
765
7245
2892
8807
1078
5672
2473
8524
6355
955
2651
8607
3408
6760
4016
2976
5968
2347
5055
8410
6404
101
266
6436
232
474
2248
3173
5808
7234
3489
5710
4649
5053
6835
994
2120
3816
1010
6684
2241
1014
1060
2764
1040
2956
1504
8943
2696
8777
2689
2383
4658
742
6718
5365
5641
1816
2428
6547
5462
4765
5611
4976
5218
8699
5815
5161
3758
762
105
5735
5689
8768
4366
6896
5936
1192
5839
2605
885
833
1042
5699
7802
4079
4312
3500
8542
5625
1688
7822
2582
2983
3452
2487
5655
2829
3334
472
5752
6513
3402
5033
48
7771
5666
6047
5038
1037
1909
912
3656
3388
3759
3194
2993
1822
8848
6493
5398
3936
4241
5254
7260
3522
2548
2504
7254
1047
793
5795
5170
6676
892
7171
6498
8056
2118
6530
1059
6803
1132
2534
4801
8629
6121
728
1580
8661
5684
3611
4420
3604
3889
4680
6963
5443
937
753
788
3188
721
5243
5572
5400
6464
4941
6422
6035
6375
6800
6706
8366
1187
3456
2774
8838
2288
1331
2441
8882
1041
4980
4450
737
6826
5363
973
3854
4834
5670
7235
8123
5667
6342
6341
3654
7198
5577
6432
5680
3497
4677
8921
5401
1617
6584
7947
8949
5678
5685
8828
5746
6060
5940
4300
5847
8371
5836
5826
4104
5796
6105
8610
4889
5736
3957
5732
6331
8672
5700
5696
8197
8147
5686
7919
2640
5003
7017
3284
5034
6754
7419
5001
7702
6732
5056
4929
5004
6852
5285
5002
6887
7791
6851
7357
4994
7346
7153
7063
7078
7309
1852
5834
2832
3584
1036
3359
4923
6645
2184
3338
2212
3880
4996
8142
7012
2573
865
802
2835
3575
938
4878
4477
8138
8423
8372
8158
8582
8785
3825
5690
8640
8275
3499
8872
8955
8835
8130
5373
3491
5517
8966
4832
8985
4428
3241
3113
1581
4095
1639
1104
5139
6774
5693
953
6408
6768
1767
4263
5466
1636
4999
2815
3096
3495
2780
1876
6232
998
4833
2654
4584
6103
6533
5518
2570
4105
6827
5203
3417
931
3851
5085
8070
4246
1125
4437
218
3702
1735
798
647
6286
2231
4033
8665
8167
2415
5291
6985
1084
8638
1352
6296
1394
1690
4979
6470
2082
5419
4821
1836
954
2521
3152
2938
7186
4401
2799
2690
189
4645
2354
3051
461
3086
3307
1755
764
4414
4967
3900
2202
4532
1064
4404
8961
766
527
1980
1805
1017
659
1437
8235
1035
3125
3753
8462
3989
3649
7263
5346
6225
1245
1023
6630
6728
5114
16
1024
886
2465
1012
2407
7888
7786
5418
785
1111
6678
9018
6368
5585
2460
1794
870
4736
3140
1013
4873
2090
880
3127
988
1627
2572
5588
7208
2131
1429
1346
8684
1161
2134
1493
5135
3831
970
1472
8042
2188
5167
3160
4014
4612
1631
2730
3819
5504
2500
6579
4298
4524
7764
6314
1056
4577
8589
8477
879
4490
3269
2295
4634
1657
934
6609
313
2642
205
3095
8522
2340
3690
840
1590
3445
6744
2339
2600
1951
3081
8879
8709
8920
4101
759
2673
2399
4761
4290
2567
4121
4228
1517
4012
3481
4011
1241
4010
4053
3979
4009
3243
747
2342
2925
6612
2506
839
4171
9001
3754
2494
2647
485
1562
1582
4782
3211
5427
7753
1608
1148
1019
3093
1901
1518
4380
7881
4043
7738
1619
2398
1209
4728
1499
1031
6243
8840
7698
3263
6932
7445
4639
8833
7587
3707
3928
3924
7944
6093
4981
2660
5304
5483
962
6365
2478
25
966
5341
1844
4349
760
4659
4984
8642
6450
8039
4625
407
3218
5377
4861
3668
7407
6056
5342
5302
4636
4640
5463
5637
5222
4676
4333
4977
4954
4662
321
2981
2735
3377
4627
965
2617
8654
5891
3357
8385
7995
45
769
1526
2159
2278
5364
5236
5265
4519
2721
609
423
4337
844
2722
2692
1860
4902
2427
2493
1410
4191
9004
1032
4251
3714
7394
2236
4638
2878
2935
5356
2173
3292
5375
1281
2490
1604
1018
1367
2368
5182
2796
8689
4903
7894
3150
3358
7932
6671
1301
3428
1629
531
4987
337
2062
916
2699
3996
7228
1025
5241
6318
2639
1873
2880
8781
929
5199
3784
3262
4888
4643
3892
3159
5117
4963
3843
996
3067
7038
1005
2577
656
4045
2189
1839
3256
2467
2897
4920
1556
1092
1103
2283
3155
2866
5810
1734
900
3608
4111
736
1783
2568
2681
1016
2418
3687
4895
1502
7126
498
4520
4326
4936
1055
2898
824
522
2366
1759
881
2201
1625
5980
1696
2146
3795
1225
1997
2876
4051
1959
2363
2374
306
5193
2779
499
5449
3285
2786
3147
1186
918
3005
1204
3177
1226
1063
3042
3134
3068
1233
167
2789
2922
161
2766
1363
2988
1663
3852
3891
3692
2102
3343
