item_recommendation
25737
7872
7541
8571
8327
980
8093
775
1523
8117
1513
8183
7697
8360
7613
1003
8225
1744
5515
8447
1515
7669
7437
1831
7914
5410
7560
7782
8290
8403
731
741
1053
5765
401
8207
733
1046
626
5159
960
984
2686
990
1816
1777
8033
2769
8253
5742
1812
3235
735
3232
745
1507
5198
6154
8899
8743
2668
7636
986
6073
4550
798
5662
6970
858
129
8596
8772
8420
4795
8154
2227
7728
981
8070
888
5723
8499
656
2659
6091
4696
1525
1562
951
5597
7478
976
4600
1907
5186
8522
1006
3324
8859
2300
285
1317
828
5177
1060
647
2186
4731
526
5312
695
885
1288
1870
5489
5008
7649
2937
4740
1580
8661
6902
5715
6178
1767
2605
4830
8376
8136
955
2798
969
2912
724
8636
3875
5768
8003
4584
7938
1582
1852
870
535
1771
4366
6260
2688
2504
7802
869
2761
5288
2496
4316
2935
8410
1040
3816
7878
3368
4649
1739
8477
1057
1624
472
1020
5729
6918
266
1479
5853
8591
5675
1631
1472
8998
9012
1132
4658
1111
718
725
1017
1331
4246
5033
1608
2966
4076
6355
2772
4821
1187
4638
2982
48
4727
3188
3081
4262
479
1639
1721
4941
964
2385
5772
1125
2687
912
4801
1145
3604
5264
1026
3575
2780
2159
1059
963
1021
5161
5689
1526
474
232
3238
6579
915
8777
4440
1437
719
7234
8056
2689
2835
2815
3150
893
864
2546
101
555
7245
4079
8580
1147
1004
2786
8261
5282
1161
8879
4437
1012
2976
2427
746
2212
720
2647
953
482
3194
3086
3292
2440
8699
2342
3051
3408
1032
4349
2288
5134
6195
1030
1819
1980
5038
5275
5254
2415
1042
3702
1497
1690
2981
7407
5666
5053
968
2241
742
4404
3377
6826
1688
2799
205
5114
6404
996
1794
1047
8961
1783
2832
6751
3334
5936
7282
793
2829
5443
880
1508
3210
4782
1352
1652
886
7831
750
7260
3936
4241
5398
6728
4153
7786
961
2231
6314
3417
947
938
3489
16
1066
2494
7753
3152
2441
3522
8235
4680
4873
4923
5839
2801
1363
7186
1013
875
2793
4765
998
6493
2383
2696
5672
7254
4809
2956
6211
1696
8709
5968
2062
2770
6294
8629
3338
2752
6760
8589
3759
2467
659
8720
2340
218
2567
2766
6365
613
2866
1358
5834
5980
1569
861
2120
1750
2347
4861
2534
5655
3587
2582
2983
1476
1788
1209
5365
2513
3281
2572
6408
966
4401
8761
1951
461
1078
2617
916
954
1834
3819
3402
7738
1024
1225
1501
3608
337
2779
881
1517
5139
3751
7809
5808
6121
6684
8848
1104
2236
3125
2399
5611
4577
105
4911
1959
3354
2439
6630
2741
5815
3357
1873
1997
943
2481
189
6436
2596
896
4016
714
753
2545
4033
6835
5588
2183
2364
918
2922
1204
2715
3068
3042
1616
510
2393
99
2403
1080
162
3211
2325
2633
1590
704
2327
2074
3134
3177
1233
1063
2285
1226
1388
1186
3147
2789
2215
3005
167
161
1759
2521
3388
306
786
4432
6718
1394
997
4987
213
4101
3127
5699
5055
3359
8807
2669
6243
2478
8665
5182
5710
2892
5585
8684
4645
685
7293
8147
1730
3996
748
1909
2600
970
3563
8462
5752
3428
1657
994
1008
4228
4337
8142
5909
3140
507
3113
8451
8943
8607
6513
4511
2465
5346
2570
1660
4284
4290
4171
4273
872
1089
45
2858
6498
2548
1184
833
2473
4414
840
1192
2146
135
5518
1218
7881
1429
1841
1099
6612
2660
4976
3805
6547
2155
1049
2078
1120
4263
2202
6932
1876
5462
3928
3263
7944
3924
4639
8840
7587
8833
7445
7698
3707
5556
3668
4380
3307
802
3854
839
8385
3006
1281
3284
3456
2674
2043
8524
1844
1085
7888
2642
3430
9001
5352
743
6803
4420
879
2975
1196
2651
726
2195
2634
1581
6774
3758
460
5641
95
5735
5323
1135
485
8542
6676
1531
1301
2442
1103
1726
1493
5795
3656
1970
7771
4251
973
3889
7204
5684
6963
2082
5470
6225
991
785
7078
6800
2429
6985
5427
2204
8920
6768
3649
3795
6395
1037
8654
3071
1972
1518
2366
3024
8882
5572
4718
2699
6047
1031
5193
1095
4686
5732
8768
423
1836
1346
276
2621
6422
278
407
6896
5291
1010
7171
2009
3160
4634
5243
892
2398
2722
8722
2990
8642
4833
5625
2986
8633
2318
2090
1487
3358
2468
937
988
5787
7419
4162
6375
6341
2046
6706
313
4612
7038
4524
2134
2283
6279
5170
2843
3218
5940
8275
6056
2581
47
2173
3632
322
5363
8187
5375
4399
6318
2946
1393
8838
2533
196
6464
7822
1689
2407
1261
4761
2197
1929
7346
4477
1556
6035
3611
1500
327
3173
1056
9004
4933
2352
965
7619
934
7932
1667
3584
1041
5825
2751
2527
779
1177
2787
8819
1711
5285
999
7198
6286
8689
922
547
2493
7919
6331
4191
4312
3880
1715
7995
2396
6887
7357
5836
5400
6584
5693
3843
2039
348
1826
1549
2248
4051
6530
1320
2374
2609
5784
5269
1036
7272
523
1488
2880
2207
4450
4929
8672
4300
7309
7235
3497
4677
5736
5678
8582
5746
8640
6432
6754
5670
5680
7017
5685
3825
5667
3491
8785
5796
2640
5056
6851
5401
5373
6852
4104
7947
5690
5696
6060
5847
7791
7702
7153
3499
6342
5034
6105
8828
5004
4832
8872
4889
8197
8921
3654
3957
5577
5700
5686
7063
5517
4994
5001
5002
5003
5826
3892
3784
4888
929
3159
4643
5199
6732
274
2350
499
5117
2827
2507
1101
5466
3851
1064
8977
2577
2753
2985
6636
3869
2178
1860
5413
1018
131
2284
8835
1504
1502
2091
1617
6077
1245
3262
6645
2184
5377
4691
865
3500
1305
2639
2128
1428
8366
4984
4878
8371
8985
8130
8158
8372
8610
8423
8123
8949
8955
8966
4636
844
291
527
34
4954
3753
2154
6658
2730
2438
5222
2993
3709
4532
7394
6609
4105
5449
1033
3521
5218
3241
