item_recommendation
25737
8571
8327
8093
7697
7872
8117
7541
7613
8360
8033
8447
7914
8290
8253
7976
7669
7560
7802
7437
8225
8477
7478
8684
8056
8743
8070
6658
7809
7738
8183
8167
7636
8709
8207
8892
7728
8499
8403
8807
6178
8848
8650
8385
8410
8420
8154
8761
7407
8522
9018
8596
7293
7649
8039
6154
8827
8542
5159
8235
1562
7782
8003
7932
8482
647
6559
7228
8633
8273
3232
7958
8511
8899
8772
8927
7245
6918
6091
8228
6410
5433
6547
6365
6073
7995
8819
8147
6751
8451
8187
1535
4920
6760
7394
5597
5909
3316
7299
3643
7099
8625
8600
7272
6676
8670
6636
6850
2779
8777
6609
7130
7334
8751
6695
8636
8331
7502
4378
7492
7444
4941
8695
3281
7171
6826
3377
8239
4296
8879
7826
4782
8661
8699
8675
8779
5980
6493
3660
7919
5765
8392
3368
6513
7987
6148
7564
8491
5503
7892
3616
6000
6703
8998
5264
6579
7743
7888
6624
6195
2236
7840
8607
7379
8589
8136
8376
6498
5333
3747
8620
6832
5117
7757
6355
1900
6021
6223
5622
3111
3798
1310
8857
5850
6162
7263
8194
5254
7881
6721
387
5715
4462
4846
2231
6114
7234
5515
7834
7458
8008
7951
6419
7753
7619
8580
8718
8336
8903
4873
1145
1532
8730
6281
5151
2605
5968
8810
4290
5553
4577
4146
4262
4534
8014
8711
4302
4498
8943
8524
5815
6684
8689
4121
6662
3221
7121
4060
7705
7204
1711
5296
6140
4486
1275
5568
5186
678
1397
1453
6867
6620
4584
8616
7897
7878
7101
1120
626
6862
1883
6628
6816
2219
1783
8604
8261
5028
5839
3441
8266
8838
3459
6927
6902
5008
8484
4552
7748
4194
3235
1652
6706
8961
8142
1523
4251
1835
6877
3816
1777
7282
6835
8795
6970
5936
7484
3163
7022
3185
5723
6132
8502
4207
6260
126
66
8654
7055
2117
6944
1788
5808
5742
7456
5853
6728
7577
6739
4420
2006
4600
6143
6906
484
2310
6400
8387
2819
1804
8920
7186
5788
2681
4073
7762
2824
6591
4095
6957
7820
7198
2615
3174
7720
4366
4914
1791
8835
4414
5025
4928
7773
6533
5146
7340
8979
2704
6348
5288
5675
7327
4666
7160
3273
8813
8963
5628
5926
1391
5329
2478
3893
4911
1437
1707
110
6840
4809
4491
1234
7831
9012
8591
5768
5932
3072
4844
3594
4984
5825
6571
1819
6803
3259
6056
4101
4927
1954
5942
4821
1404
702
7038
6159
4761
2180
9010
6121
2481
8199
5046
7192
7036
6669
7016
6765
209
4203
6718
7787
8656
6678
5382
333
6748
6408
6464
2170
3875
4359
4896
5989
1580
5585
4076
6031
4709
4229
5625
7938
8665
1419
5693
504
4039
714
1513
5662
7050
4369
4155
8968
6116
2397
1844
8720
6294
6650
1880
4210
3284
7110
3310
4987
8859
7034
1552
4550
6794
3515
2282
3142
1003
3194
2956
300
1317
8254
2935
5581
7136
2594
7766
7150
3038
3266
8915
8057
7812
4848
6378
4688
4090
2020
3213
3467
5603
980
6568
2243
7487
6440
7107
7078
7302
8853
3250
3698
8617
7352
8169
6458
6615
5291
4731
3773
4716
8866
6686
2822
3922
7979
3837
5611
3178
8808
1408
3133
3057
5038
775
731
2659
1549
4246
57
8954
8823
17
3543
7161
3637
5214
1161
4458
2745
7135
4084
8910
1507
3531
5440
8871
5033
4139
8531
6077
806
5689
7386
2162
5729
1111
561
8275
7585
2832
5732
5699
7448
6245
3799
6218
4632
4854
7346
1603
8462
7142
3489
2372
4477
8044
7211
2959
6530
1648
5410
6641
6521
1746
140
303
5888
1824
7208
3955
1466
5521
3474
1479
8640
7789
5177
4437
5462
8019
1320
6047
6446
4321
6390
198
42
5965
6416
4859
3587
4878
1212
6093
3127
7254
2144
6051
7325
1194
5134
6422
2620
3889
3421
285
3173
885
6762
3408
7583
4840
3494
659
2031
7771
6166
1999
7219
6896
1361
4033
6671
6768
4316
6503
8341
2964
4795
4406
1242
5832
5971
2780
4178
8121
1073
7817
2769
3192
2784
4765
6856
6977
3110
864
6857
7894
3857
3201
5902
414
7990
4740
1979
2041
4602
5801
6806
4508
6993
76
132
4538
7790
8240
3872
5933
7625
7076
8373
8623
4281
7143
3098
8577
8208
7959
7925
4213
2641
6898
7786
1642
5198
1515
3060
5323
1936
6690
4201
6743
72
2414
6107
6774
4555
5282
3308
7841
5617
5398
6237
6981
3320
3611
1370
5021
3981
5170
8157
6383
5641
6182
3309
5304
48
2374
8781
1931
7713
4153
34
7323
5404
4681
7222
7569
3905
7700
2073
5312
6954
8614
3324
7946
6283
7706
6617
7843
7355
6185
7844
1569
5378
366
4818
4151
6426
7924
8850
6318
976
2606
4482
2067
8790
6331
5372
7137
7366
5101
2174
3801
6885
2607
3646
1269
1126
5947
8882
7206
1684
4002
3885
3665
4923
4386
1733
1240
4506
3768
7934
6966
401
2565
7832
2116
4895
3996
6404
3093
7096
4102
5891
8123
724
6630
7764
6564
8263
960
5139
6412
5275
3653
8873
3313
7380
7415
1767
6470
4177
6442
3334
4427
2782
1744
2318
3936
8576
4047
1354
3608
4401
8914
4051
1076
2445
7941
3247
4432
6322
1886
1575
8884
379
2979
5655
5772
6880
858
5754
4241
5666
7260
1878
8638
8487
2613
1870
3176
4135
7147
3752
8009
1387
6755
8268
8526
8908
6415
4692
8948
4811
7584
3492
6370
4292
5558
4020
7845
5900
3997
2941
8950
7044
1279
3357
4885
2624
3693
7566
3983
1873
3470
6436
4023
5523
1739
5857
899
3961
4522
4299
4496
1442
4343
4037
3623
200
4453
3568
4276
4527
4169
2065
3553
8768
135
3868
4312
8507
1937
3560
8016
227
345
3962
6375
5489
2389
3216
5795
7265
188
2536
8724
4880
6314
1463
5080
2647
896
4344
6431
2915
2587
1944
3728
898
8864
7624
4684
2657
5684
7419
6863
6582
7827
2268
8362
2300
4886
1809
3379
551
4930
1632
6460
6367
7759
8977
2107
2633
5572
3086
3028
31
7774
526
1165
