item_recommendation
25737
7872
8093
8327
7541
8117
7437
7697
8571
980
1513
8290
5515
8225
8360
775
8183
8403
4795
2769
7613
5159
5186
8447
8499
7560
8033
7669
5742
5198
5662
8772
1777
7782
1515
741
1831
5768
2227
1523
8253
401
8899
6902
1744
3232
7914
8636
8596
4830
6154
731
6260
986
5410
1053
8070
4550
1317
7728
2686
7878
4316
8591
9012
869
2688
5715
5675
3235
1812
5288
5853
3324
8743
1816
8410
1161
5723
2976
1771
733
1006
1870
798
8154
1003
4076
990
4731
2761
888
4740
4696
8003
1525
535
1907
828
129
742
1057
7478
2212
3604
2687
4584
8376
8136
6751
6073
718
1688
2798
2815
984
1507
2288
3875
2689
6970
7636
724
858
5672
5312
2829
1852
1017
474
6498
2659
5765
105
1472
626
5161
8477
1060
2300
266
1582
526
8998
1721
3575
2534
2496
6896
2937
695
285
745
5968
4016
6918
2546
5275
1187
1288
2983
2582
1209
2786
735
5710
8147
981
885
4727
8580
1624
1739
5055
2780
4680
1580
4941
2770
6760
6178
2383
6091
5177
4765
1508
8859
3368
998
5839
2504
6355
5936
5597
3238
2120
2966
1346
1639
2772
8207
1363
5053
3758
4401
6963
5033
8420
6243
3759
746
1047
8777
3816
7245
3194
5443
938
2982
5729
3522
5282
1951
4111
5346
3402
2202
3649
1192
6684
1836
4649
5735
2186
472
8807
1333
2513
4101
1497
969
996
3086
4563
5815
2668
5243
964
720
1608
6404
8661
2385
915
3359
3358
8848
2497
1690
2892
864
1696
2835
2399
1819
2801
2467
4861
2600
3357
2866
3051
8607
1750
947
3188
1032
725
2572
1631
4976
951
5489
6728
976
8720
7171
2567
7649
2154
3211
5375
2696
8699
1909
205
516
1500
4801
8542
6718
2009
5008
6375
2078
2494
6121
8768
5365
4440
1059
8524
6294
8943
16
1556
3150
4349
2427
743
3388
4246
4354
2182
2633
5625
6436
2325
963
2596
1004
6803
218
3753
1394
7419
1783
2793
893
162
2465
1959
2493
3489
48
875
6464
479
3177
2715
918
2789
1388
1233
3147
2766
510
167
3134
2403
2393
1616
2364
99
2285
2215
1759
2074
1226
3068
1080
1204
1186
3042
2922
4987
929
3784
3892
3262
4228
3159
4643
4888
5199
2880
2935
6676
2441
1021
5655
1033
3081
1063
3005
161
6513
704
306
313
2415
7254
8709
1046
1730
2639
1042
1980
659
2605
5752
5363
5666
2146
2521
1860
4873
5732
5323
1794
2241
2799
5611
719
7919
8665
213
5641
5466
460
2796
2473
5170
6225
4923
2669
6826
2990
4821
2858
1352
5462
507
337
1841
726
2651
1085
647
8835
2616
8629
1184
3456
2674
8056
1020
7346
482
1501
5888
8819
101
4782
3420
7771
5038
2570
6706
2741
2545
7802
931
6774
5572
1997
8235
1218
4532
1526
2986
7938
7407
656
6835
3377
2429
2975
1030
7738
2159
3521
6754
6105
5696
6422
6432
6341
7063
5836
7198
6331
7309
3499
3284
7235
6887
5826
3497
1617
5670
3334
5685
6732
5847
2640
5689
5795
6060
5746
5056
5398
4929
5034
8828
4104
8955
8882
3957
8838
8949
3654
8640
5401
8123
8275
8921
8366
8371
7822
5285
4241
8872
7702
8197
8610
8672
8985
5003
8966
5400
4300
3071
1972
3854
6645
2184
865
5684
5699
4834
4999
47
7831
189
6800
2634
2956
2583
6470
6035
3889
4417
1767
2342
3880
961
461
3702
5686
5577
7078
7791
5678
4450
5700
7947
8130
4312
5796
5517
6584
5667
3936
7153
5736
5373
7017
5680
8158
4889
7260
8138
5690
4677
8372
6851
5001
3825
5254
4994
3491
8582
5002
8423
6342
6047
7357
5004
4832
6852
3611
8785
4477
5940
4428
8451
4642
4658
2442
6062
1653
547
2946
5203
527
991
2439
1095
3210
232
1145
7012
1428
1026
3241
2155
2178
2981
423
1225
5356
7208
3996
2985
955
5585
2347
7753
3127
4833
321
2043
5909
2531
8385
278
1504
6296
95
1018
960
5264
892
8633
2195
3113
3926
3173
8781
1147
5324
3801
2694
6530
4404
1689
748
34
4600
113
7748
6314
8142
5518
3006
3871
3199
2752
880
5834
923
1135
4645
1929
5693
499
2039
4414
1307
7234
4153
7204
2340
802
6768
1013
8684
4337
8589
7786
1331
8462
1839
2843
348
201
2478
966
2284
2440
881
4420
5164
953
4437
3656
1125
4366
896
1235
8920
4105
3307
3843
4045
907
4263
2090
1305
6612
5335
5630
9018
4803
1518
2438
2335
7293
8522
131
5085
1012
4511
1024
839
1196
2481
3417
1036
4577
4262
886
1130
328
1132
1092
5296
2535
3281
71
3821
2062
2374
4963
4980
3292
2458
1652
8654
431
1657
2912
3354
8482
6827
8167
3430
833
2422
945
2647
2248
3044
5971
1667
2642
7888
1901
8761
2327
6286
2775
3096
5117
2091
4625
922
2764
4691
685
1301
4718
7186
9001
45
4568
3751
1844
1834
6533
1104
5588
3218
2826
3016
1228
3160
2318
7894
4079
3668
8670
3128
8576
3495
3819
3024
1437
1502
1056
100
2046
1148
6985
2730
8625
322
1796
498
3563
2677
274
8961
870
2609
4095
327
1668
4844
6568
3795
4979
4638
7809
7995
1453
5801
3928
7944
3924
4639
6932
7445
7587
7698
3263
8840
3707
8833
2817
2204
3845
2339
912
1358
2437
2398
1252
269
351
1055
1286
1150
2660
908
2559
1821
1981
1549
861
6748
4761
7107
916
4171
3852
6408
2681
872
4033
7379
5009
5139
5304
5419
1928
2470
2134
2923
747
550
8187
4878
8268
2700
4380
1010
3152
372
2611
957
968
7394
1752
6547
2617
1152
1562
714
5080
3176
1581
1422
2860
1049
1699
2283
4432
366
7228
3805
2173
3408
3338
3064
1948
2621
8228
9004
4399
521
4612
4984
4293
4859
467
8620
3626
350
2864
5171
263
1365
3869
6678
835
2289
8927
8039
1970
422
2792
2506
829
3709
3735
3256
954
2310
