item_recommendation
25737
7872
8327
8571
8093
7541
8117
8447
7697
7613
7914
8225
8360
8290
8183
7437
7669
7560
8253
8033
8403
8070
980
8420
7636
7782
8154
8056
5159
8522
8207
7649
7728
8003
8772
7478
7802
5515
8385
8661
8499
8477
7938
8596
8899
8743
775
6154
8410
5264
8235
8998
5723
6091
1003
8859
960
7407
6970
7234
6073
6918
3232
7878
5008
1513
6178
3368
5597
8961
5742
8684
8879
5662
2659
984
7293
6826
4550
6365
6579
7186
1515
6355
5186
8761
8636
5765
4821
7753
8376
7245
8136
6902
731
745
3875
7738
6260
266
969
6835
8167
4740
5715
5288
6751
6728
4941
8589
8665
5853
8591
695
5675
7394
8580
8654
8819
5768
5410
6609
9012
3235
8670
8777
8633
5117
4731
5909
6760
4076
2769
3324
5936
285
986
5968
8699
733
5729
4809
5839
1907
3816
48
858
8709
4437
7831
976
647
5611
5815
6630
6559
6676
1812
1523
724
101
7705
951
1744
1288
626
7786
955
526
2300
8910
3188
5198
1507
741
4761
7204
5312
7888
6493
2780
8977
3377
1187
6718
2288
45
4427
5177
2374
6521
2062
535
1046
1006
5296
4584
7263
953
6314
4795
4153
7282
8629
5625
2688
7809
7771
6832
5139
2605
9018
1870
964
880
1777
8462
8607
6684
8008
5980
4366
6803
1024
1437
5689
6294
6318
4873
8720
232
6513
7254
7976
7171
2647
3819
5655
6404
8268
6774
4801
6121
4920
8848
5282
8920
1767
189
915
4923
5038
8187
6195
6436
4638
7932
8524
6047
8142
659
3489
5254
5693
840
8807
2935
5666
6234
2937
3668
129
6530
6748
6612
6207
1317
5365
401
5641
8147
7619
5752
4079
5926
4984
8039
990
1562
965
3127
3417
4577
1021
8768
2496
3334
6547
5398
1012
7299
7748
8927
725
8751
1053
1367
3936
4241
7078
8451
888
4727
6798
4432
1771
8943
7260
2982
4420
6498
6624
6464
7038
6390
3281
3608
966
1624
8542
3307
4658
4262
6375
2347
7208
7817
5834
7107
8864
4782
7577
4844
5443
5699
4936
2660
3113
6568
3238
4440
2227
7881
5772
5275
7228
2801
2548
8833
7587
8840
4639
7445
3263
7944
6932
3928
3707
7698
3924
5323
4251
4414
7757
5291
7272
15
7096
1004
2798
4830
1508
8642
970
8228
5440
8640
6896
3093
6408
7316
5808
6422
9001
6550
2407
4404
8239
6658
3028
1060
5489
2340
4976
4312
8984
5710
7894
6341
4171
6591
5055
8261
912
472
2415
5161
2696
6636
4016
6116
6077
885
6744
5795
485
1844
4765
3882
4121
2956
3587
3428
3758
3632
5033
886
7346
2173
8620
3702
8781
7789
4316
1352
8689
2686
864
2687
8604
3359
4162
5732
8482
6331
263
8882
5193
998
5735
6887
1042
7099
7822
8914
735
6862
2513
8387
6777
6706
5285
5363
2772
6509
4263
1819
8865
7995
6985
3284
3604
4846
6800
5672
6035
3795
6892
8576
6768
8275
2730
3611
947
7990
8366
8453
5836
5226
7419
8827
3869
7764
1192
7487
981
6143
3889
4188
5787
2912
6584
5170
2183
5053
5684
6885
2186
1980
7198
7720
5940
3194
3996
3387
881
9004
8903
5413
4450
3584
6470
962
1017
6000
4680
4477
7583
5203
2212
7502
7357
6535
5400
954
870
5832
2799
8123
5243
8484
3799
1020
3759
3497
4300
3654
3499
4104
3957
6963
3825
2617
5952
1581
1531
5001
5002
7063
6754
5401
7235
5670
8672
7309
5746
8197
8828
5826
8921
6060
4832
4889
6105
6732
5685
7919
6432
5003
5696
4929
5034
5056
7947
4980
4895
2154
5847
5466
4994
8157
8838
2318
8695
5971
5667
5678
7153
5577
5736
5700
7702
5680
5686
5690
4677
5517
7017
6850
6852
6851
3491
8609
6243
1059
5004
5796
8785
8872
8638
6342
7791
5373
2640
5572
8582
3854
4911
8371
2441
6739
6645
2184
8949
8610
8423
1580
865
5588
1057
872
2344
8372
1739
4649
5134
8507
4861
8955
8966
8158
8130
8985
5462
3210
7160
5888
5473
8835
1617
2473
1030
3656
5585
2478
5810
7126
7792
4246
6103
2009
5080
3096
4417
6791
7415
3402
1834
6446
2433
4878
7121
2976
8138
218
205
3714
8574
2793
6981
7012
1831
2546
4834
1125
3218
4428
2241
6827
4999
7135
3241
6678
5449
1330
893
3213
3251
3805
3575
4105
5604
1047
2236
1636
6286
2418
5850
1517
7380
4914
6562
656
5021
8675
6920
748
6440
720
8511
4600
968
4686
2582
2983
2442
2892
2120
8044
492
6279
498
961
6731
8392
8491
5825
6977
8722
6140
1805
8131
3456
3522
5085
2981
1013
6533
5433
7492
6840
8121
3851
963
6296
1816
522
8169
3207
1750
6223
1026
6641
3292
1019
869
2651
3500
4391
4696
4290
4632
1147
7979
6348
4718
8388
4833
5164
196
5304
274
4945
321
5857
4401
3173
7311
2385
5891
4161
6211
1209
5801
6703
746
957
8625
994
5504
2775
4375
6762
5518
5210
1476
6695
3199
5419
7484
4967
1824
1690
719
9010
7627
6232
1472
6395
4885
3863
875
1501
8808
4177
2668
3495
4228
4840
6254
4532
1676
3693
6536
4490
7566
5558
31
7189
2621
6186
7034
1010
8799
4255
7897
4963
5378
3157
5840
8525
8612
5097
8712
2434
3761
6566
7155
8831
5122
4349
5012
1104
785
2829
3268
3997
5900
4020
7584
4603
2832
7840
5352
2654
5470
8854
8948
8908
6370
6415
4692
7044
8950
3492
4292
4811
8526
2941
7845
5568
2581
2366
3176
6242
3479
8133
3615
3639
4238
3344
3086
6148
6686
3753
2764
2622
8614
3256
1525
1225
2396
3752
1145
2427
7818
2741
4462
1132
6743
7180
3351
3408
5165
1040
1876
4045
4691
6927
3388
8009
3160
6650
8042
2082
973
1281
7211
2394
6383
1569
2404
2993
802
7011
4987
144
3845
7481
6571
4511
2458
4552
5530
2897
3354
4095
2331
6957
6858
7130
5135
1479
938
6225
8979
2118
3751
7055
2004
743
6880
892
8492
6322
4024
1429
4979
8667
5214
