item_recommendation
25737
3751
7872
775
8327
7541
1513
3338
8183
8093
8117
129
8571
2686
3900
4053
3243
7613
8290
7914
4014
4011
3481
1241
4009
4010
4012
3979
3989
7697
3754
864
8225
3067
2692
8447
8360
3690
7669
2227
5515
2504
1523
731
8403
1870
7560
1629
2635
741
7437
6073
1643
2481
2874
765
733
753
2201
2938
3687
8772
735
8207
6154
980
5742
3452
2878
1507
721
7728
5410
2438
5765
1744
5159
8033
960
8596
5662
8154
3831
626
1147
1819
5186
8499
1003
719
7782
7878
976
1008
5715
2691
6178
1010
8636
6260
6902
869
1515
828
5288
3980
1030
990
2696
5597
5853
5768
2769
5008
1640
5675
7478
7649
2490
8591
9012
5198
720
3456
8410
5177
2385
2669
8003
2152
6091
401
2929
8899
4550
8580
802
8070
1777
760
27
2447
6579
737
8998
3328
1331
5723
2801
5312
8777
963
761
786
6970
7802
5282
984
2500
4795
4740
5729
1025
1036
4076
8056
2318
1317
5689
4731
8743
8699
7636
4600
8720
2770
3880
6355
1812
2616
7245
1055
745
1816
750
3388
3998
8253
5264
4316
5772
16
6751
7407
2398
1831
6918
6493
986
461
3097
726
1209
6404
1497
2513
5275
912
5666
3324
968
8848
1040
2976
1057
4727
1031
955
5038
1285
3489
2173
3334
8376
8522
5254
2539
8136
5808
4584
748
2440
4241
5398
8420
798
7260
2688
5323
3936
4440
724
2605
1739
3875
8879
2741
1046
4830
2600
7938
728
1907
2689
4246
5443
593
833
8629
1053
6408
4649
4696
8943
7171
2248
3232
5655
7254
2835
2611
6436
6835
6684
1006
2459
5139
746
1580
885
6294
2687
5968
8451
893
2812
6760
5672
2300
915
2892
2668
793
6547
8607
7771
5752
6718
2956
8661
5053
6121
8807
2912
1771
8142
7831
7204
2506
7293
2546
2496
1767
6195
5936
3194
2380
6513
4765
5839
6676
1525
1657
1909
1501
4016
647
762
3292
6498
5815
3284
2935
5055
5170
858
232
8684
8542
1631
3608
5710
2441
5489
1624
954
4312
681
5462
8235
3408
743
8147
2241
1688
8524
4153
6803
2982
2983
2582
1562
8859
5699
1750
8768
6422
5161
1192
3758
1393
5641
1032
5363
3759
5732
2673
4976
8261
6768
3238
2552
5735
1500
2815
7919
8477
6047
5795
444
1021
6706
4095
6341
1508
1639
1020
2186
2545
5285
875
6800
788
3173
6375
3745
5696
4809
1711
5466
888
526
4658
7822
2772
7078
1023
5980
527
6963
1980
6464
5684
5572
5365
5243
105
947
3889
718
5836
1111
725
2159
5400
7419
8882
2473
4821
6896
6331
4101
1047
7198
8838
4929
6887
7235
7309
2937
4104
6432
5625
8835
695
8275
7346
4450
4300
3497
1042
5826
5746
5056
6060
3499
5847
3654
6732
7063
3957
5401
6754
4680
4878
5940
6035
7357
5685
8672
6645
2184
3368
2347
2774
2120
3235
865
5003
2640
6105
5034
7702
5577
5004
4677
6342
3491
4889
5736
5001
5667
5373
7791
3611
5686
6851
7017
6852
7153
4832
5517
6584
1617
8828
5690
5796
5700
4994
4477
5193
8949
3359
1161
4834
8366
8872
5670
8640
8921
8197
8123
3093
8785
3825
7947
5680
5678
5002
8582
8966
8371
8985
8610
8955
998
8158
8130
8372
8423
4861
964
1504
8138
3241
722
4428
7012
1004
4105
6533
5787
4999
3604
4980
6211
3096
4420
4437
2798
1608
2137
2829
1300
2236
1059
969
696
2183
474
3656
3402
2651
5085
6365
6774
742
4984
6470
6296
4401
4920
8387
2212
3495
5203
8722
1518
3500
2659
3086
4532
6827
2534
5693
5556
800
3051
4911
32
2383
3377
1026
1805
1783
4833
5182
6232
5291
535
5518
1876
816
3095
1181
2993
951
4873
5346
3753
1125
5470
6286
6530
4290
2966
5611
1652
4263
5114
4923
4967
6103
1852
5504
8865
8638
1581
953
1078
3851
824
4366
2761
8761
2764
3522
7394
7234
1916
5440
1721
5419
3816
1120
973
2118
4941
1863
4979
3357
961
994
3649
1104
6395
1472
1288
2467
4490
8042
5135
2487
1056
2202
4462
2925
6678
5134
2572
4996
3575
4987
3487
1437
3587
2548
8927
1145
4079
4298
437
8903
4612
5418
7208
3081
4801
7809
2786
5218
1100
3150
8167
407
3188
3420
4273
3453
7720
1060
4284
3584
1788
1346
938
8589
7282
1017
1873
8385
7738
266
2465
7753
6225
1132
747
981
6368
4577
736
1582
4945
5891
6509
8228
1187
304
4632
5588
5033
6985
8239
6571
1836
2427
1394
1037
5269
2428
879
5784
1363
2468
2342
2310
5834
189
7757
313
48
8977
6093
2570
5304
1135
4645
892
3775
2654
4981
7888
7619
7932
8620
870
1502
1970
5413
183
1726
3140
8961
285
2062
7764
966
4228
2709
3819
2399
1035
2155
2360
4735
3810
7272
4088
2344
2107
5375
1152
659
8665
2690
4414
2009
4337
1148
5498
1076
4380
982
6062
7583
8633
2521
8864
922
2494
7228
4963
1735
8187
1320
1453
4638
7976
7881
4051
5210
690
1014
9010
101
8910
5313
5825
1951
992
8609
931
656
8388
1049
1493
6658
3358
3307
1084
1016
1755
4188
2295
5202
2415
8157
2458
3445
8392
5960
5427
5538
840
3211
4349
2288
3702
4033
7995
3269
2339
9018
861
5241
6728
8675
3563
2642
528
531
2755
4634
4673
872
1696
4191
2354
2985
8169
4686
1479
472
516
5214
1794
5791
2340
2677
6207
1822
6279
3428
7492
759
836
2832
2493
2866
4625
3869
2699
5167
205
2231
2289
2134
2366
460
2880
3996
423
3892
3784
4643
4888
929
3262
5199
3159
218
2639
5553
937
1860
8808
764
2721
2780
3863
8799
1549
8709
2567
8712
8612
3615
2434
3344
4238
3479
5840
5097
6566
8133
8831
8525
5122
3761
7155
3639
1018
6056
7101
8576
540
5395
213
4782
325
7577
3668
1488
4161
5433
4432
4375
3152
2681
6314
5585
198
4177
5846
7091
2751
2527
779
2787
