item_recommendation
25737
7872
8093
8327
8117
7541
8183
8290
7437
5515
1513
8571
8403
8772
8225
7560
1777
6260
8447
7613
5410
741
8596
8499
5662
5768
5186
5597
6091
7669
5742
8899
8360
7782
1003
6154
5288
7878
5675
9012
8591
6902
5715
8636
5853
5008
5159
6073
4740
5323
5282
7728
1739
7697
1515
5198
8033
4727
980
401
8720
1317
5177
775
4440
8743
4550
6751
5710
5489
5723
8580
4795
8376
8136
8154
6970
3875
2605
8003
7478
5839
4923
7636
8410
4076
6498
6178
864
6835
3232
2342
5038
1870
2300
1053
888
6103
8998
731
4765
5218
724
5795
6684
2120
7198
5936
4731
4312
4680
2982
6918
5275
5765
5729
2546
1812
4600
5443
6760
2769
5254
6493
2983
2582
5312
6963
1750
5968
5625
1783
7171
733
7649
2956
2186
4095
4830
7831
1192
5672
1767
2668
5641
3656
1047
7914
4941
2832
7254
6294
976
3238
6676
3819
964
2976
1523
1580
3489
3188
2383
4980
8777
8699
2937
2912
2347
5518
6355
5033
1690
2513
5365
5285
8042
1508
1006
7245
5699
6706
5735
6530
6404
4976
6047
4153
1507
8142
8848
4263
2799
7078
6774
5815
6803
2183
8882
5055
5689
3334
4878
5170
5752
8275
1744
1059
4963
5655
5611
6408
6547
6375
2441
8640
5398
4241
5666
3936
4999
2090
6800
6718
6768
7419
6121
6584
1831
6436
6513
3758
7204
5400
5243
5940
8629
7260
1639
6422
5684
5834
8147
4450
3368
3654
4929
7346
6896
7357
5836
5670
7822
5690
5826
6060
4104
7771
6887
7309
8197
5002
5685
5847
6105
6464
7919
5700
8672
3497
7235
8542
6432
5003
4477
3499
5746
5696
3957
5732
3284
5796
8366
5363
5056
6754
6331
3825
4300
5401
6732
5034
6341
8371
8768
8582
4994
8610
7063
8607
8207
7012
1624
2184
6645
951
865
7938
4016
1617
8158
8138
5667
8130
8949
5373
8123
8372
8943
6342
3491
5577
4889
4832
8524
8807
8921
2640
8966
5001
5517
8838
7017
7791
8985
6852
7702
6851
4677
5686
8423
8835
7153
8828
3611
5680
5004
7947
5678
2696
8872
8955
5736
8785
2772
6470
1907
1104
3241
4834
5572
6035
2700
4428
5466
4437
961
3096
7234
984
4366
5745
4801
5462
947
6827
4984
4696
6533
3173
1852
4105
1152
879
5085
4532
798
2572
4490
8859
1021
5419
700
3854
5053
3575
4420
5161
3753
2496
3851
6296
3500
5203
4584
8638
2688
2798
3889
4658
4979
8253
3235
2473
2118
1288
922
1696
7208
1980
6368
6243
4033
6232
2318
6286
747
1581
2659
3359
2609
745
5808
2687
3417
8070
4735
858
5139
3495
647
3880
7888
990
5693
2548
101
4414
1018
960
1187
2009
6234
2440
1909
1805
5504
516
8665
1056
2761
2427
2399
6678
1816
3456
2642
3584
2654
5135
1437
1145
3211
5891
5182
2876
4659
6728
1729
1753
2534
1860
8781
1472
8420
695
8661
5346
2088
973
4298
3051
6225
5588
725
1046
2706
2458
1582
2567
5418
3194
3759
3445
1636
1873
626
1562
5114
5291
1410
1060
4247
2741
2339
2835
1876
113
8576
155
2227
718
2288
1042
1493
5167
4821
3324
2197
1017
986
3125
6985
2774
2492
205
875
4678
659
969
1295
5483
1034
2786
6062
5319
567
1608
1660
460
1501
6056
3522
285
893
1819
3388
885
2981
8387
872
4531
3816
3307
4833
2935
4612
1844
4895
880
1084
580
6100
6093
1784
4636
1367
4967
5832
1057
2134
4996
998
2864
5377
7764
1225
735
1863
5222
2866
232
1771
743
1230
915
1721
8920
5341
3093
892
4511
833
1438
2938
5427
4662
5342
4954
5637
4977
5302
4333
4634
4676
5463
4640
938
4728
4627
2827
472
4262
3171
746
129
3081
213
5236
1004
4761
2407
4519
4524
218
474
5265
5364
3377
4800
535
4649
5440
2521
48
2616
1726
4645
2046
6630
526
869
2385
2478
2674
1040
1688
4401
1147
7263
266
6744
3254
6593
2815
1517
881
6826
6114
3702
1836
4098
1132
1951
5909
8709
3593
4577
4981
5585
2325
4914
685
1631
5117
2780
2154
3444
2262
2971
2494
1026
2188
1363
720
6612
6116
3608
1959
306
6579
2212
1226
1233
918
1063
1204
1186
1759
2922
3005
3042
3068
3134
2766
3147
3150
3177
167
2789
161
785
1733
1730
1822
2573
748
2801
2722
8961
7379
6671
3285
2500
4902
1794
1518
4873
2374
5193
7894
4171
7091
3766
3218
1428
1752
7186
4326
4316
250
719
3408
2155
8332
3113
2143
2892
2993
2465
5384
981
8385
1997
3155
3682
2102
3891
1061
3692
3343
3256
105
1841
900
4903
8268
5971
6450
963
5480
2988
1161
1419
7394
953
955
2793
2289
1929
2062
2043
2570
4956
547
5608
5993
4717
4237
4462
2764
2195
2439
1196
1209
4614
327
485
656
278
2859
5048
5669
2099
2779
3604
3160
2349
2069
1382
4404
3402
5604
2178
2096
5553
4101
2686
3452
467
1834
991
189
1008
4520
1287
3621
2284
1545
4079
3777
2078
3329
2621
3007
4447
2082
6084
742
1422
2600
492
2159
2545
1281
4782
5313
5888
870
45
912
2146
131
2360
970
3199
704
2596
2403
2074
2715
2633
1388
2364
1080
99
510
2215
1616
2285
2393
9001
5650
2107
4792
1033
6314
8462
3668
5960
2519
2699
1788
3845
8670
5356
2583
337
2975
4005
954
3574
1032
4111
405
2460
2428
507
1556
2660
1352
966
1218
1184
896
1804
4965
6318
2351
7786
4051
5801
162
2843
498
2259
8477
2504
1498
2858
3804
47
5214
1499
828
2429
3924
8833
8840
3263
7587
7698
7944
3707
3928
6932
4639
7445
2966
8522
3006
934
3127
3339
4718
499
907
2312
2822
3076
5422
2340
4367
1972
3071
8819
1085
2479
2415
2464
3086
988
962
95
2775
8642
4045
949
4743
5080
5296
6242
2787
2527
779
1177
2751
3048
4945
2634
4866
5264
950
1488
6390
1482
840
4686
4736
6240
