item_recommendation
25737
7872
8571
8093
8327
7541
7697
7613
7914
8447
8360
8117
980
8183
8225
8290
8070
7437
7669
7560
8253
775
8033
7636
1513
8056
1523
7782
5159
8420
8154
8661
5114
8522
5264
3232
5515
7802
7478
7728
8403
1003
960
8385
7407
8477
7649
8235
8879
7938
984
5597
8207
733
5410
8410
5008
5489
8003
1744
8684
731
1046
741
955
7753
6091
8859
2659
8596
6579
3235
8499
7738
8743
4821
3368
6365
4584
5723
8899
2686
745
3324
626
2227
976
8772
5205
6178
1812
7293
4437
6918
4658
953
6970
4550
5765
7234
5909
1515
4600
8761
5611
8819
6728
4617
129
5134
232
695
858
8961
2912
5198
6073
7394
4696
1507
6154
735
4945
3751
2799
912
5729
2605
4941
4782
1639
8654
7186
8709
5177
5033
3816
2186
1777
1816
4795
6195
3281
3188
2769
1562
1907
5980
526
951
969
285
8998
1767
8777
8167
4873
4809
8376
6826
266
1288
8136
7878
888
4740
1831
8665
3875
4830
5742
954
2935
401
1024
7245
8699
828
5168
2212
4366
5186
4262
2062
4774
5662
4076
1870
647
48
966
4731
6355
3869
5312
2668
2647
6559
990
1053
1437
8670
970
2772
986
1006
5772
6260
5473
2340
4911
5296
5588
8636
724
6314
4920
964
7786
1004
840
7204
6624
994
8751
4765
5936
4462
4188
6658
9018
2173
1317
2300
7619
4649
5839
4316
1771
8008
3632
7976
7831
981
8589
2496
4984
4121
4801
8187
2780
4761
472
6748
8910
2241
8633
1057
5117
2236
4638
6207
6751
6902
4079
6318
3608
535
5288
3292
6493
8261
3604
7254
6630
5715
2937
2374
1624
1020
5768
7263
7932
8927
7720
1352
8977
1013
961
3668
4686
4162
4727
915
7705
1047
101
5853
870
2688
1187
1026
189
1580
725
1042
2956
1021
5675
8591
9012
3428
6404
4228
6294
4414
5282
2318
7299
6850
4861
957
7888
5210
3702
3417
4923
6609
5815
3420
6636
6676
2897
485
1060
4432
2798
7282
8451
2504
8580
8462
1125
2437
753
6760
1739
5440
5787
1281
4577
869
659
6440
7272
885
2982
8864
864
2366
7817
1030
3127
4153
2288
2709
6143
3804
4987
1209
2415
4391
720
5968
656
6498
7583
1819
5017
3093
3575
5693
798
3854
3996
3587
3377
2506
8722
8807
963
5038
5470
2687
4171
2396
6835
2154
4246
7316
1472
7171
3238
1794
7881
8607
2975
880
3863
1696
6803
8228
2385
1652
4440
881
5834
6390
4878
1132
45
2460
4101
4161
6077
6436
2344
6395
6703
4033
1581
6509
5161
4051
4404
7099
1016
5699
6612
474
1111
7748
7771
8239
3307
4605
2981
5795
6322
2500
5926
1476
8039
7502
5689
5291
2801
6932
6568
3125
965
1525
2669
8620
3456
1147
1876
3113
7757
3194
1135
1145
8903
1012
7995
8609
7809
3924
8833
3928
7944
7698
4639
7445
7587
8840
3263
3707
6000
2660
2829
1844
5808
8392
8943
7990
1497
1017
4936
893
2248
3210
916
8169
3213
4632
4375
1331
3845
2513
2752
205
8642
8482
996
8848
5139
6550
6148
6547
9001
6739
5365
6684
3795
2433
6243
7107
4349
522
2478
2689
1531
2481
5254
3086
1040
5071
5053
968
5585
872
1590
3402
2545
2609
719
8689
3268
7038
4901
5666
3207
2347
9010
4177
8142
5832
4680
5752
4612
4290
6530
3819
8491
1676
6591
2817
8524
7789
8604
3173
7078
2407
4251
6977
7577
8720
6718
1394
8511
6121
4885
998
1852
2793
2696
3081
2467
5438
3338
2232
8799
947
5323
5398
6985
1608
6840
3489
2342
7121
746
8525
8831
2434
5122
8712
3761
3344
3479
4238
3615
8133
5097
7155
3639
8612
5840
6566
1032
4135
2617
8865
5710
7415
3655
5825
7894
2976
2860
9004
5275
7484
5021
4895
196
1041
3354
4401
6521
1980
1631
6422
8388
4603
3522
531
5932
1508
5558
7487
1010
1529
2440
8914
861
7208
6892
1824
2398
8920
3334
6056
8387
6513
5193
1120
5655
6885
4241
7260
3936
3649
321
8542
875
5641
3251
5443
6957
6341
1161
3431
786
5433
1834
1516
2779
886
6047
4846
4814
2439
1028
1970
1059
6832
1810
3900
8827
2621
5346
1036
6408
5888
3759
5850
1657
7130
5352
218
2548
3199
6706
4427
2815
2155
3805
1750
3714
3880
3882
3438
3408
6774
7228
2959
1517
2159
2925
8157
5923
5857
2442
8667
4511
1569
6211
2546
5498
4420
2770
7126
7135
7792
6762
1721
5449
6225
7380
5182
5940
7034
816
144
527
5400
3152
2835
5801
2741
1019
2521
8453
8629
5413
5012
2622
3024
2802
2966
8044
1367
1688
2727
1225
718
2761
3218
2404
6290
7822
2418
6744
956
7211
6162
6768
7160
7492
714
5377
2570
5810
2473
3028
2082
6279
2438
5462
7759
726
8574
4417
8882
5165
1702
6800
3176
8979
8640
4016
5427
3051
879
4837
6383
8781
2427
6276
761
802
5170
1660
6536
4045
4552
3656
2197
8984
737
5458
3427
4194
6242
892
5518
6920
4024
2120
5625
5672
2775
7011
8268
6035
1037
6103
4718
1643
1008
4095
407
5809
6132
4636
7311
5915
6641
6348
5214
3256
6464
6375
5055
5226
5285
1582
7147
4840
748
973
7481
3596
4191
16
934
5065
3997
7584
6140
2441
7419
5732
3889
7566
8675
5900
8908
6370
4292
7044
4692
7845
8526
4020
3492
4811
8948
2941
8950
6415
8275
4833
2009
2352
4933
2494
3611
8768
1078
3357
6331
2380
5222
750
8147
2183
6039
5483
785
1114
7444
3296
6669
8009
4634
2331
4614
742
6896
7096
2368
1612
3351
492
4380
1393
3150
4263
6887
3584
2402
2983
2582
2651
962
2004
1429
5356
5553
2581
2892
793
743
1029
5387
5363
844
7979
5548
5375
3160
4524
2567
7840
6662
6856
7346
7036
3359
2078
2642
824
6021
5684
2786
3752
4954
3758
5534
1193
1973
1031
4081
2533
1690
6114
3284
6791
8672
4691
2214
4255
1479
4312
938
3508
5735
