item_recommendation
25737
8093
7872
8327
7914
7697
8571
8117
8447
8290
7802
8253
8070
8056
7541
7437
8033
8235
8477
7669
8225
7613
8167
7560
7728
8360
8684
8207
8183
9018
8420
8819
8039
7932
8772
7649
5159
8499
6365
7478
7394
8403
5968
8410
7976
7228
6178
980
8385
8187
8154
7160
5264
7407
6579
3232
7995
8482
8661
8522
8511
7636
5296
5515
7293
8607
7099
4121
3368
8636
6493
8827
8903
8451
4920
8491
8008
4552
8761
7245
5980
6502
8675
6162
3816
8695
7897
7826
8003
3235
8807
7878
7492
6154
5909
7782
7096
7892
6355
6902
5839
8654
5662
5926
8943
7016
7456
7142
8625
7720
7577
8670
1003
775
6383
8892
7738
7840
8751
8484
4194
8808
5936
8589
5433
8813
5304
6073
8524
7136
8254
3467
8979
8915
4090
8057
3515
4848
5046
3266
6378
7192
3038
4688
7150
7812
8866
8596
7458
5693
4369
8864
6207
3698
3163
7753
1408
960
3250
7161
6624
7585
5603
4491
5715
8998
6751
8871
4039
8616
8531
1523
5288
8261
7130
4782
8743
5742
5850
8617
8777
7186
2704
8699
4809
6748
5815
8879
5008
6826
1844
8014
5675
7051
7311
8910
6728
8709
5521
5186
1824
7831
6395
7789
8157
3281
5723
7817
7938
5768
6568
285
6260
1515
7990
7272
4846
5853
8591
9012
2144
8542
6662
6077
4002
7487
7208
6760
5942
7089
969
2073
8961
5655
4878
266
3981
6765
5765
4740
8576
6091
8633
6743
3173
8781
753
6970
8194
6832
6918
984
300
7380
7078
3587
8268
3660
8580
6835
4795
3194
7415
8810
6426
626
8614
6636
5033
4987
6121
7107
733
7316
8507
6684
954
5193
2531
2212
5312
8600
5597
6223
7204
7254
3310
4821
5801
5832
5025
3927
1794
5699
8899
6977
6195
6348
6318
5139
321
4731
3604
7566
5971
1212
188
745
8526
2941
5900
8044
7845
3492
7584
7044
6370
5558
6762
6415
6739
6641
3996
4692
8950
4020
4292
4811
3997
8948
8908
5857
6400
6503
3247
5888
6446
2371
4765
4984
5410
6993
4605
4051
1907
5121
6031
6531
4911
6203
8392
1466
3752
6658
4181
8927
6591
881
7135
976
526
6294
8665
7926
5772
5611
6862
5291
5689
4228
8629
7619
858
3871
5081
5177
6791
8009
4427
7786
5734
1317
1513
3176
6331
3379
5017
6650
6803
1288
4414
7762
7090
5038
8376
8136
3875
5226
1378
743
2764
7583
6880
1804
2769
4355
7260
5666
5398
6000
6521
7340
4316
1973
4076
5146
2167
961
5282
4861
8720
888
7305
8341
3611
2782
7325
2935
7449
2594
1744
5378
4229
5729
3324
3646
34
8366
2288
1336
741
6464
6706
951
7234
1580
1870
5917
4976
6954
724
431
3608
5254
6562
472
232
4854
8977
5873
3560
6703
6676
535
7056
6659
7766
2826
6436
4241
3936
3334
1006
6416
4792
5940
1862
1507
1812
6509
5443
8422
5809
4420
2059
6953
6530
4148
986
5787
6513
6107
7299
6896
1053
6157
5808
5102
6771
5012
1211
1816
4188
4515
48
2696
695
3869
6721
1035
4437
6442
8530
8848
1057
8131
6408
8142
6957
3213
6166
4914
4550
6966
1777
1696
7211
3364
3983
8859
7705
4560
731
4691
4941
7177
3109
2780
7357
6498
8147
7820
7419
5581
8228
3113
6440
4428
7759
6547
4658
6377
6198
2506
5641
4105
7771
4142
2184
6645
865
3512
7818
3190
956
5055
7219
8620
4146
2798
6116
45
3320
4584
3420
1042
7438
3197
4440
5735
6047
2520
2062
6777
6695
1948
6021
647
963
2801
2513
3201
864
3758
474
4016
1365
3489
5672
8387
2688
4945
4375
5243
2631
5625
915
5710
8865
4482
4178
8768
872
3978
5684
3751
202
5329
6885
4246
7171
4153
4391
3074
5466
3503
6887
7822
5198
5462
8275
2659
2183
6940
5400
7346
4929
5686
5034
5517
5285
5001
7309
5685
7791
5401
5696
7919
7198
8828
5004
8966
5667
1617
5170
7947
5670
8955
5003
5056
7235
8949
5577
5678
8835
8838
8921
5680
5373
4834
2860
2186
6404
970
899
401
9010
1771
1192
5117
4980
2551
5882
869
1508
7748
1352
6237
953
6961
981
6559
8968
1046
955
4723
6718
8388
4649
2340
5203
4727
5438
5440
966
870
4115
8730
6800
1624
4830
3284
5836
6536
4135
2548
7616
4610
3819
3359
2605
5202
5605
1370
7569
3843
7757
746
6963
3863
7502
6422
2829
6254
8638
5752
7624
4161
2730
5275
3759
3854
5161
2687
2824
6341
1030
2558
4632
828
2956
2300
6798
6768
4889
8785
6342
8672
6851
6852
6754
6375
7063
6732
4104
2640
7017
8640
6584
6432
5700
5847
3497
5323
4832
6060
5736
5796
8872
5795
4300
8423
4450
5690
5746
3825
8371
6105
8372
8582
4677
7702
3499
8882
4312
4994
3654
8197
3957
7153
8158
8138
5363
8130
8123
3491
5002
4477
8610
8985
5732
5826
2912
101
6296
1582
1739
6234
5707
4999
3096
2686
1056
6211
5572
3241
6470
7012
2725
3431
8239
6827
2772
8609
3889
6035
1004
2344
2241
5703
1026
4603
5085
5618
4238
3761
3615
8612
3344
2434
5097
8169
8799
8525
3639
6566
8831
7155
5840
8712
3479
5122
8133
1980
4101
725
6132
3649
3665
6609
6550
1805
3357
1060
1880
3801
2983
2582
4401
4024
990
8722
3028
4177
875
4417
3495
6892
6533
3656
964
4680
3508
2496
5141
7451
6877
3653
4031
735
880
3500
5134
5164
1209
5419
8667
2937
5504
8370
4361
2374
2669
5564
1024
832
2892
5053
3851
1161
4833
7282
4532
1531
7787
5152
6999
1187
3799
7258
6630
6140
2038
7034
379
2082
7841
3358
3093
2997
7212
2880
4885
5518
929
5375
3159
3784
4643
4888
5199
3892
3262
2248
2442
5825
947
1831
912
3584
8459
2976
3238
1590
3753
3845
4844
7238
1391
4577
7764
3010
3387
2639
2802
1876
2689
3408
2214
1992
2118
6995
4686
6027
4388
2901
968
720
4696
5609
5413
4048
3186
2497
4490
2176
5108
4798
7809
4235
