item_recommendation
25737
7697
7541
8327
7872
8571
8093
1732
8117
7613
7914
8183
7669
8360
2956
1831
775
8447
1750
2236
2607
8290
8033
8225
7560
783
7802
2232
5515
7437
8253
1513
1523
1490
5159
8056
6073
8207
960
7478
980
8772
8070
5597
7728
2686
733
828
6178
8403
7649
7782
626
5410
401
8684
3235
7407
4262
6493
2804
745
7738
8003
741
2278
1562
8499
6195
8420
1003
1023
1515
5264
6154
2835
6091
731
647
5742
3232
2227
786
869
8167
2726
735
7245
8636
798
129
8154
7932
1507
8596
5186
6121
5765
7502
1120
8235
5177
1111
7171
1870
5723
7636
5198
8743
2481
2727
1777
8522
1317
7976
3377
7878
1744
7228
8998
5980
6365
6918
5312
5008
8580
968
5715
2815
4600
875
8899
981
8477
4246
2779
9018
5662
5666
2159
3269
4782
8410
1535
8848
5033
6579
6513
6970
1279
8777
4920
3051
1783
4462
1739
1580
2605
7995
3368
8261
5498
5675
4696
8385
3334
8943
6559
984
1816
5655
8807
1788
6902
9012
5768
6260
5288
8591
5853
1907
5275
6355
5772
2761
4830
759
3338
4967
2769
2594
5689
2841
2935
2186
3093
8451
3324
1794
1619
726
1819
4649
6294
6404
8607
8879
4911
8524
5489
1631
5458
7831
1804
1145
7293
6751
6760
3150
864
7272
4550
5752
6225
4584
1125
526
695
1046
1053
4740
3575
4731
8761
5729
1608
2669
8039
976
5732
1652
4727
2295
2772
4511
5433
8542
7938
1812
4795
2741
6803
2668
1073
5352
1508
2786
5282
2798
2721
858
986
8376
8511
3489
5363
7809
2502
8136
724
793
1639
2467
5038
2966
4290
8699
1004
3081
6850
8903
6436
1057
8720
5398
2513
718
4316
3238
1437
7492
10
5139
6211
8589
7282
6835
6985
5808
2687
3936
4241
7260
5254
4658
1852
1711
762
885
1472
5375
8675
140
1026
8482
5710
6408
4984
3751
6422
1721
5466
6207
8827
1453
2473
2766
2300
1030
4194
951
3816
6676
3354
8661
5641
879
3875
5443
5323
3408
5699
8187
1497
3402
1719
4821
4636
4873
753
1951
4076
4878
6547
4440
2511
764
947
6395
2704
5684
893
5795
824
955
8629
5791
1525
2937
1767
2874
3086
3608
4552
7753
1499
5114
2659
6800
1006
964
3173
2546
6718
2231
1310
4051
4153
6571
2504
5208
3851
7619
6658
1549
915
961
7919
1196
4861
1791
990
7881
6148
2696
1041
5404
5649
4121
4809
3660
1066
833
969
5222
1042
2478
7394
3587
7130
2496
2439
1755
750
840
5462
4709
6464
889
5134
6031
6498
3140
5850
2241
5365
2832
2533
6314
1554
3194
5968
6162
2327
3643
1040
1059
8616
1288
3611
7254
8819
8709
5161
6768
2120
2801
6025
6730
1404
6509
5304
656
4437
1363
474
5556
5777
7078
4312
1599
1008
5936
2689
937
1032
816
8142
1161
7577
3316
3676
6051
8892
1624
651
7705
2155
4945
3116
3475
2197
4383
8859
4366
2819
1341
5839
8838
8387
6232
3284
7771
1552
2633
1696
7234
6684
2829
1876
888
6000
7979
3702
6279
7757
8695
4101
2688
970
4976
685
1020
1024
4933
2352
1996
2458
5672
3292
6037
1320
2440
1771
5170
2793
6383
1076
7892
1010
7826
2681
1021
4960
1581
3632
6774
2342
7822
2699
4095
2427
3006
7334
1016
2976
5787
4638
4885
1275
6331
4033
2318
8835
8147
6286
2866
3133
1759
3147
1080
1388
1226
1063
3005
2596
1233
3068
2364
2789
3042
1204
918
161
2922
3134
1186
3177
2074
99
3500
5553
2173
1699
1586
2445
5346
6896
1192
4987
5735
2983
2582
7204
4016
8768
135
4680
659
746
5055
912
870
5117
6166
2243
5572
6035
2647
6341
3758
2545
1060
2990
7121
2985
5815
719
872
6753
4296
1959
725
2912
2325
4263
543
4450
8722
561
8275
5101
1218
2752
7720
5243
5285
5425
8810
7583
5784
5269
3113
8961
5438
1012
5625
2982
2615
728
2399
886
3889
3152
5836
1900
366
7888
3111
8808
213
5470
5503
7840
836
3616
5400
5053
3163
5377
1909
6706
2128
3357
8491
507
3072
6645
2184
5193
3747
4378
1532
2490
2393
2215
2403
2285
510
1616
167
2715
704
8014
306
1147
2925
5989
865
5291
8600
3604
2483
3882
988
721
2674
4060
3759
3656
5427
6390
3041
2770
5588
6296
266
1980
2429
1391
1730
162
1841
1707
4414
5700
5685
4929
5034
5002
5003
5826
5796
1354
4284
2340
4477
7346
125
2858
2892
4088
3594
3428
2745
4273
963
6906
3211
7198
5693
1085
5754
2248
2146
2993
3521
994
6957
4765
7012
650
2006
1014
2350
7034
2200
5202
1425
6533
4380
6047
2310
2301
2507
1858
3096
3349
1493
6826
4486
4045
4923
2764
5834
5696
1184
4834
7357
3241
5538
5004
3654
6732
6432
7791
7063
5001
6852
6375
7702
4994
6342
5746
7017
8828
1617
5056
5940
5847
8921
7309
6584
3491
8882
3497
8949
8872
7153
3499
7419
5517
8955
5667
4300
5577
8785
8672
5736
8640
3957
4832
8366
8371
8372
5401
8423
8985
2640
6060
6105
6887
8610
5373
8582
4104
6851
6754
8197
8123
5686
5670
3825
4677
7947
5678
5680
8130
8138
7235
4889
6963
8966
5690
8158
4428
7299
7352
2207
5108
2897
7186
8977
101
1671
2572
2371
1997
1690
2438
4401
2487
4105
4801
5182
1488
1880
5504
3024
3522
5021
6318
2521
5028
720
1604
2534
714
5440
4980
1676
95
5046
3188
2400
4981
2977
5825
5125
1805
4612
4999
6827
8865
3210
7340
3495
6470
2014
3221
278
2628
3916
5888
5942
3254
7285
835
1212
2347
3593
2459
2634
1479
5085
7160
1686
7897
5356
4043
4761
4146
6609
4895
5418
8751
5413
2282
105
1056
6103
2398
6636
3298
3801
1103
8604
205
2118
3983
2368
1972
3071
954
7444
1449
1809
6140
3307
5611
3008
1095
3185
6840
47
1833
1187
4925
2062
3273
1826
4228
387
5857
3857
1891
6678
2500
1779
4992
