item_recommendation
25737
7872
8327
8093
8571
7541
7697
8117
7613
8447
7914
8360
7437
3281
8225
8253
8290
7669
7560
8183
8033
4765
8070
5159
7636
980
7478
7802
8420
8403
8056
7782
775
8154
5699
6636
4911
1003
8477
6624
8522
7728
7407
7649
8743
8003
7254
8207
8661
6178
8235
5264
8499
5723
5703
6950
6440
8385
8684
8772
5923
8899
7371
5707
8410
7147
7211
7938
3232
7738
5597
8596
5515
6995
731
8879
6091
4887
6918
8859
6365
2659
5088
5830
5779
7196
1513
7234
5980
7293
6073
8761
5909
960
7299
6154
6579
4550
5008
1515
4821
6970
6826
7186
1523
8819
3504
8709
6760
4941
984
7753
7394
5662
7976
6355
8167
8998
745
6559
4366
8376
976
8136
858
3235
6728
4584
5795
4984
3368
6902
7878
1777
626
8961
7245
1744
8654
5859
6121
3875
8777
5765
5729
1907
6751
8589
6530
5742
1507
8636
4782
3816
733
695
4437
3324
1812
4873
3503
5214
5186
4809
8665
6260
2668
4731
741
5117
5611
6630
5936
9018
6314
4761
7809
7107
6609
5968
647
5839
401
2780
986
7786
8039
8633
2769
8670
4740
4076
5715
3188
8580
4920
964
4262
5853
266
1046
969
8699
1053
5768
2227
5296
5410
2087
1288
4577
1317
5675
8591
6547
7705
7888
526
951
6493
9012
6658
7831
5288
5588
8187
1006
4638
6676
7171
5312
5815
1437
724
7272
7932
2300
6404
7502
7263
8751
3377
5655
6195
7619
3417
1870
2647
8848
2935
8807
2346
48
1816
5854
1767
2686
1624
8008
5021
8910
101
955
129
285
6294
3127
4153
5693
2605
2374
8482
5208
8451
6835
2288
4951
1739
7204
8462
8607
6513
1562
7135
659
5198
8142
6207
6748
7088
8629
1581
953
4923
2433
4188
5433
6318
1040
4420
5291
5926
2062
3093
6591
6803
7577
8977
990
8927
8827
7881
4649
3668
535
4432
2772
735
7228
6509
8261
6148
4801
6703
5177
6612
3178
7282
4251
5834
4440
4795
2624
5888
1831
4171
6718
5275
3799
2982
45
7160
5033
2688
1844
3307
8524
7348
915
5752
7038
5666
5473
7487
4079
6390
912
5323
1004
880
232
5282
6983
2798
970
973
6039
4878
6568
8920
8943
5850
189
1580
7748
4228
2212
5365
2318
5210
8689
1021
6985
7817
7771
6143
2937
2897
6498
7078
8542
725
5038
7099
8720
5689
2331
4936
6850
2340
3584
1042
2496
6047
4600
2709
2186
8147
1876
1771
7757
6684
888
5772
5254
954
6000
4414
3632
6436
881
5139
7720
6932
998
4639
7944
8833
8840
7587
6892
5193
5832
2660
3924
3263
3707
7698
3928
7445
1187
6840
7995
6744
485
1026
9001
8239
962
8642
4121
1819
3587
3608
5641
4162
8511
5710
5398
965
8491
2654
4270
8695
5498
6422
3125
5732
2687
966
8228
3113
131
7990
798
885
3702
2500
4658
864
7894
7484
2775
3028
8864
4316
2347
1057
3489
947
1024
961
2478
1367
2513
6832
720
5134
3819
6243
2548
8604
3238
8268
8903
7316
1013
6739
6408
3292
8157
5161
3428
3869
4404
9004
1012
2956
5952
6383
656
1696
8620
6140
7208
6862
4895
828
869
5625
2912
5440
8768
6077
968
3996
3387
6774
3334
5808
8387
6116
3604
2407
140
5857
4885
981
4241
5363
5489
872
2546
2236
2981
8914
7260
875
6103
7583
2617
3936
5825
4846
2173
1472
2801
7492
1020
5443
1060
3795
7789
838
5000
3882
1125
2344
6464
8392
93
5787
4945
5466
6521
4417
7126
205
6460
4987
5810
4427
7919
2183
6162
3783
1531
1145
4830
3889
1508
6375
6977
7456
6798
1702
2696
6678
6768
2415
2428
1059
3194
994
6550
1047
4861
6706
6695
5585
1676
126
8675
6896
2004
3213
7415
3646
4722
1834
2120
893
8882
8609
4727
3714
5012
7172
7743
6981
746
8892
1636
2799
2473
5449
8044
5568
3251
472
7195
5226
3176
7840
1030
7822
8781
8640
4686
8275
870
5558
7897
7346
5684
6035
6887
2418
5672
5285
886
6225
3693
3218
5553
1104
7792
3207
6132
8865
6242
4161
1132
6885
8979
6433
5940
6348
743
4976
3456
816
2764
2976
3408
4462
1225
3751
3173
5413
6516
2485
1824
6957
6114
2651
4967
1017
5055
4016
963
6286
7121
6762
3296
8453
2396
218
5458
1973
6535
3210
8838
7419
1750
956
3051
5170
8484
1783
9010
1352
6341
2159
7979
8625
3081
5891
1301
934
2983
2582
5572
5581
2154
3284
4246
7096
5735
31
6650
840
5462
4696
6331
5053
5801
4552
7380
2440
8835
7198
4914
2761
2621
4477
2741
1192
2427
3611
8614
6920
2752
6021
3402
8722
8574
3758
6298
4304
1209
3500
7034
263
5352
3854
6800
5836
4045
4312
8169
4391
3256
6186
2155
6927
7764
2241
3851
7357
2581
2925
7311
8366
5809
1608
2594
1517
4051
4632
4263
2292
3596
6641
6963
4840
1078
1980
3804
6470
2082
7163
750
4844
2385
4177
4450
5400
8123
4375
1330
6446
718
1429
5243
1336
5745
4095
6743
8672
3759
5470
6782
492
2442
3420
6584
6400
5203
7566
8009
4194
6571
1161
4980
2832
1010
5670
8921
7309
7235
5696
3492
3997
5034
5017
748
5685
2521
4300
7845
6415
8950
7044
7130
7481
2184
6645
4104
4292
4811
6370
7584
8908
8526
865
3654
8828
4020
2941
8948
8949
5401
2366
3497
5900
4692
4929
7947
3805
5826
7063
4290
3957
5056
5003
2481
5847
6432
6754
6732
5746
2078
5218
5001
971
5389
8610
5604
8371
3863
8197
4889
4832
5517
957
4994
7791
5577
5329
1852
6105
6060
3499
5002
3825
2704
2622
8576
1438
3359
8966
5686
5680
5004
8984
7017
6851
6852
5678
8042
5667
6395
7702
4677
8785
5796
8985
7153
7352
5373
8955
8872
7250
2640
8423
8582
8638
6342
3491
5736
3752
753
7334
1617
5569
5700
5690
6562
2394
8372
7012
8158
8130
8388
2793
1804
4901
7180
6223
2892
7016
4033
2860
6232
4326
4834
1476
8138
2009
