item_recommendation
25737
7872
8327
8093
7541
8571
8117
7613
7697
8290
8360
7560
7437
5980
8225
7478
7669
8183
8447
7914
6073
5572
8207
7802
5208
8033
8253
8070
5098
3338
8477
1513
4234
7649
7976
8420
8403
5765
6154
7245
8743
4770
5159
5515
5410
8522
4600
8056
7636
8684
6355
775
8772
6579
8499
8003
1657
6195
8596
6178
7728
5597
6493
2776
3216
7738
1523
3232
8998
3920
8848
7782
8385
3377
1580
5742
5772
6091
7407
4290
3420
8167
8709
6365
5177
3324
6658
7394
5689
8777
6547
5662
6970
1816
7293
8261
8636
5729
401
4414
647
5825
5395
8410
6918
4051
1686
2605
8807
828
6140
6902
8187
6718
5715
8154
1744
7809
3587
8899
5038
741
6395
5186
6132
8580
1777
3900
6636
5853
3249
5723
6260
1111
1003
5288
5254
6211
7878
6322
4920
7995
7272
8761
8542
2686
7932
7282
980
6404
5134
5264
8235
3221
1562
2545
5198
5909
6498
3292
4696
4911
5433
7228
5808
8629
6408
4684
3185
8661
5636
1120
8591
6294
4584
4873
9018
2159
8376
8136
626
8819
4731
7171
5312
9012
5675
5768
5666
7492
1317
5632
1870
5282
4765
5033
1453
5936
8589
4612
6676
798
3334
5398
8675
8650
8892
4101
6077
8451
6242
1507
7121
7260
5193
3819
7881
5556
8699
5699
5991
5139
5815
5633
3489
5839
4550
8607
4686
7263
5170
3936
4241
8039
8604
2227
5548
7204
2870
7444
8943
5443
4945
731
5210
8482
1145
4740
1652
2365
2346
7888
2769
6568
7831
5489
6591
5470
4088
4658
4941
8121
1472
3875
5791
5269
5784
1788
7919
8142
1046
1320
6436
6800
8273
7786
3368
6850
6684
3885
7938
4366
5968
3996
6148
8147
8768
7577
5553
5008
720
5500
1569
4273
6624
3412
2200
8720
3608
1060
6826
5684
8795
1641
6728
7254
6751
3235
6743
3889
4809
4284
1515
7502
2668
6530
2062
8879
8670
8524
7099
5296
6279
4121
1739
858
2966
3408
8859
7340
5655
2912
8511
2504
1711
2779
5413
1907
8722
3868
4262
5629
5223
3658
4974
4492
2882
2784
4593
1076
4577
8903
2696
733
3354
2212
5693
6703
6422
1609
3763
4076
8914
5012
954
5926
864
5146
8654
5291
6559
7753
3980
7234
3349
4139
824
5538
1783
5087
526
4440
6290
1529
8633
6768
3870
4246
6121
4972
5027
7789
4095
8695
4727
1437
6273
3459
6835
6473
8239
3604
6390
7078
2935
4614
6760
4709
659
1767
6458
6383
7135
4493
4605
3284
8157
5275
4748
4782
4108
5117
3060
2231
6706
2300
2130
5348
4795
3281
6571
1904
8336
7757
3843
960
121
4432
7748
6525
5752
5732
5795
6047
7826
2241
6690
5462
527
1147
5114
888
8751
2236
405
7419
6051
1771
5641
735
7958
4417
8835
1699
984
4895
2832
818
4878
1639
1873
5203
6400
1479
1696
753
4716
4821
8927
6021
4153
986
7222
5101
5787
4166
6513
3421
7346
5214
6985
8044
6957
1819
7160
4399
2647
8491
129
8689
6584
4703
4923
3766
5611
3434
8853
4638
966
5015
2761
3816
7130
5323
6803
8827
4477
6609
976
3563
3404
6695
2659
6977
2193
7208
5404
816
1726
7892
1640
2294
1852
8275
6470
2186
955
3127
5498
2441
5940
1310
6446
4171
1826
4420
4649
7299
521
3173
8838
1040
7815
5710
4337
3224
1812
6375
5128
5672
6533
6832
3133
6440
6314
1525
872
891
4079
6862
996
3653
3780
4342
2478
8600
6906
7101
3643
1575
7705
4840
8882
885
3140
6170
4060
4386
4830
4818
875
8228
5466
5151
1209
953
990
1352
1463
1608
7139
1341
3086
7822
3768
7198
6896
1844
6476
7186
8665
6739
3444
745
2839
8331
3522
2609
721
6143
6000
6930
2956
8008
232
3804
7990
5707
6341
4914
5836
3845
7979
5182
718
7771
2494
2427
1721
6464
2496
3213
1839
3947
135
6162
4437
5625
1329
1980
6348
3626
3807
4235
4450
7415
879
6286
5059
6641
7250
724
5458
8387
4278
1161
4987
3163
7357
7817
8640
3483
5069
5315
1196
8961
869
1941
5363
3238
1916
6056
4316
7055
2513
1078
4560
2712
5696
2340
3081
3194
4380
225
1482
2835
6331
8123
6974
2642
5400
2806
1535
6484
5581
1444
5617
5600
6628
3210
2310
5832
3859
3150
5475
5025
4645
7020
8954
8823
1476
2437
7107
4188
2149
4312
6318
285
2983
2582
8781
8019
4349
7743
3879
6887
7759
4980
3723
4223
3977
1192
1354
2824
8920
3857
6432
6852
7309
8949
7063
8955
5517
6342
5736
7702
5847
8966
7791
7235
8672
8872
5826
5746
5680
7947
5685
5401
5686
7017
6060
8921
6851
5678
2640
5577
8610
5670
1617
5667
7153
6732
8985
6963
6105
6754
1909
3096
5735
769
7215
3066
4976
3656
7177
2557
4999
6669
5053
5285
3388
472
4680
3188
1422
6927
5888
6296
1053
3456
3370
4625
1433
719
2546
5329
2688
5161
2536
2347
2892
213
8638
7115
5777
2704
4263
6103
6035
5427
4428
3031
3794
5333
5518
5473
4984
6645
2184
7334
865
5125
8462
5010
833
5250
5796
8158
3497
3491
8138
3654
8130
3611
3957
4104
4300
5690
3499
3825
8197
5056
5001
4832
5373
4889
8785
8423
5700
8828
5034
8582
8372
4994
8371
4929
5004
8366
5002
4677
5003
6093
1805
4834
2633
3417
6419
2687
746
1549
4706
7583
3602
2183
861
5055
3714
3241
6806
5846
2548
6856
4105
4086
5504
8616
2563
5009
1150
1404
6114
3051
6276
5365
893
5085
2371
3758
5801
3316
2798
4162
8392
5304
2801
8808
4490
3500
6037
3951
1497
2626
4016
2699
2118
3635
1401
7038
3851
2214
7840
728
3093
6368
6223
7487
835
7934
3964
1713
2860
3495
2745
1020
6454
2063
6827
1167
2786
4210
1339
4552
748
3668
5422
2676
3854
4865
1131
3751
1950
1363
4197
5558
832
2120
4626
4203
8014
4861
7764
2467
4761
4989
5544
4229
5243
839
8810
4515
5080
1187
4135
7012
4885
3594
7481
8609
5718
4901
