item_recommendation
25737
8327
8571
7872
8093
7541
7697
8447
7437
8117
7613
7914
8360
8253
7669
7560
7478
8033
8225
7407
8056
7636
8290
8070
8385
7802
7394
8420
7649
6658
6207
7738
6748
8183
8522
8003
8477
7782
7976
8684
8167
7728
7034
5917
6365
8743
5159
7245
7160
8235
8403
8751
8661
4121
5734
7234
8961
7263
9018
980
6624
8709
8154
6918
7938
7932
3368
8207
7753
8879
8998
6559
6826
5264
8772
3232
8596
7311
6178
7186
6143
8670
7705
8819
8499
6609
7481
5723
8654
8665
7293
8589
8039
5909
7340
8899
6579
960
5489
6892
5597
5117
6728
8859
6850
8008
6383
2659
8761
6091
8511
6636
5968
8410
7089
7299
6957
6195
8482
6724
2062
6355
4417
5980
6535
3869
4821
7204
6832
7502
6493
6521
5611
3804
6920
8376
7786
4391
8136
4941
6970
4605
3845
8187
7878
6676
3816
8827
8892
7831
4920
3235
4414
8807
8695
8491
5033
5515
6550
7888
4873
3281
7995
5017
8777
6927
6073
5296
7022
5765
2212
3875
4437
1352
8848
3420
5329
6669
7130
7121
6154
7748
4552
7577
5008
7817
285
4782
6440
6562
4366
7099
7195
695
4584
6498
7809
7171
7228
6743
7619
6568
129
8604
4761
7107
6751
5926
775
6650
5012
1003
2374
6760
7881
3324
7897
6591
5850
1024
5815
6684
5473
6739
3127
4550
3188
8462
7272
8607
1336
955
8636
321
6390
6695
7282
5825
8979
7826
266
8984
1046
6612
5662
5839
2531
5410
5433
1513
5936
4686
7415
953
8580
6981
8745
6314
8903
232
7212
6902
7840
8864
954
7720
4290
6242
4577
2647
1523
5164
6513
8650
7492
526
7958
984
745
6862
1437
4731
8507
6703
6718
1295
3668
48
6132
7583
6630
7487
8689
6840
6260
5729
3417
4427
966
8699
1590
6547
8810
4936
6721
8910
4923
6318
1844
8633
472
6140
8261
9004
7051
659
1907
4809
6294
7038
8914
7456
7135
7757
7484
4696
8542
45
8675
4079
3882
8239
5952
5288
4740
6400
969
3377
2860
4171
6835
1744
5742
7189
7892
6856
8453
8642
8524
5715
6116
4076
3819
3928
7445
7944
8833
7698
3924
3263
4639
6932
3707
8840
7587
5752
6162
2660
8616
4895
6148
5693
4432
647
6803
4658
8451
8014
5458
8920
8044
4153
733
8977
5699
7990
6114
9001
4911
6077
6999
731
100
3871
5768
4840
6021
5021
6121
6000
3632
5198
8194
6744
7126
4885
5210
4846
8142
3307
8927
7254
3157
2340
4251
8781
6791
7743
5675
8574
3996
8629
7444
8943
5186
3163
7055
7096
7211
6896
3251
7016
4135
8591
5853
7771
6530
189
4404
5655
7894
5588
4765
2605
5177
5888
6877
8600
8854
6662
5440
861
9012
1288
3714
4600
6446
7316
4984
8392
5609
7792
7380
4830
5965
6203
7820
6375
7789
5291
8169
2288
6404
6643
8609
8700
6348
5832
4801
5834
970
6977
1187
741
8131
1870
5558
5971
7192
7458
4081
5568
5810
5801
858
7208
7762
7115
3587
4033
8268
5923
4262
6254
840
951
5046
2780
8768
3854
8009
3515
4194
6686
7979
7334
5857
6502
5585
3256
7222
3795
881
3414
6509
2300
3207
5899
8614
8387
8813
986
4795
6377
6436
8484
1767
8797
5641
8640
4848
6985
3176
8157
2935
5193
6426
5625
2622
1507
2418
8121
6762
4162
5151
2617
5080
3608
5134
7090
8795
2799
5449
2236
7759
7766
912
1824
1281
965
6706
6942
9010
263
3351
3028
1562
5521
3213
5378
3604
7136
5282
3702
7919
3467
8057
4688
7150
6378
3266
3038
7812
4090
8915
6283
5365
4727
6276
6536
8866
6615
3693
7585
7250
6056
2772
7142
1777
8625
7566
5226
7078
3997
964
5139
1145
3492
656
6798
1771
1021
7841
2478
7624
1531
8228
2769
7584
6243
4020
5900
522
7044
4292
7845
8908
6415
6641
2941
4692
4811
8948
8950
8526
6370
888
3113
3698
1006
8254
976
5312
3456
6880
8808
6422
4177
7161
5710
6331
8871
4066
724
6223
5530
8730
7419
4420
4369
3250
6811
4188
3752
6885
7011
1408
7439
5304
492
1047
1812
957
5254
1438
5498
8838
4914
5947
5603
5165
3218
2394
6887
6940
7818
2318
6898
2415
3799
5772
753
2982
8191
4002
6944
6395
4638
5689
2609
2227
1580
7822
1816
6711
8531
7569
4039
6966
6031
6690
4861
1367
8720
1472
5203
535
7219
3964
4375
5940
101
5025
6906
7355
7713
8530
7564
3751
7180
3379
2506
6047
5666
6464
3889
4270
8617
2688
2897
6995
485
6322
7706
7843
5413
4086
4051
5873
6084
5275
5809
994
626
7627
7844
6617
6185
8718
2038
4491
8147
407
6757
2496
2241
5628
5170
5398
7354
2686
6768
990
4666
3045
2154
4228
6582
1676
6628
427
5161
76
5942
2704
4901
5146
1794
1317
1057
6565
1515
3173
5214
8404
1060
5703
3560
8362
2268
4878
8576
3646
6182
5600
3489
4706
5787
5038
4886
6298
6279
8583
5443
5581
4440
1476
2144
3584
725
5945
6290
2347
8273
3238
6974
144
4842
8575
6863
7827
4178
2516
5684
6774
8865
2981
4632
8638
2173
6367
8835
3334
2594
3210
2344
1013
4945
1569
1125
8882
5795
1639
2798
288
4394
188
3503
720
844
6552
8620
4849
7198
915
6470
7260
7325
4967
1209
5732
6961
8727
401
3999
8366
6341
3194
3160
735
6993
8275
2912
2801
880
4166
1804
6950
1508
2404
7379
6503
6230
5363
8341
5470
8123
6731
4680
2073
6286
6419
5985
7453
5101
6954
7366
6800
6408
3936
1004
2900
7926
5125
864
8388
8923
6234
4482
4511
5009
8857
2696
7352
2371
3428
2668
218
6816
2331
1624
2366
4241
4603
5323
5285
6963
6123
7177
5808
5462
4844
4691
6166
4814
3920
3284
5400
7147
981
3394
3863
8823
2433
3216
7346
7357
5836
1429
6416
5380
5534
2937
1225
3981
7110
1517
6051
5333
4316
3402
2621
4709
5672
6566
8612
3479
5122
2434
8525
8712
5097
3344
3761
4238
8799
3615
5840
8133
7155
