item_recommendation
25737
7872
8571
8447
8093
8327
7541
7914
8360
7613
7697
980
7669
8225
8117
8070
7636
8385
8253
7560
7437
8056
8033
8522
775
8661
8420
7782
7407
7938
960
3368
6748
8154
7394
1513
5264
8961
955
1046
3869
8879
6850
3232
7753
4391
8290
8235
7649
8183
984
8859
5017
5909
2659
232
695
7802
7186
8403
285
6143
953
1024
1744
7738
8167
8654
6728
2212
2062
1523
6365
7234
741
6579
5489
266
4821
8751
5611
129
733
888
8008
8670
8477
4584
4121
526
3324
5008
5159
2374
7478
8743
4437
4941
745
48
7728
5723
840
969
8899
8761
3632
966
4658
1562
8003
5117
8665
6826
6207
5012
4079
8709
1288
6724
8589
1352
3845
4414
4873
1003
3235
6550
5765
7263
6195
45
8819
8684
4795
4577
6920
2340
6091
6609
4782
1767
4696
3816
535
7705
8410
6559
5473
976
8998
472
8745
2173
3127
1907
6535
5515
4316
3188
8596
970
6390
954
6521
6892
2935
2860
2605
7786
6624
5597
4830
9018
2227
3804
1515
7293
8977
3420
3668
7619
3751
3604
1057
2689
731
522
1816
858
1812
4923
1507
4417
951
5198
2686
4809
2780
4605
5296
6318
912
5241
6630
5164
7107
4262
4366
4228
3113
4987
8131
8136
8376
7720
8633
4861
957
4162
7481
4550
101
4076
6636
321
990
2288
8910
986
1437
189
881
1125
2609
1831
8462
3281
4846
2415
4801
3875
6970
2772
1590
626
6832
407
3210
6562
4731
3086
7976
6612
8499
994
3417
1006
4984
8689
1209
8453
647
6242
996
4427
2688
8864
1020
1187
5210
6314
2496
6743
4171
4920
1676
5033
735
7990
3649
6254
263
4135
4761
8984
964
659
2660
656
4649
5558
3456
6568
1771
1281
2769
1060
5498
1042
2154
2366
3702
1870
3924
8840
7944
7698
4639
8833
3928
3263
6932
3707
7445
7587
4901
3871
5588
1531
3608
4638
7932
7011
3996
5815
6791
4404
8604
6355
2798
5825
8642
1844
485
7299
3428
2801
2937
915
2981
3307
5312
5752
7487
15
8854
8207
7038
2504
2300
6116
9001
2236
427
4936
3575
4394
8482
2427
7316
2241
7817
7748
2687
8699
9004
8187
6536
4432
3522
5936
3351
5440
8777
1047
7204
5926
2647
5165
4375
1030
5980
1004
1021
4188
6669
4251
8392
7888
1472
8920
7099
1777
6042
4332
6178
2248
2669
3714
7126
4552
5585
961
5834
6918
1624
6243
474
7881
3251
5134
8927
6383
6739
885
963
2799
3218
7311
2829
1317
2467
6498
2385
1009
3854
2897
6981
886
8511
1380
6957
7831
725
870
5161
2418
7189
5410
4632
7160
2052
4603
100
5810
965
8169
720
7789
3093
1476
3675
5527
8609
7894
492
3895
7380
6276
2531
3176
4290
880
8507
3795
3402
2396
1569
6509
6885
7583
1639
1834
3882
6658
8228
3207
7016
5839
3194
5449
1173
2318
7484
2710
2775
5888
3357
1702
8388
1336
872
2793
8620
1145
1394
3268
1053
5968
798
4101
1131
8491
7792
753
2982
2621
144
5329
2617
9010
8239
2407
998
3799
2038
8865
1794
5899
6000
2344
4803
1161
7757
1013
5729
7415
1799
4246
981
7096
3819
3863
5021
6084
2770
196
2437
3655
6404
3913
2398
31
4686
7089
828
5952
3292
3213
6322
8612
2434
5787
8712
4238
3639
3761
3615
5097
6566
3479
3344
5840
5122
8525
8831
8133
8799
7155
4177
1331
724
718
4161
4895
5214
6140
7121
6977
6744
6591
6999
5080
4885
5226
1135
2976
3338
8614
6811
2959
6798
1026
7245
3028
8979
1012
5530
7272
8387
499
4952
4451
1631
8772
4740
2506
3033
5053
1581
3852
205
4528
527
1819
1652
2796
1438
2404
1608
6077
3759
1028
2752
7818
2186
7577
3431
2709
2433
4051
1836
6132
1497
7130
2622
7759
5971
1295
1852
6856
7878
6186
844
7958
1010
3377
3388
4473
8268
7135
1032
7195
3081
4024
861
7254
274
4033
3540
8914
6676
1696
7936
2331
4680
4401
7845
5378
2457
869
7055
5365
938
3752
6703
4645
5568
3160
2677
6502
4814
785
6751
2442
1839
5693
3125
5772
6436
8575
5832
8810
4600
6565
2465
6762
3964
2880
6985
3784
3892
929
3262
3159
5199
4888
4643
5375
8009
7840
719
7022
2668
1132
8039
6516
2570
8044
4666
5186
6684
1087
3296
8580
5801
7211
5569
3256
3693
6056
2546
16
3024
401
5433
6650
742
6367
5141
3438
786
1980
3805
678
1612
313
1810
3358
6440
2394
2441
2478
4349
2494
1824
6203
6760
4389
875
7566
2003
5346
4811
8948
4020
8526
4292
3997
3492
5900
2941
6348
6641
7584
4692
6415
7044
8908
8950
6370
4045
5857
3427
8700
3157
5009
6840
8903
7171
7826
5628
1504
1019
2521
1147
4086
8574
4945
4191
4837
2639
1225
1078
2925
2004
3534
8191
550
1647
6695
1393
6757
7456
2082
5139
288
802
2741
7502
746
3370
899
2202
6880
1970
1688
7090
3587
1016
8667
5387
4420
6375
726
2966
2195
2817
5742
5850
4066
2146
4563
8722
3354
1525
6154
1508
6260
6426
1739
7897
1721
8827
5236
2533
4911
2155
761
1500
7282
6294
2069
4727
5662
2380
2295
2572
7444
824
4337
4342
4166
5873
2500
2516
1516
7208
6862
5
4756
2347
8795
6643
3563
2447
5458
6686
3238
8848
2283
864
1120
6148
2730
8781
1951
4524
5570
2900
1017
1224
3978
276
5641
4016
8451
3152
4706
561
1193
2458
454
1301
893
5146
6858
8530
7034
3199
6927
947
3150
2761
1876
7439
1111
962
6974
523
3504
5600
5609
105
2440
4319
7095
4153
2581
1367
2439
1429
5782
1580
4255
5352
6446
5065
93
328
1292
1572
3394
1055
1711
1640
275
5917
1029
5604
3387
2436
1556
8583
2892
7624
3478
2912
3783
6339
1517
2779
1690
1582
6162
968
5324
892
244
4933
2352
6234
34
2490
2159
3646
1997
4111
1973
2402
3723
5291
8261
2745
7809
6893
4511
8607
422
