item_recommendation
25737
7872
7697
7541
8327
8183
775
8093
8571
8117
8290
7613
5515
5323
6493
8225
4437
5597
8360
8447
7669
8403
7914
5008
1513
731
1515
7560
5218
7437
1003
8772
5742
5159
5282
7782
8596
6154
733
567
2769
5186
741
5662
6073
1507
5480
5723
7728
1523
6260
3880
8499
7878
5768
2349
8154
4550
980
5715
3621
6902
5675
8636
8899
8591
3329
5853
5288
9012
5198
4095
4800
4984
8033
6121
8207
5669
5048
745
5264
984
5765
5275
8580
986
5791
2342
4740
6881
5312
8743
2355
6178
7204
6970
724
6091
735
8410
5410
6084
968
5666
1870
2982
8720
5440
4798
4731
5655
8376
7649
8003
8136
7171
8777
5710
4076
8998
5356
1777
6513
401
4765
2741
3875
8699
1317
5752
5729
6751
6579
6918
976
7478
7938
5363
5732
1819
1876
5177
2513
626
4440
746
4804
1812
5968
8859
1831
869
1739
4153
5689
7636
7407
1004
766
5071
4795
2686
6530
875
6684
6355
5672
5167
1026
6593
7254
1010
888
6835
990
2688
7245
3334
4821
4967
8070
915
5038
4649
5365
1581
864
1006
2385
5254
3489
964
2473
960
4241
5398
7315
2798
2300
8661
6103
3936
8253
7771
7260
4584
6671
2764
3688
5466
5832
1771
1047
5808
1750
7831
6760
2696
720
5443
6436
3324
1017
3851
2659
5839
6232
4727
2347
2183
8142
748
3238
3095
5641
6547
8848
3188
6047
6408
3584
2546
2956
6404
2651
743
3819
7234
8629
5936
1021
6676
2993
1907
2668
893
2428
5572
6225
2186
8879
8943
6286
5055
4016
1508
6294
6035
5735
4312
6963
6498
2496
2605
5139
5815
6985
1057
5699
4976
951
5625
1053
8607
6678
2772
6341
1624
2801
6314
5795
3758
5243
8147
947
8524
6718
998
6706
1525
8807
1690
1192
695
5577
6803
8882
2937
5170
7078
5285
6896
2892
3284
3611
2912
6464
3500
8768
6422
2534
5418
6645
2184
2654
7346
6375
5940
865
5696
6331
8275
5400
7919
7822
5685
5034
5670
8921
3654
4300
4104
3497
8542
2976
7419
4477
2582
2983
5462
7357
7198
8949
8371
8838
5684
4929
5003
5826
5700
8640
7063
5401
6732
6754
5847
6887
5836
7235
5746
6105
3957
5056
6584
7309
8828
3825
3499
8672
5690
6060
6432
8197
2120
5498
1580
750
6800
8123
8366
725
8610
3377
5002
5796
4834
5686
7702
6342
1617
6851
2640
8582
6852
4994
5004
5373
8872
5517
5001
7017
5667
4832
4677
3491
7153
4450
5736
7791
5678
5680
8785
4889
7947
4105
1288
5053
8835
4923
8985
8130
8966
8158
961
4941
8423
8138
8372
8955
7012
3235
3241
6768
4980
4428
4316
6774
4999
4263
6533
1014
3889
1020
4878
8420
5085
2935
3096
1501
1030
3408
7293
1042
6753
3495
3959
4532
6827
3759
6509
1980
3307
885
2687
5693
2227
5291
218
1046
6470
8522
2441
6296
3232
4680
3173
3656
5834
3194
3753
4043
3093
4366
3608
969
4996
2440
1008
1805
7502
3816
5203
1147
6598
6596
2548
5161
1497
2832
2118
1822
3039
4801
719
1104
5419
2481
5375
129
5553
1744
5458
7802
1037
1060
6025
4830
1230
2774
5649
963
8961
2383
8042
2009
6730
8387
1688
4736
4490
4833
4979
6207
5518
858
5772
526
938
8638
5611
1084
833
6368
1762
4600
1187
747
4963
101
726
8451
5888
973
8056
7888
3751
1040
4420
535
1500
870
4718
4414
8865
8462
4298
1056
802
5135
7272
988
8235
4809
6826
4903
7764
6630
5891
5205
7208
4401
3388
4911
3417
1078
2770
7619
4861
3604
793
105
828
981
4380
1490
2647
965
3702
8665
931
7753
3575
6093
742
1735
1132
5193
659
1059
2829
3649
4638
2090
6728
1032
3051
892
4735
4079
2339
816
5787
2938
4101
4920
3368
3359
3445
937
1909
1437
1517
4246
762
786
7786
2669
113
3487
474
647
4577
3456
2898
3452
1518
3292
4981
4873
5650
3522
5413
5214
5960
788
2288
4696
8761
1504
4404
3668
2188
1752
1041
189
48
2433
5404
5777
1394
753
6062
4511
266
2573
5304
2815
2689
4925
6037
2202
3086
2780
6612
4130
2415
6383
8920
8684
3113
1755
3428
4349
2318
313
1636
2416
8261
3199
886
1023
4782
4686
4658
5241
5504
1767
4945
4960
7186
7091
955
5346
205
1852
1836
4678
5425
5202
8722
1429
2107
1472
4885
3140
6211
5754
9001
8576
5489
2236
8388
1816
2189
2438
2799
2690
8833
7944
4639
7587
8840
656
5646
7263
6234
1092
912
4171
3831
3125
2478
3885
461
8709
4636
7698
3924
7445
3928
3707
6932
3263
1834
2521
2925
4262
2660
6243
1035
7881
798
2458
4247
718
3081
8167
6240
4462
1036
8477
4645
4161
2570
1346
1733
2594
7379
4337
1301
1152
472
1012
7894
2572
6186
5980
8642
8228
8927
8781
3766
1034
5182
516
2730
1018
5857
8620
2134
872
2966
531
2241
8977
8808
1161
3127
2837
4111
7034
1125
8654
7757
1660
7334
5092
6377
844
5377
4987
2465
2460
2617
4691
839
2344
8864
6195
4632
2500
171
5989
2354
2504
4251
8239
8392
2761
2368
2709
4956
1526
8910
3218
1631
16
2802
1753
2876
4895
3863
785
7583
5352
3160
2487
1225
8903
6950
879
880
4228
8609
5745
232
9004
7371
3587
2155
3357
2399
7720
2835
3358
6559
2981
6744
5208
6114
2407
6566
8799
2434
8712
8525
8133
7155
8612
3615
5122
3639
5097
8831
4238
3479
3761
3344
8169
9010
5840
5556
285
1479
7038
1367
1562
4957
4520
3795
5449
2078
721
6450
2493
3338
4375
4191
3714
1721
2287
8332
1625
5588
7394
2366
3256
4273
5033
2159
4284
765
5051
2639
3211
4177
8633
6390
2404
1382
6947
2880
4024
5909
3892
929
4643
3784
5199
3262
4326
8689
8589
6395
4888
3159
4968
5021
1788
4625
3354
5810
2616
953
4603
1951
2082
2642
3444
999
934
7282
1438
3207
3402
4372
1049
7352
7411
7125
