item_recommendation
25737
8571
7872
8093
7541
8117
8447
980
8327
7613
8253
7697
7437
8360
7636
285
7669
129
1523
7782
7560
7914
1003
8225
8420
8033
266
48
695
526
3232
1744
2659
7938
8070
8522
7234
8899
960
8661
535
8385
407
8859
3368
775
1907
647
745
232
1513
472
5159
1046
969
8743
45
3235
100
953
2288
7186
6559
733
984
2374
2062
8477
858
8183
321
741
951
955
1288
6728
522
888
2212
986
4550
140
5410
5597
5723
8403
2227
6826
7738
966
1187
8290
1024
4821
2340
7753
8003
1812
2300
1006
1816
8654
8709
5909
4941
101
263
626
1777
1352
1767
2605
2769
731
3324
6365
8154
1590
2780
981
6091
976
5515
880
5264
964
5117
3188
4658
1771
3869
6970
4731
4262
5198
31
5611
4079
881
1515
6609
725
4414
970
1844
3127
8761
5
8665
6318
7478
8961
1525
840
4638
7705
4437
2860
8376
8136
3875
4404
3210
4830
6521
6612
6918
870
4923
1437
4391
8235
7407
485
8207
990
4801
1562
4740
735
3377
1531
2688
1060
994
1281
6143
8879
314
4577
523
3113
3816
7649
2686
4417
1021
659
1013
3238
4171
4366
954
8670
1053
2937
8819
498
3281
1507
3854
196
3522
2772
5296
189
2415
8589
6630
7802
724
1624
5588
4809
1145
1132
1472
1125
1020
2647
7263
7786
2241
1004
1870
996
401
3668
886
963
8642
6314
4696
2798
8499
912
3428
4782
3845
2496
3263
3928
7587
3924
7445
3417
7698
8840
6932
8833
7944
4639
3707
8462
2478
2248
7979
9001
2660
268
2982
5952
6390
15
427
7831
957
1017
4076
6892
5489
1794
8920
7299
5033
205
6748
4761
6195
3996
2981
4432
4873
4162
2504
461
3702
7619
1517
2186
885
2935
2154
5161
550
720
3307
3799
3604
4427
423
2407
6116
218
8268
7888
1012
3354
3584
4795
2531
1026
5810
7881
5662
9004
6550
5017
6243
2793
5164
1581
4600
915
8910
7894
8596
8689
7748
7487
1702
1367
6751
5008
6355
422
8684
656
1295
2442
7038
1696
3213
746
872
274
7728
1030
7809
5449
1580
2617
7577
3714
474
1057
1099
6579
828
5834
16
1819
4645
2752
1111
6744
7245
7126
4349
965
4936
3632
1209
6835
6774
3871
8410
1042
5765
4844
3152
2799
3805
2173
5968
7792
7293
1331
6902
6760
2775
3795
3575
1225
6440
2829
5365
7204
6832
802
6798
3086
4251
2385
5585
8772
5839
4511
1120
1639
5177
2418
4290
7817
962
7394
4649
5936
5888
2730
4885
6535
454
7099
2815
8614
3388
2687
3176
8453
8827
6077
3804
6207
3160
5473
1980
2689
3402
144
5186
6568
1394
2149
34
861
4255
869
6562
8056
3251
1676
302
5021
1569
499
3456
4420
998
561
4895
2231
742
276
3157
4316
328
2347
3199
4246
8008
785
3420
7208
3587
7272
5815
2609
5288
793
2497
1824
2468
2621
6985
6803
492
1652
1330
2533
6294
1040
2236
6658
3093
6123
1147
155
844
6000
8157
1508
2159
718
3430
3387
5926
2976
171
482
207
7311
8977
8777
5980
6920
1059
6777
1582
2078
1821
700
2082
2458
3207
4263
8604
5971
3751
1358
5352
4727
6885
8187
2335
7121
7380
938
6615
4634
1831
7107
7282
5850
5729
2493
5801
7976
6148
4524
5139
916
5226
2900
2366
1008
8507
1839
2038
2674
3975
3819
1135
8633
1438
7415
2494
8699
2779
5080
8998
4984
2425
2801
479
6509
5312
7316
2427
5655
1131
5715
961
848
7878
6591
2352
4933
7841
3292
1429
5498
244
3489
6121
2741
1476
1047
5053
3351
2439
893
527
4673
8781
2570
28
1834
3218
7789
7211
798
5742
4191
5193
2892
3882
6739
6977
3920
1657
5568
380
1041
934
2195
829
5329
1320
8574
748
3709
5114
6669
6154
714
1346
2440
6348
4625
2770
2204
2318
5768
6731
2622
4284
2517
6676
6641
3508
93
2441
6743
6185
6617
6283
7706
7844
5965
7843
7355
2398
1631
1826
6400
8629
6762
2581
2383
8695
4033
7096
8044
1970
2394
5413
105
7990
1852
6513
3081
6896
4153
4605
4680
154
5693
3194
2404
7180
6686
968
6498
7995
3024
2026
6493
7566
6624
8950
5900
7845
5832
4020
8526
3492
6370
4692
3997
7044
8908
8948
5558
2941
4811
4292
7584
6415
2473
3028
6880
1810
1032
3394
1500
4914
341
3752
1535
4337
5625
419
2669
7759
5857
8009
615
6840
3370
947
3978
8482
5675
4342
3608
8854
4016
111
1019
327
5218
743
4121
4718
1018
1336
204
89
3693
7818
5734
1901
7502
4686
5282
5470
5427
5012
516
3563
8848
719
2197
5530
1317
661
2966
5604
1393
1493
4659
275
5055
4842
1010
2003
3843
3256
10
4273
5319
1836
6858
9010
4584
5291
1788
3649
7484
5689
5203
1193
5222
2331
4197
3547
4274
639
4268
4338
4291
3991
1293
3252
3723
3960
3976
3450
4184
5182
3408
5440
931
4051
1636
726
935
76
2283
4765
2642
875
2897
5772
1711
5882
2792
4101
8167
3889
832
1301
6791
866
1721
1161
8984
8261
2843
5241
3216
2433
5378
322
1726
1876
1501
1422
1690
3150
6056
1482
6944
5556
2912
2155
3156
1552
4901
6322
3880
1404
5787
7171
1688
1078
3285
818
2342
7034
4963
313
6073
864
5735
6062
7481
2600
3540
4976
4728
3758
5641
1433
2465
3296
1556
5853
9012
5443
4987
6367
1031
4636
5483
4676
5463
5302
5342
4640
4954
5637
4977
4333
4612
4662
849
344
3759
2396
6531
2202
3560
4627
4319
1518
943
8131
5243
6684
2651
337
5873
4876
4399
1028
4902
5265
5236
5364
2696
6260
8591
8636
973
7260
5666
1497
8484
2445
6404
3034
4519
1959
4188
651
2368
2243
5672
2490
6279
778
1104
1286
2546
6234
3116
3475
2572
3140
6211
3814
2089
2004
2146
685
3676
1941
1184
2279
80
4911
5752
2506
7135
6636
691
5346
2284
