item_recommendation
25737
7872
8327
7541
7914
8183
7613
8571
8117
7697
8360
8093
8225
7437
8290
8447
7669
775
8033
1513
5597
5515
7782
8772
7560
8403
8253
5159
7478
980
7728
8056
6178
6902
5662
8596
731
8499
4577
1523
2686
6073
8899
8235
7878
5008
733
3232
6154
8636
7636
5410
741
5742
5288
8743
6260
5186
4945
8879
5675
9012
5715
5768
5853
8591
3324
996
8003
6365
8684
5723
6355
8580
6970
8777
5282
1003
1507
4316
5264
8699
8661
8420
4600
8410
8154
828
8859
8376
8136
3875
8070
1515
3751
1870
4076
4342
1816
7938
1819
5312
2227
8720
2236
4731
4658
3235
2769
3368
4795
960
7720
4821
2659
8943
7802
8607
4696
7245
6091
526
1580
5498
2504
864
4830
6918
5689
4366
6579
2513
5765
1777
5033
5968
5161
6140
4440
7649
2801
4782
4727
8522
4861
3632
4740
1744
858
8524
735
5146
6751
6835
5177
4550
6132
745
6803
5729
7831
3338
869
5699
984
4809
6294
7254
9018
6404
5641
2696
5980
6422
4437
6760
1125
5466
8807
3086
4312
2241
1046
1078
964
3668
5198
2912
2546
4941
5655
1657
833
1030
5684
2669
7771
1771
6436
3173
1652
976
2772
955
3604
1024
3093
7228
1812
4878
401
6121
990
1060
5772
695
2212
5795
7078
6768
4649
8142
8629
1508
3402
4262
3608
2982
6318
4016
998
1111
8761
8207
3428
1317
3816
4290
2829
6464
3649
947
4162
4558
1004
2481
4079
5038
7293
1624
1042
1739
7738
1248
5298
1909
2344
6718
6408
8910
5564
6800
2687
6743
2798
4833
3210
626
7204
4936
2892
3354
954
4246
5053
6985
3831
8882
4153
1057
6047
748
5365
1831
8275
129
1288
7753
4967
4066
4976
6242
5834
8977
2956
4584
5666
5710
8998
7394
3759
8167
762
5839
5936
4166
5275
6826
4987
3456
726
3489
8477
1192
786
5815
8961
720
6547
8451
5398
3334
3936
5254
7260
4241
1501
2473
6513
7234
5672
7171
1639
647
5735
474
7419
5443
2983
2582
5055
5210
2609
4923
1009
1010
5440
4765
3194
3889
3388
886
8848
2347
2496
6493
719
7142
5348
5323
7407
3758
1970
4101
5572
5363
5752
912
746
5732
5940
2976
4980
6498
5170
4228
1013
2173
1021
5025
4161
6509
1008
4414
969
6645
2184
865
285
4834
5462
6035
3957
7309
3611
8872
6732
7235
7198
5401
8640
8130
7346
6754
7357
8610
5373
5056
7153
8785
5517
4677
8768
6963
8582
8828
4477
5034
8123
3654
6896
8835
8838
8542
7017
6887
8672
5577
6852
6851
7063
5400
4889
7919
5685
8423
5680
8371
7822
5847
5001
5002
7791
8985
8197
5746
3284
8366
5686
5690
5836
8138
6432
5826
5696
1617
5700
4832
4300
6375
5736
6060
6331
5285
6342
8966
5678
2640
5003
6706
7947
8147
5004
4104
6676
5796
3497
3499
8372
8921
4929
5667
3825
7702
8158
6584
4994
8955
4450
6341
3491
8949
5670
6105
953
4428
7012
5625
7619
2398
2937
963
4999
2935
5085
4873
5346
3096
3241
1581
4803
6470
5243
6207
4836
951
3843
893
6533
3880
4801
915
7502
1012
2985
6774
1380
3010
3522
6296
5808
2371
2745
4401
535
2120
2500
3495
6827
5504
6684
3575
4105
5291
3238
3653
4267
1040
266
2688
1500
840
5203
4680
870
8462
724
2548
3292
3359
1006
1209
2799
5611
8638
4603
4191
1331
3452
5139
888
1517
968
1020
5489
1497
4171
1026
3268
2689
2295
1805
986
7826
3281
6630
1394
1804
3656
1750
2438
2183
1032
2385
232
994
1053
8261
2741
6103
1531
2721
3500
2521
2441
4979
5521
5787
472
3851
8387
5304
659
5518
5135
4885
4399
4920
2506
5693
725
6286
1647
1104
4673
750
2004
8865
5433
8491
1907
4404
8042
3916
5009
743
5438
1019
7932
4247
892
4298
836
2605
875
2570
8722
1031
8388
1556
3521
4420
101
1132
7583
6232
4263
2774
3445
8665
6728
2925
3900
4024
6290
970
6932
2817
3408
1631
7976
1686
8616
1873
4490
4238
3344
3479
5122
8392
5840
8620
3761
8831
8239
8864
8525
3615
8169
3639
8799
2434
8228
4632
8712
8927
8133
6566
7155
8609
5097
8612
9010
6368
4095
3863
3643
1980
5134
737
2214
4532
2611
6225
5588
2340
4375
1161
1688
1059
2118
5313
8633
1794
5522
2300
2835
5375
2815
4666
4612
7786
4177
1135
8920
4645
1699
4051
879
6638
7282
2283
2690
4605
2730
1047
1147
3127
2248
981
1437
4735
4608
1799
7445
938
6390
5193
5241
788
5850
3989
5500
7316
3417
9001
1767
2780
4981
2993
8667
3163
5418
2458
2770
6093
2880
2415
4888
4643
929
3262
5199
3784
3892
3159
1590
3357
5377
8589
6568
5628
4552
2639
2938
4956
3438
3753
1640
2494
321
2802
8642
3307
8903
2654
4798
6322
2668
785
8039
4787
6974
1056
839
3431
2966
816
6314
3924
3928
8833
8840
7587
3707
7944
4639
7698
3263
7186
3540
2727
3269
4837
1518
8808
2660
218
4901
527
7764
2186
609
8827
885
3060
2796
793
5527
3675
429
1036
1696
4761
5335
5630
2428
3256
189
1951
4996
427
2159
3155
4520
8654
7208
1643
4045
4984
105
8819
3869
3034
3197
3819
7897
6678
1525
1131
3430
1504
3871
2318
6530
7577
8979
2468
6234
1702
3926
8484
2440
2433
5909
2793
7757
4417
2709
2497
3913
8574
550
3188
2436
1187
3996
2368
7894
1612
961
8576
4332
2155
4511
5810
2651
3852
4190
2383
721
7881
4108
765
3427
4432
1641
2009
8268
3690
1826
2677
1152
3953
1433
2204
528
872
6107
7036
3207
5341
1429
4039
7995
3574
1023
2239
3516
2082
1035
2188
6559
1025
2407
4284
4273
4337
3584
2088
2581
1582
3723
1852
4380
1329
7888
7016
802
3702
6612
5992
1404
7492
881
8482
5117
2154
1055
3216
7484
4086
3031
4339
1876
930
2710
2692
3800
2478
2442
5419
5065
896
1627
3358
2197
837
2647
966
