item_recommendation
25737
7872
7541
8327
8093
7697
8117
8571
8207
7613
7914
8183
7802
5597
8253
8420
5410
8360
7560
7437
8447
401
647
8070
8477
1145
1111
5515
8522
7669
5177
8033
1120
8225
5765
6073
6365
6579
3232
6195
8056
1562
7649
7478
6395
7738
5556
7282
8261
5489
285
7636
793
7782
1580
4600
2605
4577
6091
1767
3587
718
775
5159
6211
1816
8684
5772
8235
7932
5198
7809
7407
3889
8290
7995
6000
6493
1003
798
4830
5980
7228
1196
5538
980
4809
1523
6636
5498
140
4246
1513
6178
4911
778
1783
4696
129
1535
4731
4634
1472
4458
1711
2966
3235
7245
4515
2761
2300
2832
626
4703
1317
1777
6154
4316
2779
2159
5114
1739
6279
2745
6970
5825
7753
1320
5315
3643
8187
5433
6440
5264
5033
2686
9018
4649
4673
4550
1791
8385
135
1076
3377
1707
8661
7976
2935
8154
2668
885
1721
1046
4262
1779
8403
808
3292
4290
2427
1831
5784
5269
7272
5689
5312
858
7394
6559
8743
1453
8039
1907
6077
731
405
1788
8761
872
4088
1744
3150
7234
5139
8819
3854
7789
7577
4748
3604
888
7121
5470
659
818
4166
5182
45
6658
4761
3608
1726
6140
8675
8499
5069
1870
1804
3368
196
7492
8903
48
1404
3210
8167
5729
6918
3324
6051
984
6404
8772
332
707
535
6355
5254
8899
2786
8859
4273
4284
2981
8003
4658
3334
6850
667
5319
5588
1437
5742
8943
960
5202
1639
5222
213
7979
1844
599
4486
1931
650
2494
8998
7728
7938
4366
828
8722
2504
3653
1479
4945
3996
1507
4638
5117
2128
1696
2624
463
6728
4342
678
8451
299
5134
4920
3213
1900
4033
5909
2681
4727
2231
5850
3354
6482
4782
6690
816
1099
5038
4941
1848
8633
4383
661
2596
5952
2227
2062
5787
6408
1771
8977
5427
1363
8910
7444
8751
8410
8484
1608
976
1552
8273
526
7934
1549
2835
6148
5791
8157
3474
1135
8607
3489
4251
5348
205
879
1184
5718
4432
2243
5666
5398
7260
3081
1997
1715
753
3936
4241
5008
472
7293
266
6513
550
8827
7881
1515
945
2288
6341
7720
2659
8636
7299
969
5021
3281
454
8596
656
813
4709
4821
1812
824
263
1852
4873
4399
4462
4101
4802
6571
8482
2282
5226
3816
387
5087
6390
3086
6284
5808
303
1295
4612
360
4296
7619
8604
2912
6412
5707
3408
348
6703
6832
5723
8709
8654
1482
3900
8589
5464
4771
764
844
1652
1826
5193
571
1449
4846
6405
782
4626
3133
7115
6318
3908
3843
5443
4194
996
1040
2478
1959
1161
8268
1819
951
5662
3626
5146
4051
2775
374
2193
1272
1286
121
4552
1891
5839
2688
7743
6525
6056
6826
7130
2780
3238
7186
2283
2221
407
6260
5846
558
638
1631
8511
3028
4414
1150
4765
3456
4076
2521
5288
4278
3412
1187
2843
5372
2155
1575
725
1493
685
7757
2399
1209
2793
3051
4378
4079
2819
880
3211
267
375
1059
101
5296
95
5092
6803
8848
4932
3163
733
1769
4614
724
6446
4060
3066
5413
3859
2696
4795
2809
5053
8777
785
1288
4121
2310
3060
1476
184
482
4654
6806
1970
561
4191
3780
2219
1582
3522
8136
8376
742
2204
29
7101
122
3875
991
2212
690
417
5352
5936
6751
5699
6383
1841
2200
2548
2704
2043
1165
8807
6676
1873
6348
2753
3434
144
881
1053
1925
589
2498
312
7263
5186
673
3152
3563
2676
1217
3983
2203
8795
2130
2766
1131
2866
314
3763
1657
4524
1401
2633
2715
2074
1080
99
2215
3134
1759
2403
2285
3177
1616
1186
2922
510
167
3042
2789
3147
1204
1978
3691
830
5638
5047
4674
5501
5539
4664
5043
3520
4655
4282
5540
1151
4214
4516
532
4823
6373
704
1063
3068
1226
2364
2393
161
3005
1233
918
1388
8961
287
306
7705
1796
8879
8336
6840
504
2956
8670
3602
955
507
8008
4437
2327
7878
1287
5888
2600
47
3819
6305
4584
8014
780
3360
1218
4427
4572
327
5483
3140
1285
1085
5414
7815
259
1730
3404
1440
2736
3398
1013
5611
2883
4645
1463
848
4055
6547
2325
1532
2246
5968
4339
875
4636
2350
6630
1225
4066
4728
2207
4977
4676
5637
5302
5463
4662
5342
4640
4954
4333
2946
7487
2858
2507
4740
6400
2986
741
1428
7899
2961
243
1340
1354
2674
4627
1077
6473
7334
5715
3635
5179
8892
2546
2429
5395
8121
4923
8524
155
1224
4865
156
3879
4519
4984
485
479
1333
2769
2799
4716
1940
1073
1147
1880
2372
278
1839
8665
990
1972
3071
577
5265
5236
5364
34
6484
6902
8699
5233
6522
2311
31
2340
3401
2021
520
5473
7340
349
2485
2039
2630
2583
57
1916
2442
2567
2794
3176
5815
8853
2634
8580
6609
838
4987
4337
2252
5853
491
2090
5346
8957
276
1310
2091
159
810
3868
805
1129
2201
6476
3349
4543
8920
498
2975
3370
162
3552
3852
7748
2732
5224
8616
5641
745
8542
322
7171
1702
222
1444
5010
391
3214
2373
66
1717
3285
132
7034
2615
488
1951
7020
6977
2176
671
8695
3160
2078
6031
869
2628
7840
6835
1066
41
2439
441
2752
1188
2465
896
4610
4521
2609
1268
4570
1809
3768
4197
179
3723
2448
1929
1006
4349
324
6303
2
3546
423
4310
4659
728
861
2982
870
3632
3619
3450
3252
940
3960
639
4338
4380
3976
4274
3991
2693
4291
3547
4036
3270
4268
3565
1293
4184
7139
105
4171
427
4475
3425
5745
2687
6760
2560
5843
5438
365
801
7177
3264
547
4139
1419
6116
1692
3543
735
981
4675
964
3006
6132
3668
8629
5705
1937
7107
483
2359
4885
4971
4815
2013
4394
4411
4818
5404
7250
5777
5682
2397
6856
5417
1103
4767
5366
5111
4745
4749
5066
5057
5450
5231
5255
4975
4960
6468
5283
5505
5506
8970
5299
5300
6936
5544
