item_recommendation
25737
7872
7541
8327
8117
8093
8183
8571
741
7697
775
8290
8225
7613
1513
8447
8360
8403
5515
7669
7560
731
980
7437
5159
8772
1003
7782
7914
8899
5742
8596
6154
1739
8499
5186
1812
1515
6073
6260
4550
7728
7878
1696
8033
5662
6902
8154
5715
1507
5008
5675
5288
8636
5723
8207
5853
5768
858
976
401
9012
8591
828
8743
6970
8003
1777
2769
745
1317
5765
1806
986
947
1907
8580
4740
724
2605
984
8253
5410
7636
5312
8136
8376
499
8420
6091
885
6178
8998
6918
1870
3875
1624
7649
1053
4731
733
2686
4795
2832
7478
7938
5198
8859
1744
5729
8720
5597
2659
888
8410
1523
2300
8777
626
1018
4076
969
2383
5275
960
1288
2668
2982
5666
2688
535
725
1006
5282
6355
6751
2798
1580
8070
1816
5689
6121
6835
5038
735
3489
1042
869
526
1822
4440
746
5655
8661
2956
5177
8699
1771
893
7831
2937
7245
5365
647
3324
3235
5710
915
2347
1831
720
7234
3232
4153
5323
101
1021
7260
5936
2513
2288
4241
5398
990
5254
3936
8522
2696
2546
864
3334
2801
6579
5752
5839
5968
7254
5641
266
964
5264
2496
7171
4923
2761
2815
951
12
6513
8629
5672
6493
4584
5815
3238
6436
2687
6294
5443
6718
8848
3188
285
4727
798
2976
5139
1059
2120
5732
6547
6760
2892
4941
8768
5055
695
1750
4016
4316
2582
2983
1046
5363
1057
875
6408
3816
6404
6774
5735
968
1688
2183
7204
1192
8879
1819
5466
1508
4649
5808
6676
2415
2186
7771
6684
848
4976
3758
2772
129
4801
998
8607
6103
6803
5053
3889
8142
1901
2227
2473
6331
5834
5285
7078
8943
963
5611
2786
3377
1472
5699
2780
719
938
880
7346
4366
6047
748
1173
8882
8807
2385
7198
3368
5625
2935
48
3759
2912
2154
4765
5684
4821
4312
7419
8147
5795
6375
5170
6728
4980
5462
1104
1060
6422
5400
1721
6498
6896
1852
3194
6800
3359
8524
8366
8665
3819
8275
5572
3611
7357
155
5940
6035
5696
2651
6706
7919
6985
5836
105
7822
4450
4437
1501
5003
5685
5034
4929
8828
5670
7235
5401
7309
8921
8949
5056
5686
7947
5678
5680
5243
2441
6464
659
6645
2184
1187
5161
865
1004
2082
8542
8966
5667
5517
5004
5373
5001
7791
5577
205
327
1690
3284
8838
6530
6887
5826
872
4477
6963
6754
8197
6060
6341
5746
7702
6432
8123
8872
8371
6732
3957
3654
4300
8672
3497
4104
5847
7063
8610
6105
6584
5700
5796
4994
6851
4677
4832
7153
7017
4889
6852
6342
8785
5690
5736
1617
3307
218
2159
981
4680
743
3499
8985
2640
5002
8158
8582
8130
3491
3825
8955
3051
2548
1030
8640
8835
6768
4834
3500
3408
7888
7407
8423
8372
3851
718
1562
7012
950
3604
742
4263
8138
4428
2741
4999
3241
2342
6630
8961
2090
1980
6470
1363
750
3096
8638
1525
8920
1608
955
3081
6225
5693
4105
1582
1783
2534
4420
1047
1026
2504
4967
113
189
3417
6826
3656
4830
833
4833
5085
2647
1017
3173
6827
6296
2009
7802
2399
5203
7293
3608
4638
1479
6232
3702
4095
2770
1767
2440
3584
2966
3402
6195
4577
2829
7208
3211
2427
3093
6533
1663
2241
4878
4873
6286
1040
656
2689
2572
2118
5419
1581
1805
961
3140
5772
700
3495
479
1631
1437
2993
2654
970
7786
1078
2981
232
1012
3150
141
4532
1147
1008
2730
953
1951
474
4246
4984
2478
5504
213
8387
1500
4600
886
4809
6314
5518
472
4262
8761
5291
892
7764
1225
4079
7186
1909
4963
1125
5909
1517
870
1497
2494
8462
8477
832
8709
802
2774
6744
973
9001
1959
6678
3388
2521
1873
4490
4401
4979
4658
2570
1084
1876
2407
3753
1997
4101
949
879
2155
1518
485
8654
7881
3210
2799
4404
3522
1161
8261
1834
2866
8042
5135
6368
3456
4298
7263
3127
5418
1759
7894
785
516
183
6243
965
4696
1032
2134
8589
162
2843
2835
2793
1132
2766
8781
2792
3086
2325
161
3005
3134
3042
3068
1063
918
3147
167
3177
1186
1204
2789
1226
1233
2922
1330
306
6612
4349
7282
8451
2596
1657
1369
1010
5891
1367
816
1652
4981
2146
747
4996
2633
2364
2403
2393
2715
704
2285
99
1388
1080
510
1616
2074
2215
1730
3587
1860
2212
1699
2078
1346
3575
244
2660
2458
8865
7753
912
1301
3218
6932
7445
7944
8840
3263
7587
3707
8833
3928
7698
4639
3924
8576
4414
3668
2318
1358
2600
1184
5193
1841
4251
4718
498
5375
2669
1196
4171
793
507
3445
4736
47
8056
3795
2340
3880
1636
4045
6609
4861
1660
7394
2062
2429
2764
1218
5980
994
2858
3071
1972
2465
1092
4645
1639
8642
934
6390
1056
4432
896
3292
8235
2188
3006
1013
8268
6093
7272
2634
3113
2493
1085
4895
1504
45
2204
1014
2481
1095
348
1037
2202
1019
3256
2043
861
1130
937
7502
2617
3428
5413
726
1394
1836
2975
278
95
2775
8385
4735
4247
786
991
5117
2327
4380
844
6211
547
8633
1438
1020
2416
3649
7619
2567
4686
685
460
5440
1428
1111
2374
4228
2178
3766
274
5313
2046
291
4273
1689
4284
5182
5888
1024
5449
5787
8977
3028
996
1145
3125
8689
931
3996
4511
3805
3357
2398
4987
2335
881
9004
5556
2428
8910
475
2442
999
1429
1286
2500
1152
2039
1929
2284
7038
6509
1422
8332
2236
5167
2946
2990
8684
4043
954
5604
788
2425
2986
131
2497
5356
3160
839
1794
337
1733
2639
2107
962
6365
2621
4678
5498
4936
3199
16
550
3354
5218
866
1556
2091
1331
2207
4625
2464
3358
4337
2642
2507
6062
5553
1453
5960
2753
2699
7757
2195
2439
196
7091
2506
966
2583
2880
5346
1735
1970
2339
276
929
3262
3784
3892
3159
4643
4888
5199
2350
8914
1752
5810
322
