item_recommendation
25737
7872
8327
8093
7541
8571
8117
8447
7613
7697
7914
8360
8225
7669
8183
8290
7437
7560
8253
8033
980
8403
8070
8420
7782
7478
8154
7636
7728
8522
8056
5159
775
5008
7802
8207
8003
1003
8743
8661
5515
8899
8772
8477
5264
7649
8499
3368
7938
8235
3232
984
8596
8761
8684
6091
6579
8410
960
5723
6178
731
6355
7234
8859
5662
8385
6154
8879
647
1513
1515
5597
745
6918
969
2659
7753
6970
6826
5765
7293
8998
695
7407
976
6885
4821
3235
6073
4550
4941
5110
266
7186
8777
4809
8961
6902
285
8376
8136
8589
5186
5117
6260
733
2780
951
1523
3324
4251
858
2912
8167
5968
4740
2769
5742
7878
986
3875
8636
8633
8709
5312
5909
4265
6728
6365
3377
626
724
4417
2288
7738
1844
1812
8819
7245
8665
5715
48
1907
4427
4076
4731
4437
2605
5288
6760
8654
1744
6751
5980
965
3816
5768
5410
2935
8699
2300
5853
1507
4366
401
2374
8580
4414
5198
1767
1288
5839
964
5675
9012
8591
741
1317
1006
8910
4795
101
5329
3281
1562
1187
6116
4761
1870
5611
535
6559
8670
1777
990
4316
5729
6609
45
1046
3188
526
7786
4432
1437
5936
8977
4782
6835
4577
6630
3387
7394
1367
7619
4420
4801
1053
725
4584
4262
7705
6676
4079
4920
5772
4844
2062
968
2937
7809
1739
7831
8848
7254
7204
4873
880
7888
8920
5033
8807
2427
8629
955
4638
6718
6314
2647
8187
15
2688
4923
5815
3113
3093
5177
7263
6242
6121
8607
4830
5641
8462
1624
3238
7757
3417
5296
4649
7171
3489
915
129
5254
5689
5139
5655
6318
4846
6521
2548
1024
6493
5282
8268
5699
1012
735
4765
659
4984
4658
6207
7976
1831
7282
6568
2686
5971
3584
6195
2772
5038
9018
7272
7299
5625
6624
953
5365
6513
885
5834
3608
1771
2982
4911
888
3604
2407
6530
6547
5323
7932
4842
8239
2496
6612
3028
8689
7881
2212
2668
8039
8927
4861
4153
6748
8482
1580
8142
8542
3819
3799
4246
7771
6404
2227
3194
5693
6774
3889
1352
5161
3854
6047
8720
8943
6684
3668
189
5666
6509
1816
4440
2186
6803
998
6636
8524
3307
3213
472
962
1059
263
6390
1004
8864
232
2546
2798
3127
5080
7316
1021
5210
1042
8147
6294
2347
4696
2154
3632
5291
8387
2478
5710
5926
135
6896
7577
881
6103
7208
886
7096
7502
2344
1581
8768
4171
7038
171
5752
5413
5226
8228
5275
1145
5825
5443
6832
1980
5787
4016
879
5795
1125
1508
3086
3882
3334
7748
963
970
5053
6243
2183
6000
1047
2696
5398
7260
6408
4401
3587
7995
4241
3936
2660
3210
961
2318
947
8620
1057
5952
8008
7583
8451
5588
1017
7078
5055
3702
6436
7587
3928
7445
4639
3263
8833
8840
3924
7698
6932
3707
7944
2976
981
6498
8642
8903
4727
4462
6744
6985
9001
6591
4255
4404
2513
8865
6550
3359
7228
2609
485
4976
3759
7764
872
7720
869
5850
4228
6140
31
4045
8609
8392
840
5433
2120
2236
8261
5745
2687
875
798
5568
4498
8484
4095
3428
2473
8827
6464
1696
2801
3649
3869
4188
7919
3996
6862
5193
7099
4987
6331
4600
9010
205
6132
7894
912
1834
5732
3758
4963
5021
1030
3575
6798
6706
6077
3157
5735
6440
7789
1472
2793
6021
9004
8157
392
5203
864
4895
5604
5440
785
656
2956
8576
8781
2775
5134
4680
6035
2340
6223
5888
7419
893
1819
1783
1161
498
4121
4162
3805
6703
6800
5466
1060
7346
1020
2570
5489
5684
7487
5940
4632
3408
4312
2730
3402
3795
2981
5012
6422
7822
1876
2385
8882
3284
3218
4263
3199
8638
2832
6375
8722
7107
748
2433
5170
5808
8751
5363
6279
2009
816
4980
8388
4101
6341
8275
8675
4686
6658
8835
6768
5462
4833
6446
1715
3173
5832
6743
5672
1636
1631
3125
3863
1690
6963
1839
8042
4161
2173
743
1013
8838
2799
973
3207
2159
5696
4375
4177
5243
4033
6286
719
2038
7492
6470
4936
8984
2078
5836
966
5449
7160
6584
1104
8453
3292
6234
2654
1111
6887
5585
5285
321
3611
5218
4477
4450
7357
1192
8366
1750
2761
8169
2617
8604
5810
7817
1209
5214
6827
7990
6225
7012
8123
718
2741
1852
2582
2983
1026
714
954
8511
8574
3522
6840
4349
1120
870
7198
7792
8640
1225
3081
4903
6383
7126
1394
753
3714
8914
4024
8695
8892
2434
6566
3761
8612
5097
5122
4238
7155
8799
3639
3615
5840
3344
8525
4878
8491
2786
2843
2651
5400
8133
3479
8712
8831
4945
4603
7017
7791
7153
6732
7063
5401
7235
7947
5670
5685
7309
8371
4104
6852
6851
5847
4718
5577
5034
8921
4929
8949
5056
8828
5003
5678
5686
5680
892
5473
3150
8582
6342
6432
6105
6754
2640
5826
8610
7702
8197
4832
4889
6060
5746
4677
5572
3499
3491
3497
4300
3957
3654
3825
4840
1617
5517
5373
5667
8966
5001
8785
8872
8672
4994
5690
5002
5700
6777
8121
5004
6143
8130
5796
5736
8985
8158
828
2802
6695
1040
3851
8372
3646
8423
4834
8955
5553
8138
218
6122
3845
1804
3251
7211
1531
6645
2184
2241
865
994
2082
1147
1438
1330
3268
7897
5470
4967
3176
2441
2829
8507
844
4914
3357
274
2418
720
6536
2779
6211
7979
6892
5000
4428
1363
6148
1295
5985
3656
2155
7415
7380
6535
4394
1033
4999
378
750
3241
5801
5304
7135
2745
1517
2860
3500
6739
1010
4511
938
2188
1336
5891
6114
3051
1752
4290
5352
1721
6791
5085
6927
6348
2521
7311
3388
1078
5498
2764
2458
3693
8667
1019
4691
380
3655
3456
2404
154
2581
1037
4194
1873
2440
1612
3096
5375
6377
5356
5857
6762
3871
4098
144
4901
7481
6850
3431
746
5009
6641
3152
3024
1132
1824
2331
492
3445
1301
2966
3354
2689
196
1788
2897
2704
6400
1608
5548
4086
2622
