item_recommendation
25737
7872
8571
7541
8327
7613
7697
8093
7914
8360
8117
8447
8225
8183
8253
7669
980
7437
8033
7782
8290
8070
7560
7636
8154
8056
775
8522
5159
8420
3232
8661
8403
7938
5264
8859
7478
8879
1523
8743
1513
8899
7802
2659
1003
8003
3368
8410
7728
8684
1744
8477
5515
8235
4821
8207
5008
984
7407
3324
7234
858
5597
7649
6579
3632
6365
5723
960
7738
8596
7753
4437
6073
3235
8761
6970
6091
5909
733
745
1907
6918
526
1515
4584
8961
3281
731
3093
8772
7293
4550
4809
741
8385
955
695
8633
4941
1046
6826
1812
1777
8499
6178
8376
8136
266
129
6728
285
7186
1288
2686
4658
8709
3875
976
4873
4076
4366
48
2935
6559
2605
6154
953
3428
8777
969
1816
7245
647
986
5765
626
3188
7619
2227
1562
3816
1507
2340
5980
4740
828
5410
4731
1767
1437
8699
6355
8977
6195
8654
232
951
6318
888
5117
2236
2780
8910
5611
8665
2288
2062
7809
2374
1024
5186
966
4920
6630
8998
401
1771
2212
6314
4262
6760
659
5729
8167
4414
6751
5772
5198
3127
3377
8927
8589
7786
2769
3668
7282
7394
535
8819
4782
1042
7976
4079
7888
4795
1006
4171
6902
5312
1060
2241
3608
954
6207
2300
7878
4984
4162
1624
8228
3417
1004
880
9018
964
4923
5742
7299
3540
5662
1053
4801
1844
6609
990
915
912
2496
2687
5033
8462
4600
45
189
4045
4861
2173
7720
1352
1870
5715
870
4577
2772
1187
8636
8451
4830
6390
4696
4936
2647
472
3751
1739
8670
4638
724
7705
1145
6260
7831
6612
7038
7583
970
8620
8261
1819
6493
5433
6932
3869
981
965
840
4404
798
7204
5134
1580
4188
7263
5177
8580
2442
3307
5787
2660
4432
3702
2937
3924
4639
3928
7445
3263
8840
8833
7587
7698
7944
3707
6624
5834
3238
4316
7316
1021
2159
885
6294
1472
996
7932
8642
4885
5473
6509
1020
8920
735
5440
4632
6985
2318
7757
5489
5288
5968
2186
2799
5210
101
1209
6143
8865
2798
8387
4987
4911
6636
2407
4290
2155
1120
5853
9001
5588
8689
6835
5768
1013
7881
3604
4255
2688
3113
7228
7254
1125
2478
4895
6803
4251
2396
8239
2617
9012
5675
3292
3210
2415
2982
8864
7502
5936
2801
725
3268
4761
1831
8591
2609
656
1057
9010
869
196
5815
7171
6748
9004
2344
8609
4765
5689
485
1030
5839
4649
6440
4121
8722
994
5365
1581
720
2427
5585
5470
8607
3213
1476
4375
8008
2793
8903
7272
3194
4603
4686
2366
4177
2981
5699
8827
8392
886
7894
2815
4161
881
8604
8807
1317
8388
3028
1531
998
6885
3354
4391
3251
8169
3081
8848
3207
6148
1132
3160
5641
321
7484
8187
3456
6436
6521
8268
5296
2436
263
2004
1876
816
1281
1639
8612
6566
5097
7155
8525
3639
3344
8799
4238
1794
4246
6840
6744
3863
5498
3218
6547
2433
1652
1696
5122
3761
3615
5840
2434
1135
5139
3889
8133
8831
3479
8712
3714
2709
6140
3819
4417
3489
5850
2347
2668
2385
7126
2860
205
2752
872
3199
5254
3420
3086
1569
6243
6116
2404
5810
6422
875
8943
2897
8524
1026
1783
1225
1980
2504
8914
1834
2775
6850
6513
6404
5655
3845
3655
2154
1676
3795
1517
8751
6000
5161
1590
5017
5666
3587
6676
492
6132
6774
3402
7748
4427
6658
1111
4440
4101
3996
5952
2829
6322
864
522
3799
2912
7771
963
5021
6550
5825
8667
1508
1525
2418
6498
3438
5038
3522
1631
8574
6568
6832
1012
1017
5568
3882
1047
1612
6706
4727
2727
7492
7577
7995
7979
8482
957
947
5012
5449
6121
8542
2506
5291
1193
2745
2976
3431
6892
3575
8147
2669
3351
1367
3334
8453
474
2761
2546
8039
4228
4024
7099
1032
1479
6718
2248
7107
4901
5926
5752
1393
5282
144
4051
498
2835
5165
4837
861
3804
2368
7792
5053
1839
7011
4462
3427
2925
893
2398
1970
6395
3759
2581
6242
3854
968
2082
8629
8484
1059
5693
8491
4511
5275
4349
7990
8720
2839
4016
961
3150
5625
5226
7260
3357
6536
4394
1161
140
6077
746
719
218
6800
2473
5398
5443
4241
2621
2457
407
7211
2956
3936
4098
2802
1608
2622
1582
6571
5202
15
7817
1497
3125
3649
2779
7208
2513
6703
8979
1019
1657
5055
7036
836
4033
6408
2120
3387
785
3805
4498
6684
1852
4560
1040
2696
2548
2021
6768
2786
4846
527
3584
8142
1721
2966
742
6530
3693
2741
6458
6211
718
4263
844
3284
76
8882
274
4401
5684
2437
4876
2197
100
5193
3338
1010
4312
753
3408
3152
761
7121
748
1438
5795
6920
6615
714
5352
6896
1702
6977
4191
5710
6225
962
1336
3478
2730
4976
7160
938
8675
3173
7897
1320
1363
726
4166
93
5604
2892
1394
2458
1688
4420
7487
2394
2331
2294
299
2521
6957
8625
1429
7078
5114
6464
5572
5346
31
3051
2441
1750
499
835
2467
7034
2832
5065
5808
6114
8511
5080
3359
105
2439
8781
4945
2689
8892
4680
1487
5832
7101
8695
5323
1419
5735
5553
3370
1196
1147
5170
3947
3758
2494
6186
7826
6375
7195
2352
4933
3563
2516
4399
4844
6591
8616
4833
2533
3024
4709
4967
5965
5375
1804
6286
1504
2481
2582
2983
4878
3627
6383
3034
6162
1131
5732
5285
3176
2770
879
5413
1295
7759
2078
7840
3296
2009
1192
3157
802
3388
8768
1346
2900
1173
8157
2570
7789
5329
832
2402
6858
4645
7020
6341
6223
4605
8044
4153
3611
7130
7055
1711
2497
3163
2440
6331
1330
1959
7096
916
5363
2500
1500
4914
6686
6927
1690
3258
6535
1453
5672
2183
6862
8131
7180
1726
1037
550
2370
5466
3256
2817
7135
4284
5888
8275
2620
1380
6123
6283
1016
2975
4718
678
2704
5940
6798
2038
3394
2545
6981
6743
1826
7419
3216
5857
8838
7841
6035
6047
6446
6974
