item_recommendation
25737
8327
7502
8070
7872
7541
7613
8571
7697
7649
7802
8447
8117
7914
8093
8253
8360
7782
8033
8056
7831
7669
6464
4584
6365
6757
6735
2758
7615
5125
8225
8420
7895
7285
7976
8684
4544
8290
6269
7007
8167
7636
8477
7560
7437
7407
8235
8183
7820
7932
9018
7738
8385
7995
8522
8003
8207
7250
8039
6357
7478
7228
6003
7817
7186
6995
6918
7142
8751
7394
8511
7822
5980
6276
6436
7728
6658
3232
5477
6178
7245
6713
8403
8154
4482
7130
7492
7481
4552
8743
8879
5159
8819
8695
6195
8772
5387
8187
8491
7177
7748
8261
8482
6850
4321
2232
4121
8892
7577
8827
8661
7204
7762
4920
8589
6559
8761
5264
5128
8499
8807
7282
8616
8600
7160
8810
8675
8709
7753
8665
8998
7840
8654
8903
6609
8451
5723
6636
6294
7263
7809
8607
8410
7826
8422
8014
6650
6579
3816
7456
7121
6091
6073
7892
5765
6493
3684
7938
8650
7897
4782
8979
7705
8848
7444
6974
5433
8670
8777
7192
4873
6454
5597
8961
7757
5850
5046
6826
5772
3368
8625
7878
7458
3810
8927
3235
8008
6684
8596
6703
7766
8943
8157
7293
8194
8542
8864
775
8604
1702
2704
4600
8524
7234
8484
6722
4848
8813
4809
8239
7190
3163
3515
8254
8915
7812
6378
3038
3266
4688
4090
6868
4821
4194
8633
7946
3467
7136
7150
8057
7786
7585
6624
5909
7016
6564
8866
6162
6832
960
8617
6273
5521
3698
8699
1408
8507
8718
4369
3250
8531
2070
2709
7354
7161
8871
4491
6877
6521
5942
4039
6669
5603
6676
6154
980
7272
6591
8169
7099
5146
8636
5825
7487
1531
4135
7881
1703
7720
6446
2144
3643
4146
4366
7107
8859
7579
6728
8629
6140
6329
6537
3946
6064
6999
7110
3587
7222
6476
4846
7171
6954
2626
753
4437
8228
8914
1816
6000
6690
7303
6721
6970
8977
5193
6509
5662
6498
8730
6283
3324
4178
4941
6322
7299
4709
8722
3060
8392
5074
5611
8910
5787
7115
5926
8745
6856
6552
3310
5151
5008
2073
5296
6927
6957
3653
984
6132
7789
3981
6748
5134
6244
6211
8341
7340
7743
2594
6695
6426
7583
6355
7619
6148
8808
8609
6395
4229
5033
6902
5025
4188
6961
6383
4414
1024
6731
955
7833
8459
5101
3660
1744
2935
9010
4577
7888
5515
4002
953
1804
2236
3281
4911
4051
8727
5117
8191
2870
5410
300
6906
5121
8019
6550
6503
6031
6166
3608
7055
1580
7316
5534
3247
6416
4658
7034
5304
2337
2659
6318
7958
5177
7569
5470
4177
6077
6862
6390
6811
5689
1212
5888
1466
8131
6718
8273
7787
6143
5729
6254
3459
7011
3320
2062
4290
6816
3927
3646
8620
1907
5473
8121
2686
954
8376
4765
8136
840
8984
2997
6892
6207
737
4181
6314
8899
7771
4854
3380
8689
4632
3804
6920
5012
5108
7627
8795
6791
232
5164
7990
7564
6408
8125
6662
6993
7038
3668
4000
5210
188
6582
2782
2063
6884
3718
1523
2167
3292
966
7334
2605
6953
7372
8580
2212
5947
8362
7827
2268
6863
626
2371
6803
6423
4031
4605
7759
4166
7439
6400
6739
4945
5434
6422
7090
6458
7096
2344
5458
5395
5556
6442
5564
37
5581
6977
4886
6547
6237
6840
8387
6502
8574
1378
4420
5742
5808
5018
5498
1003
7325
3427
6536
5254
7195
2676
7484
4155
7415
6375
4555
3983
6771
3190
5186
1370
6404
2059
431
4878
4162
8575
2180
3127
659
4142
5440
6630
8336
3201
4161
3213
4927
5069
8331
7979
4076
7620
4432
828
3751
1437
3457
6958
5569
4849
1864
2340
8954
4761
7095
5923
858
976
7135
5839
3710
8388
5936
6565
3863
4936
7067
4375
6806
3843
4355
4238
3761
3479
5840
8525
5097
8133
8612
3615
6566
8831
3639
5122
8799
3344
2434
8712
7155
1013
6114
5784
6203
3216
5655
3093
1652
1620
4840
7139
4603
4515
4696
7189
6021
8044
7046
5017
1211
526
1476
3963
6484
4885
6348
3364
3875
3632
3194
1046
3441
1941
6646
5065
8667
8823
7101
5618
5269
3780
8865
5628
7022
4984
2214
6818
2310
4861
6440
3377
6628
5038
1657
7216
7020
6182
4731
6885
5843
5202
2647
1317
4560
3868
5413
1575
8790
6157
1862
3028
5139
4088
4394
6198
5291
5102
3217
678
3176
4101
1453
4792
3438
4359
266
6051
2300
7352
3173
3975
6751
4246
3665
5538
1569
4901
6568
4148
2506
824
3512
8768
1870
1777
3431
965
3869
2826
6867
8850
6290
5312
4024
733
6107
2173
3188
5815
969
2457
647
5489
2219
5968
6056
4837
3655
4306
4310
7380
3819
4168
4171
5791
5693
3474
8853
3428
8857
3420
5348
4716
3996
1812
6760
7792
1513
8142
6643
912
379
6773
3258
5625
7934
1973
2159
735
6835
7894
2476
3000
6339
899
8614
5981
2038
6562
6047
8854
432
6744
2617
7212
6930
3483
4108
6279
2396
4139
816
6530
4738
8266
3334
5832
1641
6121
6333
189
5954
4115
761
4079
5857
3417
7036
4666
970
6638
6367
3197
7051
3478
4391
8622
8537
7003
3434
6281
7347
731
427
1686
7260
202
650
1676
1831
4226
8453
5682
2231
798
695
8366
3349
1602
1016
3379
971
4684
6880
3110
6513
4427
4486
2520
4602
6156
6641
5703
1040
5161
2631
8583
2227
5398
5801
2516
2539
7919
7616
6932
5734
5864
741
957
8830
6762
5198
994
8147
1612
1819
8462
1209
8009
2888
321
3953
3489
835
4241
5666
3936
2824
5478
5932
7323
7774
6724
129
6412
5558
1988
1824
3492
8908
6370
6415
8526
5900
2941
4811
8948
4292
3997
7044
8950
4692
7845
4020
7584
6571
8642
2772
5427
5809
45
3224
3752
1391
2374
3185
5333
963
6798
1240
4392
5965
3140
6612
6768
5715
1365
1111
2404
3219
2551
6944
4818
5443
3109
7078
9004
5182
1880
7566
8972
8666
7311
685
4153
1794
7008
5404
5619
6898
1472
7254
4081
6525
2318
2437
6271
6940
233
4740
720
1699
2802
