item_recommendation
25737
7872
7541
8327
8571
8093
8447
7697
8117
8360
7914
7613
7669
8183
8225
7560
8070
7437
980
775
8290
8522
8420
8403
7636
7782
5264
8253
5723
7407
8033
8661
960
8154
1003
8385
7802
8477
4941
7728
731
8207
8056
7753
8743
7478
8003
8410
8235
8879
745
976
984
7938
7649
8961
8998
1046
6579
1523
5909
5159
8859
7394
8596
4366
4821
8761
3869
4437
8499
8654
5008
6091
733
1515
6970
6728
955
7186
7234
5662
6154
7293
8899
266
4550
5515
4809
695
969
285
741
6902
8684
6355
8008
8977
626
8777
2659
7738
6918
6509
1513
8670
6365
6073
8709
5765
8376
8136
8819
4731
1006
6178
964
7878
970
48
3875
2686
951
8629
7786
3235
953
2212
6121
5296
7487
5611
8772
8699
1040
5410
1907
1816
7272
1507
232
2935
8745
5980
7720
5655
1744
6826
6624
6195
8589
526
5597
6207
5729
2769
2668
7976
7619
3368
4584
6314
8633
3281
535
724
912
6260
4936
45
966
5772
4873
8910
3232
1288
986
2186
5839
3668
8665
1125
1317
5193
2340
8187
1812
6748
2937
8167
401
5936
5742
4782
5291
5888
2062
5312
4911
7748
1057
5926
8261
4984
5715
7757
8239
4577
3324
1739
5815
1020
5832
8751
5017
725
2982
7789
1026
5440
485
1437
1870
2374
2227
4658
4076
8157
965
3188
7245
8864
875
858
5473
5787
8636
5752
2288
4153
7771
7107
4740
1580
7282
6636
7705
5834
7263
2772
4262
3417
961
3587
6395
1771
1021
5693
8462
2231
2300
9012
8591
1777
968
7831
5186
6630
5853
1024
3584
2605
954
3127
4171
5675
8722
793
6591
1767
4440
5558
4638
4420
205
6000
1581
8609
6318
7316
5666
3816
7577
5768
5288
4391
5117
2780
8848
8914
6404
3751
6550
840
828
735
7888
5323
7254
6077
1042
6609
4375
6143
5498
915
5689
7817
6493
7171
7881
2647
3608
5139
1030
720
6559
129
6850
7583
1624
888
6920
659
101
5177
472
5134
4162
6047
7038
6676
1004
8984
4901
2860
2688
1053
5365
5710
3377
1013
3996
4923
4188
2798
6390
4920
8451
4632
1187
8927
8580
6744
4649
3292
1876
4414
750
4432
2801
893
8228
6985
2660
844
5282
8642
8620
7698
3928
7587
6932
8833
3924
8840
3707
7944
7445
4639
3263
6568
4161
8689
5398
748
8854
2513
7299
3307
7502
3632
2897
6530
1012
3334
746
5556
8604
5033
7481
6612
5952
2912
1472
8574
5218
1047
7311
8121
5857
7809
7204
5745
5703
6718
8392
880
6751
4079
1831
870
1844
5275
6408
5038
2344
3028
7627
8920
2347
6739
6103
947
2440
881
9001
4603
5161
3176
8768
5012
1497
9004
5825
3113
4404
2183
4241
3655
2546
3408
6498
2428
5226
957
6375
6211
7444
196
5254
3819
7135
5968
2418
5413
7380
798
937
6535
869
189
9018
5641
7260
3936
1041
2577
4765
8614
7011
1014
2433
8388
4177
7743
6762
6791
2427
6703
5164
6760
5210
785
5810
1750
3604
1060
4600
7932
3081
743
3863
1028
5097
5122
3761
3639
8831
8612
8169
8133
2434
8712
7155
3615
8799
8525
3479
4238
5840
3344
9010
6566
8142
1209
2676
647
5940
8482
962
6440
1016
816
8720
4394
2415
8422
3157
1008
864
1037
7208
7990
1010
6977
1104
963
7126
3238
2548
2741
719
5732
7415
531
6276
4121
2173
3051
7099
6536
7078
4251
6892
8695
892
6186
5808
5352
2651
6436
1590
8044
8781
2617
4326
6966
2775
6513
3428
6084
1508
1059
998
824
1380
1145
8387
3487
3207
2687
5699
3714
4801
4925
6294
2981
990
6798
3093
4316
3251
8009
5801
4895
2473
5202
218
2709
6743
2082
1193
5443
1819
2504
4761
6658
6446
8865
2478
3799
3489
5891
4837
656
8903
753
6650
994
5363
4024
2764
1834
4861
3500
866
3125
2793
1702
1852
4987
7624
5489
522
1531
1132
3978
1788
6383
3431
1078
6521
1676
2570
5378
1476
5241
7189
6684
3997
7845
6415
8526
6348
7044
4692
6641
8908
1824
7584
8950
3492
8948
4292
6370
4020
5900
2941
4811
7792
5734
2829
7566
6547
6322
6885
981
3752
3795
3702
3882
1652
4945
6242
4686
4511
5458
2496
1636
2696
872
1493
2155
15
6832
5569
5449
4846
1352
5198
1147
7894
144
2120
2622
2533
4748
916
3456
885
2241
5873
498
6880
1980
3284
7180
4427
2654
2827
2457
4967
2487
8039
1562
8453
2437
8191
6940
8882
5777
6341
7346
3908
5466
7250
7034
1721
6331
6671
3218
988
1225
5585
4228
8147
896
3438
8943
2331
2236
2799
5065
5795
2352
4933
1394
492
8607
6835
6254
2458
1135
5625
5400
886
3804
2802
2409
2976
5053
3474
2407
6116
2394
4380
1657
3152
2318
3256
2404
4312
3880
6887
4263
155
3975
8131
786
5214
4226
7211
6803
6999
2993
761
8530
4605
2383
2439
5269
5784
7121
8268
2506
7419
4666
3916
2710
3534
8524
5588
8667
7055
4462
6768
5538
76
2961
7822
3354
2438
7160
2531
1173
4736
7115
8807
6690
1438
2761
2441
1612
5707
1017
7195
2900
6774
4980
818
651
3475
3116
5315
1517
3676
3351
7995
2342
6232
5285
778
4515
1639
4095
2892
1192
3851
244
6225
2581
8275
973
6035
6927
6953
4290
2335
3258
1569
3575
4167
3213
1367
685
4033
6464
5809
419
263
5356
2481
4727
7198
8622
5470
5735
4349
934
567
1429
1516
4876
5418
2770
4976
1794
8838
4448
6706
4417
3889
8638
5572
4979
5530
2500
3478
6422
3503
5055
3895
5462
274
154
6021
3140
2038
2398
2159
6669
2572
5433
2004
4795
835
996
3693
2287
1111
4016
5203
4088
2956
3560
4834
2966
1688
4865
7702
5696
3499
8985
8835
7919
3957
8366
5003
4104
7235
2640
4929
6432
5170
4300
8949
6732
8828
8955
5685
8966
5401
8371
8197
8640
6754
7063
5826
6105
7309
3497
5670
3654
8872
5672
5836
5746
5034
5056
