item_recommendation
25737
8093
7872
8571
7541
8327
8117
8447
7697
7613
8225
7560
980
8360
7669
8290
8070
7437
8183
7782
7636
8253
5159
8403
7728
7914
8033
5008
8899
4941
8661
2659
1003
5723
7478
8743
5909
7938
8385
7234
6826
8420
8154
976
7753
8596
960
6918
8499
8859
4550
5515
4873
775
7649
8961
8003
8477
8522
731
8654
7186
6728
6970
5264
3324
8709
733
6260
4821
8376
8136
3875
8819
695
5117
745
969
3368
6355
8410
8772
8998
5033
3188
5742
4731
5662
2780
964
8670
4432
1515
266
986
5296
8689
5839
7263
5312
1870
984
3281
4577
4427
1006
2647
8207
2605
951
6902
5952
4366
1907
6178
5971
6630
8665
5729
7394
6609
7786
3235
5186
5968
6154
4316
2769
1367
48
3377
1507
189
7407
6021
5198
6091
626
101
4153
2288
3816
4801
4417
8235
4842
6559
7293
647
8879
5151
2300
7831
5715
4079
3232
4584
5611
4437
8056
724
5936
8761
8462
7038
7802
7878
8636
5291
6314
4270
1812
5768
4795
4076
5693
5473
3584
5853
8591
5675
9012
5288
7738
4761
4228
6568
285
5765
1288
4830
7204
4987
3157
5938
6290
6243
7888
45
4262
6676
2374
6000
8142
6612
4638
1187
725
5834
2982
3307
6073
2154
3417
4844
4923
5597
1047
535
4740
6550
2937
858
5888
6140
1053
7254
1012
8777
1437
8589
5815
6121
401
2688
5985
5080
5625
1317
659
1523
879
4251
6579
2478
6751
4782
7619
5980
2407
5329
4765
965
8008
6624
4984
2660
6521
8642
4401
8840
3707
3924
8833
7587
4639
6932
7944
3263
7445
3928
7698
3649
8920
1831
953
7502
4936
4171
6703
5365
3668
4649
4414
5413
7171
2347
3795
955
7099
2912
9001
6103
5153
8684
3702
6242
1021
1624
5795
3127
3194
6658
2798
3313
1777
5832
2772
962
8187
6985
7487
6530
5558
6390
1438
5655
990
5745
3819
5699
7792
6760
6695
6744
5449
880
7245
6591
6047
1739
2186
6404
8699
3882
4404
3604
7881
5553
3238
9004
3387
6116
961
7748
5275
1057
5038
1046
7107
5710
7272
5810
2062
915
2617
6678
6927
947
7126
2935
7078
526
6739
869
5926
3714
1513
2473
5927
2998
6862
1508
7481
1844
6896
3805
8453
7415
8580
7208
6114
1824
6774
1767
886
6035
4945
1744
7894
2932
6365
8720
999
7990
2621
5323
6498
4246
129
2227
5134
8629
6513
2654
6286
968
7189
1004
998
4066
7705
232
6684
7789
3693
5177
4895
6298
735
2775
472
2897
6966
2418
3869
7380
6957
5857
6718
3113
6892
1562
5588
6885
3799
4903
8984
5581
5410
1581
8633
1161
485
6835
6791
2622
5053
5641
892
2394
881
2331
8507
4963
8781
31
3759
3456
5282
5161
970
5752
3207
263
2183
5000
5801
4506
1017
2513
1042
4045
7817
3889
5466
2496
2976
5607
7135
4255
3251
5498
1690
492
893
8614
7311
5254
205
7299
2236
5021
3854
4162
5568
8167
4809
6077
4846
2120
3575
4016
3357
5398
6535
1771
7419
5808
5585
3996
5226
3199
1024
3218
963
4840
5940
844
6762
5882
6887
4420
6331
7095
8044
7180
3358
6827
1531
93
885
6294
5809
5666
4020
6415
3492
4692
8908
8950
6370
5900
8526
3997
6977
6641
7044
4811
7845
4292
2941
8948
6348
7584
5055
2651
8882
7566
8768
3752
3093
5203
6271
746
7034
4718
2009
1631
6743
2956
5672
8009
5352
5139
5375
15
6225
1301
4980
8751
2415
5732
1225
714
4901
6440
2764
3176
6706
5363
1020
5243
1030
4833
3758
4095
8910
8042
656
3611
4658
218
6547
912
5689
8604
3359
6408
3587
6798
4976
1517
1472
7069
864
5285
4861
4736
2004
6636
3284
4440
875
6204
4188
6464
2482
6318
4696
3489
5214
6509
2078
5440
7771
7822
6400
274
1394
2668
802
3428
8275
6832
5735
1834
4391
6748
8147
5604
3125
2548
8838
6768
6207
5075
741
5193
5208
1336
7346
6084
3560
5199
888
8914
6480
6433
2546
7316
3394
8943
3402
8807
2433
2696
6234
7211
8638
3256
8607
5168
720
2188
8672
2829
5548
3503
2639
1125
4727
937
7260
3262
3892
929
4643
3784
3173
8268
1014
4101
2799
2801
6375
8482
981
4241
3334
3936
6470
2581
1352
2981
6132
6880
966
1209
7757
5443
3880
8524
5873
6186
5218
1147
2689
2500
7198
2458
6446
6803
2880
1145
4920
5530
2440
6341
8542
3159
6143
3848
6436
6920
4367
5684
6800
8848
4878
8366
6157
5170
6584
4680
1429
1060
154
2340
4893
957
6195
4532
4349
3213
4834
4300
5002
4677
4312
4994
4104
8582
5001
5826
5678
7791
4929
5796
5680
5847
5667
4889
4450
5670
8610
5003
7702
5836
4477
4832
1617
6963
5004
8921
6105
5373
5400
5401
8872
5685
2640
7063
6342
5690
8835
8828
7017
5700
5577
6060
8785
5696
5517
5686
7153
3957
8949
5034
5056
3825
7947
7357
3654
6851
7309
3497
6852
3491
8640
8985
7235
5746
8966
7919
5736
8955
3499
8123
6754
8423
6432
8197
6732
8372
8158
8371
8138
8130
6422
973
1192
2741
4933
2352
8157
4462
2900
4888
938
144
3851
5378
5009
7012
6062
1330
5462
2346
7624
1040
155
916
3709
5210
6448
7282
5572
3495
954
5489
6662
5085
4005
6782
1026
2983
2582
6232
1474
3101
4569
3730
4029
423
3753
1173
7448
2428
3086
2385
2533
380
3646
8864
4911
872
8790
2961
6777
8576
4914
4263
5875
6170
7484
1985
6502
2730
840
2687
1358
3540
1032
8530
1839
1636
8574
1419
6858
1476
3804
798
1104
5165
5356
2793
3028
4033
3632
3351
748
6645
2184
7743
76
4563
7096
4967
865
6650
7315
3081
7583
1822
1013
4200
7334
2409
4428
785
3860
207
6162
2318
5458
1876
7976
5110
531
4876
4999
3508
3096
1135
3241
750
6840
5167
2404
1733
2583
8039
1836
2516
793
5164
896
2439
5703
6940
6533
2796
1059
7764
4105
6279
8927
5304
4691
