item_recommendation
25737
8093
7872
8327
8117
8571
7541
7437
8447
7697
7613
8225
7560
8253
8290
8360
7636
7669
8033
8420
7914
8070
8385
8183
8403
7782
7728
5159
8003
8772
8899
8477
8743
8499
7478
8154
7649
8661
6728
8998
8654
7186
8596
8522
7738
8961
6918
8819
8207
8670
8859
5723
8008
7938
5909
7802
7394
7234
8589
6178
4550
6826
6970
2659
7299
8056
8136
8376
3875
8709
5597
6902
7705
7878
5515
8410
7753
6365
7263
6154
8665
5662
7786
8636
5296
6260
6091
8235
7245
5839
4941
5936
5768
5815
960
980
8761
6624
5117
5742
7888
4761
5853
5288
4821
8591
5715
9012
5675
6676
8142
5008
7107
3368
6591
6530
6355
6630
7748
4923
6748
6850
3188
8462
5186
6609
8781
3816
6751
4731
6521
5729
8039
8268
8777
7204
6862
5765
7831
6559
8920
4432
8684
5926
5693
6760
6718
6073
8879
4437
7415
8167
6314
5264
4153
3232
6739
7208
7771
8482
7078
4740
3307
659
8768
7293
4366
4920
7817
6835
5291
7407
5611
7189
4251
8629
4809
8633
6612
1513
7976
6375
6887
3324
7311
4076
2374
8187
6535
9018
7577
8984
8720
7487
4936
5198
3417
3127
1003
5699
6568
8580
3707
6932
7698
8833
3928
4639
8840
7944
3924
3263
7445
7587
6744
7894
5625
6047
4577
5410
2660
5752
6331
8642
7881
1870
5641
5365
5834
6684
731
3668
5282
8453
3819
8910
1437
5801
6774
8009
9001
8607
7566
7038
5033
4171
7126
7380
4801
7990
6547
4079
5952
5888
5655
8807
6513
4895
7099
4873
7180
9004
6143
3251
4427
5968
2300
5226
5832
2347
4914
6985
6798
7135
8827
3256
8576
2647
6695
6498
6803
4414
6243
6791
8542
5940
6000
7932
5980
6658
5710
8943
6550
8751
6464
695
3584
8699
5810
969
3377
4963
3714
6390
745
7160
6294
8638
8524
5139
8275
5588
4727
6116
4417
4404
6446
266
6121
2780
3693
5177
7171
647
8689
6703
7789
5329
5275
6408
724
4782
1367
189
8044
3795
129
7792
8848
5882
3489
4765
3028
3235
2982
6195
5323
7272
3281
4584
6977
6077
7822
6981
3889
2799
6318
6762
45
1438
8147
2478
5449
6832
5558
5689
3702
5891
5795
2418
4420
8948
5900
3996
3997
4811
3492
6370
7845
8950
6348
6641
8908
4292
4020
7044
6415
4692
7584
8526
2941
1824
7282
3752
6768
1752
5684
6800
5857
6114
101
6493
5164
8366
5809
6404
4980
3456
7502
6963
5873
5443
6207
964
263
5254
8530
5836
7386
7809
6286
492
8640
5038
7254
6731
6880
2288
4840
7624
5285
6636
7211
2622
1012
6436
8977
6706
1317
7012
4984
3176
2617
6892
7346
8882
2318
8914
951
5398
5672
3093
5243
5585
1006
6341
8121
2458
6579
7419
5473
8507
6422
5568
5475
4262
2062
6470
8838
7198
5170
6584
2496
7260
3936
3334
5666
4241
5489
7619
3218
5850
3656
3560
5002
3654
4312
7063
5001
4677
8828
8835
6754
5056
7919
5003
5004
5577
864
4929
4104
8785
5373
3284
5400
5401
2640
8921
7309
8123
7153
7947
6732
5034
8949
8955
6851
5517
6852
8872
4994
8966
3499
8130
2696
3611
3497
3491
7235
6896
5363
8985
4300
4477
7017
2513
8371
5670
8372
8423
8610
5678
5680
5685
4440
5686
8582
3825
5690
5696
5700
4450
6105
4832
7791
6432
5732
8158
5736
6060
5667
5746
5847
5796
1617
7357
5826
3957
8197
6342
8138
7702
8672
4889
3882
656
4834
1021
8491
5080
4033
5312
3207
8484
4842
5581
4795
5466
2394
1288
5462
3157
5971
840
6103
3587
2688
7484
725
48
1024
5378
6827
7764
4686
3113
6506
7897
4095
1187
4066
7096
8042
3799
5085
3445
1517
76
7444
1767
8604
6021
1733
8614
3869
5735
6140
1047
2897
4121
3351
4967
4945
2009
218
3238
6035
7743
7458
733
4878
401
5055
6400
8261
4846
4976
4876
1844
3758
6534
6298
5151
7757
2654
4680
6927
3604
8511
8790
4903
4247
3359
5165
8239
1907
8695
7195
5161
2621
2407
2956
7004
5938
6966
6920
965
7121
2188
3199
7147
1624
2184
6645
865
7569
880
4428
3241
4016
4999
3096
8979
4255
1805
1352
6533
6440
3428
6516
8745
6721
2120
6777
984
2331
4736
5572
8854
5808
3194
4263
5021
3394
6964
976
3646
8574
7818
1019
6203
5518
1507
2236
6840
1330
205
1192
4105
7995
8864
6242
5605
5203
285
8923
2183
4638
3851
2473
6296
3508
3495
7349
2769
986
3845
955
6166
5569
6686
3387
3173
3632
1336
6957
6650
4678
7766
6562
998
7366
4490
1812
5504
8404
6724
1508
5864
1581
2500
4220
7316
1771
7034
7228
7583
6678
5413
5419
5135
4792
232
3503
1225
1531
2415
7089
1342
6885
6368
6822
5075
7115
3160
879
953
15
1515
3034
3854
5960
5945
4391
4666
8892
3860
4979
6662
3880
31
8387
2775
4552
7069
947
6093
2582
2983
8583
5745
4532
1017
4885
6234
8954
8823
5604
5053
2548
6383
4298
2700
7826
4045
5214
2154
2912
962
5061
1562
8850
747
4996
380
2433
3978
8016
8700
2937
2107
4833
2900
5168
3753
7343
2932
2981
7841
5193
7840
8157
2935
7759
6953
93
8492
5954
5965
2605
2853
6254
5530
6811
3805
2340
6283
5012
8529
8907
3737
7453
8465
7573
8958
5879
970
8199
4162
7055
844
775
5017
2344
5440
7627
6232
6182
915
6104
7481
4911
2772
1636
2409
4830
4735
4228
154
5000
6442
5271
7011
7354
3500
5799
8609
1046
4135
7379
6982
1060
4367
966
8903
4981
5418
6458
7456
4893
2801
3759
3074
1639
5333
4691
990
526
2441
6148
3518
5970
2346
5703
8625
3142
3213
5734
7701
4326
8015
5901
1696
2798
1145
5872
1777
485
5389
4270
8194
1810
5899
1980
5985
7979
5218
4394
3649
741
155
6185
7706
7843
7355
6617
7844
6615
1173
6433
1753
6743
7068
5947
7303
2118
1804
1455
6290
8131
5923
8191
2546
2976
912
6127
6945
5917
5458
2516
