item_recommendation
7541
8207
7872
25737
8183
6211
7914
5772
8571
7802
6195
8261
3587
5556
4088
5765
5784
5980
6395
5269
8522
1788
8722
8070
5470
5825
5134
6579
4911
5689
5038
4809
5791
626
5410
4600
5787
8093
8477
3434
2605
7407
7478
6073
8117
7560
7669
8451
4139
6154
4246
6365
7979
5438
5177
4748
5515
1580
8187
7272
5114
3334
3292
8290
6178
8420
3608
7613
6355
6077
7809
8327
8157
5348
7649
8903
7995
8360
5182
3404
7789
3377
3786
1575
4652
2625
7577
3370
3264
1425
4945
2300
6636
5553
4383
5264
5315
5581
4619
6155
7899
5489
6446
2523
5193
5548
7101
3398
3552
6279
3066
6493
1785
7492
7932
7444
6970
8675
4815
7282
5202
1783
6476
4703
6037
5544
6658
5139
464
5254
2676
5707
3664
921
4465
3695
4175
5729
4745
3788
3673
4475
2912
3546
6473
7881
5538
5312
3060
4865
4932
8121
2883
183
410
2448
4947
8604
1769
8336
8853
4716
5404
5666
5777
4960
5198
4055
4921
7340
3349
1076
6484
5417
1444
4818
8795
3679
4403
6482
8363
5450
5705
1610
3879
5299
4767
5300
5283
3618
6332
6468
4381
5694
8528
3835
5057
8957
2697
3780
5255
5505
2106
919
5179
3771
3943
4140
6238
6323
5808
5066
5366
3936
5506
6936
5111
920
4018
8611
5995
8584
4459
7117
8196
7260
6250
8970
6793
6228
7250
5994
5231
4464
6387
8998
5843
3476
3661
7139
5398
5846
3897
5792
7083
5682
5413
3326
6690
3992
7815
4975
4749
4241
8544
7199
7934
6408
5841
6051
5428
6101
6525
2828
7115
2560
4411
3564
3276
2708
3412
4964
4570
2306
4161
6022
5718
5010
4273
3545
7245
1268
3425
4284
2528
3677
2936
2884
3643
3140
5224
582
5065
3798
4970
6148
7177
3602
1870
4989
4971
2486
6383
5433
7121
5352
1713
3489
3368
6595
670
2594
5421
2754
3408
5101
2062
1404
7123
1120
4386
6559
6429
3169
8273
4626
1529
2736
2305
4709
5427
8879
8914
7228
4710
5443
4587
2699
2966
2647
7348
1437
984
3807
5459
4366
6273
3868
5018
1809
3653
4060
5742
5588
5308
8848
3857
2459
6140
1040
1354
8777
1310
2072
2194
4278
845
5108
2686
1320
2350
135
2511
1739
1507
5294
4632
251
2939
1147
1077
7459
6414
470
834
3594
4535
1950
3882
2779
3213
5747
2507
2929
5059
8253
2615
6032
2207
2806
948
4052
8225
2571
8056
3822
4310
5464
4771
8447
7697
2485
3634
7437
4584
1414
1721
8154
4920
8410
3483
2579
2159
4226
209
1693
4737
4769
4802
3401
2563
7179
5238
8235
4441
6405
480
5339
8684
4987
824
504
8003
1671
179
3538
6132
3688
3257
1129
259
3165
4084
4972
5027
3125
6404
5597
1463
3913
2445
4194
6244
2516
3731
2618
8385
4844
6021
603
1476
2446
7299
1003
2032
4467
2819
1658
325
3773
1704
8761
690
8661
3253
3421
159
3081
4022
1090
1161
437
2501
2585
3755
4526
2000
1670
1145
806
2791
1819
1423
2369
927
5105
3988
6431
1223
7293
8943
3057
750
8019
4660
3341
8629
5266
611
4378
1207
858
2726
2935
8977
1927
5712
1562
798
299
1311
2498
1387
6390
1523
4840
1728
2707
1297
4401
1970
952
2788
1900
6850
4893
1479
3221
2373
2848
1303
5633
2696
6927
418
586
497
5103
2007
6035
3110
1227
4225
4197
2276
4360
5093
4506
4133
5502
4553
4183
1299
1457
451
2382
5387
4221
4232
1111
3224
4638
196
3557
4615
3051
5008
3849
2359
589
1925
1079
3768
1684
1586
6056
2761
932
5621
3908
2681
5754
1259
44
1621
3235
2400
5943
4339
1196
4121
6571
4969
1493
5628
379
3628
3427
140
3548
4941
1975
7034
4731
375
4821
3453
1835
7020
2040
2021
4462
412
1097
3883
1342
2344
678
2483
673
512
2018
4357
1826
980
619
2053
2826
1801
2630
1672
1859
8910
1535
3777
3819
2038
8633
2236
1983
7583
5205
1569
2240
4432
137
1833
1482
2930
2427
1193
4577
2741
2093
4705
3616
5146
3687
8033
1194
1296
816
4992
661
8819
569
2555
2752
6207
7619
733
1954
2379
8927
8228
7720
8392
2490
911
3255
1639
1274
4073
561
439
1934
2375
5655
2518
2337
4437
2331
8620
6989
3438
1371
5069
225
4761
8699
599
6
637
4675
5936
4296
5503
2370
1926
3917
1652
1777
3344
8799
3479
9010
7155
8169
8525
4238
8609
6566
3639
8831
8864
8239
5097
8612
8712
3615
8133
5840
2434
3761
5122
3478
4375
5534
2286
4644
3863
1549
2253
2150
2732
4177
5033
4744
1589
4207
2835
4252
1726
3088
1680
5395
2311
3763
4190
4878
1979
7316
988
3900
3111
1791
1306
1974
122
7728
7753
5296
7787
3396
3824
4108
7892
335
3490
4007
3620
2875
2430
3757
3785
3919
3094
3914
1910
3426
3930
2783
3436
3189
3429
1272
2784
2961
8667
405
1130
1902
1648
1612
4603
2612
4033
8132
2722
2816
1999
3477
5210
3357
3316
4233
1771
5989
1573
3839
5483
7636
891
6509
4837
2433
3254
2084
4885
4658
4324
509
647
366
4621
4030
4321
6400
2942
60
3456
1295
4723
1203
401
4614
1642
3665
4873
5909
6337
1321
885
3179
2155
2820
2664
6348
2706
4356
848
781
3284
3723
3232
1665
3962
2130
5291
844
2447
2628
982
3431
428
4776
3318
2255
4859
5147
108
5382
5715
6033
1465
4880
3301
4308
4254
4352
1532
976
1816
1513
3024
917
3859
1275
2231
2749
3662
1885
7038
4861
2318
4787
4854
4106
950
3729
94
2802
4534
123
8654
1632
3072
1744
5971
4188
3655
369
2644
4167
1011
4024
409
3432
1396
2753
66
820
2043
714
2395
8607
3459
1545
2162
4957
1889
5677
6957
3563
1242
7738
872
1351
7162
1389
1834
1175
1686
761
2495
4634
4458
5013
7757
2310
6703
2457
1955
3747
1863
1219
1988
1923
4696
946
6885
97
2402
383
3660
4602
4332
2809
3942
1291
