item_recommendation
25737
775
7872
7541
8327
8183
8117
733
8093
8571
7613
2686
7697
3269
1513
828
2835
7669
1619
8290
2278
5515
8225
8360
741
7914
875
1507
2502
8447
980
8207
759
7560
2669
2481
8403
6073
5765
731
869
735
1515
726
2874
7437
762
1341
2300
968
1804
5742
6154
2721
2295
5410
960
1580
8772
1523
1599
2227
5159
626
5662
8596
1003
1499
889
798
7728
8033
7478
5186
1870
1023
2236
8499
760
786
5008
2741
2769
745
5312
7878
7782
5597
5772
5198
6178
764
2459
5715
2017
8154
8636
8003
6902
976
3751
5177
5853
7649
8998
5288
6260
5675
5768
4550
8899
9012
8591
6970
5689
7802
401
1125
1739
8070
6493
1744
6355
1831
2912
864
836
6091
125
3238
8580
793
6579
984
8420
986
4316
8522
2513
8777
7636
129
7245
5038
1317
824
8410
5729
833
746
4600
1057
2926
2248
4649
5666
695
750
5723
1755
6195
3334
1819
8743
721
3324
4795
1812
2689
3338
1010
724
990
4246
1562
5282
1777
4731
1497
5254
7407
8261
8848
2809
753
8253
8720
5398
2696
4241
3936
6408
8699
7260
2668
5264
719
6211
211
5808
5275
1696
3173
725
720
2673
3489
1750
879
1401
4696
5139
8376
893
526
1111
4076
3188
1030
1147
8629
2687
5556
2605
2801
3232
7282
2798
1036
647
8136
3265
2804
4740
6751
1046
1006
1604
6918
1120
1816
5443
1907
5655
7171
2504
4440
8943
3875
2892
2440
6121
1008
8056
2815
4830
4727
963
6404
743
3900
1053
2935
2368
2438
1020
8477
2832
2688
5323
885
1631
2770
2546
3408
858
915
5980
1500
2159
6547
6365
6768
2473
7254
2186
2772
1624
4584
5672
754
981
1078
6835
6436
748
6718
7938
3611
8451
4765
718
2982
2956
3587
5053
2385
1501
6395
1040
6422
6684
8807
6513
5699
8142
1771
6294
32
6760
2241
8607
5752
947
1688
7831
8661
2937
3608
2496
888
2761
3194
7738
5170
5968
6498
1032
8542
4809
5936
8879
1021
2152
4911
3368
7204
4153
728
2925
5710
1788
1508
2582
2983
5839
1026
1711
5732
8768
5363
8722
8589
5784
5269
1041
7771
765
5538
5684
1004
4095
5193
3093
8524
951
6803
4016
3851
105
955
4967
5625
3150
2120
6676
5365
1504
5055
2659
1525
6800
1088
3235
1876
964
5641
870
1060
8147
1852
3759
3284
5815
4976
6706
8859
1767
5470
4861
1192
1025
1059
3000
3086
3292
2183
969
1608
5462
938
4658
5787
7919
1042
4101
4437
1288
2441
2347
4821
3081
3758
7078
5161
6047
5735
5134
5846
6464
5466
1145
2398
5572
8882
2829
6035
5243
6331
4312
1721
8275
6341
5400
6584
7293
3452
1581
8835
1783
5825
3140
7394
3377
2966
5182
5795
1980
3456
8684
5836
3500
1472
7419
7346
7272
5114
4477
3889
5940
6375
2651
7822
5696
6896
5685
1437
961
4929
474
5285
4104
8828
535
6533
4450
2184
6645
7063
6963
8949
6754
8672
6887
5401
6432
6732
3957
7309
7235
7198
1639
5826
865
7809
912
5700
5002
5003
5796
5034
1076
3221
742
4300
5847
7947
5686
5736
8838
5746
6060
2534
4834
7357
4994
8966
8785
4832
7702
7153
5004
8423
5056
8123
4889
6105
8138
8921
3825
8371
8130
4677
8985
5001
8366
7017
8872
8955
8197
8158
5667
5690
3497
5670
8610
5577
3499
3654
8640
5680
5678
5517
6286
6658
3402
4401
8582
5373
7791
8372
6852
1617
6342
2640
6851
3491
4428
3241
7012
543
4999
5489
2545
4980
2786
3096
973
2764
4088
998
4105
1873
3359
6985
3272
6232
6774
4532
6225
1657
5085
2342
1686
2548
4680
3495
3604
802
8385
1014
1161
609
1132
8235
4366
4923
6827
3095
2428
3880
4432
1909
2118
3051
4878
816
1047
5498
1645
4984
3819
5693
1805
1320
2779
5291
6296
3575
3753
5791
3656
2690
2427
6530
7881
8903
3113
4801
232
7121
8387
3584
2993
5203
994
1056
6470
5375
5315
7976
2774
1024
1135
1652
2521
2212
3152
3989
4941
2570
2766
1037
1363
6678
8761
3357
2572
4079
2755
6279
2202
4945
7995
3649
3816
4263
7234
1331
7932
4987
5413
2399
2465
8187
7139
7753
4014
5718
4996
5346
16
5834
4577
3031
3754
3388
3831
5553
1951
5504
4979
2500
1535
1394
5518
1479
2201
892
2200
1690
4703
3243
4053
4009
4011
4010
1241
3481
4012
3979
2327
1663
6636
2467
1196
3702
2062
4833
2736
820
4873
1104
266
5611
1660
4638
6103
1404
5135
7492
1264
7888
4782
2231
1493
8604
1640
8638
747
2654
4748
3211
2082
2173
4273
970
2727
2866
988
1734
2155
4290
788
2681
3690
2344
4284
2633
8865
2415
2134
4920
5440
8042
5777
3522
5218
2692
7208
1794
4612
1502
5404
4298
6571
6051
8675
953
8167
1552
461
5418
4420
6077
189
4228
2985
2596
3428
4462
3268
527
7720
101
8121
135
5395
6390
5033
3133
7228
2699
3224
3668
8709
1549
4490
2635
8961
2243
1641
7789
5419
2976
1959
3005
2364
1388
161
1226
2393
1063
3068
1233
144
4981
886
872
937
3358
3434
2478
704
6368
2715
2403
3042
2789
1186
1204
1080
3177
3134
8914
3067
1759
7979
7577
6037
2090
1629
8157
2460
48
1860
167
2922
510
2215
3147
99
2285
1616
918
2074
1822
306
2647
1218
507
8977
6509
5356
218
1476
656
5117
4414
1017
7786
1643
4960
2880
3784
4888
3262
3159
4643
929
3892
5199
2506
4262
6093
2639
162
6140
1453
3006
7020
313
5427
1529
1518
1730
2858
7444
7619
1073
4634
3307
4051
8633
5202
7177
1836
7340
7757
3354
2490
1035
5588
6148
1085
2796
213
472
7101
2975
8336
1184
2573
1346
8795
954
8239
3632
5992
416
4893
2878
2146
2485
861
1152
285
1636
737
1012
1148
6207
1970
6850
348
5304
2339
2677
1997
1841
2128
2429
7502
460
2340
2487
3066
2843
4735
1187
