item_recommendation
25737
7872
8571
8327
7541
8093
7697
7914
8360
7613
8253
8447
8117
8033
8056
8070
8225
7437
7802
7669
7636
8420
7560
8183
980
8522
3232
8684
8235
8477
6365
8290
7407
7478
8207
7782
8385
7649
5264
8661
9018
3368
5159
7738
8879
6579
5597
8167
8154
1523
5489
6195
4782
7932
775
7938
4600
7728
6559
5980
4584
8859
6178
1744
8003
3235
4121
1003
4821
1046
7976
5410
6091
7753
8819
2062
7394
4658
7293
4873
984
955
8751
8743
7234
2659
5611
1513
960
7995
4920
8261
3281
5134
5909
4809
8961
6636
8761
5033
4437
1767
5765
7186
129
3324
1562
6073
953
6658
8410
6918
5772
5008
5515
6748
8403
6143
2227
6355
6826
7245
6728
8709
4696
3816
647
5723
7228
6624
8654
4577
6970
232
966
4366
285
8187
8008
1024
695
6318
2935
4911
4984
7299
4941
5588
4262
954
626
858
2212
6609
745
3632
8899
1437
6207
5198
733
7263
4414
3869
1145
7619
2605
7130
8039
8827
6850
266
8665
8482
3420
4079
48
8903
8511
976
5433
5117
2374
4830
7577
6390
8977
3668
8670
3188
2647
526
5177
1816
7705
912
3377
8772
8910
3292
7492
7809
8633
1907
3127
3213
4550
4290
7282
5729
969
7840
8451
5473
1844
5210
6493
8499
1288
7786
8491
4686
4391
2340
7121
3608
4761
7720
8722
4188
8596
8998
3845
5012
6140
7881
6314
5470
7888
6395
4552
5825
8589
3587
4605
5850
3751
6669
741
5017
8927
2686
5787
3804
1777
8376
1352
3417
8136
6148
45
6440
659
6630
1120
4162
8864
8979
5101
3875
2173
4194
1812
4171
1515
8604
4638
3854
880
8675
8616
6211
5114
840
4846
6383
7160
8777
951
986
8699
1507
7204
4051
888
5296
970
7897
2300
731
6892
8607
7583
7272
6132
3428
4936
2236
6404
2780
8810
6077
4246
990
1569
6322
2288
6957
8462
6612
8892
7316
4885
4422
6550
3163
5498
1281
5952
6154
472
2860
4251
3210
4076
4632
7502
7107
7099
7038
5926
4731
3093
1209
1771
6521
6932
8228
7979
4375
1476
6920
994
1676
798
6703
1639
4945
7016
321
2241
6276
6242
1111
5438
2660
9010
3928
8840
7587
7445
7944
4639
3924
7698
3263
3707
8833
2038
8642
1006
828
6739
4861
5548
6056
401
4404
3996
4177
2897
8169
4432
7817
535
4417
8239
6279
6743
522
1580
1870
6676
4033
2799
4765
6650
3819
4801
2772
8745
965
3604
5387
1590
6294
753
6832
735
5312
2396
2779
7484
5046
656
5585
8807
7757
2186
8695
6162
7789
4081
4923
7831
4901
485
2912
6840
7892
8014
8392
7444
6509
9004
7254
6000
7192
7456
3207
870
4740
1187
9001
6760
996
8484
2415
4848
7748
6568
2752
7458
957
7826
1004
8620
263
2318
1819
8943
981
2668
4135
4394
5534
2769
2478
5146
4316
1472
100
2344
8609
2159
4427
6885
678
5440
3028
3714
407
2709
1135
2310
4612
1320
4603
1021
1060
189
3795
8689
4161
3863
8813
5193
6116
7195
8914
3251
3307
2981
4987
3515
7990
1042
7171
3882
1020
8625
7011
3370
1531
4895
5521
4795
5021
8848
5556
2496
4166
6051
3702
1794
2407
5329
3900
8920
3655
1295
3456
7585
3698
4349
5936
7155
6566
2704
3354
2617
3467
7150
6378
7812
3266
4688
3038
8057
8915
4090
5097
3761
3639
3615
8831
3479
8799
8712
3344
8612
8133
8525
5840
2434
5122
4238
6535
3250
196
5815
915
2504
7136
7894
6690
1057
2745
8254
4649
2937
5834
5065
7487
8871
881
8524
140
4139
2366
872
5413
5942
7126
1053
5689
101
7211
8866
1125
6562
2609
5568
1624
1804
8388
5427
6426
1408
1652
4814
5291
5628
6446
1013
4709
2594
7161
3431
5038
1529
6751
4369
7762
7177
1161
1040
861
1788
3643
6498
1711
5581
6021
8531
4840
714
4727
6724
4555
964
5182
2433
7878
1404
3268
8507
7135
4088
1831
2427
4024
724
725
8157
5151
4039
5449
144
4342
2506
5810
6977
5553
6803
2004
3843
3125
7792
5839
8617
3427
6039
3799
6536
8453
2490
4284
5784
5139
3238
4515
1739
5808
8574
5923
7415
3522
1019
6744
5707
2467
6686
4491
3296
2214
5269
4273
1193
6927
5241
5864
2688
2437
5742
8667
2003
8194
2775
720
3438
8636
5603
8865
135
1132
3033
6502
6877
737
6473
5352
2622
4108
427
8044
1696
7481
5530
2154
5226
5968
3199
7034
6695
6031
6856
3908
3113
492
963
6591
7250
2144
7340
2442
3693
3596
7115
2418
2436
2531
3160
3081
5025
6123
1076
2404
3216
6974
7189
4066
3602
4524
2371
2457
1030
5164
3351
4634
5214
971
4101
1026
5558
2516
4228
2982
3320
2248
3086
2966
2545
6944
3805
6243
7759
1581
3653
1834
1643
7311
4837
6862
5165
885
2687
1702
8387
3646
1876
5458
5791
5483
5641
5222
7055
3563
5699
188
5947
7020
6985
5179
5202
6721
1047
300
4191
405
1864
5378
2793
7036
6166
3024
5254
1525
3889
7096
4614
6981
8131
2727
6662
5348
1317
1331
5569
8268
2346
2621
3723
2798
3981
6230
1438
4002
5538
3338
4086
1466
6114
1970
4197
6954
31
4146
1367
4482
7771
5398
6223
4178
5693
7820
1147
3218
5380
7022
785
6835
824
4954
8650
1479
1336
4771
5464
8542
4511
1016
7766
7325
4893
4844
4321
4748
7142
2801
7380
4636
2959
2073
3871
6436
793
5395
1608
5832
6961
3176
8600
3810
6283
816
3152
886
2802
3489
5965
5125
8121
1826
6762
4229
6203
3649
1973
1612
761
6547
5080
8795
1429
3334
718
205
288
1453
5795
1575
3687
1535
4380
474
5069
4666
5662
3157
3256
962
1839
531
3310
7222
3868
4878
4420
8854
5236
1992
6615
4897
3575
2741
4876
3194
6906
1721
844
961
1783
3660
8984
5570
3060
1380
1631
6260
1310
2368
3540
1824
2581
4304
864
3408
4728
1517
6571
1224
3285
3387
2631
5715
3434
4640
4662
5637
