item_recommendation
25737
7872
8571
8327
7541
775
7697
8093
8117
8360
7613
8447
8225
1003
731
8183
980
7782
8290
1515
7914
7669
7560
976
984
8899
8403
5159
8033
8253
745
8154
4550
8743
7437
8596
7938
1395
8859
5723
1513
1507
986
733
698
631
724
5515
7728
7636
7234
5008
8772
8661
8499
1006
6970
401
2659
1430
1437
8376
1750
5742
8420
8136
5662
2668
3875
2140
6091
741
1739
626
735
960
6154
1870
1317
2146
2769
4731
725
1777
7878
968
1812
5186
4821
6902
8879
8636
6918
2982
6260
2937
1409
4366
5715
6073
2621
951
8410
8961
2686
5288
5768
8522
8070
2417
2651
5853
3324
5675
2478
2741
8591
9012
1288
7649
869
4437
1744
1021
3232
969
695
5765
1991
6178
8580
4076
1020
4941
5264
3188
2798
4153
7478
8003
5729
1040
1046
101
129
1824
1581
4740
7831
2300
5198
5834
964
1624
3816
2347
1831
5597
3584
1907
4923
3307
6314
8665
3417
990
998
5365
2688
1523
858
5312
7186
659
8777
746
5323
1715
266
6728
535
2183
1636
947
8699
2772
3235
8207
6630
4440
2546
1053
5282
5275
1187
6826
915
2186
8998
8462
8235
4079
4577
8056
1012
6985
2120
1078
3368
8709
885
2935
111
526
48
4801
5611
743
2605
1057
2802
7204
6121
750
8654
893
5410
748
1472
718
6835
6751
3238
7753
2647
1104
4251
1059
5839
4171
6579
8920
2832
2687
5655
7888
7786
531
1004
3051
2385
888
1771
9001
205
8720
1816
6612
2513
3889
2761
6355
1562
2415
2780
5909
2496
1026
4873
2407
7944
8840
7587
8833
4639
7293
4584
3668
3489
4795
5936
4404
875
2534
1767
2660
6932
3928
3707
3263
3924
7445
7698
720
1508
1819
7802
6047
2801
647
1301
2983
2582
6609
7171
937
2227
5710
8642
1688
3127
4649
3377
656
864
189
2912
691
2548
6513
274
7619
8761
938
8589
965
8385
2428
1014
8684
7881
1690
7407
880
1030
2473
1042
6774
3702
7894
2078
2159
6760
313
2981
1017
1225
4782
1721
5666
5752
45
1580
8477
1852
3611
1060
5177
3081
5968
4420
7254
2976
3093
5254
2521
8607
2786
7771
3795
3819
7245
5815
2383
1192
7263
816
1037
1822
5732
2617
8807
2399
8689
2956
1873
485
1008
1147
798
1429
5672
6103
2418
8943
4736
3500
8882
9004
5038
8524
2993
7038
5810
8142
5693
4638
6436
955
7126
3408
2440
218
962
6676
5363
6547
8629
1810
2134
6803
6035
6684
4936
5291
1608
1876
833
4432
3251
961
3211
1834
8542
3714
8275
1010
4984
5443
2427
963
5689
6744
1099
6294
1783
4895
2892
5218
5139
4963
5795
105
2073
785
4016
4450
6404
3428
5055
1518
5641
2342
3194
886
2654
6493
1525
2118
7078
953
5699
2696
1125
4727
6390
5466
2288
5398
1331
973
7260
285
4976
3758
5735
3456
912
719
232
4316
5449
3334
4241
3936
970
5585
7346
1501
3284
4878
4095
5572
3150
8042
5053
4262
981
3218
4809
5625
8848
1047
1517
3851
4263
2799
793
3256
742
6706
3359
2155
8838
5285
6286
4980
1997
327
7502
6225
3028
7792
5808
6887
2236
6422
1367
6232
2570
1363
802
5170
4996
168
1951
870
2775
4903
5684
6963
726
6718
6645
2184
6498
4477
1909
5400
8768
7919
6800
865
700
6678
2572
1980
2335
1959
4765
1084
2374
8640
7419
4920
5000
5462
5401
5670
7309
7198
5696
7822
5685
7235
5577
7947
4929
5056
8828
8921
5003
5034
5686
5678
5667
5517
5680
7791
5373
5004
5001
8949
8966
8955
1063
8366
5940
6408
4967
2689
2766
4312
2622
6375
6341
8147
6896
6331
6584
5836
6464
4104
5847
7357
7017
6852
6851
6060
5826
8197
6432
6754
7063
5746
6732
6105
4300
3497
3957
3499
3654
1696
4889
8582
2640
7153
4832
6342
8785
4677
7702
3491
8672
3825
5736
8371
8872
4994
5700
5690
5002
5796
8372
8610
8423
8123
8633
8130
8158
8985
8835
1617
1497
4834
8453
844
5243
934
2090
76
2897
2596
213
2481
2441
2843
162
3495
5161
872
6530
8977
8138
7012
3759
1759
4428
2633
3068
161
3042
3005
167
918
3134
3147
2046
99
2403
2715
2285
2364
6768
3096
4600
3241
2764
2835
2866
4999
2325
7764
704
1204
1226
1233
1186
2922
3177
2789
1388
2074
1616
1080
2215
3751
2393
2331
2394
306
510
6533
3387
8910
4680
3805
1032
3207
6509
6827
5085
5553
2815
2581
113
498
1438
4532
3880
2188
3173
3649
1841
4105
1860
1184
1132
1358
2829
6243
2600
3125
8670
2966
5117
8819
957
2770
2730
507
2793
2852
786
1500
3604
5203
1730
879
2465
6296
1752
3656
2429
828
1218
474
3753
6470
1092
1145
4833
8387
3006
5418
1972
3071
5604
278
4678
2634
1024
2494
207
2154
4162
2062
7208
3632
2975
1018
472
4718
4658
2774
2858
2368
2439
2433
1668
753
6114
2366
3608
4349
2900
7738
762
1085
685
7180
8451
3402
4033
2318
7394
5440
4462
141
8167
47
4981
8865
2458
4511
2487
5980
5504
5214
5772
3210
994
3351
2327
348
1476
1504
5419
1095
4979
3113
516
2504
3394
1428
5413
6207
2009
1286
892
2500
3693
1394
5588
499
5167
1805
8268
6368
2344
1689
2404
6186
5135
6450
95
5165
8638
2493
5498
3160
4298
492
5832
2340
4401
2925
3445
4844
4326
547
5952
1631
2573
2669
2827
1479
5518
1660
1033
4043
3540
3140
5356
4427
337
3452
966
4380
4876
2173
4045
131
4490
3086
2284
931
935
4161
2587
788
5888
4861
3575
1013
1929
460
2043
4414
3388
5891
2354
2753
276
840
260
2212
3157
2202
5352
8927
2990
747
1196
1762
6858
7316
5787
5745
3996
2398
1209
4925
3034
4188
8261
4632
8864
1173
2425
2699
3292
2082
2178
1526
991
2482
291
3199
7720
3522
1019
2442
5458
1844
988
766
1836
461
7757
