item_recommendation
506
3559
3448
2055
1096
1794
352
3955
3109
616
1824
3847
1986
3792
260
3611
3751
1413
3829
76
1244
1174
3261
4128
2425
2926
3179
3524
166
448
25737
2236
745
7872
8093
8327
7697
526
695
7541
775
8117
8571
7613
8290
7669
8447
8183
8225
401
1317
1010
7914
8360
7560
2761
7437
1739
8403
731
1783
5159
980
1777
2786
8033
8772
1744
1003
1721
8499
1515
8070
718
7782
7728
8596
1812
5715
976
4158
1696
5515
8899
4550
2668
2159
2935
8154
798
6073
3232
1816
5264
1852
2399
741
869
5288
5186
1750
685
2686
8253
213
986
3211
2427
8636
3150
6154
5729
1608
5662
6902
626
7878
5008
733
6121
2832
2120
6091
1363
5723
1959
162
1562
5675
1580
1472
507
2596
3081
2769
984
1218
3005
2922
2403
2633
2715
2766
2789
1759
510
2866
3042
2393
3068
99
3134
3147
1388
3177
167
1616
918
1186
1204
1080
2364
2285
1226
2074
1233
1063
2215
161
704
306
647
885
6260
1907
7478
2300
7938
2582
2983
4740
1730
1997
95
1841
2975
9012
5768
8591
5853
2546
2155
960
2858
2325
5742
746
990
1549
879
7649
8477
278
6178
8003
8410
2843
1184
735
6547
2429
3071
1972
1053
2753
2146
1040
8743
4366
1860
47
858
1196
2687
724
1507
968
2634
1523
2741
2704
2946
816
8056
3006
1059
1085
2982
1046
3093
327
1006
348
8580
8235
1951
7802
8661
2186
2772
8684
8699
3041
7636
2046
1095
1831
7293
2327
3016
872
1858
243
8777
129
1130
2815
1804
951
875
656
2966
2521
991
2043
1586
2937
5553
29
5038
848
7234
6355
8720
1286
8859
2039
1020
6404
3051
2583
1819
2820
2284
2014
1057
2535
1225
8207
1145
1689
131
250
5839
5282
2986
105
743
2091
1297
2207
1796
2798
5323
2507
5936
366
725
915
4584
1437
71
1012
833
1513
828
964
2090
2990
376
2600
8376
5597
2227
1192
6035
8136
285
8142
726
5655
3368
1833
3875
949
2513
2494
2478
2439
947
1873
6970
2572
2342
2504
2605
6579
8807
6498
1581
1288
2630
2498
6751
2350
1125
2204
5693
1554
870
2440
2182
1033
2481
5312
1310
516
8943
1784
907
1688
1197
3044
2801
205
1876
135
1428
970
707
5134
2956
8420
2383
1692
998
589
1925
5710
659
3816
3284
8607
5968
6513
2864
5834
6918
2324
2432
2451
48
4765
7171
8819
2976
2567
267
762
1690
493
2134
2178
3008
5275
7407
4440
6835
1099
1453
2628
1771
4821
4984
2647
1032
8524
330
1624
2548
905
4095
1981
945
1120
3128
955
44
5666
7245
476
4878
2594
8542
3194
1078
3235
5765
375
2534
2424
5365
4153
7254
2577
1788
2659
2422
3408
291
2183
1978
2473
1508
372
2118
7976
3596
6493
969
113
1909
4462
3140
2925
4967
2296
1073
460
6676
893
2347
2800
6294
5909
2128
6760
1425
8998
938
2793
1379
2897
4976
1097
8709
750
3064
5363
5699
1653
1518
3324
5815
2979
3007
1066
3500
5254
5177
688
835
5752
1150
8387
8879
1667
84
5291
2915
3188
5732
2791
339
6039
349
1779
1767
3489
4262
4941
748
888
8665
4923
1545
7419
8838
101
786
2200
8167
7619
1086
535
5548
880
8761
2421
1556
7753
2570
6718
7198
2651
7078
6509
1030
4873
4649
1791
2310
6436
5795
1525
8865
2496
3584
1367
864
554
785
2021
3889
2892
2669
6706
8629
1042
2335
6422
1021
558
700
5117
1004
4076
5055
5735
638
5410
4731
838
1449
6728
9018
3238
4801
6684
6768
2621
3120
4420
8039
571
7831
4450
5466
2721
3758
4401
4016
6630
8848
2052
7260
5517
5170
7346
5401
5400
7947
5398
7919
7309
7822
5678
1617
8835
5667
5684
5685
5686
5689
5056
5672
5670
5034
5004
5003
5577
5001
4929
5373
8966
8955
8949
5641
8921
5680
5285
7791
482
5243
4980
7394
2977
1026
5198
3113
2373
1973
8385
4316
1081
6800
3125
2824
953
3307
6533
201
1631
3608
2816
7771
220
5462
4834
5696
8768
8828
7235
1008
6148
1870
912
1810
45
2779
4437
961
6985
1598
1975
5443
2775
3851
2780
5581
1652
1161
266
4782
2464
1970
1671
7502
2010
973
6896
2133
1599
2201
2130
1077
3176
5440
6584
8882
3819
609
8654
1060
6803
5210
1844
8522
6774
2078
5625
5572
8451
7204
1228
4632
5296
4925
922
8123
824
5588
1240
1014
1612
2385
8638
4263
6851
6852
6887
6963
6375
7017
6464
6432
6754
7063
6732
4994
6342
6341
2640
2696
3334
3491
3497
3499
3825
3936
3957
4104
4300
4312
4477
4677
4727
4832
4889
7153
5690
5700
5736
5796
5847
5940
6047
8985
5002
8372
8138
8672
8872
7702
8640
8130
8610
8785
8582
7357
8147
8158
8197
8423
8275
8366
2135
1715
981
5139
3495
2407
2902
1037
6645
2184
865
474
485
2173
232
373
467
1699
1839
8371
5836
4241
5746
6105
5826
6331
3654
6060
4428
7208
4171
911
3096
3402
3241
2581
899
6365
1092
2368
4999
1928
934
994
4188
1894
2525
1429
2428
742
8589
2465
211
599
714
936
2689
3269
8670
1479
6408
4378
2400
2654
7012
844
4162
202
965
5458
1023
1024
5989
312
5085
2802
4105
2495
7738
2458
477
2964
1582
4686
274
3057
5053
1805
6314
4736
6827
1365
5611
337
8042
7099
6232
2009
2442
2764
3759
8927
4194
5980
2295
5489
3668
1187
1980
4987
3632
956
1017
1974
219
3173
4795
5832
954
2374
3377
4996
1569
2085
371
2210
3359
6286
861
1822
963
550
4761
5203
2398
4979
1147
8781
674
2649
1676
2445
2835
1949
4844
1544
1089
1680
8609
2617
207
3281
8614
2212
3428
6207
1333
5161
7888
3783
43
720
2500
1702
8388
4945
1636
2725
4532
6093
2388
8187
183
4121
461
1834
4490
603
7272
1966
957
2939
3656
2288
