item_recommendation
25737
8327
9010
8167
8093
8477
8571
7872
7697
8447
8253
7914
7613
8117
7541
7437
8420
8056
8360
7407
7669
8225
7636
8290
8070
7560
7478
8033
7782
7738
7802
7649
8422
8385
8684
6365
7245
5980
8183
8403
7748
7728
9018
6826
8154
7753
6579
4686
6493
8039
4414
8008
7720
6748
8410
8235
5159
6464
5264
7809
6743
7228
8499
4121
5433
5597
8751
6283
775
7394
980
7186
4920
7293
8207
7099
7995
8848
5489
8522
8772
8661
8003
3232
7817
5968
6650
4584
8819
3420
6424
6404
1523
4696
5329
6953
8459
5410
3845
8157
8131
6355
8511
7976
6686
7840
8596
6091
8654
5618
7620
7095
7831
6073
5515
4600
6559
7938
6132
285
6751
6178
3368
321
4051
6832
7067
8743
4605
2212
6920
8961
8482
7299
954
4658
5012
6957
7826
1024
8607
6116
1352
3804
6760
7142
8640
8827
6140
7705
8636
7932
8892
5438
6333
8451
5815
8807
8879
8191
5033
8589
6021
5909
1513
8709
8670
6223
6154
6800
8899
1641
521
1046
6739
6728
5765
2860
6721
6521
3515
8633
5288
6684
955
8761
7110
6242
7979
5210
7204
4765
1744
8665
8625
4417
5662
953
6669
8998
7878
8695
6383
6260
5611
7577
7272
8730
8580
8600
526
5296
5008
1003
472
4941
5081
129
4795
1639
5017
6276
4391
100
232
1562
7192
7502
5936
3843
6230
8491
966
2241
840
527
6927
4873
3869
8977
6000
7160
5282
963
6568
1590
4368
1839
647
7419
6636
6757
3324
960
4830
6550
3235
3213
6918
4290
266
328
5723
8542
2686
1111
5839
2531
8187
7234
5729
4846
8859
7492
5891
5380
7073
7757
3816
5534
8376
8147
3216
6562
6290
3996
8903
5117
5850
8136
6999
5291
3604
6143
2340
2227
2605
1535
8927
8228
5548
4821
6892
7481
996
5940
7096
5193
7892
8616
5121
6879
7016
969
4614
8777
3163
1295
6765
7034
5146
695
5715
4366
7068
6547
8620
4727
7415
6077
1767
3668
5080
1013
6898
1844
5588
858
8261
7250
8524
5387
3188
7936
6902
6195
2374
4936
7449
3875
1507
8699
6970
3127
8591
5675
5853
5742
5768
4612
3379
2062
7897
6724
407
828
6806
5693
7958
2659
9012
5553
4166
6762
4076
3268
4081
5809
6114
4923
6162
3947
8675
5825
5699
5684
6896
5186
8979
6148
6816
4925
2769
6624
6123
8364
48
3882
7810
2442
3964
4809
3819
5926
3920
3810
6893
2159
7789
3292
7040
5923
2236
4761
6940
4550
4194
3854
6803
8943
7456
6207
4437
6662
1907
2149
6708
6835
6458
2609
8014
4177
6498
7380
5170
1336
8864
3999
8507
5473
7713
6271
3587
4135
4740
5899
7585
1816
5378
8194
7762
8783
3632
6791
6314
8854
7619
4709
5137
8643
2506
2173
5151
4235
5177
7990
6850
5198
6056
5483
3460
2970
957
7025
912
981
6513
4984
3622
994
3281
4079
135
8254
8617
5046
3266
8915
4848
7812
6378
3038
7150
8813
4090
8057
4688
3467
931
5558
2704
6503
2248
8797
3219
7743
7458
8484
8866
5609
7136
6318
1310
7786
6279
6735
7130
8531
5641
8336
1864
8871
3175
5619
3698
7090
5101
6676
4577
5795
1408
6885
3173
8910
5214
1131
990
5625
6706
1686
7036
984
7078
5521
3250
4101
6609
6884
8366
5942
4560
2214
1057
6695
6422
1866
1870
8044
7135
332
6880
6416
745
1361
6254
832
6536
4280
4878
7161
711
5833
4369
5127
6840
2396
3596
6413
5152
7787
5873
741
8720
5341
4033
6772
6985
5470
4706
8808
6776
7381
7584
1824
3997
2752
4482
5752
7487
5025
4945
6862
4684
4552
2478
2003
7107
5009
6460
5413
1060
2288
520
2687
7379
3608
4420
2371
7366
196
659
4399
6658
6348
3113
1919
7263
6031
7358
6615
2799
3370
4782
7771
5633
5585
1148
2935
7055
7115
4039
7089
2144
7311
5303
4861
6782
8123
5628
7583
3871
561
5772
5226
2496
1120
4139
4842
8745
454
8392
8009
4389
4246
5600
5832
4897
523
3199
6812
4108
7316
522
4427
1281
3093
5114
6436
7000
3247
6157
6294
1504
2745
7564
1246
4000
550
8239
7919
7894
4901
4171
5689
2839
2696
6440
6612
6286
5568
2437
4833
6291
6535
5304
2631
5836
7484
4774
3895
6183
2490
8857
4229
7357
7820
6470
4188
2545
7258
8387
7208
3655
2730
5038
5395
1819
2176
4086
6331
1515
3221
4515
8575
8273
1161
2892
5096
8865
7566
4128
5986
5422
300
6713
5498
45
7340
4692
6415
4020
8948
6641
4811
6370
8950
8908
7845
2941
4292
3492
6977
7044
5900
8526
8604
5801
5323
6201
5203
6630
1779
7171
6426
4928
8779
3377
6867
4406
2038
3963
1980
288
2764
619
5134
2912
5857
3031
8502
5419
4191
1657
3238
7881
2779
5128
2893
1502
970
1798
5391
3763
3859
5572
1393
1224
1212
7254
6410
6856
8453
8016
3417
4731
4738
8142
1329
7987
5808
2186
6571
4756
2997
6005
188
8727
4002
4251
3752
5952
2829
7951
6703
2427
3766
1836
6777
1487
7198
3354
4375
2959
4987
3686
5164
7101
3033
4440
7759
6718
1288
4197
8530
7888
2897
8268
2513
2688
733
3534
6035
5236
6412
3889
6039
1019
8462
6794
4349
2318
5398
3176
6211
5248
1417
4524
6103
4153
6502
1500
3508
6768
6942
3574
3438
3522
2193
8835
7195
1209
3192
3643
6944
8838
1525
5440
2642
8882
1476
3685
1187
2441
1339
3863
6906
5655
4914
8019
5254
1480
3787
3310
6166
4095
1501
1240
3560
2069
875
1531
7038
5560
2407
6027
2283
7151
6771
2819
4098
3129
4728
4342
2801
2402
5222
3284
5076
7372
5991
5788
4321
2536
8984
4234
3320
1437
5107
1287
5139
8920
5603
4645
6341
1812
2400
1676
6170
5427
4954
5463
5342
4636
4676
4662
4640
5637
4977
5302
4634
4333
2221
1569
263
1317
2660
8388
3190
7766
5965
5471
3710
1580
2709
5888
965
737
4296
7444
5985
3928
3924
6932
8833
8840
3263
7445
4639
7587
7944
