item_recommendation
25737
7872
8571
7541
8093
8447
980
7613
8327
7914
7697
7669
8360
8070
7560
7437
7636
8225
775
8117
8253
8385
8522
8056
960
953
7938
8033
984
8183
5264
8661
733
3281
3869
8154
3368
285
7782
7407
1523
266
7753
7738
745
966
8420
2062
1744
976
4391
626
8879
695
1907
955
1046
4821
232
2659
969
5017
1003
2212
4941
2374
6365
7234
8235
8859
7478
48
8961
7802
8003
8290
5611
6579
970
1288
8477
45
526
3232
5159
7649
951
472
6728
5909
7186
1024
6195
731
8751
5473
2288
7728
8761
4584
6318
8403
1515
8670
5723
954
6826
912
6892
858
6559
3324
7293
1006
4162
7705
2860
8709
741
7619
4658
485
1812
840
4437
7394
522
647
8654
5117
2780
2340
8665
129
8819
535
1507
8167
4550
2935
6355
3188
986
5008
6521
870
3804
6091
3235
880
8684
8207
8899
964
888
1281
6550
881
101
981
1053
1057
994
4809
8743
196
4801
6630
2772
6920
1352
189
3668
6636
957
8008
735
1030
6143
8410
3213
8977
4188
990
1590
5296
321
6918
1531
6207
8910
4911
8589
1042
2236
1013
1020
1816
1004
7263
7316
4901
720
725
5210
4984
1624
6322
3816
2154
2173
1209
6609
8745
3751
4873
915
2647
5164
4262
3632
1021
3113
2686
724
6885
1844
5980
4079
8864
916
8604
5772
8689
1676
1125
7720
31
2227
6624
4686
100
965
3377
4427
1367
8998
6970
7299
1562
4414
2769
1026
4638
7481
15
2415
8777
7831
4121
2241
1771
6568
1060
5012
2385
5440
6116
1187
2038
8699
8187
6612
1767
1876
6509
4417
2937
4782
1012
6748
5134
1794
4432
2407
8453
263
3127
6242
3093
7786
3799
961
8927
7583
3428
8596
6162
5787
828
8633
1696
4936
6254
2709
7748
2496
1824
2396
1437
1472
401
3296
8376
8136
3875
1016
2366
656
4375
205
1476
963
7817
6562
2798
3417
3795
746
872
7204
7107
6314
659
3420
8499
4404
2300
1581
7272
2617
3157
4251
4366
7038
2982
1525
6440
8984
4923
6000
4632
2669
4846
5530
6536
4603
3845
7888
5329
1132
4161
2442
3854
2687
407
7484
4177
4577
8239
1739
3431
3702
4076
8609
2660
7789
3863
8462
2799
8392
869
8722
1777
6743
8169
3655
6535
3761
8799
8831
6566
5840
3615
3639
9010
8620
8133
5122
3344
8525
7155
5097
2434
8712
8612
3479
4238
8228
8840
8833
7698
6932
3924
7587
4639
3707
7445
3263
3928
7944
7211
726
5558
8642
474
3608
4171
3307
2433
844
5971
2344
2793
8131
2248
2605
5021
6294
5834
8574
3882
527
4228
2741
5926
4081
4761
9001
6760
7099
1010
2478
4394
7757
8854
5815
7990
7577
2801
93
3714
5597
8388
962
753
9004
2900
3508
4605
7487
16
6985
1516
2689
785
6390
6731
1032
3210
6957
3081
7011
1834
2506
2346
5470
5568
6077
1019
5828
5729
1810
9018
5810
8667
4920
1429
8827
2155
6791
2775
7881
2427
1870
1041
2829
8865
5839
5968
7126
802
4731
7380
7979
968
7195
4086
3805
7932
8507
998
427
2418
5585
6658
1330
893
3207
6178
5588
4024
7894
2621
7809
5410
2425
1037
2398
2437
1497
2981
3587
8772
4844
2802
988
7878
2318
7147
2925
1017
2897
4837
2688
5936
6832
3268
3176
8920
6132
2186
6999
6400
7096
5033
6739
1040
5765
8614
5433
2368
7189
5515
5832
5009
7171
7792
6676
575
5
1819
8268
4349
7121
7135
719
5857
6186
6383
875
5458
274
2815
2394
4987
5693
3199
7245
786
6591
5703
4255
6981
5888
1145
3292
2752
6762
8914
4316
6276
1331
7502
2440
6744
5449
714
5850
3996
2531
3427
934
6840
2581
2404
1721
6850
1582
2082
6230
5801
3218
1295
5900
6348
3997
7584
4020
6669
1225
1438
1047
1500
5226
3456
8039
4292
6977
7044
3492
2941
4811
8526
6415
8044
6641
6370
8950
7845
4692
7415
8948
8908
5699
996
7566
3819
1193
2004
5985
4649
1517
1008
5378
1702
1114
8387
861
3752
1569
2770
6446
6493
4246
2570
3584
6650
3033
6751
6148
7160
4389
973
4765
748
5312
7254
6798
866
8482
2975
7976
3604
4108
3709
6724
5065
7995
4795
8848
1831
7841
207
3160
2609
608
2959
6966
2727
5053
144
761
2347
4740
3693
1959
3503
498
3730
1474
4029
4569
3101
4840
885
6565
6073
5600
6777
5965
4718
1303
3649
6243
5291
1393
550
1513
6757
5413
2668
492
5489
4861
419
1131
886
4666
8491
6995
1985
7180
5198
718
8009
1358
2504
5809
28
4696
2438
2761
4706
4885
5080
7444
3522
6123
6121
1147
2912
5352
3351
8511
6880
3387
76
6140
5365
3125
7840
1504
327
218
6498
1612
5707
5570
3251
2494
7820
700
1173
1970
5923
2600
742
5662
743
2651
499
956
4270
4895
423
8157
8903
1394
276
999
7130
1608
268
1652
4600
2517
4310
839
2583
3964
5655
6835
2521
2902
2473
1973
5882
3402
1028
6944
1951
1029
2622
2159
288
2457
6703
1690
105
5618
162
6283
7844
7355
7706
7843
6185
6615
6617
5498
6974
1688
7311
2335
3871
5548
5179
5873
5641
6234
3370
4304
5825
3900
3478
1852
2003
313
8810
3408
2730
2786
4051
3908
8191
6261
2892
1059
5742
6803
2078
5214
5947
7282
6811
8451
1580
2331
2624
7222
737
3051
3438
3540
328
8807
4191
4893
1419
6950
7371
4585
7759
5689
1750
6902
798
947
6513
7208
6690
4830
997
7016
2439
6684
171
3560
971
1997
864
1066
461
5569
937
2572
8530
5715
3152
4101
3947
244
523
3611
111
938
1508
6084
2380
6782
6367
1631
2399
2533
721
6426
7090
5952
2497
8643
2087
4153
422
2046
6643
7818
2674
8781
5387
1031
8583
3028
7036
1135
832
2827
7456
1317
2370
6686
2202
1633
1643
1184
6774
6395
2120
7228
6404
2334
3150
2792
3258
1099
2325
5633
4592
6339
5168
