item_recommendation
25737
775
7697
7872
7541
8327
8093
8183
8117
731
7613
8571
8225
8290
8447
8403
8360
1003
7669
980
7560
5515
7437
5159
976
8596
8772
7782
733
1515
5742
1513
745
4550
5723
1507
5186
986
6260
8899
6073
6154
7728
8499
735
5008
7878
5715
6902
8636
5288
6121
5675
7914
5768
5853
8591
9012
5662
968
741
8154
2769
5275
960
748
8580
1006
8743
8033
626
6091
2686
869
1870
5264
984
401
3525
1021
5312
864
726
724
5710
8376
4740
1014
6970
8136
7171
5655
5323
5282
1010
8720
3875
720
753
2741
5752
6178
1317
6513
762
5666
2513
5597
6918
1739
1777
746
5363
6493
5732
6751
4076
8410
5765
1812
7649
4440
2937
802
8003
7938
1004
2688
2798
2982
725
4731
7636
5410
6835
1008
1624
1053
5365
8777
947
1030
1819
8699
893
8998
6103
5198
750
915
4153
2651
719
2227
695
1907
4967
1147
1523
7478
2473
4649
2183
3238
8859
1057
1750
2801
7254
743
5672
964
3751
5729
7831
875
5466
6985
1508
6355
6286
2659
6436
7234
1721
2481
6684
6232
2428
3584
1771
1046
2300
2347
7204
6225
2892
5498
990
963
8142
2654
6314
4584
6294
4821
969
129
6547
6047
5834
2546
2120
885
5968
6760
7771
6678
3489
1020
1042
8253
2687
8661
4312
5641
6579
4795
858
7245
3611
1581
6035
1501
5177
3188
3324
951
8207
5572
4980
461
6803
101
2186
5735
5839
4976
526
3500
5055
5243
4941
2440
1192
786
937
5699
2983
2582
5936
1497
3758
4923
2385
1288
8147
833
765
2696
6718
535
6676
5689
6774
4016
5038
1831
5218
3889
5170
2956
3284
3307
5815
1040
5443
8607
8629
6464
973
4420
961
5795
4263
2441
2354
266
2605
1755
3851
3334
4736
5684
8807
4532
7260
5398
6422
8848
1525
4984
6800
6375
4241
3936
5254
5625
8768
8524
1744
8542
4450
8882
6645
2184
8943
6706
6498
4996
6404
998
7078
8275
7919
865
1034
5285
5696
5400
4727
7419
6331
828
6341
7198
2496
8640
5004
8838
5686
5034
5001
5056
8921
5373
8828
5678
7947
7822
7791
7346
7309
7235
4929
5685
5003
5680
5401
5670
5667
5577
5517
5139
4437
8672
7702
8197
6342
8582
4994
8785
4677
5002
4832
8872
4300
6432
2640
7357
6060
7153
4889
4477
7063
7017
6584
6963
6896
6887
6852
6851
6754
6732
6105
3491
5700
4104
5940
5826
5796
5847
3654
5746
3825
5736
3957
5690
5836
3499
3497
1500
8949
8955
8966
4095
2764
5418
7012
793
8371
8366
8372
8158
8423
8130
8123
8985
8610
5458
5167
4105
2534
2993
5462
48
5553
4765
5808
8835
3096
2772
1026
6768
1617
5611
4834
1187
4043
8138
938
4428
1688
3235
3241
5649
1059
6025
2668
4999
888
7407
3753
7502
3232
3495
1822
5085
6408
6533
5356
6827
4981
2118
2770
6730
4366
1876
8879
5693
1060
5203
4878
1104
981
8420
6470
2976
3816
647
4903
747
2669
3377
3368
2438
2898
742
912
105
6671
5291
5419
1437
6296
1805
7293
2774
4490
6368
3359
4801
4833
6509
4979
218
5888
5053
285
3819
955
4718
3093
5504
8638
3656
3452
1980
1017
3194
2689
6207
2415
5650
1078
3880
1032
16
1504
2548
3417
8042
5375
1023
1047
277
3759
2829
5135
3173
2938
3408
8961
2383
3831
6530
4316
728
5891
3388
1012
313
2236
1037
8665
6630
7888
6826
189
4963
892
3051
4577
718
659
766
232
2188
2780
1056
2832
5832
3456
1762
7764
2815
4380
931
8070
4298
2009
1836
7208
1517
2504
656
7186
953
6728
1429
205
3487
3354
4404
1690
886
5960
4680
788
6062
1125
721
4925
6593
7753
2690
844
2647
3445
2482
1580
4686
2407
1636
970
8462
2288
994
1036
1816
3959
2935
2202
4130
8522
5518
4638
8387
5161
2912
8056
1562
2458
1084
1735
6093
8920
6612
8865
1092
1016
785
485
880
4079
3702
2594
5440
4873
3338
767
3402
4735
9001
2521
1346
4678
2398
8235
4414
1132
965
5092
4101
1629
2478
2241
2487
2570
6753
870
7786
4782
5241
1035
2090
1394
7091
3989
7619
1752
1767
8833
8840
7944
4639
7587
2399
4895
2134
3649
5989
3604
7272
1367
7334
1518
5051
3900
4401
7263
45
1018
8709
1472
3522
7894
3127
2660
8689
3113
1631
5214
4251
2835
2799
3211
3668
474
3707
3263
6932
3924
3928
7445
7698
1860
516
2573
8642
2500
962
2318
1266
5857
1438
4262
2342
5313
2418
5754
2173
6609
954
8589
3690
4600
5304
8654
2107
8761
4326
2368
6450
6947
1358
531
2465
1173
2248
4171
6744
1619
4349
999
2416
3795
1733
3714
6950
2617
7034
1783
7125
3481
4053
4014
1241
4010
3979
4012
4009
4011
3243
4247
5425
3269
5352
4372
2339
3608
783
9004
6234
7371
2730
798
3754
8451
3428
1152
580
472
2411
2572
4625
4537
3805
7352
5449
4670
3125
2827
3095
1526
3877
6383
5810
760
5528
7373
988
3081
3160
609
2925
759
5404
2366
5777
966
1643
1582
6037
2082
5193
4861
4645
896
274
2786
4968
2078
934
6186
2616
1852
2761
3140
700
1025
3067
419
4337
1301
7323
8576
2212
6790
5646
2201
7126
7285
1660
7411
4830
6611
171
1148
5413
7738
4636
3575
4501
5969
6474
6585
5041
3915
4217
3873
4618
6188
2524
5063
1596
7650
4700
6447
6864
6057
4480
6548
5278
1756
5780
5042
5367
2494
291
1209
8332
1111
7881
3256
4936
8808
6243
2046
1225
4809
2709
6390
1991
5909
1041
8910
5585
3218
1049
8977
3766
1161
2493
7379
2355
8781
1608
1024
2981
1604
1734
8167
3086
1019
4228
2897
4956
7792
8684
4111
498
1804
5745
2152
4511
1331
4987
1715
3444
816
2146
879
4960
900
1997
7720
113
5644
2793
3155
4162
5117
872
5208
4191
8385
3984
2155
3210
492
2189
4945
15
5009
2427
5292
1873
8268
4654
