item_recommendation
25737
8093
8571
7872
8327
8117
8447
7541
7697
7613
8385
7914
8253
8225
7669
7437
8360
8070
8290
8056
8033
7560
8420
8183
7636
8008
7649
7802
8522
8003
8654
8477
8403
8207
7728
8167
7478
8154
8589
8235
5159
8661
7782
7738
8670
8684
8998
8482
7394
7705
8772
7771
8665
8961
7407
8819
7976
8596
8743
6365
8499
7186
5264
7753
5909
9018
8751
8879
6178
7938
7878
6728
8039
5723
8899
960
8410
980
7234
8761
5296
8781
8709
8404
7245
6154
6918
3232
8745
8864
5117
8859
8507
6970
6559
6091
8187
5597
7293
6826
7189
5662
4821
4920
7577
7299
6684
6748
7932
8491
7817
5164
8910
6579
6703
5936
7204
5980
6624
5515
6751
5839
5926
7786
6355
6073
8636
8777
6902
6591
8376
8136
3368
6609
3875
7831
7789
5815
2659
5742
8984
5765
6550
6791
8580
5968
3816
4761
6535
4941
6760
7160
8629
6521
8699
8453
5008
5693
6892
4437
6260
7888
5729
8633
6862
6630
7748
7263
5768
8827
5715
7099
7096
8511
7415
8261
6390
6254
8591
5853
7272
5288
5675
9012
7107
7487
8530
7990
3882
6568
8607
4550
984
4809
8854
4366
5186
4731
6314
8604
4121
7078
8695
6676
5888
6999
4432
5291
8142
5850
6835
8807
4577
7380
4076
7757
6077
1003
7484
7881
7228
3587
7809
7208
6977
5655
6493
6739
969
6530
3188
745
7316
7282
5832
7619
4153
8943
6121
7995
4873
2374
6718
3235
6803
4846
6207
3281
8977
7502
8848
266
8927
5611
6981
4427
8268
8462
8157
8366
4782
6513
7456
6203
3324
6294
7897
8979
4740
8768
659
2062
3668
5410
7090
8524
695
6798
6000
6650
8903
6957
6195
7840
3996
6840
4923
6404
5801
5857
6498
4936
6762
7135
8689
7566
8044
6446
4984
8614
6832
3176
840
8239
6318
6612
6565
8720
5558
8675
5139
1824
8542
45
731
7171
6641
6436
5569
7311
6348
8914
8131
3127
2935
6695
6850
7121
8009
775
3997
7584
7894
6658
5900
4020
4914
8948
2941
3492
6370
4811
8526
8950
4692
4292
6415
7845
7044
8908
3417
5689
4414
1024
6509
8191
4171
7254
955
6047
3869
3752
1437
3093
3307
6375
5825
5177
5752
129
8920
7759
6547
6143
976
1317
6932
4885
7038
6880
4584
7720
6536
6636
8833
7587
3707
7698
7944
3928
3263
8840
7445
3924
4639
4420
7481
5254
2660
8583
8892
5641
5398
4188
5873
7583
4552
9004
8609
8642
5012
7492
2300
5440
5038
4079
6887
3560
5666
4666
5365
5282
7818
6662
5378
5046
6811
8638
9001
6686
970
3819
5193
6744
5809
5275
6148
4391
6927
6516
4945
4251
5971
3608
953
8574
3632
7624
6885
647
7979
5443
8813
5226
5285
3936
7762
7260
3693
3334
6774
8727
4241
5699
8387
1513
6768
7211
189
5965
7892
724
7343
8275
3489
7016
7126
5772
872
7743
6706
5473
5017
5808
4840
5021
965
7792
7130
6283
964
6562
4404
5795
4878
8625
6920
6896
7627
8147
6276
3251
5581
401
2318
6464
1907
5625
8228
5413
5710
6408
1046
6966
1515
48
3377
5810
263
2344
2647
6400
4194
526
2347
6331
2982
7325
5952
5787
1870
8576
8575
4801
2696
6985
8865
285
5323
8451
4765
8484
1744
5834
8169
8132
5312
5568
2780
3028
5940
7822
7354
3163
6440
8640
6422
485
966
6502
6021
2212
2236
3714
3584
1812
2956
8616
5732
5836
1580
6383
8808
5363
733
7585
4440
7841
8882
6341
5672
2513
2617
5170
4727
8121
8620
7250
7357
101
5304
3515
6963
864
957
232
6534
5466
1012
8866
1288
4895
8392
7192
7458
3428
7136
4848
2418
3795
3467
3038
6378
4688
4090
3266
7150
7812
8057
8915
8810
6035
6114
5198
3611
8014
3698
5033
5400
7919
6800
4976
7346
5684
3250
5588
626
2288
4312
6584
2173
6116
4369
8838
6953
3284
3173
7419
5462
3213
9010
7161
5134
8254
1006
1408
8422
2860
2824
2764
5696
5685
7198
8672
5670
8835
5686
8871
3957
4104
1367
5735
5572
5433
6470
7309
8921
8949
7235
3207
1187
1192
5401
5577
5667
951
3825
6754
5826
7063
6432
5746
6732
8610
6105
4929
8828
5034
5003
5056
2640
7702
986
3654
8371
3497
3499
5690
5700
5847
6060
1617
7947
5373
5210
6533
3978
1767
6426
8197
4300
3491
8123
2605
5001
6851
6852
4477
7011
7791
5678
5680
6342
4994
4450
5603
6944
5004
7055
5517
5002
4889
4832
4677
2184
6645
5891
7017
8872
7153
5736
865
8785
5796
3256
8955
8966
4162
5521
8582
8423
8985
8130
8372
8158
4834
4039
7012
4491
4980
8138
915
912
5449
8388
3604
3702
880
2622
4262
4999
3241
3096
2799
7020
7212
5585
5085
3456
4876
5489
7826
5055
2981
3646
4428
7180
5243
2897
492
7034
6615
4105
2688
6140
2983
3889
8857
8531
2496
8722
1844
4375
6827
6617
5329
4911
3758
8600
2433
6296
4632
4967
7177
7051
5203
2582
2478
3751
881
2668
6185
7355
7706
7844
7843
3851
2704
656
858
2340
3804
1562
205
6395
6223
8617
6571
7764
6724
1810
7089
1590
8799
1021
2531
7155
6566
8831
1777
3799
2394
5161
6103
725
3157
5840
8525
5097
3761
2434
5122
8712
8612
4263
4394
7820
4177
2621
76
4161
8016
3351
3615
8133
3479
3639
4238
3344
1581
4002
2769
3495
1805
4417
4686
3863
8194
998
1696
8790
4658
535
4016
753
954
3210
6731
7569
1531
741
4603
7303
5882
3034
1624
2961
4490
2407
5872
1225
6286
6298
7195
2144
4189
5504
1676
4135
8718
321
7444
1507
3238
1529
6964
2548
3218
3113
6993
3656
2775
2458
1804
5605
4795
7110
1771
4024
2937
1476
2415
2516
1816
1336
3508
2801
4925
3503
1472
7958
15
2038
498
8042
5945
1047
947
7115
218
4756
844
2594
1980
2073
4638
1508
962
2473
6232
5419
6777
3431
3660
3500
7095
6062
5025
1517
3845
5942
3394
2772
2900
7069
5165
5141
2404
2120
7142
