item_recommendation
25737
7541
7872
8327
8093
8571
8117
980
7697
8447
1003
7613
8360
8225
7669
7560
8183
8253
7437
775
8420
7636
7782
1513
8290
960
8743
285
8033
745
8899
8403
5159
6918
986
1507
1515
535
3235
7234
8522
5515
731
2659
8070
984
695
526
1523
1907
8859
7938
4550
48
733
969
7914
140
3232
2605
2769
8596
3368
741
976
8499
6826
266
8661
858
472
6970
1187
1288
1777
1006
5410
8772
1021
8207
1812
6073
647
951
4638
5723
6091
8477
7478
7649
2686
4941
1046
6728
2227
8385
401
7728
2186
2688
129
45
626
8136
8376
8154
4740
101
3875
4731
981
5611
724
3324
2288
990
964
955
3127
8003
7282
1053
7186
4414
735
2937
6154
2798
1624
5198
2300
5117
1771
8654
2415
5312
5742
3377
232
5186
4782
7802
1525
4262
1744
5909
5597
2340
1870
189
6178
321
1060
8761
8636
3816
3188
8998
4923
3238
725
6609
8961
7878
2780
8709
1020
6260
498
7245
7831
1437
5675
6355
5008
7753
953
6365
8665
961
880
886
407
205
6902
5662
4821
5715
2647
2374
828
1024
4795
893
1508
5834
1004
7293
885
8670
8235
1017
2730
5288
4658
888
720
3417
1767
5853
5768
8591
9012
6630
659
4404
4076
7738
461
1042
4079
8056
915
2496
1819
954
1026
8410
8819
4801
4437
7786
2062
7394
2347
719
7888
6774
5729
4577
912
4349
8580
4290
1562
6835
4263
840
968
6314
2982
746
5282
2441
3882
5765
869
5365
8920
2892
8268
870
5968
3584
6390
2478
5139
4366
5839
1012
7619
1013
5936
8879
1816
6612
263
5815
3307
748
4809
6760
1501
527
2407
4251
3604
268
100
3996
3028
485
4895
6243
7881
3522
1030
3489
802
2241
2829
8689
8589
3210
8777
4427
2183
7263
6513
8642
5
5264
1346
5177
4153
9001
2154
6985
2687
2212
793
4511
1517
1636
2660
2741
31
2385
1019
7698
4639
7587
7445
7944
8462
3707
6932
3263
8833
8840
3924
3928
5625
3799
8684
302
6318
522
2815
1047
7894
1358
218
896
4645
1352
3086
962
3575
6195
2801
4936
6744
5296
2651
6047
947
6751
4420
3843
2082
7976
1330
5689
966
963
4171
1173
3199
996
6530
2236
3702
1367
2770
7346
4873
196
1111
881
3194
3819
1504
3354
8142
3668
5352
422
1125
2956
1059
5038
2772
6803
8910
15
3795
998
6121
1581
5693
2799
9004
6498
4761
4680
1826
965
5710
7208
7038
3854
8943
1980
4718
3805
3292
7407
656
6896
3113
5641
1132
8261
7764
5810
3714
2197
6718
4016
4727
5055
7126
4095
1438
1500
1057
8838
6559
2617
1145
4417
970
105
2418
3218
7995
6798
7272
8977
8187
7204
6832
6493
6103
999
8720
3456
1120
8607
2331
3758
1147
4284
4844
8484
7792
5053
5161
8453
474
5735
1688
5980
7705
3387
937
4830
2548
2120
7078
171
5449
154
1676
3157
4933
2352
6436
700
1099
8524
8699
3889
7771
8633
4312
5291
3334
1531
8807
4765
1836
4976
1497
6000
6547
492
6404
5243
2533
4980
4241
3936
5666
7260
5254
5398
2621
8768
1750
4162
1733
6521
274
742
7099
5226
8629
1331
4191
1844
4625
5808
3428
4432
4051
16
5443
4440
6676
6294
5604
6535
5033
3430
1161
5203
4600
8576
8848
5655
5752
5585
5275
2318
4649
3500
7254
314
1690
3408
5572
8781
2442
1104
7180
1590
3388
4963
844
1715
4273
3587
2202
2504
8542
864
6591
7748
8640
2793
1429
5926
5462
1834
7171
3869
328
2668
8039
1394
6731
8275
5413
4584
5699
1822
7932
5745
938
2764
6768
6800
6906
7627
5952
3251
1018
1209
202
1031
2009
7487
1831
3656
207
4914
2622
2654
479
1901
2696
5170
4911
1739
4033
423
973
4399
8167
34
380
4197
3540
6678
8984
3213
6706
3207
5400
7228
931
3723
1493
4246
2860
4342
3709
6116
3759
1317
1805
523
6827
6077
155
2248
1192
4984
6408
4274
639
3547
4338
3450
3960
3252
1293
4184
4291
4337
4268
3976
3991
550
4846
6440
2184
6645
865
6684
2935
7198
6035
2976
6225
4833
2700
5796
7822
5700
6331
4929
5732
5795
5826
5685
5002
5003
7919
5672
5034
3256
8638
5684
313
892
1008
2149
6143
714
2981
5971
244
6858
4391
1580
141
785
2368
7817
5473
8157
454
2775
7444
8044
4255
3394
1422
8492
2494
5489
6887
4316
8882
6422
743
3160
8008
6234
5080
6104
276
2513
1631
7789
8482
4885
2779
3402
7012
3646
3845
6470
7979
2173
2231
6732
6584
6754
3825
7153
8197
5686
6060
7235
8582
5696
8158
8147
6105
8949
5690
4104
3611
4677
8955
6963
4994
8366
5004
5836
4477
8371
5847
7017
7702
8985
8372
5746
6852
6851
2640
5736
4450
7063
8423
5940
8966
8138
5056
5285
6341
5373
6464
4832
8610
8872
3284
6432
4300
5001
5401
3957
7947
6375
1617
8785
8835
8828
5517
6342
5577
3654
7419
5323
7357
7791
7309
5678
8130
5680
4889
8921
8123
5667
3491
5363
3497
3499
8672
5670
1660
2546
4834
4999
4428
5588
3241
2283
7121
1301
6977
1752
5556
6232
7380
2752
691
3871
2843
7107
5466
9018
4060
6286
3176
3096
957
5518
1295
4101
93
6579
5419
5772
839
2912
651
2188
5218
3676
4380
1535
2394
3475
3116
580
3693
4105
2689
2433
4319
2531
7990
2497
2089
3445
798
3152
875
994
2371
916
6777
5021
3270
940
3626
2693
4036
3563
3619
3565
1652
1010
7809
4532
2897
6211
3359
6446
1472
1639
7577
2107
4686
2342
7818
818
2473
2078
4696
3515
5891
8614
4736
5075
3851
8695
2195
6568
2416
8827
482
1225
6533
3753
561
1037
1103
6739
1696
3024
8574
2727
3920
4401
1014
5000
7299
1810
8604
832
2468
3859
8507
7311
1281
1078
4691
6892
2366
5538
6695
2465
4247
499
3635
2118
678
390
2038
4981
1404
1034
2745
6957
