item_recommendation
25737
7541
8327
8117
7872
8571
7697
7613
8447
8093
7669
7649
7914
8253
7802
8360
8033
8183
8056
8003
8290
8207
7354
8225
8420
7560
7437
8684
7976
8070
8167
7822
6365
7636
7478
8385
8477
7407
9018
5980
8039
8235
8403
6918
8772
6609
8522
6178
7932
7394
6773
8998
7738
7728
7303
8665
7995
7003
5159
8511
7228
8743
3232
7502
5765
7782
7250
8751
8499
7245
6073
5723
7204
7577
8589
8154
6195
8596
8827
8807
8261
7492
724
6579
6154
8482
7160
6559
6493
8607
7190
7878
7705
8695
6294
6658
7456
7786
8892
5515
4920
5662
8491
8636
8848
7817
6636
7177
6826
6091
4873
7282
6446
8675
7186
7840
8819
7130
4121
8187
6676
8451
6748
6902
7263
3235
7121
6832
6276
5597
8616
5742
6650
8709
8507
8961
6970
8903
7792
6423
8410
8600
3368
7748
980
8777
8629
5117
8943
4552
8524
6684
3816
7938
8899
6140
7293
7809
7888
7171
8661
8670
8810
8879
5850
8014
4321
735
6436
7192
7892
8008
8542
6927
4584
4761
6290
5410
7831
8979
6718
5387
7212
6355
5689
960
8580
7753
5046
4840
6850
8813
5125
6751
7881
7897
5611
8761
5808
7234
7481
8640
5177
4600
1513
7115
7444
7034
5264
3217
5843
8604
6498
4782
5825
1003
8864
6395
6454
6703
5655
6279
6995
5186
775
6121
5715
5729
4846
8625
8376
8136
6624
6260
6591
6273
7757
5772
6464
8157
741
737
5288
5433
8484
4194
4848
6408
7458
7826
6211
5853
7016
8866
5312
3377
3163
8699
626
3515
3467
7812
4090
3038
8057
3266
8915
6378
4688
7150
7585
5254
7136
6722
8254
4369
6547
7820
4941
6404
8121
6942
7833
8859
8654
8768
6530
6564
7946
6760
7771
4366
3698
4135
7340
6521
1408
8591
6383
5666
3250
9012
5768
5139
5675
8531
6835
8617
5038
8871
8194
7161
5942
6862
4039
4491
6957
5193
7099
7272
2704
8650
6148
3875
6721
8984
745
8239
7789
7958
6999
6476
5603
8808
1870
5909
5699
3459
2144
5752
3587
7766
8727
5134
7299
4414
6728
8718
8914
4765
4911
7008
5033
5458
6329
3281
6856
6513
5413
7579
6422
3946
6537
6064
4809
753
4550
6162
8790
4878
5398
731
7260
6669
6974
3334
3936
4241
2659
5521
4731
7142
8745
5304
5198
6550
6390
5025
3643
7096
2062
8142
3653
4740
4821
6440
5839
6816
984
6877
6502
5008
4482
6031
6230
7453
2626
8422
7762
2073
6628
5926
6400
8795
8366
4002
6143
6896
1507
5936
6254
5815
5074
3608
6244
5275
5923
5443
7055
8689
8638
5732
733
647
6690
5214
5282
6803
5625
1515
5291
3310
3660
5101
5888
5968
2912
6314
6954
3981
8273
5556
2594
5151
6077
3854
8019
969
4229
7254
6695
3646
8730
5470
3489
6458
300
7919
7979
6768
4984
5784
5269
7346
5581
5489
8910
3324
4076
6203
8720
6375
7713
6283
1580
8633
6571
3819
6706
3060
7038
4854
5568
5012
7487
6426
3804
4427
6800
6892
6961
4178
4290
3247
8131
4088
4153
4945
1212
7222
2686
2696
4709
6713
7720
6503
2870
6993
8147
1466
6223
6047
2300
6840
5473
4696
5940
659
8722
4420
5108
6207
8336
6416
266
3882
1317
7419
7090
8125
8609
4885
4437
6114
5684
8927
6318
7627
7078
8850
8387
6630
6798
6735
6442
188
976
8781
6509
4792
1523
955
6920
5498
4146
7189
8341
6331
5285
5791
3927
5114
695
8574
8882
1367
7619
5462
7815
4577
4477
7352
48
8920
832
5787
1907
864
8123
5707
8823
8954
6739
6412
3868
7107
8835
4727
1804
3173
4181
3434
3320
4923
8275
5795
6906
3668
5466
129
6562
6322
5404
5323
4686
1777
4228
2676
4914
720
4440
8462
6107
5538
5363
4432
2647
7051
954
6286
4246
2371
3284
5553
3194
6771
5672
6535
7569
2374
6985
6341
7583
3127
7334
8331
8583
45
7372
5164
7787
6051
5710
2214
6552
3188
8459
7357
7764
3810
5170
5121
6662
7743
7219
5440
8977
6898
8191
6822
3417
4139
5395
526
8576
2764
6686
953
5693
7484
2605
101
3028
7139
5477
3364
8838
4079
5241
6791
6473
7894
5641
840
7208
6525
8575
4031
6565
5296
3780
4262
5018
6981
6182
6944
7198
8169
7110
6237
2167
2769
3584
5161
3190
5182
7316
6056
6166
7020
4936
858
7411
9004
6219
5365
2513
3408
3983
6377
232
7349
431
3292
7325
8453
4355
5834
5021
5952
6000
951
4801
5569
7990
3307
8392
7195
1040
285
7007
1437
7285
1024
3963
2212
3213
6582
1862
5836
7564
3718
401
2288
1378
7701
4605
6103
4312
5102
4901
5777
6470
5618
5202
5971
1211
6887
6003
6643
6731
990
8958
5879
3737
7573
2982
6950
8465
8907
8529
2347
1111
4976
2782
6678
2059
2780
7101
4691
4306
5604
6646
5703
966
1620
1046
7135
4895
6744
5400
6460
6084
5696
4967
1021
6612
6774
6132
3860
8404
1288
4555
839
6977
8672
2688
5572
912
6269
4818
6963
3420
6584
6851
8966
6732
5847
7947
7309
5670
8985
7063
6852
6754
8610
8955
8949
7235
7791
6432
8921
5517
1617
5826
5577
7017
5434
5667
5746
6060
6342
2640
5736
6105
7153
7702
8872
5685
5686
5680
5678
5401
4658
6198
4795
2227
6037
7439
4716
8614
965
4515
3799
6958
6827
2236
5947
6757
5004
3497
5034
8828
3499
3611
5002
4994
3491
5056
3654
5001
4929
5003
5796
8785
4104
8582
4832
8423
3957
4889
8197
4677
4300
4450
3825
6157
8158
8138
5690
5700
8371
8372
5373
8130
2956
8268
4834
963
2801
6568
8853
915
986
6811
1812
5329
722
6419
5069
4251
7012
6021
4142
6536
4486
5585
4148
2660
3093
1844
2997
4171
7759
3928
3707
8833
3263
7698
4639
6932
7944
3924
7587
7445
8840
3404
3851
5146
5735
5203
7095
4980
3665
4748
2826
2268
8362
6863
7827
5534
1352
8700
8642
4051
4886
6062
9001
1624
2798
7616
4927
4000
8865
4960
6035
1365
3201
2617
4560
