item_recommendation
25737
7872
7541
8571
8327
8093
7697
8360
7914
7613
8183
8117
8447
7669
8290
7560
8225
775
8070
7437
8033
8253
980
4437
8207
7636
7478
7802
8522
5264
8056
3534
5105
4761
1513
6579
5159
7782
7407
8879
8403
8661
8743
5765
7728
8420
6365
8410
8385
1523
1744
5729
3232
8154
1003
8477
5515
5723
8235
4821
8761
7738
5909
6970
6178
5772
6195
7938
8499
7753
626
7649
8261
8777
6073
8859
7394
8596
960
8684
8003
5410
731
1767
798
1562
6355
6154
4809
6091
8899
984
5008
5597
8998
5742
733
1046
3368
1317
8961
2227
4911
2935
741
8709
2686
1507
8772
7254
2062
5177
6658
2659
6728
8136
8376
955
1816
8654
3377
2605
5662
4941
1580
8722
7282
3751
1777
1529
953
129
5980
4731
6404
3292
8848
8699
401
8187
7976
7234
3587
8819
4391
5470
4550
5134
3456
4076
5787
7186
5689
1907
3875
7878
5459
5210
6211
7619
2668
4366
7293
3869
4920
6636
6493
4171
8589
6395
1870
8451
6390
232
3281
7245
912
966
1120
7272
6260
2300
6918
5936
1437
3334
8636
7720
4740
2835
1024
526
4658
6314
7171
3235
4584
976
7881
695
858
2212
1145
5186
745
3602
4600
828
8167
4782
1515
2236
1812
8903
1739
7809
4577
2173
5768
1040
3596
4188
5198
5715
5666
6826
4984
6902
8751
5473
6148
5288
5139
3324
2897
5853
5839
954
4262
5033
8580
4923
4375
864
870
4432
8977
9012
8591
5675
285
647
3608
5117
1692
875
2772
5296
5556
3093
888
1819
3668
8008
7121
6207
8910
6077
3489
3188
2427
5038
5312
2769
6850
990
6624
7831
8239
5815
6559
3213
4814
8392
8633
2340
951
6703
7204
4241
3936
5398
7990
4162
8482
6408
7995
5202
8807
735
5114
816
8604
5808
6039
6803
8665
5498
1608
4873
6748
5254
1020
3417
4079
48
970
2374
2396
8927
8670
5443
6436
7786
1053
7260
969
8914
4765
5825
4945
7932
9010
1057
3632
5282
1639
986
5017
2241
1060
5440
5784
2761
2186
3680
2344
3428
7789
2159
2687
6509
1288
7577
2801
6768
659
7316
2709
1147
5269
266
5489
7771
6143
5641
5655
1320
5611
3127
2959
7759
3816
5752
964
7757
6498
6318
869
7263
994
8142
4177
8228
2832
7583
1209
1771
5795
6383
6977
4936
718
8864
5588
312
7299
7444
3819
5538
8620
2815
1852
4440
4632
4153
5693
4161
2799
535
1788
1352
720
2981
6294
8675
5065
1111
2647
1479
1783
4121
6121
2415
3081
1032
6751
4696
6322
189
1497
7492
8169
4885
2868
1844
824
1042
8629
8387
3863
6630
7038
2696
6568
1476
3238
2504
3152
2318
2956
5291
3420
724
1006
2310
8609
8720
7888
144
2434
8799
5122
8525
8133
8612
3639
6566
8831
3761
8712
4238
5840
3479
3615
3344
7155
5097
1472
3140
8607
6000
1721
3051
6440
8689
4901
4638
6612
4246
4603
1196
45
5193
2779
915
6676
472
2780
2481
5012
2148
1876
6974
4748
4649
7484
743
4414
2660
5433
5710
2752
3307
2467
3889
5699
8943
861
725
5558
1916
8275
6706
8840
3707
7698
7587
7445
8462
8833
3263
7944
6932
4639
3924
3928
4417
3370
746
3268
4088
7078
9018
6473
6513
7139
5275
3150
7817
7502
1652
2860
4727
5968
2786
1624
8542
2912
2513
965
3431
6760
5803
4394
8642
957
6242
2798
8388
3655
1676
2966
1569
2925
2669
2155
2288
4861
4914
1493
7107
4404
1590
4462
4024
1909
1021
1013
3251
3900
1125
2346
2407
7208
9001
7919
8920
2688
5182
7020
3256
1839
881
6985
2385
8865
2983
2582
3338
1281
6892
719
7011
3434
2802
3113
2366
2120
3207
656
916
8795
4878
9004
4947
6591
2496
1004
2621
6422
105
5940
3845
3804
8491
1047
2516
2741
3296
885
5926
753
5832
4686
2866
8524
1030
3173
5791
5069
6279
5365
6547
4304
1036
2433
7099
2745
1873
1670
5241
5404
2546
2617
840
4166
2689
5585
5777
2609
3438
7748
8147
2130
2404
2437
5248
4722
6856
7979
8667
8121
1525
1132
2398
5888
2535
4033
6684
5534
6609
2633
4837
8157
6835
2440
8882
6047
2982
3714
4967
1581
750
7036
485
6051
3034
6536
6718
961
5810
2231
963
6885
2937
3354
1657
1076
3832
726
1970
3066
2545
4801
761
4251
3028
5438
2557
5834
3349
836
872
5846
998
7487
5732
5363
7705
2521
2457
7126
2500
3427
619
833
5285
7228
527
5395
3882
2892
3768
3351
1612
8039
3908
3478
2327
2021
2548
2383
8336
1549
1711
3693
2975
1575
2442
2976
8453
2399
5707
5857
6375
2727
5471
6690
2478
3320
3408
2788
263
101
3506
3598
705
3696
4019
2100
3118
196
5466
5170
6535
7130
2583
8835
3199
7894
1016
2447
4060
5809
1025
5572
8979
2600
7034
6774
1950
6571
2506
1665
3452
5352
5462
1688
1831
1973
6550
7135
879
6446
1643
5400
6103
8511
5544
6800
2204
2219
2563
1363
2699
7101
1508
492
2704
880
3155
1026
2202
5323
8745
5329
6348
7016
6341
7265
786
1429
5684
5672
4605
6743
1393
1804
8273
1702
7415
3016
3216
793
7826
4316
531
7380
522
1779
981
4897
6132
1518
1554
4108
6739
4312
474
893
1010
1582
3996
4876
5570
6963
6037
507
6186
3176
1193
1631
6957
4960
4846
1187
8838
3010
1192
3402
1834
1225
2347
2004
6521
2961
3218
5179
4795
5315
3258
1218
1531
3284
2038
1696
5801
3125
4139
5164
3702
1135
6476
835
460
1419
5413
8781
7340
6896
6116
4310
5165
704
5569
2364
3134
3177
3005
2766
1186
1226
1388
3042
1204
1233
2403
2715
161
3068
1080
2789
1063
2393
4895
2577
1640
8044
968
2473
5449
2438
6920
6464
685
8574
996
16
405
4987
2350
1750
742
3786
2200
1438
1077
4450
2197
839
4976
1997
2922
2285
167
2596
3147
99
2215
510
918
1616
1759
2074
2439
306
8768
4228
678
