item_recommendation
25737
8571
8093
7872
8447
8327
7541
7613
8385
7697
7636
7437
8360
8117
7560
8070
7914
7669
8253
980
8522
8056
7738
8225
8033
8420
7407
7478
7753
8661
8751
8003
8670
8008
7938
7782
4391
6748
7705
960
7394
8290
6559
7186
3869
8961
5909
8477
955
7728
966
953
6920
8154
7802
7234
8183
6728
2659
6365
232
8654
5159
2062
695
3368
6636
7299
1523
3281
8859
1046
6826
8745
5264
6892
3232
8819
1024
5017
266
8665
48
7263
984
2374
7649
8879
5296
5611
6143
8403
6535
4821
7481
775
8709
1744
4584
8167
6521
8410
8684
6318
6624
8743
8761
8235
5473
5117
3324
2212
285
733
5723
969
7817
3188
6609
7293
6355
526
5489
472
6918
745
1288
2860
6579
6195
6091
954
3668
6568
6630
8998
6550
4121
6207
8589
4658
2340
4941
45
1590
8604
6658
840
5164
7121
6739
912
7748
522
8899
6498
970
8854
5008
3804
5597
189
8453
4437
6676
976
7484
3632
4550
6850
7786
4432
8596
4162
3816
957
1352
731
6440
5329
1907
129
951
8633
6927
3235
4761
5134
8984
888
4417
1003
6314
8187
4686
3845
994
8499
6650
2173
3882
6562
4414
7976
881
321
5815
3420
2780
4873
6791
6116
6669
2935
7099
6612
7195
4782
2772
2647
4079
6840
6242
626
3127
7619
7107
2288
7038
5012
5926
1281
6148
4188
7189
6751
6000
4801
1209
8614
6981
5021
5568
6254
7789
9018
1531
6970
1844
8462
5936
1513
5558
7831
3996
8136
8376
6760
3795
3875
3213
2154
7245
7487
9004
5033
7380
7311
4984
7990
3113
7316
647
4228
7415
6832
7211
1676
5210
4638
1767
4920
7932
101
1057
986
1816
3417
4262
8910
6743
858
5839
8482
6591
5729
4696
4171
8977
8207
2769
6178
2366
4923
4936
7204
1812
4901
5801
1507
263
485
4577
7888
8009
6999
7135
3604
1060
4795
2496
3428
2660
1006
3263
7944
7587
6932
3924
3928
7445
8833
8840
7698
4639
3707
4809
1437
1187
2227
4731
7792
2686
741
100
5440
8507
5080
5515
6856
8642
5588
2897
2415
6724
4404
8689
5923
1125
990
2038
2799
1771
3799
6641
4366
535
4076
7502
6762
8927
659
5378
981
8491
3176
6230
4427
3702
6322
2981
1562
6276
6977
4987
6885
7272
656
5693
7444
2617
2241
880
6390
7809
7126
7566
3997
8044
3492
6348
1476
1004
725
3714
8131
196
5888
7894
6400
7577
964
7584
6370
4292
2941
6077
4692
8948
8950
5900
8908
4811
7044
1824
7845
5832
4020
6415
8526
6294
8827
9001
8914
5965
4081
6565
5857
288
3752
6643
5809
6686
427
7720
1515
7979
3854
3307
4830
3751
6966
7759
6944
1472
7878
1624
5530
7130
6880
3351
4316
1020
4251
1013
7881
7171
965
7034
3377
5980
5226
1042
8191
5952
8574
5850
5449
6803
3693
6536
3210
2236
5410
7841
4846
5458
4086
8864
6615
6021
8530
3587
2442
205
1569
3251
5947
724
6662
6777
6154
6283
6703
3871
3207
720
5873
4605
4033
3157
474
2004
6721
7022
6957
915
8700
4885
2437
870
7089
8979
5971
5810
6243
4666
8857
2709
3608
5165
7439
4844
2668
2605
1047
6695
2622
5291
5825
492
1295
7090
6617
7355
7843
7706
7844
6185
2396
2433
8575
1019
8650
6811
93
5968
2531
1834
8609
2798
4740
2407
4349
4765
2418
2775
3805
3218
6132
2752
1367
1794
8920
8699
5198
3508
31
4394
3268
735
3093
8268
2300
2937
6367
8511
8239
1021
5470
1517
6731
5765
7624
407
3296
2689
1016
7818
15
7160
4135
7096
2688
2959
2478
6298
5585
1012
6798
1026
1870
6863
7827
2268
6582
7222
8362
4649
4886
861
3033
1810
5834
3649
8781
1030
5882
5945
3560
2318
2609
4814
5569
1525
5009
2516
4706
6123
6383
8772
6744
6940
6757
1336
7757
6816
8810
2581
2687
2346
2368
3575
963
1331
5600
8451
6942
8228
2003
2394
1135
6223
5433
2982
2331
961
6140
3081
2404
1225
5161
1696
4304
2583
2900
8777
8169
2385
7771
4592
3402
3964
7055
5703
8583
4389
3028
6628
2793
6339
8404
3199
8392
4375
4895
3978
2669
1639
1132
7840
996
3503
714
401
2436
5605
4603
1581
7250
4911
6862
2829
3292
7011
7208
1438
2801
218
2409
7743
1831
5581
3024
5812
3522
7583
5168
8865
998
2344
4407
5985
3819
3456
6039
4255
8640
6509
6684
5312
2506
8388
1017
1131
1394
7078
274
5917
7147
8620
6964
3655
1173
1429
2504
1028
916
3540
6690
5151
971
5819
4045
76
2248
7036
4029
4569
3730
1474
3101
4108
3709
6183
2367
2621
4177
8848
1032
828
5662
4270
872
893
4861
3431
5641
9010
844
6786
6807
6162
6985
7254
2521
1985
4840
3895
4585
8132
5071
4161
6279
5053
2427
6446
328
6516
3394
1516
4153
5699
527
7282
5193
3256
5570
5534
1819
4849
3457
3160
785
5787
886
5609
7820
2078
8157
4897
1193
5413
6056
753
6100
1053
2475
4290
5772
3863
5177
6893
3074
7180
2155
1317
6186
5352
4168
4462
3947
3344
2434
8831
8712
3615
8133
3639
8525
8612
7155
6566
5122
4238
5840
4632
8799
5097
3761
3479
962
885
4368
1721
3920
5734
2517
4680
2817
5619
7115
3194
1224
1777
1702
4555
1029
7456
2624
4738
5618
1970
6513
2727
6203
3158
7068
8629
8722
4101
5548
6782
5387
5346
6084
6290
5
6718
3427
4718
6974
802
7212
1504
4066
7325
6493
1876
6121
4246
6234
1582
2467
4600
7343
3759
5365
5475
7381
7569
6953
3086
3438
7095
719
4833
7366
5782
6902
4925
8797
8016
1500
8695
1161
7627
4401
8643
866
3430
6530
2925
6261
1301
6412
499
5127
3357
6395
7050
550
8387
5179
1145
5186
896
3860
5065
2398
6772
934
3125
5768
8727
1010
1419
4876
2976
8039
6260
2457
5236
5241
4546
5380
7000
726
869
1959
2447
8667
2639
380
2533
4933
2352
4888
5375
3892
