item_recommendation
25737
7872
7541
8093
8571
8327
8117
8447
7437
7914
7613
7697
7669
7560
8225
8360
8253
8183
6365
8420
7478
6579
8290
8207
8070
8033
7636
8522
8056
7649
7802
8403
7728
980
5980
7407
6355
8385
8003
3368
6242
8154
8235
7293
8477
6178
5264
6826
8661
5159
5117
7186
5597
7782
7394
7976
8998
8772
8684
2374
7738
960
2062
6636
8008
4417
3281
8167
7245
6676
8743
6195
6748
6850
7577
7299
4809
6091
5611
6743
5723
5033
8961
5210
6624
6918
4941
6559
5433
7753
8879
1003
5765
266
695
5012
3213
5825
5008
7234
285
6609
5515
8039
7938
6521
5909
6970
8589
6446
8819
4984
4427
955
7705
3869
6154
4911
8670
6568
984
8761
6718
8596
8499
7786
5134
8654
5329
4920
8410
8899
6073
8859
6132
7282
2038
3377
4121
969
3232
9018
6207
6728
7748
5548
7932
6143
6550
7121
4821
6902
48
2659
5729
3799
7160
1844
4873
6892
4584
6658
5193
4086
45
647
5017
6535
3235
7263
8633
4761
4108
953
6140
8665
4414
1046
8910
2288
5600
5742
6862
5440
6390
6832
5772
6383
8777
6707
1352
8482
6440
6404
6116
7254
4550
8157
775
7619
4706
3964
5662
4366
6395
7878
8977
4391
3816
4740
3608
3587
6493
6318
6782
5641
2212
8864
4658
4765
8709
5815
1767
5945
626
2340
8187
5410
912
858
5689
8376
8136
3875
4437
745
7107
1907
5968
526
232
5296
5926
1024
6183
6562
8751
5655
5080
4076
7487
1870
1744
6920
8629
880
954
6260
4840
4846
7583
4782
6591
6703
8604
6211
5413
2154
5568
7757
7789
8580
8699
4188
5936
6630
3324
7272
5699
3188
5312
976
5952
7316
6530
5489
7881
6612
7888
733
4901
8261
5186
8239
1513
7817
741
8722
3854
2780
7211
4389
7481
5139
7771
5633
6650
3819
966
8695
3028
4162
5038
8745
6927
2769
3882
1288
5787
129
5839
8491
5971
6760
5198
8451
5164
8848
6981
535
6509
6261
5177
4228
6684
472
8903
4686
3632
1515
6686
1336
2300
5588
263
6798
6000
1367
7809
5715
8574
7444
6400
7147
6314
8121
4638
6885
5021
6077
7204
4420
7135
321
8636
731
7115
6835
8914
8142
6724
1523
5707
4432
6021
7492
3127
8607
8462
5703
3668
951
5288
4394
5853
2647
6739
2935
5768
8507
8984
6294
5530
7099
101
7228
4262
6331
6751
1816
5675
8591
9012
3845
3804
1812
2860
7038
6513
6408
6829
3113
8943
7171
7189
6121
4731
840
1531
5226
6426
8781
6502
2433
8268
5203
970
1317
8768
6516
5378
4251
7720
3379
6803
15
5581
5398
4166
965
5254
8609
7831
8827
3936
3334
7260
4241
5666
1187
6957
7311
3434
4936
6234
7415
6840
8387
1437
3199
4124
4577
5009
4885
6744
31
4375
3489
2407
7130
100
1057
4600
986
7995
8675
5808
7096
3417
8131
6436
5214
6873
7979
3871
4194
3292
7195
4605
5443
7016
6203
3420
6223
8927
6662
4963
5470
5693
6322
5850
3093
8865
5625
4923
196
2605
4987
4945
7840
8228
2609
7456
3157
915
1209
5795
4246
6375
6047
189
659
7484
1012
964
8979
4079
5888
5556
5784
5269
5569
4177
8620
5473
4814
6547
844
5923
5291
6051
5940
9010
4088
8638
4795
3978
5179
724
3996
7011
1006
4153
6498
8642
7380
8273
2344
2660
6930
7587
6932
3263
8840
8833
7944
3924
3707
3928
7698
4639
7445
5161
5558
6279
7990
2173
4066
725
962
5101
888
2696
6977
8009
5752
7250
7386
8511
3795
2745
990
8388
6536
6254
8614
1053
7055
3908
6887
4666
7762
3176
5275
7897
7208
3307
9001
872
2688
2676
2478
4632
6103
8920
7078
3387
1702
8453
1580
4404
8813
7818
6721
4161
861
2496
5834
6757
8720
1507
5449
4603
4171
3889
3646
3604
4830
485
1581
7458
3584
4024
4801
4255
9004
7759
6791
2409
5618
2475
7126
3860
2427
2415
7354
3805
8169
2775
6243
4139
2801
2772
1590
6777
2227
1834
3370
7627
3210
8854
6942
1438
7340
6995
6768
3296
401
5438
4848
7045
7034
2950
3163
4220
1021
5864
1004
4349
522
2686
4448
2531
6669
5202
8831
5840
2434
3761
8612
8712
8799
5122
8525
5097
6566
7155
1047
2912
1147
5801
6774
4895
2346
881
1569
1562
288
1624
5151
1125
6473
2331
2418
2709
6273
3714
6422
1696
6276
5046
957
8807
6690
998
5146
1676
4135
7180
7743
3751
7177
4769
3125
7348
8689
8625
5604
1472
5745
8044
5365
5791
3863
5882
8640
5832
5810
6148
5065
6940
8392
2557
6695
6974
207
2442
6999
8576
2548
678
892
5819
3639
3479
8133
4238
3344
3615
3624
6348
8524
5599
6807
6786
6950
5585
2009
4861
5985
8583
5282
4727
3997
6460
8404
7089
8147
1973
6122
4552
6470
7411
4296
7892
1476
1380
3492
5891
785
8275
753
5710
1019
3913
4878
8790
6762
4696
4844
2318
4691
4270
7453
2981
8892
5182
2824
6879
2799
4407
5562
5955
6464
6035
1013
7792
7196
5088
5779
5830
7371
6298
4440
3655
3216
3238
4893
1824
7584
1819
2347
6162
1042
6896
5553
8838
4592
3445
4081
3431
5900
2941
4292
8950
8526
8948
7044
6415
4020
4692
7845
6370
6641
4811
8908
4045
7566
5387
3698
656
7894
7349
498
1777
8191
6525
2183
8542
3752
7502
3256
5672
3351
7569
6880
7764
5809
7008
5114
3503
5304
8422
2956
3504
8484
3572
1636
6182
1010
3428
4310
6219
1752
1771
2617
7192
3702
1303
205
2404
4718
8530
8336
4235
1060
7020
2937
4263
4506
2730
1145
3868
2840
188
3515
6476
2453
93
5170
6706
2982
3251
6062
2897
6822
1281
5055
8810
7004
5734
6482
7585
4914
3173
5285
7346
5684
4477
5732
7136
5735
4980
8795
5538
1980
6827
5857
4369
6966
1295
3268
7934
492
3359
3975
7101
6433
1330
4842
8871
1192
5718
3284
5243
5570
961
3467
2631
3947
4090
7812
7150
8057
3266
8915
3038
4688
6378
4887
