item_recommendation
7914
25737
7872
7541
8327
8571
7613
8183
8360
8447
7669
5264
7697
8154
8879
8093
8225
8056
8290
8070
8410
6579
7407
8033
8661
8117
8684
8235
7293
5008
7728
8522
4821
8777
8699
8403
4809
8761
7619
8927
5787
8977
7583
8910
8228
8239
8003
8864
7782
7560
7938
7720
6509
8620
8609
4437
4632
2344
5772
8392
7757
3863
4375
8388
4161
9010
8169
2935
8831
8612
5097
8525
4238
3639
3344
2434
5840
3761
5122
3615
8712
3479
8133
8799
4177
3608
8722
7155
6566
8633
8865
984
8667
7649
4603
7437
6207
7316
816
4837
4024
5440
8387
7802
775
8859
3751
8451
3431
8253
7753
3438
1612
3093
2457
3478
3655
4076
3258
8207
4188
8961
7636
6885
4984
5065
761
4861
7011
8903
2788
6536
3632
5210
8420
1515
7878
5723
980
4920
2318
2605
1193
2802
3427
2942
4658
2021
7110
965
4740
7771
5202
5159
8654
2402
8589
915
2404
7036
2433
960
835
1876
8385
7204
7478
8772
8596
3292
8580
3368
7438
531
5515
6436
1380
6073
8422
7234
2370
6154
1575
3832
5570
2905
1812
8167
4584
8574
8477
8998
8491
6178
8665
3428
5765
8499
875
3668
3324
1437
7976
6426
2155
6091
5588
3207
7627
3268
7171
8743
8914
7394
4969
5980
7254
2400
5968
6970
5470
8899
3908
1652
5742
3010
1010
6195
2659
2888
6630
8131
2401
1004
4462
4911
4102
6624
5597
2664
6365
6918
745
5729
575
3602
3232
2709
7245
1580
5410
986
2236
4306
1513
2801
1087
1581
5715
4191
4782
5662
2925
4550
1029
1980
1003
4885
9018
7831
8261
4162
1744
7738
6493
2712
6902
1030
1903
2173
872
2367
4189
969
3671
1016
6355
5288
8376
7101
8636
8157
8136
5853
5186
7990
6260
3188
3875
3489
5177
870
6550
5675
6748
733
2396
1042
8591
9012
5768
5473
731
626
7932
2647
526
2496
8191
3387
1771
4731
7484
1037
5433
5689
2687
1767
2630
6751
3298
7186
840
951
8720
3213
955
2548
401
4873
6211
4427
5038
7888
2710
8848
4560
7786
2075
4722
4181
1670
2366
2368
8819
1643
6290
15
8607
8709
6231
4060
1562
1317
5254
869
741
7096
4394
880
2772
7228
5666
7809
2159
6728
1507
7762
8039
6760
828
5909
824
695
1523
4876
1602
8670
8943
6559
5312
1819
2624
2686
7899
5198
3370
1024
8751
4941
3334
2380
4366
5611
6404
912
7705
5936
5839
3377
3816
8629
6835
5628
5398
2232
1970
3786
953
3710
2506
1290
1046
6684
832
885
3235
6186
4241
1135
8008
8695
5139
6718
3936
7260
4619
6155
2167
4600
1870
3587
8187
2610
6826
1120
990
2902
2300
3173
7282
266
5815
2824
2570
3793
6162
966
1145
8604
5282
5808
7577
6676
5655
6395
6056
3953
6408
4153
1777
6999
5443
6513
129
976
1671
5475
6314
6862
8807
2227
6121
6803
858
8524
6547
232
1020
8882
7272
6383
2609
8576
4577
6898
5965
2769
1288
7492
2668
8854
6422
3819
6294
1621
4414
4440
3296
4765
2900
2620
2427
998
7263
5275
2287
6521
2696
7099
8142
6498
659
7299
6636
6794
4923
2752
1739
7055
5134
5699
3882
7995
724
8768
964
6571
5323
7789
864
1907
3417
7177
2817
2884
2956
5556
6132
5117
8675
5365
2442
647
2982
8147
5825
4022
4194
2241
2337
5413
4079
6609
6077
4976
3284
2478
4878
6390
4727
7078
6464
5752
5693
7502
2912
2437
5641
5581
6800
2513
4840
7820
4121
3307
439
6658
1057
3127
7881
6530
1816
6446
2385
6721
4171
5012
4936
8482
6148
5193
8542
5732
3281
2839
888
4756
5795
6706
8643
8462
4432
6375
2347
5834
7038
4251
4795
2447
7216
4761
4246
2062
5291
3643
6920
5604
5521
5672
1303
5296
6985
5363
6254
5784
144
5269
1125
5710
834
5684
7419
5625
3238
6768
1676
6341
5285
6331
4312
6896
5489
6047
4088
1006
7840
6774
5836
2398
881
1365
6263
735
48
8642
6470
6932
4420
9001
6850
5400
7346
5466
4801
4639
7445
7748
7822
7698
8840
7587
3263
3707
3928
3924
7944
8833
2660
8123
5940
2937
498
798
8640
4846
1788
6612
4392
1472
4290
2582
2983
4404
8511
8366
3611
7897
7320
6887
1192
7198
7208
4051
7325
5850
1276
7894
1021
4945
3456
5696
2058
5735
4450
7121
9004
8275
4477
2688
313
6035
6514
2310
8838
930
3889
5926
8979
7357
5170
7456
7919
5055
1624
3354
6533
7979
93
5685
1111
189
6116
8920
6584
5670
4649
5034
2832
5458
8921
2186
3758
7160
3497
3654
4929
7309
5056
4104
8949
4300
485
7235
5003
1794
3194
5401
8828
8625
6963
2754
5826
5746
5847
8672
8371
2212
6432
6060
947
2780
5686
3499
4994
6754
7947
6732
3957
6105
7063
5577
8197
8507
5796
5667
5001
8610
5680
5678
1617
4016
5002
5700
5517
2184
6645
7702
865
5373
5004
3851
8785
5690
140
2761
3825
2407
5572
7791
7153
8966
6851
6852
4889
5736
4832
7017
535
8827
8872
8985
4095
8835
5462
4677
2640
8955
8638
2546
3491
5243
8158
6342
8582
6516
3804
2727
8130
5791
4834
1848
1888
8423
4148
5182
1060
8372
8138
1721
4999
4108
8984
7012
2897
4428
2340
1750
4980
2981
2374
45
3241
8616
4263
4105
3051
4638
2617
6744
5033
1476
4262
5085
1783
6318
3096
8336
6731
4967
6679
8689
8745
5114
3081
6591
2966
8781
8453
2798
8892
6832
718
7130
3251
753
656
3500
4830
6000
2120
3113
4895
6827
543
3702
7792
4316
4552
6703
1831
6296
7236
4737
1566
196
7817
6140
1805
7444
1608
1508
7759
3996
8121
7048
2183
3656
3402
1053
5053
1281
2799
2288
3157
3495
1187
3028
3408
8808
3584
5585
6279
5304
725
4680
3795
4284
7892
4273
4255
6695
3163
1019
8725
5203
2976
8795
8042
101
720
3604
2436
6114
1569
3714
2892
5538
4490
4686
5569
5888
4139
7340
7126
1665
5810
970
2473
5891
