item_recommendation
25737
8093
8327
8447
7872
8571
8117
7697
7541
7914
7613
8056
8253
8225
8360
8070
8290
8033
8167
8385
8684
8420
7802
7437
7649
8235
7669
7560
8003
8477
8207
7636
8522
8183
9018
7976
7728
7394
8154
8661
8403
7407
8819
8039
7932
8998
7738
7186
8961
6365
8772
5159
8670
7478
7705
8751
8665
8589
6178
5264
7878
7228
8499
7753
8511
6918
8410
3232
8482
8761
8654
7938
8008
8879
8507
8864
7160
4920
8491
7782
7204
7099
6826
7786
6748
6579
5296
8187
7293
960
7995
7888
7096
3368
6624
6609
5909
7456
4121
8813
7817
6591
8451
8910
6703
8709
8633
8699
8903
6728
7577
980
7897
5850
4552
8695
5980
8827
8979
8596
5926
3816
7234
7990
8743
6254
4414
4821
6999
8607
7282
5008
7748
6791
8984
7299
3235
8745
7354
7771
6832
8807
7130
7789
5839
8892
7757
8675
6684
6751
7892
5597
7502
8625
8131
7492
8810
4782
8899
7619
8484
8927
6521
8636
5723
6650
7840
7090
5936
7016
8777
8239
4846
6355
8859
5117
6559
4437
8014
7263
4194
7272
7245
5968
6568
6695
3163
7192
3467
3266
5046
4848
8057
4688
4090
7812
6378
3515
8915
3038
7150
4427
6550
7316
7136
8261
8866
8254
6662
6091
7135
8871
7458
3250
8600
7161
6446
3698
1408
7380
4809
8524
6977
3996
8914
7585
5603
8616
6718
4002
4039
5693
8943
4369
7415
5521
5033
4491
984
6739
7481
6760
8531
8583
8977
6798
7107
2659
5304
8808
6536
8617
6000
8422
8781
7566
6195
6203
969
5971
8609
8638
5942
8580
5815
3632
6565
4761
7121
6862
4873
8604
5765
7303
6314
8576
7818
8376
8136
2144
7487
6426
6154
7820
7826
8727
5801
4577
6676
6762
5433
6927
7208
6850
6162
6535
3660
6630
8366
7142
3871
8574
5164
6530
7627
8453
8268
6077
6503
2704
2073
266
6880
6902
7822
7759
695
4417
5832
6390
6260
7051
2935
7583
8854
6966
840
6502
6970
5888
7720
3997
4020
7044
3492
4292
2941
8948
7584
8950
4811
8908
6641
6348
8526
5900
6370
6415
5558
1824
4692
7845
8044
7831
8392
3981
3752
5857
2371
5226
8575
7311
3927
5025
5440
8228
8768
6436
2374
6636
4840
4885
3875
1003
6721
300
8009
4432
6031
5515
6207
6840
7762
4941
5662
6383
6116
7484
5873
6658
6021
8169
8620
1804
8387
3646
2344
4731
753
8142
5291
7792
6811
8194
6920
6816
8542
6993
1024
8689
8857
4076
6516
5611
3587
3379
1336
3188
1513
6498
3176
6294
1862
5378
8640
6885
8629
8865
3560
7624
8530
4914
3310
4188
7809
745
7881
4984
4181
8157
3608
6562
188
1212
4550
724
5729
3247
6892
3324
1466
7110
7078
5329
6493
3604
5186
8614
8404
6276
5825
5210
5742
4079
4420
5012
6856
8191
9010
7038
775
6835
2605
1378
4306
2212
8388
5787
285
129
7315
6961
6803
321
659
6981
6957
4229
2167
5809
8591
8273
4792
5121
4161
5569
7325
6954
3882
4740
3028
4355
4482
6612
2631
7766
7219
965
7340
6464
2782
7936
3127
2594
6318
7171
3364
8331
6242
4171
7250
2647
3668
6509
6283
4177
5768
7008
2824
1437
6953
4153
2434
8712
3615
8612
4238
3344
8525
6566
8133
3639
8831
3761
3479
5097
5840
8799
7155
4632
5122
4756
431
2318
5410
4375
3863
7713
7055
5146
8790
4854
3417
4135
4051
2062
9012
5715
5675
5017
6896
4560
6143
6513
3843
3869
6298
5772
2059
5588
4923
1352
8462
5836
4765
1515
4148
3173
4178
7189
4603
9004
3281
7177
733
5853
5923
6731
8341
3197
8121
4024
8642
731
4404
5139
6440
8840
6932
4639
3263
3924
7698
3928
8833
3707
7445
7587
7944
6898
6442
6140
5323
5275
3693
2660
955
5473
3512
5288
4658
7115
3845
7111
3727
5965
4861
6056
741
6531
1767
6073
5618
2764
6157
3751
4878
5475
4394
1211
189
7095
7254
6877
4515
5689
7453
3213
7126
9001
7926
4251
4837
6107
1580
7211
3093
8667
45
3194
3251
3190
3431
6223
8850
2457
6084
4142
232
8132
3307
15
1844
4691
3207
7349
5710
8722
6114
6423
737
2300
6822
6942
4392
3799
5795
4795
8954
8823
6547
4945
4366
4391
3010
7011
953
7212
48
6773
951
1870
8920
6995
3438
8147
6454
6198
2609
626
1639
4936
3201
1370
5151
7089
1187
6331
6279
1973
1812
915
5952
4146
6400
5581
6771
6744
1380
3292
6243
7343
3320
5879
8529
3737
8958
8907
7573
8465
263
5810
5605
2433
986
6416
3655
6290
7505
6103
6182
3714
6375
4801
5585
3953
1193
5449
6765
5102
7979
816
7841
6230
3478
1612
7003
3113
4895
976
8861
8535
6646
5387
3428
2506
966
3216
8016
3508
7020
5282
2860
2340
6724
5489
5125
1365
1907
3710
561
1288
7438
6027
2617
6777
6774
6887
2418
5752
3819
5080
7569
3427
964
3210
5141
6812
5564
5945
2531
3983
2214
4696
4605
3157
4844
6982
1864
3653
3795
4115
761
647
4727
1590
3258
6121
4108
6768
5365
5834
4321
4025
2888
5672
7894
7180
4228
7036
2038
2997
5872
6940
8720
6906
4976
2769
5254
76
2788
1771
4876
7958
6166
1087
1010
7444
5699
7701
1980
7357
4031
526
2622
5193
2905
3456
5641
2982
1046
1438
3221
4584
8968
1529
7764
6132
6829
8730
6404
8848
6985
4235
881
492
2688
2404
7034
5655
888
8459
4638
6686
2516
2799
8537
2394
1047
2826
6148
1507
7419
7743
5021
5203
6743
7069
3503
3160
4033
8656
2780
5568
5038
3420
4191
6963
6964
1794
7190
4723
899
2853
8544
5065
5985
4498
1317
3377
5874
3489
5312
2288
7346
2437
1523
5812
3936
5398
4241
7260
2347
2730
2551
6782
4911
2021
3665
1744
6669
4610
6706
2558
6237
2415
3074
3034
4987
2897
2366
6867
2496
5198
6722
6678
725
101
3351
2802
1012
2520
5843
5443
1810
3886
6615
7195
8882
835
3109
5069
6974
2173
3387
1575
735
7101
6944
5177
