item_recommendation
25737
7872
8571
8327
8093
7541
8117
7697
8360
7914
7613
8253
8183
8225
7802
8033
8290
8447
8207
7669
7560
8070
7437
2686
8420
8477
7478
8522
3232
775
1744
6073
1739
5765
8743
2761
8056
8684
5159
980
5515
1777
2605
1562
1317
1721
1816
7636
7782
6178
7649
2793
8403
6195
7976
2786
6154
8235
1145
5410
718
2668
1907
401
8261
5980
8003
8772
8709
7407
8596
8499
6365
1544
798
6970
7728
2159
1513
1696
3081
8761
8385
741
1580
7245
8899
6579
3235
8848
6211
5264
3368
731
2935
7932
3150
5772
8167
3377
984
213
7282
3587
2227
8661
6493
1523
2966
1852
1479
3051
2427
7738
1783
1812
8154
5729
976
1003
1472
9018
2848
1870
8777
4246
8187
6355
4600
4366
2981
8998
2633
7228
4911
2504
7995
1111
8859
5134
2832
8410
3292
5689
7938
828
1959
7272
2300
2659
1363
8819
4809
129
5177
2212
1767
7492
626
6395
5597
2866
5742
1608
7234
888
1507
5312
8376
5825
5470
6077
5723
1196
647
2422
8807
7809
5909
7881
5556
1759
4121
1997
1063
5198
733
2922
3134
3147
1873
4262
1233
918
2766
1226
2789
167
1186
3177
3068
161
3005
1204
3042
2195
4088
5715
2325
306
8136
2596
5008
2069
1453
2937
2350
1730
4821
2403
2215
510
704
1616
2393
2285
99
1080
2715
2074
2364
1388
2835
879
2399
4941
2600
3060
507
8675
1218
5254
162
1804
4584
2219
2494
3334
8879
2507
685
2043
3211
8722
5269
5784
2062
3324
4731
8636
2858
6091
1951
858
2975
1184
2946
2207
991
6918
1046
8892
5038
2912
7577
2478
6826
8451
1569
816
907
1841
2284
6547
8542
1225
47
278
2843
2753
5033
5666
955
8589
95
8039
2327
1437
3006
6408
5398
1970
8511
2155
2439
2634
1085
986
1476
872
5498
1320
1831
6260
5288
8482
2082
8607
990
6728
8903
8943
2986
5139
1040
1652
7502
7394
2039
1788
2236
3875
4166
4873
3036
2204
4241
1834
1288
4290
2704
2429
2583
6902
1972
3071
1053
3016
3936
547
1929
2521
885
243
8795
4550
4920
1515
5662
1688
7293
348
3563
869
4658
1033
1006
5186
7878
3281
3489
1689
8604
7888
7260
6404
3128
6314
8629
1095
1077
3604
5433
1130
4577
1667
2146
2091
5791
2178
8665
785
7753
6636
4709
2128
2674
3816
2288
2990
3086
964
1073
4830
5787
2982
4437
4171
960
3210
8633
3608
2976
8699
5808
4748
2755
5193
1076
131
8121
6559
1020
5117
2582
2983
2465
1556
2567
1909
3868
7786
5853
3188
285
6140
535
2366
3194
745
5114
1286
5443
5839
8591
5655
9012
8689
6148
1794
3819
1197
2385
2570
3066
1428
5675
4076
8914
659
135
4945
1059
8654
2340
3238
8157
2342
5352
4273
526
2772
1750
2546
724
2815
6658
5936
2078
7789
7340
3996
4782
3643
8580
5413
8920
3284
2741
742
5641
8961
3028
4284
5296
4638
4987
4386
8273
366
7038
8670
628
1187
2581
1216
6051
2182
1120
2120
4795
105
7186
1531
4316
3417
7254
2617
2628
6850
951
4649
2046
4414
4696
861
2296
7171
8827
2173
1771
938
6318
8524
945
3140
5768
71
998
1860
3434
2775
2798
725
266
2442
4399
2630
5404
2769
3354
327
1819
1449
3044
1104
8910
7444
2779
970
695
793
7831
6630
2676
2688
6383
1784
2829
4079
2090
1653
8336
8239
550
6390
6446
474
1769
7919
2864
5291
656
969
3357
7979
460
375
3024
6591
205
250
4632
2572
5182
183
2719
196
2629
4895
4139
2618
3175
6279
372
3843
439
84
1796
1702
3408
7139
2200
1240
3349
5538
4923
707
6121
4761
2396
1639
2560
2961
1013
7204
905
8650
3008
2687
5888
2186
2752
6793
3668
5489
2383
5699
4153
2498
4084
6690
1535
1925
589
840
2745
870
1981
2902
201
746
4818
1545
5146
3702
8484
8977
1209
1150
4404
3064
7619
1554
7415
8853
953
3213
4716
330
1624
4432
5777
8695
4703
1844
8142
2820
965
2201
1598
1859
6718
6000
735
1081
291
2014
2979
1379
2915
2335
2577
690
5348
3093
7934
1657
5588
2169
6525
8616
5315
3882
6985
571
7757
899
6957
121
2655
1422
3127
8600
2374
7892
5926
7826
743
6609
1078
1336
7177
8387
2939
848
7958
1549
3176
8014
5834
3780
1004
2421
5989
8927
48
2552
5707
7101
2799
4194
6513
1066
6760
2154
1147
1826
6751
3370
1021
6835
3120
2535
7487
5101
5693
101
2407
8147
2318
4552
2689
4051
2398
1125
1779
499
7121
1012
1952
875
2681
2373
1676
5611
2448
4146
6706
5275
3000
2780
2816
994
7840
2032
7115
3041
5815
1333
678
1057
8392
8642
8462
2897
6800
3751
6473
688
2669
881
2801
2513
1404
2696
8268
3763
7897
753
339
4511
337
915
5226
1024
8491
7815
5752
4321
1711
189
2021
5710
1715
750
7944
7698
3263
4639
7445
3707
3928
8840
7587
8833
6932
3924
7748
3307
4312
880
5108
1042
6422
5553
1228
6612
6037
8979
29
1525
6484
3010
144
8768
4960
5968
6322
4342
835
2660
5365
4740
5202
5438
6031
9001
748
1699
2826
232
6400
966
4101
2534
3007
4727
4861
1192
2424
8228
7720
8019
558
410
911
1354
3653
1303
720
4162
4440
824
2726
4420
2956
8751
1552
7583
2516
6294
3768
1047
6684
1713
949
838
7894
7899
2977
3889
6744
4801
7099
6143
2197
7250
45
113
950
2883
3412
7990
2193
5179
5069
1880
516
2243
3546
3141
1582
3404
140
4619
6155
3723
2347
1135
864
6273
5850
2210
4475
1518
3133
1394
1099
1419
4932
6440
2511
1858
2649
6803
349
1833
8363
6323
2697
5231
8957
4975
5450
5366
7117
7083
5505
8544
5283
4018
6101
5428
2664
2708
2496
6509
3398
3552
2324
2451
2432
936
3420
3515
1726
5059
485
6624
5843
4765
9004
4936
9010
1950
3428
2514
8718
2904
