item_recommendation
25737
407
7697
647
8327
7437
1120
1711
8571
7613
1562
3232
8447
1535
1523
7872
793
8117
1552
8253
1111
2243
8360
129
7541
3133
7914
1744
7669
5597
401
8033
2779
8093
1145
2745
5410
2227
1404
140
5980
387
8225
1707
1076
3150
2605
520
980
121
1073
4262
2935
1816
7976
285
5489
4696
828
3235
1320
7802
3152
2200
718
2681
2445
8420
1453
7636
427
6365
714
2219
332
100
8477
798
2128
1631
3086
1767
5033
2236
1844
1196
321
2504
2159
222
483
4920
519
2565
7738
5159
1907
1788
678
4246
1099
405
659
5264
808
472
8056
4166
1931
523
438
1437
2231
2832
8235
4550
8070
1880
8684
6493
4458
1549
2031
891
3019
1046
2282
1171
314
861
1957
272
1592
1256
1472
1325
2462
1304
2919
471
216
2921
852
117
3053
3063
2206
502
3070
1347
3148
3166
1542
1356
1366
1461
3069
2920
2918
1237
2244
1180
290
2016
2012
2916
1984
928
1415
1861
2671
2889
1238
2810
514
5888
447
458
2297
194
2967
840
2734
1392
4634
1215
3213
3354
178
2002
2304
1168
7407
2917
854
3021
5319
2275
1779
804
6579
7560
1255
184
1373
526
4577
1513
68
1644
1165
1971
3751
1482
3238
2877
383
2212
289
9018
574
193
5222
2659
8743
1135
775
1819
4543
10
592
420
1652
1840
4830
3018
3146
3368
741
342
615
331
1794
2203
1934
778
5864
709
1667
1274
135
2686
695
186
48
597
1866
1264
7782
1969
7649
3804
8183
4600
8661
3129
5198
6918
805
673
5588
888
1777
1940
558
8859
7228
2180
454
1590
2327
8385
4673
1131
1236
7938
300
541
1783
287
5177
2011
7728
8403
818
4658
2835
3168
8154
3816
1657
1003
8879
4638
2139
1639
4731
1272
5515
7619
1580
7234
153
2379
1425
4290
1891
6091
8522
2761
1277
5909
266
2013
480
2252
4079
45
4366
8039
8899
114
1212
5723
5161
3188
1352
8290
2427
262
614
2647
1024
232
2959
955
1480
4121
561
1281
4782
7282
1894
1441
151
2237
6559
1970
7753
1812
4060
3011
57
1419
81
5765
5137
6290
6000
4414
1837
144
1771
5498
2786
8003
6056
3975
2103
7478
1353
824
3247
6440
183
4911
1525
8167
3040
1431
3281
858
5288
2204
1696
2386
1359
1295
656
685
1217
177
215
1422
599
6077
7415
4515
8695
6166
3324
5069
1361
2819
466
3081
2966
4941
1288
2661
568
3854
474
303
1040
3809
2624
1963
2067
2596
885
1240
1206
6826
5
617
3632
4251
4194
4821
496
4649
881
6195
341
2300
3604
966
2531
990
2609
2860
2329
2340
2927
996
816
697
529
960
2499
571
4614
1615
2741
1066
7720
4584
1665
1060
3522
8751
875
6458
1029
1588
1411
1049
2620
224
1586
1954
951
981
4462
845
1938
4169
3099
745
7130
2766
316
3668
7293
1731
463
1721
4349
5483
5329
2288
1746
2496
294
1286
1292
7394
87
5662
969
488
7186
522
1921
1475
8709
1059
6850
535
2149
1332
163
304
7932
2374
7995
6509
4809
3869
8654
6303
1608
4171
137
849
945
6327
2062
879
764
1603
4612
6279
8827
9
1739
1161
4316
1433
435
671
2478
4923
5246
4051
11
2946
1507
556
7826
7487
1852
6957
357
5899
2048
1363
6547
707
6658
6159
1317
324
62
1892
491
3066
6412
7192
3163
708
986
2397
2704
4954
3626
1260
1201
5615
1715
309
3574
3091
3819
5473
5021
1057
953
870
2161
58
5427
872
6521
7245
1951
7042
1267
3015
1791
6728
3113
3106
809
1702
5538
4740
6806
1620
252
440
3180
1878
3210
679
4728
1125
6322
3575
279
4031
3996
2594
4640
4662
5342
4676
4727
5302
5463
5637
4636
4977
4333
2856
1287
2752
4627
3637
3428
7577
4984
1479
432
7272
1916
4437
1569
8589
1531
4873
6218
5341
869
369
34
5364
5265
5236
4902
2689
66
2094
8772
1487
2497
9004
5114
7840
1053
5117
421
5008
2613
1004
984
4988
735
1269
164
1941
2468
213
422
2494
7713
4519
6148
3845
3643
3208
1605
2567
156
3051
42
2668
3185
2399
5395
4936
4524
7705
2505
2284
2630
4686
1826
392
1920
2195
2893
6906
2769
1331
3843
2107
1
6318
3578
5039
3902
3903
5258
7002
7411
6449
6344
1848
1873
2793
2176
162
1225
4801
4033
2815
3459
4703
5012
4417
8977
1759
4404
125
201
1449
1410
3211
1959
661
1350
1556
6143
2362
2722
3207
3456
1914
2372
4391
338
2976
5850
4659
1126
449
229
1184
8819
813
538
2146
3130
1902
3016
2490
6498
5372
470
1922
147
1401
7897
6985
6178
3214
2794
577
4541
2283
1246
7299
2138
5433
6550
4564
7263
5440
2318
1515
3127
5464
4771
2241
4483
1924
148
202
4748
1642
2089
4521
21
18
360
280
1476
1055
1979
994
4280
2981
507
665
2493
839
12
7160
328
1310
326
1394
1912
2080
2780
353
1006
6822
8699
1218
3715
1990
4399
4572
4378
2272
5734
1463
970
6615
2263
3712
4296
733
3983
348
690
4890
31
4101
423
2020
105
3702
2747
2949
1948
2784
1550
550
3285
1821
452
7786
3871
9010
377
4645
4255
374
8761
3060
6513
3024
1464
417
6612
364
2606
3729
2214
4795
2117
2248
3908
173
3402
5172
4284
481
1730
2982
6373
4383
7034
3420
4162
2058
7334
2221
6
8511
964
4197
2572
880
3360
3977
4223
2839
2738
3938
2091
2325
1717
1575
278
2557
6974
5553
6276
3608
8961
6624
1900
5076
6207
190
2951
3182
3520
5540
5539
5556
4664
5092
5043
5315
4516
5087
5501
4214
4282
4655
4674
4654
830
532
5638
4823
5047
1151
8665
299
6140
263
288
1026
174
27
1388
1616
1204
2403
2789
918
99
3177
167
2866
1226
2633
2393
2074
3134
3005
1063
3068
