item_recommendation
25737
7872
8571
7541
8327
8093
8447
7914
7613
8360
7669
8183
7697
8117
980
8225
8070
7560
7437
8522
7636
8290
8253
8033
775
7782
8056
8661
8420
8154
8385
7407
5264
7478
984
7802
8879
1744
8207
7938
6579
7728
1523
955
960
5159
8003
953
4821
8403
3232
7753
7738
4584
8743
3368
695
5008
8477
8235
5909
8761
8859
2659
1046
5723
1003
4809
5515
8410
8961
2062
232
2212
6195
7649
966
1513
8684
6365
5611
3869
7234
2227
3324
4437
1907
733
6559
8596
526
5772
5765
969
266
3281
6970
6355
8899
745
2686
976
1816
626
1024
8777
3235
7394
7186
6178
5473
8654
4911
2935
4873
731
1812
4941
1515
4658
858
8977
8709
8699
1562
7293
2340
1288
5729
8998
2374
48
840
970
285
4391
8008
6728
741
6826
6091
7720
8499
951
1767
6636
2173
5210
129
8167
3292
8751
3093
8665
5017
5787
912
7619
4188
7245
5410
2605
6073
2241
4550
8136
8376
4366
2780
472
3608
8910
3751
8722
8670
964
6207
2860
1777
6154
8589
3875
8819
5597
45
1352
954
6630
4076
7316
3188
1053
828
4731
1507
8633
4162
3420
2236
5312
888
8604
7705
7878
6624
5117
5980
4765
3632
1004
1281
870
4414
2772
647
2288
8927
1771
2344
1006
881
915
5440
3587
3668
4740
994
1013
3816
6892
3127
6509
2647
6550
8772
8187
4638
535
8864
4830
3377
5470
522
2769
4632
4375
1870
6918
3604
15
1531
4246
485
2496
6143
8261
6404
7272
189
3804
6318
735
1437
957
1042
3210
4600
6521
8848
7583
101
4079
6885
1020
4686
5742
7976
6658
2300
8228
7831
1676
1590
4984
981
1057
5662
3428
5134
4782
1209
965
1125
4603
8239
5296
724
1624
5936
4161
4577
9010
8392
7789
1030
872
986
7757
4795
3113
7786
4262
8451
4316
4121
1844
8169
4920
6211
6609
4761
7263
5186
8745
880
4177
2396
2937
196
8609
8620
3417
1472
6612
3863
4801
8612
5122
3344
7155
5840
4238
2434
8799
5097
8525
3761
3615
6566
3639
7299
3655
3479
8712
8831
8133
6902
4432
4861
4987
4936
7881
1876
2897
4649
8865
2687
5968
8388
2981
6395
1187
6148
321
7809
2801
3702
5715
2688
5815
5839
1608
4605
6077
5689
8387
1476
7932
4696
5558
5012
3431
2506
1580
5198
2318
2437
401
6440
1026
7204
4923
5177
7254
725
7748
5164
7484
4404
5825
2433
4228
2798
3596
2504
963
6260
1021
7888
1516
3438
659
1834
1012
2660
4171
2669
8903
5398
798
2829
8462
4901
8667
5139
6760
5254
3081
6932
3707
7445
7698
8833
3263
8840
7587
7944
4639
3924
3928
6390
6536
7577
6039
6920
3296
6314
1794
2407
4837
8642
1652
2709
1060
2802
9018
2366
886
2155
990
1739
7817
5288
6568
3996
2752
7107
5193
2154
6493
4417
2617
5489
5065
2427
996
1132
5038
2982
263
5853
1581
8636
7979
8453
3845
144
2793
6743
6242
2415
6748
7038
720
3086
6739
2404
4427
5588
2186
3268
5834
2668
8580
5699
3489
1497
4394
3783
527
1394
5556
8689
9001
5675
7211
5808
3194
4101
7487
7011
5433
961
3649
2912
6751
719
6116
1317
1582
5768
6850
8591
885
2385
3213
9012
4024
962
7260
7171
7282
6322
6254
8629
5666
205
2925
3334
100
2442
5161
5346
1145
3882
8920
5033
3370
8157
7995
998
8131
6676
4081
6000
474
5352
4241
1852
3936
2004
8574
5693
6791
875
7444
7099
2570
3307
1696
869
3575
6535
4312
1980
1831
3408
5784
6498
1612
6140
1970
5269
2609
2467
5655
4945
2398
1010
3522
6835
8482
656
1120
2799
1639
1702
5707
7894
2531
3427
2689
5443
8807
4045
5080
1016
7990
6985
3795
3238
5053
2775
1131
4088
2513
2038
1193
2976
816
3402
1721
3357
6690
1631
1819
947
761
3218
2346
2082
1161
3028
6186
6132
4153
3456
7771
4440
2478
8914
9004
5365
861
3799
4349
1225
5202
1047
93
2966
6243
6294
8854
6408
2473
6803
8491
7195
864
5641
3759
1111
7208
2581
4401
1032
1517
1508
5226
5810
2468
2457
2583
5291
3176
753
3819
1135
2761
5021
8984
407
7840
7481
3854
7492
1331
1040
3207
7121
3508
5498
7250
3351
2546
2621
8675
6999
3598
2770
4251
4191
7016
7135
5179
785
6383
3478
3251
7126
893
988
2696
5329
8827
2248
5926
4255
6744
2959
1657
6684
835
6121
550
2494
2368
3125
5218
6762
3033
866
6669
2500
844
3714
2521
1367
328
1569
726
1429
3805
1114
1078
916
2815
7177
5625
6832
2900
1493
3908
6562
427
3199
4016
5534
3258
8511
8607
1380
4166
3051
575
4051
5809
6974
4135
7036
7380
5703
5282
4098
4273
8542
7792
3387
3388
7096
2439
3860
5832
8191
492
6436
4933
2352
2418
5568
7189
6703
1783
2817
6530
6348
5888
8720
4833
3602
1059
3354
5850
4284
2730
6276
2741
6446
7078
5752
2956
3831
746
6591
1959
3150
2310
6225
7826
498
499
5114
2786
1017
2347
1903
2402
2159
7415
1019
1810
5971
3359
6547
7502
5413
4290
6880
1824
6279
3434
3693
1518
6513
2892
4139
3160
8422
2788
3338
8781
6977
824
3534
3140
6223
8044
5471
1419
1147
2727
4722
2533
8268
6774
6375
5952
4844
6114
2370
531
6896
4642
16
5285
3157
2021
5859
5165
4420
1346
5965
3852
1529
5199
4643
3784
3159
4888
5375
3892
3262
929
2880
3430
8614
5940
3503
1029
2622
4748
2676
2447
1525
3024
8039
1641
5378
4885
5182
5248
2779
3320
6516
7566
1041
3284
3506
3696
705
4019
3118
2100
8009
4680
4897
2827
5801
6706
2440
2380
7044
5900
6370
6415
7584
4292
8908
8526
8948
4020
7845
3997
3492
4692
6641
4811
8950
2941
2331
2481
4673
8943
2639
6051
2600
8507
2394
2438
5795
2516
8142
5449
1031
1104
1916
3752
5857
1303
3563
750
4086
5803
6944
2350
5348
3680
1295
1363
