item_recommendation
25737
8571
7872
775
7541
8093
8327
8117
8447
980
7613
8225
8360
731
7782
745
7669
7437
8183
1515
8899
7697
733
741
8033
1003
5159
8596
7938
8403
1507
8154
986
8253
8859
2659
7636
7234
976
626
8743
7560
8290
5515
4550
5723
8420
724
1513
8661
6918
8376
8136
3875
6970
1006
5186
984
7914
695
3324
5008
8499
8772
735
3232
7728
2769
1870
951
6826
969
7186
4316
5742
964
1739
4821
5853
1288
4079
960
8003
4941
4801
1812
1523
2798
5611
6260
1624
990
7478
858
2780
266
6728
3188
1021
8961
2688
535
2982
48
7831
6609
1057
5312
3235
2288
5675
5768
5288
6154
8636
5715
8591
9012
7878
1053
2937
869
1046
3368
129
7786
1187
998
4437
101
1907
3816
4923
6760
6355
8709
6902
8665
725
5662
2741
4731
719
6630
4795
2300
720
2647
3307
4076
915
2772
8998
6612
1030
8920
746
5834
981
4153
1581
1060
659
886
4584
3668
2407
8070
3417
8462
5365
1771
2347
968
6091
2651
1437
232
6243
786
6751
9001
7204
2513
472
2473
955
285
953
963
1744
947
1017
3113
2660
2496
8840
7698
7445
4639
8833
3263
7944
7587
6932
3928
3707
3924
4404
1008
6073
726
2183
5909
2481
893
962
8410
8654
2669
5839
748
961
885
973
7649
3194
189
526
1777
8879
8642
5198
7263
6985
6294
5282
6314
1042
2689
2415
4171
750
1004
3238
2912
875
1562
802
2605
7894
2440
1020
4577
8580
3702
2082
9004
5117
1012
2385
7888
1501
45
1508
3456
4895
2394
8777
8385
7038
1037
1026
5053
3795
5810
965
4251
218
743
1047
1690
8522
4366
1438
4649
5275
3759
2617
7753
6390
5323
4936
7881
3127
4844
5968
2686
5449
4740
2799
6774
3584
3714
3218
5729
7126
1040
888
8589
4765
4312
8699
6121
2478
2418
2374
3889
5597
2687
1497
6744
2548
2428
1367
4414
1059
5936
8689
7705
7792
3880
6835
7619
3093
1525
6318
5585
7293
1132
3805
6178
864
4736
1429
5765
8720
3402
3251
7245
4873
3377
2078
647
4246
1517
1636
2534
5699
1819
3611
880
1010
2120
5815
1831
4830
870
2654
912
2829
931
1876
8761
3428
2227
2581
8768
5641
5672
6513
2897
6718
4016
1032
2546
1024
1834
1301
1104
656
2438
5055
401
6803
5264
6116
4427
4440
4432
274
937
2770
8147
1317
2976
3359
4761
7254
1750
892
4833
16
2186
2801
1500
938
1352
5161
988
8633
1013
4162
1014
5254
7738
2570
762
5693
3408
3758
8453
3160
2764
5735
3575
6547
970
4417
5795
6684
4532
8275
8207
1125
4976
1836
3522
2582
2983
4401
4228
7078
5410
2892
4980
2981
313
8670
3489
8142
5604
994
742
5243
1147
881
4718
2900
205
2241
6676
4727
1019
474
6404
5177
6896
1472
8607
2487
3256
8848
2331
747
6464
4638
1688
8056
8366
8268
2696
8807
6225
485
3452
2184
6645
7012
5625
276
865
6768
4045
3086
2236
4428
1504
3284
5577
4477
5686
5034
4677
5004
8371
8372
7198
5940
3491
7235
8966
8629
3497
7260
5003
5002
8640
6852
6851
3499
4241
5689
8197
6422
8610
5685
4832
8955
6341
8524
6375
6963
5670
5678
5746
5285
7017
5667
7063
4450
5038
5666
6331
5655
8542
1617
5056
7153
5680
3334
8423
5847
5684
8582
4300
6887
7171
5001
8158
6105
6342
6706
7919
6498
5826
3957
2640
5796
4929
3936
5732
5736
8785
8828
7822
5443
8921
8835
8838
5752
7791
6584
8882
5398
7702
7771
5400
8872
3825
5401
5170
7419
7947
7357
8949
5690
8672
7309
4104
6800
7346
5836
8138
5517
4994
8130
8123
6432
8943
5363
3654
5696
6436
5700
5710
5373
6754
6732
6060
4889
6047
8985
793
4834
6242
492
6827
3753
6103
5466
4680
1394
8477
93
5218
2500
6286
840
3394
3199
966
788
1192
2248
828
1767
2441
4996
4658
7764
5000
5139
3029
1225
1631
3281
4696
1668
4984
2062
6530
4095
6232
1901
4101
7407
954
1078
5572
6035
1822
2433
2154
5296
8819
4354
2366
1715
5214
3693
1358
499
2935
2573
5462
2956
5168
3241
4263
3495
6114
1209
2009
4999
4105
4782
2482
6521
3388
5021
2159
6678
6533
423
7208
765
8042
1041
5291
3096
2188
5203
2118
2621
2690
7979
2925
1839
3207
4979
3869
2832
7502
6408
5085
461
8235
2775
3357
6858
1980
6559
3095
3656
5808
1816
916
76
4903
833
531
1526
6368
2639
2090
3854
1036
1346
3157
2880
5226
6186
4987
7748
8910
3159
4643
929
5199
5375
4861
3262
3649
4888
3892
3784
5165
4262
5745
3358
6579
5504
4136
3051
1161
4901
5346
2793
4963
2460
2173
6798
3852
2383
1696
879
1331
3213
1844
2774
3604
5356
2796
337
1590
5952
844
999
7990
8977
1395
207
2730
3819
6568
5241
2609
7484
7180
2339
785
4367
6892
2993
2212
2827
5242
6322
3540
4420
2493
4298
527
3965
728
3028
3387
2368
3500
2214
5971
839
419
1824
7394
4389
3173
1034
7299
5960
5329
263
1422
2202
2340
407
6296
4188
6470
3831
5009
4520
4111
2863
6234
2898
8387
6550
2458
2335
6062
8167
3081
1518
6440
2318
6365
5850
2677
3851
5888
4809
4086
6777
6591
4686
5418
6493
5419
2815
1755
2961
5440
5080
380
2860
1734
1092
2735
2786
4878
1997
2404
5135
15
105
6283
1103
8865
8638
5518
4433
378
6981
4911
8199
2398
1084
4191
4678
934
5313
7096
718
1063
2668
4981
5568
2568
2295
1281
8684
6791
1909
8984
3210
7720
2835
6739
3487
2709
872
3268
2533
2352
4933
7757
3751
8507
3608
8239
1805
2673
8751
5341
1476
3743
3211
2761
2351
798
3804
2932
7099
3632
144
7817
957
8131
1580
3845
2134
2399
8388
5926
1959
4255
2442
4876
7481
4349
4645
6832
5134
3709
100
3996
5017
6840
3152
2427
1735
390
1604
2721
4098
3351
6885
1531
