item_recommendation
25737
8571
7872
980
8360
8327
8447
8117
7697
7613
8093
7541
8253
7782
7636
8859
2659
8420
1003
8743
960
7669
7938
8225
7234
8522
8899
745
8661
733
1744
3324
3232
1513
8961
48
976
7186
775
266
3368
8033
1046
526
695
731
955
7560
3188
6826
1562
741
4658
4366
4821
951
285
4941
129
1024
232
5723
3417
984
888
8709
2212
8385
2062
858
5159
969
986
7437
1437
8376
7753
535
990
966
6728
5909
1523
1006
8403
3127
8070
4162
8136
8665
6630
8154
647
7263
7786
7914
4437
3875
6970
6318
8596
5008
4731
2772
2374
4550
1907
1515
5117
3668
1767
725
964
6918
485
970
7587
7698
3928
3707
7944
8462
7445
3263
8833
3924
8840
6932
4639
4171
8642
880
2647
2340
7888
2780
2660
4432
472
3869
1288
2937
1812
4404
626
6612
6609
659
7038
8879
2775
4801
1777
5834
8477
2288
1145
2478
724
953
101
1281
8003
3816
981
1060
5489
9001
2686
8589
4079
3702
1771
4638
6091
881
1012
5611
6143
3632
4577
2982
263
4251
5410
4923
2981
1187
45
3235
4649
3307
321
2605
3251
3428
8654
1816
954
2227
9004
6116
205
957
4936
6314
3584
2236
4782
2793
1531
4391
7894
2799
8920
4262
5515
5198
840
1476
8670
912
1472
7831
2617
3795
1132
1569
870
2300
7881
1021
3714
735
1834
1020
4873
407
1624
656
1225
8453
785
6521
2496
6390
6744
8761
2622
4600
2935
189
5810
1831
4830
4795
2668
1042
5449
3377
1209
5597
7407
1517
2407
1013
4414
2798
965
492
2173
5588
4584
3207
6322
3028
7792
994
4033
934
2154
4696
2415
4076
5161
1581
3093
963
886
7126
6550
4901
915
1125
8689
2581
962
8183
1057
7748
8633
2241
1590
3281
7738
998
2248
5585
3113
3210
1004
3256
522
1739
1844
2418
1111
2860
1053
1676
4427
4740
3351
5134
274
1507
1702
5662
1429
2621
6892
2687
3819
1696
196
4895
2078
6365
5264
2669
3218
5530
938
7619
100
7976
2897
8410
2082
720
6624
2769
2900
8290
1367
401
2427
2398
1135
3604
2396
1331
3238
218
5165
1352
4809
1026
2394
6123
2835
5473
6985
3854
474
7705
872
5365
861
8700
2385
2752
6748
3176
3157
1394
207
6559
8998
1104
3575
8977
144
8984
3845
1295
3805
7204
8056
5729
1438
2521
4316
793
5980
1019
3034
718
8684
916
7245
3882
5
996
844
5952
8910
2331
5734
6243
885
961
748
4987
4761
5017
2004
3649
1030
2231
7728
6207
2347
8008
523
3387
140
3860
8574
2366
2442
5226
1487
3693
141
1059
3150
893
2912
2689
3799
6440
6186
3086
1028
3394
947
2688
7502
4255
1040
1783
2433
4188
5312
8819
1047
2546
498
8914
6774
276
8235
4153
2642
3522
8923
111
3194
5296
875
7478
2069
1525
5033
8604
7487
2335
3081
6658
2368
4121
3213
1819
7316
786
746
3804
2516
7034
937
3456
6902
5936
6355
6056
1636
1631
427
550
2829
380
2120
3408
2046
31
1652
1017
4844
3199
2531
6858
154
6195
3996
1876
3268
4634
3152
8499
7802
935
798
869
5815
6920
2404
719
829
5377
527
6777
5080
6535
2186
5765
6676
1870
3357
828
3160
2183
5053
2295
1041
15
1582
2439
1873
4349
2801
5604
1707
8268
685
2975
4246
6885
3540
1580
2681
6731
76
2155
2985
3402
2802
1951
1810
714
4440
4228
904
7036
5218
4045
4861
6509
5346
3051
1099
2458
4101
6223
8157
4417
4524
7282
8751
7195
7099
3354
7107
7817
7180
6591
5655
4498
2352
4933
2038
372
7394
1363
531
2786
896
8629
461
2961
3125
5193
1037
4680
2003
2815
4686
3889
8854
4645
1419
2570
5888
2741
93
3723
1959
2779
1668
2468
6513
4984
2596
1715
7649
1852
2043
5745
8261
499
4876
2577
7293
8699
2284
3388
2827
135
988
5992
4290
1286
4304
1161
4401
6530
778
7757
4885
5947
8927
105
2473
2494
422
968
5000
4803
2099
2195
1301
2504
866
327
2159
6981
4319
4727
3608
1608
8199
4765
2766
155
3759
3500
1008
3880
4914
7809
1552
1422
7897
3155
4420
1092
4200
2118
1066
268
2493
2761
4380
6000
4458
4920
6850
1078
2344
700
7415
2796
3292
2792
5236
1184
6367
5164
6568
4332
6294
1991
2633
2243
7208
6450
2318
2437
1556
3504
2465
1455
1336
5839
3852
7299
7481
1730
1639
4736
4814
3359
929
5375
5199
3262
3892
4888
3159
4643
3784
808
2880
1014
7254
2639
704
2866
1063
2074
1616
2715
161
167
2215
2403
1388
1233
918
3042
3068
2364
510
2393
2922
1186
3134
3177
3005
2285
1204
1759
99
1226
1080
2789
3147
306
1358
3420
6636
5926
1821
2134
1901
5356
1962
6832
2567
1711
7311
2583
4678
3508
3338
1980
7583
900
1518
8695
1330
3891
4326
3343
1061
3692
3682
2102
1197
4897
997
2699
2436
2533
1050
1011
7055
6695
5772
1788
4659
2925
1508
121
6743
3216
879
1303
2338
764
2572
1726
608
6547
6579
6121
2730
3430
6562
2325
6073
2204
3358
2239
1484
1032
3975
1031
726
1131
6669
7171
8650
7990
5168
2517
1192
1526
6114
419
2342
479
5581
1379
5186
2600
2497
1794
2506
2582
2983
4528
8772
1826
742
832
3010
3502
2441
5677
16
5498
2283
2399
784
4642
4478
113
3563
5518
8614
3285
2440
6803
750
2096
1120
1346
6154
2674
6003
5470
1404
2800
1970
8239
4612
2146
2902
275
2548
3269
201
6225
2990
460
743
4462
2776
6835
8777
8492
2721
2327
6077
5703
5968
1728
2039
2770
944
4625
3024
3871
7979
5715
1516
6047
7211
1236
2976
1627
6132
6974
824
8228
3489
7826
3211
760
4893
2609
6498
6791
1196
4247
4967
1688
8484
1479
2429
7878
3133
6862
8191
4728
3675
5527
4636
4632
2021
3128
4976
6104
691
1009
5352
4511
571
5882
