item_recommendation
25737
8571
8093
1523
8360
8117
5410
7872
7541
8327
129
5489
980
1513
8253
7613
526
8447
4696
7697
100
285
3232
3235
4658
7636
741
5597
775
7669
1003
472
7437
140
48
4600
8033
5033
1767
1744
3368
7738
8225
407
7914
5515
7560
2212
2659
2686
321
8385
8290
2227
695
5198
1639
1352
401
3854
955
8743
266
4079
888
1111
4524
8070
5588
4634
4782
8899
828
3604
7782
1046
960
3522
1525
733
6728
4290
990
1816
2504
4830
4414
8477
8709
1024
3996
4645
8661
523
2340
7976
1771
4262
8761
8420
314
656
535
1590
6826
4649
840
1288
745
4727
4550
1777
1472
3871
4731
4638
986
232
647
951
7234
1907
3285
427
4659
735
474
2605
3238
8684
996
45
1281
3210
4795
1794
3575
4033
2241
2283
2642
8859
4349
5159
4051
4728
5114
1187
4662
4640
5302
4954
4612
5637
4333
4636
4676
5222
5463
5342
5427
6056
4977
5483
4627
969
3127
5364
5265
5236
4740
7809
454
4519
2288
5341
3086
522
5177
1844
5
870
725
4380
1812
981
8879
2062
4577
7020
1331
1145
4404
7186
1006
3292
4902
984
2415
7282
626
3113
8183
1060
6243
3354
5585
3388
8522
793
1057
8154
7478
953
7938
718
2468
5909
2937
2003
1135
858
2300
3574
881
1394
2496
4625
4680
886
101
3281
724
5264
5117
731
2769
8654
2688
1047
7407
2531
1287
6091
4121
966
3845
6365
3188
4761
8376
8136
954
4941
3626
3270
4184
3723
4273
4338
4274
3991
1826
4337
4342
4291
4268
3976
1293
3565
3563
639
3960
4399
940
4197
3547
4036
3843
2693
3619
4284
3450
3252
6390
4885
3745
328
4673
498
7099
4511
2352
4933
3160
4316
2089
5377
6977
1013
3816
4821
2780
1053
10
3324
3869
2799
1476
1021
7293
4801
3635
2374
5518
861
263
2647
7394
5296
8819
1004
5282
4191
5538
1870
4923
1131
2248
7881
1026
5182
268
561
2779
963
3024
2490
8499
2829
1295
2966
1624
6521
976
1562
31
3875
2798
5352
7619
6970
6318
5464
4771
2195
288
7990
1040
4417
5723
1125
2609
4366
2752
3417
2231
8589
3430
2082
5161
8056
970
778
8235
8961
423
5319
872
720
912
1515
8003
2533
3702
2442
1531
7265
1410
2441
7979
422
2793
1652
4162
1437
4319
8848
4263
742
2497
7263
802
1103
7831
1031
1499
4614
4391
4809
2722
5165
7121
550
7753
205
2860
5834
3213
8167
3116
3475
6896
6612
651
2236
2149
6000
737
880
3377
2912
3676
8596
3795
1393
6840
8410
7038
1507
2976
832
135
3456
4876
1030
2371
1657
4246
5968
1017
1970
659
964
8403
1996
1901
8665
1336
3799
7245
4255
3859
3751
7649
4531
1980
4437
3928
3707
3924
8462
8833
8840
3263
7587
7944
7786
7445
6932
7698
4639
3216
1517
7299
218
9001
2897
2492
3656
2660
685
2700
8920
4332
7802
798
189
9010
6832
2689
202
6760
1779
2186
8695
1702
2385
8039
5226
6918
5329
3125
2982
2674
2259
1346
849
1508
7204
1221
8689
1696
5422
4171
3487
7759
961
6314
915
3307
2617
8633
5611
786
196
7817
2394
3420
485
6630
1059
7894
9004
8642
3251
4605
8261
7995
2318
4840
6768
1772
1447
505
710
2057
1163
2427
3920
6856
7073
2669
4774
8482
1041
1839
12
2687
6609
916
3402
5012
531
2295
1225
1078
3805
785
3668
5815
1487
6223
1433
6703
4543
2506
5729
15
6116
5839
5346
6591
2567
3256
7386
994
5810
5936
499
917
2981
3714
8263
4251
3268
8142
6920
3218
6751
520
839
1586
3239
3687
904
3254
3445
7126
7272
8187
6774
521
719
2327
1580
5470
3587
492
1831
2478
5134
1132
3709
947
885
16
2772
6568
7888
667
3432
4135
4844
1941
3880
2494
5498
2138
2437
1649
1019
8910
3812
4846
8207
4895
3770
2173
1429
341
8364
6404
5365
76
508
3081
2339
4873
8199
5568
998
2418
5971
4432
4153
130
6798
28
1422
2398
5080
3489
527
1411
5053
8700
1320
2517
764
1359
1367
1707
632
8777
2900
6676
8827
3399
829
3691
4721
5241
661
344
7792
405
3428
728
8147
1631
3675
5527
1020
3207
3806
5017
8650
4076
2568
5462
1647
4339
7484
3199
5449
3608
8807
322
6121
215
177
2204
4498
6498
1330
8620
5008
1257
816
7713
678
6559
6658
374
302
1504
3560
4686
5151
8228
1821
1799
7089
7835
7075
6477
7122
7450
7307
6315
4046
3913
1036
5378
3306
1042
8600
195
241
2727
3194
7180
1292
5473
1836
7502
3152
8977
4247
8927
2541
4420
2961
2521
5168
2465
5372
1016
687
235
630
112
6143
957
5333
5641
7380
608
3632
4215
7107
434
3743
1788
818
1497
1750
2366
7705
2439
2622
2038
4427
7919
3624
1582
893
1009
1193
3338
3814
6073
2438
931
7566
4901
6322
8772
3752
7096
3029
788
8275
8526
7584
1824
7487
6370
5832
6641
5926
4692
5558
6348
3997
7044
2941
6415
8044
6077
4020
7845
8948
4811
8670
8908
8950
7415
6739
5693
6762
4292
5900
3492
6880
1726
2458
3540
7728
2407
5801
6985
8979
1973
820
7171
289
3584
6579
5186
3454
4489
5675
7878
1895
7762
114
3775
1286
8009
5312
3351
1668
2026
1438
5857
5438
6154
2581
6934
4528
6892
1683
2761
2807
6639
3947
2935
1490
999
2815
3394
3773
938
1701
748
8507
8453
6021
750
4936
934
249
6355
4914
6777
1819
753
7311
2214
2835
8157
496
2696
1255
1230
5009
8268
8614
4920
3223
2730
2493
599
461
2154
1834
8854
1161
1446
3370
4516
5087
5638
4703
4214
5315
4674
830
5501
5047
4664
360
5043
532
4515
4654
4655
5539
5556
1151
4823
4458
5069
5540
3520
5092
4282
6195
4086
1380
6367
2546
8923
2786
6464
7720
780
6531
2473
8699
1419
6123
419
6440
1365
183
1453
945
