item_recommendation
25737
7697
7872
7541
8327
775
7613
1003
980
731
8571
8117
8225
8447
8360
745
8183
7560
1515
8093
8403
7669
8899
7782
5723
8033
986
266
8253
626
5008
7914
8290
8154
8743
1006
969
7437
5159
285
5515
695
2659
4550
6121
1507
101
7938
8772
5312
960
8859
951
1053
4941
733
8003
5662
1288
6091
725
7878
1812
741
48
2937
6902
964
984
2982
5288
5715
8420
7234
7636
5186
2288
1739
6260
858
2120
5264
4366
2780
1012
45
1021
968
2798
976
8596
1046
2772
724
5655
8136
8376
3232
6970
3324
401
746
1104
7254
1624
3368
3188
735
2688
7728
5675
2546
1004
888
880
3816
2300
8499
5198
8661
5834
1042
535
1907
947
3875
4731
4740
6918
205
970
2154
785
6154
1690
4801
748
998
2183
4076
1059
1125
7649
6073
2347
5742
8636
2605
893
5710
915
5365
8522
647
1513
2134
8580
1014
8142
1750
9012
5853
8591
5768
1057
2976
990
3584
4821
1744
955
1472
1030
5161
8777
8699
885
1060
2572
7407
4437
129
4923
3194
2440
5666
743
1367
6103
2687
6985
1037
3307
4649
1008
962
4420
870
3759
5053
5375
526
4153
5611
2983
2582
685
6314
2478
7478
2668
5597
4016
7171
2383
4440
1870
1040
5752
869
961
1078
5888
2793
8961
2521
15
4401
3408
7186
2212
3235
6509
8879
2399
700
4795
981
2078
4316
3402
2741
2935
141
2473
4833
1562
1951
963
2458
6225
6630
2686
4736
2801
327
1192
938
5055
8207
5323
4967
4584
3489
3211
3359
474
8689
6774
720
937
2548
4228
4326
2118
2651
5732
6513
1013
1317
5466
5498
6760
3649
1831
2236
1010
5282
6751
2374
844
472
7831
485
2335
1020
6826
4976
1032
3611
113
872
5275
5729
4251
1581
2829
5363
105
3500
8761
8462
2146
1688
6835
8629
2689
934
1017
659
2769
5356
6294
5765
5735
8920
5410
1429
6612
1508
3157
2385
3417
3758
6728
8665
6547
1301
2534
155
973
965
3051
2570
8977
7245
8235
4761
1556
2284
7180
1777
4262
1816
953
3357
994
4980
5458
516
1438
8848
2654
2046
3668
9001
2334
1018
8642
5641
1209
1819
232
2660
7919
2407
1437
162
7786
5243
6932
3707
7587
3928
7698
3924
4639
7445
7944
8840
3263
8833
8807
5689
5398
7260
5038
5177
5684
2775
1026
3702
8070
1771
1636
4987
4101
719
7619
1428
786
726
864
2832
1099
6404
8410
6436
5117
6676
1187
8709
6744
276
4765
5449
461
881
1959
2880
3358
7346
8768
656
3159
5199
3388
7263
1034
892
5004
8838
8921
5170
7822
7419
8828
5001
5003
7791
5373
7309
4929
7198
7947
7235
5400
5034
5285
8720
5401
5672
8966
8955
5517
8949
5056
5577
5696
5670
5686
5685
5667
5678
5680
171
6355
886
2428
8998
2647
3113
4404
2062
3799
1523
1066
6390
1147
2981
3127
866
2340
1834
1525
3093
816
2155
2415
3428
2792
5291
2090
5699
6207
4079
1822
5413
4678
1024
5810
2496
3889
2418
274
6232
1225
4171
2975
5604
5139
2494
1702
750
833
1631
1991
6678
1997
5968
2993
4577
2617
5462
9004
201
4162
7764
6286
5203
7038
3218
196
8943
1019
5745
2985
4925
1852
7502
945
6331
4936
1132
6493
3125
8654
7802
6178
1876
1689
4984
1580
3028
5815
6047
5839
2427
1531
207
1330
6035
5572
2425
1092
5936
4834
7894
2912
8835
1617
8268
2696
1286
263
8039
1394
1569
3714
3452
8607
2482
5795
5909
6684
7126
3936
5254
3334
4241
8638
2956
1517
2730
6609
8910
3238
5960
7753
3456
2621
2464
291
6803
5443
1028
7771
6896
3081
1518
6584
2799
4981
7078
8542
6195
3751
8524
3281
8882
6800
1089
1135
2342
6025
6730
5649
3632
3795
5009
8477
2827
189
4903
6645
2184
7204
865
2082
5891
2573
7888
1582
4809
7792
2368
875
244
802
4263
5625
1047
6798
7208
4996
4537
2009
6375
6718
7055
4718
218
4686
1095
6887
8372
6105
3497
4727
4994
7702
3491
8371
3499
6963
6852
7017
6060
4477
6851
8423
8672
7153
4312
6342
8872
8130
5826
6732
8197
6422
5700
6432
5746
5796
3957
4677
8147
3284
6464
2513
5736
8582
6498
8158
8640
5847
8610
5836
4104
4832
6706
6341
4450
4889
3825
7063
5002
8123
4300
8275
6754
2640
8785
8366
3654
7357
5690
8985
5940
8056
407
966
1363
1608
498
499
6450
8589
2633
1696
6318
448
832
4979
1721
4532
31
7616
4830
5271
3096
4658
7293
6559
2843
4095
1084
6243
1501
4861
4803
2188
4246
4105
3753
3604
28
957
2761
5418
275
1841
2394
3256
3395
2186
4043
6530
5693
306
6579
1526
5553
704
1186
1204
161
3134
167
1233
2285
1226
2596
1759
2866
2922
1616
1080
510
2393
1063
3068
918
2403
1783
2074
2715
3177
2766
2786
2364
3042
1388
2789
2215
99
3150
3147
3005
2325
2173
8684
840
2248
3160
76
2581
999
1358
2858
5167
2802
2863
5346
3387
5971
6408
3851
5832
550
3377
348
1184
522
7881
1860
2609
5650
2441
3262
4643
3892
929
4888
3784
8633
2594
95
1730
4600
2639
7034
2770
6368
7487
2815
1161
638
6827
7316
3495
2634
3173
16
1085
5585
6671
507
111
8015
5901
7386
5333
2231
8138
7012
1767
219
798
3241
4428
4999
3199
8574
7583
4680
278
2898
5808
1788
2327
5734
2900
3445
2442
2892
6885
5085
3656
6768
4255
5970
6521
2344
2764
1980
6533
5419
5980
2126
8387
1218
3210
896
3880
1145
3693
879
3006
3720
2404
1380
3522
47
422
7272
2800
3343
3891
1061
2102
3692
3682
3155
2577
2439
5241
372
580
2774
1056
2416
3608
6296
1652
5588
7738
2227
8865
5504
5787
4691
7809
2318
4878
4895
4427
5952
4490
6383
1500
492
6470
2946
5772
1824
5075
7720
8864
6062
6104
8388
3959
482
954
9010
5000
4432
2566
