item_recommendation
25737
8093
7872
7541
8571
775
980
8447
8327
7613
8183
8117
7914
1003
1515
8070
7669
7560
984
8360
8225
745
7697
733
8154
7437
1523
8290
1507
5515
8207
731
8403
1513
626
7782
2769
8522
960
986
2686
976
8661
266
7636
6091
8899
6355
1006
951
3368
858
8410
5410
7938
1777
1812
724
8420
695
1046
1744
48
969
4550
8499
1870
5264
7478
5159
2300
2688
735
741
1288
8477
6154
2186
3235
1907
1021
2227
1057
535
285
915
8033
1004
3232
526
990
2912
1525
2659
2937
5765
6970
101
8385
5611
964
8998
8859
1739
1624
5312
8596
1187
7728
869
5198
3281
1030
1026
8003
5742
1771
8761
888
2741
981
5008
4941
7649
3587
2801
6073
4740
2798
2772
129
955
968
7234
2496
2288
1053
232
4638
3377
885
5723
2062
5177
401
4821
953
4801
893
5909
647
2780
1844
3238
719
746
3408
1581
189
963
5186
6760
8056
8879
5715
45
6579
472
1020
5839
8819
5296
4600
8253
4246
1042
6751
8633
1508
4649
8777
1497
8670
2385
725
6211
6178
7186
3324
3604
875
5689
8772
886
5597
474
8699
4658
1147
4809
7753
4316
748
2892
7407
870
7293
3996
2415
1819
3522
7878
4795
2982
1500
720
5772
998
2374
881
3875
2829
4262
8136
6918
1060
5139
6826
8709
1501
1024
8376
8743
7245
5834
3210
8591
8636
6260
5288
9012
5675
5768
5853
742
3608
961
6728
3292
912
6902
5662
786
4782
880
7809
2770
2668
743
2605
5936
6609
8654
4079
1504
6630
726
1352
4844
2935
3113
3081
4731
5693
7831
8910
485
954
7272
8580
321
5729
1980
6835
1059
8235
6116
3188
1013
5254
8187
8961
6365
6077
5038
5787
3575
1367
1346
2236
4076
3093
6195
1394
1017
4984
2440
8451
2441
7738
4349
7789
5134
798
2689
1631
2473
1767
947
3194
1008
994
1209
2513
5666
1580
8722
4284
2651
988
5815
2241
2183
8977
3854
105
3334
7260
5398
4241
3936
6318
1688
140
2340
7979
4414
1032
5282
3387
2407
5968
4440
4437
2687
4432
5291
750
4696
966
196
970
1040
4761
4427
2442
1816
4923
1012
5352
1876
3402
6774
1831
4191
762
3584
7802
3430
1132
8665
4584
8261
938
2347
2570
1125
5443
8268
4273
1437
3489
3816
5808
2730
3819
2546
1047
2159
2366
973
205
100
5365
962
4727
7881
313
4251
7619
3354
6395
1331
407
5556
1281
5588
4404
5117
2764
6408
828
1476
498
864
931
3428
2815
4088
4417
656
3869
7990
1037
4420
6777
3759
5053
4645
916
1582
8620
6612
5033
5470
263
802
3268
6521
8848
6568
4911
6440
3086
8589
937
6143
2120
6243
3213
2647
3702
5784
5269
1750
1660
1852
2966
1041
7282
4830
7208
1502
7204
5489
4153
8629
1145
1824
2976
1429
4765
5323
8604
1562
2038
5161
8943
8720
4401
872
3882
2548
7705
2154
4632
2709
844
5825
2572
3563
5440
8147
2669
3125
4873
2752
5
1834
3805
4263
7254
6892
840
4366
2534
4399
16
3127
5021
5655
1690
6803
1696
422
3845
965
6513
2761
6641
1531
5752
6676
522
2696
3051
3632
218
1111
996
6348
3307
8684
659
5699
276
4680
785
2202
4933
2352
4162
1317
1826
6404
793
2925
3611
5193
934
6493
4024
5971
8865
6225
2339
2799
5585
5114
4391
1836
2493
3284
6314
3799
7099
4987
6294
4290
6885
2494
2827
6591
3763
999
6547
2248
1010
1014
6977
1016
2835
15
8228
7995
3388
2368
5285
2460
461
5926
274
2342
8462
2398
8927
8388
8387
718
7720
7101
2082
2465
7107
6559
6509
4045
550
1839
8607
9001
4051
3656
5518
7380
7299
3500
4625
4016
2533
2212
3357
2609
7817
2700
2478
1636
6121
4976
1019
5055
8640
3024
6390
7894
2399
5795
5226
1788
7771
7583
380
1192
4228
6234
6535
3843
1472
3160
2427
268
5182
7757
3795
5857
1794
5625
8864
7078
6436
8920
2155
3211
4833
8275
7121
2173
1590
2582
2983
3157
6530
2860
2118
2793
6896
7888
2481
4380
5801
7316
3889
6446
7044
4292
8948
8908
2941
7415
6739
7584
4020
8950
3997
5558
5832
7487
8526
3492
6762
5900
4692
6415
8044
4811
6370
7845
5604
4936
7566
4626
2600
2581
3752
2654
6706
2418
8336
6684
6985
3639
5097
8169
8525
7155
8609
6566
8612
4238
3344
8799
2428
3758
1161
2438
5735
714
1330
144
6341
7038
6768
4337
4338
4291
4342
3547
3450
4274
4268
3252
1293
3723
4184
3991
3976
3960
639
4197
3709
8453
5243
5980
3359
6279
6636
3668
4462
2621
8689
4603
7263
5378
2521
1951
4511
5791
1225
7171
3445
4171
5641
1783
4861
5275
6331
4524
6798
6470
5710
327
2195
5707
3456
2956
4686
5363
2003
3150
5732
2660
3635
7096
1676
2146
8614
6932
7786
4639
8008
3859
2283
5427
93
6207
4980
3140
2383
6242
6162
6562
4188
3370
2699
3434
1363
1056
832
7379
2981
7698
7587
8840
3417
7944
3928
8833
7445
3707
3924
3263
3649
4577
6658
4999
5466
1516
162
6645
2184
1104
8835
5170
5685
1617
6060
6498
8672
8872
8542
3497
7822
8838
5796
8582
5004
5836
7346
8158
3499
4994
3491
4889
2640
5700
6800
7235
7309
5400
5401
8138
5672
6464
8785
8768
6047
4104
5517
6887
5670
8371
4450
8197
6851
6432
8807
8610
4832
5686
5690
6963
6105
8123
3825
5696
5667
5736
8828
6584
8372
8130
7419
5940
5680
6852
4300
8966
8366
7919
3654
7791
7947
6375
5577
4477
8921
5034
5056
5003
5826
5373
8955
4677
5002
8423
7198
5678
6732
5001
8949
5847
6754
7702
8524
4312
6422
8882
6342
7153
8985
7017
5684
7063
5746
3957
4929
6718
7357
4834
8142
4428
4895
7211
865
7012
1518
7748
4914
3241
5214
5462
4945
3096
2439
8642
8507
4532
3028
1031
1608
7764
4339
2318
2617
419
1639
6035
5572
957
943
