item_recommendation
25737
7541
7872
8327
8117
8571
8093
7613
7669
8207
8447
980
8183
7697
7914
1003
8522
7560
7802
8420
647
8253
7649
8360
5515
5410
48
7245
1907
741
3232
6395
285
626
8225
960
3368
775
6211
140
535
745
1523
695
7478
472
129
1744
5198
3235
6493
6365
6195
1120
1562
8477
8261
5772
401
8070
321
1046
1515
5177
984
2300
1513
955
969
45
951
100
1076
6579
6073
7407
2288
1288
2062
7282
6355
7782
3587
7234
5556
7437
4262
5312
5689
5269
232
1771
2374
4809
5980
2659
8290
8235
1870
101
5765
2212
8033
1053
986
4246
8403
7738
7995
1812
8003
858
2231
8661
407
8056
8899
2769
526
5791
5413
5784
6440
8772
888
3408
976
5008
1145
6970
6154
4740
5139
4658
8154
880
1525
8684
1024
953
1816
1844
6091
4290
8998
733
2340
7577
2780
4414
266
5
7938
964
1702
5825
1652
5193
1352
735
2605
1111
8743
196
2779
8157
7492
970
8761
2236
881
1437
981
996
3608
5666
7260
5398
5038
8385
5787
1472
7636
3210
7932
5470
2686
990
2227
1006
5723
3377
5264
7809
7186
4795
3113
793
1004
2504
1060
6835
2935
3140
1624
840
1767
8859
3213
3324
7979
6826
872
6918
4316
2793
5161
8604
1099
1444
423
966
4550
885
731
8777
7753
4782
4088
828
2798
6521
8848
7228
1013
5114
7789
7272
6446
3489
963
4748
4911
6318
1507
1125
1788
5352
6178
31
2415
8943
5742
2688
3854
1535
522
3816
4241
3936
5729
4600
3869
3604
5159
4638
4709
915
2772
3799
954
7881
6636
725
724
1021
6728
454
1012
6390
1777
5117
1026
714
2689
3643
3402
3522
4821
2860
5134
3889
8903
8607
4941
263
3434
870
1711
1042
1891
1187
1310
34
1059
8879
7340
6902
5538
5182
4703
2427
5662
2829
2154
2496
6525
347
1394
3474
7728
2687
4162
2786
5315
2243
5655
659
189
2937
485
1017
3086
2186
3913
1819
1631
8977
1696
1320
1580
1132
2478
474
5808
8722
5909
8187
1209
3882
328
8910
6077
1531
2082
4076
1552
4649
4391
2676
7121
6559
4255
179
4486
947
5246
8819
1317
798
8589
4801
1030
2801
3334
5254
5611
437
1590
1147
8629
5288
7878
5715
461
746
7293
16
7263
5186
1739
3584
2497
8268
8699
3871
3857
1794
6957
4437
3632
2038
2696
4830
4696
1354
3459
5433
2219
6798
1057
1281
3152
1581
1367
8499
6404
171
2752
6832
3133
3188
2204
1900
2546
193
3157
2385
4101
1582
3238
202
314
209
2521
1721
5021
3292
678
3575
7619
1883
4584
268
4427
7976
2647
5443
7394
7208
5489
2669
205
718
8961
8336
89
2976
3404
3370
1670
7139
1453
6473
2966
3194
5597
2241
4432
6482
869
656
3388
6658
1363
498
1575
2248
2741
4923
1123
748
1161
218
962
7934
5544
4975
4381
5255
3992
7250
4932
8957
4716
5694
4745
5792
7815
6238
6387
3780
6037
8795
4767
4403
5404
3897
5450
3679
3661
4960
3476
5231
6476
3835
3673
6468
4018
4140
4175
921
3618
5066
3943
3788
3695
4749
4465
8584
3664
5179
8544
5506
5283
5299
5682
5300
8528
5841
4459
5057
4464
8675
8970
5366
5505
3879
5705
4818
5417
8781
5588
3387
3150
720
6630
4278
405
3051
7583
8695
28
183
4947
972
582
8596
8136
8376
886
3428
3875
1769
6143
8654
6906
2440
1330
4987
18
1295
1508
15
912
899
4273
302
6609
2892
2730
1532
4383
3759
1834
523
4228
5053
4284
5010
3028
6116
2531
3081
6051
170
6774
5815
785
3127
2284
427
1810
5101
8709
1331
2770
5203
1671
961
2306
4921
3066
4016
4920
6509
105
8665
5968
8008
5684
5926
3594
479
5460
1020
2155
4731
276
832
422
5675
6985
893
1126
5348
244
7020
327
7419
2442
6777
7177
5427
4177
4401
4984
2146
8484
2929
3868
2327
1959
3798
7894
6892
1980
6243
6121
1019
2183
2117
3024
1701
4139
3111
2581
866
3807
8914
2120
2761
2912
3751
8670
6400
3702
2681
2708
5055
2982
2572
391
6850
2815
8614
1404
635
8616
7215
5250
1901
2560
5017
1876
1973
4079
482
6562
6896
1028
5108
6731
1380
4626
3359
410
1970
8689
4885
1047
6341
5164
2473
994
4417
2540
6550
1397
1411
151
1824
50
553
4914
4645
312
957
4803
240
4366
4420
742
241
4761
1917
2494
8807
619
1292
3354
1517
6498
2486
965
8044
3093
2128
2130
5834
2448
426
4771
5464
4296
5503
5625
2334
499
7764
2956
46
743
968
998
6531
121
5428
4475
3616
1610
8196
5995
8451
5994
6332
920
8121
6484
6323
5111
6408
8363
919
6250
5707
8853
8611
6279
2106
7199
6690
7117
7101
7083
2697
4865
3771
6793
3326
7444
5843
5846
6228
6936
5777
6101
3546
4815
4404
2350
2828
8524
4411
2883
3677
3072
3276
3564
999
4680
3357
3398
3552
4964
3747
4976
4989
839
135
4678
4970
3316
5459
5718
1779
1726
3425
5734
6022
4833
3795
8920
1078
3852
8633
42
5296
1022
432
7831
6458
6803
561
3758
3500
2207
4350
274
110
4570
1104
3281
29
1268
3264
2507
6422
5735
6591
6140
387
6155
4619
7899
5226
786
6412
6748
381
504
934
8622
5033
3611
3349
1639
2792
6436
1500
4573
1432
1284
3302
3282
1016
3805
255
595
57
4933
2352
1791
470
1225
7757
4727
4971
2425
6234
5224
2468
6612
4844
3646
6547
808
1243
275
2964
6322
4901
4873
5971
1971
154
4319
2726
845
8410
5839
1066
6284
8387
5936
5462
7254
8827
66
2600
5952
697
670
6314
5421
2397
1090
3160
2407
2799
1073
3176
4030
7123
1077
3653
159
5282
1192
1979
1839
6148
7316
2441
6595
3412
7487
5527
3675
2939
2011
1831
6429
4710
2009
4349
931
2173
4577
6800
5375
3649
4861
929
3159
3262
3892
4643
3784
4888
