item_recommendation
25737
7872
7541
8571
8327
8093
775
980
8183
8117
8360
7613
647
8447
7914
1562
7697
8225
1111
7560
1120
1145
7669
8290
8207
1711
6073
5515
8070
7437
1507
1513
731
5159
401
1523
5765
1744
1535
8522
8056
1739
2935
960
1515
1777
984
626
7802
8033
828
526
7728
793
8596
7782
1552
8420
1003
6355
986
1631
2686
6154
2243
7636
1053
2769
8403
4550
1317
3133
2832
8772
1812
7478
4246
2227
5742
976
3150
4873
2779
1437
885
798
7649
5597
733
6195
3232
8253
8154
858
1161
2741
8499
7245
1059
5410
2745
745
714
1497
741
875
869
5008
5312
1196
1831
888
1870
1767
1907
5723
6579
718
7407
8477
685
1404
5198
1783
1819
678
1076
5186
1099
8899
6493
659
5772
1779
953
285
479
8385
8684
7878
1057
266
5177
1771
2786
34
3152
6970
3086
1549
1816
4316
2761
8636
2687
2128
1580
2159
1707
5288
135
4584
990
2605
5715
3324
5662
6178
8998
1320
5853
915
955
8235
8743
2770
387
8410
808
1608
2815
6918
5909
966
724
1073
2801
16
405
6260
2327
5264
2892
3213
5689
5675
5768
8661
1501
4731
872
1788
8591
2467
719
4795
2062
893
951
9012
735
854
1030
48
8580
558
2236
7938
5729
2681
3238
3235
2798
1006
8777
2445
4262
3051
1688
1852
864
474
1624
8699
998
4076
8376
8136
5398
1721
2504
1046
2689
4821
121
7738
4649
6395
8003
6902
1215
9018
3368
5556
1236
1105
1500
2212
472
1150
742
1839
8261
2427
2565
8167
2659
5254
969
2688
1042
1004
8859
6365
2912
5038
2835
2202
2976
7234
968
3751
6676
1020
8943
113
726
746
6850
1667
5980
1504
1021
1209
5053
2385
981
2300
1880
861
1472
7171
7995
129
3816
3875
2647
105
7293
3377
3334
2696
189
743
7932
963
8848
552
8607
1363
6498
1900
720
232
1060
1288
2288
535
8751
2275
3489
1891
2829
2496
2203
6404
2231
4241
5666
7260
2983
2582
2415
597
8451
4830
6636
1652
2200
5139
2669
2780
3936
1726
3188
1582
4765
1525
2772
4437
4600
6211
101
2219
1361
5699
1184
1147
1665
3168
3019
7282
8604
2600
1957
272
2462
458
1168
2186
4941
2918
2889
1347
3063
2920
1461
3166
1542
2031
852
1415
1861
2921
2282
2671
1356
2919
216
1304
2012
2016
3148
2810
1180
290
1984
502
1238
1237
471
2206
117
2916
928
3070
3053
3069
1366
2244
514
8720
2297
2399
8961
2734
2967
802
1392
1171
463
194
661
7228
1010
804
5443
1101
1373
7186
725
1026
6436
1449
2917
7831
805
4709
1592
324
144
964
4638
3211
178
4577
3081
8879
938
879
1256
574
1325
8722
870
8524
2651
2002
1844
753
419
213
4984
3819
1036
1997
3194
3021
2877
2513
6091
140
45
6408
417
1255
1690
2937
7254
844
2478
6718
5808
1696
8807
1024
592
3018
7976
2304
2441
5839
7753
840
3066
4290
5936
420
2764
1794
95
1453
8761
8187
423
1192
5433
1131
1951
422
6341
4696
1931
5538
8542
1508
2982
3889
2546
1980
2927
3146
1029
2572
316
162
4923
851
709
5815
1277
5611
7204
1017
242
2481
7130
1840
4515
4809
3611
695
2668
6422
4740
2959
1873
480
7121
8819
4101
8709
2325
8629
667
708
3129
707
1660
1095
186
5470
1333
1013
947
1187
6051
1032
881
697
1285
6706
81
2366
7016
912
2966
1836
3759
3649
1008
5498
205
880
1971
5787
1969
3587
4016
2386
2146
8675
3643
2473
1759
1750
335
57
1746
201
5055
891
6835
2794
748
5117
367
6658
1049
2534
2704
1264
1033
5752
485
2946
1092
614
2374
2858
4911
2241
704
2342
482
2633
1204
3134
3042
2715
2866
2403
2922
3068
167
2789
2596
4954
2407
5628
4727
2173
2570
1963
2383
1479
1959
1352
541
3869
1274
778
5684
1502
7881
8977
469
5791
1346
910
5655
1201
6684
3758
6390
3028
845
5641
650
1419
4782
5315
2730
5968
931
488
764
7444
1644
2120
196
8670
6803
6077
2956
571
656
994
5282
5672
1428
1085
6760
342
2545
991
6630
5182
1954
922
1689
6800
289
599
2494
5275
2347
1114
5161
1894
3006
1460
5735
510
1616
2393
1186
2766
3177
2364
1388
2074
1063
1226
161
1080
99
2215
1233
3005
2285
918
3147
2204
1938
4920
306
6690
3281
8589
1441
4801
5193
3668
4895
3284
1928
3456
6609
762
5784
5269
2981
5243
2429
4703
2677
3210
1804
816
1353
4153
3359
818
2440
6728
1876
1717
1027
222
3608
2442
1784
961
2752
15
1730
348
970
313
507
3882
5
4228
5285
696
4079
2826
5400
916
4088
3357
5365
1218
1841
2864
4532
7492
2938
7263
4987
5134
47
2310
849
2178
1860
1267
2379
2856
813
2154
4976
550
366
522
326
721
5558
1367
7419
1148
5170
304
516
6826
2013
3753
2986
2738
3474
8672
945
2793
1972
3071
7583
6571
3093
2043
1234
2011
2139
3113
954
2843
1581
7771
461
4680
227
1444
3165
303
1837
1834
540
1345
1100
1269
957
765
2634
5069
153
3702
5825
7720
973
8511
2039
5718
8903
4748
538
7394
278
5846
8633
2107
8810
100
8665
1878
1272
1970
6513
1715
53
460
6547
1040
7198
1081
8838
4861
2990
5304
1629
4833
549
568
3142
4432
2609
7619
899
8927
2706
547
786
2398
5395
2155
4486
3207
209
4945
312
360
2439
372
5696
2661
7272
2799
824
673
3011
7346
999
6294
1909
6832
2237
5693
1518
8275
1132
848
8882
1165
2009
2624
300
287
2975
2090
4401
1066
3024
3604
2248
1929
29
6286
7789
8387
7177
4878
988
218
7888
6751
1431
4980
2252
1206
1056
2207
276
527
6645
2184
865
2615
114
6754
5680
5670
7153
6584
7822
6732
5836
6105
7063
7078
8949
5678
