item_recommendation
25737
8571
8093
7872
980
8447
7541
7613
7697
8360
8070
8327
8385
7636
7914
8225
8253
8420
7560
7669
960
8117
8033
8522
8661
7437
775
8056
984
7938
7186
733
966
7234
695
976
955
266
7753
745
7782
7738
3368
8477
953
8154
232
8961
2659
3232
5909
8859
8670
969
1003
1744
526
8819
48
3869
1024
2062
5264
951
6728
1523
4821
5611
5159
1907
626
8709
8751
45
7802
285
6826
1288
8008
472
2374
970
8235
1046
8290
4391
2288
5296
3281
7705
6521
912
6365
3188
964
485
986
858
5117
1507
954
101
8654
1006
7407
6143
6920
1515
731
535
522
6630
5017
1352
4437
8003
3324
7728
8761
6609
7263
8684
6892
8879
7478
4941
2860
8743
8167
8410
189
2780
8183
3668
2212
8665
8899
7817
6355
7394
981
957
1057
880
2340
4079
3816
4162
647
6612
8604
888
321
6550
6918
6116
8403
3235
1281
6624
1042
6568
8596
8589
3127
6318
840
7293
5164
4936
6535
1624
990
1020
4417
1812
7748
3213
9018
4801
1531
7649
725
7786
6636
1590
8453
4550
263
8998
5008
1021
5723
129
724
8499
7831
8136
8376
3875
881
7619
6970
7481
4432
963
196
735
994
4638
2772
1004
2407
1030
3417
870
1437
1767
2660
741
915
2415
3795
3845
659
6314
1844
100
3113
1125
1367
6932
4639
7587
7445
8833
3707
7944
7698
3263
8462
3924
3928
8840
1209
7932
1581
7038
6739
6579
6791
2227
2366
6242
8642
2173
2154
6559
7990
4171
7299
1013
4404
7881
1187
3882
6091
1026
4873
1053
6562
720
9004
5926
3804
1771
965
6981
2241
7792
4782
1824
7126
7484
8977
6440
7099
3799
1060
4584
4251
2496
2769
9001
2647
7380
8984
7888
7107
8745
6591
15
4121
3307
872
4658
4414
2236
6390
4761
2617
2433
2621
1132
31
2418
4427
5971
4984
3428
5329
3632
1476
3714
4923
2935
7195
6254
5839
7415
7789
5558
5810
6777
3702
4188
4920
2798
1676
6195
2004
916
719
407
3157
5210
7316
2038
8633
5378
2394
2478
6748
5815
5473
5834
2669
6207
893
5530
4262
6885
1019
8507
4844
7189
8927
2741
8910
93
4809
5801
8854
8044
5936
5449
5
7894
8187
7995
4020
6348
7845
6370
7272
7487
7584
6415
3996
3997
6077
5900
5832
8908
8526
8950
8948
6762
5693
4292
2941
4811
7044
4692
6641
3492
6977
3854
8689
7566
3207
3752
2396
7121
3508
1497
5857
5588
2937
2897
5080
527
218
6322
492
746
16
2385
205
2687
2801
2331
962
8009
1012
2900
1016
6536
2686
3093
961
1834
3819
5585
3251
7211
2605
6957
4577
5809
998
5021
968
1876
1562
4228
4731
2622
4686
274
2799
1438
2442
1777
656
3351
7976
3420
5882
6000
4901
1295
1500
474
2709
8131
2581
6731
5134
726
1816
1331
6676
2368
1810
4895
4316
3377
6798
2981
4366
7130
3218
6880
869
2982
785
6744
7204
2775
7135
844
1504
4086
8777
5440
7979
8864
4076
2300
2752
8511
5729
2346
8574
2404
7577
2248
3199
1032
6243
1739
1017
3210
7840
1870
3805
8614
3693
5033
8207
2689
3176
886
8482
996
8191
2829
4394
885
988
5226
1419
2186
419
828
2912
3387
3860
7245
2688
4649
5850
3160
8920
7502
1041
1525
2506
786
1047
6803
5458
8827
8810
3540
1173
8039
8699
6985
3268
6999
3584
7759
276
6743
6850
6643
8239
5947
499
6162
4987
802
999
8268
4846
2427
5873
1517
3587
1582
6658
6669
5470
5968
1037
7757
76
5433
1114
7096
4765
3394
3560
575
4666
8609
4161
6760
2770
2516
6178
3604
328
2609
5597
5568
5000
4349
4603
6132
4389
6832
4706
8169
2344
6186
2892
1631
5165
1429
3503
748
8700
8730
207
2802
380
3238
422
3871
8914
8228
8772
423
6840
743
5168
3709
1040
6234
5952
1508
6686
1501
2583
2437
1336
4255
2082
1513
1794
2318
3296
3456
2651
5012
1516
934
1029
866
498
2440
6565
8530
1010
7180
5888
5600
3649
6724
2473
839
4375
1696
1028
2078
4177
7583
111
5312
973
3863
479
6858
3431
3194
6367
8392
5985
8620
3761
3479
8525
9010
3639
5122
2434
4238
3344
8712
8831
7720
6566
3615
5787
8612
8133
5840
7155
4632
5097
8799
1472
6509
7439
931
1008
6498
714
7444
7254
2531
1985
8388
4569
1474
3101
3730
4029
2925
5812
3522
268
6862
5009
401
1225
3028
6650
5208
6811
2793
6751
4270
5489
3655
4893
4045
6966
8404
1702
956
3081
1303
1330
8848
1839
2730
7171
6757
2409
5515
8650
5218
4153
2347
2570
1394
1358
1147
2481
7311
4246
6493
875
5965
5291
4108
144
140
7841
4135
8667
7381
8857
7228
4885
8865
3430
1346
6662
8491
275
3751
7208
5945
4024
2764
2513
6276
288
4696
2398
5365
1819
2438
4738
7089
5699
7147
3507
7897
4876
5703
8979
1502
750
3608
798
2352
4933
619
2902
4795
4830
5772
6123
4718
8722
6021
4552
7766
1014
5179
762
8362
6863
6582
2268
7222
7827
4886
937
3024
7090
4605
4837
171
7160
28
2668
8783
5127
7036
6695
461
2425
4911
5498
7809
6185
7843
7355
6148
6615
7844
6283
7706
6617
1131
1193
8484
997
1980
2815
2792
5833
711
4925
7818
1236
7034
1660
7250
3575
3964
6856
3895
2155
5825
1569
8892
6774
892
244
2441
7016
313
3408
3095
3086
5923
6944
7826
1663
7011
8781
8923
753
5980
1253
3258
1831
7569
6400
6183
1395
2898
1036
2533
1608
1836
943
947
608
5828
6223
7108
4740
5046
427
4585
2096
6339
5779
6950
6995
7371
5088
5707
5830
7196
1636
5053
2183
971
2367
8607
6203
8014
2335
3078
8583
1101
697
8636
3292
3457
5618
793
6294
6039
2677
1959
1734
700
3880
1901
5214
938
1059
6993
742
4191
4101
4401
2460
3947
7022
3029
4220
4903
4368
5198
5569
8807
4098
1379
