item_recommendation
25737
8571
7872
7541
8093
8327
775
8117
8360
8183
731
980
1003
7697
8420
8207
8225
2686
1507
401
984
1907
1513
1777
1812
8447
741
7782
4550
5765
1870
8253
7914
7613
1523
8743
8522
3235
1739
626
733
8070
8154
2300
1472
2659
1053
5515
986
976
1317
8859
8033
2647
6970
7437
8403
745
8899
7669
7234
2769
990
3232
1744
1580
869
1515
7560
5198
2761
1006
888
858
8477
3188
2159
1721
4366
8661
5723
5742
5980
7938
2937
718
1624
735
1771
7802
2798
3081
8290
7649
885
3816
998
2966
1525
951
3377
1288
5159
4638
5909
742
7478
8261
2288
2786
6154
535
724
1688
129
6195
3051
964
4584
2982
1816
189
5410
656
4821
8596
2775
8998
4262
266
3587
915
1834
7282
8376
8136
1187
5729
725
7786
205
1852
4941
695
1004
2668
5772
685
2605
213
8003
7881
3324
5312
2385
1021
4911
3368
6211
4349
4740
6073
3875
48
4437
2407
2981
746
8410
2688
659
105
313
5008
526
6178
7636
1437
101
474
4731
938
2780
8709
2496
969
1562
8879
3805
1060
2935
2741
5186
3417
8629
8499
6728
8772
1020
2832
5689
2427
2815
1225
2534
3028
439
4577
2689
1363
6355
2976
828
4795
2651
5556
5784
1783
4404
1690
1750
5177
6826
1767
7728
5254
2146
6579
1046
2415
6395
8761
6918
870
3211
4076
218
1759
8777
1346
2078
798
1997
5662
3795
872
1057
5269
8665
2772
1017
3238
4600
5038
960
5275
1500
4171
875
2687
2227
4718
981
2829
4801
886
2399
1696
2465
7186
2202
162
1349
1042
1841
2350
1608
2494
8961
4079
1959
3134
3068
1063
1186
3042
167
2922
161
3005
1204
2866
3177
2789
1226
2766
918
1233
3150
3147
2793
1104
2478
7888
647
2403
2074
99
2285
2364
1616
2715
1080
2633
2596
2215
1388
704
6260
2212
2617
8451
1476
7407
2912
5834
1497
7038
3210
8235
2570
893
714
5825
1367
743
2120
1026
2892
8642
1132
285
955
3292
306
8914
2325
5139
2383
6902
802
1819
510
2393
6630
5264
7260
1504
1032
1030
720
1951
8654
4923
2207
278
2799
2429
991
2600
2178
207
8920
6243
6314
2660
499
2507
8462
7587
3924
3928
7445
3707
8840
4639
8833
3263
6932
7944
7698
5936
6609
5853
4246
880
6612
2546
2582
2983
2843
2858
2373
4088
2335
47
4809
6062
2154
1095
1689
1130
479
5715
9001
8633
2082
1184
5666
5398
3936
3334
4241
8187
8589
5768
6077
3702
2961
1972
3071
5218
4432
5672
5839
6091
3889
816
973
3307
2975
1909
1429
337
962
1796
988
5810
1474
3101
4569
3730
4029
7577
2634
5161
2155
7245
1730
1085
472
5791
2009
4873
6390
327
5470
1012
1788
1517
2284
7272
1556
1668
3668
4153
4936
848
1836
1625
3709
274
5443
6744
2043
9004
8819
5288
8636
1033
931
1985
5787
1929
2986
2504
2669
2062
965
1428
1822
547
2581
348
3127
8385
8722
461
1821
1330
2521
1059
1508
5888
7126
2439
2753
7878
4830
2676
5655
2801
1831
1147
3604
7995
1040
2442
9012
8591
5675
3251
1444
507
7753
3489
6493
498
3006
6530
1099
785
7831
7809
3218
1218
113
2039
3819
2342
1438
1928
2482
232
5365
5808
4337
2351
45
947
5134
95
4251
750
2752
2770
4273
1197
1581
3408
719
3714
1526
3113
1713
968
1876
4284
7894
1037
183
2366
1358
5449
2324
2451
2432
953
2897
5413
6408
2946
2835
3996
2318
1047
1501
2621
5114
5193
2347
1966
748
5585
4691
1639
7789
707
4440
8689
2090
135
5117
8157
1970
6684
3456
243
4511
589
1925
3584
6365
8121
8903
1301
950
276
8977
7487
949
2493
1804
3194
2704
4263
2388
3428
1549
6051
726
5323
7619
3852
879
5296
3608
3434
4111
1078
8580
2195
2583
141
2418
196
3256
1769
4895
5597
1196
390
131
2696
2573
3540
1228
1395
3125
8604
5202
485
7932
1715
2473
7792
492
8943
1331
937
3388
8056
4765
6985
8699
3086
3024
6636
3010
5352
482
2194
8848
3140
2820
3093
5707
1873
1192
2577
4380
201
747
907
6404
3753
8768
5473
3868
6751
7228
3575
1077
2572
8336
6718
999
460
3176
2374
2517
1531
7492
322
2046
963
339
375
2394
8607
2448
2134
4532
2567
7748
2069
1652
970
7139
1518
1598
5641
4399
1636
2032
2327
7101
1784
5489
2021
2630
2990
6279
2560
3199
7979
93
366
934
2236
6678
5165
7293
4696
2730
2939
1991
1327
4932
1013
2498
1794
1824
6658
7934
4658
2091
7815
2339
7204
820
1544
410
905
4312
7254
2864
8910
4255
7263
71
6473
3646
34
2331
6121
3522
5968
3041
516
8675
1901
1150
1111
2956
2513
6436
2925
493
1653
5346
4427
5611
1286
250
6286
5693
29
2231
2334
291
3649
3128
4546
5182
5705
1860
6706
4782
4401
2440
419
1671
1209
4748
3066
966
4945
1935
1779
4727
5033
2424
700
3859
3693
4652
37
2204
2764
8684
3723
5553
3351
2699
1145
4645
6760
3882
5214
580
2052
996
936
2422
5745
2296
3759
1087
8484
4626
861
2500
3563
76
1161
15
1015
4608
916
5815
5952
531
5718
4844
3354
5752
688
4815
1660
3160
2416
3398
3552
302
4420
3860
8239
3780
4987
2514
5053
1354
8795
7083
5283
5506
7199
7250
6793
3673
5300
6690
7117
3695
3664
3661
5505
3618
921
5231
5315
4767
8196
4018
4745
5777
5792
5841
1610
8584
4465
4459
5450
4175
4140
4865
2697
6323
5694
8363
8957
5682
6774
5588
4585
6047
2516
3880
3264
1859
5710
4680
2183
2674
4383
550
5282
3281
902
2726
2618
1307
5699
3007
2979
2548
2182
1479
2709
4101
6035
3425
1125
1076
6022
1826
4984
4963
7757
1545
372
6042
3430
835
1010
5985
8524
5071
6509
6513
2915
84
8273
2628
7444
2186
3120
3483
8807
