item_recommendation
25737
7872
7541
8327
8571
7697
8117
8183
8093
775
8360
8225
980
7613
1003
8447
5515
7669
7560
1513
8290
7782
731
8403
7437
5159
1515
8772
8596
8899
7914
6154
976
1507
5742
8743
4550
5723
8033
745
6970
6260
626
401
984
5662
5008
8499
8207
7728
5186
741
1812
6073
8253
986
733
1739
6902
5288
8154
7878
1317
5768
5765
8636
5715
5675
9012
5853
7938
8591
1777
5312
8136
8376
7636
2769
8859
3875
6091
4740
4731
2668
724
8420
1744
1053
8580
2659
6178
960
7234
1006
6918
1831
858
5729
3324
7649
4941
2937
1907
5410
8003
2300
2347
1870
951
6121
3188
4076
2982
4795
5198
1523
969
8998
1288
735
2686
1624
7478
8661
2605
964
3232
526
535
968
8720
3816
2798
5597
1046
695
8522
4440
4584
2688
1021
101
5666
8410
5282
8777
5177
285
746
4153
4366
4821
5323
725
869
893
990
2546
4801
5655
6579
5689
864
6493
5275
266
7831
8699
2772
5710
915
4316
647
6751
4649
4437
6355
1042
48
3235
5264
885
6835
5254
1690
1187
2761
888
1057
5365
798
2912
2780
4923
8879
1020
7254
2832
5834
2183
5038
7245
3334
2956
3489
2186
5443
2288
5398
7260
7171
2976
2440
3377
973
2935
4241
6314
1816
6047
5752
3936
5611
6760
7204
998
4016
8961
1037
2513
1852
2120
8070
6547
947
6513
8848
5808
5839
1059
3051
2687
1017
1004
2647
5055
3368
3417
719
3584
2496
8629
6103
1026
1771
5968
2651
5732
4765
5053
5139
6404
2983
2582
7407
748
6408
5363
8462
205
659
743
4727
5936
2385
875
6498
1508
1030
7186
5641
2696
6294
1721
5699
1562
6676
2473
3238
4976
1688
1104
3819
1472
1750
2786
3758
3408
656
3307
8807
6803
963
3889
750
6630
1192
6826
5466
5285
5735
1437
1819
6436
5672
6774
7771
2801
961
880
981
1608
5795
6225
8142
4312
2342
2227
720
6718
7802
1060
129
8665
3359
955
6684
6728
3611
6422
2154
3759
5161
3194
2548
5815
1767
1147
6985
4420
1581
3081
1014
7419
8524
1580
5572
1008
2572
8882
8607
6963
2741
7346
5625
4830
8943
189
2383
6035
870
3702
1501
8147
4980
8768
8275
6706
1980
4079
5684
953
6800
3851
2009
2427
2534
970
8542
2441
7786
1012
4577
4246
7078
5400
2892
5243
3668
8920
2478
3500
5170
965
2335
6331
912
6375
6896
5003
8828
7235
5670
7947
5056
4929
8921
5696
7919
8949
7198
5401
7309
5034
5685
5577
7822
6887
4477
938
5836
6341
4967
4638
1783
4404
2981
8966
5667
7791
5517
5373
5686
5678
5004
5001
5680
8709
1873
8640
6060
3499
8123
8366
6732
4889
5847
6105
6851
6754
6852
6342
3491
6464
5826
8610
7153
7017
3497
3957
8785
8582
6584
6432
5746
8130
4677
4300
8371
5940
4450
7063
3654
4832
4104
2640
8872
3284
7357
8672
8197
7702
4263
4833
1617
6645
2184
865
8838
4873
7293
4600
1367
472
2993
718
4171
5796
5736
8158
3825
5690
5700
5002
8985
4994
8955
8423
8372
8835
3150
2415
474
9001
828
5772
4680
1363
2660
7888
7012
6768
6612
4834
2521
5462
8138
2815
327
8840
6932
3928
8833
7445
3707
4639
3924
3263
7587
7698
7944
1822
4428
886
1301
1525
2689
1876
3241
3096
1132
8689
2829
1660
4999
4262
2654
4809
218
1047
3173
4401
4718
833
8642
1951
1696
485
3456
1834
2118
2407
6232
7881
5085
802
4105
105
8235
1225
6827
6533
1209
3127
785
3795
232
8042
3656
2134
872
2155
3402
2799
2399
4911
816
6286
6470
3495
700
3093
4095
2770
2428
4963
3211
2494
7263
5693
1078
3388
892
1909
3608
1631
3604
4984
113
2766
1018
2866
5413
937
3125
1997
1125
2835
45
3880
5203
3649
1959
1040
4895
1161
3086
2078
1479
4251
9004
934
1517
6195
1358
3805
6296
4532
4101
1032
2570
2966
994
3575
2764
1429
516
1636
7894
1582
4349
6678
5375
5418
6530
213
1233
161
3428
461
2236
7619
8261
7753
7208
918
3147
3177
3134
3005
3042
1204
3068
1226
2922
167
1063
2789
1186
1759
306
2090
2325
6243
1084
162
5419
8638
2617
2504
2843
2364
1099
5504
4658
4936
6609
685
2062
704
510
2074
2393
2403
99
2715
1616
2596
2215
2285
2633
1080
1388
848
2046
8477
2159
1730
8654
2146
1841
4979
2975
201
2197
3522
4861
7038
6368
742
5291
6744
4782
4878
4228
1013
1805
1394
1497
8761
3210
5356
4996
1184
7764
3140
2212
3714
1518
3251
8056
4981
5193
5810
5449
507
2374
4903
2418
2730
2340
2774
1218
47
879
3218
3292
2517
793
726
1010
1056
7502
479
2858
7126
460
962
786
5909
278
2634
3006
4736
3753
5218
6211
1095
5135
1444
2429
8385
5117
2775
2043
3071
1972
5891
1500
5346
5585
2465
1428
3357
2416
580
2793
6509
6365
274
999
2188
95
2284
1438
1476
6390
1689
2082
8387
1145
2481
1111
5518
1085
2669
2621
4490
4696
1196
2600
4298
2990
2318
4432
2581
3028
2327
499
3256
3113
714
896
4987
5745
3207
4162
4945
492
2439
1929
4691
2458
5440
348
8977
3358
7792
5787
1836
1130
8451
916
1493
1860
5167
2986
4686
2442
2039
991
4045
747
7282
2366
498
954
196
5352
2880
155
4380
3159
5199
16
1762
2507
131
3709
4735
8722
2207
337
1033
2241
4645
5470
1152
276
8684
1715
8781
313
4678
3632
6093
3445
2925
2639
966
3892
3262
4888
3784
4643
929
2394
5888
2792
844
4326
2897
3152
2368
8589
3751
5498
2398
1049
945
3354
3199
931
2573
2482
2753
3587
2946
6318
5980
8576
2419
1970
547
6207
8910
996
8633
988
2985
4043
291
4354
881
2350
2567
15
1752
1346
7272
1702
8865
2709
2178
8268
1422
2802
1286
2752
2938
2202
1556
4414
2796
3160
2827
2464
2231
4247
3387
