item_recommendation
25737
7541
8117
8327
7872
8093
7697
8225
8571
7649
7437
4873
8447
8003
7613
7914
7394
7560
7334
6862
7064
5445
8360
8253
4236
8290
4432
5864
6140
6502
7669
6550
7193
8183
6297
3716
7115
6525
6918
4854
8033
8070
7958
5372
8790
6867
5893
6676
5958
8189
7018
4322
5446
8918
8420
7478
4441
7360
8207
8056
7636
7802
7448
6290
980
8477
8403
5159
5952
7299
5153
8235
8961
6365
7782
8522
7728
5723
8154
8772
3377
8499
8743
8684
7505
8385
6154
5971
6178
1003
2759
5264
4862
5515
8661
8167
5597
8596
8998
7293
8899
3909
6970
7008
7407
775
8761
1870
3235
5008
6355
6073
8410
5980
3368
6624
5662
8819
7311
4550
7165
3232
5765
6091
7938
7282
647
7086
7085
7878
5117
7738
5909
6579
960
7245
6751
89
9018
6493
4427
6826
8636
5742
1367
6902
8859
6260
7234
731
8879
4842
7976
4920
7186
5186
2659
6314
6728
6383
8376
8136
8670
7753
3875
8709
4821
6121
8665
8589
1513
5729
266
8654
4941
3816
4740
5312
6559
285
969
5715
8482
8633
5968
745
6791
5936
5768
5839
4885
5033
2651
6760
984
7254
5288
8580
5853
976
6609
4731
5675
9012
8591
7228
5296
5410
5815
7204
8039
626
5620
2769
5938
6840
6703
8261
1507
8187
5655
4722
8777
7888
6513
5568
3281
7831
5413
5913
8943
8607
8462
7705
5275
7272
4761
4809
695
6835
2650
7932
4437
4414
6390
858
2764
5693
7577
4076
1515
6404
8910
8699
7171
3188
2300
3324
6116
8142
5666
724
7502
733
7099
4584
5305
1523
5689
6047
8807
1035
7078
4911
5425
4945
4366
6850
6684
4765
7786
7263
2647
6718
6195
6706
5611
5139
4355
6211
1907
6748
7809
1317
5699
5282
5641
986
5177
5291
7771
2038
8524
8629
5038
4795
3587
6630
4005
4846
6530
6832
2605
6103
7881
8491
6803
8008
1844
5198
5710
4153
4420
6568
2624
4577
8827
6446
8720
8451
2780
7160
5832
3489
8977
7096
2688
5254
5323
401
6768
8121
2478
4782
6021
5772
6591
5752
2594
5732
5433
2288
6436
5926
4417
48
4262
8268
4121
7789
6294
3213
5151
2275
3417
1187
8484
7990
7764
2898
5888
6318
1006
6636
8542
7121
4984
741
5857
6516
6547
6243
8751
6422
6977
6207
8848
8781
951
5625
7208
659
3307
4251
8920
2374
1437
129
7995
3238
879
8675
6077
6408
3819
5850
8689
5398
4241
7260
3936
3334
535
189
1767
101
5443
7619
263
1352
5363
5825
5365
6521
8695
4923
5193
4801
8903
5581
8507
3157
3871
5834
7055
7492
6774
3028
7817
7107
6000
1288
8864
1812
8511
7487
6896
1777
6721
6985
880
8157
45
4255
4638
6612
6798
8576
3854
6695
6331
7135
4878
915
5134
7743
6203
4895
6148
6242
3584
6440
3127
5473
2982
6531
4914
7038
8604
8882
2407
2696
5808
3646
2935
5940
8768
7456
6932
2956
5352
6509
3604
1047
6658
6279
1839
5489
1053
5012
7897
990
6035
5553
8275
5466
526
6498
8979
6157
3313
5498
964
7020
2654
4194
5795
3668
5226
1580
1021
4967
2062
1744
7894
4844
2347
1508
8927
8147
7415
2660
7720
8892
3996
725
1455
3795
5329
2183
2513
4079
3707
3928
7587
3263
7445
7944
7698
3924
8833
8840
4639
5214
2937
7583
3608
4727
1046
753
6225
7346
2496
5021
6464
7484
8642
2548
955
2473
947
6286
2686
6571
6744
6298
6051
5203
3194
7211
7822
1739
3889
4095
5801
4718
864
5607
4691
912
9001
968
6739
2154
1012
2227
7759
6641
472
6375
7380
869
6584
6887
5210
961
5080
6341
4263
5055
8614
4649
3173
8044
5927
2998
4976
5458
3882
3805
4316
5285
5588
5304
6562
4440
2212
1624
8640
4477
4980
5684
4552
2009
8914
7892
1581
2798
4016
2932
998
735
962
5735
5202
7016
6395
4936
2418
3284
3758
4600
4066
3799
4188
7419
3359
4901
5470
5672
6678
6800
8906
7979
8638
4903
2730
321
5046
5449
4404
9004
5787
8984
6480
6400
5243
6162
965
2318
4462
4605
8722
5836
8625
6963
3210
973
3093
3632
8838
1816
7840
3851
4840
5161
6348
5572
8616
954
7316
7357
8813
6662
8366
7748
1771
5099
4108
7198
4246
6031
1059
4228
1824
5170
7919
6743
8009
6762
2609
7757
2186
1192
892
888
7034
4680
2415
7126
8453
3292
8123
7012
1831
1750
6470
4830
6950
6232
6827
8808
885
6234
8835
6645
2184
893
865
5053
5558
3176
7566
3560
5462
6342
5400
2640
5373
6852
6851
6732
7017
6754
7063
5401
5696
7153
5686
8828
5685
4450
8872
4677
5056
6060
8921
8949
8955
8966
4832
8985
5847
7235
4889
5826
5034
5796
5746
4929
5736
4994
5001
5002
5700
5690
5003
8785
6105
8672
4312
7309
5517
5577
7702
7791
3491
3497
3499
5667
3611
5670
3654
7947
5004
3825
8130
8158
5678
8197
3957
8371
5680
4104
8372
8582
8610
4300
8423
6432
6885
656
4033
2801
5745
31
3997
7584
881
7762
8948
2941
8908
6415
7044
4692
4811
7845
6370
8526
3492
4292
4020
8950
5900
2617
1617
8138
1004
4834
1057
1024
3428
7219
1060
205
6201
5810
2188
3251
8392
6650
6892
4833
3714
6777
3693
6533
3752
953
3096
4428
6966
218
5899
5538
5718
2844
1042
4999
154
1336
2120
3702
6114
4002
4401
8239
886
6132
1438
4963
7051
6957
5146
3241
8014
840
7192
1147
232
4515
6880
7792
2453
3163
6535
743
8387
1819
8228
6377
4105
4658
981
5809
3218
2912
7189
2340
2458
2892
2704
5075
485
5707
1805
5085
3515
7585
6981
3387
2752
7130
5556
2668
3656
5873
3500
5585
8194
1562
2983
2582
4987
7371
2622
3402
5378
963
7818
7136
6230
5419
2546
2976
3467
8057
4848
7812
4090
3038
3266
8915
4688
7150
6378
1636
6448
6686
3445
3495
7315
8530
6927
1804
8254
4369
3250
6296
6186
5164
6143
8609
4491
4861
4162
3759
2775
4171
