item_recommendation
25737
7872
7541
8327
8571
8117
7613
8183
7914
8207
8447
7697
7669
8093
980
775
7560
8360
8225
6073
401
5515
7802
5765
647
5410
8522
7649
8420
8253
5597
285
7782
1513
5159
8403
6195
8033
8290
7437
3232
1120
6579
5556
1145
1003
1907
1562
885
1523
6154
5772
626
5742
960
4550
2686
793
6211
6365
8070
5312
5198
7478
741
1076
798
4246
1870
8003
7938
5715
5689
8899
1507
5723
1767
1744
6493
858
6178
8154
405
6970
7636
1111
2605
8261
1161
5980
6918
129
526
7728
5177
8477
984
6395
4577
4731
7407
2300
4316
731
8998
5186
1739
8772
8743
888
48
1046
3587
479
1812
2935
1777
976
1317
3324
1580
7245
718
2227
4584
745
5008
3368
8056
733
986
8235
8859
4830
4809
1059
3489
4748
7282
4088
4795
5398
5269
1320
5538
5134
140
6355
1816
5784
4649
135
5139
8661
875
4076
4703
1515
2062
969
5315
1631
4987
2659
535
5729
45
5038
7234
5470
266
5254
1783
7260
5666
7878
5662
1711
990
6902
8499
1073
1525
1472
778
1707
1831
824
1479
6091
695
6636
8722
5825
3357
2769
1779
3377
8596
3235
1053
1099
5264
3292
232
4941
4366
3936
4241
8879
828
3150
968
1819
1608
4911
7932
2202
1288
3334
4515
105
2159
1791
2186
3086
472
5787
1771
6408
1549
7809
659
422
869
880
5069
5498
872
6436
8777
2687
5413
4821
2815
4458
3608
5288
1535
7995
656
4638
1696
7577
3816
2427
3604
5808
8629
407
101
5443
1196
205
1437
2288
6559
1721
8903
5193
8376
8136
5655
2494
8157
3210
2966
7228
8684
1788
4873
2761
2745
8848
8636
764
1852
8451
2832
2696
953
2688
742
3194
951
6850
955
5675
4284
2504
3093
196
2829
7753
423
4273
915
4600
5791
5768
8580
2801
964
2981
7881
2212
6835
6260
3889
3563
1026
6294
1552
8699
7186
3284
1030
4765
1688
2779
981
5853
870
7272
735
263
2243
4414
412
7492
2892
1147
4437
4740
4945
2786
2676
6404
1624
3238
4632
994
1404
1702
6140
4084
7979
8604
5161
970
724
844
848
1004
1006
16
6446
670
2770
1040
3875
8591
2780
276
685
6609
2775
474
3211
5114
7121
8943
461
522
5433
2441
1891
6476
144
6482
4079
8675
1980
4696
5952
3408
6751
4101
3751
6803
3428
1021
8761
2399
3188
8385
8187
498
2741
4861
2689
2478
6658
4262
3133
8410
425
746
183
1569
1497
2385
1020
2374
963
2793
499
700
3140
1187
4923
4920
1060
3081
7204
4673
9012
189
6121
2415
2798
419
2937
4654
2819
155
2956
3349
7789
4378
966
998
5182
3434
5202
4634
2496
6690
1024
4420
5672
881
1834
748
5352
7293
6571
864
2340
113
8961
8607
1804
1997
1057
6077
996
5699
3780
6279
1286
275
485
6390
4801
1844
5989
2582
2983
5365
5055
327
720
6498
1750
1125
714
3152
57
3354
2231
7263
785
8977
7619
816
162
7444
2128
4386
5087
945
7139
121
922
2572
8910
5348
274
1363
8121
8914
6148
4383
3819
2467
2766
1042
2448
218
7738
34
2669
2982
1013
2752
2350
1769
4709
6760
3051
463
2120
3632
5707
3066
1959
1209
7250
8720
8807
4251
2248
348
31
5243
3702
7177
1508
4932
947
4290
899
6684
558
4658
6728
5611
725
6525
4016
315
1077
5718
3213
3522
1582
6051
2546
1826
2681
204
7786
1132
3370
2327
5053
5684
314
6774
1726
2207
2155
6630
6062
1880
1652
2507
4228
3854
2560
427
6547
8665
372
5224
233
861
4984
2912
8167
53
2465
5752
3359
896
1008
4802
482
743
4570
4401
5777
2835
2600
2753
2570
638
5909
1900
1715
840
2730
719
2647
3402
6676
7340
3758
299
7254
2485
2481
2545
2772
6826
2383
4404
3060
2596
2282
6985
585
268
4727
243
5275
7831
2668
4976
8524
6405
1310
2154
287
1581
6383
4865
7171
2236
1018
410
3552
1225
3398
2398
1453
3358
7394
6286
7115
5117
5735
726
3028
6473
3763
15
886
2146
8589
4263
5839
5588
550
6273
3649
29
244
2335
4278
6509
2289
4095
5641
3404
7748
8336
938
1670
3668
962
2976
1501
8795
8462
213
3759
1500
2366
4971
1657
8920
202
4139
808
6612
3024
5968
1794
2939
4060
5395
5705
1352
7934
5936
3264
1970
6318
7101
1419
2621
1010
5843
453
1502
1463
4626
5846
2130
1346
141
3879
1951
1427
1135
8654
1667
4947
5146
6047
2204
2347
5544
1192
4337
4716
2458
360
5346
1841
159
1028
2866
2794
1012
291
321
957
3388
5400
7771
854
7757
1839
2325
3127
516
3807
5057
5066
8970
3943
4140
6238
4960
4018
5283
5404
3695
5450
4749
5792
4767
3835
4975
3992
4465
4464
6468
4745
8957
4381
3476
5506
3788
5300
921
8584
4459
5366
3679
5505
6037
8544
3897
7815
5255
5231
3618
8528
5179
6387
3673
5694
5841
3664
5682
5299
4175
3661
4403
4818
5417
339
3474
954
2334
707
4310
2883
28
2173
3068
1616
1233
1186
1226
3147
2215
1204
3042
2074
2364
3134
99
1388
1080
2403
510
1759
2633
1063
2789
2285
918
2922
3005
2393
161
2715
167
3177
1184
8853
6341
704
2241
2495
3425
207
635
4146
306
3546
965
4055
507
820
4475
4815
1504
2407
599
4885
324
5372
3113
6422
4411
3677
4432
3010
5010
2106
6936
8611
919
6323
920
7083
2697
5994
6332
6250
6793
6228
8196
3326
5995
5111
7199
8363
3771
1610
6484
7117
5428
3159
929
5375
4888
3262
5199
3892
3784
4643
1531
1152
1218
2880
2828
3307
6101
1730
1785
3564
330
4162
2639
2373
251
4964
2200
1901
4921
5
5427
4171
4619
6155
7899
8387
1104
845
1354
2440
7888
252
2306
4332
6022
893
5323
7419
6832
2342
2459
2082
5888
374
3584
8768
582
201
2548
5815
2634
47
