item_recommendation
25737
7872
8183
8327
8093
775
8290
8117
7541
8403
8225
8772
731
5515
8447
5742
7669
8596
5186
6902
5662
1513
7437
8499
7560
7613
9012
5675
6154
6260
5768
8636
5715
5288
5853
7878
8591
7728
1515
6073
5159
8360
7697
8571
8580
1003
1317
401
1507
2769
8720
1739
4550
980
8899
869
7782
4740
6091
7914
5282
8154
5723
6178
875
1777
6751
6835
5765
4731
5275
3875
4440
2513
8033
5597
6970
5323
8777
8699
4076
8136
8743
8376
5672
741
2798
8410
1812
6918
5008
5466
2546
986
5410
745
6355
1192
1870
7831
947
5968
4976
864
2983
2582
6121
1053
1508
724
6547
7649
8998
1523
4153
5572
5729
2956
1909
2832
3489
5655
746
5055
3611
5312
5666
5752
6513
7171
5363
8003
5732
915
5735
2120
5710
6684
4016
3758
7254
7478
5940
626
5462
6408
6645
2184
6760
2982
5699
6035
5839
4834
5243
865
5936
5696
5625
8142
718
798
885
984
5170
7346
6584
8835
4104
7947
5177
7919
6706
8838
7235
7245
6754
7309
4241
4312
6732
7822
7260
6718
8848
6676
3284
6852
5056
3654
8966
8882
7419
4994
3499
7702
3497
7078
6963
3491
4889
7063
8955
8949
8921
4677
8943
4929
7017
5001
5002
6800
8985
6803
3957
7791
7198
5038
6851
3936
4727
3334
5034
8872
7357
3825
6887
5004
5003
7153
7771
4832
6896
6436
5736
5285
5443
5686
8138
8130
2640
6331
8123
8542
8147
6341
5685
6047
5684
6375
5826
4450
6294
8768
8785
5689
6105
8275
5401
8372
5400
5398
5690
8672
8607
5847
5373
6060
8197
8158
5836
8524
5680
6342
8807
2696
5815
8366
4477
8610
1617
8640
5667
5746
5796
8629
6498
5795
5641
8828
5517
5670
8582
6422
6464
8423
5678
8371
4300
6404
5254
6432
5700
5577
4428
7012
6768
1750
3241
2383
6470
4999
2801
2668
4980
2976
3096
4105
5198
6296
3851
5053
3173
2892
4878
5085
2186
735
3495
5808
733
3500
6533
2686
2774
2687
3359
893
8207
4795
3759
6827
4095
1819
976
2440
5365
2534
4532
2118
2473
1497
4765
1690
2090
1822
4316
5203
1525
6286
2548
2651
1057
2183
2761
5504
3753
2347
4833
892
1852
1006
5135
4263
6232
7204
2688
3238
3194
2937
5693
968
6774
964
4979
5139
5419
8042
7636
1805
4298
1624
3051
990
2772
743
960
4490
4462
8638
793
1831
3402
4680
105
725
998
951
1744
3889
2441
1631
1104
1501
6493
1608
1873
2993
5161
4401
4649
816
1688
6678
4996
769
3408
5418
6103
2689
2009
6368
2815
1980
2481
747
5313
1059
2770
1500
3656
2935
6530
4967
516
7938
2741
6093
833
2496
6579
4735
2399
8387
4981
1008
1046
748
1771
2354
5518
1860
113
1026
2654
2342
931
3211
2236
6225
2521
1060
1030
3445
2428
4923
1032
3584
1816
2572
1020
1580
1721
7208
922
742
2876
4584
1010
1084
4984
961
1018
1056
7764
1876
1288
3150
1783
2134
1472
5960
5834
888
2197
973
3819
2938
750
1021
1049
5304
969
205
2300
2835
2690
535
2573
720
4963
5891
2764
5264
8576
938
4420
726
2325
2600
1152
1504
2407
1518
5291
1951
1147
704
802
2393
2403
161
918
2364
2427
2285
1759
2215
2074
99
167
2715
2596
2866
3042
3068
3081
3134
3147
1388
3177
1063
510
1363
1080
1233
1226
1204
1186
2922
3005
1616
2766
2789
2633
2786
306
4577
2487
1807
1735
1997
8859
162
4691
1556
4686
2227
2858
5611
2365
2385
5167
1085
1841
7379
1959
786
1078
3452
3093
1040
1184
2429
1562
3071
1972
2159
3006
213
2288
348
1012
8808
8451
47
2605
6062
1004
762
1017
1581
788
2634
2146
2425
4821
1187
2155
6234
1092
278
1928
1730
507
8865
765
880
547
8879
1689
8070
101
1095
3235
4520
4801
4043
460
2327
2188
1907
2829
1929
7091
3766
8661
1218
4903
266
2843
8781
1042
2912
7293
719
2975
2046
2570
1636
6985
2500
5193
2289
7234
1582
1753
7888
963
2458
2465
6671
4718
4925
8332
1696
2946
2990
3152
6571
1033
4956
2202
4678
1367
2189
872
218
1755
2131
1493
2493
2178
4366
3324
3916
1036
5553
2416
1014
2439
1064
2753
937
828
2284
2669
327
2419
981
95
5218
1196
1863
4873
131
2231
1023
3140
1245
2966
1125
1752
5440
189
695
4079
912
1005
1286
155
2078
2780
2339
1382
2659
5498
1488
48
1428
766
824
2986
3113
531
1301
1429
2567
2494
2043
945
366
4941
2091
1225
526
1228
3188
1130
2282
4247
2751
2787
1177
779
2527
2545
2107
1715
1796
1282
1037
2039
1627
3816
3041
647
685
3388
1660
1549
4968
2655
3016
243
313
5909
8253
5009
1931
474
3575
907
141
3831
25
1526
2677
3608
2674
2755
3307
71
2182
3368
930
2424
3128
372
2731
2330
2577
764
858
2763
2812
2793
949
886
1668
2088
1733
247
2497
5384
4251
3880
3125
589
1925
936
3044
3649
2128
4945
2014
728
2699
970
2704
2324
2432
2451
2535
1667
2077
2431
84
171
2925
2730
1047
482
2526
613
479
2335
2681
8665
129
2647
991
1150
1394
201
8235
2360
2709
2200
244
2092
2482
3358
1449
2583
4654
4354
4987
4458
376
6450
1836
2864
1784
2981
2504
7619
3142
1066
1653
4045
2988
3604
3357
4158
4437
5214
337
2594
7407
349
375
4262
2130
4600
472
4101
3444
2735
2204
896
2915
8420
7394
8056
656
493
2979
999
5241
5375
870
707
700
2700
2673
476
2126
3702
5025
1586
2422
1625
2287
6509
4111
419
4432
2154
759
1663
785
3095
1791
3048
4830
659
1809
2193
3007
4914
934
291
4228
2616
4349
2725
1132
3377
8462
1035
2344
3064
2438
1453
4246
2398
2498
2082
7186
1517
2630
1161
8268
1148
861
4161
1981
2318
3417
1479
778
2827
371
2031
16
8920
627
2400
1797
