item_recommendation
25737
8571
8093
7872
980
775
8070
8360
7541
7613
7697
1523
7914
8447
8522
960
1744
8385
966
7636
1046
984
7669
2686
8056
8225
955
8327
7407
7560
953
1816
8183
5264
2062
7738
626
733
7802
2227
232
3869
6195
976
1907
912
2212
7437
8661
1024
8477
695
828
1003
1507
8420
731
7753
5909
4391
5017
48
994
6365
8235
969
8819
8751
266
8410
8154
858
745
1676
6658
4658
870
8761
5473
2241
3232
3368
4821
196
285
526
2340
189
7938
6579
4188
1288
981
5296
720
957
8879
5470
753
1281
485
8684
1812
2173
1042
5772
522
1020
4873
8604
3281
8253
1057
1013
8033
840
2709
970
4584
8670
1016
6314
1209
1026
5558
7649
1114
2385
8207
990
1562
7234
2506
8187
954
2935
8117
3292
7293
474
915
735
1767
321
2366
8008
1531
951
4600
1060
7782
6636
8722
741
2396
888
3188
8961
2374
7130
6892
1771
7817
6920
1004
8977
1497
2310
8654
996
3213
4638
5159
1970
1030
2659
3587
8859
1590
6728
2504
2897
45
8709
4809
4162
1515
1870
2772
2437
1021
880
5787
7728
1132
1019
5765
2496
8927
647
2802
1053
1652
1352
881
535
1525
6318
1331
527
4121
1504
2752
1476
8998
5611
719
5164
7705
1657
4349
986
2669
472
6322
916
2959
5210
2442
1777
7272
1006
7121
5729
4437
6521
5008
129
3751
6077
1686
8169
964
725
3845
9018
2398
2159
6143
2344
893
3996
401
5809
2402
8003
7263
8910
7444
1502
2346
1794
3324
6850
2647
4550
7478
2668
2415
2815
6000
1624
7748
4304
5723
1433
4936
4686
5410
7932
3235
7316
2468
6559
6669
2801
1513
2236
1582
2780
1453
1580
963
714
7099
7394
8290
6690
5117
5134
2370
6207
8239
4920
8167
2288
3668
2438
1145
1941
3632
5440
6254
3900
1482
726
5065
1639
6739
52
997
3709
6630
2860
7789
4911
1688
6550
3804
6832
4901
1702
3296
2407
2829
872
2204
1641
1100
4614
7186
2368
3795
7222
4632
5980
2687
6536
4366
2038
427
1349
1032
4432
2248
1916
999
8810
3863
7619
6791
1015
869
3816
4375
3081
7720
7995
6826
1031
8777
8665
101
746
8699
2600
8864
8609
3608
8228
8712
8620
9010
3761
7583
2434
8799
5122
8612
7155
5840
3639
3479
8392
6566
8831
3344
8525
3615
4238
5097
8133
16
4897
6039
4782
2605
4161
3176
934
7016
965
3596
2583
7107
961
1721
956
7380
6091
2004
656
2186
786
8596
1985
7204
742
1029
4569
3101
4029
1474
3730
419
3805
3428
15
5498
7171
2478
6211
6276
6885
6498
3420
861
3268
2798
6970
1569
575
785
5489
2937
6676
6615
4262
3602
5248
4941
8362
8650
6582
7827
5947
2268
6863
3655
2900
8914
3702
205
1834
4886
4404
7990
2154
3093
1367
6977
3508
3113
8499
1035
4722
7034
2367
5832
7577
6762
5839
5471
5801
5857
8745
7481
5936
4585
2925
7566
3492
2941
4292
7845
7415
8044
7487
4811
1824
5693
8948
6568
8950
8908
3997
7584
6641
6415
6348
5900
4692
5926
7044
8526
4020
6370
1516
1037
8261
3377
6856
2026
2799
7759
8009
971
4984
1876
1500
4414
5458
988
6395
6624
737
4081
6880
407
8403
444
4177
3125
7831
1148
8453
3752
866
1819
5803
839
4603
2912
2433
1125
721
1529
8530
6367
1393
3431
3427
1346
2447
7101
2138
844
3783
2617
2404
3680
7757
608
8511
2770
6509
2985
521
1696
1810
7439
7484
3696
705
2100
3118
4019
3598
3506
93
761
6339
5815
6003
1429
4801
4079
2981
6591
7250
8700
7011
3417
6999
3155
3457
8689
2427
6731
7881
6073
7195
8388
1633
4738
5387
3024
3786
1844
3868
6918
1401
2982
2689
3901
8633
5588
3370
2085
6390
8667
1028
8854
2902
765
4339
4380
4511
5619
7059
6329
6996
2494
2741
6643
3581
2350
2380
2975
5269
5556
5784
3989
1173
4088
1193
1798
3351
1517
8451
2699
3434
2966
5226
6538
7951
4076
2769
8848
2193
5179
2827
4927
2207
6440
1253
1643
2692
5782
2775
724
5378
2507
2300
2817
8984
7786
6493
4893
7135
4945
5534
818
2516
3163
8191
3754
900
2457
1147
6178
3687
1312
7347
4761
2521
1423
3210
7254
7840
2046
7381
1041
2203
7022
5718
1040
1303
2929
750
1472
4168
4191
2155
4626
1739
4837
8131
8491
6446
6116
805
1246
6974
2535
6552
2766
3600
4407
6565
7245
1444
6056
5873
3243
659
328
3140
3979
4010
4053
4011
3481
4012
4009
1241
4014
8865
4246
6724
3438
802
5846
6383
7979
1011
105
4992
7809
7036
2481
4663
1581
7189
6535
4024
1111
5585
1394
8482
5569
5168
8614
3067
5071
4462
1640
3882
8157
760
2363
3127
2096
1608
4592
832
2467
1535
5825
8903
6155
7899
4619
1012
12
2318
3633
3638
3689
8743
5139
2283
3503
3859
2660
5570
3320
5707
8589
7299
8136
8376
3875
5971
2884
6811
5888
422
7492
1211
7445
3928
8833
4639
7698
3924
7944
8462
3263
3707
8840
6932
7587
1099
3157
5689
3207
2098
1629
1612
2727
288
1440
513
3743
8675
879
619
864
6612
3560
2418
2439
7038
7211
3889
7820
1260
3150
2043
5438
1047
1973
4027
4042
4006
4402
640
4495
4415
6427
3251
3543
6877
667
697
5413
6084
4337
3604
5352
2560
1801
3710
1827
4605
1437
1184
1903
4171
2806
8923
7792
5475
4310
5464
4771
1120
1959
5515
6148
6218
4273
9001
6609
2003
3307
6410
2231
5312
3635
5777
6132
4051
5834
7311
195
5202
1131
2939
3646
2331
5114
2622
2114
2651
2171
3339
1660
1010
2311
7160
492
5747
218
1007
1419
4228
8642
2581
4440
2099
2631
1077
1873
7126
2570
6981
1225
3745
3980
2688
2837
4849
3714
7358
9004
3682
4326
3692
1061
3891
3343
2102
2313
4769
4251
2490
5177
4546
2082
5182
4846
7888
5241
2624
2232
1951
1078
1501
