item_recommendation
25737
7541
7872
8093
8327
8117
7914
7613
8253
7697
7437
7802
8571
8360
8070
8033
8207
8290
775
8056
6365
8183
8225
8477
7478
7669
6178
5980
828
7738
7560
7636
4600
2686
6195
8420
7282
8235
8684
1111
1513
7649
8447
1816
980
8167
1523
8039
8522
7407
8261
626
9018
7228
647
7932
8819
1744
7394
3232
7160
5772
7976
6559
5597
6073
8385
7492
2227
1657
1507
5765
3587
8003
8187
6211
7728
3420
5689
858
2212
521
1844
1870
527
7577
5159
5410
1711
6658
6579
1580
5264
7272
7299
7995
285
6000
1641
8761
2062
741
8903
4809
401
1120
7705
8675
4911
4920
8482
1907
8892
3900
6318
4121
1320
4658
6091
7809
8772
8511
984
2506
2159
5395
8709
5515
7121
976
3213
1046
3368
8491
1562
6140
2340
955
5033
8499
5850
7762
2504
4414
8410
7139
888
798
472
6355
232
1535
733
1076
7979
735
960
1777
2241
1497
6383
6148
5296
8722
5134
7293
6458
6840
4696
2545
7245
8827
6294
4366
953
3996
6408
5825
6395
8879
2605
3163
387
6077
8807
6493
6977
526
8848
1767
5433
1970
3133
753
2699
6636
8451
1552
6322
721
4273
3292
5177
4284
5117
6591
1639
5556
5784
5269
8998
954
966
2669
1652
2243
6902
6207
2779
4051
3060
1686
1437
7020
6638
7759
1504
7340
1148
5538
8777
2437
1145
2935
1453
1003
3947
8589
8661
4246
7990
5470
6446
1529
405
1020
5782
2668
8751
3334
3281
3235
4614
129
7892
7130
2829
6856
6918
5198
2300
1024
869
3604
7753
7817
1804
2687
1472
474
4380
4088
1404
5787
3150
1812
321
7484
1352
1502
6615
2815
1699
1739
135
912
8121
8743
328
6703
3377
3515
7107
105
6154
4194
8273
4612
8607
5312
7487
6826
1696
9010
3843
202
3751
824
731
695
2745
6850
8795
1702
1941
8910
7720
5046
981
2688
7099
1866
8695
2149
3086
8157
1788
608
7222
7177
916
5139
1482
8403
3324
4310
2248
6970
1401
6974
8654
742
879
1779
1336
7815
4972
5027
1531
6568
4748
7934
4440
8014
213
6748
7456
1500
7115
6624
839
3066
1346
8979
5114
2193
5182
3780
996
6728
4848
5808
1060
7016
4399
6690
6390
2620
720
5742
4262
7585
8604
266
1209
1916
3927
2681
3125
6242
195
5718
3602
2200
2892
3868
2966
1973
4290
1131
4605
48
8914
5968
2288
2741
5936
6051
881
726
4002
7458
6718
2453
7444
3370
6132
8239
1819
2565
1393
4552
4761
861
963
196
6440
2752
737
1433
4560
4846
2801
2202
6431
121
2385
460
6279
6927
7789
5938
1444
2152
7254
1264
2532
1196
2286
4901
7897
4090
4688
8915
8813
3266
7150
7192
3038
8057
7812
7840
6378
7136
3467
7899
2236
7307
8254
3412
6513
6571
1042
2764
8616
3908
5038
4649
1035
1053
8866
8871
8810
3354
7096
719
6476
3338
6502
3698
5226
3608
4782
2154
5839
5729
8600
5568
4417
1771
5633
2860
34
5489
1873
2219
4316
1688
5699
1408
8625
2371
5909
951
1057
994
6547
6751
4885
750
4369
1394
1476
6162
6760
3563
2730
3871
1640
7323
5926
2203
7055
3816
1078
2770
3646
2727
1073
7161
6197
900
4188
864
6290
7211
5815
3723
8531
5693
2398
1331
7311
300
7748
1827
3489
990
1013
3854
2173
3980
3434
259
7619
5193
16
5291
2912
4108
8636
2511
1707
832
1341
422
2204
1631
5991
6473
1019
5632
3176
7260
5254
3936
5398
5666
4241
4337
1132
3522
550
885
805
8194
1931
6454
5444
4754
190
3250
2282
3408
4326
3155
1061
3343
2102
3692
3891
3682
8943
2128
5707
1390
37
2310
6662
1794
222
7826
3339
1515
970
6768
5413
3379
1525
4039
5094
2147
3763
6348
3845
2531
2396
8617
2827
3152
3031
818
3272
1026
1212
1479
5734
845
8154
3869
5548
1125
2853
2704
1288
57
6400
7034
893
189
2144
4482
5636
6832
760
2835
5603
1549
1852
7881
969
3018
2736
3349
4945
2806
8336
6516
1317
7250
1246
6521
6084
7
2031
1253
4234
1329
1147
1608
3743
4660
1862
6450
3127
5791
5241
5500
8629
3804
6906
3593
714
4703
5404
4818
5053
2082
1726
746
7743
6157
6482
2521
2186
748
6739
6305
1281
480
4139
4941
743
8484
6800
1295
8670
5611
7713
6426
5443
2631
2802
2481
2877
2494
5065
2772
915
891
3264
2832
4342
592
3643
2195
5202
2176
2936
7051
7757
4278
8142
2374
4515
8263
8392
8609
6686
2442
6404
7142
4177
4493
870
580
3710
3427
186
5179
140
471
216
1347
1180
2016
1461
2012
1415
2445
2919
1356
1366
852
502
2921
1237
1984
2889
290
117
1238
2671
2916
3166
793
2918
3063
2920
3148
1040
4391
1592
1030
2927
2280
1746
2283
1769
7386
4821
872
1582
3451
3560
4974
4492
5629
5223
4684
3658
2882
4593
7380
5942
8633
1277
3786
5238
2734
4191
5021
5427
574
7502
1392
7841
2600
6260
2490
2002
3399
3989
5801
522
5684
5521
7566
304
2941
6370
8908
5832
4692
6415
5900
8948
8950
5558
4020
4292
7845
1824
7415
6762
7584
7044
8044
4811
6641
8526
3492
3997
6273
3210
6530
5210
3247
5101
5809
5723
2883
7316
12
4638
5857
4055
3626
1466
5304
1590
8009
2455
2327
188
6880
4645
32
4235
2611
6870
1880
6155
4619
3273
8808
3398
1839
6314
5069
2519
1333
4033
5475
1004
2769
2386
961
2214
1103
6182
6283
7706
6617
6185
5965
7843
7844
7355
5010
1015
5459
2696
3889
8699
5917
5080
6159
4491
8542
2971
2262
7564
667
7135
6944
6422
6676
6934
427
1791
3859
4954
4626
5873
4873
4771
5464
6803
2618
6237
4447
2712
1501
3543
3768
420
4914
5151
7186
2038
3051
4166
1969
2676
2306
3216
1721
2073
2304
6276
4971
7011
844
2839
1957
4383
3165
1542
1304
3053
1861
2206
928
3070
3069
2244
2810
514
1099
