item_recommendation
25737
7872
8327
8571
7541
7914
8093
7697
8360
7613
8447
8117
8253
8033
8225
7669
7437
8056
8070
7802
8183
8290
980
7560
8420
7636
8235
8684
3232
775
7478
8522
5159
8477
7782
8154
7407
5264
1523
8879
8207
8661
7649
8003
7728
9018
8167
7738
3368
6365
3235
1744
5980
6195
1003
8403
1513
6579
5597
6559
8385
7938
4584
7976
984
6178
1816
8743
6091
8859
960
7932
4821
8410
7293
1046
955
5515
741
5008
3324
2212
2659
3281
4658
4782
5410
8772
7394
7753
2227
4920
5723
8761
4873
5611
2686
129
7234
5765
8899
8819
1907
8961
526
1562
733
4809
4437
3816
858
5033
953
2605
8499
6826
647
731
2935
6918
626
7228
6073
8261
1767
5909
4121
232
976
1812
7186
695
285
4941
401
7995
2062
8709
745
4600
8751
6355
6970
266
1777
6318
888
8039
4366
4550
8777
1288
5772
8596
8589
5425
6728
1515
8665
828
4262
4414
966
2340
7619
8451
7245
1024
4696
5489
8977
4731
5198
1145
7705
8827
970
8998
1437
48
2236
8654
6624
8699
5433
8511
7809
954
3869
2772
969
3210
8633
4984
1507
3632
8927
7299
6636
4830
798
8903
912
8910
8482
8187
8376
5473
5117
5850
4577
5134
4638
7720
6658
2374
951
8136
4911
5210
1472
2396
4051
7840
3127
3420
659
45
6207
3188
2173
4795
6314
2288
7577
5729
3292
3751
2668
840
3875
2241
986
7282
8008
4076
4188
8864
7492
3377
1020
994
7786
7130
3417
2300
4079
6154
7878
4552
4162
3608
1771
4765
6609
4649
7160
1844
1580
735
8607
472
8670
1317
1120
6493
2769
5787
990
7888
4740
6760
6630
8228
7263
870
8491
6339
1794
8239
1352
2780
6143
6390
6748
7204
1831
1013
5662
7881
8892
6751
3604
1006
7583
8722
8675
5177
4391
1209
535
6294
5588
881
6509
1281
2186
3093
4861
5742
4936
4290
8616
1639
5312
2860
5186
8807
718
6322
4316
1004
2937
3668
6850
1652
1040
880
2504
2318
7038
964
7316
5012
7748
3428
8620
7757
7831
981
3213
8636
1042
2981
8979
3804
4761
6440
1053
7897
1057
4846
2506
4632
1590
1739
1870
957
522
5017
4375
8848
1125
6550
4171
8609
2159
1187
321
2427
6404
6902
6148
8524
2793
1060
8695
8169
6162
9010
2709
6612
2687
724
885
4923
8392
4246
6140
2688
7484
3163
1111
2344
3587
4432
4901
2496
1696
1819
4177
753
1624
7254
4194
5440
5568
5498
2248
4801
2798
915
7892
2752
7016
8943
5470
965
196
5296
4135
4101
1608
3854
7272
101
872
869
8625
4161
8810
1676
7826
3702
6521
656
6000
2155
4686
189
1721
2761
5936
725
6840
3996
4251
7502
1531
2478
3081
1783
1135
2779
8462
485
4404
8604
861
4987
5021
5825
6132
4605
1852
816
6426
6932
3863
5046
7456
7979
7171
6276
1476
8799
2434
6566
3344
8831
8612
7155
4238
5097
3479
8525
8133
3615
5840
3761
3639
8712
5122
3238
4603
3086
8642
5968
3113
6892
2660
4885
2704
3819
6743
4848
3354
4639
6383
2799
4417
1021
3924
7445
7944
3263
3707
8833
7587
7698
8840
3928
8388
3845
6676
2415
1026
7121
2966
7192
2912
8865
527
6077
3427
6703
8387
7458
824
2442
1657
996
7107
720
8014
1569
6395
2617
5834
2727
8813
8914
7817
2982
5193
7990
875
7099
5839
6832
2647
6650
2897
1030
1702
6920
6260
6242
1132
3307
1161
3268
3515
144
263
9001
1401
7762
1876
3150
5521
8484
6211
5161
2689
4394
3522
474
963
9004
2829
2366
6568
3028
6885
793
2407
8689
5815
3194
5689
4515
2775
2669
8580
678
8254
3467
4688
8057
7812
4090
3038
8915
3266
6378
7150
2467
140
6498
7136
5715
1970
5114
8542
8920
6436
2154
7011
8667
7487
6718
2801
1834
6803
961
2231
8574
2385
2398
5288
3575
2786
3431
4081
3698
4228
8866
1453
3655
2521
8157
886
3296
6669
2368
2439
5926
3408
3125
205
2609
1408
4349
8871
1631
1225
2925
100
8629
5585
4369
7585
2494
4462
3438
3051
6957
2437
3456
7161
7771
6744
1612
3843
1788
4033
2815
6927
4837
1012
2745
1804
3250
3402
5699
2371
4420
3882
1394
4440
785
2594
879
4039
2038
2531
4166
7894
2433
3714
5065
2976
8531
3795
2802
5952
2835
1497
1711
3649
407
4024
2583
2581
5603
1193
3710
6684
4191
6536
4727
6279
531
6547
3799
5641
835
7126
3218
6230
2741
5768
7211
5352
5810
6591
5556
1581
2545
15
427
4511
5038
5080
7789
8453
4491
5942
1047
2476
4895
4482
7177
5139
3518
1131
3152
1821
8617
5888
5254
6283
1980
6835
5053
3024
550
6513
6223
7444
6116
3207
1525
6739
1059
5655
5164
3489
7142
1582
1363
3871
5387
4284
6985
2404
1032
2200
2310
6615
4555
4878
5853
746
3889
2457
2144
6977
8591
6031
6721
4427
1959
2082
5675
9012
2817
3251
1147
2956
5534
5282
761
3351
6856
6446
7055
2447
737
4380
1196
685
8745
2975
2621
3199
6056
6502
2546
5202
6121
6243
5146
1866
5538
6686
938
6944
5365
916
2766
5304
8131
2959
4273
1367
4002
2570
300
1016
3563
1951
1331
3176
8808
6039
5398
1429
6290
5693
7036
4612
3173
5965
5570
2699
998
7792
5449
844
2078
8194
3900
5808
561
4235
2468
714
492
8984
3478
2622
2696
5346
3216
5101
3357
1641
3334
1529
2866
2004
4153
5291
3320
5443
8422
2347
4178
5025
3660
947
1320
5329
1508
742
6954
4399
4945
7415
893
5214
1916
934
3338
4933
2352
1404
6114
2533
7195
3247
8507
6961
6862
218
2832
2418
7481
5666
5226
3160
1365
4045
93
7020
5413
1479
5923
719
6408
1438
2120
1212
743
1535
1010
4709
4108
6530
864
4645
726
2633
962
5558
4304
1973
2073
1839
8268
3596
1019
7250
1699
2436
6051
8600
5530
7034
7260
3258
7135
5275
1826
2327
2021
2674
3936
