item_recommendation
25737
7872
7541
8571
8447
8117
7613
7914
8327
7669
980
8360
7697
285
8253
8420
8207
1003
8183
775
745
8522
48
7938
960
7560
8154
8225
129
1907
8899
8403
741
535
2659
7782
7234
984
8859
45
1515
8661
695
3232
8033
7802
976
3368
969
8879
1046
6195
1288
4821
472
8743
986
1812
5723
101
647
7636
5008
5264
1523
8235
955
5159
3324
880
8003
888
951
8056
232
733
7186
2374
7407
626
6579
4941
2300
8093
953
1513
1744
2288
140
1053
4437
2062
4809
1006
2605
526
3235
858
5198
407
1024
7619
5410
3751
8385
5515
731
1870
2780
2769
8070
5772
1004
8977
4262
4550
1624
522
266
6826
970
8961
5312
4801
3816
1771
321
7753
964
2686
4740
735
870
8761
6630
2772
6970
1060
7649
2340
3188
2937
8910
990
1021
5413
8589
15
872
1562
4076
915
196
1187
8665
2688
3428
840
5161
725
6728
6365
966
2798
485
8777
6390
5909
3608
5117
2415
1437
2236
1012
3113
881
659
100
1125
4658
981
2504
4584
2982
1702
4795
1507
1145
5787
6509
1525
2496
2212
4246
1816
4079
2935
3799
7577
1042
4984
4923
724
268
994
3632
3210
2227
263
1030
1026
1057
5
31
4366
885
3702
965
947
6493
4731
8290
8654
746
205
8689
4316
5834
8261
1581
2385
998
4404
8699
3604
6091
8920
6559
1777
957
2687
2801
1013
2793
1767
5588
8684
4638
1472
4162
8157
3522
8477
5611
2407
1531
6521
3402
6612
3093
656
3668
7263
189
963
3854
1099
3377
3489
3584
3194
6918
1696
422
1834
2154
2689
6211
5980
1020
474
7282
3127
274
1132
7728
314
3869
4414
5556
461
2976
6550
6609
2334
3307
2829
4577
5765
3408
962
4987
6774
8136
8376
1059
1330
3157
869
6744
7316
5365
4255
2440
2398
498
2173
8642
2186
2660
5689
1104
1819
218
9001
2546
5449
7293
6798
1582
1394
275
1367
5177
6835
1980
8772
2248
4432
832
785
6207
4936
3928
8833
7944
7698
3707
3263
8840
6932
8462
3417
4639
3924
7587
3875
7786
7445
8387
5246
8268
2347
2425
4830
1652
954
4649
1631
5053
4228
2570
2082
2497
1876
2799
16
1010
5810
207
4391
3218
327
700
6243
1352
5139
2572
8228
1358
8008
2478
8620
720
8865
5460
3456
3587
3795
8927
6318
7894
5597
726
2494
1517
2741
499
4885
419
1569
6748
8998
1508
2860
3388
4632
6885
401
7478
748
1032
3759
2770
7437
2458
1209
105
1844
8709
4427
2120
5655
427
7748
9004
1556
3238
423
3387
2621
7738
938
1518
89
2669
4420
4016
1017
1147
4251
2204
1225
2815
141
1810
2366
2146
2383
7792
3199
1688
4603
2730
886
3160
844
1676
1750
2473
8574
6985
7809
2892
2155
5352
8388
4782
4401
7126
893
7881
4375
3086
5470
1018
5021
276
2241
8903
3863
2335
5840
8864
8712
2434
8133
5097
7583
8831
5122
3344
3615
3639
8612
8609
8525
6566
3479
4238
3761
7155
8799
8169
8239
9010
7720
8392
4600
2775
3882
2617
4161
34
4171
3028
2368
1690
6121
6395
5784
5269
5164
2581
5440
171
2418
5055
113
3431
1008
4188
3714
482
2676
8984
6314
2647
3357
866
6400
155
202
302
3292
2802
3359
5193
4101
7705
2521
968
1037
2344
6446
3051
2078
8453
454
2284
786
7831
1161
5186
1438
1429
743
4861
93
7979
1794
1970
6073
1078
1739
7932
6731
2582
2983
8604
1019
2442
3649
8633
516
29
4976
2183
4088
7245
2517
3575
912
996
8848
3758
3213
5952
742
8722
4177
7011
2651
5398
5666
5038
7260
6154
1612
5538
5715
1076
718
4911
6143
2404
7789
8914
8827
7888
2727
2900
1111
8667
5017
5735
7976
2985
2925
6892
1087
5288
2792
5825
3805
6902
5662
479
7394
5114
27
1831
3354
7878
1040
2202
4024
1959
7757
1192
6531
7995
3296
1901
8629
3655
4645
4873
7228
934
8781
2399
3358
1135
1535
1500
4761
2880
3159
3784
4888
929
4643
5199
3892
3262
5375
4678
6436
4833
4736
1590
5734
2639
6920
793
1301
1281
2981
3024
244
802
1331
4191
4273
5243
5075
8614
5315
3211
1788
7208
828
4284
7180
2752
2231
1991
204
2433
6547
2465
28
6440
6562
4967
3152
5182
3500
8167
5489
2331
3176
8670
875
2427
4748
4696
523
3978
2318
3474
6751
1320
1711
1047
4980
5791
2038
3889
2600
1721
999
1636
7121
2548
6178
4844
3430
4319
1380
5585
4703
313
6473
2436
201
260
1034
8943
4680
5203
961
6636
2118
550
3693
899
6658
492
3845
638
1101
3819
1824
8451
7492
2441
5033
5729
5134
8187
1055
1120
2966
5165
8675
1909
1580
6148
4263
6355
8484
5899
4895
352
64
5427
861
719
7038
6832
3611
8596
2710
1657
4803
4511
4933
2352
7254
2609
3434
3847
2090
685
5604
8695
2912
6535
5971
6957
6536
3955
7444
931
2533
4846
753
8580
4634
561
3860
3559
4555
4135
2195
6690
4718
3770
1173
6077
328
8482
8131
405
183
973
833
4417
506
5202
7487
6116
1951
935
1422
2674
7139
76
1014
3140
7897
8336
7101
5742
2493
2055
157
3809
1839
1174
3829
3261
4128
1244
1413
6279
3871
7764
2531
6123
1028
5718
4765
5888
12
8492
1707
2779
2568
3880
6051
5254
3334
4241
3936
6104
1428
1393
3448
6186
3646
778
7189
1444
3404
2817
3268
1997
3540
6482
6062
4865
3452
4626
7320
6862
4066
4945
9018
7272
3256
1493
3723
339
1769
3066
3207
8507
1552
4920
3370
5777
5464
4771
1822
4153
3281
6322
5433
3852
7818
4290
2243
5473
4167
5226
937
162
4802
3913
1516
5808
5224
835
144
4837
8273
5675
1317
6803
3709
4383
6405
5348
2394
1715
1836
2009
2534
2883
5850
3398
3552
5703
1476
6777
1016
5080
2342
410
2560
7096
2486
4310
4876
1404
5968
6791
