item_recommendation
25737
7872
7541
8327
775
1513
8093
8571
8117
980
7697
7613
8183
5515
8360
8225
741
8290
7437
1523
8447
7914
7669
1507
5410
1003
731
2227
1515
2769
3235
8033
4795
7560
2686
5742
5198
8253
8403
5159
1870
5765
733
1812
828
990
7782
1907
1744
745
8772
1777
960
129
8899
8499
3232
735
2605
4830
4696
7478
5186
626
526
984
5312
7728
5597
5008
2688
3324
8596
4550
986
8070
869
401
1497
8420
1525
6073
2829
6154
888
8154
7636
1771
2798
1562
885
5489
8743
3604
2770
1046
5177
6260
8207
5662
2659
7878
5723
2202
7802
472
4740
1006
8636
2212
2912
695
858
5768
4316
1819
4076
1639
474
8056
1831
5288
4731
1060
1057
2504
5715
2669
5675
742
4600
5033
1688
3575
976
535
1030
3816
3751
719
5275
6970
4649
798
8003
8580
2937
2241
1004
1187
1767
6091
285
955
1500
2892
3368
2689
2385
4658
2186
7938
5853
8591
1288
3086
5672
1580
2741
6178
1026
8859
981
2801
6355
4584
1020
2496
1053
9012
1631
3238
720
7245
8376
724
893
4246
4101
1624
4638
8661
8136
7649
4262
6902
4727
2815
2300
5282
105
232
875
4414
3522
8477
6918
2687
8410
1021
2415
951
5264
3113
6493
8777
8998
2976
4577
3194
1501
266
3388
2481
5161
6579
969
1657
4337
8684
2288
726
3354
963
2772
3875
3210
7407
1111
864
1047
1508
6243
2438
189
5346
1836
8235
3702
964
4861
896
7293
4645
4923
5053
2966
1504
746
2780
915
996
1032
313
218
1739
48
2513
1161
4051
1331
743
527
1816
4680
4782
4349
6684
2441
1652
5729
4873
4111
938
647
953
2340
7234
6718
8522
1010
3759
1980
1852
1317
3188
4399
461
1346
886
4290
3456
3852
423
4079
8807
1017
2440
4941
7282
3338
4801
6760
2668
8848
4440
4366
4987
870
3292
5968
998
1059
2248
4016
1472
7738
5689
5980
656
2982
5936
2696
725
5815
6728
947
721
5666
659
1394
3996
3334
5641
2545
8699
2318
1024
16
1147
1145
3357
6498
5375
8761
1131
4821
8524
3377
2467
786
968
8607
6751
5710
7753
1209
3358
2651
523
4380
5055
8879
4765
1590
5839
3843
5365
8167
1352
6436
1120
4511
2673
4401
1036
8709
4228
3880
3489
8654
2730
3649
8142
3753
5038
6341
4437
2465
4404
6121
1909
6513
1042
7254
2799
2639
4563
5443
6195
5611
1794
961
2880
6314
4643
3892
5199
3784
929
3262
4888
3159
5114
3889
4263
912
2062
1750
8542
1970
4532
6404
6896
1582
7171
1660
2647
8589
2283
7260
3936
5398
3127
3359
1008
1526
2500
2120
3900
6826
1031
5655
101
8720
954
2764
4284
8261
840
4273
8665
2779
5243
4417
8961
3626
2342
2796
5834
1690
753
8385
5752
6047
1502
6365
1437
861
966
5254
4241
8943
4191
3758
4933
2352
1132
3402
5772
4625
7346
3656
2534
1608
1876
6286
7186
5498
970
2546
802
6774
2473
4420
6422
2573
5585
8768
7919
4976
2494
3854
6294
5182
6963
3173
6547
6279
1125
5139
3125
6375
6835
7831
6225
4342
3563
765
1640
7771
2149
5352
5735
3430
2570
2347
1581
8147
2159
2173
1135
2935
3307
6676
4153
5462
1866
6678
5323
2236
4612
6985
2983
2582
2339
5518
6530
5888
748
1041
7078
2956
5400
8819
4809
4761
6800
407
6062
1192
1826
6768
2082
5203
8629
2752
747
833
2832
3819
3024
2366
3521
5732
2533
2506
1055
499
322
4095
3608
7419
3408
5356
6408
1148
4524
793
1013
5170
2487
2383
3989
7394
8920
100
5699
6706
2009
892
6803
5363
4105
140
3218
6232
6103
8689
1019
422
5117
1821
3284
1078
5684
5685
6331
7822
6612
2195
7786
916
2398
839
6056
4980
2407
8275
872
3152
1104
3420
824
7995
750
931
4033
45
5808
4291
4036
940
3252
3960
3565
639
3976
3991
3270
1293
2693
3723
3547
4338
4184
4197
4268
4274
3450
3619
2468
3821
2200
5588
4104
7309
7198
7063
6754
6432
6887
5401
7235
6732
9018
6464
4833
3093
994
8366
6630
7357
1393
321
2609
7932
5427
1103
4895
4654
276
4929
1625
879
4642
522
7888
3690
7228
8451
1641
1788
5796
5700
5795
5826
5002
718
1363
6395
5466
3417
4171
8482
4636
2572
6242
2835
6211
4634
1779
4718
9001
550
3587
7204
880
8949
8672
8828
3957
3160
8187
2642
988
1025
881
2374
5836
5577
6060
6105
5696
7153
5517
5690
5686
5680
4477
5678
5670
7702
7791
6851
8785
5667
8640
4889
8610
8582
5847
4994
8372
8371
8197
7947
6852
7017
2640
5736
5373
4832
3825
6584
5940
6342
4677
5746
3632
1721
4312
3281
3635
4954
4462
7976
973
2184
6645
865
5630
5335
2442
1301
3487
3285
5003
5034
2295
5693
3745
5909
3805
5572
779
2751
2527
1177
2787
302
2761
923
454
3871
274
3845
2371
2786
4121
4803
1783
5960
3676
6568
6035
2981
1040
6390
651
3116
3475
6042
15
2231
8835
328
34
1493
8039
4911
5009
3428
3499
4300
3497
3611
3491
3654
5056
8123
4450
8985
8130
5004
8966
5001
8955
8921
8423
8882
8872
8158
8838
5285
2938
5625
5236
2427
7881
1488
8462
5473
1023
2793
4614
3668
4834
2201
3754
2154
3096
6533
5483
196
2089
2183
479
4999
1037
1152
4014
3979
4009
3481
4010
4011
4012
1241
4053
3243
2654
4686
922
3869
2470
2677
2567
561
1711
1951
1076
7147
2700
8633
207
1341
1422
2925
5810
8903
1822
4319
2681
2860
7764
4474
1635
3969
3687
6077
32
2439
337
5021
4728
1012
7012
7492
5085
213
6827
3241
4936
7272
1617
8138
4515
4428
2721
1844
5302
5637
5463
4662
5342
4676
4333
4640
5222
4977
2078
4659
1453
4045
1839
2660
4627
2197
3646
2692
714
6470
7894
2611
521
4519
2289
3081
5364
5265
8840
4639
3263
3707
3924
3928
7698
8833
7587
