item_recommendation
25737
7872
8327
8093
8447
7541
7914
8117
8571
7437
7613
7669
8360
7560
7697
8225
8183
980
8290
8403
8070
1523
1513
775
8154
8056
7478
5264
7728
8033
5515
8420
7649
6579
7407
8410
3869
7636
8003
8522
5662
8477
960
2769
5008
8596
8235
8661
8772
8684
8499
6365
8253
984
1003
3368
7802
5723
8998
1744
6154
8879
1046
8699
8761
7976
7394
8207
7782
4584
8385
695
6624
4795
6902
5410
8977
8633
955
5909
2212
733
8743
5768
6355
1831
4550
266
48
2935
731
5715
5765
472
3235
7878
8777
1515
4740
969
6826
4809
232
5186
5440
7293
4658
5597
1812
888
5159
1777
4821
8167
5980
4941
6260
5968
285
5742
4391
6918
741
7753
986
3281
4316
5177
8636
951
2062
6073
1525
6748
9012
8591
5288
5675
5853
6684
745
6143
4437
8670
8228
1053
953
8864
6207
990
5489
5017
8910
2686
8580
647
7938
4262
3232
2605
2288
1317
6091
4731
8239
2647
6509
6498
5161
3604
5033
1187
4414
401
4638
4076
858
7757
5815
5839
2668
8927
4349
5936
7245
1907
1288
912
526
8819
4121
1767
2186
1352
1562
5012
7186
5625
7263
4782
7720
4228
8609
1024
1006
6676
4873
8745
4511
966
2227
2340
4987
5655
7171
5198
4696
7316
3608
8961
6970
4830
4649
8859
321
7771
6341
6178
981
6568
4375
885
4632
2659
3324
3632
1844
1771
875
5164
535
5473
8899
6718
2860
100
8008
5282
4861
8629
6436
8620
2496
5611
7583
1590
6835
5312
5296
3377
8136
8376
1580
8589
954
4984
1852
6743
9018
6521
3402
5210
4417
6728
5193
1057
3875
2374
3210
3816
6404
5940
869
3354
7099
1281
1017
1030
8848
735
4462
626
1507
2688
4686
6395
1794
6195
7487
6751
1013
6294
5787
816
1040
963
2437
915
1816
6850
3113
3996
8387
8654
6803
8865
5888
3889
2241
8768
7254
8451
6242
7619
5254
714
7786
725
3188
6121
6636
8709
3357
4920
8720
840
6530
5752
4911
6375
3152
5710
7748
5134
886
6047
5117
6318
2513
8388
479
3086
2829
6832
2798
6706
4691
2457
4420
1020
9010
1472
5729
4727
3522
2689
2231
6862
2752
3854
3534
7234
8751
2801
8525
8712
5097
8831
8612
3761
8169
6566
5840
8799
5122
2434
7155
2687
3649
3292
870
1631
970
2504
2772
718
7831
7204
5443
6760
4901
3194
8665
724
2531
3238
5558
861
1209
881
6559
4290
6547
1147
4188
6132
4765
8542
1010
1870
2709
213
45
2159
6963
3173
964
3081
5275
3805
6535
7011
3575
2300
5053
7160
3655
4603
6440
5323
3863
3871
1980
3284
3213
7107
8147
1582
5926
7481
1581
892
5641
5693
3759
6591
2415
2976
3024
1012
2780
1819
8392
8187
5071
7932
8157
1004
4401
6920
3334
6892
5038
5080
4761
4263
8133
4238
3344
3639
3615
3479
6550
4161
1935
2344
1508
3709
129
6000
1026
4440
761
5699
8607
4177
6896
3430
1041
4645
4718
3845
2154
6331
6658
1060
5732
7346
4477
1161
7311
3751
4814
7705
5346
3388
8524
1132
4427
6536
5203
943
189
961
4680
5801
5329
5400
4605
2966
7260
3936
5055
3668
2956
101
4101
6162
5398
4241
5666
5689
1380
2318
5114
923
4029
1474
3730
4569
3101
1331
1985
6885
4246
8854
7282
7055
2497
5672
1531
2696
1047
1193
1624
2468
4255
474
244
7078
1836
2609
7738
6974
4086
4162
828
6116
2546
7888
4837
6422
864
1739
5009
1192
8807
4976
8695
3438
1135
5772
4394
5735
6650
2383
5243
720
5021
3758
8722
3358
719
4024
2577
1394
8882
5291
3351
34
793
3379
6464
8574
8638
8781
1029
8142
4498
2155
2912
872
1497
4366
1948
5832
6513
8422
5684
8576
5139
2385
798
5433
5577
6800
4016
7919
3563
523
6322
4191
1145
2761
7208
1612
6243
5795
3804
2173
1839
2313
1569
2439
4980
5971
5836
1336
8835
6768
3093
4552
7990
2815
8943
2669
7577
8275
4801
407
6470
4923
7822
3882
1526
968
5462
2184
6645
8121
8667
3584
2835
8984
1639
485
865
6426
105
6754
6852
6851
7198
6732
4312
4450
4929
3654
3957
4300
3825
6887
7153
6584
7309
4889
7017
4104
6342
6432
4832
7235
4677
7063
7702
5363
7357
7947
8423
8372
8371
5401
8366
8955
5373
8966
8197
8158
3491
3497
3499
8138
8130
8123
5285
5700
8582
8610
5680
5670
5667
6105
8949
8921
8872
8838
5685
8640
8828
8785
5686
5517
5690
8672
5696
8985
5678
5746
5826
5736
5170
3611
5847
5056
6060
7419
1617
2640
5034
5004
5003
5002
5796
5001
4994
7791
5572
6035
976
2440
4834
4625
4428
6100
3420
2681
4999
3241
893
2799
7012
3489
196
3096
2770
929
4643
3784
4888
3892
5375
5199
3159
3262
4332
2652
2880
656
2892
3125
205
5466
2639
1125
1676
1059
7016
7272
3163
1042
2236
1598
3150
7995
4963
6234
613
3852
939
1876
1064
6279
2796
276
5808
742
1688
2534
4105
6827
1608
313
3428
7096
6724
6762
2937
2352
4933
1721
743
2473
1016
6329
7110
6739
4706
4319
2097
5518
4833
3478
3268
3908
2710
5241
2533
3431
2441
4404
2082
7299
8614
5304
2548
4207
746
140
2038
697
2195
1690
2735
423
2009
6223
8131
1501
8903
2983
2582
1104
8039
6408
6999
998
8491
1008
7456
427
2427
2366
5530
4153
6533
6609
7380
8191
2342
5782
2622
839
2982
1111
802
2467
8914
994
6276
3127
1307
6290
444
685
2481
6237
2400
2817
938
3799
1245
7817
4600
916
5745
4051
4642
5419
1021
6254
2465
2120
2925
4585
7444
2664
835
6077
4878
3487
4945
3920
957
6062
5085
482
3427
16
3140
7627
5065
4399
6493
4407
4748
4079
4148
3723
461
1437
499
263
6021
4495
2371
5352
8482
2003
2793
2642
1516
2131
2741
6348
4528
6296
3359
8268
1909
7415
7845
1575
6562
7624
5214
5588
6669
1863
7038
6678
