item_recommendation
25737
8093
8327
8117
7437
7697
7872
1523
1513
8571
7613
647
7541
775
8477
980
8070
5410
8253
8225
8447
1111
1816
3232
8290
526
8056
5515
1562
828
129
7976
285
1120
8360
1744
7802
8684
8033
5033
4696
2212
3235
2745
5489
5597
741
7914
8183
4414
2227
6365
8420
9018
4262
1003
7560
401
407
2686
7669
1639
1907
48
321
793
1535
5980
1507
5198
266
8819
472
8235
1352
7478
7245
8499
8167
100
7649
1711
7228
7995
4658
888
4290
2605
2504
3368
193
4600
1580
885
955
858
695
1590
1046
8772
523
7394
3238
8039
232
3086
535
140
1707
4830
718
2288
1794
4121
6091
2531
527
2241
4417
996
1777
3854
6000
3871
4795
7636
990
427
6178
1844
1552
7282
1767
2779
8385
626
1525
7728
2340
5222
2243
735
960
7738
4782
731
5909
4727
8596
2769
986
5159
1453
2128
733
5662
824
5968
6073
5329
4920
4246
5177
8207
520
7932
45
951
454
1404
5296
3522
328
1791
981
6355
3996
474
3210
4033
4634
3133
4740
3604
798
1819
2149
839
2282
7099
3213
1870
869
4577
202
1145
6195
3150
387
1024
3575
969
1060
3843
2829
4316
8695
953
3420
1726
2681
4194
1812
6056
8410
4645
818
2300
963
1331
1288
1652
2832
2159
5765
522
1013
1771
1131
1931
4458
2688
2200
1161
8607
6498
8743
2815
5288
6906
5768
1657
4524
8482
7107
6154
5117
5282
8636
742
5186
1686
737
1053
34
3354
5936
1866
2935
2704
4649
2062
840
1196
2031
3751
1057
1839
1073
4612
1317
3869
5264
2236
561
5839
984
447
2374
4954
5853
1515
1320
314
7272
8892
423
4378
879
870
121
1783
6902
2860
4659
5527
2248
1099
861
4166
6896
5588
5161
3388
2203
4731
6918
4095
1336
4550
5433
6513
8943
6547
1187
2689
966
881
3845
4051
2195
1631
1346
2966
5114
6166
2497
6493
1006
8761
7487
135
4761
2798
6806
2496
6140
3216
805
57
6832
177
215
1281
4614
6260
3152
8403
725
5815
2752
4060
6826
1641
2741
521
1004
8616
4638
2609
8187
6077
5483
8524
6579
5427
745
5742
7817
1076
6404
1549
714
8709
10
6568
4552
6684
1410
954
6243
2415
7415
5715
5926
2219
7293
5699
7564
550
5080
2956
5637
4676
5463
4977
5342
4640
4662
4333
5302
4636
6521
322
4728
2976
1393
105
3399
1047
4391
678
2437
4902
6728
1394
5684
2642
519
2506
4519
5675
7878
1041
4709
2786
16
2761
7979
7892
7130
4627
4349
4515
1715
6800
8484
7407
8807
8044
3723
7840
1779
4605
32
558
2003
6132
3563
6116
1970
5265
5236
5364
1788
3816
8899
5801
6021
2937
912
1880
6375
1295
7577
8591
9012
1831
1020
970
1078
5553
8661
5395
101
6318
916
2481
300
886
1582
1852
2912
3947
5
1287
6856
7186
1017
4680
1739
2371
4625
6676
2231
1437
3515
5888
483
7753
8670
4420
5971
1292
405
1836
3489
1132
1891
4284
4399
8542
4101
2204
1433
2468
5319
5164
5017
2442
7254
8511
4462
1497
184
1472
8751
6977
1030
183
2669
964
720
263
3113
7234
2687
659
6706
5182
2154
2186
2565
3324
7782
4342
719
302
3247
8522
4251
5850
1209
808
2283
1586
1873
3920
8654
746
8848
4332
5312
4273
1171
2445
6159
347
875
3163
1026
7713
976
2082
2959
8838
6143
3285
2730
1500
2892
7762
4427
2327
6703
994
1941
125
2385
8633
2427
420
1212
2611
7990
6440
7311
5518
7826
3675
31
3430
1699
7334
1702
5558
2386
2596
1721
7160
3377
673
7492
7073
3060
5710
331
1909
5137
2348
461
6322
482
8827
1021
788
3895
1508
3176
661
961
1277
304
6892
3798
5443
1799
1501
2013
3281
1934
196
5346
2462
1901
2567
2067
2893
854
5521
272
7897
5008
685
8979
3019
218
4076
1
8625
178
1165
332
849
743
8507
724
8003
6762
1531
3900
4673
222
6760
2193
279
3819
7192
4809
4486
227
1373
2772
4911
205
3194
1264
6294
2494
2297
1809
1255
2917
1957
7016
4846
3063
2810
1180
3166
3069
290
216
117
1461
1347
1366
3148
502
1237
1238
1542
2671
3070
2889
2920
2016
1356
2244
1984
471
1304
852
1415
2921
2919
3053
2918
2206
2916
2012
1861
928
514
3804
1592
458
299
802
2696
2967
1168
1310
194
5942
2734
8871
1840
4380
4197
1392
303
893
6348
820
422
804
7771
816
1667
5226
2252
6695
1009
2002
574
5954
6963
769
5693
4337
2770
1256
1325
2877
4528
7458
1824
3656
3021
2668
8699
5672
3467
529
4848
3038
8813
3266
7812
4688
5046
8915
4090
7150
6378
8057
5151
5498
2275
2089
3041
8254
8600
1449
1059
4508
707
1482
2180
8866
6641
5625
189
5723
915
2546
3292
8675
1504
2499
832
186
7585
2780
4541
7136
3626
617
28
3698
3185
599
1615
6162
2014
778
2819
7831
2138
4169
5134
2659
4016
4861
2279
7380
1125
5603
1759
213
1717
8261
6242
6458
8617
4263
872
237
1624
1408
1419
1215
1361
9
2465
3168
5254
4369
3018
891
2766
1363
7208
7161
6327
7222
8364
6880
8531
5053
2379
3660
2839
5146
7566
3975
5372
2304
2052
1526
276
3983
2941
3492
7845
4292
8908
6739
8948
5832
3997
4020
8950
6370
5900
7044
8526
6415
4811
7584
4692
6279
3643
3635
2176
3587
1147
1733
3456
592
1971
1917
2397
6464
324
4039
1837
1228
2835
488
147
3270
3976
4268
1293
639
3991
4291
2693
4338
1826
4036
4274
3547
3565
3252
3619
3450
940
3960
4184
498
8157
6591
864
8614
342
6121
479
7619
656
341
4873
6803
1246
5857
1858
6751
1480
3051
3977
4223
5464
4771
1688
7456
1367
3752
1940
4296
3379
3106
3127
3031
6223
8009
2130
1380
3574
8142
1055
7419
4079
4844
608
4366
5641
1647
8854
