item_recommendation
25737
8571
7872
8093
8327
8447
7541
7697
8117
7613
8360
7914
8253
7437
7560
8225
7669
8033
8290
8070
8056
7636
8385
7802
8522
8420
7407
8183
7478
8477
7738
8684
7649
8154
8751
7782
8207
7728
8235
8003
5159
8167
8403
8661
6365
8743
7234
7394
7976
7932
5264
8879
7299
7938
8819
8709
7753
7293
8654
8961
980
8499
8899
3232
9018
8665
8008
6178
6918
7186
6559
8410
8761
8670
8859
7705
6091
6728
8998
5909
6636
8187
8772
7263
8596
6579
3368
4821
6748
5723
6826
5597
6850
2659
960
8039
4920
8589
7809
8482
8511
8491
6970
6609
6355
6195
4941
6676
6658
5980
7245
7743
7204
6981
8604
5296
6803
8376
6493
8136
4437
7502
3816
6073
6624
4577
5965
8827
7577
6751
4873
7121
7878
7786
4782
3281
6154
7995
8633
7130
3875
1003
7831
7228
5765
5117
6521
7881
8777
5008
6703
7619
6630
7272
6314
6832
5926
6662
7888
6390
4121
8261
6760
8807
4809
3324
5515
8451
4550
4366
2062
3188
8848
7171
7817
7099
3235
8910
8695
5936
5729
7748
6207
5850
8927
5611
2374
984
5839
6498
5815
7107
8689
8892
7789
6077
266
6777
745
6739
7038
4731
6927
4432
6650
6591
8636
7415
8507
8607
6920
7444
8903
7492
4761
695
8979
6892
3127
659
8864
6550
5968
7126
8810
8699
6568
3668
5662
7282
1437
953
7487
5433
3587
969
6612
8462
6148
647
5164
8580
4251
6383
7160
4846
2647
8453
6902
3417
9004
6318
7990
8675
4584
775
6000
4171
7897
4076
4552
976
8920
955
8977
5693
6932
45
6695
129
3377
8943
7481
6143
8857
6791
4936
5742
6840
6684
4079
1046
7583
2660
7445
3928
4639
3924
3707
7698
3263
7484
8840
8833
7587
7944
4923
8745
1024
7189
285
7096
48
8650
2935
7135
966
8642
4153
626
3882
8542
6562
6718
4414
9001
3869
8169
4885
6535
731
733
3632
7771
7840
8914
6254
232
7380
8239
5772
4984
3307
6400
8044
1744
8984
7316
6440
8625
5410
8268
8228
6404
6669
6513
5473
7894
7892
7456
3819
8524
4427
4911
5952
189
4188
8142
7757
7340
6260
3608
6977
4895
3251
5585
5033
6721
8616
6957
6348
5288
8392
5832
4404
5888
3213
6140
2780
7979
5458
3996
5186
5198
4801
2300
5012
7792
5291
6885
840
7720
5558
8620
3093
526
6762
4391
6641
6774
6999
6547
8484
6690
5801
6686
8157
5568
6856
7195
8629
4420
5810
6116
5825
3028
5857
951
4740
1844
1523
1767
7211
3714
8781
3693
5971
3795
5715
8009
5193
2212
5210
7016
7820
5329
1187
1907
6744
1288
8014
2617
7050
7208
263
7566
5139
7458
5768
6509
6862
8131
965
7254
880
5787
5378
4194
6446
2897
8591
5947
5689
1824
1562
724
5853
4844
5675
1515
9012
970
5655
7055
3176
5134
2288
8600
5449
6985
7311
4765
6162
8147
2418
8700
4262
5226
6121
6835
1513
7584
5017
6294
2605
3492
8854
6415
6370
8908
5900
4292
4811
7044
4692
8950
7845
8526
2941
8948
4020
8273
5588
5046
2344
3997
8614
8813
3163
7826
6877
5809
7192
7078
3428
5834
101
3752
5021
7034
858
1317
9010
1812
6536
4162
5440
4914
6021
5365
7759
2038
6880
485
7090
8387
8194
4417
8530
3207
5699
1006
6114
3584
6966
6798
5312
1870
3702
7958
7585
656
6203
6395
7841
986
8722
7115
6530
2981
912
8609
2622
2340
5177
5038
954
4658
7222
3799
4840
4177
6731
6375
4945
492
964
6408
3515
6643
4135
3489
2478
5470
5873
5489
4848
2769
957
2173
8866
3351
6242
5254
1472
2860
7136
6367
6502
2982
5413
3387
2394
8336
3038
1676
3467
8915
7150
6378
8057
7812
5581
3256
3266
6811
4688
4090
6132
1816
6276
3157
6211
4290
5666
3560
6944
3698
2496
6615
8254
8574
7089
5605
5932
2318
2433
2799
3250
7325
7011
1476
5923
5398
881
7161
8865
5521
8718
7180
5025
1507
6993
2704
4375
5808
2772
7818
7022
76
6906
2078
5641
1408
6283
6223
6422
4369
8871
1352
5475
994
8576
4600
6743
2516
522
7766
725
6464
401
1367
4878
535
3604
4638
872
2347
5752
5603
5146
7919
8531
1569
8617
915
4491
8720
4039
4795
3292
3936
1580
8808
3334
3218
6582
1777
3113
5080
7762
4241
6571
7260
990
5498
6887
1771
2404
4161
6896
4861
7355
8388
6047
1810
5625
7843
5304
7844
6185
321
7706
6531
6617
5443
2227
6426
2236
2581
31
4686
2407
7250
2824
4632
6565
1021
3751
1624
1012
8730
741
5165
1581
7624
2366
7101
5282
5882
2415
5795
7334
1696
4666
4002
3845
4066
8121
1531
4603
8799
1145
998
2621
7155
6566
6458
3889
3344
5097
8612
2434
8525
3761
4238
5122
3639
5840
3615
2268
8362
15
4886
2144
8831
7827
6863
2775
3479
8133
8712
3863
753
6243
4394
6436
144
2688
1225
8795
6816
8191
2961
8640
6516
6322
472
205
5942
3456
1834
6331
1804
1060
962
6858
5275
8882
4033
1517
1438
5945
3804
7142
8275
3646
8768
2900
3540
7177
6470
3034
7569
2331
6552
4876
7627
844
4108
5569
7051
6724
6768
7439
2959
3194
8838
3420
6706
3394
7419
2937
4024
3210
8341
6678
7219
888
2583
5710
3173
2073
2956
6279
2696
4830
93
4228
4304
5101
5530
7036
8575
5618
1590
4051
4555
2154
3431
5940
4927
5000
188
8583
8667
7764
1125
5170
2346
7379
8366
3238
4166
3981
8404
8923
3379
4270
5836
8835
2631
7352
3320
196
3643
4987
2668
2241
5333
3927
3660
6442
5151
300
3655
7020
2004
6503
3871
6051
6942
3503
2801
1020
6961
5203
1209
5891
5161
4440
3854
8199
1973
7564
4849
5864
1019
5285
3653
2371
6031
7357
5732
4168
4368
6084
4727
5684
274
5462
3978
6039
8727
6800
5604
5466
4605
1466
3508
5812
2686
7198
1529
8266
2458
4482
3457
8132
5534
5707
3160
3860
6628
3310
5556
720
864
7346
4312
