item_recommendation
25737
7697
8571
8093
7541
7872
8253
980
1523
647
8117
129
8360
8327
285
3232
7613
8447
4600
7636
775
3235
401
8070
5410
1907
5489
1003
960
100
1744
4696
8385
7738
7437
1562
8477
8420
526
3368
5597
7914
135
5033
858
4658
407
472
7669
3604
8661
2779
1513
5515
8225
1046
7782
1816
4246
1767
4830
4378
1437
5264
4782
2282
535
5198
48
6365
1111
1120
1352
4033
1711
1552
2227
8033
140
1288
2912
888
1053
741
266
2243
7802
3324
695
4262
3152
2605
976
1024
3086
1707
6728
8654
1791
7560
1631
2659
1586
1317
8859
7407
969
951
4251
5909
1844
3133
1145
523
4051
996
4462
3854
3587
6091
1788
4079
8522
714
1099
2668
3816
3150
981
2647
321
4638
45
8684
5159
8709
232
2935
4636
1535
7186
955
8819
6826
3210
1507
101
1639
2212
3575
990
745
2699
828
8235
986
840
2288
2231
1472
793
1812
2031
966
1696
4414
984
5588
3996
7938
8056
4284
1783
2686
8207
953
4349
5296
4577
4801
957
6056
5723
4273
1590
7272
750
1076
1831
4366
4060
3213
970
474
1525
5114
4649
656
4458
479
6493
2128
8961
2832
2835
4524
205
3354
3522
5427
6318
4634
3113
1125
2427
1476
3871
1281
2374
4584
1665
8290
718
7976
5464
4771
626
1794
2300
561
731
4316
8743
454
6390
4821
7577
1255
4073
2504
3417
4380
3869
7234
1295
387
798
5222
2681
1215
2761
6314
3127
4612
4727
5483
423
5342
5302
4333
4640
4662
4954
4977
4676
5463
5637
1132
4627
2415
2860
3702
7099
5364
5236
5265
968
6195
1549
7282
7881
1131
3188
4519
886
2780
1580
1880
7020
2340
5
314
6977
4731
1196
1858
4728
3140
881
3285
2236
1320
1515
964
6970
2159
4290
2722
785
2966
4902
420
2800
8589
3041
4941
2689
4437
1702
5134
8167
3081
4550
824
3795
1721
4933
2352
1073
5165
2186
735
1394
3051
1771
1852
4795
7293
2327
3238
7753
3632
8761
2959
3402
861
7817
4095
3543
6243
189
7786
1287
499
6630
3773
8665
3693
2445
2379
5177
963
5585
2769
6211
244
5458
678
1404
7759
6612
947
3905
4809
4496
4453
3623
4299
4151
4276
4343
4522
3568
200
3961
1442
4037
4527
7394
2798
4171
196
3308
1026
6521
999
1624
2389
659
4344
272
6559
725
2521
8879
4432
2533
7789
4761
4936
6077
2283
6140
2462
2669
8187
2772
2829
4873
7995
5008
7990
7038
7478
885
121
733
3024
685
2200
2786
1834
2704
1236
3019
2490
178
2371
5352
5857
2815
8670
1060
1358
3489
2982
1040
7809
2917
1331
34
3281
3634
1057
1870
994
6121
1410
7121
8376
8136
3626
427
4255
2660
3875
1971
480
7445
3924
3928
3263
3707
8462
7698
4639
1878
2089
4342
7587
7944
8833
8840
6932
4645
6000
661
8642
7034
5498
2297
1392
1779
458
327
2734
485
2531
6918
4923
7979
1944
3637
3805
2014
522
4162
5161
4121
520
1006
2565
3292
651
3676
1592
1461
216
1542
2012
852
1238
3069
2016
928
1366
2916
3063
3053
471
1304
2889
290
2206
3166
1347
2810
3148
1356
1861
2244
1180
3070
1984
2918
1237
502
1415
2919
2671
2920
2921
117
514
1957
3125
2967
1028
7705
328
222
3116
3475
8899
1873
6609
849
6591
5936
194
1837
3428
1373
2002
4511
3574
702
1931
2793
1325
574
4659
9001
3021
263
6703
8482
1168
7107
504
3307
2275
3668
6762
2461
667
6579
3268
1819
1739
1042
2478
2241
6624
1996
808
1004
2745
5375
1824
1826
4614
2775
2062
3377
2877
3895
7502
5312
15
3408
5611
1225
2203
845
3563
2399
291
3430
8689
8003
1809
7299
9004
1393
1047
2652
4391
2546
3018
6383
879
1487
2985
2204
376
804
1014
2304
5438
7487
7831
2468
5888
2011
8183
2609
2010
4740
1959
1569
6279
592
1274
5341
2727
3146
4987
8261
805
8614
2621
915
7380
896
1292
816
4467
4399
7415
8039
2149
2567
6568
5772
2581
6658
202
4521
2046
6850
1012
2766
2146
3521
2001
5810
3255
2467
934
2981
2208
1013
2688
3608
1411
7126
637
1667
1678
183
3714
1104
1256
6985
891
954
6641
6739
5319
1822
6803
7204
5449
784
7888
6207
869
5182
3723
8499
2937
8827
2752
2956
4383
2587
697
3786
4404
31
4427
8920
2219
2483
2155
162
8453
4191
274
201
1367
2067
2596
1184
1363
6294
3845
3412
1499
2173
4846
4102
912
1135
7894
1429
5765
28
880
6132
1876
312
5291
3649
2642
893
5834
4088
2134
541
3357
1064
4803
597
2284
81
4207
186
3560
937
289
1840
2418
6777
3214
2487
3694
3843
7792
1997
72
1529
935
5873
4920
3454
7211
1588
57
6840
5538
4718
7245
1608
6550
6791
1359
4585
4197
3545
342
2078
2497
1431
2866
6798
4190
2568
4337
3635
6892
1657
940
4184
1293
3565
4291
4274
3547
4268
2693
3619
639
3991
3976
3960
3252
3270
4036
4338
3450
7649
7619
12
2572
1187
1089
945
8410
3194
5926
5980
8403
6744
5226
2082
2138
8044
4417
7566
2295
2975
5839
5801
2003
724
1731
6348
5832
3401
4332
531
8948
3997
2941
4020
6415
4692
5558
7845
8526
3492
5693
4292
7044
6370
8908
7584
5900
4811
8950
627
7932
2207
482
1531
3752
848
89
2120
6298
1041
2507
8507
2528
496
6322
1970
6880
8695
475
1866
6856
2329
4901
2548
567
3208
3211
4569
4029
3730
1474
3101
2617
8009
1582
227
1715
2350
870
2131
1059
2496
962
998
1171
5017
1985
1441
1644
550
1762
3487
4228
2248
1206
1759
2633
3388
988
2325
1233
510
167
99
1226
3147
1080
3177
3134
2789
2074
1063
1204
1186
2715
2364
2393
161
2922
3068
1388
3005
2285
1616
3042
2215
918
2403
704
8157
306
2335
2154
1037
1282
5103
844
