item_recommendation
25737
7872
8327
8571
8447
7541
8117
8093
980
7613
8360
7697
775
8225
7914
7669
8183
8290
1003
745
8403
1515
858
7782
695
5008
8154
986
960
7560
8420
5159
984
285
8253
731
1053
2769
1907
8899
976
741
1812
7938
8033
5515
266
733
1507
8522
3232
969
7234
8859
8661
2288
48
535
7437
1288
1513
101
8743
8070
1006
2780
3324
2659
7728
8003
724
964
951
8772
3368
8056
5723
915
4740
8596
45
8499
1057
626
1624
3235
472
1523
526
2374
4550
888
7636
5312
4795
8589
5662
7649
880
4941
735
7186
4821
1870
6902
953
1187
1042
2688
8385
746
232
1021
963
5264
885
4076
955
8136
8376
968
8761
2937
2227
8235
15
2801
981
5715
7878
5288
869
1004
2154
6970
725
5611
6154
2496
4731
8961
2300
5186
3188
1030
8636
8580
1771
4437
647
872
1777
1582
6918
3875
1046
1024
8777
8207
2415
3816
5675
893
6630
998
8699
1060
4801
990
1508
8998
4316
2772
5742
748
8665
1744
8654
8477
962
1012
7478
2687
485
881
719
8633
8879
5117
8591
6260
5768
9012
5853
5834
875
1367
4427
2062
2212
961
5968
947
4584
2798
2546
6835
7802
2741
6826
2473
2829
2082
189
4414
3113
8977
6609
6728
6091
8684
8920
2982
1059
1017
1831
8167
2186
1020
5053
8410
2407
1026
2651
743
5365
2347
3584
966
4016
8910
6355
4984
6178
886
970
1525
1980
2686
2892
3238
2385
965
3377
3402
4809
2605
1581
1013
2183
5765
5055
1631
8268
1018
1690
4638
7407
2730
3359
2548
6751
798
6774
720
6579
7753
3093
2340
7619
129
5161
4432
8670
5198
3854
3758
4246
1209
4262
3417
659
5909
2689
1125
2793
8709
1901
3194
3702
3805
6225
912
5735
263
2440
957
6436
1092
4649
2935
3759
2478
7293
2120
218
4079
4153
4976
516
8462
4923
1500
994
5139
2976
4401
870
1844
3387
2792
1750
6612
3307
3649
6073
4830
840
4718
1437
3489
474
4228
2815
327
4162
4987
7831
1767
1352
6243
2441
498
8807
999
5641
2770
5729
401
1739
2383
3522
2173
4188
1876
954
5839
1834
3024
7208
5936
2009
205
4782
7245
1147
2983
2582
3357
6760
274
3668
2647
113
1008
2956
785
3632
1501
4420
8387
8689
1636
2660
9001
6116
4101
5655
6521
4833
3028
1037
8865
7764
5971
4980
3456
4404
3428
6493
8607
2425
4658
6932
8833
7786
7445
3928
3263
4639
7944
3924
7587
8840
3707
7698
8642
6121
4366
7096
1032
8524
1192
3210
2863
3127
4844
892
1688
2497
419
1317
5275
8008
2912
8819
4680
3608
522
3358
2880
3795
1346
1330
786
2639
929
5375
4888
4861
3784
3262
4643
5199
3159
3892
1394
2572
8720
2669
7894
3646
105
407
5460
1161
155
6832
3218
700
6547
8453
726
1358
4263
244
3889
5772
1676
2513
6798
7419
1531
4761
3575
16
3388
6896
5625
2344
4903
5246
3604
3611
1822
656
7888
1819
2802
1078
973
2418
8943
5440
5689
6885
5410
8629
1504
3199
6509
7204
2334
6314
2932
4936
5449
8576
6498
8484
9004
2775
5597
2442
5810
4171
6318
6390
6404
7757
5413
8542
275
6234
931
5752
5038
5666
5398
7260
5177
6744
7316
34
996
2335
3086
5
2621
1839
499
3869
2458
2570
6985
8848
196
4678
1472
8147
6803
6530
4251
5672
742
8228
1816
31
4417
6294
8620
8927
7126
6103
4024
1562
1428
8781
5243
3408
6464
5684
8921
5400
7822
8828
7791
8838
5056
7309
5001
5680
5517
7235
5577
5696
7346
5034
864
7254
5003
8949
8955
8966
5004
5685
5401
7947
5667
5670
7198
7919
4929
5170
5285
5373
5710
5686
5678
8768
1438
7771
1047
5226
5572
6035
7792
1014
3714
844
1497
1010
1395
848
8984
4255
207
5000
6550
6718
8142
3430
2118
3799
5203
1132
2609
2617
1517
2796
937
7748
3500
171
2764
3860
4765
1556
3845
8388
7263
2398
4005
4963
321
7738
461
3334
3936
5254
4241
9018
276
3655
2202
6684
5787
422
4440
2696
7705
1331
3173
5443
1518
2241
3882
1019
2394
2368
4895
6207
1702
2827
313
4577
7282
6513
2146
5323
1836
268
1752
5021
5815
2534
6568
5033
802
3431
2517
6645
2184
865
3656
3709
2248
8372
8610
8275
6060
8123
8158
8130
8582
4477
8197
3654
5690
8423
6105
5700
4450
5699
5826
8366
6047
6331
5836
7357
4300
4104
5847
4312
3957
8985
5796
5795
6422
6342
6341
5002
8640
7702
5746
8882
3825
6375
5736
4677
8872
5940
8785
5732
8672
4994
6432
8371
2640
6754
6676
7017
7153
4889
7063
6732
3499
3284
6887
7171
6584
6706
6852
3491
6800
6963
5363
3497
7078
4727
4832
6851
4375
1087
8133
5097
8525
5122
8799
8169
3761
8609
8239
4632
8712
8612
7583
6566
8864
2434
7720
3479
3615
8831
3639
8392
9010
5840
4238
3344
7155
3863
1580
423
5462
4834
8835
1617
5466
3096
4161
2399
7995
8604
4893
1301
6827
938
7881
4354
479
3211
6791
2331
4177
492
3851
2799
4603
7394
1104
3801
4967
934
861
5296
7012
3354
2078
1810
7228
8131
2774
3819
2654
4873
1173
5588
7038
5080
2404
4736
4511
1951
5164
5604
6862
8492
4846
8157
482
8667
1422
6536
5585
2985
6104
7487
5693
5292
2504
7789
4645
6408
6365
2709
8574
2494
2860
7011
3751
2069
2897
1794
4691
3157
1225
3540
6768
1056
202
2993
8827
2521
6195
3948
2352
4933
6254
832
2236
2900
5882
2060
2321
1399
2566
1099
168
2533
2366
201
7932
5210
1036
4098
8451
2568
896
8638
2204
5165
8039
4999
8138
1660
4391
4428
6162
5009
8614
6470
5419
1696
8187
3207
3871
828
1721
5304
1612
3241
3281
1101
2197
1805
7577
3251
1852
1824
3051
1365
2826
5193
6143
5085
4298
4901
2284
1997
27
4532
5992
5291
6892
7818
4304
4349
29
5980
