item_recommendation
25737
7872
7541
401
8571
8093
647
8327
1513
8207
1523
775
980
8117
5515
4246
5410
2605
793
1562
1111
8183
7697
7560
741
1003
7613
8447
1711
5198
626
1631
7802
7914
8522
129
1145
5765
285
8070
4830
5597
1120
2227
6195
798
1535
1580
8360
2779
7669
858
1744
1076
140
423
4649
828
960
8420
5556
4795
5312
3086
3232
2686
1552
7437
2243
733
526
1870
8253
1767
896
4600
4731
3133
6211
4696
8225
1320
3604
8477
562
4550
986
3587
888
1053
3324
4316
3368
27
4638
4262
4584
2300
718
1831
8261
1907
6365
976
2504
472
1816
1707
984
3235
7478
135
2935
252
7636
1099
1788
2467
4577
3152
6073
731
5159
4658
2769
2745
1317
5742
3150
8033
8290
1046
266
5772
745
2545
535
1812
280
714
7649
1161
461
34
1696
885
121
1437
5134
3210
2681
695
48
4809
6355
1515
475
7782
990
1777
4911
5177
5980
1147
5538
3292
2128
6395
735
3751
3377
6178
8385
778
1779
244
2659
2832
5489
6579
2966
1135
387
232
45
5315
6970
7407
2062
864
407
5
824
1852
1073
1404
5825
5689
4987
5784
5269
5008
1507
6493
6154
4088
5114
4703
4634
80
2912
4748
523
479
100
2231
1639
1132
237
969
1549
3816
3649
1479
1771
4284
4273
886
656
968
764
1472
678
7932
2212
5186
183
5346
7245
1608
1196
1288
955
3408
861
1667
7738
8661
1844
1721
16
808
981
2159
5161
2200
2288
144
5033
1819
2173
1880
3213
2282
276
4654
6091
3194
4101
753
2689
1352
3357
2031
362
3402
7282
2688
1525
3522
6636
3575
321
5729
6658
963
1255
251
1060
1059
4740
5470
6077
4414
2445
2186
4873
5909
8187
2565
8003
405
4861
4673
2669
4349
1171
101
875
1652
3358
8998
848
1794
844
2197
996
222
1739
454
4337
8403
951
4228
3081
2761
1006
5053
1215
881
964
1040
3521
4941
2780
5611
2427
4801
2490
3140
7809
2327
7577
5069
57
4290
1024
1394
8604
275
6559
4401
879
272
420
2798
7995
8743
3066
1049
2976
7938
786
8154
3188
880
7272
3854
5427
2248
1665
5723
1493
2829
2496
3759
3892
929
5199
3784
3159
5375
4643
3262
4888
2880
6279
8899
8499
8235
854
7789
3996
2647
3608
1125
2639
427
5791
953
480
994
4076
8859
8722
966
720
4458
2462
196
3019
2001
499
474
3334
1957
2297
458
1592
2734
1392
1624
4782
5193
8056
3148
216
2206
2919
2810
1356
2671
3070
2244
2016
3069
1347
117
290
1366
3063
2921
1984
2920
471
2012
1304
1238
1461
1542
3166
2916
928
1237
852
2889
1415
1861
2918
3053
1180
502
514
2379
5498
1699
2917
1017
2967
2374
194
5666
7260
4190
3354
195
2959
205
5182
1187
4765
2275
5139
1103
659
4111
2002
1373
1657
5254
3238
7186
3021
5264
6850
750
7881
1363
2289
779
2787
1177
2527
2751
802
178
845
5038
2441
592
4515
1325
2304
3388
1168
3869
947
719
869
7728
202
728
1272
1339
2772
742
820
2241
1971
2770
3702
685
3113
2860
2786
574
455
5398
7234
8684
4642
1256
1131
2219
3936
4241
5433
6826
1331
2203
891
2236
2440
2149
2340
804
4802
1488
3489
154
5413
4645
872
5630
5335
2877
1030
2385
527
5087
1236
7121
181
8772
1476
2415
5787
6318
748
4563
7979
3338
5103
186
1783
7753
6405
1008
697
274
7444
6690
4803
597
328
3018
1980
3434
1769
2796
1582
2485
988
213
3146
1497
2494
4079
4016
4383
8157
6918
1300
3763
6408
5808
41
463
6728
1013
4432
3024
8848
522
8819
2283
3127
229
4727
4051
2130
870
4045
1840
2616
5352
28
263
2696
3051
7492
6056
6243
2937
8903
5588
1209
1422
4945
8709
2546
4680
1948
6404
3900
1042
342
3882
3011
2465
8761
4380
1644
2521
3430
805
4399
2677
2668
8451
2483
4391
2839
840
3563
2609
1419
3401
8675
4821
5443
4626
1826
1077
4342
2815
1286
1078
2350
2741
4865
1900
4612
1031
6482
1027
2207
1873
1951
289
8596
709
724
3359
327
1057
8654
2154
8943
2507
3060
6051
2956
6446
2089
2835
541
945
5224
1274
2752
1590
3168
2497
893
287
2676
2011
1969
3913
3420
3404
7139
6148
1026
5055
3859
2202
1287
942
1021
3852
5222
5080
2687
504
3626
312
7340
7228
4570
3428
5707
912
2481
3780
2981
6000
218
6140
2817
2843
1727
8777
6473
2927
1281
1301
1358
1970
482
8629
746
833
1345
1517
7976
7250
153
2295
444
1047
324
2013
8670
4033
5348
81
970
5464
4771
3868
1004
1834
954
3723
201
3349
5715
1569
2531
2883
1010
3975
4162
3875
1640
2139
615
725
614
1586
380
1453
938
737
849
2809
360
1863
3831
189
2306
303
299
3370
580
2486
1529
1726
4255
233
1444
7293
1702
3253
1307
5672
7878
816
2107
3843
1464
8961
4404
3687
2819
5202
1191
6476
4366
3977
4223
1264
1715
2793
2792
3635
3456
5092
908
8336
599
291
4524
1277
6390
8879
3281
1839
922
5288
1032
2567
2373
5936
254
5324
4417
6902
1836
6803
3398
1959
2201
318
8136
8376
8795
568
2990
3889
7115
3552
3425
2982
6525
3794
5275
7394
2195
156
2726
5296
5718
1354
7299
150
2448
1088
2473
1954
670
3745
5539
830
532
4655
4282
5047
3520
4823
4214
5540
4516
4674
765
3129
374
204
1401
787
410
1866
8914
2570
1731
5009
2560
2573
4332
1526
54
1431
2673
1151
5501
4664
5043
5638
6383
4947
485
498
6498
8121
435
4709
5117
4716
8853
1411
268
253
31
4191
6684
5544
561
1292
6322
5438
3173
8410
2146
1938
1206
2722
496
2459
5356
1361
1931
7254
1269
780
540
681
2478
3040
707
5843
1901
5010
1393
3677
179
159
5846
1034
