item_recommendation
25737
7872
8093
8571
8327
7697
7541
8117
8253
8360
980
8033
8447
8225
7437
8183
7914
1003
7613
775
7782
7560
266
285
8420
7636
8070
731
8290
8899
1744
7669
1907
8743
8477
5159
3232
7802
745
7234
1812
2659
741
647
626
48
960
8859
7938
526
5723
986
1513
3368
4550
3235
8661
129
8235
5515
718
733
2761
1317
2686
1523
1777
976
695
5410
888
5597
1816
8403
984
8772
1006
8207
8499
401
2288
1288
1507
2300
858
535
3051
1721
8056
1053
951
1739
6970
8522
1046
2786
6918
969
1562
8003
101
3816
8376
8136
953
2212
8154
6728
4941
724
8819
1187
2935
1472
2937
45
5909
4262
472
232
8709
205
725
1515
4821
4366
2374
659
5662
3188
7478
955
2780
2062
990
4731
3324
485
8684
3875
2769
964
1783
1525
8596
1021
6154
2154
7186
6826
656
3081
189
105
3377
746
5117
872
880
263
1852
8654
1437
870
3127
6902
685
5198
2982
7728
970
2772
196
2399
6365
2798
162
885
4437
1696
1059
735
34
3211
8761
1771
7649
2340
2600
1624
8879
2688
6355
4577
1020
5186
474
869
6091
1013
31
8636
2668
1951
8665
2775
6609
407
881
482
5765
6178
1060
4076
1145
2596
1767
7878
3210
2843
1225
1580
1363
1997
2159
742
915
321
2647
6612
1959
5742
1209
2415
5715
2815
5288
2976
2981
2383
6390
798
8410
1608
6559
981
1017
966
5611
498
2494
2439
9018
8385
6318
4801
2407
2146
1688
4404
4740
4923
6630
5768
1099
3238
1024
268
2155
2325
5264
720
2605
3150
1834
2427
700
2504
5177
7786
1012
3417
7976
1367
550
8961
5675
2546
7753
704
2285
1759
2633
1388
167
2403
2715
1616
2766
3177
2074
99
918
161
2215
2789
1226
1063
1186
1204
510
2393
1233
1080
2922
3042
3134
3005
2364
3068
2866
3147
5296
7738
306
6513
1702
522
2120
2660
1449
2442
7619
6774
7888
2582
2983
1730
8642
3263
4639
8840
3707
6932
3924
8462
3928
7698
7944
7587
7445
8833
6073
213
2793
1870
1042
1841
8261
2284
5936
6121
2227
2521
5655
9001
2975
5033
2687
5839
3584
4658
994
1132
5365
998
934
2496
8614
816
201
8607
8920
6751
2204
2966
1184
2752
2347
5729
4079
2478
274
6760
7487
1581
1794
6143
2704
16
2617
3071
1972
743
2429
2753
1125
1085
4873
7881
7894
3668
7831
4171
6148
3307
5834
4638
278
100
8591
3854
2385
7263
1517
7932
1028
2634
9012
5853
6260
211
2832
1030
7282
4162
1970
3176
1750
3869
7995
3795
1026
47
6498
8943
5449
4414
8187
5312
991
5810
348
479
7228
8629
6835
155
2567
5980
9004
140
1095
1582
1057
1929
954
207
802
1653
912
688
7979
5161
276
507
7245
2858
5850
6294
1689
461
6314
963
1004
1218
6195
1352
7577
2078
3006
1844
1531
4782
6400
4600
7038
8589
3456
2335
8807
3044
962
4936
8689
938
7272
5139
893
5888
2534
5689
2799
1192
8524
6744
131
3428
4795
2860
327
1590
2689
3714
1909
1286
8268
8827
4432
7809
1428
7126
2046
302
2572
1197
4391
4649
243
2342
339
218
1639
828
8699
3799
8167
5585
2248
4251
3113
861
8670
7897
28
2182
337
7492
8777
2052
1130
2577
3489
4761
1556
2043
844
95
1784
2835
4153
1690
2178
8039
2864
2946
5815
1796
2829
1508
3702
5952
2236
638
7299
2531
371
4809
8998
2091
5008
15
2986
2039
6348
547
2517
1104
957
886
1831
7407
1819
5498
84
5588
6243
2990
945
2186
7792
7705
2207
1860
1008
4727
3281
3474
5
3643
2327
2583
2418
5443
7208
1196
2892
916
5038
3805
2507
5666
5398
2674
3028
8910
7260
3157
171
2570
1518
8838
2135
2350
3251
785
947
965
864
366
2730
3632
2826
748
2581
2741
2621
499
1281
2310
4427
8484
8848
2202
29
5752
2082
372
6985
1652
439
707
4420
5193
1333
5968
1032
840
516
6077
996
2394
8542
1429
3199
8482
6892
2820
2465
8977
492
423
6684
2296
4895
1779
4417
5164
6798
1549
3218
3522
1066
3587
2770
1824
1545
5710
6579
8511
7394
1500
3819
1873
6803
6748
431
3016
6404
4263
1925
589
2398
6521
3093
2493
6436
3334
1078
2134
3294
5489
4830
7748
3804
1150
1358
6062
7078
111
2622
1476
2422
6000
71
5254
5672
1438
2458
3160
4241
1111
2801
627
719
250
3936
848
419
5926
141
4016
3041
3064
349
6896
8580
1497
291
4121
2498
5017
8157
144
5556
5055
3128
838
5473
8695
1330
2440
244
1667
3140
1822
6162
1307
3256
1033
1810
3388
375
1081
2425
1981
4844
5801
2241
3351
2021
4246
879
4033
3611
7099
2900
460
8720
866
6568
1077
422
1301
2424
8979
2366
1858
5319
4511
113
4440
8781
5734
8453
8903
3194
4976
2964
1804
5735
1295
5243
8633
3758
6116
2655
1147
1228
6963
961
2085
220
3072
107
7171
6234
8882
76
1726
4885
6286
5433
5772
2897
2696
7254
875
2195
2628
5693
2535
5282
4316
2014
6440
2324
2432
2451
1331
275
8640
8675
4980
1884
6509
3387
5352
8616
6047
3693
6422
3120
8604
1980
907
1833
7346
580
8768
5641
4634
1501
1453
5285
8451
1859
5170
93
6703
7822
7235
4929
7919
7198
7309
3996
8275
3125
493
4552
2128
7419
5291
2331
5003
5401
8921
5034
8949
5670
5696
8828
5400
5685
5056
2231
1040
4532
2979
7947
7791
8955
5538
5527
3753
1297
4984
6858
5462
2221
202
1526
376
5021
5517
5001
5678
5684
5667
5004
5686
5373
5577
5680
8966
2915
6123
558
3013
2630
5530
899
1349
7892
905
2968
5413
7107
2400
4914
2004
527
6207
931
2961
3402
3649
6211
3843
5203
6186
2334
7204
6530
4920
3007
968
3359
793
1504
5558
7817
7316
1092
7762
1978
5699
2464
3845
