item_recommendation
25737
7872
8571
8327
7541
8093
980
8447
7613
7914
8360
7697
7669
1523
775
8070
8225
7437
8253
7636
7560
8117
8056
960
955
7782
1046
8033
8183
1003
741
953
7407
8385
966
2212
5159
232
8420
4584
8290
1744
626
8522
733
3232
3368
7802
8661
984
1816
5611
6091
2686
954
695
2062
7738
129
526
285
266
5264
1513
7938
8154
7478
1024
8879
6365
858
7649
3869
745
2227
472
48
5017
731
8235
735
7753
7728
4658
976
8403
2659
3235
828
8961
5723
8684
1907
912
969
8859
970
2340
7234
1288
5473
8003
4821
1812
6579
8477
45
1507
4391
888
3420
3751
6143
8751
4437
4366
1352
527
8167
2241
1515
5008
994
8410
3804
7186
2374
2288
951
2772
7394
8743
5410
4121
7293
3281
3324
4600
720
6728
5597
4873
8596
6892
4941
4414
3188
840
4550
5909
485
870
957
6559
6195
4686
2506
4638
1057
981
6318
2860
5489
1020
1281
8008
8709
5498
4162
535
1042
3417
6918
7705
8761
986
4782
6550
8499
5515
7263
8899
2173
8819
3816
1013
1004
3127
5210
9018
8654
6970
1771
321
8665
1132
522
1006
4188
8998
4577
1767
964
5117
5980
5765
6826
2504
2496
6748
915
6658
6207
6178
2769
1060
8670
4809
8977
4605
1209
8376
2780
4649
4901
724
4696
6355
1437
2798
196
1624
963
3845
990
4079
5729
5134
3213
8136
880
189
6521
1590
3875
725
1676
8772
8207
427
3668
6294
1531
1026
7619
4731
2935
1844
4262
2437
7245
4740
3125
996
4801
881
7481
7831
6920
6073
3292
6314
2709
7720
1870
1657
407
4936
6630
2897
2248
5012
4920
2801
8604
1652
8777
2186
2647
1794
7204
1777
1331
2668
4349
2415
746
1562
4076
1030
7748
1021
7878
2396
5033
916
1125
8699
8745
2236
2154
263
5772
872
1053
4440
3854
1639
2300
4923
2937
474
869
101
2398
2688
4984
5296
6636
2669
401
961
3632
4380
5198
5662
3604
7786
8910
3900
7484
659
4830
861
5440
2366
6322
2038
6440
4051
2605
3996
6612
3795
608
7817
1831
737
7299
6132
893
6624
2752
100
4404
8848
4417
7881
656
3210
6609
6850
6724
4795
4135
7932
8927
8511
8633
7316
1187
2385
16
647
4081
956
3522
1476
2829
7976
5164
1472
4171
8462
3428
3296
5470
2981
3702
2799
3408
7583
1393
3608
6509
4765
2689
4761
8864
753
832
2442
521
719
1641
934
1016
1031
5742
7254
2407
5936
786
1037
5839
2982
6751
2687
4432
8589
2660
3377
8453
6932
6676
1876
8833
3707
8840
7445
7944
7587
7698
3928
3924
3263
4639
5834
6276
965
7757
6498
3989
6404
6743
6669
1866
2802
8807
7107
7038
7487
721
7888
8642
4375
1970
1114
1394
1525
1819
6832
2521
531
9010
3268
3508
839
1516
5186
4290
3655
2617
328
6000
5588
6390
5387
8187
5815
5787
6568
6536
1317
9004
9001
3307
4632
4555
1582
8689
750
6535
6902
5850
6254
1012
885
2318
1040
6116
4033
8039
6760
3093
7130
4603
5968
5021
8636
8722
5752
2775
7577
8239
1367
1078
864
7126
1702
1429
8609
7840
8169
3714
785
4427
1131
3805
7099
2699
6154
7034
8607
15
3431
900
2622
205
2827
6242
3338
1504
3799
8388
8392
4177
6562
7195
3863
3596
4911
3456
6148
419
3251
8228
8865
31
1643
2346
5433
2839
2912
4326
8620
6739
8827
4161
8914
6957
5558
2531
2447
2368
3155
5218
8133
7155
2434
8525
3344
6566
4238
3761
8831
5840
5122
5097
8799
3479
3639
8712
3615
8612
7995
4316
3113
2344
3402
5715
1145
2440
3207
3081
6450
8482
866
7171
8451
3692
1061
3682
2102
3891
3343
5570
1019
5312
1047
6260
8131
4342
6803
492
1193
988
8984
6436
4814
8979
844
5734
6084
6493
6039
5080
5177
7011
748
3438
5810
6999
7160
6383
3452
1941
802
947
2959
550
1336
6230
4861
1147
2231
4235
4893
968
4191
2433
6339
4304
6718
8574
2082
726
742
4228
1497
1640
3587
8191
3351
1029
892
5046
3140
2370
3709
4024
1010
1500
7121
1739
3690
3819
5288
6885
7826
1569
1834
6162
2155
2692
2573
8667
5530
5782
8854
4009
4014
4012
4011
4010
3481
1241
4053
3979
2404
3243
4251
2793
3754
3238
971
5534
2583
1135
2741
5053
4399
2581
5693
1253
8903
1032
4987
2427
4394
6121
1173
6243
8491
7979
7272
2925
3843
6140
3871
1517
4645
997
2494
8507
7211
2380
761
5768
8261
1111
5329
1433
5853
2900
1041
1696
5151
8591
9012
2439
5675
7016
2418
3977
4223
5585
7894
2478
7809
4878
6042
6686
3024
2004
6077
1438
3067
2770
5065
5241
3218
4337
4101
1852
5275
4727
4837
1295
619
1580
3157
1686
5161
1245
8387
7502
5888
3575
8810
6791
3152
886
3339
7792
2371
2394
3584
760
5952
6684
8700
2966
8695
7189
144
5926
2727
5165
7022
4897
2468
6977
2467
6974
7990
2815
5139
7228
1225
3160
4153
4246
8920
1581
714
7380
3500
5214
4447
3593
798
3980
4029
1916
2262
2971
2490
7771
1453
2609
5226
5458
3730
3101
4569
1474
5285
2159
5985
218
3687
4718
5425
3176
422
5832
1810
1633
1822
1064
6375
2730
6329
93
6981
2438
1346
5449
2956
5282
5568
7789
2003
1721
4895
1985
3427
2696
8044
718
498
8524
7444
2892
6985
3540
2138
6513
6840
4585
3086
3649
2546
2347
2283
1636
2500
4420
2183
6615
2310
6283
4284
4524
5971
2331
5641
4086
6744
3745
1502
8580
1035
7415
5193
3563
4612
3199
6446
5569
5365
6811
962
2519
3723
575
7897
3947
3445
3783
3173
3743
3399
7135
5803
4273
5471
3766
875
6186
4552
6591
5380
6426
523
7759
7311
8943
2570
5655
3534
2402
1980
3927
5291
2817
5378
12
2764
5618
5114
5699
1608
5521
6001
1365
1303
6896
973
1629
1358
4885
76
743
3763
1726
4846
3388
1973
