item_recommendation
25737
7872
8327
8571
8093
7541
8447
7613
8360
7697
7914
7437
8117
7669
7560
8225
8070
7636
8253
8033
8290
775
8183
980
8420
7802
7782
7478
7407
8056
1523
8385
8403
8522
1513
5159
7649
7728
1744
7394
5597
7738
5489
955
7938
6365
1046
5515
8003
8661
4584
3869
6091
1816
4391
3368
8751
8477
8154
8167
5410
5017
8743
5611
741
5723
3232
6579
960
232
129
4696
2062
8596
5909
6559
6195
2659
8772
8859
8008
4121
6728
966
8499
8235
8961
8207
4941
953
4658
8998
6178
7753
5473
6355
4830
1024
8899
7186
5033
733
8684
5264
7234
8879
6970
2212
984
695
745
401
1003
840
526
9018
888
1472
6073
8410
3324
1562
7976
6748
4821
8745
6143
5662
2686
3235
5008
7245
731
5765
4437
6636
6743
5198
4079
4873
6669
7263
8819
4600
6850
285
2935
6920
8376
8136
954
5012
8670
1515
6918
3875
8709
6658
4782
7878
6154
8654
2340
3668
3188
1288
266
7705
2227
2860
1777
6498
4605
969
8665
4920
3804
1639
4731
4936
8848
5134
3751
4550
8761
3127
7748
1317
3281
7786
994
1507
3420
4795
2241
912
828
6892
4686
6550
2159
3632
5282
1057
626
472
4076
1739
48
5980
2374
4414
7130
7932
6826
970
5186
4316
5715
2236
5742
8636
2504
1352
1590
4366
3845
5177
8777
6676
6404
6242
3816
7293
5117
6832
2605
1831
4987
7831
5936
4290
5729
6314
2981
4727
6294
8977
6902
7171
5815
8589
1580
1125
8187
1771
2173
990
6260
1812
522
4923
6568
5296
2772
3456
8699
7299
6521
2668
2799
6207
1907
4740
1676
321
6318
8604
7204
427
4262
1767
659
7254
4162
8580
1794
5839
1060
7888
735
1870
6724
8511
4801
6751
45
1281
5312
5675
4577
957
6739
5288
4809
5241
5853
9012
5768
8591
4901
2647
7995
5210
1437
5772
7016
656
8462
6684
6760
5588
7444
858
951
5440
6630
2761
4432
6132
6624
3081
870
5161
798
5558
6390
7840
6493
8039
1187
2769
6056
5164
1569
7481
2496
2937
6276
4171
7720
1783
4081
5968
2689
1006
3854
5329
724
5193
2478
725
718
1145
7619
6535
720
189
5693
6650
1013
3608
976
3996
8807
3417
3604
2912
4228
5433
8607
2982
4417
6609
8261
7316
7107
7272
4404
7160
7228
3338
535
1012
7817
5114
6835
4552
2688
7121
3575
1844
8689
5291
1476
4680
3900
8854
6612
5808
3428
2786
8482
4911
2617
1819
8833
8840
7698
7445
7944
4639
3707
3263
7587
6932
3924
3928
1209
961
2437
8810
2415
647
2976
3051
1020
2300
2660
2546
1608
6957
885
1721
7577
5940
2531
986
964
7826
3522
8864
8633
3702
2801
5825
1652
100
4984
8642
1657
6856
4188
6322
7038
1021
1696
7484
7881
3292
8984
2780
2427
1531
981
1047
1004
881
4033
407
4612
3377
6718
474
8827
963
1030
4761
7099
7487
2966
6690
2959
2956
1331
5834
3033
1852
4135
6395
5139
6547
6383
6513
8914
4638
2793
3489
2798
5752
5053
3093
872
3307
9001
7894
8943
4394
1750
2567
3194
3534
6375
3587
8524
8453
3251
3113
6000
6162
5926
8131
5641
2835
3334
5470
1516
4649
8191
6440
5689
5458
3150
996
2779
7789
8629
8451
753
1063
8542
5699
7282
8720
5483
3895
3213
2687
8927
1624
2521
4614
1053
8910
4375
7222
1042
1970
6116
4153
5427
1951
861
5585
864
7142
101
7135
527
5341
8239
5810
915
4765
9004
1225
4016
2897
6643
2288
3402
7757
4440
4051
1120
1508
3819
6985
4086
5323
7990
3759
6999
8650
5254
5518
205
892
5398
6974
3268
2214
6896
1363
2038
4332
6077
6140
3452
2609
869
2398
5625
2366
965
5400
6591
5038
5222
4246
328
4673
2248
2983
2582
3714
6339
3210
3238
2696
7809
4101
1453
2120
4555
4524
1059
3370
5009
6800
6562
2596
7195
4632
6703
3207
3176
3871
5021
6254
880
5365
1686
2186
8574
6757
2832
4251
3086
3284
5055
8675
196
5850
6243
7011
2866
7502
6530
879
8920
2642
2766
2439
2752
5684
2633
3351
2003
2494
5787
7439
6840
4312
8768
7260
3936
4241
5666
7022
1959
2385
6744
2155
5236
5655
8609
2709
2513
8491
719
1184
1135
5443
4389
7055
1040
6977
6791
5387
2506
2583
8903
213
8169
4603
2396
8722
3882
5346
4349
893
2704
2441
6464
918
2403
1080
2285
2215
1186
1204
2715
167
2074
2789
2922
99
1616
3134
3147
3177
510
1759
3042
1711
6148
1078
2204
2815
7583
4833
7211
4925
4976
7380
4954
947
3399
3655
3563
7126
1388
3005
161
1233
3068
1226
2393
2364
6877
704
4634
306
3964
6509
5127
4846
4645
7492
6408
5888
8228
5203
5165
2399
1147
6121
5952
1192
6436
5182
6803
746
7208
2347
8387
4728
3656
8362
2268
15
833
1394
4787
1111
4706
8730
1730
1131
492
2043
2342
7771
4592
5600
4095
4814
2154
6582
8507
4895
8979
2325
1019
3758
5170
4945
3357
1517
8392
786
5214
6774
3388
5735
3795
6286
8044
2344
4662
4977
5463
4676
5637
5342
4640
4333
5302
4636
7822
6279
7381
4519
6114
5498
4627
3157
8838
7078
3211
1549
2669
5527
485
7311
5832
2829
4166
1429
5265
5364
3649
3359
2318
6021
263
4520
5449
3347
2418
7189
1788
8142
9010
1055
6706
5285
1028
2183
1132
5046
6768
6762
6422
8147
4659
5462
3408
1525
1410
5947
6536
1041
844
3256
8388
3163
2383
4878
2600
7456
2442
5534
3540
1997
3687
2433
1114
1085
2493
4738
4161
1631
2500
8865
162
785
1336
1173
4177
4450
8695
6329
2858
916
5710
2295
4401
1218
4420
507
3889
4861
5275
685
7919
6341
1104
8781
5413
3989
938
7419
1873
5801
816
6283
2990
1647
6863
7827
8620
2331
7759
6348
6880
6446
7415
3006
6123
4886
2775
6047
2481
2429
6502
3160
7979
1582
1980
1581
2327
6641
5080
1380
886
5530
2710
5572
