item_recommendation
25737
7872
8327
8093
8571
7541
7613
8447
7914
8117
8253
8360
7437
7697
8225
8070
7669
7636
8033
8420
775
7560
980
8290
8385
7782
8056
7478
7738
8183
8477
8522
3232
7407
7186
1513
6365
8661
7802
8003
7649
7394
5909
1523
7753
960
5159
8403
8743
8235
741
7938
8879
2212
8154
7728
5264
8684
7976
3368
5597
8654
955
984
8167
1003
6826
6748
8859
2659
285
3869
526
472
8819
828
1046
2686
2062
5723
6728
695
232
1744
5489
7245
4584
8596
8961
5611
7748
858
129
8761
8709
8410
6091
953
5410
4391
733
4821
6143
9018
4121
3420
7234
4658
5515
1907
2241
7705
6559
1562
888
8899
266
3235
8499
6658
731
1024
4696
966
321
2340
1812
1352
6918
8670
6207
6892
4437
5017
954
8751
8772
7263
6579
647
3324
8998
2374
745
969
4414
6195
6178
1771
5296
5033
7817
7293
8207
48
1816
2860
4366
3804
8665
5008
6624
2288
7299
8589
8008
4941
1639
8633
7160
912
6970
4550
6318
1507
6355
7786
6521
5117
4600
4417
3127
3845
1437
1590
4577
8376
1288
4809
6550
7720
1844
8977
8136
3604
3816
1013
3188
5980
4873
2935
8039
2437
2236
3875
4731
970
1120
840
5765
4605
7481
8187
2227
1767
2647
527
5473
7932
8777
3996
3281
7107
100
2688
1060
7888
981
7831
6568
7282
4920
986
4936
4686
2605
6294
1004
735
5968
3668
1515
2506
6390
45
4761
6630
8699
8745
4162
4923
8482
4432
1777
7878
1131
3417
1336
4290
7099
6000
4079
8910
5936
6154
2300
5198
7316
4649
7826
6850
1281
6743
951
7619
328
5839
5662
3751
7484
7757
4638
4830
7311
6612
4740
6591
870
3632
659
401
4427
7502
6132
2829
189
1125
535
4782
5012
4801
990
7204
5825
963
1580
6609
7038
3871
976
6073
915
1020
3210
2415
6695
5210
4901
2779
1531
881
626
4171
8927
8914
5329
6724
8239
8462
2772
1870
6832
3522
1057
5558
6440
2248
6535
2780
5164
2798
6242
6243
5815
7487
1497
2173
522
1819
474
6957
8848
5186
6862
4795
724
964
4188
994
7034
725
7995
5440
8642
2801
1525
8574
4375
5134
427
2799
2531
3028
6314
4404
3854
1042
5926
8833
3924
3707
6932
7445
7587
3263
7944
7698
4639
3928
8840
3113
793
7990
2660
7809
6739
4987
4076
5772
6636
7881
5693
1026
2769
8261
2687
2815
4911
1111
3213
3456
6676
5588
5850
5729
4552
8422
407
6977
1187
6021
720
8511
1794
1472
7840
2154
1021
6498
1624
6140
1295
4262
5433
4033
4135
1394
7577
9001
6840
1030
7583
8984
6902
6760
8604
5715
3399
2344
6116
6077
263
5226
5834
521
5742
6751
8864
8827
3307
1866
6744
6684
1006
2496
7272
3608
3086
4727
4228
1132
8636
5177
7254
2730
5888
6562
1652
6283
3587
2609
1019
3377
2504
885
7380
5801
7979
6920
8607
8807
8920
3207
1047
8228
8854
3428
6322
1476
6383
957
656
8392
1145
8044
8507
861
5080
6260
9010
1331
8903
3702
2669
3238
101
1657
3176
4861
2752
5768
196
6493
1053
5021
7195
8609
7211
6530
3819
996
3251
886
4645
2617
4765
3714
5165
4316
485
1209
2745
3563
2622
5161
7135
8689
4349
7415
3795
5810
2186
9004
2912
2082
5832
4632
965
5312
5917
6348
8491
6547
2892
2442
869
5734
7011
15
6706
1640
6669
4251
7016
8451
6762
6641
3292
1696
6974
5282
4081
4440
2982
8009
5853
7894
7130
6835
7566
1346
5291
6509
6880
7121
3268
8695
5288
7228
5900
8526
3492
8950
7584
8948
6370
4020
3997
2941
4292
6415
7845
4692
8908
1824
7044
4811
6436
1676
8781
523
961
4246
6718
6148
2741
916
5146
3160
2981
1500
8892
5857
4380
7110
6404
8979
4984
8542
1641
6375
5114
3218
3575
2709
2418
3947
4634
2478
8591
5675
8453
2689
105
8191
7759
144
7456
1504
1711
6650
5498
9012
6791
3152
6798
746
5449
8387
1686
5787
7126
3752
6276
4153
839
7208
7171
1517
5568
4876
1029
719
3693
5971
1012
3799
2937
7897
8614
3534
4603
1852
4161
6927
2318
1135
2839
218
7771
3388
8943
492
6114
5046
3408
3402
4814
6731
947
3655
1839
7089
6513
2159
5378
6999
5923
2038
4086
1535
3125
8629
2366
8014
5585
550
880
8388
6536
2897
2003
4191
4399
1516
2668
1582
742
1078
5365
753
5254
3199
8484
875
6662
1647
8131
4612
4895
8169
4177
8768
872
7055
3863
8524
3908
7142
7789
4051
3216
8620
1569
2770
6703
8268
6985
4255
8865
3351
276
2817
3508
1017
4101
8722
4524
2433
4284
2793
454
7096
5873
1826
3163
8157
5655
6615
4846
7155
6566
1393
121
4342
7492
6885
6162
1148
2516
1970
1552
1739
2764
4748
2521
1380
893
798
1831
3768
3540
3900
824
714
6186
2243
4680
288
3438
2959
8612
8133
8799
3639
4238
8712
2434
3344
3761
3615
8525
3479
8831
5122
5097
5840
1931
6896
1702
5380
844
3431
4636
2966
1032
5202
7334
816
2681
4706
3194
4273
1726
2385
1193
1581
737
1479
8530
2394
726
7792
5151
892
3357
8142
2283
7020
4673
7036
3626
4166
2004
1317
6803
1699
5752
2581
76
274
7078
6298
8675
6757
7627
5965
5521
879
6966
832
2642
5641
5470
3256
5427
5952
2231
4498
5285
1429
2149
1836
4045
4223
3977
8616
6464
6811
6003
5940
6856
785
8580
3033
4625
6329
6056
5534
1631
3354
8810
5346
7958
5600
1161
2200
1501
5236
6877
8650
4837
2404
2699
4337
6964
7892
4270
1367
7458
1788
3723
1438
5218
2138
5009
3093
8194
3489
4024
3649
7762
7444
4394
3759
5689
6502
4659
1502
5053
6953
2396
2347
4194
2407
4885
2331
2775
835
5425
5387
3150
5139
2835
8600
6254
2802
1688
1225
6331
1073
7192
8366
2900
5628
6400
5625
7841
1076
7250
4774
5193
743
16
5443
4954
7340
1707
4066
5127
