item_recommendation
25737
980
7872
8571
7541
7914
8360
8327
7613
8183
7669
8093
626
1523
8447
7697
775
960
8225
8879
5264
7560
984
8070
1003
8522
733
1744
232
953
955
7437
7407
7636
6579
966
1046
8154
8661
2227
8207
916
5772
8117
695
6195
858
7782
828
745
976
8385
7938
912
8056
48
8420
1513
1907
2062
741
4821
2686
526
7293
2212
4658
8410
266
8033
1812
3235
285
951
735
8709
5470
4809
5410
1024
7802
731
969
870
981
8859
3232
472
608
8722
2659
1288
6211
4437
1042
3292
2935
1816
4600
954
1507
3368
5765
8761
1767
7728
485
5787
7619
970
196
5159
1004
535
8253
8684
5134
3188
8977
4638
1026
7234
8003
1020
964
880
647
2772
1132
8235
1562
7753
1281
129
8777
4782
1053
2605
4162
888
401
3869
656
5729
4584
5473
8848
6970
986
8290
2752
1006
1525
5515
7649
1057
6318
7478
3324
8699
1777
1515
4188
8927
1209
1476
6073
2769
1013
8961
527
8477
881
4262
8998
8403
4941
45
5008
5611
994
7738
2241
990
1876
2288
522
3587
321
2396
1771
1030
2506
8910
1111
3281
1352
1652
2398
1870
1125
2186
2340
3863
997
8604
8239
996
6091
720
3377
8596
1437
1060
3608
5210
2669
8609
2366
4911
2496
7583
4076
189
6718
8807
2173
869
2780
8261
2709
988
7186
3804
1590
9010
893
3668
8864
4375
8620
6395
840
8228
8169
7720
5198
3655
6365
4632
8799
861
915
6322
4366
4550
7316
961
5840
3761
6566
8133
8392
2434
4238
3479
5122
7155
3615
5097
8831
3344
8612
3639
8712
8525
2415
963
4161
4177
101
6509
2344
3428
2385
5065
2300
6658
798
5352
4603
724
2504
6207
8633
2236
7272
8008
3152
1016
750
5689
3632
1497
1145
7245
7757
965
3431
6154
839
1676
1041
4801
4391
5723
1624
844
4901
8667
2687
1021
725
3751
2442
957
6077
407
1831
3081
2374
3816
3417
1037
2647
4349
5556
6636
1193
8689
872
2407
3427
2815
4837
934
8654
8743
7705
2318
2798
746
2897
6559
5017
7204
714
2668
8376
8136
474
1114
1970
6630
2802
2981
6314
5033
879
719
4079
3875
1844
786
6422
6178
5742
6728
2801
7932
5784
5269
956
4893
6254
8499
6826
1253
2427
1657
1531
2433
3438
2231
2937
6493
6000
8388
6885
761
7786
6355
6918
2468
8451
3093
4936
2155
2248
3213
5117
1393
4246
3127
1612
5949
1331
8914
2370
753
1794
4873
1721
7881
2404
5053
244
8187
5177
968
4404
4414
6521
3113
962
205
3602
5312
1120
8670
8903
1608
4024
5114
1502
5718
575
8751
3702
2793
7307
1031
2860
6892
885
2966
3125
1187
5597
4731
5151
3819
4740
3207
3478
3795
7979
16
6263
2368
5570
3420
7101
2617
5909
6230
6536
726
1472
2912
3354
4088
2545
7789
7263
2082
4984
3370
531
7121
419
7444
140
3238
1493
4273
4284
2799
1580
3268
1582
718
3140
5980
1147
2287
7831
3845
4686
8819
5413
8665
2581
5808
1500
1504
1245
7809
6787
1064
886
1303
3996
2516
8899
6920
2154
4051
100
5489
5038
4380
4920
2689
1665
5443
3024
4861
3296
8157
6550
1852
6514
2829
1834
5666
6541
7171
4440
479
5440
1516
7038
8772
1099
7282
6316
8865
4241
3936
5398
5254
3334
7260
2478
427
2835
1032
5296
1429
3508
2350
4171
6414
3709
5
1367
2925
5288
6148
2457
5139
4649
1581
6612
2352
4933
3210
2827
4885
4511
3805
423
2207
4432
659
6690
6547
1631
937
3086
2507
3786
2437
1517
5588
3522
8462
5825
521
2200
2770
2660
7011
2741
1819
3604
1017
7899
2699
1866
866
2583
2609
1479
3714
1019
8833
4639
7587
8840
7445
7698
7944
3707
3924
3928
6932
3263
6498
721
5458
1320
523
1529
1739
2533
7036
2438
6290
1639
3489
25
461
1076
2521
2621
2688
999
2402
263
2004
5815
7577
8642
1014
1317
6436
1394
492
1101
1688
2513
2131
3150
3307
829
864
832
1916
5182
1346
2975
4577
2483
1726
6408
651
3475
3116
1047
3676
5839
3882
4619
6155
5843
785
2310
7748
1012
973
5936
2202
7995
4033
4626
5179
7394
1535
1077
1569
7299
4290
34
2727
2363
2197
6121
2467
9001
5662
337
5193
7888
6143
5202
2046
144
2779
4947
2440
3351
2447
7484
6676
6264
742
1660
2159
1788
2902
1779
7250
2718
2026
3408
3430
2788
4696
6751
2775
1996
737
9004
3251
6279
3575
6056
2735
1008
3339
1702
4795
1641
1135
5899
4945
748
4865
4251
3051
2418
5968
2884
7254
4121
3730
1474
3101
4029
4569
7878
4897
6162
6260
274
691
6731
5777
105
313
6760
2459
2982
1980
5846
2560
7340
6473
1029
1985
5834
4895
5791
3258
1453
4718
6482
5585
4830
793
8589
4326
2600
1010
8636
3000
4923
8121
7419
2674
6294
6170
2494
6446
802
3155
6051
7195
4191
8453
8167
1161
4722
8580
4304
3900
4585
218
7415
3780
7126
422
31
6458
2038
2283
7081
816
8336
8923
943
6591
900
6383
3868
6243
2761
5707
5803
2624
8387
5186
7492
8191
938
2570
1769
222
4748
7815
5538
3402
1810
2892
5810
6902
5768
9012
5675
5853
5715
1696
1028
6832
15
1482
5315
1728
697
6609
1487
896
1103
6850
1015
2622
1011
6084
1821
7792
3596
3157
1380
8675
275
2346
3160
7139
2439
2959
1438
779
2527
2751
2787
1177
728
2900
784
3889
8591
6762
8131
2722
2380
6624
6404
2487
2929
7817
4673
6525
8745
1148
4153
410
1049
4399
2766
7099
2573
4339
6390
5952
3453
1444
7048
2939
2652
3854
2786
6803
444
550
5285
5012
3593
2817
5164
6669
2371
5010
4645
1501
1951
7130
276
5498
3723
1184
6186
4842
2676
6791
8629
1508
183
6039
8574
3913
1488
482
328
5027
4972
1552
2204
1839
5464
4771
2531
5165
1484
991
2232
2806
2535
7759
