item_recommendation
25737
8327
7697
7872
7541
8571
8093
8360
7914
401
1145
1111
8056
599
1783
647
1816
8253
7802
793
8117
7613
1120
8070
718
685
8033
1562
1161
775
573
2159
8684
8420
778
7437
2786
1523
3232
8290
707
7478
2761
9018
1652
7738
2605
1744
8235
2504
1453
659
5597
816
861
8447
8183
4458
818
1317
7228
540
678
798
7976
1707
8477
4920
8207
5538
2686
1739
8225
824
1852
7669
6365
1535
7932
808
872
4709
2668
2935
4290
7560
2204
1657
1721
1788
84
661
828
3150
656
5556
1310
7394
1437
7282
1777
2779
1472
7649
8167
2835
4649
5410
360
5980
1580
650
6195
8261
1696
1040
2615
405
1767
387
1608
4577
885
1363
6493
4703
7407
1286
588
4550
6073
4515
1196
2832
571
5264
4731
1711
1404
5498
2745
2427
875
4262
348
2231
945
7245
603
2200
95
1791
2704
2966
1701
5069
980
4194
5765
731
1804
5315
550
2327
8522
858
5092
626
92
4911
813
7636
5159
140
3051
1549
879
1425
4873
764
7995
690
1073
7293
213
366
25
1076
6579
3081
1833
8511
671
702
8819
6178
6395
6906
673
1907
8616
741
7782
135
463
121
4673
2445
8039
2946
5087
1103
1759
1063
2981
129
1184
2633
1240
2128
41
1970
1997
476
1812
3152
7130
2681
162
7840
2399
374
98
4654
3185
1819
6440
2789
3068
2866
3042
2922
2596
2219
1150
299
810
620
4634
714
278
704
1233
3005
2285
1226
2364
161
2393
1388
2403
167
3134
1204
2715
8154
2741
1135
5372
2325
3643
2864
1784
2227
3072
1297
960
6000
1848
2215
1080
1616
918
99
3177
2766
3147
1186
510
2074
326
7121
306
4166
507
1183
1959
2494
4674
830
5540
5047
4664
5501
4655
4214
532
4823
4516
5043
5638
1151
5539
4282
3520
7728
5414
1218
372
364
2236
1105
3211
2858
653
2091
3133
1231
780
1730
2155
1003
2843
835
7016
1433
6850
782
1545
2594
4638
558
1085
2753
36
2429
5909
47
3377
3140
418
3006
1873
1175
4060
2478
4782
137
552
1951
6806
8695
3016
1841
561
4366
183
243
2820
44
547
6091
1929
2975
1826
7492
1513
1586
1916
6658
1059
1552
1482
2634
3071
1972
1046
3060
536
1081
8482
4748
991
1272
12
3235
6355
8675
1900
8451
2212
375
1667
1025
4296
2207
94
2043
990
6077
1686
6166
888
8892
365
753
976
2243
4121
1689
801
1320
34
8903
8499
1671
224
1066
577
6703
2507
3751
848
1422
8385
2706
2350
1095
285
1941
7762
2149
2014
2986
4802
8772
1449
2282
1831
8661
500
312
2400
201
5433
2521
2600
589
1925
2630
1692
2809
8014
2039
8751
199
8810
77
202
5772
1507
3660
526
4572
2791
144
7720
6140
2628
87
303
2439
349
2498
491
1665
7215
5250
6405
417
1053
8491
3424
2203
3214
3163
6918
635
4584
6390
1639
2990
8761
156
5553
1354
5137
667
1130
2201
2178
264
1858
1809
984
3041
1029
1123
1771
4486
2046
742
3360
4552
23
6856
869
8187
1044
105
2146
896
1225
8607
287
8879
805
3238
7583
927
1333
2815
2647
2284
5046
2583
8410
3086
5395
2956
250
785
7809
2422
3128
2506
2
4383
1975
1794
8524
8743
441
2959
866
327
7020
2342
2822
2453
3983
131
2261
1259
2769
211
2052
2468
2130
1077
267
1463
1277
3515
1827
8977
3816
338
4246
1493
1022
1860
8827
1099
330
5899
8979
1033
8807
1582
8848
26
907
3368
3354
5850
1880
1285
4378
3587
1428
6458
454
1242
1750
5791
339
2390
606
1891
1688
3190
453
1606
1974
7753
1086
195
986
2300
1726
7897
6348
7272
637
1243
911
615
435
7892
6954
1128
102
1194
2021
4521
2053
2031
891
4039
1079
376
5723
1131
1728
151
481
2548
270
4885
6961
936
2383
7160
2674
585
5177
3798
419
1660
7135
5515
5038
4600
5117
1796
58
6840
4462
1165
7161
3007
1254
2180
71
800
906
854
3895
377
950
2546
1389
4178
8003
66
1554
8044
1419
6977
493
1054
567
245
7222
820
3008
300
132
1217
456
2572
1167
6559
1262
5101
531
1126
1940
7415
1414
2168
4169
4491
6561
5534
2937
1391
728
2120
2000
7192
196
262
122
3467
4848
3038
7150
7812
4090
3266
8813
6378
4688
8915
8057
3111
8254
205
7177
7136
688
6650
2582
2983
1274
996
564
1981
1055
1702
1566
1631
2182
57
3155
7456
4143
1621
291
7619
1658
3292
1779
5603
482
2976
4369
29
2296
6525
3044
8866
2793
304
1212
2144
3653
467
8625
6636
2398
1171
2775
6669
1653
905
1097
722
613
694
324
2092
8871
2816
2424
2193
1575
8531
2982
3250
4146
1050
6107
336
7458
2194
4809
2446
1353
60
2579
7139
3698
8484
4658
6276
1408
2421
7577
337
1678
21
3843
2687
1834
1201
6676
1078
2570
2328
2134
627
379
2784
5926
484
1013
1090
1518
432
8722
2465
1875
342
222
5134
8709
1197
1441
5527
941
2103
600
2567
5913
1211
4
483
1295
53
7585
3316
451
1844
52
1870
1129
617
6211
4139
1296
283
6154
1544
1397
438
6290
6957
1894
4508
5568
7340
4482
1104
315
5521
580
5470
5312
2606
7411
3197
361
8943
5288
1234
1999
2752
1068
1246
2335
1480
743
373
6322
48
2855
4945
700
3718
668
7171
8654
5699
870
8730
724
513
934
3310
460
1680
4181
8008
4821
1684
611
1909
2195
6877
7990
280
944
509
1020
533
7386
1569
5008
5489
4394
5434
2531
1311
4682
6412
173
6031
2565
4051
6985
8617
2240
7759
1556
2497
1642
5503
1715
2534
2772
2782
6643
5146
2962
8636
6422
8777
3616
3594
431
2912
2499
3064
1978
1306
7826
1100
2385
955
1856
5558
422
1529
3129
220
1699
1681
