item_recommendation
25737
7872
8327
8117
7541
8571
8183
8093
8290
7613
775
8225
8403
5515
7560
8447
731
8772
8596
1513
7782
8360
5186
8899
7437
5159
5742
6260
7878
8499
8591
5288
6154
6902
5715
8636
5675
9012
5662
4550
5768
5853
7669
1003
5008
741
6073
7697
7728
2832
1562
1739
8743
647
1515
8580
8033
1711
1777
6835
5323
4740
8376
8136
2769
5723
986
6091
3875
6970
4731
8154
6178
5597
4795
724
401
8003
8720
6918
745
5282
980
7234
5729
6751
4076
8042
7478
1552
5312
7938
2243
3086
5839
5254
8859
5198
2513
976
793
5795
2681
3173
7831
4440
1873
3489
869
1535
2605
1870
5765
733
5410
5365
5275
6760
5968
1006
5710
6547
2659
8253
2982
8998
947
4016
7914
5055
5625
4923
1507
7636
6684
2546
4153
7254
8410
1437
2976
4312
3133
1192
4976
5053
2347
3150
2696
2741
3758
6121
1931
8699
8777
5672
2983
2582
3324
2798
5936
3759
5735
2183
5752
1317
2935
7771
3194
5815
3359
1049
4727
5655
725
6436
2779
4246
6294
4316
6464
1750
6774
5699
2473
8882
2956
8207
1909
8142
7649
1104
864
4980
1812
2937
3584
3889
4765
3241
6103
6896
5170
6355
5363
7822
8371
4241
7235
6676
8768
5401
5732
8524
5285
5689
8610
3957
6887
5736
5685
8640
6963
7171
6513
8672
5400
5003
6498
5746
5056
7198
3654
5670
3284
6331
8607
8848
5826
5641
8807
8147
5666
8921
6732
7063
5836
6422
3499
7346
5034
7309
3334
8275
6754
7919
7245
6341
8828
5398
5038
6105
8197
6706
3497
5696
8123
8366
6718
6375
8949
4929
6060
5847
6432
4300
4104
6533
5834
984
2120
1624
2745
3096
4428
1805
3238
5611
4584
4801
7204
2184
6645
5161
5462
6035
5572
7012
4834
4833
4366
865
4477
7791
6047
5577
8582
8158
3611
7357
6404
6342
8372
3825
8130
5373
8423
4832
1617
7419
5443
8138
8542
3936
5940
5517
7260
7702
7947
5680
4450
8785
5177
6851
8966
3491
4994
6584
6852
7153
5690
5002
5667
7017
8943
7078
2640
5004
5686
8872
8985
5684
4889
8838
5796
6800
8835
5678
5001
5700
8629
6803
8955
4677
6408
748
5466
4999
1819
769
6530
2385
4680
6768
2686
1822
6579
5808
735
5085
816
626
2118
3500
2534
4830
2282
1084
2548
743
2107
3656
2188
5243
6296
3188
1771
2031
1907
8638
6827
998
5419
1021
387
4941
2383
5218
879
3819
129
3152
3851
1053
2772
4490
1631
1508
2300
969
4878
6470
2496
4095
1627
5139
788
6985
1111
2688
3307
1831
5203
1715
3093
1078
6225
4105
4979
3495
968
2801
990
915
2227
4401
1120
1059
6114
4649
893
1807
8462
1018
6232
4263
2668
3232
2478
6286
8920
2799
3816
2774
1733
2651
951
875
1288
2780
1707
746
1636
888
3880
2078
6368
4996
1040
1187
6630
2938
5745
5518
7888
6826
659
1301
4101
1880
8665
2134
2445
1196
2912
2090
5135
3417
1479
2197
1076
1744
961
2200
2441
719
2993
2146
2128
720
7263
2521
3408
3702
2687
1951
1472
5291
714
2654
101
1099
1004
2399
4298
2327
964
1518
1073
6243
1834
938
205
1047
4895
1225
3051
2365
1844
2565
1581
695
2440
854
3445
1046
1901
4532
1980
4420
5891
7764
2154
2570
8961
1517
1767
1404
5418
1057
1030
5504
526
963
1668
3604
3402
2415
8420
3211
3649
4736
8661
2219
516
802
1523
2730
7208
3377
4821
1860
57
2918
3070
2012
2920
2916
1320
3069
852
928
2206
1356
2810
1415
1180
1861
3148
2889
1366
2244
2919
502
1237
3053
216
290
3063
471
1984
1347
3166
2921
117
1304
1238
121
2016
1461
2671
1542
514
4577
1005
1957
2297
458
2734
2967
4967
1392
1168
1688
194
272
1592
2462
4437
1012
1373
1788
3019
2428
2917
4171
828
3218
965
178
1690
1325
1852
5693
2002
3021
8268
2275
3235
421
2159
1256
6744
750
804
1501
1147
1171
3456
4404
1008
1971
574
1215
3160
1363
2407
3575
266
1017
8387
2981
9001
885
2360
6728
7786
3753
7502
1429
3388
6093
3368
2186
3428
1549
4861
5346
4963
2572
4045
3018
2892
4981
420
2877
3452
1840
844
1236
1026
3136
7894
1696
4678
113
592
48
2009
105
3146
5117
2467
535
4079
6612
4903
3831
3168
3357
2304
186
2764
4247
2189
2458
1135
2318
656
6493
858
1132
5313
614
498
709
886
3028
1060
285
342
880
1161
970
1735
718
1580
3199
499
1969
222
728
8865
747
2500
2354
4462
6170
892
6450
2471
2600
153
4873
34
2660
1460
7587
8840
8833
4639
3924
6932
3928
7445
3707
3263
7698
7944
5167
1255
1644
7293
7038
2231
931
700
1752
597
274
5850
2647
541
4984
8642
3256
2617
2011
3522
6678
1836
5668
4696
485
2493
4642
4043
973
390
2288
1365
2427
1277
1422
2581
2241
2927
4625
3668
6671
2796
8576
81
785
2639
8879
6314
2880
2203
4987
4228
3262
4643
5375
3159
3892
4888
3784
929
5199
3011
2786
1056
3127
2236
934
3066
2775
1274
1783
3125
4735
833
4645
808
6084
3358
2187
1264
3210
9004
1020
1152
3142
4414
2481
2792
960
2325
189
861
2077
2088
8332
5000
5440
218
2465
2497
805
8709
8781
6234
937
4354
3714
2770
2013
4399
7186
1997
5413
5449
1042
2460
474
2690
4319
2082
8808
4520
3608
4956
3251
2139
2046
2339
1367
2761
449
2802
4255
2815
4792
2763
1092
1438
708
2567
2342
5489
4251
2418
2793
1032
786
6609
765
1010
7126
5818
1876
4936
1394
5810
2655
131
2876
2294
1034
1013
1411
3040
2959
955
2616
155
5304
8689
1755
1959
3213
568
7091
1206
742
232
6571
2335
3207
1626
2237
2155
4367
1441
4600
3540
3852
1938
1730
4914
289
1603
6390
1352
1468
324
306
5799
5498
5214
1063
1759
1204
3134
2766
3005
2789
3042
3068
