item_recommendation
25737
8327
8093
7872
8117
8447
8571
7541
7697
7613
7914
7437
8225
7669
8253
8290
8420
8360
7560
8033
8183
8070
7649
980
8403
8003
8385
7636
8522
8056
7782
5159
8772
7728
7802
7478
8477
8154
8167
8589
960
8235
8743
8998
8499
8661
7186
7938
8596
7738
5723
6826
8761
8207
8670
7705
745
8961
8899
5264
7407
8665
8684
6609
7753
5515
1003
8410
7234
8819
7878
6178
775
969
5662
8008
5117
266
6918
8654
6154
8859
3232
6728
7976
5909
6902
5597
3368
6091
7394
6365
2659
731
695
6970
7245
5008
8636
7748
984
8136
8376
285
5968
8910
6121
7786
8580
8633
3875
5186
4821
4761
8709
6355
7293
6835
4941
5839
5742
6751
8039
4550
6760
4427
6260
8879
5296
101
8777
6559
45
3235
5768
976
3816
2374
6748
5853
1515
8268
6521
8591
5288
5715
9012
6314
5675
6832
5936
6630
5926
6318
6579
7096
6073
724
9018
8977
986
7817
1907
858
1006
6624
951
3281
733
8482
5655
7888
6591
48
1187
7282
5765
5980
526
8984
2288
2780
4731
6718
535
5611
7171
6798
3324
7831
7204
1513
7577
5729
8629
6530
8699
6684
7263
6513
8920
8484
2300
2769
6862
626
4366
1024
647
8507
5888
1012
964
8751
1288
4437
4414
7160
4076
3188
8781
7771
8768
3028
5291
8864
4740
2062
8607
1367
6568
2688
8807
7299
955
840
8462
725
6676
5815
5164
880
3377
5312
4809
970
741
5693
4984
8187
3799
6294
1523
7502
7254
6550
1507
6047
7818
6390
6612
5752
4801
4153
5365
8827
6535
7487
6892
7272
6207
3584
5410
7099
5021
953
6703
8453
4765
6404
8689
7757
4920
5832
1812
4782
7189
5226
4417
3113
4638
4420
232
6744
6803
5699
4923
1624
7208
263
8142
962
7078
4079
1744
129
8524
2340
6791
7619
659
4873
3882
5971
5732
965
5139
4432
5710
8720
6493
8943
3417
7764
5275
1844
3869
5834
5198
1046
5850
8157
8695
6436
6896
7107
6774
1021
3307
4577
5666
7789
7354
8640
3819
2937
7990
886
8638
3668
8542
5857
485
4967
2798
2647
990
6440
2548
6254
6547
7316
6509
5363
1437
472
8492
7822
2407
2730
3127
1053
1870
8576
998
4251
7881
6985
4795
1352
1004
7932
6446
6116
915
6104
189
6498
1581
3238
8366
7415
5641
981
735
5282
5033
6195
6739
8491
7380
8131
6143
8848
1636
963
2347
8239
7038
2660
2183
2982
8642
9001
6000
5323
7944
4639
8833
3924
3263
6932
3928
7445
3707
7698
8840
7587
8854
4846
6658
6103
5940
2473
881
888
1531
5466
8511
2212
5795
5398
15
2513
912
5285
4440
6840
7211
8614
1771
6464
5413
8574
961
3854
6283
5038
5625
947
3632
3996
864
7995
5254
5177
2496
6706
6077
6331
4121
1767
8914
3489
6887
4727
7135
6977
3702
7456
4404
1824
4895
7034
1777
7897
6885
4171
2154
5161
3387
954
6035
7894
7484
1508
8147
5801
8275
5689
3611
5443
1330
1013
6242
8404
8121
2772
2418
1017
4936
6375
4976
5055
5604
4262
8044
3176
966
5672
154
5810
4649
7346
1059
7126
5836
6641
1317
7809
6762
5193
3334
9004
5400
4263
2793
7228
6422
6768
2654
7260
1336
6286
4228
6963
4312
7743
4903
5735
4241
3936
5012
6243
1125
4016
7792
3795
7357
5558
8882
6777
7419
8838
1042
8009
3093
5568
2956
2696
3218
6981
1060
2415
4477
8609
6348
2764
4914
5203
5572
4391
6731
7566
8422
4020
4692
3492
6370
8950
7845
5900
7044
4292
8526
8908
3997
4811
7584
6415
8948
2941
2912
3758
4450
4844
6584
4584
7919
6383
5696
7198
5170
498
4162
3752
6234
5003
5034
4929
7309
7235
872
8949
8828
8921
5056
6800
8672
7090
4980
5685
3157
2227
5401
5796
5826
3499
3654
5847
8785
4300
2478
5498
5670
5686
5373
7481
3213
6341
6432
4994
6851
4104
3284
8610
6852
3957
3497
7063
6754
8197
6732
5449
7791
7947
5684
6636
5517
8955
5002
5577
8966
6105
8371
5746
8123
5680
5678
1834
8582
3825
7017
3491
5001
5004
321
8892
3805
8903
6060
5700
5667
3194
8604
8985
8423
7153
5736
5690
6342
7702
5243
6678
2184
6645
865
8158
31
4889
4832
4677
3714
5588
1617
2640
8835
2935
1057
6562
4792
8872
8372
8130
3428
957
205
968
2605
7311
5440
4878
7979
4658
6203
2236
5952
6470
8387
2651
5462
5080
8583
4834
6232
401
3402
5329
3871
1980
218
8675
1020
4316
8138
1030
7012
2799
3096
2120
8979
8927
2318
4999
3207
7826
3604
1192
3241
3210
6827
3656
2617
4188
2860
2801
1026
2433
8530
4552
4428
6957
7095
3851
8261
656
7720
5458
5053
720
4840
2186
5703
6502
3646
7219
1047
5378
3587
4736
6400
748
6408
6999
6377
3251
7004
5569
4105
8865
5825
6920
7627
7840
870
2173
7180
6223
1010
5304
2775
6536
2038
885
1739
2331
8813
5046
3500
892
4830
3608
6225
8451
3759
3560
5585
1804
274
6533
492
7583
2082
6686
4945
5553
3173
4718
3889
6565
8745
7334
8808
5017
3522
4680
3359
6148
1438
2344
3978
5965
5210
4885
1750
5418
1517
3845
7453
893
2993
3860
5809
844
1590
6296
1805
2983
2582
2394
6850
5808
6953
522
2441
7303
2609
1876
5356
8790
5873
6650
5433
5745
785
380
6132
4045
5923
7892
6021
1209
3693
2621
6942
3456
5882
973
1810
5000
2976
2009
994
4194
1019
6695
1831
196
6822
6743
7016
6162
5891
8625
5473
2004
6062
4255
6516
5085
2897
4981
3495
2385
2686
2622
1014
1132
2458
4987
7130
8042
5489
3575
3199
6140
2188
5504
746
7492
4043
2687
7349
743
1295
7585
2594
4861
2428
869
8264
1562
8228
6186
407
5375
4911
6114
1008
5214
1104
4833
6880
1816
4696
7762
100
2741
3649
4963
3256
8392
5009
1839
6615
3160
1078
2241
1819
6662
155
2892
8616
3515
7121
93
6771
1032
2546
7616
