item_recommendation
25737
7872
8571
7541
980
8360
7914
8327
7613
775
7697
1523
7636
7437
8093
8253
1513
8225
8447
8033
1003
984
7669
232
955
8183
960
745
1562
7782
741
7560
3232
733
1507
1046
2769
1744
953
8661
2227
4584
8385
695
5159
8070
731
526
626
976
7938
7407
8420
2659
966
8859
8522
3188
8117
3368
8056
8879
48
8154
6559
285
7478
4437
7738
4821
7234
2062
1767
1515
8003
7705
1812
858
990
986
1907
1771
1437
3235
4366
266
951
981
1024
2212
1145
8961
7753
5008
129
6579
7186
3869
472
1111
828
735
647
2779
5264
2186
888
969
954
1352
1006
1281
1057
3292
1020
1030
970
1132
4550
1004
3816
535
964
2741
1026
912
2374
5489
7802
2686
4638
2496
2288
3324
1525
4349
3152
4079
8751
2605
994
2669
6365
2241
2772
3668
5597
2798
1288
793
3127
485
1590
1819
1876
8743
1870
8410
522
2647
1497
2366
6970
714
8684
3281
1120
45
1060
2860
1624
6892
3420
7299
1042
2340
870
5611
3417
1021
7728
8899
5588
1535
6195
6826
1209
2935
321
915
5723
189
2897
5515
2385
4391
726
2248
5470
893
869
1844
6091
4658
1831
8235
8290
8376
2467
6748
8596
7649
5909
720
2912
881
8604
880
4262
3113
4801
8008
7786
6612
2415
8136
2300
6314
4941
6728
3875
1013
2440
1053
4404
4920
1777
963
5473
725
8654
2438
4936
1032
2231
2981
7619
4696
2687
6630
2688
2173
3125
3086
6143
5198
3522
8709
885
2780
8403
5729
4731
4197
2202
1500
6521
957
3213
101
798
2481
5410
401
4809
968
1581
746
405
4380
5164
988
3428
4984
4830
8477
6918
3723
1031
1502
5117
7484
4076
7038
7979
5017
996
2745
2709
1493
4171
6636
2407
6920
656
3702
2668
2752
724
8927
916
4740
8998
840
1711
4885
2801
1552
1040
196
8665
3210
8977
4577
4600
8207
144
5210
7888
2660
100
7932
6760
7881
3604
3207
8777
4873
1631
3928
8833
8462
8840
7445
3707
6932
3924
3263
7587
4639
7944
7698
6318
719
527
743
1816
5021
875
3996
2243
2829
4645
1980
3160
8761
1852
474
1531
407
7809
1504
1779
6751
659
5850
3133
8642
2799
6440
3563
4316
2506
2982
7263
5440
5772
4923
2925
4399
3709
1320
3805
5765
2937
4414
5218
2513
4191
3238
961
2368
1187
9001
263
3370
6390
1161
3795
1047
1029
4121
9004
7394
6148
1125
1331
6207
3751
4246
1041
7720
786
4284
4273
8722
4625
2236
5134
2689
5177
2478
76
2433
2681
4782
5585
7204
3632
3804
973
8167
2427
6550
1739
6624
1788
5548
1016
997
1608
2770
742
9018
2959
7293
6073
7748
1652
4649
2504
2318
5787
8827
6395
8699
523
3508
5568
3377
2617
2437
16
2621
3587
3845
4761
313
750
3714
1099
4162
3608
2418
2154
419
3307
8670
5834
5810
6840
2404
1419
3095
5038
3388
1147
3843
4632
7195
1826
965
9010
8499
1177
2527
2751
2787
779
2545
6803
1665
422
1488
6355
753
872
8689
2396
4844
1794
1017
1019
5033
5553
1580
3655
3093
8864
2966
4290
4686
4251
7245
7792
2775
7126
531
2398
6850
328
1253
1037
2283
492
8239
8910
4911
3199
721
4795
2445
6617
7843
7355
5965
7706
6185
6615
6283
7844
1688
7282
6493
6509
1064
1676
6178
3251
1008
7831
2342
8388
4417
1476
7757
3408
6944
2401
2622
2219
2460
2485
7254
2516
8261
998
1346
2624
1236
678
4814
2089
7130
1076
6498
2311
6658
824
8772
205
7841
1394
3252
1293
3547
3626
3565
3270
3619
3450
4274
4342
3960
4036
3991
3976
4291
4338
4184
2693
940
4268
639
4337
7481
2892
861
5387
1639
1834
3882
785
5312
8609
2441
4420
1404
864
4569
3730
3101
4029
1474
6243
2673
2581
1501
5498
1734
2339
4861
2487
829
4188
609
761
2570
4515
6154
6609
1193
7583
3354
5449
3798
8865
2802
5433
3150
3402
5952
5282
7189
6116
1472
4440
7577
8848
8903
4893
8819
4177
3635
7502
1354
2900
4987
3819
3430
2764
4401
4375
274
7171
2200
1393
218
1663
420
6056
1131
2651
5662
956
5980
7995
4718
1821
2609
748
5097
5840
4238
5122
3639
8831
8799
3615
3761
3479
8133
7155
8169
8228
6566
8392
3344
2434
8525
8612
8620
8712
7121
3863
423
5065
1660
6981
1114
1036
6123
4161
3296
1529
5071
499
2331
1582
4603
140
5936
2344
5742
8453
1970
6571
7894
1422
5458
3880
387
4432
697
3456
2718
2394
6856
2310
8633
2465
1798
764
2819
844
2197
7020
561
6039
1103
5971
3024
5534
222
2338
2473
6535
1880
367
1073
4033
2494
7316
4194
6132
1310
4304
2026
3205
6242
1726
3218
8667
5186
1438
2370
1715
3155
6676
839
619
1429
5214
4524
2128
3399
1007
6985
4326
2727
3394
2287
2573
2717
6383
886
575
5
4765
6686
3602
1487
8700
2402
1245
1010
4228
8745
378
2548
427
3438
892
4139
2521
1727
608
1215
999
1049
4051
1301
8511
802
3158
6279
5825
1707
4024
1035
5768
5438
4168
105
2130
2447
1367
2159
6084
3431
2457
1690
5303
934
6021
1482
5641
8187
2149
1295
8854
6367
8387
1985
8914
1517
5715
1633
3596
2815
2490
7444
31
244
276
6341
2203
7211
186
5319
1379
4296
2363
1425
1221
3478
4652
324
4837
5581
337
2347
5398
1686
2565
2794
7107
2031
4101
6035
2583
7840
3649
6791
2699
7817
5947
1395
2400
1255
3140
1012
6536
3854
4081
661
3745
6832
3989
121
8923
1866
1100
2004
1836
805
1173
8636
207
2479
1148
5443
5803
496
1256
1056
6690
962
5356
3852
1549
2442
1011
971
8482
900
5782
461
6744
5839
8451
4394
6513
2468
7713
3351
2038
3129
787
1992
2807
7878
3575
2282
5888
194
2735
7101
7160
1269
3507
8131
3487
8810
1667
1644
3859
1246
1569
5346
