item_recommendation
25737
7872
8571
7541
8093
8327
7697
7613
8447
8360
8117
7560
7437
7669
7914
8225
775
8253
7636
8183
980
8033
7782
8070
8290
7478
5159
8420
8522
1003
8385
8661
7802
731
7938
8403
3368
7407
8899
8743
8154
8207
8859
5723
8056
7728
2659
8477
7738
960
4941
733
745
5909
3232
7234
1744
5264
4550
1513
6355
626
6970
5008
5515
1046
7186
6728
8003
976
8499
7753
955
6579
6365
8596
7649
8879
4821
5597
984
1523
1507
6559
6178
5765
6091
8961
953
8410
8709
6826
6195
8654
3869
6154
2062
4262
6918
741
8376
5729
3235
48
8136
8235
695
266
526
8772
1515
858
3875
5611
3281
8998
3188
7293
4437
6073
285
401
1907
1006
7245
3324
969
8819
4873
5410
4584
129
1739
1288
232
8665
5742
6314
986
6636
7394
4731
966
8684
970
4391
1562
4366
8008
2212
1812
951
1816
2374
1024
3816
8670
5117
6260
4782
4577
45
3668
2605
725
2647
5312
724
6748
912
2780
990
1317
659
8761
5473
4923
5662
1437
5936
3377
6902
7878
7263
2772
2300
1624
1021
647
4171
1870
8462
3127
6630
7786
5198
1057
2769
2686
5296
2935
535
8751
2668
7705
4801
5839
4076
7299
189
6493
7881
3417
8636
4911
6612
1767
5186
6892
4079
5980
7619
4920
2478
2340
1777
4809
5834
4432
7831
6143
8777
2288
5715
2982
5288
888
1472
5815
3632
3587
2937
3307
485
7888
8187
735
6390
101
7809
6609
964
954
5134
6751
5177
2981
5689
5772
7204
5489
2798
4638
6624
6760
6318
3819
7038
5675
7254
5033
1187
6932
4251
8591
5853
8261
2660
656
2227
3928
3707
3263
3924
8833
8840
7698
4639
7587
7445
7944
1004
5768
5470
6676
6850
6658
9012
8848
9001
8689
3081
205
7272
4984
6521
961
5017
6207
1053
1125
8167
2236
994
8642
2154
4162
4658
7171
6404
472
1844
1581
7932
4600
8699
9004
5825
1580
2496
4761
6121
720
8604
3911
880
6568
4740
1771
5498
6242
4121
1042
4414
6077
7894
3093
1047
2897
5666
4936
840
2688
7748
6743
1060
6513
2775
2799
998
5693
3702
5291
798
6920
1352
2173
8580
957
1676
968
1020
4404
1012
753
4153
5365
6116
4765
6550
5952
6000
5655
2407
4830
6985
893
3428
828
2159
5139
6803
965
881
7789
5888
2687
2761
3795
8920
1030
3608
3751
4686
8633
3804
2427
915
7976
2347
2415
1696
5710
6535
5926
7107
5752
2912
2418
1145
6498
2786
5558
3714
7720
522
5275
5038
963
5810
7126
4417
746
2186
3334
2860
7817
3489
5398
8607
2617
3251
4895
6294
3456
7502
8589
8453
5641
1111
6703
5282
5254
5329
6211
1209
1225
7577
4316
5588
1040
6408
7484
1783
1367
885
6739
3584
3845
5585
1329
6103
3882
9018
5448
1819
5832
8807
4696
5210
1026
6148
5699
869
6744
3238
3157
6835
1831
947
3213
4901
1032
1590
1147
6395
4241
2120
4795
1438
4649
1013
844
1476
3889
8977
8943
2546
7415
2366
962
6547
6718
1834
1059
7099
1608
8910
3936
7260
3113
8451
718
2513
5968
1721
2183
8722
5413
5164
6440
5443
2689
3292
6774
7487
870
8482
1569
2741
3051
785
3996
750
7979
1363
3199
6286
8914
7311
263
7121
2793
1750
3256
2521
4440
2801
7208
802
4427
2318
2473
6591
748
4987
864
3420
5787
5625
1281
6684
6896
8524
1517
2815
6383
7995
1531
981
1173
7792
6132
2976
3210
7583
1295
3207
6422
5458
2241
8009
2385
2651
6706
2956
3218
4188
5193
7135
6322
2696
5012
7282
5323
7419
4727
3854
5857
6243
3351
3693
7078
5449
8720
5795
2504
2654
4846
7444
4420
5808
5433
6509
6047
7211
3799
7492
1951
5696
5940
3805
7990
5170
892
3194
8827
3370
6669
7380
719
875
1690
3408
1688
743
5440
1135
144
5732
4228
5850
218
8927
1852
6331
8142
2961
1014
6832
31
1525
4945
3649
6375
474
8039
7228
8629
1104
3604
3176
7316
4246
5801
5556
1959
7481
196
1132
5400
7034
3150
3028
1824
2832
7189
6276
2004
2394
4095
5179
5672
1010
2442
8044
996
3540
7771
1019
6957
8781
2581
8854
4885
2966
4135
2983
2582
6977
2078
5971
2622
4967
8542
1997
793
2621
492
2404
4980
2038
5363
2331
4903
726
1429
6348
321
5568
2609
1017
2516
8745
6885
6768
5021
6981
4963
973
4822
1508
5352
1639
2433
8147
2752
2458
4033
6436
5809
5285
8903
938
8268
2709
2440
4016
6927
7195
1008
2155
2866
2534
5055
2437
6887
4349
6641
1063
1652
2766
7757
5226
6724
2633
6114
1876
6791
2364
2922
1616
2715
3068
2393
99
510
3042
1080
2403
918
1204
2596
2399
5203
2396
2188
5009
6530
1078
3997
3492
3284
704
1388
3005
161
2789
2074
167
1226
1759
1186
3177
2215
2285
3147
1233
3134
8574
306
6777
1028
2368
8882
8275
3125
1702
6341
274
6840
4375
7822
8984
2835
7346
816
2325
5466
2583
1192
76
100
8908
6415
7845
8950
7044
4020
8948
4811
8526
6762
2941
4292
6370
7584
93
5080
3611
7566
7130
2959
1184
8768
5900
4692
1810
6140
6225
8157
3508
5161
5777
8123
5745
5241
4066
5053
3211
1196
6800
8366
4736
8864
786
6446
6021
1730
4312
3296
5378
4051
4605
2043
5735
7016
916
3752
1729
507
5243
2439
2975
2858
4861
2892
7198
2428
2146
2416
4555
5165
7919
2548
1453
162
7147
6963
6464
6695
886
8228
2481
2398
6562
934
3758
8511
3010
3160
1657
2572
8620
714
5269
5784
8865
1218
2669
8979
6279
8530
5707
937
2009
8675
5965
6880
6035
3140
3268
1841
5202
2344
5836
6690
6186
15
8640
1500
5572
348
5826
5746
5670
6105
7235
7309
6432
5847
7063
6754
2494
407
3173
2342
8614
6283
2134
7759
105
685
1497
1419
5684
1582
4632
2383
4976
7012
95
1556
5873
7180
8239
2570
1016
8387
2829
