item_recommendation
25737
7541
7872
8183
7914
8207
8327
5765
8571
5515
6211
6154
5772
6579
6073
8360
2761
8117
1317
7802
5742
401
8225
8722
7613
1721
798
8093
6195
7669
2966
7560
6493
2786
8261
7697
7649
5689
8290
8522
1744
6395
5269
5556
5784
1739
1580
3587
848
2935
5177
1831
5410
775
5470
8447
1816
8070
2159
2686
3292
3081
5198
7407
1696
5787
4809
4088
5264
1513
6178
984
3051
885
1783
5666
5038
5729
5791
4911
7478
8777
8003
8451
6355
1608
5398
4241
3936
3334
1053
8998
7245
3066
1777
6970
213
5312
1812
718
5825
2832
8410
4246
626
1523
7260
5254
2427
2668
8879
3608
5443
2399
47
7728
8903
7878
2155
1796
2350
8033
4600
2078
3211
4399
8154
2596
1130
5114
2815
1063
1226
1233
1388
161
2364
2633
2393
3068
3005
1363
2342
8420
2325
1759
2866
2789
1616
2766
99
3042
2074
2922
3147
3134
1204
1186
3150
3177
1080
167
918
2215
2285
510
2403
2715
704
306
8848
1791
327
5182
5134
7437
816
5980
1997
4310
3489
2843
872
1852
1730
162
1959
2504
991
2858
3434
507
6408
1085
2207
5808
1218
2507
8056
4774
741
2429
3006
1472
1184
2300
5139
1841
1972
3071
8121
1951
2835
2043
4273
8699
8403
746
8499
2986
5498
5202
95
2634
4284
7101
516
8772
3404
5186
2753
2039
3780
2582
2983
980
1870
278
7932
547
4316
1095
8157
5675
2946
2091
6077
1929
2605
6155
4619
7899
5065
2600
5433
6365
7492
5193
907
2696
3128
2975
6260
366
1689
5288
950
2178
6636
2572
8477
8596
6525
2567
5718
8235
1788
8943
5715
2494
7272
1059
6051
5777
2146
2327
2182
6690
2546
949
7282
7577
8636
5768
8591
5662
1575
1860
5853
1196
5348
2990
6658
348
243
2383
1228
7340
7995
1978
1077
7115
8187
131
2284
460
5404
6037
4960
2090
869
2204
838
7789
742
8629
183
7881
1549
8675
2976
828
1907
879
1688
5544
1033
4945
1750
5282
8604
2120
6902
1639
7809
6446
1794
5707
2021
1081
135
6473
2884
707
4947
3016
1147
2400
3425
3377
4475
4658
2981
5428
4464
2106
4175
5705
5413
5283
4975
3788
4140
7979
5694
8363
4465
6484
7250
5846
5255
5682
8196
3897
5111
4716
3476
5843
8544
5841
8336
5506
7934
6468
3695
3679
4749
3673
7444
3943
7815
4932
5792
6387
8611
3992
3664
2697
4459
4018
6476
5299
6482
3661
5231
8584
4748
6936
5179
4745
3879
5994
5995
3618
8528
5450
6228
6332
7199
920
6793
921
8853
8957
4767
4381
5366
4865
5505
7117
6238
5315
919
6323
3835
1610
3771
6250
5057
7083
6279
5300
3326
8795
8970
7139
5066
4403
4818
5417
3677
8914
3546
1769
2828
4411
3857
4815
6101
1671
2883
5655
1150
835
2628
4921
3564
2676
3276
97
2306
9012
3398
3552
3370
685
113
6022
8607
71
5427
2534
410
1726
4543
1076
4570
2422
7293
4076
5538
4964
2704
5888
4831
1268
4970
105
1428
5275
7771
2956
5224
582
888
911
2521
3264
5010
1858
3408
5672
5008
5352
1192
2560
3786
4437
7782
375
1652
6571
1444
1981
1970
4971
3044
2062
2689
1925
589
6404
2046
1225
2570
2816
3401
6148
1515
1518
8609
1690
5597
3140
2820
3064
4830
2708
670
1779
5421
3041
1333
4703
2687
1586
1612
4278
2486
6436
858
4795
3007
1003
7171
7177
84
4710
2424
7123
2052
439
2305
1066
4861
3298
8273
251
1092
2528
1369
7121
3729
3368
2448
4988
2583
299
2421
1653
8661
4626
2498
4587
834
1909
4821
1667
4254
6429
2014
6595
5323
4727
1767
2072
945
8392
1453
337
6273
2296
8684
990
8239
1018
8977
5723
2523
3868
3253
4740
4060
976
5103
3349
5308
2535
482
1197
3235
1804
5018
8761
2979
3169
936
4383
2373
2769
2134
1556
3545
250
6559
477
372
2977
2915
205
5108
2982
2754
1784
688
4989
845
1822
2864
3078
2569
3819
2464
1833
5159
373
3060
349
6509
1544
2128
1562
4632
4731
3008
3655
4139
7619
656
2195
922
1393
3793
4441
2936
915
8927
2839
5294
2459
8253
5238
550
201
1104
1873
2449
1405
2335
2493
5459
29
1286
3213
1507
1529
4375
6566
5097
8525
8228
2434
7155
8712
3639
8169
8612
9010
3615
8620
3479
5840
8910
3761
8864
3344
7720
8831
8799
8133
4238
5122
7583
4535
1836
3643
1145
3839
4161
8720
3863
3602
2465
6414
2929
4190
5489
2511
5952
948
2344
870
220
7757
4177
2822
4584
5101
1785
3913
1449
37
2135
1209
2772
571
291
2432
2451
2324
3210
1657
3412
5462
1111
1078
7228
2571
2442
1025
1485
2817
1554
2725
2618
1456
1670
627
8667
129
1859
3180
3766
4603
3483
8388
899
1240
2688
5438
7348
159
4680
3341
4769
1598
6498
467
5752
6121
1582
6207
7179
647
6032
4837
3688
2058
6918
4652
5339
905
168
376
875
498
7459
8768
2201
7316
8580
5936
6718
2385
4920
4191
2792
4262
4055
700
4337
5440
1980
4024
480
3257
5710
6800
4462
330
833
3940
5161
2736
1046
3198
1020
2806
3232
8136
8376
6244
2790
893
2939
2788
5839
493
474
3238
880
325
5363
6513
2457
5732
2912
3822
3173
1693
4188
6850
7254
4105
4621
3548
1120
5400
3072
4226
861
1973
4802
6294
864
339
4737
3431
1631
6047
4972
5027
2937
8142
3258
2529
2732
3656
2767
3284
2726
1975
6684
963
7822
3563
638
5699
3478
1704
2496
34
1260
6803
1423
3653
1834
1297
8524
4984
1042
3438
2334
483
998
5588
2202
1086
1028
4638
7204
4696
2485
1466
4765
4526
2803
8672
5670
6706
5056
6432
3499
6732
6676
6060
8807
8828
3497
6754
6760
8949
7198
6331
6105
6464
5641
4477
6422
5940
5034
8123
8147
8921
7235
7309
7357
7063
3654
8366
5003
5847
7919
5401
4929
4104
6584
5836
5746
6375
