item_recommendation
25737
7872
7541
8093
8327
8571
7697
7914
7613
8447
8117
8360
7437
8070
8253
7669
7560
8183
8290
8033
7802
8225
8056
7478
7636
8522
8207
8477
8420
7738
6365
5264
980
8235
8684
7407
6579
5159
8385
5438
5134
775
5795
7728
8661
8003
7649
6178
5980
5597
7782
8879
5229
6559
8154
6195
5765
3232
8819
6091
8410
7976
8761
3281
5193
7293
1003
4782
7299
8403
7753
3368
2577
5772
8261
960
1046
626
8167
2227
6073
1744
4809
6355
9018
5729
7932
984
7394
8187
8499
955
7809
4911
6636
1513
6493
976
2935
4821
4920
5515
1816
8743
5410
6148
8654
6624
3587
4584
3292
7938
7272
8008
5210
6395
4984
2062
4600
6748
5909
7282
7245
7577
6000
8709
912
953
7720
8451
8722
5296
1767
6039
7121
6211
6318
5611
5008
6077
6703
4366
8998
1523
3632
6918
4761
731
3213
3235
6970
7705
8777
954
4188
8772
6658
6728
8751
8859
5230
8039
2212
741
2686
7484
8910
3596
7234
8482
8903
5723
745
7995
647
4437
6440
6154
4658
6207
5787
6404
5825
266
232
4987
858
8633
733
7492
6850
3608
8670
8589
2340
8491
966
1529
8665
1562
2659
695
2897
526
8604
8961
5433
7186
7228
5117
994
4765
5177
6826
4177
8977
6390
7990
2173
6739
5926
5556
8848
798
8827
5489
3324
4577
4262
2709
6751
5470
7789
5473
2236
4121
8899
6840
401
6279
5850
1812
6383
3816
2374
285
5936
7979
970
880
2772
2668
6314
7316
8927
2467
8699
1870
1515
4941
1317
5198
2396
8511
7444
7130
1437
6760
7881
7415
129
1699
4846
1024
7099
4885
45
48
969
5033
828
4550
2605
1676
5689
6591
2038
5312
5839
1907
7254
7583
8596
3093
7619
1777
1040
5742
6294
4945
5534
6509
7817
8157
8675
1739
1580
5398
5815
8864
6568
3377
5038
8239
1288
5662
1507
7107
4873
7757
3751
1145
3869
6609
7487
6977
2344
1844
8392
951
5588
6143
2310
2727
5269
5784
7878
5012
3420
2427
6676
1702
4731
1020
6322
8607
7888
7840
5498
6650
4304
4246
8376
2300
4161
8695
7786
5693
8136
7762
7204
9010
5114
5291
4638
735
6630
5568
1209
7177
6927
881
971
8169
718
2346
5538
5923
4649
1608
5413
7135
4076
5569
888
4162
870
6051
196
4830
8807
5139
6230
1472
7211
964
6892
3804
6140
6521
4194
5440
872
2769
4432
5803
4088
8892
8636
8228
5065
1016
4861
1569
3875
7020
5707
6446
5581
2912
1120
6803
7759
7160
3996
7189
4814
6902
4632
5017
824
990
2981
1125
1721
1042
957
8620
3081
4375
2956
3176
2761
5808
1531
7831
5809
3320
4901
4686
7171
3428
2288
8142
3125
8121
4228
2959
793
5248
7115
4936
1788
840
3296
3427
1281
3548
2752
6762
6662
8943
5254
6408
4391
4081
8609
6132
2155
6686
6885
1004
485
2186
1057
5666
1476
1652
4462
5021
8044
1696
3819
3668
3188
5945
5226
2925
816
2159
5548
6550
6695
8914
986
619
7566
3417
5888
2241
1819
1831
6641
4171
7748
3334
5378
5352
1013
3863
4603
1006
6484
659
6348
6473
7155
6566
4458
3913
869
2779
3639
8831
2434
3761
5097
3344
8712
8525
5840
8133
3479
8612
4238
5122
8799
3615
3882
5832
6426
2780
531
3598
6690
2745
7502
3434
535
3051
5179
2521
2647
5857
2583
6276
6242
5864
4241
7260
3936
5655
785
3602
6669
6743
6615
522
8580
3506
3118
2100
3696
705
4019
956
3680
5288
3210
7892
5202
7263
724
8629
4108
2506
3783
1026
2433
1799
2004
1824
4051
5471
7380
6162
5791
6721
1030
3408
5186
8387
996
3655
6835
4696
7038
2436
965
8388
981
3799
1970
7743
2687
4420
6021
1404
3150
1876
8795
5801
3786
8009
263
4316
7340
1783
2631
2407
2318
7250
4740
6957
1111
1639
1015
1053
5965
7011
4897
5558
7139
1612
101
1320
6571
8616
4795
1193
4368
3127
915
1973
1852
7771
5952
4722
8865
4440
5699
3370
6502
5101
4251
3997
2966
6832
4139
5843
7584
875
3492
3489
2793
6547
8950
4811
6370
8526
7044
6415
4292
7845
8908
2941
4692
6535
1135
5900
4020
8948
8462
8614
5443
3431
8979
1147
1590
6880
4552
2937
3604
1161
7078
2398
6944
2676
2704
2232
7101
4414
6718
5315
2786
7841
3752
8336
7456
5703
1076
3140
3438
1624
8810
5046
2699
4837
2535
1794
189
3268
5182
753
5968
4748
1196
8667
7192
5628
2798
5859
4914
7458
7147
8745
2801
4947
8689
750
6856
2860
4709
6920
6612
1711
2504
7897
7899
7386
5873
8524
6498
3152
4326
8014
2231
1132
2154
6260
1771
5777
4079
864
3354
5458
3066
2380
6400
3780
861
1066
4515
7311
472
2775
8268
7713
1581
3113
4144
2350
1834
2688
962
961
144
3163
6513
5062
8530
2802
3693
4427
1380
1479
4703
1602
8542
3560
405
678
4394
2442
4417
1367
5641
4024
2437
8507
2248
5715
1959
2710
885
7016
685
3028
5069
8625
5337
4865
3901
6536
2961
1012
8813
866
6121
8273
6283
1036
1019
3653
3478
3671
1363
725
5246
2835
3845
4878
6116
6617
7355
7844
7843
6185
7706
1028
321
1032
6932
761
2633
6562
1021
2507
5161
7894
7096
2975
835
2207
3868
2439
6436
6525
3643
5404
4840
6966
5553
5329
2617
6684
2478
1060
6768
7208
4923
7815
1352
5530
720
3773
2581
656
3646
934
6981
2496
746
2741
4848
5853
3895
288
5752
6791
4801
2982
3515
5080
7585
916
4619
6155
2043
7036
893
8781
7624
5214
2366
4639
7698
3928
3924
7944
3707
8840
3263
7445
7587
8833
2660
1453
4290
1225
2457
1692
6530
6027
7055
5544
4153
5846
8600
9012
8591
5768
8484
4769
2545
2696
1779
8642
4592
1750
5718
1759
1804
6516
2832
31
6482
3854
3402
2866
5387
7348
5834
2021
6862
8194
3702
205
5675
8640
2311
1810
4555
3207
5891
4166
2404
8453
1951
2609
