item_recommendation
25737
8571
7541
7872
8447
8327
7613
8093
7697
7914
8360
7437
7636
7669
7407
8253
8385
7560
8070
980
8522
8056
8225
8420
7738
8033
8117
8751
5489
7802
1523
7782
7478
3368
6365
3869
8661
7394
7649
955
7938
7753
5597
232
8879
4696
4391
953
8961
4584
2062
966
1024
4121
6636
5264
5159
285
2212
1744
1046
6658
5017
6748
6195
1513
8167
3232
8684
6579
8008
960
6918
8154
1562
7234
2659
8003
6892
8859
8665
5611
7186
5909
8183
4605
6559
775
6728
4830
6826
7705
8290
3324
7263
526
3281
5473
3420
4821
1352
5033
8235
472
7299
7444
695
2374
8654
1816
6091
6143
6850
7728
266
8477
6920
129
8743
6550
4658
4437
984
954
2860
840
4941
48
6521
4600
994
3235
6207
5012
45
4686
647
3188
3845
5410
7976
8403
5515
1590
4782
100
6669
8709
888
1844
7171
4417
1281
3632
8670
8410
3804
6676
522
1639
6242
5210
4414
8745
3213
5980
7130
1003
6832
4577
2241
5723
7293
7932
6739
828
7107
3668
6609
912
1437
8761
858
4809
1767
6624
969
4936
6318
5329
6493
6355
970
3127
2935
4366
7121
957
6724
4873
733
7481
2605
1907
7204
4761
5164
1288
2959
8977
8604
5008
5588
2288
3816
7245
7817
9018
2227
6140
5134
6743
7195
427
2340
6440
8899
6132
5117
6056
4987
407
626
6612
1145
4079
1013
5458
8819
2647
8910
5198
2772
3854
996
745
328
7786
7831
4162
8854
6254
1060
741
6498
8596
4262
6582
6650
2686
881
4316
7189
2415
8511
6116
3604
1295
870
8810
7888
731
8136
6970
7222
6791
7484
6535
4801
951
8864
535
7627
6630
1531
4432
6568
8633
5021
3417
3086
4861
3210
7583
1209
3702
7619
8169
659
3268
3370
8376
263
3875
1336
6999
1476
7720
2173
4920
196
6981
4246
1794
9010
976
1507
2038
7748
6643
981
3113
6957
8998
1111
3428
4171
7995
6390
8589
1686
5296
6203
3033
2660
2609
7038
4228
6690
6178
7881
4552
3263
7445
6932
7944
7587
7698
8840
3707
8462
3924
4639
3928
8833
4795
4033
5530
7809
7099
1771
8131
6536
5433
2745
2437
4923
1004
8827
7577
8453
2478
6276
656
7502
2506
8642
1970
8927
189
3871
990
8650
4849
7439
6877
1777
5947
6703
2268
8362
7254
1131
5568
527
5850
4394
1057
4731
321
6314
7316
1631
4984
9001
1132
7022
6367
7211
5146
8700
678
2981
1676
2236
4666
7827
6863
2617
3456
4886
485
4076
2780
4404
6322
861
7011
6856
4911
7894
3575
4051
2344
101
5971
7979
4290
1125
7415
3207
5772
964
4375
2531
3608
4632
4636
6751
4649
7366
1831
1812
2752
4135
7115
3819
7840
7826
7878
1042
5825
4101
4612
7055
5810
2442
474
6562
5470
1870
3522
6339
9004
5815
1516
5165
4161
1569
4188
4603
5080
8187
5585
6148
5114
7160
5558
4638
4550
5222
3799
4846
5834
6308
6123
8699
5449
2248
6383
4901
6162
3996
8984
1120
5965
5303
886
8848
8499
6404
2779
2897
2496
5236
7789
1711
5440
7034
3292
4166
2331
3307
6000
5765
5600
2003
7126
2799
3714
3251
6811
7456
3218
8491
3649
1535
4177
6516
4727
2912
5346
3920
2427
4086
8039
1329
4765
3643
8777
8482
3351
1552
6077
1515
5380
5483
6509
3751
1641
4954
6294
1047
135
7090
1931
8207
2798
5787
7958
5312
8507
2467
8228
2243
144
6298
2681
1021
6840
4168
3457
7135
15
3163
1453
5378
2154
1193
1419
4081
288
2688
6552
880
6243
5161
5498
3587
6985
4814
6686
7282
7820
725
8191
4614
5926
7346
1866
1702
2418
5
3377
8695
4977
4333
4662
5302
5637
5342
4676
5427
4634
4640
5463
3133
7016
3795
3863
1019
6757
8979
6615
1394
4627
7487
523
4728
1482
785
6695
4524
6885
2366
8620
8392
6566
4238
5122
8239
3639
3344
8609
8612
8799
3479
5097
8712
8133
3761
3615
7155
2434
8831
5840
8525
1224
492
1404
7347
4332
2300
5364
5265
5729
7505
5628
4519
1580
6186
5985
7792
8689
1287
2004
4738
5923
3296
1652
6760
3655
1472
5618
1135
5952
1438
1006
3357
5936
2504
6279
3540
963
1517
4885
5319
2710
6944
7841
8722
965
6290
2200
4706
7250
6021
521
4389
839
5682
916
986
3093
1320
1410
5534
2396
2622
5945
2407
7380
7089
3354
8575
1657
4066
5619
5177
2159
3199
3152
1253
1624
6816
4251
8388
3194
720
5968
3882
1380
454
4368
5917
4659
2709
4895
4045
2982
2433
1030
4024
1331
1029
2295
5291
7058
6662
1026
4902
7844
6185
7843
6283
6617
7706
7355
3160
3908
1487
2310
6565
7757
3176
1433
7990
6978
7294
2937
1020
6230
714
3574
2689
2318
6591
6777
31
2642
4108
1834
3256
2829
7036
8903
8014
6084
2521
4803
8914
5377
3723
8451
2404
4427
872
1236
1246
6798
2436
8920
1161
4927
4673
2817
6803
5226
5009
7311
2581
3438
3947
6039
3895
5864
3431
3402
4190
3693
2457
4342
5241
7040
6721
8044
6183
930
1581
7050
5065
2516
3964
896
2346
4592
8574
8667
6942
5569
7272
3602
1678
6122
4740
844
3521
1941
1987
6684
1864
2775
3399
6375
8865
1839
5464
4771
832
6880
1647
1187
1739
8194
2769
5942
7897
3338
5053
7381
1696
3720
6744
2490
5839
5699
4555
4296
2394
7325
520
4837
3157
7096
1292
8614
550
5375
5199
4888
3262
929
3784
4643
3159
3892
2880
561
6073
5151
1301
2371
5548
3285
5693
3028
274
401
2497
205
2402
6114
2583
1549
2385
5703
3534
8807
2669
3150
2203
5478
7936
5127
2802
5630
5335
7818
5599
7759
5809
6348
1196
2311
4642
387
1009
4945
8797
2639
2149
76
3508
1837
8268
3503
3364
1873
4349
1303
8857
2621
4645
608
8009
3313
2283
5168
4840
5193
2232
2966
3478
3427
1429
7458
4401
3553
737
6927
1114
5633
4563
4194
3432
5521
341
4304
154
2500
