item_recommendation
25737
8571
7872
8093
7541
8327
7697
7613
8447
7437
8117
980
8360
8253
7914
7636
7560
8033
8225
3232
7669
8070
7782
3368
8420
8661
8522
5159
1523
2659
285
1003
7478
7938
3235
8859
8477
8290
7738
8385
2374
266
3281
1744
695
775
48
6826
8899
7234
5597
8743
2062
4941
858
8056
733
8183
7753
5909
7186
6728
3324
6355
960
4782
2212
745
8403
5264
5611
8154
4821
45
1907
526
2288
5117
969
955
7802
8879
1046
3869
8709
8235
984
6365
6318
2340
731
953
951
6559
4262
232
976
2780
1288
4417
5723
8654
1352
7299
8961
6748
6143
6091
8003
1513
535
8819
472
986
1024
1844
5980
6918
4577
5033
4414
966
970
6242
626
888
8761
647
5008
741
1006
6970
4550
4366
3816
8670
954
3210
6612
4638
3188
129
4437
1187
4391
7705
7407
6116
964
8665
3127
263
2769
1767
1812
6609
881
4658
8136
8376
3875
4079
321
3113
8207
6579
7649
4801
6390
4809
5515
5296
7809
6630
3377
3632
4584
8410
4171
1816
2227
7728
4873
100
3417
2937
990
4432
101
2772
2860
4251
6568
3604
659
8589
4761
1507
1281
3799
880
2605
7394
2415
1590
4404
6624
1777
7786
2300
5410
6892
4731
8499
6314
1021
5765
2154
912
6178
7263
8462
6760
6521
7888
8684
485
3996
6636
1771
5017
189
981
1624
1531
1060
1794
1437
2660
4844
6207
6535
4162
3420
2407
4936
7445
3928
3924
7587
7698
4639
3707
7944
8840
8833
6932
3263
5568
8633
522
1013
2647
1562
31
4923
8910
3702
7619
1125
7038
1515
2686
4830
4795
5329
8187
9001
1053
3668
840
8920
1004
2775
3854
4427
996
5834
6751
2609
886
994
5198
8642
6440
5134
8268
1132
2241
725
1209
6550
1295
5080
2793
8751
3238
8596
1145
3199
7107
1834
4885
5226
3845
5585
9004
7293
407
6195
5021
1569
3428
735
3522
1020
4984
6562
7748
2798
870
3307
2496
4861
4649
2617
2688
1042
7881
4121
7211
7894
8008
2799
7282
6132
8167
4394
4316
5810
4686
1057
957
4076
1367
2186
5312
3795
7502
6840
7245
2038
1012
998
2173
196
7487
5588
6000
3213
1676
5936
6777
724
3218
6902
5839
8998
7126
4987
6743
4911
5662
5473
7932
8772
2436
5210
1336
2982
5926
5012
7990
4696
2442
7831
2533
5641
5850
2248
4086
3871
4765
7099
1870
6885
2004
8689
5489
3714
4511
7979
6243
3028
7484
8827
7817
3508
3354
1581
218
6077
3882
2236
3160
1525
4846
3093
4349
5530
1017
5815
2935
5968
3456
5971
5449
7272
5161
8482
4740
6985
1476
3251
1135
2478
8977
6322
4228
7121
3024
4706
6739
5825
3575
5352
8453
5952
963
6744
1030
785
1047
720
3804
5186
1824
1839
5433
15
3819
6148
6703
7976
3649
5164
3587
7577
144
9018
7792
6591
656
288
6977
2687
2069
1517
7841
828
965
4033
6154
5365
6676
1131
2352
4933
915
1438
885
4895
6920
3176
872
3387
3920
962
4600
5009
3805
6658
4101
6294
5888
1026
7316
5729
1394
4255
1696
4045
550
3693
7415
2981
6686
7311
3584
3256
2082
274
3402
6981
3157
2504
1429
2829
205
5600
4901
4166
8614
2418
492
3889
3207
8507
1508
2318
3351
3086
7380
4645
1580
4051
8777
5558
3430
7204
2622
5801
2497
8604
961
6798
1702
2366
6850
1040
3563
2396
7897
1472
7254
7195
4108
2385
2581
1331
1819
2331
6803
8009
5699
6073
6234
3964
3268
5693
6774
1161
2621
2347
5945
7789
8261
2394
2531
498
4420
6283
3194
938
5378
2741
4920
7208
7481
6762
3296
5498
5
4191
8699
2468
6832
3978
527
6260
5965
3292
1032
4342
1330
2752
474
2912
3081
3503
5832
651
6400
678
3116
3475
6348
3492
3997
8044
2961
6186
2473
3676
140
6880
454
8927
3388
5900
6641
2941
7044
6415
4292
6370
4692
7845
4811
8950
8948
8908
7584
8526
4020
2427
5857
7566
1996
5772
3608
5440
3357
4153
2950
276
4246
5139
3752
6509
5599
4625
3216
523
2730
3540
7706
6617
6185
7843
6615
7355
7844
5882
5288
1111
2727
6513
2897
6051
3723
1225
5742
2669
3125
4399
861
844
916
5165
8854
7096
5053
7720
8781
4290
6957
2433
7995
2976
5715
7180
2801
8228
2439
5655
866
4401
7878
6123
1657
2689
6944
2745
748
4197
8484
1019
4284
6835
2900
726
3370
4666
5291
1739
1041
499
1826
8574
8620
4188
1358
380
2458
3947
6140
2437
4296
5562
5955
1831
7135
4337
8979
719
6858
2494
5548
753
802
5703
2521
1639
3759
7759
3152
207
6498
16
4448
5000
2404
5745
7189
28
8039
2197
93
1582
1821
4263
8629
869
4273
8864
5177
4380
7160
5346
3843
5752
5604
7130
4803
4098
7034
5214
2344
3572
2283
4876
8984
3379
4389
5218
4498
8636
2506
5768
6286
6695
1652
968
3034
268
1876
2674
1293
4338
639
3450
4184
4274
3991
4291
3976
3547
3960
4268
3252
2516
988
1147
5689
746
743
6223
8607
5375
3880
5203
2003
5923
2880
3159
5199
2840
947
4605
818
1317
742
6021
929
3262
3784
4888
3892
4643
2966
8157
4603
154
6383
3626
7228
8700
1804
4016
6121
7171
8914
2792
2513
1836
3010
6791
5625
1500
5605
5864
423
5873
3910
6724
1346
8392
875
76
3338
798
2078
401
1173
6662
3751
1970
6162
461
2149
1031
4632
3852
8530
6966
6084
8745
4036
3619
940
3270
3565
2693
2570
4135
4319
5787
6056
829
5809
8491
2425
5193
7583
6896
3709
8131
1980
2371
1690
2639
5675
893
6446
1686
1303
6516
2796
8169
1329
4840
4814
3773
1497
126
3635
6114
3394
8865
6768
4397
2892
7078
1455
4914
328
2346
5853
8591
9012
6684
8943
8511
4718
6493
892
6927
34
5734
5413
5069
6183
5985
1059
7757
5947
2368
7147
999
3408
1419
7089
4440
4945
5470
3521
6731
2668
8451
