item_recommendation
25737
8571
7872
7541
980
8093
8360
8327
7613
8117
7914
8447
8183
647
7697
7560
8225
7669
7782
626
401
1562
775
976
8420
2659
7938
8661
960
1003
8253
8522
7636
7437
8859
8070
745
1513
8899
7234
285
8879
858
8207
8154
2935
1907
3377
984
8033
8290
3324
8743
731
1744
1523
1437
266
4821
1317
2300
2761
1739
1767
1777
5410
951
1580
1053
8709
205
5515
7478
4941
6579
2427
48
6970
5723
733
1472
888
2780
1816
3188
798
4437
479
5159
129
1696
1111
6826
4600
879
2668
3150
3668
5264
659
986
741
1145
1006
1812
1721
656
526
5909
8961
101
3235
3417
7186
5772
964
5765
2786
1834
8761
535
2981
2779
3232
916
6918
2937
8376
8136
1852
3281
135
5597
1059
4251
2605
7649
4801
196
1225
724
1711
1873
1831
695
3368
718
828
6728
4550
6073
969
6630
1535
7293
4638
1428
2686
8665
7407
2832
4246
990
485
7881
1507
2288
5198
8410
1046
2966
965
3875
498
1120
3081
2062
6355
8477
861
725
7802
8261
1652
1196
5312
1288
2159
7263
213
3816
962
6612
4079
7282
1783
189
2617
45
5611
1608
6195
1099
3795
232
2374
1187
4809
2647
4577
2772
1320
8654
6211
2660
4761
885
6609
2478
870
3051
7619
3218
872
7786
1552
3307
638
2327
2982
1631
8689
1515
4366
896
141
8462
2775
2243
1549
880
8633
2407
8385
970
4432
2835
8596
2128
5117
2155
3854
219
1771
8833
8840
4639
7944
3928
3924
7587
3707
7445
3263
6932
7698
8403
2078
4923
1959
4873
4911
9001
162
2769
6390
2504
1132
3587
8920
3133
3028
482
8642
5139
1095
685
3152
7888
1997
8910
2385
7809
6885
2415
472
1476
1779
28
3251
968
5729
735
955
1419
5008
816
31
4404
4076
869
1639
6243
7753
3702
3127
2399
2793
2570
5177
2912
1042
3086
934
886
2207
981
3714
2494
244
961
8056
3211
2335
2688
1951
1624
580
1581
1017
2507
95
8003
875
1707
4427
5033
1367
8499
1125
2342
844
2350
793
1438
991
2843
6178
4895
7738
1363
6154
3213
111
915
912
2633
6985
953
263
1689
2200
2154
1844
8977
1352
337
1161
704
2074
3177
2789
1388
3147
2922
3134
1759
918
1186
2215
2403
99
2364
3042
510
2866
3068
2393
3005
1204
1226
167
2715
1063
1233
2285
1616
2766
161
1080
2596
5742
306
5449
7038
2521
2146
34
2325
720
5689
7728
8684
8235
47
1730
207
8777
1841
1076
507
1453
155
5787
6314
9004
1028
1184
2465
4731
1209
1218
2858
8722
3351
474
1788
7126
2976
5556
8589
4984
5588
3210
998
2134
2429
2581
3292
5365
439
201
637
8914
3006
3071
1972
2815
274
5810
7894
1026
3860
327
278
1479
2043
1077
808
4162
1060
5489
5498
1970
2496
1582
2567
4844
1021
2634
1085
7299
2178
3066
4584
5952
2572
2674
5585
2745
3041
6744
2439
1150
2318
2609
4101
7792
4171
1020
2986
4795
2227
2583
1796
7121
8699
2204
2753
2231
2039
7789
881
1004
6091
5825
547
1033
4658
6395
5110
3128
5210
1657
1929
6186
276
3140
1130
3428
492
1101
3456
2752
802
966
2046
3604
550
785
4936
2545
2546
1529
291
1147
938
700
5473
183
1870
8998
7272
366
1012
2975
5470
1667
5296
8819
8187
1525
2946
4153
2799
419
667
6365
2418
8848
4033
2687
1030
1688
3256
688
8604
848
1073
1365
3799
5834
2990
6436
6318
1047
1746
1900
7254
5839
6121
144
15
2689
6077
742
627
2600
4265
2383
6568
140
131
2014
5254
6000
2467
5038
1057
121
893
1804
2282
2534
1013
3113
2021
171
2398
387
1358
7831
5784
5269
8268
4649
154
678
746
2897
7878
8580
3805
3489
3387
2186
2741
963
5114
243
2621
2284
460
1784
2458
907
3016
1301
29
4830
7245
4840
3693
348
5936
6084
1305
2096
1032
4262
4612
5980
6636
4740
864
608
1404
3093
2091
999
3608
947
4765
6774
84
2864
4782
7204
4876
2548
4861
1715
7394
4188
2820
407
6114
5165
714
3238
1401
2099
7720
2400
1586
1104
5538
1750
5443
6116
5
2681
2120
5053
1978
973
5182
5604
1810
6858
3354
3157
2296
8670
6234
8451
1081
954
994
2863
719
1066
2368
2939
707
71
499
1092
380
2052
339
7502
105
5666
2473
1037
1286
2798
6404
2331
1429
3996
6242
2704
1517
7583
2347
4088
6676
2622
5968
838
4241
7260
3334
3936
5398
2394
2219
3044
575
1078
899
4727
997
6260
2182
1598
4885
376
5186
5707
2442
5151
222
4399
6658
1482
5021
1973
8392
3194
1876
1545
1612
8008
1024
6473
3819
1690
2560
6703
4696
2432
2324
2451
6751
6591
1173
5134
945
8903
2445
2516
866
1859
1008
5352
267
4774
2031
3632
3160
89
8772
1087
1858
835
2212
1036
7316
2582
2983
5718
2628
3064
218
1819
1966
7171
6798
5000
2424
1449
1668
3035
8807
6513
2630
2038
5427
4273
5699
4284
2032
2493
275
2082
1197
422
2902
6835
5413
250
2730
1860
2236
6832
2373
4417
2535
3575
1702
8453
522
1446
6559
6977
1925
589
5065
3072
6148
313
5202
2275
4462
1354
493
8228
1544
3207
8927
1240
93
76
1011
3868
5226
7990
5815
5570
753
6132
7444
1880
4135
299
3007
6718
8620
1285
4511
57
2927
1653
6530
3024
2195
2422
824
1526
2566
2060
1399
2321
2344
1636
1569
4414
3125
8169
613
5395
8275
4846
1213
1135
1330
531
372
458
5715
8636
5288
5768
5675
9012
8591
5853
892
2297
1518
2016
2012
216
2565
1542
1237
1238
2916
290
117
3063
3069
2206
1347
2921
2889
1356
1366
1861
471
2920
3053
1304
3166
502
2918
3070
928
852
2810
1984
3148
1461
2671
2919
2244
1180
1415
514
2462
1957
2734
375
2967
9010
8239
1392
