item_recommendation
25737
8093
8117
7541
7872
980
8327
8447
775
8571
7613
8420
7669
8253
285
8070
1523
1513
7437
2686
1003
526
1816
8522
7697
8207
472
7914
1907
1744
828
7636
2212
960
4262
8477
8385
6365
7560
858
6195
48
129
741
2227
8225
695
535
8033
647
7802
1046
733
745
984
626
3368
266
955
976
232
140
3235
969
735
6091
8360
1507
6318
5410
2062
8183
8003
888
2288
401
7738
731
5980
4658
2300
1870
7186
2340
4414
6559
1812
986
1288
2374
196
981
7478
5597
954
321
953
407
8661
1702
951
5515
2504
1024
1844
1777
4600
8403
8290
6521
1771
7282
7705
1657
996
7782
1562
2248
1006
1013
1060
966
4809
1352
45
3587
3210
3213
1531
8589
2241
4638
1525
2769
8761
1120
1652
1020
7577
5611
6728
2688
522
990
6826
5198
5117
5909
869
8998
1515
880
3232
1767
8157
881
8819
263
8670
3869
7234
8154
8899
2659
8261
2798
8235
3281
5765
5296
970
8654
101
6211
3324
1132
7649
1590
912
720
963
7979
6355
1209
3377
2829
100
7753
1125
31
2506
964
1580
3854
498
8743
7938
189
523
2815
2860
16
2427
1053
1187
7245
474
5772
1042
725
724
6609
746
3238
202
5556
2669
1111
4911
7407
798
4550
3086
6970
1504
4941
3751
7299
4162
218
8859
742
4740
994
7786
4391
3420
3996
8187
3522
5159
1639
8709
2780
2442
4246
5134
7272
1004
1021
886
718
2687
2149
793
915
5723
1437
5
1317
840
6116
2793
3604
2935
6395
2605
6077
2236
5264
1819
1147
8684
1500
6579
2689
3871
7817
5193
5226
461
2801
1472
527
2937
521
105
6000
5689
8629
2038
2892
870
2531
1696
2752
1026
1057
1331
872
4417
1624
4366
5177
8268
1346
423
1076
1721
3799
2385
5312
3113
2398
4761
1866
4782
7487
2730
2761
785
6918
2415
4649
6322
5352
2186
1394
3127
4427
8008
7976
3176
5139
8499
4731
5489
7099
885
7809
7995
2204
6493
4795
748
7728
1281
1970
6658
6390
5161
7881
6748
6927
2154
7492
3408
7789
6294
6591
7748
5825
1794
737
1641
3140
3292
2966
4584
6154
2843
2772
6073
2741
2468
1497
6892
2786
2770
1295
5114
328
3882
8910
719
2082
4901
934
7293
957
861
7394
5815
6148
5742
195
1582
6798
726
1099
1739
205
3188
3402
7107
8977
3584
4284
1367
4645
1502
4830
1040
893
8614
4076
5269
5784
34
1476
5968
8604
1433
8665
4273
6902
6178
550
962
8056
6568
4088
1941
2981
5017
485
2581
6535
2496
6803
6440
968
4696
1012
916
1330
4577
427
4821
8961
1839
2497
6550
7932
3028
8633
2912
1393
4432
1059
848
5538
1973
454
5413
7759
1078
3081
8772
5008
327
3575
7311
844
268
2600
322
2494
5033
5021
5926
5470
8410
7139
8827
832
3816
4801
7121
5080
1821
4079
1688
2676
6777
7096
5936
5588
6143
685
2284
2231
7380
721
1517
2202
2437
1145
5839
3845
1030
2173
3975
2779
6977
3150
1148
659
3388
6446
1501
7990
135
5182
1726
6562
5734
3152
4420
6400
7831
6630
3370
608
6751
5164
3978
183
7211
5834
2521
938
3051
6624
6482
743
15
313
3947
479
89
3668
839
1017
6835
154
1363
2835
8695
8848
1834
3804
3608
6279
3157
8167
3417
3387
7818
1831
6832
8482
6612
6791
4404
3354
5319
314
1429
961
4437
8777
1827
7263
6686
5888
786
1444
4349
2609
213
7020
1482
2396
5315
3024
2668
1686
2200
7502
2159
1959
2546
8376
8136
4748
7815
8507
5655
3875
1131
4865
6207
7208
4255
3649
6774
4033
7228
6760
4188
5662
5186
5179
3489
4634
6383
5427
750
2617
802
4337
1824
1779
638
276
4844
7619
482
4226
818
2699
3474
6056
4316
2207
6731
2350
8879
3456
2195
8484
5222
4380
2507
1225
3560
1581
302
5693
875
8781
5971
1077
3428
2295
4703
7899
1008
3805
3216
5433
4923
1997
8722
4051
2727
1184
4612
3508
9010
27
4290
656
4399
5791
1041
8920
3900
5729
1608
2674
1101
274
5787
8903
3653
422
6744
1453
5850
7566
1901
6840
4101
4121
1636
8526
5900
4292
4020
6762
6641
8908
3492
7044
2941
8948
5832
4811
7845
6415
8950
6370
6739
6348
5558
4692
3997
8044
7584
7415
5801
6404
4936
1508
5378
4885
2193
2975
7160
6636
6880
5843
5857
1535
4709
8596
8009
2155
866
5329
2764
5398
5666
5038
7260
8854
4765
829
4191
4686
931
8131
3920
2138
2776
1836
4319
2440
4383
8121
2459
2311
5707
2146
2647
3752
714
6408
1951
2283
1320
5291
1916
965
2371
892
3687
5952
1286
5053
2792
3434
288
6473
3809
947
6243
244
937
7340
4241
5254
3936
3334
2929
4524
824
5246
2441
4933
2352
5464
4771
1678
1032
4511
1852
879
3913
753
1493
4626
5808
6121
2407
4984
3379
2775
2611
1336
6271
3430
1769
3819
6242
1019
2221
8675
1631
348
8984
215
177
125
2560
5218
4727
439
8914
7135
2696
1788
1783
1358
7316
998
5443
6513
1569
2478
2307
899
3859
1028
2448
6062
6509
8574
6530
4873
7892
240
3194
1810
5395
2465
1085
3843
2982
3160
2766
6431
5012
3307
553
6314
4680
50
2622
4846
380
6690
778
1329
2183
5625
6920
2152
1025
7445
3924
3707
7698
3928
4639
3263
8462
6862
2120
661
2866
4515
2660
2335
2577
5585
8492
2043
1055
1193
6051
5945
207
2128
2726
1197
7484
349
7841
2621
8642
6932
8840
7944
7587
8833
7888
4895
5810
6547
8453
991
6695
2545
9001
2279
2548
171
2347
3795
1104
2003
5365
5449
6615
419
2596
1047
7894
6953
1196
6885
5703
1035
5866
1701
3989
2583
3093
3745
833
2422
2883
4987
6104
2651
3125
2572
5882
510
2393
3068
2789
2403
1080
99
2633
1388
3134
3147
1759
1063
2364
2715
161
1226
1616
1204
