item_recommendation
25737
7872
7541
8571
8327
8093
8360
7697
8183
7914
7613
8117
8225
775
7437
8447
7669
980
8290
8033
7782
1003
7560
8253
1523
8403
5159
731
5515
8154
7636
3232
1513
8003
8743
5723
8899
8859
8661
5597
1515
8070
745
7938
8879
733
984
7728
7478
8596
4550
8772
4366
5264
986
5662
5008
858
8410
4936
8499
6073
960
6970
626
8207
5742
1507
5765
6091
2686
3235
1777
976
401
741
6154
8420
2659
6902
1812
4821
2227
7649
7878
5186
1816
1744
8376
6918
8136
3093
8522
1907
4740
6178
3875
3324
6579
5410
8056
2769
5729
5715
4731
4437
7234
7407
2937
8777
1317
1819
8636
6260
735
4076
7802
3428
964
5288
5768
3368
951
1006
5853
8235
5312
5675
695
7293
2798
1288
9012
8699
8591
1046
869
129
2935
48
2772
4584
2688
3816
990
3188
2982
1870
2668
2300
4941
1437
6751
1053
915
969
724
4782
4873
6760
8477
6355
4577
4440
1004
1624
2780
2605
5198
1771
8580
1739
4649
266
1042
8684
1831
6294
6826
3281
1404
5177
1132
955
8961
1030
953
535
2236
4638
7245
2546
8998
1057
6803
5038
6559
8761
1040
7738
2513
7831
3417
4801
7753
4795
7619
5772
2687
912
1209
4809
5834
5909
1020
3632
2186
7254
1060
6728
4658
4984
8709
864
8665
2647
2956
6365
4316
1021
3292
998
1767
5980
2496
4079
526
6314
7786
880
1472
4765
4878
659
3051
1026
6121
4600
2741
888
981
8629
2912
6630
6835
3751
4153
5689
875
3238
1161
8654
5655
2288
885
5936
893
725
3604
886
4923
746
5839
816
6404
954
7171
750
4262
2801
3668
8720
2340
7204
232
2925
8462
4861
8385
1508
5282
2976
5365
947
8910
6318
1783
8589
285
5666
5815
2385
4404
6035
3489
4162
7809
2696
3081
1581
828
870
2407
3307
6509
6513
2347
7299
4171
1876
6612
7186
3408
3702
3125
966
7771
5254
720
2440
189
718
5134
5611
6436
5275
2727
1187
205
968
5139
2761
743
1037
793
3127
4830
2415
5323
2004
1750
8451
965
3608
2521
3334
5588
1562
6718
8607
4241
7260
5398
3936
2120
5787
5440
2786
6390
656
101
6195
2344
3377
4432
7888
5699
3194
5553
1024
9001
970
6547
3456
8633
5795
963
6932
5968
2775
6408
4420
7698
7944
7445
3263
4639
8840
3707
8833
3928
3924
7587
5161
2660
938
3086
2473
2318
1032
2173
2504
4246
6985
2183
1125
474
3210
6422
5672
937
2617
8977
45
1525
1852
4911
2669
1011
4727
647
5641
7757
1367
5808
994
5752
8642
8848
7038
6676
8943
5033
1834
748
5443
4251
5420
5710
1104
2212
3354
2155
1394
4920
7705
7881
3402
961
8261
2799
6047
8807
7078
4761
2428
4401
6207
2582
2983
3500
6609
5693
4016
1429
2832
8524
1517
4263
6684
8927
485
3113
4349
4312
2981
6498
1059
6148
8920
3284
5210
2534
6774
8239
4976
4885
2478
8768
7894
531
8387
8882
1193
6440
719
1135
4632
4380
3575
5117
5055
798
8865
6493
8275
5466
3522
1794
8722
5732
1225
8819
1120
4188
1844
3150
1363
2570
1690
802
3611
8609
1192
3584
2159
988
8142
1012
1688
2427
3759
9004
5053
5285
872
7720
6768
2829
3587
4987
7583
8864
2651
2241
5940
3758
2231
3819
8542
7263
4696
5363
1608
881
5462
1013
1017
5625
6896
8903
1788
8228
2892
5489
4161
6530
8147
6963
7316
2118
3795
685
1078
5291
3851
8620
5836
3996
2815
5400
6706
5735
2548
1145
2966
5572
218
3207
7357
8689
6464
1010
785
6341
7822
6887
5170
8388
1008
5243
2835
3218
7919
1580
2184
6645
6331
865
1951
3649
4101
962
6744
3173
3251
4051
1873
4197
2689
4929
2793
6375
6800
833
4290
4603
7126
5810
1980
1531
8169
2802
7419
7198
8640
7235
4300
3497
7309
7346
8366
8672
3714
5034
5003
5826
8838
2573
5548
5685
5700
5796
5002
726
2396
3973
4980
9010
6243
8914
2681
4375
6624
8392
5352
8123
7979
5684
327
5577
6105
5746
5517
5847
5004
4104
5056
6732
4677
6851
5736
4832
5696
7153
6852
3499
4450
7702
5401
5686
6432
3957
5373
2640
4889
5667
7791
7017
3491
7063
3654
6342
5001
6754
6060
2442
1631
1721
1826
5670
8610
4994
8197
8985
8966
8158
8872
5678
8130
5680
5690
8582
8828
6584
8949
7947
8921
3825
8371
8785
4477
753
8799
3344
3639
4238
8525
6566
5097
8612
7155
6450
472
105
8827
5122
3615
5840
2434
3761
6470
8831
8133
3479
8712
4177
2062
3359
4680
6225
786
5534
6103
1617
4428
8423
8372
8955
2709
3863
4105
1652
2481
8835
4228
6211
2248
4191
2418
1476
3723
8138
1501
4834
896
973
1047
3655
2399
2897
7012
2009
5203
4999
1014
2154
3160
1111
3241
3540
1569
2533
2383
3096
3199
3427
7282
5473
2866
6286
1612
2082
3155
2682
4895
7502
5449
6533
2993
3256
4933
2352
3438
4967
113
5850
2827
4024
2404
6827
3445
2021
8667
4844
2374
2046
3495
2699
1518
742
1147
4045
835
6232
3357
4833
2458
3010
7577
2398
498
7272
2465
7484
2439
4337
4532
76
3388
5021
5085
2494
2500
1497
1805
8187
5218
5568
5346
6678
934
1696
2572
1500
2600
4462
7792
1997
274
2987
1331
1822
2467
2134
5498
4511
4326
4837
3152
2596
1909
1019
996
3211
7748
3024
5585
7394
4840
162
2487
6636
7208
3656
2078
2441
2239
2633
5581
2766
4901
4414
2975
1759
2752
3068
2922
3042
1204
918
3028
3134
2789
3147
3177
3005
1063
167
1186
161
1233
1226
2770
492
2715
1616
510
2403
2393
99
1080
2364
1346
306
2285
2074
1388
2215
3889
704
1281
1841
5296
2325
6395
1352
1959
196
7976
4342
3880
3753
2146
419
4645
5888
4033
6296
8670
5556
3140
8574
3268
2335
2764
6571
4284
3676
6885
2366
879
2433
8157
3431
140
5375
7932
1668
714
