item_recommendation
25737
8571
7872
8327
8447
8093
7697
7541
7914
8360
8056
8117
8253
7560
7613
7802
8033
8385
7669
8225
8070
7437
8420
7636
7649
8522
8167
8751
7407
8290
7394
7738
7976
8684
7478
6365
9018
7932
8235
8477
7728
8183
8008
8003
8661
8961
4121
8154
6636
980
7782
3869
8207
6748
6850
6579
4391
3368
7753
8511
7995
3232
7186
8998
8403
8743
7938
8879
5159
8709
6920
8819
5909
8187
5264
6195
8670
4920
5017
8039
7130
6832
7263
7228
6658
8665
8482
4873
7705
4782
5012
6559
8761
5980
6728
8745
8491
6091
5433
960
6609
7234
8604
6178
8654
8589
4552
4584
7840
6143
6650
232
953
2062
3235
6624
955
6826
966
7481
4414
8810
8499
8903
7016
4821
6550
8848
4941
8864
2212
7121
1024
6918
7577
8827
5611
8892
7160
7502
6355
8859
8772
3281
8596
5723
7204
6892
5033
8979
8410
2860
5164
6669
7786
7444
8650
7492
8807
6521
2374
6254
1046
7897
7826
8899
5489
6676
2659
6207
5473
6743
8451
6132
6383
695
3816
4437
1523
8675
6493
7720
1562
6242
7299
6856
6562
7245
8695
6502
8261
6957
6724
8014
3420
8131
6535
4911
8977
7892
5597
7881
6498
6643
4605
6276
3668
6999
984
7817
7293
6927
8607
5117
7456
7809
4417
4984
4846
3632
7831
6162
6721
8600
5296
5850
285
8633
7171
7619
3163
8616
3804
5765
7195
7789
5825
8730
8507
5329
7099
8777
8984
6739
5210
266
5008
7142
6791
7192
7458
1352
970
7748
6568
4135
969
6390
6314
1744
3127
7107
4809
8927
6970
7090
4696
8376
8625
3324
6395
8136
5558
7878
7820
9004
775
7818
4658
8813
321
5458
3845
6318
4194
7439
5926
472
954
6877
5947
7222
1003
6703
8453
4936
7888
8871
8854
1844
6565
8484
3188
8699
3698
733
45
7766
48
3213
5046
6322
2038
7034
840
7189
1590
957
7096
6811
4079
8575
522
8910
8542
8239
7022
6690
4848
2340
4162
6582
1676
1437
3377
7272
8866
7958
3515
7757
6116
526
4686
7136
3467
3038
7150
8915
4688
6378
4090
8057
7812
3266
8254
659
8362
2268
2173
6981
3250
5815
7585
745
8636
7161
4262
8169
6684
6630
5134
1408
5729
6367
6591
8194
3875
8857
6073
8531
7827
6863
8341
4886
2704
4394
4923
2935
8617
6536
1288
5923
8943
8689
6612
8392
6203
4369
6440
5603
5772
5942
8228
4039
5440
5530
4228
7990
7316
4901
3587
6056
8524
9010
7038
7380
7936
7282
5936
4171
129
4432
3417
4188
4550
6662
3882
5968
4366
4738
6426
6751
4002
6757
4491
4375
4577
3033
5146
1281
6404
4849
1513
994
3608
5521
4666
5515
8462
7115
5025
100
6140
4427
1907
3660
647
4731
8642
6077
5619
3751
2144
753
6552
2236
3534
6339
2959
2647
8620
7340
8914
4177
6031
4086
3351
3996
3895
8191
5971
8920
6840
5787
6932
4987
7250
912
7011
4885
4076
6154
8700
2605
2660
2531
7051
8833
4639
7445
3924
8840
3928
7698
3707
3263
7587
7944
8718
8795
6027
5588
7583
4632
7325
6148
6000
4927
7759
6993
7211
5839
2073
7311
8387
5378
5470
4051
4251
7415
1804
8583
300
4482
7762
188
6974
7381
3457
7894
9001
3251
6816
8580
6021
7135
858
7487
2288
5410
6223
881
6348
6760
8273
7126
6977
626
8808
3247
3819
1767
1212
5304
3964
3197
7055
4761
5600
3310
8727
3307
4229
6940
4801
4555
6230
3379
1472
427
4638
2981
7089
3512
2594
3113
7979
5618
3320
4603
4814
3871
4081
2318
6659
3364
6516
2897
3714
8609
6885
1466
4168
3981
6416
6798
4600
3702
7771
5940
4830
189
7484
4146
2344
2415
6862
6513
5125
8722
485
1569
7569
888
6294
8009
7713
4404
6183
6509
3207
6503
1145
4706
6803
8968
976
3268
6744
8388
2516
3028
7056
1057
8044
4108
1211
8404
6641
5387
6329
6686
5127
1295
3795
2478
5585
2609
2799
6942
3646
8865
8331
4161
2310
3863
5534
2396
3920
4389
5810
3927
8656
678
3854
6566
8712
5097
4238
3761
7155
8799
8133
8831
3344
8525
8612
2434
3615
3639
5122
5840
3479
4155
5952
5198
8574
2457
7792
2227
1370
3508
5021
3292
6954
2617
1209
7254
7926
263
1125
4290
1380
8640
2366
6628
5832
5498
6279
1187
2371
3643
4178
535
3431
6547
1810
5693
5834
2780
965
4321
5241
5193
5568
4592
3655
2418
6114
15
3492
3997
7787
8781
7347
6695
407
1870
1476
1531
5801
7624
6966
3157
8908
8526
7584
2941
8948
8950
7845
1824
7044
4020
4811
4292
6415
6370
6762
1047
3843
656
4840
5857
3210
6123
1224
492
4709
2622
3370
7352
3194
6880
3752
3653
6961
4024
1516
7305
101
2214
951
4181
4692
5900
5965
4235
4854
8121
561
6893
6211
3176
4756
1580
4355
2167
2997
2404
2437
7177
3604
5101
1336
4861
2631
1378
3983
3296
4033
2782
6400
3693
6442
6084
7564
196
2709
6298
2241
7566
5752
2824
1862
5165
5888
4148
880
2775
5873
6446
8614
2300
5121
3428
5214
1864
6896
431
8643
6107
964
8667
8725
5141
6646
4795
3427
3441
1686
1193
4166
3553
5449
5628
5139
6835
2772
5009
5291
8336
144
3190
2059
8783
7219
5917
6718
7147
1777
4114
4837
4139
4332
2433
4316
2394
4407
6531
6436
6782
4765
5633
6879
5699
3060
5548
731
3799
844
1771
4153
8530
1060
2154
7366
1173
961
3010
6166
1016
8268
3201
4893
1021
8147
6157
5833
4925
711
1948
4740
741
5662
4663
1006
4515
7059
6996
2367
5641
4511
5569
6985
1019
5081
7238
7419
5226
3478
3503
6464
6765
3221
3459
6375
1438
7208
3540
2003
6735
6412
2409
5742
76
5071
6777
2331
4420
915
5945
4270
1317
5527
4914
6964
31
2476
1812
5609
5179
7919
5809
6873
6003
3256
3487
6944
6186
3857
5333
6290
2506
3110
4748
3438
8142
2961
6772
8576
3963
7303
3173
4895
8629
2407
1794
3953
2826
