item_recommendation
25737
8571
7872
7541
8327
8360
7697
7613
8447
7914
1120
8117
647
8420
8093
401
1562
8253
8225
1535
7437
7636
7669
8522
7560
1145
3232
2745
129
7782
980
407
140
8056
8183
1111
8070
1523
1437
8033
7407
2605
5264
7802
1744
227
4262
8661
8385
5597
1711
1767
8859
5159
8154
4577
2935
2227
6091
7938
1552
314
1816
6579
4830
793
8879
2243
405
8235
6365
1404
3133
8207
678
561
7738
7234
5410
659
427
4873
2779
4809
7753
8684
285
4166
6195
144
1076
8743
615
1320
2236
4821
3324
2159
1046
522
1073
4246
6850
100
1707
8477
2659
8977
5952
1513
4437
7649
526
1580
1003
299
1891
3150
7186
341
1788
48
3086
3152
7394
6669
854
1777
5765
6559
2445
1783
5498
8961
5723
7478
840
775
3235
4658
1472
2200
3668
4171
798
885
5515
7282
1931
7263
5980
8761
4920
7728
1819
5909
718
2686
2128
2681
8899
2504
2212
45
4941
4316
1196
2062
3368
294
344
4600
6658
5198
4782
4731
3377
6970
2282
6073
7932
6918
888
4911
4366
5489
4290
6493
8261
858
6318
1791
9018
3127
4696
1739
9
1907
4584
1453
1771
6826
824
3751
6314
7293
8290
491
7720
1652
2219
7619
7809
1844
695
6636
3354
1024
266
8403
953
816
5470
321
6728
2231
7976
1726
828
121
232
984
656
57
7121
3210
6832
535
7245
3188
966
1161
4296
2031
2832
7748
3213
2478
626
2427
6609
1288
7786
955
5033
8751
8003
2981
714
282
4251
383
1549
8709
387
472
2327
3238
222
287
8008
4079
1099
5
7204
1425
422
5008
2340
4936
1631
8633
2374
263
6140
4404
5772
498
1
8410
4550
5117
324
8910
733
183
960
4414
3845
3632
7888
332
3889
741
4458
81
1352
8136
8376
3608
1880
986
4923
5864
7583
3428
2565
2300
6143
1812
3875
5433
6612
34
969
996
199
8604
1715
4162
4885
7130
5611
1361
4060
617
6498
1236
92
7881
4486
6932
1310
5588
6390
685
1171
447
7995
5177
745
4638
4066
8167
7272
272
1900
2761
2780
3702
4895
194
3292
1419
4709
994
7228
1187
6000
1696
6690
3816
7222
7757
8642
6395
1135
5787
3129
1957
2734
4649
502
928
471
2206
2671
2244
852
2919
3053
1861
3070
1984
2918
1542
3069
3063
1461
216
117
2012
1415
1366
3166
3148
1356
2016
2921
2810
2920
1180
290
1237
1238
2889
1304
2916
1347
514
1392
458
661
2660
2297
8596
2967
592
6856
3263
3417
3707
3924
3928
8462
7698
7445
4639
342
7055
3281
3895
10
6077
1575
1168
3019
1592
135
3420
1779
4945
3021
8840
7587
8833
7944
2288
2917
2462
1480
6440
178
3207
1721
1255
804
1639
5222
2647
2304
5202
4861
1717
8654
880
673
1274
2002
4076
8665
5134
1253
2786
2275
1373
597
1676
2877
574
1971
132
1256
2966
6676
5319
4795
1831
577
870
9004
262
4515
6322
3168
3854
2893
8620
520
1317
1821
1644
8228
9001
1507
861
420
7195
1667
3011
1325
5729
4375
5534
3604
6630
7444
1479
1794
6521
2819
1590
363
6355
872
4342
1427
8169
1476
731
2203
2738
2772
2959
8927
206
184
2386
4033
2013
951
3474
2793
7038
1281
818
3819
1515
7705
6178
5312
3351
4121
1569
1954
4135
8777
709
4605
5556
2415
1870
1969
7577
8722
5585
6985
6056
3575
8699
1225
2130
2252
1840
1126
4761
3251
5473
2241
1487
6211
1852
2617
3018
480
2516
1441
805
1215
523
3869
708
2173
6509
4391
369
3028
1531
1165
848
2860
186
153
5810
707
8511
3093
31
1006
990
101
2310
8700
2976
7502
303
875
1979
4673
8920
8848
7107
5449
1894
496
970
599
1029
4634
2318
6207
2766
3034
2442
2624
6051
886
1295
1586
1517
1060
538
2937
1608
614
2609
2499
1932
3522
5114
891
1353
1125
1921
2011
1277
4394
68
5012
3081
1363
3307
7126
7840
213
229
2103
76
2897
8670
813
3370
869
5899
6404
2248
3587
1240
4801
4051
2741
650
4194
3146
6550
6154
2866
5165
5161
4101
1209
3723
541
2494
1040
2674
1970
7011
2794
451
488
4740
4383
8864
4255
2752
8451
5538
2379
8810
7792
3714
6552
1702
8589
845
3051
1264
8650
8819
5069
6920
1837
3113
2067
5137
5346
3773
8689
957
4984
193
492
1397
3489
196
6624
965
724
6148
1665
1554
1131
5246
3163
1713
4703
808
1440
331
8998
6166
1892
2149
7171
519
1525
976
1132
2001
8239
3256
152
2401
6243
3852
2204
1301
1246
1013
9010
474
6748
4748
849
4632
6806
1826
1482
2769
7254
2956
3294
3160
5352
820
441
2570
1167
2237
635
6927
107
6458
2496
5164
1411
36
4765
725
1193
1267
5628
1839
2927
1184
7415
879
4417
2856
550
981
4284
2344
4901
3637
8695
2687
154
485
2982
4555
4273
1206
46
3106
8392
4168
2688
8903
483
2139
558
2465
7831
18
463
1883
66
2843
1020
6276
4524
1243
2420
7316
418
3456
432
423
3066
3015
2155
1057
1493
377
6571
2600
7299
1269
270
5834
1938
1332
1848
2418
8453
7177
2397
5825
4462
8187
6114
568
7979
2900
2490
6840
6743
1809
4238
3344
5097
8525
6566
3615
7155
8799
5840
5122
3639
8831
2434
3761
3479
8712
8609
8612
8133
1532
2530
6473
6744
2195
5891
6582
1055
735
5226
4603
4161
1394
2835
5193
8157
2467
1449
328
2615
954
1380
8388
309
2661
2531
2815
4511
289
1021
1746
2505
2594
4114
3795
5427
2436
3438
3002
300
3863
2268
6863
5947
7827
8362
288
4886
7036
1059
8914
3996
414
2048
1692
5288
8979
8387
5139
2630
835
8865
2366
7347
7492
1804
1605
881
8574
3540
5560
2404
5440
2051
4552
2689
6212
391
3211
1331
6803
5348
3194
2493
2704
114
4378
151
2581
1123
353
