item_recommendation
25737
7872
7541
8571
8327
8093
980
775
8117
401
285
7697
1317
554
8183
8447
8360
626
1003
7613
2761
647
1744
976
479
8207
8225
7560
718
1721
7669
482
1099
731
7437
29
1523
276
5515
1513
135
7782
2786
1816
960
638
798
1777
2686
526
7914
275
4550
1812
844
535
1907
2668
1562
5159
858
1831
1739
8253
1783
2935
8420
8522
733
129
984
741
1472
745
157
986
8743
1053
3150
274
266
2427
1852
8290
685
7636
8899
3081
205
48
888
5765
8070
8154
8403
5410
3232
2659
885
2300
1608
1363
2966
3051
828
1696
6970
8033
45
1145
3324
6154
213
5723
448
1101
656
4731
1196
2605
990
2832
76
260
162
1515
267
2866
4941
8859
1046
2504
1767
1059
2981
219
7478
848
461
5312
1111
951
8661
695
214
4649
1997
3751
7802
1870
1951
1959
2596
7938
2766
5597
3188
2325
2769
2403
2633
918
3005
3042
1080
3068
2393
1063
1616
2215
1226
2922
99
510
3177
161
167
2715
2285
1233
2074
3147
2364
2789
1186
3134
1204
1759
1388
4577
704
8596
1794
306
196
3211
171
2815
1507
2399
991
879
8477
4246
7234
1730
2843
95
4584
507
7649
945
1184
4795
5198
1218
2858
348
5742
2146
47
1580
1841
2159
34
872
724
1006
2835
969
472
1040
2207
2327
2647
2753
3816
1225
6073
2155
2507
291
101
2986
869
201
2043
870
1437
2634
981
2946
312
1631
1428
3006
2429
1286
278
8499
2350
5186
8136
1972
3071
2976
8376
2975
1873
105
1085
735
2039
2937
1095
2284
2600
8261
1130
6579
232
2772
6918
964
1689
4830
953
5662
2990
2494
1549
3875
816
2982
2478
659
4638
3368
244
750
3377
8879
3235
1771
2546
955
1020
243
1688
5556
688
2091
2227
5729
4821
938
5909
6355
2288
1288
327
8772
1929
725
1161
2521
916
4316
968
8998
547
31
793
2178
7728
2780
2687
5772
785
7809
2204
6178
6195
1209
2689
1017
1834
5689
2342
2439
3016
2128
1652
3611
4437
2572
2335
337
1624
498
4076
8410
8003
2779
1042
886
994
2793
71
4801
5008
746
1125
742
1750
2236
16
2775
861
4873
1150
2078
2983
2582
6902
707
1582
1132
5264
322
1796
366
1779
1824
1028
7186
8385
6091
84
7878
4366
6260
5980
8709
6211
2383
2062
263
131
204
2820
2385
2617
6365
5288
2798
6728
7407
963
2688
1197
474
3417
485
2120
1033
2567
2182
126
1147
8961
2046
150
3041
493
4911
4740
189
372
7245
1784
899
880
907
1057
1479
1021
1667
589
1925
2154
2864
1525
4809
6493
5177
3128
1690
893
423
3028
896
5715
1012
7282
719
1120
5675
922
2498
5139
2577
1453
2465
2212
1860
2415
5768
3140
613
881
1004
1060
1535
875
241
5853
8761
1077
460
1013
3489
1135
3086
833
5666
5161
714
3210
7881
4101
9012
2583
250
1187
996
8591
227
3587
720
1788
864
8636
1858
5038
808
1819
307
2912
183
970
141
2496
966
3702
2014
6609
934
998
608
2752
6826
2704
1104
516
4171
2581
8848
1320
1711
8777
748
2451
2432
2324
5470
2134
2628
4251
1981
7260
1026
5398
3334
7753
1076
580
6390
2534
6121
4600
8235
375
5053
89
2296
4765
2422
4923
6630
3127
912
5254
155
3008
3044
467
1702
2442
949
1707
1008
7831
3194
4241
6395
1554
2570
571
2424
2373
1715
1476
8665
8654
2630
1653
8462
7293
8689
3819
947
4861
4432
3604
4262
1970
3007
4153
1030
2186
2674
4761
1639
1192
2090
1804
4987
7786
339
3064
2374
6676
8629
4228
3408
5538
2425
5611
6612
1078
144
5936
5443
3795
4079
6760
202
962
113
2696
207
349
5655
915
28
5498
1586
824
6751
3936
784
6314
4401
3649
3152
2497
5784
6932
5315
2464
2201
2741
8633
2231
2939
5839
1086
2926
1333
5346
2660
376
7888
6636
1297
6243
4696
8699
8580
5269
2985
2200
7254
455
3281
7038
7445
7698
3707
7587
8833
8840
7944
3263
3924
3928
4639
2829
504
4420
1810
3759
7263
8589
3668
439
8056
4945
3307
7204
5413
268
1556
4458
5365
8642
7738
802
2421
1449
1092
1367
866
961
1081
1066
1581
1014
973
7619
778
1358
3358
1307
3218
3428
79
3357
8977
166
6077
2458
499
5834
700
1668
7272
1518
2052
2816
1833
1032
550
3805
2407
6318
9001
838
5193
8451
4016
419
63
2792
5825
1073
2347
8187
8604
637
2726
1228
905
3829
413
2977
1545
4404
1552
4895
330
8722
3176
410
220
1089
5117
2021
8920
6408
1844
2440
5375
4936
786
2243
218
1517
492
3179
950
1365
2915
2979
2770
2956
1285
2334
3456
2535
5810
2801
911
1978
15
670
4703
1671
506
2248
5808
2400
1413
469
753
2467
1839
5055
2130
140
835
2340
8914
2135
352
1598
1975
944
1859
3402
5787
5815
2902
6774
2173
13
5585
2621
3559
2880
407
3159
929
5199
3892
3262
4643
3784
4888
6803
2032
1909
3133
4088
2639
965
6294
8142
1024
5710
9004
2681
3575
5275
4349
1497
3120
1657
3448
154
4162
2676
2398
2799
3882
2282
5449
558
2516
1244
1174
4128
3261
1836
8910
5888
1699
5282
1096
2202
8684
5672
3714
7979
6835
3292
1047
2195
1394
4658
743
3608
6436
8943
2473
7894
2560
237
8157
1973
4440
3024
7577
6404
1018
17
2493
4782
8819
6985
7976
8147
1986
7789
7126
1438
380
5699
6513
4033
1531
5968
2055
954
2897
3213
1544
585
8275
8720
2548
5473
527
3238
3955
5069
936
3854
3758
1331
27
6047
616
8807
7171
4045
2649
1900
935
2418
373
3113
5134
3066
476
4976
5352
937
3359
1088
477
6718
2796
4414
1025
988
3889
321
3847
4515
2194
43
405
6658
1526
5732
2892
4673
371
