item_recommendation
25737
7872
8327
7541
8571
8117
8093
7697
8447
7613
7437
8225
8183
7560
7914
8253
8360
7669
8207
5515
8033
8290
980
8420
7478
7782
8403
7636
1513
7649
7802
8003
5765
6178
8070
1003
5159
5597
6636
5410
8772
7034
3232
6154
6826
8477
775
8743
5198
8522
8998
7728
6970
8056
7263
8596
6073
5742
6365
3235
6355
8499
6918
6579
5723
1523
7407
7245
8899
4795
3368
5312
5177
8154
5980
6902
5186
3324
2659
6091
5662
7738
6665
4600
4696
4830
4731
6559
7878
5008
1907
8385
7938
5489
5729
626
6260
4550
8261
8661
5033
6658
285
1870
960
5689
8859
741
8636
858
6195
1744
8376
984
8136
5117
8235
7234
731
2780
7186
3875
3816
733
8167
5825
647
2686
2769
5288
1507
4740
4584
8410
4765
4316
4941
7809
5080
5715
4761
5193
3854
6493
695
266
5853
745
6211
8591
5768
3377
5254
9012
5675
4649
1515
7786
1816
4911
6279
4246
5611
7282
401
6294
2300
8684
3587
951
1831
2605
5772
969
8629
7748
1777
2376
8961
4417
6728
6718
6395
976
2288
6751
4873
2912
7753
6609
1288
3281
2062
4076
7831
1352
5909
1812
7394
4638
7932
6760
1317
5666
7293
7069
7705
955
8580
8777
5139
48
5161
5968
4727
129
5839
7995
7976
1046
4366
5038
6121
3334
4658
7577
8665
4414
5398
4809
735
4241
5655
4782
526
8943
986
3188
4821
7260
3936
6684
1053
7881
3604
5264
4577
6314
3218
4437
535
6408
2688
8607
7888
7228
7204
724
5134
5282
8187
6676
7254
8589
3819
990
6446
5443
5625
5556
1580
8819
1013
5808
4801
1006
963
6140
8879
6404
888
5114
5936
8157
3489
981
6242
8709
5413
1767
8848
5356
8670
2212
3575
3113
9018
964
2696
8462
6835
2374
5699
1771
4228
8768
3417
6530
4101
3194
2798
8039
8699
5182
8451
8121
7171
3702
7299
4846
472
2340
8807
6243
7272
4079
953
8720
3238
6132
4440
1187
4680
7250
954
2496
798
7038
6748
6850
2668
3127
3210
3292
2647
6047
4945
5053
5275
5795
3759
5752
5470
8914
5346
6630
6318
4923
5323
5784
5269
3649
8524
5815
5641
6077
4121
3608
6436
6612
4016
7121
232
4262
1209
1624
1844
3173
6513
6498
6706
4987
8142
5498
1060
2227
7822
3408
4686
5433
1531
4861
6440
1047
2772
7492
3845
5588
7979
864
7771
4427
8654
1472
2976
8542
725
5365
1739
2154
1639
7115
8604
1437
7789
2937
3086
6000
5055
4153
1132
659
8675
8903
7757
1057
2513
6383
828
3081
6547
4033
101
6624
6568
7160
474
6927
4401
3028
45
8761
6390
2241
8722
3402
1562
1021
5850
6341
1004
1135
5710
189
6521
2415
881
2799
4088
6862
6768
4920
5021
886
656
8640
6932
3199
6375
2829
6803
6464
1834
5352
2982
970
2966
6774
1024
720
5732
912
5672
3668
8642
6322
6896
2407
4162
4098
3799
3359
1147
5427
2660
1042
5834
5707
8147
4984
3522
7944
4639
8840
7587
8833
2082
2473
6591
7444
4901
870
5791
3357
7078
6331
7698
7445
3707
3263
3928
3924
5735
1161
4045
3758
5285
2935
3889
6103
7817
4312
4404
5745
3584
885
8920
6286
4976
2546
5940
4171
7502
5693
5466
5375
2186
2956
6832
485
5170
966
5462
4432
8275
1476
1336
880
3307
6744
2347
947
8633
8827
4833
1508
5243
6743
753
1367
8482
7346
1394
6840
5291
6148
6225
2609
5296
3125
7357
2752
1525
8882
6116
1631
5012
8422
321
5363
5585
3428
896
9001
5202
7135
4420
5538
8689
5400
6887
3284
5787
6422
5203
8638
1040
892
3024
3996
872
3795
4273
2761
6963
6051
6143
4251
4284
3358
4477
718
2801
6800
6273
869
961
1479
2639
8984
8751
6550
929
4888
5199
3262
3159
3784
3892
4643
2318
5009
4963
2880
3656
8366
2796
7487
1852
4051
5210
3521
5518
3882
1026
5572
8008
7198
3420
7419
5218
8672
4290
1017
6283
7919
5473
2689
1020
6985
2793
5684
7208
3456
4980
322
2504
8838
1145
1839
4929
4895
2617
6473
4300
3497
7309
7235
8042
6021
7619
3804
1032
6695
4878
8781
5888
5836
915
4936
6476
2184
6645
2642
865
5826
5034
5003
4450
8123
965
6484
2687
3499
8197
8828
8921
3957
8949
6754
6732
5056
3654
7063
4104
5670
6432
8610
3213
4255
3388
4349
962
5685
4612
3051
5847
3611
1617
3160
5002
5746
8371
5696
5401
6105
6060
1794
3869
8966
8985
8955
8835
7947
4677
3491
5577
6852
6851
6584
4832
5517
7791
4889
3825
5001
2640
7702
5796
135
5736
5700
6703
7481
1721
7720
5004
8785
7017
4994
8582
8423
4428
8872
6290
5667
5690
7153
6342
5680
5678
5373
5686
7340
1517
5568
263
1192
2385
1696
4834
893
8910
4634
8130
8158
8372
8138
994
3140
2676
8795
7894
3714
5630
5335
4954
2183
1819
7012
9004
7354
998
719
1582
2427
196
2478
6207
6827
205
988
4840
6035
2981
840
3251
1497
5165
5329
7099
4636
5777
2038
1281
3370
5718
7101
8511
4999
4642
1111
4532
5891
5926
7107
6892
1980
879
3354
7130
492
5085
3351
3093
6678
2779
6957
5304
4095
4263
2669
1012
4605
1301
4190
5315
1608
4932
6690
1836
875
2458
8239
3241
1581
274
8336
4524
6533
6470
2961
5214
3500
7212
5103
4552
1225
7826
1690
844
2120
4105
3445
6056
3780
5377
6535
499
1590
2892
2467
3096
7897
4893
3805
3800
3338
4885
1438
3434
5810
4703
7792
1030
7126
2231
3851
2815
1657
6276
5952
2775
5504
1104
5843
5179
8574
1125
5151
4563
3256
2521
7177
2009
1702
3860
6234
1805
3852
3401
7815
7055
4086
750
2440
8979
5449
8273
6114
5846
2770
8507
276
7147
7211
4706
6650
3871
6296
2654
2582
2983
2500
2236
5782
5419
6223
2897
5544
3216
968
2248
2622
5985
8853
6525
2442
4515
4865
7311
423
1331
3632
1363
3753
5971
5236
3880
7840
