item_recommendation
25737
8093
7872
8571
7541
8327
8117
7613
8447
7697
980
8360
8070
285
7560
7437
8183
8522
775
7914
8420
7669
7636
8253
7782
8225
8207
401
647
129
266
1003
1744
526
1513
48
8661
960
8477
626
8033
2686
1523
140
1816
8290
984
7478
7802
7234
1907
858
8743
7938
976
45
2227
1562
8859
8899
3232
8385
8761
733
535
8154
2062
498
5159
196
2659
7738
731
6195
1767
1777
5909
4941
2935
695
5264
232
5410
6728
407
969
6970
5515
5765
828
1507
741
888
2288
7753
2212
4262
745
472
8709
5597
5723
955
7186
6609
1437
4821
951
263
6365
3368
2300
4809
1288
1046
3377
1812
953
1771
6091
6579
6318
880
8003
4577
7809
3235
4550
8654
1111
6918
3587
1006
522
5611
2374
6826
205
966
3324
189
1187
6559
986
144
31
6073
4638
8879
8136
8376
8819
7282
6355
656
7649
2605
3210
8235
101
8499
2504
872
6000
8410
3281
964
718
8403
1472
2981
1120
5296
2780
4911
1145
4437
3127
8977
798
3188
8261
8961
7407
5980
1844
4658
2761
2769
479
3875
870
4366
1020
3996
724
6154
996
3292
5772
1696
2340
422
6390
7272
321
954
1059
1209
1580
5198
1721
8910
4600
970
5177
7881
6077
735
4079
4432
6211
2159
1024
8665
2427
885
3150
4761
8187
4246
4404
6630
485
2688
8633
7786
8670
6612
1525
5729
3213
742
1013
981
1535
5952
1021
2793
8056
1702
994
100
7299
793
1026
5556
7487
1739
2937
8684
4731
2415
5489
1624
5139
1099
720
4162
3417
1132
725
3081
869
5742
5839
1515
7789
2832
2442
8920
135
2779
5117
861
7263
1317
881
482
1352
6395
7293
912
3604
2494
659
7121
3028
3668
2687
1970
2248
8998
5134
3238
990
5815
7728
419
8604
5689
1225
8848
2668
3086
2660
1053
2617
4923
7245
1076
8596
1870
3816
8777
1639
1531
4639
3924
3928
7445
8840
7698
3263
7944
6932
7587
3707
8833
8462
1831
1060
2966
5825
1125
4895
3176
550
2154
7979
105
8589
1711
1476
7705
3854
6143
785
474
4740
916
5470
4284
8722
2186
8642
5936
2478
6314
840
1004
4830
638
1320
8268
4427
4251
2385
3307
2775
3428
1590
2496
1147
9001
4801
915
5
1042
7038
1552
1582
3869
3522
6404
6658
746
6178
2752
4873
1819
7619
2583
2866
2815
4273
1281
213
5226
4936
2843
8157
5498
4349
7976
2786
886
685
1783
1688
2829
8008
1012
3152
2798
4782
3133
5114
16
2647
7888
934
7748
8689
1367
6636
7817
4171
5008
5312
963
5787
5655
893
1017
9004
5269
5784
5926
2155
1030
6521
218
34
4076
7126
2581
1652
5888
6148
1852
7107
2243
2241
5202
2204
2398
1057
4391
7577
714
968
1196
6294
2982
965
6751
1028
3251
3351
207
3632
155
4645
6440
6624
8629
5473
2741
1997
6760
527
5038
3799
6568
5588
3608
5352
5810
2600
4795
962
4420
2231
4088
2407
2799
2038
1821
1608
2335
2506
219
7894
1504
2745
1497
3795
6493
492
5662
313
2730
5834
427
678
5193
991
7743
1636
6591
1707
423
28
1363
5033
2439
3420
844
3354
5254
848
957
1834
1959
1657
2318
719
7757
7415
4414
4945
4342
3211
3113
6977
6832
4380
6207
4584
268
2128
6902
1788
1184
7099
6798
5666
5365
1404
3584
8614
3714
461
7316
7394
998
5449
7792
162
5538
6446
4649
2327
5161
1581
3051
6774
3334
7260
4241
5398
2173
8699
1779
2892
2366
3256
183
2236
7204
866
5585
2772
4765
6260
3456
2633
4188
4191
2801
3702
2465
3160
4885
961
561
6892
6985
2976
6509
4337
314
2149
1346
6885
6243
7990
6803
6676
4417
3819
3751
2577
6121
4727
2860
2342
2676
4844
7878
1549
3805
3936
5021
7208
4625
7932
327
5433
3093
802
6744
1078
2399
2961
3489
4290
3140
4399
5182
4984
864
2975
276
7720
1715
439
1841
704
2766
2393
2596
2403
1759
161
1080
918
3068
99
167
510
1063
3005
1388
2074
2922
2715
2364
2215
1226
2789
2285
1186
3177
3134
1233
1616
3042
1204
3147
2082
2325
6703
4696
306
5707
5413
6116
6927
2284
7380
1101
3387
1453
4920
1730
8453
6748
2548
5801
7311
5291
1331
1095
499
523
1836
700
1810
1161
2468
2912
3804
637
2200
244
2986
5693
6348
5832
5186
5857
5443
5427
7211
337
1130
7831
6739
1517
1824
3388
1826
460
6322
2283
8772
1500
4865
1032
2897
3563
8044
5315
2347
405
7135
4515
7566
2669
89
5568
8009
1428
4811
7845
4292
6415
7584
6762
4692
8948
8950
5558
8526
2941
3492
4020
6370
6641
5900
7044
8908
3997
2383
1873
748
6840
5968
2689
1951
3370
3723
2078
2202
2770
1033
348
1135
6513
879
496
5853
4197
8484
2350
1479
5791
4316
3752
2753
2207
154
2835
4703
278
6880
2043
2507
47
1726
1444
2634
5752
328
2445
507
8492
6279
3843
15
8903
3575
1631
4634
3991
3976
4184
639
1293
4268
4291
3252
3960
3450
3547
4274
4338
5288
1218
380
1438
1330
5378
2516
6473
2418
3882
8591
5675
2609
1419
750
2621
7502
6535
8451
7444
2674
2039
1047
1085
3560
3066
274
5222
1929
6104
9012
2146
1197
171
2622
8273
2570
7171
1031
1114
4901
372
4511
8781
2546
2696
2441
3845
2956
6140
6498
2681
1689
95
2089
2394
5604
4263
2858
5850
1040
7759
4748
6436
2120
5715
2572
1750
2567
8580
2458
6777
7020
7484
2521
121
6835
7995
4033
1482
3693
6550
1193
5808
1295
1794
8636
1980
2195
387
111
29
8675
7340
3635
816
1641
6482
5768
5699
875
7254
3218
7096
7078
938
3157
3619
2693
3270
940
3626
4036
3565
688
2429
1131
4709
157
1502
839
726
2493
580
3071
1972
8482
8530
4524
3207
6686
7492
1008
1286
324
2004
721
531
1569
516
1104
