item_recommendation
25737
8093
7872
8327
7541
8571
8447
8117
7437
7613
7697
7914
7669
8253
8225
7560
8290
8360
7636
8070
8033
7478
8056
980
8183
8003
7649
8403
8385
8420
5159
7728
7782
7738
8477
7802
3368
5597
8154
3232
6365
8772
7407
5515
6896
7394
8522
8167
6826
1523
6748
7753
8235
6559
4414
8684
8661
8499
6355
7705
8998
285
1513
6760
6918
8207
7245
5968
5264
7293
7299
775
7938
6091
7186
695
8596
5723
4417
8670
6751
8743
8410
8819
5611
8899
5489
6579
3235
3281
8879
5008
5329
8589
5033
6728
7878
266
5410
960
8961
6178
5662
8654
5909
5980
2062
2374
3869
6609
472
2659
2212
1844
129
4121
526
6624
1352
321
1003
7234
6521
6568
7099
3871
6242
8761
6902
9018
8751
5117
4696
6260
7976
745
4795
2497
6154
969
4941
2288
6116
8709
8859
2769
5198
4391
48
5186
7263
2860
4584
1744
6207
7481
6073
3324
6892
5296
1907
8665
8636
955
1024
5765
8827
5715
4550
5742
8008
741
6195
5012
3854
7160
232
6318
733
3420
4873
1590
5815
8376
6970
7888
5936
4740
8136
4658
5288
3875
4821
5839
1046
5768
4731
6676
5971
45
5017
4761
6294
5675
647
4830
6143
6920
3604
6684
100
6840
3816
7204
953
1288
8482
4686
6718
858
3845
7932
8777
2340
8591
5853
8633
888
6550
9012
8039
731
6021
8580
8910
4782
2531
6636
5850
6493
8699
7786
6440
5021
7809
8807
6658
6743
7831
4765
5164
6535
7817
6835
4437
4076
984
1515
1187
1794
1870
6562
5655
6498
954
6803
840
7107
4316
5282
6739
7748
6121
966
7990
4920
6140
3996
5161
951
7484
4727
6513
6832
6132
3127
8507
5699
2780
881
7089
8268
986
6862
5312
4809
8187
5177
4079
990
8607
3113
4290
5568
5641
5080
970
7282
1336
5210
7254
8695
7619
2605
5693
5473
3402
3210
3804
1006
7096
3188
6591
7577
4420
8781
6957
6612
7034
1562
535
4427
7211
5588
8864
3799
976
1777
6000
3882
5433
5926
1812
2688
5275
263
3522
2300
8629
6436
1767
2609
4366
6686
4801
4577
7771
1816
7979
5729
3213
5965
7487
7171
6404
6148
7311
4605
1281
6547
1839
1639
5291
4262
724
7502
2227
8720
6630
7212
3632
6283
6650
8142
912
4923
2241
5203
6243
6400
2935
4706
6133
7208
8984
8524
4846
1771
1507
8491
3238
981
2496
8977
4984
6390
5752
6940
1047
4600
4432
8131
401
1057
7583
6383
5888
5193
6531
6530
3377
6331
5625
7272
522
1317
1013
6162
1053
5053
8768
5009
7050
7135
3417
7720
8927
735
7038
964
7995
1525
8511
4844
963
626
1437
8614
4987
4086
6774
6981
5836
7415
8943
7316
3194
2772
6279
1060
6464
994
7841
7228
1295
2647
5710
101
4016
4861
7822
6885
6375
5055
8542
2003
6314
4680
6234
4885
6977
8462
6944
4153
8640
7380
407
8854
5825
4228
3575
7757
4936
8848
6927
725
659
8044
5600
1367
6850
2912
6615
6703
8239
7189
5558
7078
5672
880
8157
7897
3759
3216
5940
1824
4638
8147
1580
5832
5801
6047
3157
7456
6757
5134
6077
6446
4051
7121
5585
3668
7840
5985
2513
3173
5923
3819
3086
6791
5285
6509
7195
6223
5365
7844
6185
7843
7355
7706
6617
6706
2038
8689
7826
6762
7789
5684
4401
6641
5398
4976
4404
3176
8920
5952
6942
8604
1021
8979
8745
1508
2154
2186
6966
4108
4162
189
8609
5440
5400
957
4101
3160
523
6662
6768
3388
4895
5857
6800
7419
3758
6724
4033
7051
5735
7346
3889
3489
2798
1624
2779
8228
9004
8638
5304
5038
31
6798
8903
3702
6056
2248
4188
3503
861
6887
4246
5378
7357
4639
3924
7445
7698
3263
3707
3928
1030
485
2799
2660
2976
5443
4251
1394
8833
7944
6932
7587
8840
2236
8453
961
1531
8009
2686
6348
5618
3199
7566
1012
6744
5732
5139
8642
2318
5226
5170
5518
8576
7016
2696
5689
8451
864
4980
1145
6422
5795
4840
6963
5696
8275
4349
6502
15
3611
8892
2473
7584
3997
6203
1004
7044
4020
4692
8526
8908
6370
4811
8948
6415
3492
8950
4292
7845
2941
5900
4263
3608
4645
3964
3379
915
996
6254
6777
3359
5462
7198
4649
965
2689
3284
3752
7881
3649
4833
1472
8574
1831
5243
1980
1209
6103
5323
6341
5666
2173
3587
7354
3307
1017
6880
1125
8366
5834
2956
8620
2829
5466
2415
3751
5363
4440
2937
6290
1581
4967
4171
8484
7818
4312
1131
5685
7919
5151
5046
6827
6035
2801
4477
7260
9001
7219
6584
2407
5236
5703
7130
5254
8808
6999
7892
3334
4255
5034
3508
3584
4929
5003
3357
5401
5670
7309
7235
4511
5917
4389
7947
8675
1819
7759
3795
4911
5734
2506
6782
9010
4450
5745
3656
5517
5678
5667
7791
5680
5577
5373
5686
7792
4552
8625
6695
6470
8921
8828
8838
8882
1617
8949
5056
5001
5214
1192
6985
2441
4270
7055
4524
2982
7713
7325
6856
5002
5826
5004
8835
3936
2347
4394
3218
3028
5700
8966
8955
4834
6426
2371
656
4081
7126
5548
2642
3207
5796
886
6536
474
5746
4104
4194
8610
6732
6754
6342
4677
4832
7063
3825
6105
8197
6060
6432
4889
8371
4241
2184
6645
865
8387
288
7012
2730
4135
7762
7017
5847
8582
4994
6851
6852
2640
7702
7153
5736
5690
5346
4045
1026
7090
892
998
550
8914
8813
4914
7958
7020
8785
8372
8123
3163
3957
3654
4300
8672
3499
3491
3497
5808
4878
1135
4095
8423
8872
8985
6516
5449
5572
4612
1438
885
328
3387
3714
2437
7894
5945
8130
8138
8158
737
1161
720
7095
2478
828
947
6261
8865
5114
3024
6084
5810
4428
1393
1739
3354
3268
4098
5498
2120
1631
870
2344
8530
7147
3560
34
3241
3096
3428
3251
4999
5413
1752
1042
2458
6571
5521
2442
6062
6286
8261
872
4632
454
4375
3456
3515
4105
8616
8404
3723
2687
5375
196
3093
