item_recommendation
25737
775
7697
7872
8327
7541
8117
8183
8093
731
8290
4550
8225
8403
5515
8772
5742
8571
1003
8596
5159
5186
7560
7437
6260
5662
1513
7613
6902
5768
6154
8447
9012
8499
8591
5675
5288
7878
5715
5853
8636
741
1515
5323
7669
5275
6073
8899
745
5723
7782
6121
1507
8360
7728
733
5282
8580
724
6091
976
4736
2769
735
968
4996
2513
980
5008
986
5710
8743
8720
5765
5752
5655
8033
8376
6513
5312
5597
5732
7171
5666
5363
8136
6178
869
2741
6751
1755
3875
750
6970
4440
1006
5198
8154
1739
6835
6918
4967
5466
746
4731
4740
1870
2428
626
864
2183
6684
743
8998
725
5729
4153
8142
6547
2654
3611
2798
4076
726
748
6493
5365
2473
4925
947
5672
401
2651
6286
6232
2993
1750
5691
6103
5410
7831
8003
4537
1317
1040
5572
7254
3851
6035
2546
1014
6760
5177
2991
6225
7478
3584
5735
2120
893
3489
2347
3495
2688
6676
5693
1008
5055
6355
4312
6047
1021
3500
4980
4976
3758
4450
4727
5699
5641
8524
8807
5243
6803
1624
7649
6718
762
5285
8882
7245
5443
6678
6294
5625
2184
6645
2956
4016
5170
5462
4095
6464
720
6375
865
1192
6404
4477
7346
7012
6985
2696
2686
8629
8768
7204
1057
8542
8699
5254
6706
4834
6768
6584
1617
6342
6341
4104
6963
8610
6498
8966
6331
6060
5940
7309
4889
5936
8640
8955
2640
8672
8777
6754
5056
7791
3284
5038
5826
7822
8785
5034
5796
5836
5839
5795
3936
7419
6800
4241
8848
5847
7771
3825
7357
7919
5815
8921
7947
5004
8138
6422
8371
6436
6432
8985
8197
7235
7153
8158
8872
8372
5373
7017
4300
8147
5746
8130
8123
8835
6851
5577
5002
5517
5003
8275
3334
8366
4929
6896
5401
6852
5400
8943
5398
5001
7078
4832
8828
3654
4994
5686
8423
5685
5690
3497
3957
5684
3499
5680
5678
6887
5696
5700
8410
5670
7702
7260
5689
3491
5667
6732
8607
6105
8949
7063
7198
4677
5736
8838
8582
5808
4428
5418
4795
3241
5968
4999
2983
2582
3096
6533
1508
2300
2764
5085
4105
786
875
2118
5167
1819
5668
2534
5218
4532
2481
2982
6827
4649
6408
3889
5139
8207
7636
4043
973
4765
3238
2440
5498
1822
2801
937
5203
766
4981
4923
2937
1010
964
960
3753
6084
1581
7938
2892
5834
6296
6774
833
4979
1501
4420
5291
998
2832
915
1777
1812
4878
3359
5053
2774
6368
5419
8859
1805
4903
1104
5553
3656
7502
719
2687
8638
2354
6671
5356
961
1030
5458
6530
3307
5051
5504
2772
1059
7234
4833
6025
1078
1147
4263
2659
695
8042
2186
3173
5611
2976
8253
5135
3759
4490
984
1053
2188
1831
5264
6730
5649
963
747
951
6314
1056
1500
802
892
1636
1004
2898
3194
4298
101
4366
3408
793
4963
990
7764
1020
938
2548
3452
1046
1032
969
2383
4680
2668
1084
6470
2441
3819
526
1690
5650
4941
1288
4801
2496
3445
3324
5319
728
1026
4316
1771
3188
4577
5343
4678
1735
4984
1876
6593
2385
3880
7208
5888
2690
7914
2669
765
6093
5518
5832
2487
5891
1688
1042
1060
1752
1497
5161
5375
1047
4584
3051
3093
1018
1037
788
885
2988
2938
8462
105
535
4437
2438
1525
1012
2134
5489
3377
4735
2090
3959
129
2689
1907
5960
2770
2912
6062
218
659
7888
1023
4821
5313
2573
753
4130
3816
1092
1762
5214
6753
8665
1523
1017
1429
888
6579
1187
1504
2521
3831
742
858
3095
2458
828
1036
931
1035
5241
2236
5304
2009
2572
8920
266
3368
1125
6826
2899
1909
3487
1437
1860
1518
2227
3456
2189
3388
7263
3649
609
1980
1580
3402
2399
785
1005
2407
759
2780
2500
6728
2482
7407
912
4401
48
3955
7894
1526
4732
2202
2416
3269
8420
1734
2673
1619
3140
1049
6450
4956
6630
3417
4247
5352
1152
4686
8661
6612
2594
7091
3256
5425
1517
879
8961
4600
8808
3211
1744
7786
2339
2248
5292
1301
4718
2829
981
5413
3232
3702
9001
1132
2107
1836
1367
2478
2342
4251
4326
7293
1733
2425
1626
5754
4895
5092
2355
5989
2799
4111
3751
5452
4132
4867
8781
1604
6509
4636
2876
7034
531
5009
1663
970
2605
189
4079
6207
205
2570
516
5377
988
5440
2411
4670
4520
955
7371
6950
2835
1627
4372
4101
4380
886
6744
8332
3113
767
2365
567
721
2078
2460
2415
8576
844
8840
8833
7944
4639
7587
4798
3235
992
4045
8387
3444
461
5646
1034
3948
6377
7411
3766
2650
4951
3125
2241
1753
113
934
1715
6947
4404
313
7352
1807
2520
7334
2146
2925
6383
4217
5777
5780
4618
5969
5278
6057
4700
6585
2524
7373
7125
7650
6188
6790
7323
1596
5857
5041
5042
6037
6447
5404
3915
5528
3877
4501
3873
5063
5367
6611
6548
6474
7272
4480
1756
7285
6864
4873
3928
3924
7445
3263
6932
7698
3707
656
647
4171
3984
2660
76
5745
6234
4800
8642
5585
274
2471
7379
2815
4414
2465
5021
6114
994
7186
474
1041
5384
3127
962
2046
8689
1991
2418
5193
155
1635
4782
1631
16
4654
2653
5346
1472
3575
6243
2647
4936
4968
232
3668
9004
485
2278
1951
3714
1438
2360
2102
3343
3692
3891
1061
3155
3682
700
8070
5810
1382
5449
3522
4960
4830
3821
8268
2981
3142
900
5604
5117
965
2077
8709
2398
2288
7881
4462
7126
1395
5208
5000
3251
1928
3160
2735
783
2617
4914
4447
3338
2368
6609
1394
3965
327
1852
7180
2159
171
3218
1148
3358
6797
1225
2082
2394
7802
1173
1019
3795
2490
4893
4337
1816
2730
2621
3969
6596
6598
5644
4645
6390
2935
2295
1901
2470
4158
1863
4474
2331
2335
870
1668
7394
8451
1608
1331
8865
936
4625
764
7792
756
3081
5447
4859
816
1479
1064
2827
4792
956
4432
1625
1363
3152
1556
755
419
