item_recommendation
25737
7872
8327
8571
7541
8117
7697
8093
7802
7914
7613
8253
8207
8477
8447
8225
8056
8033
7976
8360
7669
8070
7478
7649
8183
7437
8684
8290
7560
6365
9018
8167
8420
5980
7932
5765
8261
7228
8235
8522
5662
6178
7995
7245
8039
7738
7282
6195
3232
8385
7394
5427
6154
8892
7492
8187
6073
7577
6211
8403
7407
8003
8743
7636
8675
4600
8772
7809
6559
6140
8511
8827
6493
5825
5772
7728
6395
8903
5193
8596
6579
8451
7840
5159
4973
5433
8943
8482
4920
3587
8819
8751
5515
5146
7782
6850
7502
3060
8607
8848
8807
5556
8499
7272
5808
8998
7826
5784
8709
5134
5269
4911
6658
6609
8542
5254
5597
5410
8491
6355
4121
6918
6636
6132
5689
5470
4088
4584
7340
8616
3235
3368
8722
7160
4945
8157
4846
3643
8273
7121
6077
5018
5177
4873
6703
7881
5729
4709
7789
6148
6970
7820
8629
8600
4809
1580
3653
3292
8014
8665
7892
6446
7250
7979
7762
8853
8695
4716
2704
8927
3816
4552
7444
6390
5742
4139
5413
6383
3377
7293
5101
5791
626
8813
7192
5264
8121
7720
7177
8336
6624
6031
7713
5033
8670
5312
7099
8589
6957
8484
8604
7456
2686
8795
8524
8979
8154
7958
8761
7130
7897
8625
5038
6484
8636
5909
6408
5850
1870
8410
4229
5538
4194
7815
2605
3334
5617
7139
6091
7458
3459
8745
6051
8633
2159
5787
6547
6502
8718
4366
7934
4246
3038
7812
5046
6378
8915
3266
4688
4848
4090
8654
2676
7334
8254
3434
5198
7016
8531
4290
7899
7260
6476
8008
8699
5348
5114
5117
3515
8057
7150
3467
7142
7136
7585
8866
3936
5398
5666
4941
5139
3698
3163
7878
3868
6279
8661
4241
8617
7753
7115
8507
3250
4782
1111
6021
6404
2144
5603
7299
5723
8650
8810
401
5438
1408
7161
5521
5182
5942
5108
6650
7020
3780
7204
6473
6906
6525
7101
6826
4555
8777
7073
7831
4491
7743
4039
4369
3608
6927
4414
8871
6806
3216
6294
6162
753
6690
775
8228
3489
4051
4748
4865
8879
5202
6273
5443
8194
5553
5846
4166
6840
4273
1513
2062
3224
7325
6684
8019
6482
1317
7186
5404
4818
6458
6902
6000
5843
5125
2300
5012
4002
8957
6862
3310
1777
5179
8142
5544
6422
980
6591
4284
5682
6954
7787
3404
3819
5395
6276
1003
4108
3247
7817
984
1529
6237
5707
6721
6718
3370
4761
6695
6793
3066
6047
5655
7354
4420
7757
798
4932
4960
4619
6155
921
4745
5718
7771
8544
1816
3983
6260
5715
5581
1788
3646
7705
4146
1744
1076
6436
8864
5151
5926
5777
1466
5628
2560
7888
8914
1575
7123
8808
2448
647
6977
7564
4749
5366
4767
4964
3660
4178
4703
6037
5995
3673
4464
1610
4459
5994
5505
7199
4465
3664
7117
6387
5506
8611
6936
3835
3695
6332
3326
4175
3771
4381
6323
6468
5066
4140
3788
5315
6238
7083
5450
5300
5299
8363
8584
2697
3476
6250
6228
5841
5428
2073
7487
7990
3677
410
8730
1507
4854
4658
3425
3281
1320
7766
5081
1476
1739
5025
6416
6856
2935
4815
3398
3470
3552
6571
3264
6400
4181
4482
3897
3618
5283
8528
8196
5231
4975
5792
3992
5255
5111
2106
4018
8970
5705
3943
3661
5694
3879
919
5057
3679
920
4403
5417
4577
4475
1769
1721
2828
4411
3546
6101
1804
3564
2966
4587
2883
3276
3190
2761
3081
2306
2618
135
1444
4947
6022
5304
5754
4570
6595
1378
4310
4921
1268
2884
6442
5069
5296
5186
3213
5010
582
5489
6143
1907
2236
2350
8954
4769
6669
3051
3807
3981
4602
4989
6426
6281
8341
6706
2594
6464
5352
2523
3483
6503
1472
8899
3140
5288
6961
7263
670
6748
3408
6203
300
4971
1523
6751
7822
7759
960
2708
1852
6322
6166
4278
685
3927
8580
3320
1767
5013
8689
4970
6944
3349
3219
6768
2212
2227
2912
251
6318
2207
5421
1569
7110
7348
2507
7303
6431
2528
188
1145
3843
3185
4383
2486
2696
2824
4226
2826
3324
2180
5936
1147
7459
6877
7234
3420
2939
1562
8376
3768
1077
4515
5291
2647
3538
8724
6513
4710
1950
6568
1713
2769
6974
3194
976
1864
6884
6743
1702
7386
2806
5839
7619
5611
3221
5853
4210
3545
2782
6803
7748
8136
5141
8961
5065
7323
7415
3173
6999
4321
4696
3401
6993
5534
2631
1479
8790
5699
5747
4626
7171
4535
4437
3786
4857
5498
5008
6735
3169
6419
3201
8239
7107
2038
6121
2786
4878
4386
5387
5932
5210
5815
3763
6760
8711
4302
8823
1212
4972
5027
8392
6107
159
2059
2063
7096
4821
3309
5224
4660
7583
6800
2371
3421
8859
4188
7206
879
3110
4000
3602
4765
1404
5968
1686
8977
2936
2516
431
2699
4135
6728
6114
1046
3963
4987
4885
4830
6835
5888
3773
7238
6414
5459
4731
6676
5899
3511
7265
6244
5308
1129
6429
183
2726
4771
5464
4177
6620
2997
4638
4914
2032
2072
7773
2305
8910
7008
4081
6159
4055
3665
4632
1862
1696
5164
4901
2214
3174
6662
4666
2219
6816
6521
3412
824
5103
6509
2815
7055
5473
3996
5329
1211
3028
6533
4432
3354
2563
899
5675
5768
8591
3900
6032
299
1785
6242
2094
5633
1973
5684
3379
1783
3718
954
7481
1844
8263
4142
2754
3210
955
4262
5866
5693
7919
8147
7484
3284
7569
2337
6550
735
2167
2459
4031
2253
1970
285
5161
2961
8044
7833
9012
6412
2752
3427
2427
7040
3253
733
179
7786
464
6564
7135
5568
6498
3000
6423
1839
948
845
4394
3474
7254
8727
1453
1699
4316
5864
3494
8537
2633
678
3857
3913
718
724
7926
6995
2504
6930
4190
2571
4355
2231
2668
1370
7219
3604
2511
6686
5564
3882
4795
2625
2310
3875
5294
6348
5434
4550
7379
5333
737
3197
8838
5059
656
3871
2929
5339
7038
6454
6832
3668
6958
7327
1549
6898
8487
6440
5121
8781
5569
971
6646
1310
7938
4396
1120
129
1794
3908
