item_recommendation
25737
7872
8327
8093
8117
7541
775
8571
7697
8183
8290
1513
8225
8447
741
7437
5515
980
7560
8360
7669
7613
8403
731
8772
1003
5159
7914
8033
1515
8499
5742
6154
5186
8596
3235
7782
733
8253
5662
6260
1523
6091
1507
6073
8207
8636
7728
7478
6902
7878
8899
5715
5008
626
1870
5853
5288
8591
5768
5765
2769
5675
735
5410
9012
8070
5312
4795
5198
4550
745
724
2686
5723
7649
4740
5597
986
976
6178
7802
1777
8743
6355
401
1812
6970
4731
8420
4316
858
984
8580
8003
1288
8477
3466
8998
5282
4440
1057
2605
1739
7245
1053
960
7636
8154
1907
8410
4584
1006
4076
1317
2798
5729
4649
1046
5275
2688
8376
961
6918
2546
8136
2300
2937
1744
285
969
888
5177
3232
3875
990
526
869
3368
3324
8720
1580
2668
6751
535
4366
5053
725
1816
748
8056
2227
5936
1819
695
1831
8607
5161
4414
3816
864
4600
2982
947
6718
893
5839
8807
8629
1901
3194
2976
8524
4830
5689
6121
5968
5038
3604
885
4016
3489
1624
5323
2772
951
5655
5672
746
8943
3238
266
5815
2082
786
2659
3408
4727
1021
8848
2288
4941
968
2186
6547
5055
3759
8235
5666
8777
7938
2912
2183
963
6835
875
5641
8684
6493
964
4420
3334
2120
720
1327
4765
8522
1771
6760
1508
5398
1004
2513
915
2696
3173
2687
6294
5710
5254
4976
1750
4101
6404
7260
6579
129
4241
3936
6676
1030
5980
8699
743
6436
6422
2496
8859
719
6498
3758
8542
6047
2347
5443
955
5752
5735
1078
2689
6513
5611
2780
3575
1104
2956
1192
2801
5834
4680
7171
1042
7254
8661
647
2473
7831
6706
1147
4401
6896
8142
5033
2829
6103
3359
4246
5365
5732
4696
7293
2154
3500
2983
2582
3889
5139
8768
1951
48
1187
5625
3377
1047
6684
828
2534
2741
1852
1026
892
474
2385
4923
6365
7078
1060
5699
4801
5572
3284
6408
6225
4312
4153
6768
1394
750
101
4577
4290
7771
6803
472
6530
3086
5363
4980
4833
2440
5808
2832
3188
3051
7346
8275
5243
3388
5836
5466
5940
6331
1020
6464
5400
6774
3854
2441
5170
3522
6375
5696
3656
7822
2118
8819
8147
9018
7234
8167
8640
4477
4263
8366
981
5684
3402
6963
2521
6341
2383
6800
4450
5795
5285
2651
7419
1688
7357
4782
938
7919
5401
5685
7235
7309
7198
5670
4095
6432
6732
8371
5847
6754
8610
6105
6887
5826
5746
6060
7063
8197
4104
8882
5693
1525
5736
7204
3611
1472
5203
6035
8921
5003
8828
5056
4929
8949
5034
5678
5667
5373
5517
7947
7791
5680
5686
5577
7702
2640
798
8838
4873
3499
3497
4300
3957
3654
8672
8123
8785
3825
6852
6342
8582
8372
4994
4832
6851
4889
5796
5690
7017
6584
5700
5002
4677
7153
2892
3584
6645
2184
5462
8966
8955
865
4658
5004
5001
8985
8872
5346
232
3491
8423
8158
8130
6728
7012
5193
5291
3649
2504
4428
1037
8835
1617
742
4262
4834
3096
8138
105
1059
4105
3357
4999
3241
1562
3702
2212
4638
7208
1008
1497
6826
988
2786
3081
5909
8709
6827
879
6286
1627
1909
7228
998
4532
1660
8261
2548
4987
2770
953
832
833
6533
4349
1501
1132
3417
4878
1767
4645
886
1017
1822
2761
3996
5085
6195
4079
7394
2654
4861
2481
3210
2669
5304
2815
5218
970
1363
6232
5264
1696
205
6470
3456
3753
5117
2993
1040
2415
3751
2334
2572
1014
870
7932
3358
2241
4228
973
3125
5489
218
8451
2570
3851
3819
1980
3338
1125
2342
8665
2465
6296
802
8638
7995
5518
994
3880
785
2090
1836
2407
5375
3495
2248
2966
6985
3646
726
937
1631
6242
659
1289
1581
4337
2009
2774
1805
912
4979
3113
4821
8385
4967
1639
3292
2573
1518
1010
7888
1346
2340
2764
4437
934
1844
2062
4051
1012
7186
747
1032
322
1161
8462
4963
5356
3445
2494
954
1209
6678
2639
1582
5504
2699
189
880
4984
2793
2796
3843
1839
4033
1013
1783
7407
2827
2188
3871
2399
2880
3452
2647
2935
8761
5419
113
3892
3159
929
4888
3262
4643
5199
3784
4399
7738
1111
1876
3155
6243
1437
6450
4380
1056
6368
7976
1500
1018
656
4284
1145
2159
1873
1331
1608
7263
4273
2134
1834
1826
327
1517
4045
7753
2428
2799
7764
2497
1690
5745
2478
4945
4511
8920
896
8187
3307
4111
7282
8654
8589
4625
3211
1636
6234
8961
1429
3852
527
3587
3218
1657
2500
2458
5135
1352
4718
7881
6132
5296
4342
6062
6314
4996
7786
1367
8808
2427
718
461
2374
4432
4404
2146
5772
4809
4981
2236
5418
6568
4298
4121
872
516
4251
6211
3354
1526
788
485
6630
3608
2642
8042
3160
881
1794
753
996
1084
550
4490
4735
2046
3682
1061
2102
3343
3891
3692
4326
900
1504
4920
4319
1024
8781
3801
4417
5352
3430
2835
1721
4911
2231
5009
3140
2487
2730
4895
2398
2938
1652
2981
2600
8039
5182
5832
7492
3199
2517
2766
8675
1556
3150
1860
4247
4563
8879
2493
1959
5134
4903
3093
6140
816
7272
4191
3127
2985
3869
8576
2439
5498
8157
2202
8482
916
840
2792
6093
2155
1063
3563
8695
4691
1301
3668
423
3281
5413
4642
8268
7577
2197
1788
5080
1428
6612
4686
2371
762
2866
1479
793
1041
1735
3024
6390
966
313
2438
161
1233
306
2609
162
3005
3134
1186
918
2922
1759
3177
1204
3147
2789
3068
3042
167
1226
1997
2339
4933
2352
9001
4936
2318
5114
1135
321
213
2325
4462
7894
8903
8670
5888
6609
2467
1730
2295
965
5377
2596
2327
2283
45
4925
1726
3626
4171
2364
1841
1036
5433
16
704
99
2715
1080
2285
510
2074
1616
1388
2215
2403
2393
2633
4447
1031
6077
931
4803
5926
6395
6832
6440
5167
2681
1973
4427
2567
1184
3831
3766
3428
3723
2721
